532,District-Adilabad,Total,5-19,215827,102192,113635,46547,25967,20580,14417,7078,7339,2606,1242,1364,36710,13664,23046,24539,10834,13705,9249,3611,5638,1490,566,924,80269,39230,41039
532,District-Adilabad,Total,5,29854,15357,14497,73,46,27,27,15,12,5,2,3,512,267,245,478,244,234,251,117,134,44,17,27,28464,14649,13815
532,District-Adilabad,Total,6,19316,10018,9298,66,43,23,17,13,4,0,0,0,597,310,287,298,162,136,197,100,97,27,15,12,18114,9375,8739
532,District-Adilabad,Total,7,8528,4382,4146,120,84,36,30,17,13,9,6,3,796,417,379,259,145,114,130,71,59,14,6,8,7170,3636,3534
532,District-Adilabad,Total,8,5041,2460,2581,126,71,55,43,23,20,6,2,4,764,368,396,250,127,123,138,57,81,15,5,10,3699,1807,1892
532,District-Adilabad,Total,9,4431,2151,2280,135,84,51,62,28,34,8,1,7,793,396,397,298,138,160,178,84,94,41,17,24,2916,1403,1513
532,District-Adilabad,Total,10,6483,3133,3350,286,165,121,126,62,64,26,11,15,1226,597,629,590,290,300,281,123,158,42,20,22,3906,1865,2041
532,District-Adilabad,Total,11,5577,2653,2924,565,304,261,175,83,92,49,22,27,1349,621,728,665,301,364,302,141,161,57,31,26,2415,1150,1265
532,District-Adilabad,Total,12,7977,3642,4335,1253,666,587,494,218,276,128,54,74,1882,852,1030,1231,545,686,495,197,298,85,27,58,2409,1083,1326
532,District-Adilabad,Total,13,7808,3602,4206,1692,911,781,630,302,328,135,61,74,1946,869,1077,1205,544,661,478,196,282,94,31,63,1628,688,940
532,District-Adilabad,Total,14,11298,5225,6073,2904,1551,1353,1065,507,558,198,97,101,2600,1074,1526,1862,886,976,710,305,405,140,51,89,1819,754,1065
532,District-Adilabad,Total,15,16169,7588,8581,4884,2645,2239,1661,796,865,323,144,179,3425,1387,2038,2828,1345,1483,1026,431,595,180,75,105,1842,765,1077
532,District-Adilabad,Total,16,18211,8359,9852,6176,3390,2786,2015,963,1052,410,186,224,4113,1496,2617,2863,1289,1574,989,392,597,168,60,108,1477,583,894
532,District-Adilabad,Total,17,18530,8730,9800,6792,3888,2904,2086,1047,1039,377,201,176,4149,1453,2696,2711,1225,1486,1008,395,613,159,66,93,1248,455,793
532,District-Adilabad,Total,18,30849,13713,17136,11831,6667,5164,3305,1638,1667,525,250,275,6611,1952,4659,4941,2031,2910,1689,548,1141,225,77,148,1722,550,1172
532,District-Adilabad,Total,19,25755,11179,14576,9644,5452,4192,2681,1366,1315,407,205,202,5947,1605,4342,4060,1562,2498,1377,454,923,199,68,131,1440,467,973
532,District-Adilabad,Rural,5-19,174932,81869,93063,40852,21734,19118,12847,6143,6704,2316,1051,1265,23890,9220,14670,22661,9672,12989,8503,3218,5285,1371,502,869,62492,30329,32163
532,District-Adilabad,Rural,5,23387,12009,11378,47,29,18,21,11,10,4,1,3,367,195,172,411,213,198,195,92,103,37,14,23,22305,11454,10851
532,District-Adilabad,Rural,6,14672,7553,7119,53,33,20,13,10,3,0,0,0,449,241,208,259,141,118,146,74,72,26,14,12,13726,7040,6686
532,District-Adilabad,Rural,7,6599,3368,3231,91,57,34,24,13,11,9,6,3,566,292,274,229,128,101,113,63,50,13,5,8,5554,2804,2750
532,District-Adilabad,Rural,8,4137,2009,2128,105,57,48,31,16,15,6,2,4,532,259,273,237,118,119,129,53,76,14,5,9,3083,1499,1584
532,District-Adilabad,Rural,9,3563,1690,1873,105,62,43,60,27,33,7,1,6,552,269,283,274,124,150,158,74,84,40,17,23,2367,1116,1251
532,District-Adilabad,Rural,10,5317,2533,2784,254,139,115,115,55,60,26,11,15,901,440,461,558,271,287,260,111,149,39,17,22,3164,1489,1675
532,District-Adilabad,Rural,11,4533,2117,2416,497,259,238,157,73,84,44,17,27,960,441,519,622,277,345,274,128,146,51,27,24,1928,895,1033
532,District-Adilabad,Rural,12,6822,3016,3806,1120,572,548,456,201,255,118,50,68,1424,629,795,1161,497,664,462,181,281,84,27,57,1997,859,1138
532,District-Adilabad,Rural,13,6661,3014,3647,1496,769,727,592,279,313,124,55,69,1451,649,802,1138,498,640,447,181,266,87,27,60,1326,556,770
532,District-Adilabad,Rural,14,9653,4361,5292,2622,1332,1290,972,447,525,179,84,95,1892,780,1112,1740,802,938,667,279,388,131,45,86,1450,592,858
532,District-Adilabad,Rural,15,13743,6340,7403,4397,2271,2126,1527,718,809,297,128,169,2368,982,1386,2622,1209,1413,955,393,562,162,65,97,1415,574,841
532,District-Adilabad,Rural,16,15350,6922,8428,5515,2907,2608,1838,851,987,366,156,210,2776,1024,1752,2648,1146,1502,925,352,573,159,59,100,1123,427,696
532,District-Adilabad,Rural,17,15064,7005,8059,5918,3236,2682,1838,903,935,333,173,160,2543,895,1648,2461,1066,1395,942,353,589,143,57,86,886,322,564
532,District-Adilabad,Rural,18,25276,11172,14104,10374,5593,4781,2906,1395,1511,458,204,254,3987,1254,2733,4554,1784,2770,1568,490,1078,204,65,139,1225,387,838
532,District-Adilabad,Rural,19,20155,8760,11395,8258,4418,3840,2297,1144,1153,345,163,182,3122,870,2252,3747,1398,2349,1262,394,868,181,58,123,943,315,628
532,District-Adilabad,Urban,5-19,40895,20323,20572,5695,4233,1462,1570,935,635,290,191,99,12820,4444,8376,1878,1162,716,746,393,353,119,64,55,17777,8901,8876
532,District-Adilabad,Urban,5,6467,3348,3119,26,17,9,6,4,2,1,1,0,145,72,73,67,31,36,56,25,31,7,3,4,6159,3195,2964
532,District-Adilabad,Urban,6,4644,2465,2179,13,10,3,4,3,1,0,0,0,148,69,79,39,21,18,51,26,25,1,1,0,4388,2335,2053
532,District-Adilabad,Urban,7,1929,1014,915,29,27,2,6,4,2,0,0,0,230,125,105,30,17,13,17,8,9,1,1,0,1616,832,784
532,District-Adilabad,Urban,8,904,451,453,21,14,7,12,7,5,0,0,0,232,109,123,13,9,4,9,4,5,1,0,1,616,308,308
532,District-Adilabad,Urban,9,868,461,407,30,22,8,2,1,1,1,0,1,241,127,114,24,14,10,20,10,10,1,0,1,549,287,262
532,District-Adilabad,Urban,10,1166,600,566,32,26,6,11,7,4,0,0,0,325,157,168,32,19,13,21,12,9,3,3,0,742,376,366
532,District-Adilabad,Urban,11,1044,536,508,68,45,23,18,10,8,5,5,0,389,180,209,43,24,19,28,13,15,6,4,2,487,255,232
532,District-Adilabad,Urban,12,1155,626,529,133,94,39,38,17,21,10,4,6,458,223,235,70,48,22,33,16,17,1,0,1,412,224,188
532,District-Adilabad,Urban,13,1147,588,559,196,142,54,38,23,15,11,6,5,495,220,275,67,46,21,31,15,16,7,4,3,302,132,170
532,District-Adilabad,Urban,14,1645,864,781,282,219,63,93,60,33,19,13,6,708,294,414,122,84,38,43,26,17,9,6,3,369,162,207
532,District-Adilabad,Urban,15,2426,1248,1178,487,374,113,134,78,56,26,16,10,1057,405,652,206,136,70,71,38,33,18,10,8,427,191,236
532,District-Adilabad,Urban,16,2861,1437,1424,661,483,178,177,112,65,44,30,14,1337,472,865,215,143,72,64,40,24,9,1,8,354,156,198
532,District-Adilabad,Urban,17,3466,1725,1741,874,652,222,248,144,104,44,28,16,1606,558,1048,250,159,91,66,42,24,16,9,7,362,133,229
532,District-Adilabad,Urban,18,5573,2541,3032,1457,1074,383,399,243,156,67,46,21,2624,698,1926,387,247,140,121,58,63,21,12,9,497,163,334
532,District-Adilabad,Urban,19,5600,2419,3181,1386,1034,352,384,222,162,62,42,20,2825,735,2090,313,164,149,115,60,55,18,10,8,497,152,345
533,District-Nizamabad,Total,5-19,167721,77711,90010,37909,19940,17969,8459,4238,4221,1822,864,958,28852,10008,18844,16696,7137,9559,4955,2044,2911,1026,402,624,68002,33078,34924
533,District-Nizamabad,Total,5,25968,13431,12537,55,38,17,16,7,9,1,0,1,360,172,188,323,172,151,172,86,86,25,8,17,25016,12948,12068
533,District-Nizamabad,Total,6,17786,9092,8694,35,24,11,11,5,6,0,0,0,469,246,223,248,111,137,129,68,61,17,11,6,16877,8627,8250
533,District-Nizamabad,Total,7,7150,3557,3593,99,61,38,22,11,11,2,1,1,633,320,313,151,74,77,71,28,43,10,2,8,6162,3060,3102
533,District-Nizamabad,Total,8,4307,2066,2241,111,59,52,29,13,16,7,4,3,652,316,336,154,68,86,69,27,42,18,9,9,3267,1570,1697
533,District-Nizamabad,Total,9,3157,1474,1683,108,62,46,34,14,20,9,5,4,702,336,366,138,64,74,64,22,42,19,8,11,2083,963,1120
533,District-Nizamabad,Total,10,4635,2158,2477,189,108,81,51,28,23,11,2,9,908,440,468,325,135,190,133,61,72,30,11,19,2988,1373,1615
533,District-Nizamabad,Total,11,3653,1651,2002,398,226,172,77,31,46,20,7,13,943,411,532,417,192,225,132,67,65,36,12,24,1630,705,925
533,District-Nizamabad,Total,12,5187,2334,2853,800,457,343,198,91,107,53,21,32,1374,572,802,764,338,426,249,114,135,51,19,32,1698,722,976
533,District-Nizamabad,Total,13,5064,2251,2813,1017,548,469,292,148,144,88,41,47,1525,619,906,685,302,383,200,80,120,50,17,33,1207,496,711
533,District-Nizamabad,Total,14,7084,3171,3913,1800,969,831,532,250,282,98,45,53,1900,739,1161,1084,487,597,332,132,200,71,26,45,1267,523,744
533,District-Nizamabad,Total,15,10696,5034,5662,3247,1807,1440,848,440,408,195,90,105,2642,992,1650,1818,889,929,486,229,257,121,61,60,1339,526,813
533,District-Nizamabad,Total,16,12086,5588,6498,4255,2304,1951,1074,550,524,252,125,127,2991,1016,1975,1720,835,885,554,257,297,122,47,75,1118,454,664
533,District-Nizamabad,Total,17,13559,6182,7377,5484,2958,2526,1224,649,575,271,138,133,3345,1028,2317,1762,793,969,459,203,256,112,53,59,902,360,542
533,District-Nizamabad,Total,18,25489,10689,14800,10754,5508,5246,2238,1111,1127,426,194,232,5658,1502,4156,3782,1483,2299,1077,392,685,183,63,120,1371,436,935
533,District-Nizamabad,Total,19,21900,9033,12867,9557,4811,4746,1813,890,923,389,191,198,4750,1299,3451,3325,1194,2131,828,278,550,161,55,106,1077,315,762
533,District-Nizamabad,Rural,5-19,133469,60984,72485,32674,16321,16353,7179,3461,3718,1522,666,856,18864,6639,12225,14845,5993,8852,4251,1656,2595,915,345,570,53219,25903,27316
533,District-Nizamabad,Rural,5,20572,10710,9862,38,23,15,9,2,7,1,0,1,255,121,134,247,130,117,114,57,57,18,5,13,19890,10372,9518
533,District-Nizamabad,Rural,6,13967,7132,6835,30,20,10,5,2,3,0,0,0,342,182,160,207,92,115,86,52,34,15,11,4,13282,6773,6509
533,District-Nizamabad,Rural,7,5673,2786,2887,71,39,32,11,6,5,2,1,1,455,224,231,123,61,62,57,22,35,5,0,5,4949,2433,2516
533,District-Nizamabad,Rural,8,3440,1651,1789,82,41,41,20,10,10,7,4,3,470,231,239,128,55,73,60,21,39,16,7,9,2657,1282,1375
533,District-Nizamabad,Rural,9,2410,1115,1295,81,44,37,22,10,12,9,5,4,477,230,247,120,53,67,55,18,37,15,7,8,1631,748,883
533,District-Nizamabad,Rural,10,3600,1643,1957,150,80,70,41,22,19,9,0,9,605,299,306,293,124,169,114,51,63,28,10,18,2360,1057,1303
533,District-Nizamabad,Rural,11,2814,1235,1579,329,183,146,64,24,40,16,4,12,644,277,367,372,168,204,107,52,55,31,10,21,1251,517,734
533,District-Nizamabad,Rural,12,4139,1795,2344,657,354,303,172,75,97,46,17,29,971,396,575,684,289,395,227,97,130,49,18,31,1333,549,784
533,District-Nizamabad,Rural,13,3954,1683,2271,847,424,423,246,117,129,75,32,43,1034,415,619,620,262,358,174,63,111,46,15,31,912,355,557
533,District-Nizamabad,Rural,14,5655,2442,3213,1524,764,760,478,216,262,84,36,48,1262,484,778,979,416,563,294,113,181,62,22,40,972,391,581
533,District-Nizamabad,Rural,15,8444,3858,4586,2727,1438,1289,713,354,359,169,72,97,1714,633,1081,1601,743,858,420,189,231,111,56,55,989,373,616
533,District-Nizamabad,Rural,16,9779,4427,5352,3715,1925,1790,920,450,470,221,105,116,2025,672,1353,1519,700,819,487,214,273,107,38,69,785,323,462
533,District-Nizamabad,Rural,17,10712,4682,6030,4698,2383,2315,1010,504,506,219,100,119,2180,648,1532,1524,621,903,387,153,234,94,42,52,600,231,369
533,District-Nizamabad,Rural,18,20793,8634,12159,9445,4616,4829,1940,942,998,349,145,204,3582,999,2583,3422,1260,2162,958,326,632,169,54,115,928,292,636
533,District-Nizamabad,Rural,19,17517,7191,10326,8280,3987,4293,1528,727,801,315,145,170,2848,828,2020,3006,1019,1987,711,228,483,149,50,99,680,207,473
533,District-Nizamabad,Urban,5-19,34252,16727,17525,5235,3619,1616,1280,777,503,300,198,102,9988,3369,6619,1851,1144,707,704,388,316,111,57,54,14783,7175,7608
533,District-Nizamabad,Urban,5,5396,2721,2675,17,15,2,7,5,2,0,0,0,105,51,54,76,42,34,58,29,29,7,3,4,5126,2576,2550
533,District-Nizamabad,Urban,6,3819,1960,1859,5,4,1,6,3,3,0,0,0,127,64,63,41,19,22,43,16,27,2,0,2,3595,1854,1741
533,District-Nizamabad,Urban,7,1477,771,706,28,22,6,11,5,6,0,0,0,178,96,82,28,13,15,14,6,8,5,2,3,1213,627,586
533,District-Nizamabad,Urban,8,867,415,452,29,18,11,9,3,6,0,0,0,182,85,97,26,13,13,9,6,3,2,2,0,610,288,322
533,District-Nizamabad,Urban,9,747,359,388,27,18,9,12,4,8,0,0,0,225,106,119,18,11,7,9,4,5,4,1,3,452,215,237
533,District-Nizamabad,Urban,10,1035,515,520,39,28,11,10,6,4,2,2,0,303,141,162,32,11,21,19,10,9,2,1,1,628,316,312
533,District-Nizamabad,Urban,11,839,416,423,69,43,26,13,7,6,4,3,1,299,134,165,45,24,21,25,15,10,5,2,3,379,188,191
533,District-Nizamabad,Urban,12,1048,539,509,143,103,40,26,16,10,7,4,3,403,176,227,80,49,31,22,17,5,2,1,1,365,173,192
533,District-Nizamabad,Urban,13,1110,568,542,170,124,46,46,31,15,13,9,4,491,204,287,65,40,25,26,17,9,4,2,2,295,141,154
533,District-Nizamabad,Urban,14,1429,729,700,276,205,71,54,34,20,14,9,5,638,255,383,105,71,34,38,19,19,9,4,5,295,132,163
533,District-Nizamabad,Urban,15,2252,1176,1076,520,369,151,135,86,49,26,18,8,928,359,569,217,146,71,66,40,26,10,5,5,350,153,197
533,District-Nizamabad,Urban,16,2307,1161,1146,540,379,161,154,100,54,31,20,11,966,344,622,201,135,66,67,43,24,15,9,6,333,131,202
533,District-Nizamabad,Urban,17,2847,1500,1347,786,575,211,214,145,69,52,38,14,1165,380,785,238,172,66,72,50,22,18,11,7,302,129,173
533,District-Nizamabad,Urban,18,4696,2055,2641,1309,892,417,298,169,129,77,49,28,2076,503,1573,360,223,137,119,66,53,14,9,5,443,144,299
533,District-Nizamabad,Urban,19,4383,1842,2541,1277,824,453,285,163,122,74,46,28,1902,471,1431,319,175,144,117,50,67,12,5,7,397,108,289
534,District-Karimnagar,Total,5-19,175786,82677,93109,49921,25085,24836,11424,4922,6502,2075,944,1131,32055,12115,19940,9553,3932,5621,2568,896,1672,408,161,247,67782,34622,33160
534,District-Karimnagar,Total,5,28478,14741,13737,82,50,32,17,6,11,1,1,0,384,206,178,271,138,133,152,74,78,15,7,8,27556,14259,13297
534,District-Karimnagar,Total,6,19566,10297,9269,53,31,22,10,5,5,4,3,1,460,232,228,142,73,69,101,44,57,9,5,4,18787,9904,8883
534,District-Karimnagar,Total,7,6491,3477,3014,76,46,30,17,7,10,4,2,2,549,274,275,86,49,37,39,16,23,7,5,2,5713,3078,2635
534,District-Karimnagar,Total,8,3042,1575,1467,79,39,40,18,6,12,3,2,1,517,255,262,70,35,35,40,20,20,2,1,1,2313,1217,1096
534,District-Karimnagar,Total,9,2383,1203,1180,71,44,27,18,8,10,4,2,2,531,264,267,75,42,33,29,17,12,3,2,1,1652,824,828
534,District-Karimnagar,Total,10,3157,1609,1548,110,55,55,33,13,20,5,3,2,672,337,335,110,56,54,61,25,36,11,7,4,2155,1113,1042
534,District-Karimnagar,Total,11,2679,1362,1317,309,179,130,73,30,43,11,6,5,837,428,409,168,72,96,46,13,33,12,3,9,1223,631,592
534,District-Karimnagar,Total,12,3412,1608,1804,620,321,299,149,61,88,34,14,20,1023,475,548,341,131,210,81,29,52,33,11,22,1131,566,565
534,District-Karimnagar,Total,13,3597,1704,1893,848,440,408,200,85,115,46,31,15,1113,535,578,327,144,183,80,26,54,17,10,7,966,433,533
534,District-Karimnagar,Total,14,5225,2472,2753,1548,801,747,382,171,211,86,43,43,1566,742,824,515,236,279,131,46,85,35,13,22,962,420,542
534,District-Karimnagar,Total,15,9154,4281,4873,3277,1667,1610,880,390,490,167,82,85,2436,1052,1384,980,449,531,271,117,154,32,17,15,1111,507,604
534,District-Karimnagar,Total,16,12580,5731,6849,5426,2742,2684,1304,561,743,280,134,146,3261,1308,1953,1016,452,564,238,80,158,47,13,34,1008,441,567
534,District-Karimnagar,Total,17,16031,7245,8786,7534,3755,3779,1843,830,1013,339,164,175,4126,1584,2542,1054,423,631,258,92,166,29,14,15,848,383,465
534,District-Karimnagar,Total,18,30688,13124,17564,15122,7438,7684,3368,1494,1874,594,233,361,7355,2374,4981,2298,901,1397,555,158,397,91,32,59,1305,494,811
534,District-Karimnagar,Total,19,29303,12248,17055,14766,7477,7289,3112,1255,1857,497,224,273,7225,2049,5176,2100,731,1369,486,139,347,65,21,44,1052,352,700
534,District-Karimnagar,Rural,5-19,136963,63860,73103,42665,20772,21893,10032,4164,5868,1805,777,1028,21776,8493,13283,7966,3090,4876,2152,710,1442,344,127,217,50223,25727,24496
534,District-Karimnagar,Rural,5,21206,10993,10213,59,38,21,14,4,10,0,0,0,256,143,113,220,114,106,112,53,59,15,7,8,20530,10634,9896
534,District-Karimnagar,Rural,6,14519,7628,6891,40,23,17,7,3,4,3,2,1,322,168,154,116,57,59,72,33,39,9,5,4,13950,7337,6613
534,District-Karimnagar,Rural,7,4974,2682,2292,60,37,23,15,7,8,4,2,2,378,190,188,77,45,32,30,13,17,7,5,2,4403,2383,2020
534,District-Karimnagar,Rural,8,2228,1168,1060,60,31,29,14,6,8,2,1,1,345,173,172,59,27,32,24,12,12,2,1,1,1722,917,805
534,District-Karimnagar,Rural,9,1747,884,863,58,36,22,14,6,8,4,2,2,370,186,184,64,35,29,23,13,10,3,2,1,1211,604,607
534,District-Karimnagar,Rural,10,2323,1187,1136,91,44,47,23,11,12,4,3,1,474,246,228,92,48,44,55,21,34,10,6,4,1574,808,766
534,District-Karimnagar,Rural,11,1955,988,967,243,133,110,59,22,37,7,3,4,585,312,273,136,55,81,35,10,25,11,3,8,879,450,429
534,District-Karimnagar,Rural,12,2574,1197,1377,523,259,264,117,47,70,26,9,17,685,320,365,292,106,186,65,21,44,27,8,19,839,427,412
534,District-Karimnagar,Rural,13,2690,1241,1449,683,333,350,163,61,102,43,29,14,755,370,385,253,105,148,69,23,46,15,8,7,709,312,397
534,District-Karimnagar,Rural,14,4061,1892,2169,1283,624,659,317,139,178,74,35,39,1109,547,562,426,191,235,112,34,78,31,13,18,709,309,400
534,District-Karimnagar,Rural,15,7270,3359,3911,2754,1363,1391,755,322,433,150,74,76,1712,761,951,833,363,470,239,95,144,21,11,10,806,370,436
534,District-Karimnagar,Rural,16,10087,4515,5572,4653,2268,2385,1143,474,669,247,111,136,2272,936,1336,829,347,482,190,63,127,38,8,30,715,308,407
534,District-Karimnagar,Rural,17,12933,5744,7189,6454,3084,3370,1640,706,934,301,139,162,2849,1142,1707,839,309,530,229,78,151,25,10,15,596,276,320
534,District-Karimnagar,Rural,18,24963,10561,14402,13095,6253,6842,2987,1293,1694,507,181,326,4980,1621,3359,1928,703,1225,475,128,347,77,27,50,914,355,559
534,District-Karimnagar,Rural,19,23433,9821,13612,12609,6246,6363,2764,1063,1701,433,186,247,4684,1378,3306,1802,585,1217,422,113,309,53,13,40,666,237,429
534,District-Karimnagar,Urban,5-19,38823,18817,20006,7256,4313,2943,1392,758,634,270,167,103,10279,3622,6657,1587,842,745,416,186,230,64,34,30,17559,8895,8664
534,District-Karimnagar,Urban,5,7272,3748,3524,23,12,11,3,2,1,1,1,0,128,63,65,51,24,27,40,21,19,0,0,0,7026,3625,3401
534,District-Karimnagar,Urban,6,5047,2669,2378,13,8,5,3,2,1,1,1,0,138,64,74,26,16,10,29,11,18,0,0,0,4837,2567,2270
534,District-Karimnagar,Urban,7,1517,795,722,16,9,7,2,0,2,0,0,0,171,84,87,9,4,5,9,3,6,0,0,0,1310,695,615
534,District-Karimnagar,Urban,8,814,407,407,19,8,11,4,0,4,1,1,0,172,82,90,11,8,3,16,8,8,0,0,0,591,300,291
534,District-Karimnagar,Urban,9,636,319,317,13,8,5,4,2,2,0,0,0,161,78,83,11,7,4,6,4,2,0,0,0,441,220,221
534,District-Karimnagar,Urban,10,834,422,412,19,11,8,10,2,8,1,0,1,198,91,107,18,8,10,6,4,2,1,1,0,581,305,276
534,District-Karimnagar,Urban,11,724,374,350,66,46,20,14,8,6,4,3,1,252,116,136,32,17,15,11,3,8,1,0,1,344,181,163
534,District-Karimnagar,Urban,12,838,411,427,97,62,35,32,14,18,8,5,3,338,155,183,49,25,24,16,8,8,6,3,3,292,139,153
534,District-Karimnagar,Urban,13,907,463,444,165,107,58,37,24,13,3,2,1,358,165,193,74,39,35,11,3,8,2,2,0,257,121,136
534,District-Karimnagar,Urban,14,1164,580,584,265,177,88,65,32,33,12,8,4,457,195,262,89,45,44,19,12,7,4,0,4,253,111,142
534,District-Karimnagar,Urban,15,1884,922,962,523,304,219,125,68,57,17,8,9,724,291,433,147,86,61,32,22,10,11,6,5,305,137,168
534,District-Karimnagar,Urban,16,2493,1216,1277,773,474,299,161,87,74,33,23,10,989,372,617,187,105,82,48,17,31,9,5,4,293,133,160
534,District-Karimnagar,Urban,17,3098,1501,1597,1080,671,409,203,124,79,38,25,13,1277,442,835,215,114,101,29,14,15,4,4,0,252,107,145
534,District-Karimnagar,Urban,18,5725,2563,3162,2027,1185,842,381,201,180,87,52,35,2375,753,1622,370,198,172,80,30,50,14,5,9,391,139,252
534,District-Karimnagar,Urban,19,5870,2427,3443,2157,1231,926,348,192,156,64,38,26,2541,671,1870,298,146,152,64,26,38,12,8,4,386,115,271
535,District-Medak,Total,5-19,208278,98003,110275,45066,26873,18193,11030,5724,5306,2452,1180,1272,39668,12497,27171,19580,8597,10983,5815,2329,3486,1140,487,653,83527,40316,43211
535,District-Medak,Total,5,32901,16839,16062,35,25,10,8,4,4,1,0,1,381,208,173,320,167,153,148,80,68,24,17,7,31984,16338,15646
535,District-Medak,Total,6,21864,11345,10519,30,25,5,19,7,12,5,1,4,529,286,243,241,127,114,128,64,64,25,11,14,20887,10824,10063
535,District-Medak,Total,7,8163,4099,4064,59,29,30,32,22,10,3,1,2,735,351,384,140,75,65,64,39,25,16,9,7,7114,3573,3541
535,District-Medak,Total,8,4830,2348,2482,103,62,41,20,12,8,4,3,1,761,369,392,199,94,105,73,37,36,22,14,8,3648,1757,1891
535,District-Medak,Total,9,3587,1672,1915,91,50,41,29,12,17,6,3,3,762,361,401,212,99,113,85,43,42,11,5,6,2391,1099,1292
535,District-Medak,Total,10,5045,2345,2700,182,96,86,66,35,31,18,9,9,1078,530,548,363,164,199,162,83,79,35,14,21,3141,1414,1727
535,District-Medak,Total,11,3795,1747,2048,325,172,153,111,59,52,29,12,17,1006,455,551,409,174,235,130,61,69,37,11,26,1748,803,945
535,District-Medak,Total,12,5996,2715,3281,861,492,369,213,102,111,62,34,28,1633,703,930,868,396,472,269,119,150,65,23,42,2025,846,1179
535,District-Medak,Total,13,5407,2293,3114,957,534,423,289,116,173,84,31,53,1597,621,976,760,308,452,265,101,164,46,17,29,1409,565,844
535,District-Medak,Total,14,8133,3611,4522,1881,1075,806,587,279,308,139,61,78,2242,854,1388,1254,556,698,388,134,254,84,34,50,1558,618,940
535,District-Medak,Total,15,12918,6038,6880,3699,2189,1510,1044,548,496,234,111,123,3437,1176,2261,2097,1037,1060,580,258,322,134,64,70,1693,655,1038
535,District-Medak,Total,16,15764,7193,8571,5321,3105,2216,1364,733,631,336,156,180,4381,1342,3039,2160,1036,1124,594,245,349,130,58,72,1478,518,960
535,District-Medak,Total,17,16737,7874,8863,6236,3807,2429,1512,797,715,374,187,187,4883,1468,3415,1945,895,1050,586,245,341,110,53,57,1091,422,669
535,District-Medak,Total,18,35122,15707,19415,13967,8365,5602,3216,1680,1536,661,315,346,8855,2162,6693,4943,2089,2854,1308,474,834,244,96,148,1928,526,1402
535,District-Medak,Total,19,28016,12177,15839,11319,6847,4472,2520,1318,1202,496,256,240,7388,1611,5777,3669,1380,2289,1035,346,689,157,61,96,1432,358,1074
535,District-Medak,Rural,5-19,166585,77517,89068,38767,22221,16546,9622,4856,4766,2154,966,1188,27472,8506,18966,17713,7456,10257,5156,1968,3188,1016,412,604,64685,31132,33553
535,District-Medak,Rural,5,25757,13226,12531,18,9,9,4,2,2,1,0,1,270,142,128,237,118,119,94,52,42,24,17,7,25109,12886,12223
535,District-Medak,Rural,6,16658,8650,8008,22,17,5,15,6,9,4,1,3,379,215,164,186,95,91,92,45,47,20,10,10,15940,8261,7679
535,District-Medak,Rural,7,6251,3079,3172,41,20,21,20,14,6,3,1,2,464,208,256,106,54,52,53,32,21,14,8,6,5550,2742,2808
535,District-Medak,Rural,8,3750,1781,1969,78,45,33,12,6,6,3,2,1,482,225,257,179,86,93,63,31,32,22,14,8,2911,1372,1539
535,District-Medak,Rural,9,2675,1234,1441,68,36,32,20,9,11,6,3,3,472,223,249,192,87,105,66,32,34,10,5,5,1841,839,1002
535,District-Medak,Rural,10,3899,1752,2147,152,71,81,57,33,24,16,7,9,711,335,376,334,148,186,144,73,71,30,10,20,2455,1075,1380
535,District-Medak,Rural,11,2914,1293,1621,283,139,144,93,49,44,28,11,17,659,287,372,368,149,219,118,52,66,36,10,26,1329,596,733
535,District-Medak,Rural,12,4885,2140,2745,734,391,343,187,90,97,54,29,25,1147,485,662,808,352,456,251,111,140,57,21,36,1647,661,986
535,District-Medak,Rural,13,4387,1785,2602,817,430,387,254,94,160,77,29,48,1151,427,724,699,274,425,238,86,152,43,15,28,1108,430,678
535,District-Medak,Rural,14,6656,2850,3806,1619,890,729,521,235,286,126,55,71,1618,586,1032,1140,486,654,356,115,241,77,31,46,1199,452,747
535,District-Medak,Rural,15,10757,4888,5869,3237,1836,1401,916,467,449,208,91,117,2555,814,1741,1895,913,982,519,224,295,120,55,65,1307,488,819
535,District-Medak,Rural,16,13111,5899,7212,4659,2623,2036,1222,645,577,304,130,174,3204,942,2262,1964,910,1054,537,211,326,116,47,69,1105,391,714
535,District-Medak,Rural,17,13686,6392,7294,5423,3225,2198,1296,654,642,335,159,176,3473,1021,2452,1754,788,966,517,205,312,90,40,50,798,300,498
535,District-Medak,Rural,18,29004,12899,16105,12081,6961,5120,2861,1465,1396,569,249,320,6127,1512,4615,4525,1822,2703,1194,416,778,216,77,139,1431,397,1034
535,District-Medak,Rural,19,22195,9649,12546,9535,5528,4007,2144,1087,1057,420,199,221,4760,1084,3676,3326,1174,2152,914,283,631,141,52,89,955,242,713
535,District-Medak,Urban,5-19,41693,20486,21207,6299,4652,1647,1408,868,540,298,214,84,12196,3991,8205,1867,1141,726,659,361,298,124,75,49,18842,9184,9658
535,District-Medak,Urban,5,7144,3613,3531,17,16,1,4,2,2,0,0,0,111,66,45,83,49,34,54,28,26,0,0,0,6875,3452,3423
535,District-Medak,Urban,6,5206,2695,2511,8,8,0,4,1,3,1,0,1,150,71,79,55,32,23,36,19,17,5,1,4,4947,2563,2384
535,District-Medak,Urban,7,1912,1020,892,18,9,9,12,8,4,0,0,0,271,143,128,34,21,13,11,7,4,2,1,1,1564,831,733
535,District-Medak,Urban,8,1080,567,513,25,17,8,8,6,2,1,1,0,279,144,135,20,8,12,10,6,4,0,0,0,737,385,352
535,District-Medak,Urban,9,912,438,474,23,14,9,9,3,6,0,0,0,290,138,152,20,12,8,19,11,8,1,0,1,550,260,290
535,District-Medak,Urban,10,1146,593,553,30,25,5,9,2,7,2,2,0,367,195,172,29,16,13,18,10,8,5,4,1,686,339,347
535,District-Medak,Urban,11,881,454,427,42,33,9,18,10,8,1,1,0,347,168,179,41,25,16,12,9,3,1,1,0,419,207,212
535,District-Medak,Urban,12,1111,575,536,127,101,26,26,12,14,8,5,3,486,218,268,60,44,16,18,8,10,8,2,6,378,185,193
535,District-Medak,Urban,13,1020,508,512,140,104,36,35,22,13,7,2,5,446,194,252,61,34,27,27,15,12,3,2,1,301,135,166
535,District-Medak,Urban,14,1477,761,716,262,185,77,66,44,22,13,6,7,624,268,356,114,70,44,32,19,13,7,3,4,359,166,193
535,District-Medak,Urban,15,2161,1150,1011,462,353,109,128,81,47,26,20,6,882,362,520,202,124,78,61,34,27,14,9,5,386,167,219
535,District-Medak,Urban,16,2653,1294,1359,662,482,180,142,88,54,32,26,6,1177,400,777,196,126,70,57,34,23,14,11,3,373,127,246
535,District-Medak,Urban,17,3051,1482,1569,813,582,231,216,143,73,39,28,11,1410,447,963,191,107,84,69,40,29,20,13,7,293,122,171
535,District-Medak,Urban,18,6118,2808,3310,1886,1404,482,355,215,140,92,66,26,2728,650,2078,418,267,151,114,58,56,28,19,9,497,129,368
535,District-Medak,Urban,19,5821,2528,3293,1784,1319,465,376,231,145,76,57,19,2628,527,2101,343,206,137,121,63,58,16,9,7,477,116,361
536,District-Hyderabad,Total,5-19,237648,122180,115468,26443,19829,6614,9702,5860,3842,907,664,243,74799,29300,45499,13944,9394,4550,7859,4509,3350,570,361,209,103424,52263,51161
536,District-Hyderabad,Total,5,27831,14634,13197,312,247,65,202,124,78,6,5,1,1576,720,856,874,527,347,1036,565,471,19,10,9,23806,12436,11370
536,District-Hyderabad,Total,6,21437,11256,10181,276,224,52,202,131,71,6,5,1,1557,761,796,624,346,278,883,470,413,7,5,2,17882,9314,8568
536,District-Hyderabad,Total,7,11218,5873,5345,470,340,130,213,124,89,5,4,1,2873,1417,1456,305,188,117,320,161,159,10,5,5,7022,3634,3388
536,District-Hyderabad,Total,8,9395,4897,4498,442,326,116,207,123,84,8,5,3,2819,1327,1492,298,177,121,262,146,116,9,5,4,5350,2788,2562
536,District-Hyderabad,Total,9,8940,4731,4209,470,349,121,231,132,99,8,7,1,2797,1360,1437,293,187,106,278,155,123,7,2,5,4856,2539,2317
536,District-Hyderabad,Total,10,11095,5887,5208,512,362,150,265,152,113,5,3,2,3303,1585,1718,466,299,167,350,193,157,7,6,1,6187,3287,2900
536,District-Hyderabad,Total,11,9787,5169,4618,624,451,173,293,166,127,20,16,4,3508,1633,1875,399,278,121,297,153,144,18,14,4,4628,2458,2170
536,District-Hyderabad,Total,12,10524,5451,5073,766,547,219,343,210,133,15,10,5,4035,1786,2249,499,337,162,376,207,169,22,17,5,4468,2337,2131
536,District-Hyderabad,Total,13,9438,4955,4483,840,641,199,369,213,156,31,27,4,3693,1656,2037,512,337,175,317,181,136,27,16,11,3649,1884,1765
536,District-Hyderabad,Total,14,12327,6490,5837,1271,935,336,521,304,217,55,46,9,4853,2097,2756,821,600,221,406,256,150,49,30,19,4351,2222,2129
536,District-Hyderabad,Total,15,14372,7547,6825,2021,1433,588,808,473,335,81,54,27,5473,2288,3185,1459,988,471,519,295,224,71,44,27,3940,1972,1968
536,District-Hyderabad,Total,16,16426,8474,7952,2646,1922,724,948,557,391,105,70,35,6595,2633,3962,1524,1078,446,585,362,223,68,45,23,3955,1807,2148
536,District-Hyderabad,Total,17,18489,9397,9092,3340,2449,891,1283,787,496,139,105,34,7746,2805,4941,1517,1057,460,587,371,216,71,45,26,3806,1778,2028
536,District-Hyderabad,Total,18,26832,13146,13686,5619,4233,1386,1775,1089,686,207,143,64,11444,3656,7788,2159,1481,678,807,508,299,86,57,29,4735,1979,2756
536,District-Hyderabad,Total,19,29537,14273,15264,6834,5370,1464,2042,1275,767,216,164,52,12527,3576,8951,2194,1514,680,836,486,350,99,60,39,4789,1828,2961
536,District-Hyderabad,Rural,5-19,0,0,0,0,0,0,0,0,0,0,0,0,0,0,0,0,0,0,0,0,0,0,0,0,0,0,0
536,District-Hyderabad,Rural,5,0,0,0,0,0,0,0,0,0,0,0,0,0,0,0,0,0,0,0,0,0,0,0,0,0,0,0
536,District-Hyderabad,Rural,6,0,0,0,0,0,0,0,0,0,0,0,0,0,0,0,0,0,0,0,0,0,0,0,0,0,0,0
536,District-Hyderabad,Rural,7,0,0,0,0,0,0,0,0,0,0,0,0,0,0,0,0,0,0,0,0,0,0,0,0,0,0,0
536,District-Hyderabad,Rural,8,0,0,0,0,0,0,0,0,0,0,0,0,0,0,0,0,0,0,0,0,0,0,0,0,0,0,0
536,District-Hyderabad,Rural,9,0,0,0,0,0,0,0,0,0,0,0,0,0,0,0,0,0,0,0,0,0,0,0,0,0,0,0
536,District-Hyderabad,Rural,10,0,0,0,0,0,0,0,0,0,0,0,0,0,0,0,0,0,0,0,0,0,0,0,0,0,0,0
536,District-Hyderabad,Rural,11,0,0,0,0,0,0,0,0,0,0,0,0,0,0,0,0,0,0,0,0,0,0,0,0,0,0,0
536,District-Hyderabad,Rural,12,0,0,0,0,0,0,0,0,0,0,0,0,0,0,0,0,0,0,0,0,0,0,0,0,0,0,0
536,District-Hyderabad,Rural,13,0,0,0,0,0,0,0,0,0,0,0,0,0,0,0,0,0,0,0,0,0,0,0,0,0,0,0
536,District-Hyderabad,Rural,14,0,0,0,0,0,0,0,0,0,0,0,0,0,0,0,0,0,0,0,0,0,0,0,0,0,0,0
536,District-Hyderabad,Rural,15,0,0,0,0,0,0,0,0,0,0,0,0,0,0,0,0,0,0,0,0,0,0,0,0,0,0,0
536,District-Hyderabad,Rural,16,0,0,0,0,0,0,0,0,0,0,0,0,0,0,0,0,0,0,0,0,0,0,0,0,0,0,0
536,District-Hyderabad,Rural,17,0,0,0,0,0,0,0,0,0,0,0,0,0,0,0,0,0,0,0,0,0,0,0,0,0,0,0
536,District-Hyderabad,Rural,18,0,0,0,0,0,0,0,0,0,0,0,0,0,0,0,0,0,0,0,0,0,0,0,0,0,0,0
536,District-Hyderabad,Rural,19,0,0,0,0,0,0,0,0,0,0,0,0,0,0,0,0,0,0,0,0,0,0,0,0,0,0,0
536,District-Hyderabad,Urban,5-19,237648,122180,115468,26443,19829,6614,9702,5860,3842,907,664,243,74799,29300,45499,13944,9394,4550,7859,4509,3350,570,361,209,103424,52263,51161
536,District-Hyderabad,Urban,5,27831,14634,13197,312,247,65,202,124,78,6,5,1,1576,720,856,874,527,347,1036,565,471,19,10,9,23806,12436,11370
536,District-Hyderabad,Urban,6,21437,11256,10181,276,224,52,202,131,71,6,5,1,1557,761,796,624,346,278,883,470,413,7,5,2,17882,9314,8568
536,District-Hyderabad,Urban,7,11218,5873,5345,470,340,130,213,124,89,5,4,1,2873,1417,1456,305,188,117,320,161,159,10,5,5,7022,3634,3388
536,District-Hyderabad,Urban,8,9395,4897,4498,442,326,116,207,123,84,8,5,3,2819,1327,1492,298,177,121,262,146,116,9,5,4,5350,2788,2562
536,District-Hyderabad,Urban,9,8940,4731,4209,470,349,121,231,132,99,8,7,1,2797,1360,1437,293,187,106,278,155,123,7,2,5,4856,2539,2317
536,District-Hyderabad,Urban,10,11095,5887,5208,512,362,150,265,152,113,5,3,2,3303,1585,1718,466,299,167,350,193,157,7,6,1,6187,3287,2900
536,District-Hyderabad,Urban,11,9787,5169,4618,624,451,173,293,166,127,20,16,4,3508,1633,1875,399,278,121,297,153,144,18,14,4,4628,2458,2170
536,District-Hyderabad,Urban,12,10524,5451,5073,766,547,219,343,210,133,15,10,5,4035,1786,2249,499,337,162,376,207,169,22,17,5,4468,2337,2131
536,District-Hyderabad,Urban,13,9438,4955,4483,840,641,199,369,213,156,31,27,4,3693,1656,2037,512,337,175,317,181,136,27,16,11,3649,1884,1765
536,District-Hyderabad,Urban,14,12327,6490,5837,1271,935,336,521,304,217,55,46,9,4853,2097,2756,821,600,221,406,256,150,49,30,19,4351,2222,2129
536,District-Hyderabad,Urban,15,14372,7547,6825,2021,1433,588,808,473,335,81,54,27,5473,2288,3185,1459,988,471,519,295,224,71,44,27,3940,1972,1968
536,District-Hyderabad,Urban,16,16426,8474,7952,2646,1922,724,948,557,391,105,70,35,6595,2633,3962,1524,1078,446,585,362,223,68,45,23,3955,1807,2148
536,District-Hyderabad,Urban,17,18489,9397,9092,3340,2449,891,1283,787,496,139,105,34,7746,2805,4941,1517,1057,460,587,371,216,71,45,26,3806,1778,2028
536,District-Hyderabad,Urban,18,26832,13146,13686,5619,4233,1386,1775,1089,686,207,143,64,11444,3656,7788,2159,1481,678,807,508,299,86,57,29,4735,1979,2756
536,District-Hyderabad,Urban,19,29537,14273,15264,6834,5370,1464,2042,1275,767,216,164,52,12527,3576,8951,2194,1514,680,836,486,350,99,60,39,4789,1828,2961
537,District-Rangareddy,Total,5-19,318317,153315,165002,52234,34562,17672,13587,7373,6214,1929,1062,867,84438,29589,54849,21098,10971,10127,8027,3719,4308,1081,478,603,135923,65561,70362
537,District-Rangareddy,Total,5,48634,25061,23573,304,218,86,126,65,61,5,3,2,1550,739,811,929,521,408,868,431,437,28,11,17,44824,23073,21751
537,District-Rangareddy,Total,6,35178,18034,17144,213,148,65,104,52,52,4,2,2,1752,886,866,632,370,262,675,345,330,27,16,11,31771,16215,15556
537,District-Rangareddy,Total,7,15468,7858,7610,349,249,100,178,103,75,10,6,4,2777,1332,1445,328,173,155,277,146,131,17,9,8,11532,5840,5692
537,District-Rangareddy,Total,8,9602,4730,4872,328,219,109,182,101,81,9,6,3,2527,1225,1302,320,172,148,193,92,101,16,5,11,6027,2910,3117
537,District-Rangareddy,Total,9,8357,4148,4209,392,258,134,218,104,114,7,4,3,2625,1284,1341,287,142,145,181,87,94,20,9,11,4627,2260,2367
537,District-Rangareddy,Total,10,10742,5396,5346,431,255,176,215,126,89,19,13,6,3165,1537,1628,471,243,228,249,114,135,39,15,24,6153,3093,3060
537,District-Rangareddy,Total,11,9336,4502,4834,798,543,255,303,167,136,25,17,8,3273,1485,1788,523,278,245,258,117,141,32,12,20,4124,1883,2241
537,District-Rangareddy,Total,12,10104,4831,5273,1277,799,478,425,229,196,55,36,19,3714,1611,2103,785,404,381,347,181,166,50,21,29,3451,1550,1901
537,District-Rangareddy,Total,13,10115,4936,5179,1555,1016,539,472,265,207,68,34,34,3753,1637,2116,877,422,455,332,145,187,55,29,26,3003,1388,1615
537,District-Rangareddy,Total,14,12595,5986,6609,2366,1533,833,666,334,332,113,63,50,4649,1879,2770,1265,645,620,458,188,270,91,39,52,2987,1305,1682
537,District-Rangareddy,Total,15,17925,8786,9139,4196,2701,1495,1156,644,512,181,92,89,6206,2396,3810,2094,1139,955,646,309,337,122,59,63,3324,1446,1878
537,District-Rangareddy,Total,16,20608,9988,10620,5669,3632,2037,1483,823,660,248,140,108,7514,2753,4761,2014,1082,932,629,306,323,99,47,52,2952,1205,1747
537,District-Rangareddy,Total,17,25314,12156,13158,7650,5131,2519,1873,1045,828,284,153,131,9531,3027,6504,2330,1306,1024,700,351,349,106,52,54,2840,1091,1749
537,District-Rangareddy,Total,18,41854,18732,23122,13347,8818,4529,3149,1664,1485,439,233,206,15283,4009,11274,4224,2175,2049,1130,482,648,182,78,104,4100,1273,2827
537,District-Rangareddy,Total,19,42485,18171,24314,13359,9042,4317,3037,1651,1386,462,260,202,16119,3789,12330,4019,1899,2120,1084,425,659,197,76,121,4208,1029,3179
537,District-Rangareddy,Rural,5-19,112547,53404,59143,25455,15682,9773,6234,3201,3033,1014,474,540,21701,7055,14646,10651,4575,6076,3384,1289,2095,607,216,391,43501,20912,22589
537,District-Rangareddy,Rural,5,17123,8720,8403,67,49,18,19,15,4,1,0,1,286,136,150,304,158,146,186,84,102,15,5,10,16245,8273,7972
537,District-Rangareddy,Rural,6,11484,5861,5623,60,46,14,13,8,5,2,1,1,329,160,169,208,118,90,152,80,72,14,8,6,10706,5440,5266
537,District-Rangareddy,Rural,7,4911,2432,2479,71,53,18,24,11,13,6,3,3,377,175,202,123,55,68,72,38,34,15,8,7,4223,2089,2134
537,District-Rangareddy,Rural,8,2739,1304,1435,87,58,29,35,14,21,6,3,3,404,187,217,136,67,69,56,24,32,10,4,6,2005,947,1058
537,District-Rangareddy,Rural,9,2093,974,1119,104,64,40,35,16,19,4,3,1,429,196,233,111,58,53,44,12,32,16,6,10,1350,619,731
537,District-Rangareddy,Rural,10,2819,1363,1456,138,68,70,49,29,20,8,5,3,564,270,294,218,105,113,90,33,57,30,9,21,1722,844,878
537,District-Rangareddy,Rural,11,2419,1129,1290,283,178,105,96,48,48,13,9,4,638,298,340,263,119,144,94,39,55,22,7,15,1010,431,579
537,District-Rangareddy,Rural,12,3228,1425,1803,558,313,245,176,88,88,31,18,13,834,360,474,460,201,259,159,74,85,35,9,26,975,362,613
537,District-Rangareddy,Rural,13,3207,1446,1761,717,408,309,201,98,103,38,15,23,834,328,506,495,195,300,157,57,100,34,15,19,731,330,401
537,District-Rangareddy,Rural,14,4392,1992,2400,1124,681,443,296,130,166,64,30,34,1145,457,688,706,290,416,242,82,160,52,17,35,763,305,458
537,District-Rangareddy,Rural,15,6784,3219,3565,2063,1247,816,558,290,268,96,42,54,1719,615,1104,1066,497,569,338,136,202,65,29,36,879,363,516
537,District-Rangareddy,Rural,16,8377,3959,4418,2944,1773,1171,785,418,367,127,56,71,2452,832,1620,1060,487,573,325,124,201,47,18,29,637,251,386
537,District-Rangareddy,Rural,17,9701,4675,5026,3756,2347,1409,920,485,435,160,74,86,2816,871,1945,1111,536,575,322,136,186,52,15,37,564,211,353
537,District-Rangareddy,Rural,18,17604,7971,9633,7098,4392,2706,1651,851,800,238,109,129,4722,1167,3555,2291,958,1333,595,200,395,103,37,66,906,257,649
537,District-Rangareddy,Rural,19,15666,6934,8732,6385,4005,2380,1376,700,676,220,106,114,4152,1003,3149,2099,731,1368,552,170,382,97,29,68,785,190,595
537,District-Rangareddy,Urban,5-19,205770,99911,105859,26779,18880,7899,7353,4172,3181,915,588,327,62737,22534,40203,10447,6396,4051,4643,2430,2213,474,262,212,92422,44649,47773
537,District-Rangareddy,Urban,5,31511,16341,15170,237,169,68,107,50,57,4,3,1,1264,603,661,625,363,262,682,347,335,13,6,7,28579,14800,13779
537,District-Rangareddy,Urban,6,23694,12173,11521,153,102,51,91,44,47,2,1,1,1423,726,697,424,252,172,523,265,258,13,8,5,21065,10775,10290
537,District-Rangareddy,Urban,7,10557,5426,5131,278,196,82,154,92,62,4,3,1,2400,1157,1243,205,118,87,205,108,97,2,1,1,7309,3751,3558
537,District-Rangareddy,Urban,8,6863,3426,3437,241,161,80,147,87,60,3,3,0,2123,1038,1085,184,105,79,137,68,69,6,1,5,4022,1963,2059
537,District-Rangareddy,Urban,9,6264,3174,3090,288,194,94,183,88,95,3,1,2,2196,1088,1108,176,84,92,137,75,62,4,3,1,3277,1641,1636
537,District-Rangareddy,Urban,10,7923,4033,3890,293,187,106,166,97,69,11,8,3,2601,1267,1334,253,138,115,159,81,78,9,6,3,4431,2249,2182
537,District-Rangareddy,Urban,11,6917,3373,3544,515,365,150,207,119,88,12,8,4,2635,1187,1448,260,159,101,164,78,86,10,5,5,3114,1452,1662
537,District-Rangareddy,Urban,12,6876,3406,3470,719,486,233,249,141,108,24,18,6,2880,1251,1629,325,203,122,188,107,81,15,12,3,2476,1188,1288
537,District-Rangareddy,Urban,13,6908,3490,3418,838,608,230,271,167,104,30,19,11,2919,1309,1610,382,227,155,175,88,87,21,14,7,2272,1058,1214
537,District-Rangareddy,Urban,14,8203,3994,4209,1242,852,390,370,204,166,49,33,16,3504,1422,2082,559,355,204,216,106,110,39,22,17,2224,1000,1224
537,District-Rangareddy,Urban,15,11141,5567,5574,2133,1454,679,598,354,244,85,50,35,4487,1781,2706,1028,642,386,308,173,135,57,30,27,2445,1083,1362
537,District-Rangareddy,Urban,16,12231,6029,6202,2725,1859,866,698,405,293,121,84,37,5062,1921,3141,954,595,359,304,182,122,52,29,23,2315,954,1361
537,District-Rangareddy,Urban,17,15613,7481,8132,3894,2784,1110,953,560,393,124,79,45,6715,2156,4559,1219,770,449,378,215,163,54,37,17,2276,880,1396
537,District-Rangareddy,Urban,18,24250,10761,13489,6249,4426,1823,1498,813,685,201,124,77,10561,2842,7719,1933,1217,716,535,282,253,79,41,38,3194,1016,2178
537,District-Rangareddy,Urban,19,26819,11237,15582,6974,5037,1937,1661,951,710,242,154,88,11967,2786,9181,1920,1168,752,532,255,277,100,47,53,3423,839,2584
538,District-Mahbubnagar,Total,5-19,370132,174336,195796,74329,44709,29620,13301,6669,6632,2017,1013,1004,42459,15565,26894,68976,27624,41352,13843,4794,9049,1792,594,1198,153415,73368,80047
538,District-Mahbubnagar,Total,5,55633,28757,26876,68,46,22,13,7,6,1,1,0,501,273,228,783,429,354,321,166,155,21,10,11,53925,27825,26100
538,District-Mahbubnagar,Total,6,38060,19676,18384,61,40,21,13,8,5,1,1,0,740,379,361,568,291,277,261,121,140,19,7,12,36397,18829,17568
538,District-Mahbubnagar,Total,7,17529,8613,8916,121,78,43,42,18,24,6,2,4,1215,617,598,563,249,314,159,70,89,27,10,17,15396,7569,7827
538,District-Mahbubnagar,Total,8,11954,5368,6586,233,129,104,56,24,32,10,4,6,1378,675,703,781,338,443,227,79,148,44,16,28,9225,4103,5122
538,District-Mahbubnagar,Total,9,9238,4116,5122,299,177,122,80,35,45,13,6,7,1438,719,719,983,415,568,231,78,153,40,12,28,6154,2674,3480
538,District-Mahbubnagar,Total,10,13247,5811,7436,724,381,343,149,68,81,29,18,11,1949,950,999,2156,876,1280,513,189,324,104,37,67,7623,3292,4331
538,District-Mahbubnagar,Total,11,9926,4150,5776,1096,538,558,251,101,150,44,19,25,1769,800,969,2202,869,1333,464,158,306,88,30,58,4012,1635,2377
538,District-Mahbubnagar,Total,12,15653,6390,9263,2508,1199,1309,532,233,299,97,41,56,2667,1136,1531,4391,1685,2706,983,372,611,146,45,101,4329,1679,2650
538,District-Mahbubnagar,Total,13,13584,5555,8029,2962,1441,1521,569,253,316,109,47,62,2285,964,1321,3875,1445,2430,820,248,572,133,42,91,2831,1115,1716
538,District-Mahbubnagar,Total,14,17688,7596,10092,4810,2566,2244,985,426,559,157,71,86,2662,1125,1537,5209,1982,3227,1100,391,709,172,56,116,2593,979,1614
538,District-Mahbubnagar,Total,15,24398,11466,12932,7581,4425,3156,1412,714,698,195,89,106,3373,1325,2048,7507,3295,4212,1457,525,932,191,57,134,2682,1036,1646
538,District-Mahbubnagar,Total,16,26852,13032,13820,9729,5875,3854,1750,887,863,295,154,141,4071,1440,2631,7381,3285,4096,1399,520,879,164,66,98,2063,805,1258
538,District-Mahbubnagar,Total,17,25629,12343,13286,9722,6077,3645,1888,970,918,279,152,127,4378,1421,2957,6414,2711,3703,1249,419,830,162,53,109,1537,540,997
538,District-Mahbubnagar,Total,18,51757,24098,27659,19875,12539,7336,3155,1655,1500,461,235,226,7640,2122,5518,15097,5853,9244,2601,838,1763,265,91,174,2663,765,1898
538,District-Mahbubnagar,Total,19,38984,17365,21619,14540,9198,5342,2406,1270,1136,320,173,147,6393,1619,4774,11066,3901,7165,2058,620,1438,216,62,154,1985,522,1463
538,District-Mahbubnagar,Rural,5-19,333936,156947,176989,68717,40717,28000,12304,6082,6222,1840,897,943,34036,12883,21153,66037,26219,39818,13221,4534,8687,1693,552,1141,136088,65063,71025
538,District-Mahbubnagar,Rural,5,49404,25532,23872,58,37,21,12,6,6,0,0,0,401,223,178,715,385,330,269,137,132,21,10,11,47928,24734,23194
538,District-Mahbubnagar,Rural,6,33522,17342,16180,51,33,18,12,7,5,1,1,0,616,314,302,529,269,260,214,99,115,16,6,10,32083,16613,15470
538,District-Mahbubnagar,Rural,7,15647,7646,8001,108,67,41,36,14,22,5,1,4,1013,512,501,533,236,297,145,63,82,26,9,17,13781,6744,7037
538,District-Mahbubnagar,Rural,8,10945,4878,6067,212,114,98,51,22,29,9,4,5,1203,591,612,760,325,435,218,76,142,42,16,26,8450,3730,4720
538,District-Mahbubnagar,Rural,9,8367,3690,4677,278,162,116,69,31,38,13,6,7,1227,616,611,950,400,550,218,71,147,38,11,27,5574,2393,3181
538,District-Mahbubnagar,Rural,10,12129,5279,6850,687,358,329,138,63,75,29,18,11,1705,831,874,2105,849,1256,492,180,312,101,36,65,6872,2944,3928
538,District-Mahbubnagar,Rural,11,9026,3711,5315,1008,479,529,238,92,146,39,15,24,1504,684,820,2109,818,1291,449,149,300,85,28,57,3594,1446,2148
538,District-Mahbubnagar,Rural,12,14534,5894,8640,2396,1127,1269,509,222,287,91,36,55,2299,989,1310,4259,1620,2639,953,362,591,138,41,97,3889,1497,2392
538,District-Mahbubnagar,Rural,13,12549,5060,7489,2795,1332,1463,539,229,310,102,42,60,1942,816,1126,3729,1376,2353,792,236,556,129,38,91,2521,991,1530
538,District-Mahbubnagar,Rural,14,16285,6940,9345,4495,2345,2150,935,393,542,146,63,83,2209,954,1255,5008,1885,3123,1062,377,685,166,55,111,2264,868,1396
538,District-Mahbubnagar,Rural,15,22510,10485,12025,7050,4052,2998,1327,659,668,184,81,103,2801,1111,1690,7226,3131,4095,1409,504,905,181,53,128,2332,894,1438
538,District-Mahbubnagar,Rural,16,24552,11856,12696,9063,5394,3669,1610,803,807,266,135,131,3317,1183,2134,7051,3105,3946,1338,495,843,147,58,89,1760,683,1077
538,District-Mahbubnagar,Rural,17,23107,11120,11987,8942,5521,3421,1745,891,854,254,135,119,3412,1115,2297,6119,2559,3560,1207,401,806,155,52,103,1273,446,827
538,District-Mahbubnagar,Rural,18,46867,22001,24866,18375,11466,6909,2908,1522,1386,417,209,208,5825,1702,4123,14427,5582,8845,2489,791,1698,250,83,167,2176,646,1530
538,District-Mahbubnagar,Rural,19,34492,15513,18979,13199,8230,4969,2175,1128,1047,284,151,133,4562,1242,3320,10517,3679,6838,1966,593,1373,198,56,142,1591,434,1157
538,District-Mahbubnagar,Urban,5-19,36196,17389,18807,5612,3992,1620,997,587,410,177,116,61,8423,2682,5741,2939,1405,1534,622,260,362,99,42,57,17327,8305,9022
538,District-Mahbubnagar,Urban,5,6229,3225,3004,10,9,1,1,1,0,1,1,0,100,50,50,68,44,24,52,29,23,0,0,0,5997,3091,2906
538,District-Mahbubnagar,Urban,6,4538,2334,2204,10,7,3,1,1,0,0,0,0,124,65,59,39,22,17,47,22,25,3,1,2,4314,2216,2098
538,District-Mahbubnagar,Urban,7,1882,967,915,13,11,2,6,4,2,1,1,0,202,105,97,30,13,17,14,7,7,1,1,0,1615,825,790
538,District-Mahbubnagar,Urban,8,1009,490,519,21,15,6,5,2,3,1,0,1,175,84,91,21,13,8,9,3,6,2,0,2,775,373,402
538,District-Mahbubnagar,Urban,9,871,426,445,21,15,6,11,4,7,0,0,0,211,103,108,33,15,18,13,7,6,2,1,1,580,281,299
538,District-Mahbubnagar,Urban,10,1118,532,586,37,23,14,11,5,6,0,0,0,244,119,125,51,27,24,21,9,12,3,1,2,751,348,403
538,District-Mahbubnagar,Urban,11,900,439,461,88,59,29,13,9,4,5,4,1,265,116,149,93,51,42,15,9,6,3,2,1,418,189,229
538,District-Mahbubnagar,Urban,12,1119,496,623,112,72,40,23,11,12,6,5,1,368,147,221,132,65,67,30,10,20,8,4,4,440,182,258
538,District-Mahbubnagar,Urban,13,1035,495,540,167,109,58,30,24,6,7,5,2,343,148,195,146,69,77,28,12,16,4,4,0,310,124,186
538,District-Mahbubnagar,Urban,14,1403,656,747,315,221,94,50,33,17,11,8,3,453,171,282,201,97,104,38,14,24,6,1,5,329,111,218
538,District-Mahbubnagar,Urban,15,1888,981,907,531,373,158,85,55,30,11,8,3,572,214,358,281,164,117,48,21,27,10,4,6,350,142,208
538,District-Mahbubnagar,Urban,16,2300,1176,1124,666,481,185,140,84,56,29,19,10,754,257,497,330,180,150,61,25,36,17,8,9,303,122,181
538,District-Mahbubnagar,Urban,17,2522,1223,1299,780,556,224,143,79,64,25,17,8,966,306,660,295,152,143,42,18,24,7,1,6,264,94,170
538,District-Mahbubnagar,Urban,18,4890,2097,2793,1500,1073,427,247,133,114,44,26,18,1815,420,1395,670,271,399,112,47,65,15,8,7,487,119,368
538,District-Mahbubnagar,Urban,19,4492,1852,2640,1341,968,373,231,142,89,36,22,14,1831,377,1454,549,222,327,92,27,65,18,6,12,394,88,306
539,District-Nalgonda,Total,5-19,212543,98508,114035,59426,33505,25921,12152,5229,6923,1985,818,1167,33524,10179,23345,17178,5795,11383,4026,1103,2923,575,130,445,83677,41749,41928
539,District-Nalgonda,Total,5,35960,18622,17338,30,20,10,10,7,3,0,0,0,303,153,150,234,109,125,101,35,66,9,3,6,35273,18295,16978
539,District-Nalgonda,Total,6,23609,12334,11275,26,15,11,7,4,3,0,0,0,423,216,207,155,79,76,67,39,28,10,4,6,22921,11977,10944
539,District-Nalgonda,Total,7,8077,4240,3837,43,23,20,13,5,8,5,2,3,623,303,320,104,52,52,35,19,16,14,5,9,7240,3831,3409
539,District-Nalgonda,Total,8,4108,2026,2082,70,36,34,28,15,13,10,6,4,678,336,342,113,45,68,36,15,21,7,3,4,3166,1570,1596
539,District-Nalgonda,Total,9,2966,1349,1617,88,44,44,22,13,9,9,2,7,666,285,381,144,41,103,46,12,34,19,5,14,1972,947,1025
539,District-Nalgonda,Total,10,4206,1857,2349,210,86,124,43,16,27,24,9,15,878,424,454,296,97,199,86,32,54,27,11,16,2642,1182,1460
539,District-Nalgonda,Total,11,3336,1451,1885,450,222,228,101,40,61,33,11,22,895,405,490,321,118,203,85,22,63,26,9,17,1425,624,801
539,District-Nalgonda,Total,12,5037,2008,3029,1127,536,591,232,72,160,45,12,33,1210,488,722,714,231,483,195,48,147,38,9,29,1476,612,864
539,District-Nalgonda,Total,13,5390,2142,3248,1456,675,781,373,140,233,74,31,43,1320,540,780,756,208,548,185,41,144,36,10,26,1190,497,693
539,District-Nalgonda,Total,14,7331,3028,4303,2533,1213,1320,583,224,359,94,35,59,1660,682,978,1073,364,709,242,70,172,35,7,28,1111,433,678
539,District-Nalgonda,Total,15,12132,5406,6726,4924,2617,2307,1080,444,636,196,95,101,2395,921,1474,1865,713,1152,401,128,273,57,11,46,1214,477,737
539,District-Nalgonda,Total,16,14979,6767,8212,6905,3779,3126,1440,658,782,250,103,147,3162,1059,2103,1825,678,1147,417,141,276,54,11,43,926,338,588
539,District-Nalgonda,Total,17,17453,8129,9324,8501,4971,3530,1764,827,937,278,129,149,3962,1137,2825,1708,643,1065,421,119,302,56,12,44,763,291,472
539,District-Nalgonda,Total,18,36939,15925,21014,18066,10326,7740,3565,1529,2036,521,214,307,7888,1811,6077,4512,1410,3102,912,212,700,96,18,78,1379,405,974
539,District-Nalgonda,Total,19,31020,13224,17796,14997,8942,6055,2891,1235,1656,446,169,277,7461,1419,6042,3358,1007,2351,797,170,627,91,12,79,979,270,709
539,District-Nalgonda,Rural,5-19,181634,84000,97634,53949,29536,24413,10990,4625,6365,1715,675,1040,25059,7858,17201,16085,5242,10843,3716,986,2730,518,111,407,69602,34967,34635
539,District-Nalgonda,Rural,5,30307,15764,14543,24,15,9,8,6,2,0,0,0,245,130,115,206,95,111,83,29,54,8,2,6,29733,15487,14246
539,District-Nalgonda,Rural,6,19598,10245,9353,22,13,9,6,4,2,0,0,0,342,172,170,133,66,67,52,27,25,9,4,5,19034,9959,9075
539,District-Nalgonda,Rural,7,6808,3577,3231,34,19,15,11,4,7,3,1,2,493,244,249,91,48,43,25,12,13,14,5,9,6137,3244,2893
539,District-Nalgonda,Rural,8,3536,1717,1819,62,29,33,26,13,13,7,3,4,538,256,282,107,42,65,28,13,15,7,3,4,2761,1358,1403
539,District-Nalgonda,Rural,9,2443,1108,1335,79,36,43,19,10,9,6,0,6,517,229,288,133,37,96,41,10,31,19,5,14,1629,781,848
539,District-Nalgonda,Rural,10,3512,1538,1974,197,78,119,42,15,27,19,6,13,693,326,367,280,89,191,78,27,51,26,10,16,2177,987,1190
539,District-Nalgonda,Rural,11,2711,1178,1533,398,192,206,84,32,52,29,9,20,671,306,365,305,107,198,81,19,62,24,8,16,1119,505,614
539,District-Nalgonda,Rural,12,4313,1672,2641,1023,463,560,209,60,149,40,11,29,983,396,587,670,206,464,185,45,140,34,7,27,1169,484,685
539,District-Nalgonda,Rural,13,4493,1722,2771,1295,560,735,333,120,213,64,26,38,985,396,589,714,190,524,172,36,136,34,9,25,896,385,511
539,District-Nalgonda,Rural,14,6332,2554,3778,2330,1063,1267,540,202,338,82,30,52,1281,534,747,1013,328,685,228,62,166,30,3,27,828,332,496
539,District-Nalgonda,Rural,15,10599,4640,5959,4526,2325,2201,976,386,590,169,81,88,1790,687,1103,1738,649,1089,383,122,261,52,9,43,965,381,584
539,District-Nalgonda,Rural,16,13092,5870,7222,6306,3343,2963,1289,583,706,226,93,133,2401,822,1579,1712,619,1093,387,131,256,51,10,41,720,269,451
539,District-Nalgonda,Rural,17,15021,6970,8051,7650,4353,3297,1588,724,864,236,100,136,2905,866,2039,1590,570,1020,386,104,282,44,9,35,622,244,378
539,District-Nalgonda,Rural,18,32348,13999,18349,16530,9222,7308,3259,1367,1892,447,171,276,5875,1416,4459,4237,1278,2959,853,198,655,85,15,70,1062,332,730
539,District-Nalgonda,Rural,19,26521,11446,15075,13473,7825,5648,2600,1099,1501,387,144,243,5340,1078,4262,3156,918,2238,734,151,583,81,12,69,750,219,531
539,District-Nalgonda,Urban,5-19,30909,14508,16401,5477,3969,1508,1162,604,558,270,143,127,8465,2321,6144,1093,553,540,310,117,193,57,19,38,14075,6782,7293
539,District-Nalgonda,Urban,5,5653,2858,2795,6,5,1,2,1,1,0,0,0,58,23,35,28,14,14,18,6,12,1,1,0,5540,2808,2732
539,District-Nalgonda,Urban,6,4011,2089,1922,4,2,2,1,0,1,0,0,0,81,44,37,22,13,9,15,12,3,1,0,1,3887,2018,1869
539,District-Nalgonda,Urban,7,1269,663,606,9,4,5,2,1,1,2,1,1,130,59,71,13,4,9,10,7,3,0,0,0,1103,587,516
539,District-Nalgonda,Urban,8,572,309,263,8,7,1,2,2,0,3,3,0,140,80,60,6,3,3,8,2,6,0,0,0,405,212,193
539,District-Nalgonda,Urban,9,523,241,282,9,8,1,3,3,0,3,2,1,149,56,93,11,4,7,5,2,3,0,0,0,343,166,177
539,District-Nalgonda,Urban,10,694,319,375,13,8,5,1,1,0,5,3,2,185,98,87,16,8,8,8,5,3,1,1,0,465,195,270
539,District-Nalgonda,Urban,11,625,273,352,52,30,22,17,8,9,4,2,2,224,99,125,16,11,5,4,3,1,2,1,1,306,119,187
539,District-Nalgonda,Urban,12,724,336,388,104,73,31,23,12,11,5,1,4,227,92,135,44,25,19,10,3,7,4,2,2,307,128,179
539,District-Nalgonda,Urban,13,897,420,477,161,115,46,40,20,20,10,5,5,335,144,191,42,18,24,13,5,8,2,1,1,294,112,182
539,District-Nalgonda,Urban,14,999,474,525,203,150,53,43,22,21,12,5,7,379,148,231,60,36,24,14,8,6,5,4,1,283,101,182
539,District-Nalgonda,Urban,15,1533,766,767,398,292,106,104,58,46,27,14,13,605,234,371,127,64,63,18,6,12,5,2,3,249,96,153
539,District-Nalgonda,Urban,16,1887,897,990,599,436,163,151,75,76,24,10,14,761,237,524,113,59,54,30,10,20,3,1,2,206,69,137
539,District-Nalgonda,Urban,17,2432,1159,1273,851,618,233,176,103,73,42,29,13,1057,271,786,118,73,45,35,15,20,12,3,9,141,47,94
539,District-Nalgonda,Urban,18,4591,1926,2665,1536,1104,432,306,162,144,74,43,31,2013,395,1618,275,132,143,59,14,45,11,3,8,317,73,244
539,District-Nalgonda,Urban,19,4499,1778,2721,1524,1117,407,291,136,155,59,25,34,2121,341,1780,202,89,113,63,19,44,10,0,10,229,51,178
540,District-Warangal,Total,5-19,176176,82725,93451,41939,23187,18752,10913,4755,6158,1647,652,995,29486,9762,19724,13447,5324,8123,3545,1138,2407,466,160,306,74733,37747,36986
540,District-Warangal,Total,5,32420,16660,15760,33,22,11,10,2,8,1,0,1,301,147,154,201,100,101,122,72,50,31,14,17,31721,16303,15418
540,District-Warangal,Total,6,21265,11233,10032,32,21,11,12,3,9,3,0,3,404,204,200,180,81,99,99,49,50,22,14,8,20513,10861,9652
540,District-Warangal,Total,7,6991,3693,3298,58,30,28,17,6,11,2,1,1,495,265,230,100,54,46,53,19,34,16,8,8,6250,3310,2940
540,District-Warangal,Total,8,3667,1803,1864,67,33,34,26,16,10,5,2,3,550,253,297,115,49,66,46,19,27,6,3,3,2852,1428,1424
540,District-Warangal,Total,9,2620,1263,1357,61,31,30,35,16,19,5,3,2,560,266,294,113,52,61,49,18,31,6,4,2,1791,873,918
540,District-Warangal,Total,10,3777,1800,1977,144,74,70,47,14,33,14,4,10,845,405,440,261,123,138,87,36,51,16,6,10,2363,1138,1225
540,District-Warangal,Total,11,2898,1341,1557,332,185,147,92,33,59,21,8,13,868,401,467,246,107,139,96,35,61,15,6,9,1228,566,662
540,District-Warangal,Total,12,4151,1810,2341,813,398,415,184,85,99,33,15,18,1084,478,606,613,230,383,186,55,131,34,16,18,1204,533,671
540,District-Warangal,Total,13,4256,1917,2339,998,506,492,299,134,165,64,21,43,1141,515,626,583,217,366,149,55,94,25,10,15,997,459,538
540,District-Warangal,Total,14,5789,2719,3070,1707,921,786,469,203,266,77,30,47,1409,616,793,854,367,487,217,82,135,23,7,16,1033,493,540
540,District-Warangal,Total,15,9195,4293,4902,3227,1782,1445,878,390,488,148,54,94,1942,768,1174,1589,722,867,355,129,226,46,8,38,1010,440,570
540,District-Warangal,Total,16,11468,5358,6110,4541,2532,2009,1283,565,718,202,78,124,2740,1033,1707,1413,639,774,307,107,200,48,14,34,934,390,544
540,District-Warangal,Total,17,13693,6404,7289,5864,3348,2516,1577,732,845,243,102,141,3556,1189,2367,1387,624,763,325,99,226,33,9,24,708,301,407
540,District-Warangal,Total,18,28772,12200,16572,12877,7121,5756,3210,1406,1804,447,178,269,6934,1759,5175,3198,1110,2088,833,211,622,87,25,62,1186,390,796
540,District-Warangal,Total,19,25214,10231,14983,11185,6183,5002,2774,1150,1624,382,156,226,6657,1463,5194,2594,849,1745,621,152,469,58,16,42,943,262,681
540,District-Warangal,Rural,5-19,134867,62842,72025,35920,18843,17077,9459,3957,5502,1422,542,880,17264,5807,11457,12085,4609,7476,3186,971,2215,414,145,269,55117,27968,27149
540,District-Warangal,Rural,5,24247,12512,11735,19,12,7,9,2,7,1,0,1,195,99,96,157,76,81,93,55,38,29,12,17,23744,12256,11488
540,District-Warangal,Rural,6,15465,8168,7297,21,14,7,10,1,9,3,0,3,259,133,126,143,63,80,76,35,41,21,14,7,14932,7908,7024
540,District-Warangal,Rural,7,5325,2813,2512,43,20,23,15,5,10,2,1,1,326,173,153,86,47,39,47,15,32,16,8,8,4790,2544,2246
540,District-Warangal,Rural,8,2755,1351,1404,51,27,24,23,13,10,5,2,3,364,173,191,98,38,60,39,17,22,6,3,3,2169,1078,1091
540,District-Warangal,Rural,9,1889,914,975,49,22,27,33,16,17,5,3,2,340,166,174,97,50,47,43,15,28,5,3,2,1317,639,678
540,District-Warangal,Rural,10,2723,1299,1424,129,69,60,45,12,33,14,4,10,457,237,220,242,116,126,78,31,47,16,6,10,1742,824,918
540,District-Warangal,Rural,11,2011,922,1089,269,138,131,73,23,50,19,8,11,447,223,224,221,95,126,87,30,57,13,6,7,882,399,483
540,District-Warangal,Rural,12,3207,1377,1830,709,329,380,162,74,88,27,13,14,636,296,340,578,215,363,169,51,118,31,15,16,895,384,511
540,District-Warangal,Rural,13,3177,1391,1786,845,401,444,267,118,149,56,17,39,626,281,345,521,188,333,135,46,89,19,9,10,708,331,377
540,District-Warangal,Rural,14,4458,2077,2381,1500,780,720,409,171,238,63,25,38,764,339,425,761,315,446,197,73,124,20,5,15,744,369,375
540,District-Warangal,Rural,15,7319,3339,3980,2753,1445,1308,775,335,440,130,46,84,1150,442,708,1440,633,807,318,113,205,40,8,32,713,317,396
540,District-Warangal,Rural,16,9067,4120,4947,3905,2063,1842,1117,470,647,172,65,107,1636,591,1045,1271,555,716,274,91,183,44,14,30,648,271,377
540,District-Warangal,Rural,17,10613,4877,5736,4956,2678,2278,1340,601,739,209,82,127,2104,700,1404,1213,527,686,297,82,215,29,6,23,465,201,264
540,District-Warangal,Rural,18,23246,9786,13460,11232,5898,5334,2834,1188,1646,392,151,241,4269,1111,3158,2903,970,1933,758,185,573,75,21,54,783,262,521
540,District-Warangal,Rural,19,19365,7896,11469,9439,4947,4492,2347,928,1419,324,125,199,3691,843,2848,2354,721,1633,575,132,443,50,15,35,585,185,400
540,District-Warangal,Urban,5-19,41309,19883,21426,6019,4344,1675,1454,798,656,225,110,115,12222,3955,8267,1362,715,647,359,167,192,52,15,37,19616,9779,9837
540,District-Warangal,Urban,5,8173,4148,4025,14,10,4,1,0,1,0,0,0,106,48,58,44,24,20,29,17,12,2,2,0,7977,4047,3930
540,District-Warangal,Urban,6,5800,3065,2735,11,7,4,2,2,0,0,0,0,145,71,74,37,18,19,23,14,9,1,0,1,5581,2953,2628
540,District-Warangal,Urban,7,1666,880,786,15,10,5,2,1,1,0,0,0,169,92,77,14,7,7,6,4,2,0,0,0,1460,766,694
540,District-Warangal,Urban,8,912,452,460,16,6,10,3,3,0,0,0,0,186,80,106,17,11,6,7,2,5,0,0,0,683,350,333
540,District-Warangal,Urban,9,731,349,382,12,9,3,2,0,2,0,0,0,220,100,120,16,2,14,6,3,3,1,1,0,474,234,240
540,District-Warangal,Urban,10,1054,501,553,15,5,10,2,2,0,0,0,0,388,168,220,19,7,12,9,5,4,0,0,0,621,314,307
540,District-Warangal,Urban,11,887,419,468,63,47,16,19,10,9,2,0,2,421,178,243,25,12,13,9,5,4,2,0,2,346,167,179
540,District-Warangal,Urban,12,944,433,511,104,69,35,22,11,11,6,2,4,448,182,266,35,15,20,17,4,13,3,1,2,309,149,160
540,District-Warangal,Urban,13,1079,526,553,153,105,48,32,16,16,8,4,4,515,234,281,62,29,33,14,9,5,6,1,5,289,128,161
540,District-Warangal,Urban,14,1331,642,689,207,141,66,60,32,28,14,5,9,645,277,368,93,52,41,20,9,11,3,2,1,289,124,165
540,District-Warangal,Urban,15,1876,954,922,474,337,137,103,55,48,18,8,10,792,326,466,149,89,60,37,16,21,6,0,6,297,123,174
540,District-Warangal,Urban,16,2401,1238,1163,636,469,167,166,95,71,30,13,17,1104,442,662,142,84,58,33,16,17,4,0,4,286,119,167
540,District-Warangal,Urban,17,3080,1527,1553,908,670,238,237,131,106,34,20,14,1452,489,963,174,97,77,28,17,11,4,3,1,243,100,143
540,District-Warangal,Urban,18,5526,2414,3112,1645,1223,422,376,218,158,55,27,28,2665,648,2017,295,140,155,75,26,49,12,4,8,403,128,275
540,District-Warangal,Urban,19,5849,2335,3514,1746,1236,510,427,222,205,58,31,27,2966,620,2346,240,128,112,46,20,26,8,1,7,358,77,281
541,District-Khammam,Total,5-19,191671,93692,97979,58229,32745,25484,10962,5393,5569,1810,882,928,28853,9971,18882,17459,7766,9693,4278,1733,2545,791,367,424,69289,34835,34454
541,District-Khammam,Total,5,28958,14769,14189,45,20,25,5,2,3,0,0,0,325,158,167,215,108,107,109,51,58,13,7,6,28246,14423,13823
541,District-Khammam,Total,6,19851,10162,9689,37,23,14,9,5,4,2,2,0,412,196,216,163,94,69,83,31,52,8,3,5,19137,9808,9329
541,District-Khammam,Total,7,7337,3818,3519,60,33,27,18,10,8,2,1,1,548,258,290,168,92,76,35,18,17,10,6,4,6496,3400,3096
541,District-Khammam,Total,8,3715,1908,1807,87,45,42,31,16,15,5,2,3,577,278,299,170,83,87,45,20,25,17,10,7,2783,1454,1329
541,District-Khammam,Total,9,2844,1471,1373,122,63,59,33,20,13,5,4,1,572,300,272,197,95,102,61,35,26,22,19,3,1832,935,897
541,District-Khammam,Total,10,4248,2183,2065,308,159,149,78,32,46,19,9,10,853,448,405,436,229,207,112,52,60,53,26,27,2389,1228,1161
541,District-Khammam,Total,11,3375,1663,1712,592,316,276,139,66,73,32,24,8,832,407,425,393,183,210,117,54,63,31,15,16,1239,598,641
541,District-Khammam,Total,12,5256,2580,2676,1389,733,656,356,176,180,66,31,35,1287,601,686,809,395,414,213,87,126,52,27,25,1084,530,554
541,District-Khammam,Total,13,5899,2860,3039,2103,1078,1025,446,207,239,78,39,39,1343,666,677,796,363,433,205,101,104,46,19,27,882,387,495
541,District-Khammam,Total,14,8316,4085,4231,3451,1806,1645,705,357,348,131,66,65,1630,775,855,1165,530,635,315,126,189,52,22,30,867,403,464
541,District-Khammam,Total,15,12653,6378,6275,5791,3216,2575,1089,552,537,214,110,104,2309,983,1326,1856,900,956,420,192,228,93,36,57,881,389,492
541,District-Khammam,Total,16,15251,7655,7596,7637,4310,3327,1521,723,798,257,125,132,2669,1046,1623,1859,873,986,453,205,248,79,36,43,776,337,439
541,District-Khammam,Total,17,16868,8608,8260,8591,5098,3493,1609,854,755,246,117,129,3326,1061,2265,1915,938,977,428,172,256,69,33,36,684,335,349
541,District-Khammam,Total,18,30806,14122,16684,15448,8715,6733,2729,1337,1392,417,185,232,6074,1494,4580,4010,1652,2358,902,329,573,139,65,74,1087,345,742
541,District-Khammam,Total,19,26294,11430,14864,12568,7130,5438,2194,1036,1158,336,167,169,6096,1300,4796,3307,1231,2076,780,260,520,107,43,64,906,263,643
541,District-Khammam,Rural,5-19,159508,78006,81502,53138,29047,24091,9818,4722,5096,1592,751,841,19381,6942,12439,16469,7220,9249,3926,1562,2364,740,343,397,54444,27419,27025
541,District-Khammam,Rural,5,22701,11602,11099,39,17,22,5,2,3,0,0,0,217,109,108,185,94,91,84,43,41,13,7,6,22158,11330,10828
541,District-Khammam,Rural,6,15391,7822,7569,33,19,14,9,5,4,2,2,0,280,135,145,151,87,64,63,25,38,8,3,5,14845,7546,7299
541,District-Khammam,Rural,7,5951,3127,2824,56,30,26,15,10,5,2,1,1,389,191,198,157,87,70,29,14,15,10,6,4,5293,2788,2505
541,District-Khammam,Rural,8,3071,1554,1517,80,41,39,27,12,15,5,2,3,428,203,225,166,80,86,42,19,23,17,10,7,2306,1187,1119
541,District-Khammam,Rural,9,2352,1203,1149,110,55,55,29,17,12,5,4,1,407,219,188,191,91,100,59,33,26,22,19,3,1529,765,764
541,District-Khammam,Rural,10,3509,1791,1718,286,146,140,74,29,45,19,9,10,603,311,292,419,224,195,103,50,53,51,25,26,1954,997,957
541,District-Khammam,Rural,11,2781,1370,1411,545,287,258,126,57,69,28,21,7,600,291,309,378,175,203,112,51,61,29,14,15,963,474,489
541,District-Khammam,Rural,12,4559,2249,2310,1286,664,622,332,165,167,60,28,32,969,470,499,778,373,405,197,81,116,47,25,22,890,443,447
541,District-Khammam,Rural,13,5098,2435,2663,1963,979,984,406,183,223,73,36,37,983,486,497,754,342,412,193,91,102,42,18,24,684,300,384
541,District-Khammam,Rural,14,7273,3538,3735,3202,1633,1569,643,322,321,118,57,61,1176,572,604,1109,499,610,291,116,175,51,21,30,683,318,365
541,District-Khammam,Rural,15,11047,5550,5497,5318,2881,2437,986,500,486,192,98,94,1634,719,915,1755,841,914,398,181,217,89,32,57,675,298,377
541,District-Khammam,Rural,16,13354,6684,6670,7040,3895,3145,1383,634,749,235,110,125,1846,736,1110,1770,828,942,427,187,240,78,36,42,575,258,317
541,District-Khammam,Rural,17,14425,7369,7056,7806,4500,3306,1441,751,690,217,99,118,2193,711,1482,1800,866,934,398,155,243,64,30,34,506,257,249
541,District-Khammam,Rural,18,26236,12141,14095,14078,7729,6349,2433,1163,1270,352,149,203,3907,983,2924,3742,1500,2242,817,287,530,126,60,66,781,270,511
541,District-Khammam,Rural,19,21760,9571,12189,11296,6171,5125,1909,872,1037,284,135,149,3749,806,2943,3114,1133,1981,713,229,484,93,37,56,602,188,414
541,District-Khammam,Urban,5-19,32163,15686,16477,5091,3698,1393,1144,671,473,218,131,87,9472,3029,6443,990,546,444,352,171,181,51,24,27,14845,7416,7429
541,District-Khammam,Urban,5,6257,3167,3090,6,3,3,0,0,0,0,0,0,108,49,59,30,14,16,25,8,17,0,0,0,6088,3093,2995
541,District-Khammam,Urban,6,4460,2340,2120,4,4,0,0,0,0,0,0,0,132,61,71,12,7,5,20,6,14,0,0,0,4292,2262,2030
541,District-Khammam,Urban,7,1386,691,695,4,3,1,3,0,3,0,0,0,159,67,92,11,5,6,6,4,2,0,0,0,1203,612,591
541,District-Khammam,Urban,8,644,354,290,7,4,3,4,4,0,0,0,0,149,75,74,4,3,1,3,1,2,0,0,0,477,267,210
541,District-Khammam,Urban,9,492,268,224,12,8,4,4,3,1,0,0,0,165,81,84,6,4,2,2,2,0,0,0,0,303,170,133
541,District-Khammam,Urban,10,739,392,347,22,13,9,4,3,1,0,0,0,250,137,113,17,5,12,9,2,7,2,1,1,435,231,204
541,District-Khammam,Urban,11,594,293,301,47,29,18,13,9,4,4,3,1,232,116,116,15,8,7,5,3,2,2,1,1,276,124,152
541,District-Khammam,Urban,12,697,331,366,103,69,34,24,11,13,6,3,3,318,131,187,31,22,9,16,6,10,5,2,3,194,87,107
541,District-Khammam,Urban,13,801,425,376,140,99,41,40,24,16,5,3,2,360,180,180,42,21,21,12,10,2,4,1,3,198,87,111
541,District-Khammam,Urban,14,1043,547,496,249,173,76,62,35,27,13,9,4,454,203,251,56,31,25,24,10,14,1,1,0,184,85,99
541,District-Khammam,Urban,15,1606,828,778,473,335,138,103,52,51,22,12,10,675,264,411,101,59,42,22,11,11,4,4,0,206,91,115
541,District-Khammam,Urban,16,1897,971,926,597,415,182,138,89,49,22,15,7,823,310,513,89,45,44,26,18,8,1,0,1,201,79,122
541,District-Khammam,Urban,17,2443,1239,1204,785,598,187,168,103,65,29,18,11,1133,350,783,115,72,43,30,17,13,5,3,2,178,78,100
541,District-Khammam,Urban,18,4570,1981,2589,1370,986,384,296,174,122,65,36,29,2167,511,1656,268,152,116,85,42,43,13,5,8,306,75,231
541,District-Khammam,Urban,19,4534,1859,2675,1272,959,313,285,164,121,52,32,20,2347,494,1853,193,98,95,67,31,36,14,6,8,304,75,229
542,District-Srikakulam,Total,5-19,175174,80284,94890,37359,23033,14326,16282,7638,8644,3932,1549,2383,41757,13036,28721,10852,4790,6062,4984,1545,3439,970,260,710,59038,28433,30605
542,District-Srikakulam,Total,5,26634,13597,13037,16,11,5,6,4,2,3,0,3,310,155,155,152,75,77,50,21,29,7,3,4,26090,13328,12762
542,District-Srikakulam,Total,6,15138,7862,7276,13,12,1,4,3,1,1,0,1,474,242,232,71,35,36,55,31,24,9,3,6,14511,7536,6975
542,District-Srikakulam,Total,7,5114,2593,2521,33,21,12,5,2,3,3,2,1,539,242,297,67,40,27,21,8,13,4,3,1,4442,2275,2167
542,District-Srikakulam,Total,8,2453,1202,1251,46,28,18,11,4,7,5,2,3,511,241,270,55,30,25,22,11,11,8,5,3,1795,881,914
542,District-Srikakulam,Total,9,1945,958,987,68,41,27,8,5,3,6,4,2,489,241,248,61,31,30,30,10,20,5,2,3,1278,624,654
542,District-Srikakulam,Total,10,2539,1192,1347,92,52,40,47,18,29,12,7,5,729,347,382,85,43,42,71,29,42,12,5,7,1491,691,800
542,District-Srikakulam,Total,11,2208,990,1218,192,114,78,94,46,48,38,13,25,811,337,474,133,64,69,59,20,39,23,8,15,858,388,470
542,District-Srikakulam,Total,12,3876,1685,2191,535,315,220,255,107,148,63,26,37,1490,625,865,291,116,175,151,49,102,36,11,25,1055,436,619
542,District-Srikakulam,Total,13,4408,1852,2556,781,428,353,392,167,225,132,51,81,1648,659,989,373,155,218,174,57,117,42,13,29,866,322,544
542,District-Srikakulam,Total,14,6701,2847,3854,1511,821,690,760,340,420,220,83,137,2269,841,1428,639,269,370,303,92,211,66,23,43,933,378,555
542,District-Srikakulam,Total,15,11785,5141,6644,3233,1870,1363,1457,662,795,398,149,249,3849,1335,2514,1112,511,601,529,184,345,109,29,80,1098,401,697
542,District-Srikakulam,Total,16,15180,6585,8595,4715,2772,1943,2191,953,1238,513,195,318,4918,1549,3369,1225,554,671,534,182,352,110,30,80,974,350,624
542,District-Srikakulam,Total,17,18143,8238,9905,6005,3757,2248,2731,1338,1393,643,272,371,5847,1736,4111,1352,636,716,629,218,411,110,32,78,826,249,577
542,District-Srikakulam,Total,18,32114,13778,18336,10874,6797,4077,4522,2119,2403,1038,401,637,9653,2446,7207,2938,1266,1672,1294,365,929,239,45,194,1556,339,1217
542,District-Srikakulam,Total,19,26936,11764,15172,9245,5994,3251,3799,1870,1929,857,344,513,8220,2040,6180,2298,965,1333,1062,268,794,190,48,142,1265,235,1030
542,District-Srikakulam,Rural,5-19,152063,69460,82603,33156,20184,12972,15352,7108,8244,3723,1423,2300,34714,10969,23745,9949,4309,5640,4776,1460,3316,921,241,680,49472,23766,25706
542,District-Srikakulam,Rural,5,22404,11434,10970,12,7,5,5,3,2,2,0,2,261,130,131,137,67,70,44,21,23,6,3,3,21937,11203,10734
542,District-Srikakulam,Rural,6,12382,6430,5952,10,9,1,3,2,1,1,0,1,411,217,194,62,32,30,46,24,22,9,3,6,11840,6143,5697
542,District-Srikakulam,Rural,7,4266,2161,2105,28,20,8,4,2,2,3,2,1,441,198,243,64,39,25,19,7,12,4,3,1,3703,1890,1813
542,District-Srikakulam,Rural,8,2109,1016,1093,38,22,16,10,3,7,5,2,3,440,209,231,47,24,23,18,8,10,8,5,3,1543,743,800
542,District-Srikakulam,Rural,9,1689,823,866,59,38,21,8,5,3,6,4,2,408,197,211,55,28,27,29,10,19,4,1,3,1120,540,580
542,District-Srikakulam,Rural,10,2187,1013,1174,77,43,34,45,18,27,11,6,5,626,298,328,78,39,39,68,29,39,12,5,7,1270,575,695
542,District-Srikakulam,Rural,11,1916,859,1057,164,99,65,89,44,45,37,12,25,667,274,393,125,58,67,58,20,38,22,7,15,754,345,409
542,District-Srikakulam,Rural,12,3400,1441,1959,470,261,209,236,96,140,60,25,35,1279,526,753,264,101,163,143,44,99,34,10,24,914,378,536
542,District-Srikakulam,Rural,13,3908,1623,2285,684,361,323,368,154,214,127,47,80,1429,574,855,344,136,208,166,54,112,41,12,29,749,285,464
542,District-Srikakulam,Rural,14,5932,2480,3452,1344,714,630,722,319,403,208,72,136,1928,700,1228,581,241,340,292,85,207,58,19,39,799,330,469
542,District-Srikakulam,Rural,15,10451,4521,5930,2877,1643,1234,1370,610,760,374,139,235,3247,1108,2139,1021,465,556,516,179,337,107,29,78,939,348,591
542,District-Srikakulam,Rural,16,13507,5813,7694,4204,2446,1758,2067,894,1173,483,174,309,4160,1294,2866,1142,511,631,518,175,343,105,29,76,828,290,538
542,District-Srikakulam,Rural,17,16013,7276,8737,5325,3288,2037,2573,1245,1328,609,252,357,4876,1482,3394,1224,560,664,600,207,393,108,32,76,698,210,488
542,District-Srikakulam,Rural,18,28352,12194,16158,9677,5998,3679,4275,1978,2297,986,366,620,7926,2049,5877,2702,1137,1565,1240,342,898,226,40,186,1320,284,1036
542,District-Srikakulam,Rural,19,23547,10376,13171,8187,5235,2952,3577,1735,1842,811,322,489,6615,1713,4902,2103,871,1232,1019,255,764,177,43,134,1058,202,856
542,District-Srikakulam,Urban,5-19,23111,10824,12287,4203,2849,1354,930,530,400,209,126,83,7043,2067,4976,903,481,422,208,85,123,49,19,30,9566,4667,4899
542,District-Srikakulam,Urban,5,4230,2163,2067,4,4,0,1,1,0,1,0,1,49,25,24,15,8,7,6,0,6,1,0,1,4153,2125,2028
542,District-Srikakulam,Urban,6,2756,1432,1324,3,3,0,1,1,0,0,0,0,63,25,38,9,3,6,9,7,2,0,0,0,2671,1393,1278
542,District-Srikakulam,Urban,7,848,432,416,5,1,4,1,0,1,0,0,0,98,44,54,3,1,2,2,1,1,0,0,0,739,385,354
542,District-Srikakulam,Urban,8,344,186,158,8,6,2,1,1,0,0,0,0,71,32,39,8,6,2,4,3,1,0,0,0,252,138,114
542,District-Srikakulam,Urban,9,256,135,121,9,3,6,0,0,0,0,0,0,81,44,37,6,3,3,1,0,1,1,1,0,158,84,74
542,District-Srikakulam,Urban,10,352,179,173,15,9,6,2,0,2,1,1,0,103,49,54,7,4,3,3,0,3,0,0,0,221,116,105
542,District-Srikakulam,Urban,11,292,131,161,28,15,13,5,2,3,1,1,0,144,63,81,8,6,2,1,0,1,1,1,0,104,43,61
542,District-Srikakulam,Urban,12,476,244,232,65,54,11,19,11,8,3,1,2,211,99,112,27,15,12,8,5,3,2,1,1,141,58,83
542,District-Srikakulam,Urban,13,500,229,271,97,67,30,24,13,11,5,4,1,219,85,134,29,19,10,8,3,5,1,1,0,117,37,80
542,District-Srikakulam,Urban,14,769,367,402,167,107,60,38,21,17,12,11,1,341,141,200,58,28,30,11,7,4,8,4,4,134,48,86
542,District-Srikakulam,Urban,15,1334,620,714,356,227,129,87,52,35,24,10,14,602,227,375,91,46,45,13,5,8,2,0,2,159,53,106
542,District-Srikakulam,Urban,16,1673,772,901,511,326,185,124,59,65,30,21,9,758,255,503,83,43,40,16,7,9,5,1,4,146,60,86
542,District-Srikakulam,Urban,17,2130,962,1168,680,469,211,158,93,65,34,20,14,971,254,717,128,76,52,29,11,18,2,0,2,128,39,89
542,District-Srikakulam,Urban,18,3762,1584,2178,1197,799,398,247,141,106,52,35,17,1727,397,1330,236,129,107,54,23,31,13,5,8,236,55,181
542,District-Srikakulam,Urban,19,3389,1388,2001,1058,759,299,222,135,87,46,22,24,1605,327,1278,195,94,101,43,13,30,13,5,8,207,33,174
543,District-Vizianagaram,Total,5-19,160526,74592,85934,39121,24113,15008,10497,4838,5659,2045,915,1130,33527,10492,23035,16219,7195,9024,4746,1549,3197,828,228,600,53543,25262,28281
543,District-Vizianagaram,Total,5,21947,11130,10817,33,24,9,4,2,2,3,1,2,268,120,148,183,92,91,79,47,32,8,4,4,21369,10840,10529
543,District-Vizianagaram,Total,6,12871,6652,6219,34,19,15,7,6,1,0,0,0,403,209,194,118,59,59,51,20,31,10,7,3,12248,6332,5916
543,District-Vizianagaram,Total,7,5175,2558,2617,45,28,17,16,8,8,1,0,1,481,248,233,75,40,35,29,13,16,8,3,5,4520,2218,2302
543,District-Vizianagaram,Total,8,2742,1307,1435,58,39,19,10,7,3,1,0,1,497,219,278,90,44,46,45,22,23,14,3,11,2027,973,1054
543,District-Vizianagaram,Total,9,2321,1128,1193,87,54,33,34,19,15,2,0,2,530,250,280,110,39,71,52,21,31,11,4,7,1495,741,754
543,District-Vizianagaram,Total,10,3202,1528,1674,172,104,68,53,29,24,11,6,5,744,356,388,221,106,115,89,33,56,17,4,13,1895,890,1005
543,District-Vizianagaram,Total,11,2734,1196,1538,321,169,152,129,52,77,34,21,13,854,359,495,262,120,142,88,30,58,14,5,9,1032,440,592
543,District-Vizianagaram,Total,12,4658,2084,2574,831,481,350,226,102,124,56,31,25,1444,604,840,571,265,306,207,68,139,52,12,40,1271,521,750
543,District-Vizianagaram,Total,13,5279,2259,3020,1158,595,563,366,150,216,102,35,67,1704,687,1017,668,295,373,204,68,136,51,19,32,1026,410,616
543,District-Vizianagaram,Total,14,7501,3262,4239,2084,1130,954,651,285,366,146,74,72,2132,815,1317,1063,450,613,321,108,213,76,24,52,1028,376,652
543,District-Vizianagaram,Total,15,11995,5498,6497,3842,2224,1618,1195,536,659,248,109,139,3135,1150,1985,1812,836,976,566,189,377,111,36,75,1086,418,668
543,District-Vizianagaram,Total,16,14418,6627,7791,5242,3113,2129,1487,709,778,296,134,162,3749,1206,2543,2050,923,1127,537,196,341,87,30,57,970,316,654
543,District-Vizianagaram,Total,17,15518,7255,8263,6031,3820,2211,1605,778,827,296,133,163,4203,1167,3036,1911,895,1016,526,172,354,83,15,68,863,275,588
543,District-Vizianagaram,Total,18,27322,12038,15284,10403,6582,3821,2604,1189,1415,470,213,257,7117,1688,5429,3957,1711,2246,1097,324,773,162,36,126,1512,295,1217
543,District-Vizianagaram,Total,19,22843,10070,12773,8780,5731,3049,2110,966,1144,379,158,221,6266,1414,4852,3128,1320,1808,855,238,617,124,26,98,1201,217,984
543,District-Vizianagaram,Rural,5-19,134685,62351,72334,34170,20459,13711,9713,4368,5345,1832,783,1049,24907,7956,16951,15269,6623,8646,4534,1436,3098,779,207,572,43481,20519,22962
543,District-Vizianagaram,Rural,5,17752,8996,8756,25,17,8,4,2,2,3,1,2,200,92,108,171,83,88,75,44,31,8,4,4,17266,8753,8513
543,District-Vizianagaram,Rural,6,10203,5277,4926,34,19,15,7,6,1,0,0,0,307,158,149,112,56,56,45,17,28,8,6,2,9690,5015,4675
543,District-Vizianagaram,Rural,7,4310,2120,2190,37,25,12,14,7,7,1,0,1,375,191,184,71,38,33,28,12,16,5,3,2,3779,1844,1935
543,District-Vizianagaram,Rural,8,2335,1100,1235,49,34,15,10,7,3,1,0,1,410,181,229,85,41,44,43,22,21,13,3,10,1724,812,912
543,District-Vizianagaram,Rural,9,2003,969,1034,74,44,30,32,17,15,2,0,2,449,211,238,109,39,70,43,17,26,10,3,7,1284,638,646
543,District-Vizianagaram,Rural,10,2770,1308,1462,156,93,63,51,27,24,11,6,5,629,294,335,213,102,111,86,30,56,15,3,12,1609,753,856
543,District-Vizianagaram,Rural,11,2377,1026,1351,280,142,138,120,48,72,31,19,12,705,291,414,248,111,137,85,28,57,13,4,9,895,383,512
543,District-Vizianagaram,Rural,12,4094,1813,2281,749,423,326,218,100,118,52,28,24,1210,504,706,543,246,297,205,67,138,49,12,37,1068,433,635
543,District-Vizianagaram,Rural,13,4589,1934,2655,1038,521,517,340,138,202,97,31,66,1364,541,823,633,273,360,197,64,133,50,19,31,870,347,523
543,District-Vizianagaram,Rural,14,6537,2798,3739,1852,966,886,609,260,349,135,66,69,1687,651,1036,1018,427,591,308,100,208,72,22,50,856,306,550
543,District-Vizianagaram,Rural,15,10429,4697,5732,3413,1912,1501,1113,490,623,223,93,130,2432,889,1543,1703,768,935,536,167,369,107,35,72,902,343,559
543,District-Vizianagaram,Rural,16,12459,5691,6768,4649,2698,1951,1388,647,741,264,116,148,2839,910,1929,1943,854,1089,512,183,329,84,28,56,780,255,525
543,District-Vizianagaram,Rural,17,13084,6064,7020,5230,3219,2011,1475,693,782,262,108,154,3067,840,2227,1785,814,971,505,163,342,79,12,67,681,215,466
543,District-Vizianagaram,Rural,18,23012,10215,12797,9071,5582,3489,2407,1069,1338,412,181,231,5033,1238,3795,3716,1571,2145,1051,303,748,152,32,120,1170,239,931
543,District-Vizianagaram,Rural,19,18731,8343,10388,7513,4764,2749,1925,857,1068,338,134,204,4200,965,3235,2919,1200,1719,815,219,596,114,21,93,907,183,724
543,District-Vizianagaram,Urban,5-19,25841,12241,13600,4951,3654,1297,784,470,314,213,132,81,8620,2536,6084,950,572,378,212,113,99,49,21,28,10062,4743,5319
543,District-Vizianagaram,Urban,5,4195,2134,2061,8,7,1,0,0,0,0,0,0,68,28,40,12,9,3,4,3,1,0,0,0,4103,2087,2016
543,District-Vizianagaram,Urban,6,2668,1375,1293,0,0,0,0,0,0,0,0,0,96,51,45,6,3,3,6,3,3,2,1,1,2558,1317,1241
543,District-Vizianagaram,Urban,7,865,438,427,8,3,5,2,1,1,0,0,0,106,57,49,4,2,2,1,1,0,3,0,3,741,374,367
543,District-Vizianagaram,Urban,8,407,207,200,9,5,4,0,0,0,0,0,0,87,38,49,5,3,2,2,0,2,1,0,1,303,161,142
543,District-Vizianagaram,Urban,9,318,159,159,13,10,3,2,2,0,0,0,0,81,39,42,1,0,1,9,4,5,1,1,0,211,103,108
543,District-Vizianagaram,Urban,10,432,220,212,16,11,5,2,2,0,0,0,0,115,62,53,8,4,4,3,3,0,2,1,1,286,137,149
543,District-Vizianagaram,Urban,11,357,170,187,41,27,14,9,4,5,3,2,1,149,68,81,14,9,5,3,2,1,1,1,0,137,57,80
543,District-Vizianagaram,Urban,12,564,271,293,82,58,24,8,2,6,4,3,1,234,100,134,28,19,9,2,1,1,3,0,3,203,88,115
543,District-Vizianagaram,Urban,13,690,325,365,120,74,46,26,12,14,5,4,1,340,146,194,35,22,13,7,4,3,1,0,1,156,63,93
543,District-Vizianagaram,Urban,14,964,464,500,232,164,68,42,25,17,11,8,3,445,164,281,45,23,22,13,8,5,4,2,2,172,70,102
543,District-Vizianagaram,Urban,15,1566,801,765,429,312,117,82,46,36,25,16,9,703,261,442,109,68,41,30,22,8,4,1,3,184,75,109
543,District-Vizianagaram,Urban,16,1959,936,1023,593,415,178,99,62,37,32,18,14,910,296,614,107,69,38,25,13,12,3,2,1,190,61,129
543,District-Vizianagaram,Urban,17,2434,1191,1243,801,601,200,130,85,45,34,25,9,1136,327,809,126,81,45,21,9,12,4,3,1,182,60,122
543,District-Vizianagaram,Urban,18,4310,1823,2487,1332,1000,332,197,120,77,58,32,26,2084,450,1634,241,140,101,46,21,25,10,4,6,342,56,286
543,District-Vizianagaram,Urban,19,4112,1727,2385,1267,967,300,185,109,76,41,24,17,2066,449,1617,209,120,89,40,19,21,10,5,5,294,34,260
544,District-Visakhapatnam,Total,5-19,283936,132365,151571,46481,30650,15831,17537,9481,8056,3665,1935,1730,69174,22847,46327,22985,10055,12930,10617,3623,6994,2112,729,1383,111365,53045,58320
544,District-Visakhapatnam,Total,5,42628,21575,21053,63,41,22,37,25,12,2,0,2,770,372,398,634,331,303,395,206,189,58,37,21,40669,20563,20106
544,District-Visakhapatnam,Total,6,29414,14973,14441,60,44,16,32,17,15,3,2,1,981,447,534,451,230,221,292,145,147,51,27,24,27544,14061,13483
544,District-Visakhapatnam,Total,7,12243,6168,6075,112,73,39,44,21,23,9,5,4,1199,593,606,386,197,189,178,78,100,39,16,23,10276,5185,5091
544,District-Visakhapatnam,Total,8,7098,3393,3705,109,67,42,49,23,26,10,3,7,1150,562,588,336,163,173,189,79,110,45,17,28,5210,2479,2731
544,District-Visakhapatnam,Total,9,5560,2690,2870,164,93,71,77,38,39,14,8,6,1100,556,544,401,166,235,214,85,129,48,19,29,3542,1725,1817
544,District-Visakhapatnam,Total,10,7328,3569,3759,287,195,92,129,71,58,36,20,16,1565,782,783,545,242,303,289,105,184,74,31,43,4403,2123,2280
544,District-Visakhapatnam,Total,11,6054,2824,3230,539,371,168,226,111,115,58,32,26,1769,810,959,618,264,354,293,115,178,81,27,54,2470,1094,1376
544,District-Visakhapatnam,Total,12,7614,3461,4153,938,617,321,420,215,205,119,59,60,2292,973,1319,930,407,523,479,173,306,139,43,96,2297,974,1323
544,District-Visakhapatnam,Total,13,8016,3765,4251,1347,871,476,573,299,274,152,81,71,2565,1142,1423,968,425,543,488,170,318,115,43,72,1808,734,1074
544,District-Visakhapatnam,Total,14,10803,4955,5848,2128,1291,837,974,484,490,228,134,94,3487,1475,2012,1359,586,773,675,230,445,165,54,111,1787,701,1086
544,District-Visakhapatnam,Total,15,17478,8221,9257,4126,2575,1551,1771,936,835,364,176,188,5445,2078,3367,2340,1146,1194,1097,395,702,208,78,130,2127,837,1290
544,District-Visakhapatnam,Total,16,20788,9445,11343,5470,3394,2076,2266,1247,1019,457,237,220,7189,2441,4748,2302,1046,1256,1095,381,714,229,81,148,1780,618,1162
544,District-Visakhapatnam,Total,17,24758,11405,13353,7023,4671,2352,2548,1401,1147,563,310,253,9109,2903,6206,2546,1102,1444,1135,379,756,185,62,123,1649,577,1072
544,District-Visakhapatnam,Total,18,43737,18720,25017,12532,8265,4267,4483,2421,2062,900,455,445,15654,4172,11482,4794,1952,2842,1997,605,1392,345,103,242,3032,747,2285
544,District-Visakhapatnam,Total,19,40417,17201,23216,11583,8082,3501,3908,2172,1736,750,413,337,14899,3541,11358,4375,1798,2577,1801,477,1324,330,91,239,2771,627,2144
544,District-Visakhapatnam,Rural,5-19,187189,86392,100797,34173,21354,12819,14157,7418,6739,3021,1468,1553,34424,11320,23104,20226,8336,11890,9443,3031,6412,1967,650,1317,69778,32815,36963
544,District-Visakhapatnam,Rural,5,25852,13027,12825,27,14,13,11,8,3,2,0,2,325,164,161,445,216,229,228,121,107,50,31,19,24764,12473,12291
544,District-Visakhapatnam,Rural,6,17264,8665,8599,27,15,12,16,5,11,3,2,1,505,231,274,354,168,186,170,76,94,48,24,24,16141,8144,7997
544,District-Visakhapatnam,Rural,7,8090,4010,4080,57,31,26,16,9,7,8,4,4,574,290,284,322,161,161,133,54,79,36,15,21,6944,3446,3498
544,District-Visakhapatnam,Rural,8,5025,2326,2699,63,39,24,30,13,17,8,2,6,622,299,323,304,144,160,154,59,95,42,17,25,3802,1753,2049
544,District-Visakhapatnam,Rural,9,3886,1810,2076,115,61,54,57,24,33,14,8,6,575,295,280,361,148,213,172,64,108,46,18,28,2546,1192,1354
544,District-Visakhapatnam,Rural,10,5069,2355,2714,178,106,72,88,51,37,33,17,16,850,430,420,482,197,285,256,91,165,72,30,42,3110,1433,1677
544,District-Visakhapatnam,Rural,11,4013,1828,2185,308,184,124,178,80,98,54,29,25,924,460,464,541,213,328,262,95,167,80,26,54,1666,741,925
544,District-Visakhapatnam,Rural,12,5517,2445,3072,645,376,269,338,168,170,112,54,58,1327,603,724,857,365,492,437,152,285,136,42,94,1665,685,980
544,District-Visakhapatnam,Rural,13,5575,2530,3045,938,536,402,481,255,226,136,72,64,1363,632,731,861,363,498,449,152,297,112,41,71,1235,479,756
544,District-Visakhapatnam,Rural,14,7733,3472,4261,1648,946,702,829,411,418,194,107,87,1873,765,1108,1244,516,728,623,206,417,156,49,107,1166,472,694
544,District-Visakhapatnam,Rural,15,12670,5867,6803,3188,1877,1311,1502,785,717,324,151,173,2946,1121,1825,2088,974,1114,1029,362,667,186,68,118,1407,529,878
544,District-Visakhapatnam,Rural,16,14862,6666,8196,4268,2531,1737,1892,1001,891,393,193,200,3897,1282,2615,2049,886,1163,1009,329,680,213,70,143,1141,374,767
544,District-Visakhapatnam,Rural,17,16529,7567,8962,5200,3313,1887,2025,1094,931,464,241,223,4458,1327,3131,2249,906,1343,1033,323,710,174,56,118,926,307,619
544,District-Visakhapatnam,Rural,18,29655,12780,16875,9427,5941,3486,3649,1897,1752,719,325,394,7677,1924,5753,4224,1612,2612,1844,533,1311,318,92,226,1797,456,1341
544,District-Visakhapatnam,Rural,19,25449,11044,14405,8084,5384,2700,3045,1617,1428,557,263,294,6508,1497,5011,3845,1467,2378,1644,414,1230,298,71,227,1468,331,1137
544,District-Visakhapatnam,Urban,5-19,96747,45973,50774,12308,9296,3012,3380,2063,1317,644,467,177,34750,11527,23223,2759,1719,1040,1174,592,582,145,79,66,41587,20230,21357
544,District-Visakhapatnam,Urban,5,16776,8548,8228,36,27,9,26,17,9,0,0,0,445,208,237,189,115,74,167,85,82,8,6,2,15905,8090,7815
544,District-Visakhapatnam,Urban,6,12150,6308,5842,33,29,4,16,12,4,0,0,0,476,216,260,97,62,35,122,69,53,3,3,0,11403,5917,5486
544,District-Visakhapatnam,Urban,7,4153,2158,1995,55,42,13,28,12,16,1,1,0,625,303,322,64,36,28,45,24,21,3,1,2,3332,1739,1593
544,District-Visakhapatnam,Urban,8,2073,1067,1006,46,28,18,19,10,9,2,1,1,528,263,265,32,19,13,35,20,15,3,0,3,1408,726,682
544,District-Visakhapatnam,Urban,9,1674,880,794,49,32,17,20,14,6,0,0,0,525,261,264,40,18,22,42,21,21,2,1,1,996,533,463
544,District-Visakhapatnam,Urban,10,2259,1214,1045,109,89,20,41,20,21,3,3,0,715,352,363,63,45,18,33,14,19,2,1,1,1293,690,603
544,District-Visakhapatnam,Urban,11,2041,996,1045,231,187,44,48,31,17,4,3,1,845,350,495,77,51,26,31,20,11,1,1,0,804,353,451
544,District-Visakhapatnam,Urban,12,2097,1016,1081,293,241,52,82,47,35,7,5,2,965,370,595,73,42,31,42,21,21,3,1,2,632,289,343
544,District-Visakhapatnam,Urban,13,2441,1235,1206,409,335,74,92,44,48,16,9,7,1202,510,692,107,62,45,39,18,21,3,2,1,573,255,318
544,District-Visakhapatnam,Urban,14,3070,1483,1587,480,345,135,145,73,72,34,27,7,1614,710,904,115,70,45,52,24,28,9,5,4,621,229,392
544,District-Visakhapatnam,Urban,15,4808,2354,2454,938,698,240,269,151,118,40,25,15,2499,957,1542,252,172,80,68,33,35,22,10,12,720,308,412
544,District-Visakhapatnam,Urban,16,5926,2779,3147,1202,863,339,374,246,128,64,44,20,3292,1159,2133,253,160,93,86,52,34,16,11,5,639,244,395
544,District-Visakhapatnam,Urban,17,8229,3838,4391,1823,1358,465,523,307,216,99,69,30,4651,1576,3075,297,196,101,102,56,46,11,6,5,723,270,453
544,District-Visakhapatnam,Urban,18,14082,5940,8142,3105,2324,781,834,524,310,181,130,51,7977,2248,5729,570,340,230,153,72,81,27,11,16,1235,291,944
544,District-Visakhapatnam,Urban,19,14968,6157,8811,3499,2698,801,863,555,308,193,150,43,8391,2044,6347,530,331,199,157,63,94,32,20,12,1303,296,1007
545,District-East Godavari,Total,5-19,374023,183959,190064,80408,63629,16779,19117,11564,7553,4638,2293,2345,125330,31880,93450,16794,12218,4576,4129,2229,1900,848,397,451,122759,59749,63010
545,District-East Godavari,Total,5,52028,26417,25611,26,17,9,5,1,4,1,0,1,559,295,264,195,112,83,90,48,42,8,3,5,51144,25941,25203
545,District-East Godavari,Total,6,33097,16885,16212,25,20,5,1,1,0,2,1,1,864,421,443,143,78,65,90,45,45,7,4,3,31965,16315,15650
545,District-East Godavari,Total,7,11760,6108,5652,61,39,22,17,9,8,7,4,3,1002,498,504,69,49,20,45,19,26,7,3,4,10552,5487,5065
545,District-East Godavari,Total,8,5592,2884,2708,79,52,27,23,13,10,4,4,0,1075,516,559,57,35,22,24,13,11,2,2,0,4328,2249,2079
545,District-East Godavari,Total,9,3971,2026,1945,88,61,27,31,18,13,9,3,6,1107,530,577,67,44,23,32,18,14,7,2,5,2630,1350,1280
545,District-East Godavari,Total,10,5325,2753,2572,200,141,59,59,32,27,21,10,11,1686,821,865,188,123,65,46,20,26,13,6,7,3112,1600,1512
545,District-East Godavari,Total,11,4512,2314,2198,395,303,92,108,60,48,28,13,15,1895,851,1044,229,163,66,58,34,24,24,12,12,1775,878,897
545,District-East Godavari,Total,12,7423,3873,3550,1014,767,247,300,174,126,87,54,33,3528,1513,2015,436,314,122,137,83,54,36,26,10,1885,942,943
545,District-East Godavari,Total,13,9122,4497,4625,1657,1247,410,441,257,184,151,79,72,4479,1711,2768,527,369,158,150,72,78,35,13,22,1682,749,933
545,District-East Godavari,Total,14,14373,7243,7130,3419,2522,897,916,546,370,234,110,124,6759,2436,4323,972,701,271,235,117,118,50,27,23,1788,784,1004
545,District-East Godavari,Total,15,25750,13139,12611,7178,5585,1593,1855,1151,704,516,260,256,11720,3616,8104,1835,1370,465,452,271,181,99,52,47,2095,834,1261
545,District-East Godavari,Total,16,34462,17053,17409,10745,8476,2269,2612,1571,1041,693,344,349,15833,4092,11741,2062,1563,499,485,276,209,90,47,43,1942,684,1258
545,District-East Godavari,Total,17,38791,19511,19280,13025,10466,2559,3016,1929,1087,733,368,365,17653,4259,13394,2090,1598,492,454,272,182,115,56,59,1705,563,1142
545,District-East Godavari,Total,18,70558,32924,37634,23376,18563,4813,5291,3153,2138,1272,596,676,31213,5776,25437,4640,3378,1262,1071,559,512,199,90,109,3496,809,2687
545,District-East Godavari,Total,19,57259,26332,30927,19120,15370,3750,4442,2649,1793,880,447,433,25957,4545,21412,3284,2321,963,760,382,378,156,54,102,2660,564,2096
545,District-East Godavari,Rural,5-19,295790,146315,149475,68202,53792,14410,16996,10092,6904,4140,1956,2184,96792,23437,73355,14171,10295,3876,3491,1836,1655,746,337,409,91252,44570,46682
545,District-East Godavari,Rural,5,39461,20084,19377,20,11,9,2,1,1,1,0,1,372,199,173,147,81,66,54,26,28,7,3,4,38858,19763,19095
545,District-East Godavari,Rural,6,24337,12451,11886,18,13,5,0,0,0,2,1,1,597,298,299,111,60,51,54,27,27,7,4,3,23548,12048,11500
545,District-East Godavari,Rural,7,8872,4582,4290,48,31,17,10,4,6,4,3,1,658,338,320,61,43,18,30,11,19,7,3,4,8054,4149,3905
545,District-East Godavari,Rural,8,4166,2155,2011,62,41,21,15,8,7,3,3,0,737,345,392,49,29,20,17,8,9,1,1,0,3282,1720,1562
545,District-East Godavari,Rural,9,2914,1471,1443,65,44,21,25,16,9,9,3,6,771,359,412,54,34,20,24,12,12,7,2,5,1959,1001,958
545,District-East Godavari,Rural,10,3897,2013,1884,162,114,48,47,24,23,18,9,9,1165,570,595,157,99,58,31,12,19,10,4,6,2307,1181,1126
545,District-East Godavari,Rural,11,3245,1698,1547,334,254,80,88,49,39,20,10,10,1325,604,721,189,136,53,46,26,20,19,8,11,1224,611,613
545,District-East Godavari,Rural,12,5682,3011,2671,853,646,207,262,149,113,79,48,31,2654,1152,1502,352,256,96,124,73,51,33,23,10,1325,664,661
545,District-East Godavari,Rural,13,7017,3473,3544,1379,1035,344,397,228,169,137,71,66,3333,1241,2092,443,308,135,132,59,73,32,12,20,1164,519,645
545,District-East Godavari,Rural,14,11534,5816,5718,2932,2148,784,821,479,342,215,99,116,5215,1809,3406,825,597,228,207,100,107,47,24,23,1272,560,712
545,District-East Godavari,Rural,15,21178,10828,10350,6194,4791,1403,1633,1001,632,457,225,232,9364,2764,6600,1566,1175,391,383,227,156,87,47,40,1494,598,896
545,District-East Godavari,Rural,16,28656,14195,14461,9284,7325,1959,2350,1390,960,644,306,338,12751,3082,9669,1745,1331,414,426,243,183,77,39,38,1379,479,900
545,District-East Godavari,Rural,17,31551,15955,15596,11047,8879,2168,2701,1705,996,648,310,338,13790,3098,10692,1740,1330,410,388,229,159,99,47,52,1138,357,781
545,District-East Godavari,Rural,18,57732,27240,30492,19822,15688,4134,4742,2774,1968,1131,501,630,24498,4281,20217,3979,2905,1074,923,471,452,174,75,99,2463,545,1918
545,District-East Godavari,Rural,19,45548,21343,24205,15982,12772,3210,3903,2264,1639,772,367,405,19562,3297,16265,2753,1911,842,652,312,340,139,45,94,1785,375,1410
545,District-East Godavari,Urban,5-19,78233,37644,40589,12206,9837,2369,2121,1472,649,498,337,161,28538,8443,20095,2623,1923,700,638,393,245,102,60,42,31507,15179,16328
545,District-East Godavari,Urban,5,12567,6333,6234,6,6,0,3,0,3,0,0,0,187,96,91,48,31,17,36,22,14,1,0,1,12286,6178,6108
545,District-East Godavari,Urban,6,8760,4434,4326,7,7,0,1,1,0,0,0,0,267,123,144,32,18,14,36,18,18,0,0,0,8417,4267,4150
545,District-East Godavari,Urban,7,2888,1526,1362,13,8,5,7,5,2,3,1,2,344,160,184,8,6,2,15,8,7,0,0,0,2498,1338,1160
545,District-East Godavari,Urban,8,1426,729,697,17,11,6,8,5,3,1,1,0,338,171,167,8,6,2,7,5,2,1,1,0,1046,529,517
545,District-East Godavari,Urban,9,1057,555,502,23,17,6,6,2,4,0,0,0,336,171,165,13,10,3,8,6,2,0,0,0,671,349,322
545,District-East Godavari,Urban,10,1428,740,688,38,27,11,12,8,4,3,1,2,521,251,270,31,24,7,15,8,7,3,2,1,805,419,386
545,District-East Godavari,Urban,11,1267,616,651,61,49,12,20,11,9,8,3,5,570,247,323,40,27,13,12,8,4,5,4,1,551,267,284
545,District-East Godavari,Urban,12,1741,862,879,161,121,40,38,25,13,8,6,2,874,361,513,84,58,26,13,10,3,3,3,0,560,278,282
545,District-East Godavari,Urban,13,2105,1024,1081,278,212,66,44,29,15,14,8,6,1146,470,676,84,61,23,18,13,5,3,1,2,518,230,288
545,District-East Godavari,Urban,14,2839,1427,1412,487,374,113,95,67,28,19,11,8,1544,627,917,147,104,43,28,17,11,3,3,0,516,224,292
545,District-East Godavari,Urban,15,4572,2311,2261,984,794,190,222,150,72,59,35,24,2356,852,1504,269,195,74,69,44,25,12,5,7,601,236,365
545,District-East Godavari,Urban,16,5806,2858,2948,1461,1151,310,262,181,81,49,38,11,3082,1010,2072,317,232,85,59,33,26,13,8,5,563,205,358
545,District-East Godavari,Urban,17,7240,3556,3684,1978,1587,391,315,224,91,85,58,27,3863,1161,2702,350,268,82,66,43,23,16,9,7,567,206,361
545,District-East Godavari,Urban,18,12826,5684,7142,3554,2875,679,549,379,170,141,95,46,6715,1495,5220,661,473,188,148,88,60,25,15,10,1033,264,769
545,District-East Godavari,Urban,19,11711,4989,6722,3138,2598,540,539,385,154,108,80,28,6395,1248,5147,531,410,121,108,70,38,17,9,8,875,189,686
546,District-West Godavari,Total,5-19,272019,133456,138563,82464,55542,26922,15020,7419,7601,3459,1305,2154,68390,16507,51883,12441,7802,4639,2044,982,1062,325,149,176,87876,43750,44126
546,District-West Godavari,Total,5,40591,20490,20101,21,14,7,6,4,2,0,0,0,318,170,148,127,73,54,60,29,31,3,0,3,40056,20200,19856
546,District-West Godavari,Total,6,25856,13349,12507,24,12,12,5,1,4,2,1,1,589,280,309,90,59,31,45,25,20,3,2,1,25098,12969,12129
546,District-West Godavari,Total,7,7771,3966,3805,34,22,12,12,7,5,0,0,0,634,289,345,41,19,22,17,8,9,0,0,0,7033,3621,3412
546,District-West Godavari,Total,8,3420,1758,1662,48,33,15,10,6,4,4,3,1,650,302,348,49,30,19,10,4,6,3,3,0,2646,1377,1269
546,District-West Godavari,Total,9,2560,1354,1206,77,51,26,18,10,8,7,5,2,682,350,332,61,46,15,26,13,13,1,0,1,1688,879,809
546,District-West Godavari,Total,10,3329,1704,1625,152,93,59,50,27,23,9,4,5,930,458,472,153,97,56,36,23,13,8,3,5,1991,999,992
546,District-West Godavari,Total,11,3114,1557,1557,467,292,175,86,44,42,24,8,16,1208,538,670,160,102,58,31,14,17,10,7,3,1128,552,576
546,District-West Godavari,Total,12,5059,2565,2494,1263,783,480,224,105,119,56,26,30,1870,769,1101,433,283,150,81,41,40,17,10,7,1115,548,567
546,District-West Godavari,Total,13,6406,3140,3266,1980,1152,828,380,175,205,77,28,49,2371,955,1416,552,343,209,76,37,39,24,9,15,946,441,505
546,District-West Godavari,Total,14,9892,4964,4928,3753,2314,1439,734,377,357,175,95,80,3326,1189,2137,789,477,312,122,61,61,22,11,11,971,440,531
546,District-West Godavari,Total,15,17903,8899,9004,7717,4926,2791,1506,719,787,349,141,208,5689,1665,4024,1361,885,476,223,123,100,35,20,15,1023,420,603
546,District-West Godavari,Total,16,23846,11728,12118,10997,7156,3841,2095,1035,1060,478,166,312,7688,1960,5728,1427,928,499,225,123,102,33,13,20,903,347,556
546,District-West Godavari,Total,17,27780,13983,13797,13063,9081,3982,2410,1247,1163,564,222,342,9246,2039,7207,1488,974,514,228,105,123,43,23,20,738,292,446
546,District-West Godavari,Total,18,51065,23870,27195,23288,15853,7435,4223,2056,2167,937,316,621,17342,2997,14345,3308,2040,1268,472,209,263,71,28,43,1424,371,1053
546,District-West Godavari,Total,19,43427,20129,23298,19580,13760,5820,3261,1606,1655,777,290,487,15847,2546,13301,2402,1446,956,392,167,225,52,20,32,1116,294,822
546,District-West Godavari,Rural,5-19,228307,112496,115811,73989,49184,24805,13785,6687,7098,3179,1153,2026,54098,12602,41496,11033,6870,4163,1733,824,909,253,111,142,70237,35065,35172
546,District-West Godavari,Rural,5,33066,16705,16361,16,10,6,6,4,2,0,0,0,256,131,125,113,66,47,53,26,27,2,0,2,32620,16468,16152
546,District-West Godavari,Rural,6,20730,10726,10004,20,11,9,4,0,4,2,1,1,464,217,247,84,56,28,34,18,16,3,2,1,20119,10421,9698
546,District-West Godavari,Rural,7,6263,3178,3085,32,21,11,8,5,3,0,0,0,507,240,267,33,14,19,17,8,9,0,0,0,5666,2890,2776
546,District-West Godavari,Rural,8,2714,1402,1312,43,30,13,9,5,4,3,2,1,494,237,257,41,25,16,8,4,4,3,3,0,2113,1096,1017
546,District-West Godavari,Rural,9,2023,1081,942,71,48,23,17,9,8,7,5,2,532,269,263,51,40,11,22,11,11,1,0,1,1322,699,623
546,District-West Godavari,Rural,10,2598,1324,1274,133,80,53,42,22,20,8,4,4,723,356,367,145,90,55,23,15,8,4,2,2,1520,755,765
546,District-West Godavari,Rural,11,2484,1236,1248,409,250,159,79,38,41,23,8,15,949,428,521,143,92,51,26,12,14,9,7,2,846,401,445
546,District-West Godavari,Rural,12,4176,2140,2036,1160,708,452,209,100,109,52,26,26,1465,603,862,383,249,134,67,33,34,13,7,6,827,414,413
546,District-West Godavari,Rural,13,5406,2641,2765,1797,1027,770,340,153,187,75,27,48,1892,754,1138,489,302,187,69,34,35,20,8,12,724,336,388
546,District-West Godavari,Rural,14,8387,4221,4166,3419,2079,1340,668,337,331,161,84,77,2604,917,1687,709,426,283,103,52,51,15,7,8,708,319,389
546,District-West Godavari,Rural,15,15451,7666,7785,7015,4437,2578,1395,643,752,323,124,199,4558,1279,3279,1204,778,426,184,100,84,25,12,13,747,293,454
546,District-West Godavari,Rural,16,20634,10087,10547,9935,6338,3597,1938,949,989,433,139,294,6180,1468,4712,1270,824,446,193,102,91,29,11,18,656,256,400
546,District-West Godavari,Rural,17,23911,12162,11749,11769,8114,3655,2212,1126,1086,525,205,320,7330,1543,5787,1319,853,466,187,88,99,30,16,14,539,217,322
546,District-West Godavari,Rural,18,43704,20692,23012,20842,14032,6810,3867,1842,2025,846,275,571,13724,2263,11461,2928,1796,1132,410,182,228,56,23,33,1031,279,752
546,District-West Godavari,Rural,19,36760,17235,19525,17328,11999,5329,2991,1454,1537,721,253,468,12420,1897,10523,2121,1259,862,337,139,198,43,13,30,799,221,578
546,District-West Godavari,Urban,5-19,43712,20960,22752,8475,6358,2117,1235,732,503,280,152,128,14292,3905,10387,1408,932,476,311,158,153,72,38,34,17639,8685,8954
546,District-West Godavari,Urban,5,7525,3785,3740,5,4,1,0,0,0,0,0,0,62,39,23,14,7,7,7,3,4,1,0,1,7436,3732,3704
546,District-West Godavari,Urban,6,5126,2623,2503,4,1,3,1,1,0,0,0,0,125,63,62,6,3,3,11,7,4,0,0,0,4979,2548,2431
546,District-West Godavari,Urban,7,1508,788,720,2,1,1,4,2,2,0,0,0,127,49,78,8,5,3,0,0,0,0,0,0,1367,731,636
546,District-West Godavari,Urban,8,706,356,350,5,3,2,1,1,0,1,1,0,156,65,91,8,5,3,2,0,2,0,0,0,533,281,252
546,District-West Godavari,Urban,9,537,273,264,6,3,3,1,1,0,0,0,0,150,81,69,10,6,4,4,2,2,0,0,0,366,180,186
546,District-West Godavari,Urban,10,731,380,351,19,13,6,8,5,3,1,0,1,207,102,105,8,7,1,13,8,5,4,1,3,471,244,227
546,District-West Godavari,Urban,11,630,321,309,58,42,16,7,6,1,1,0,1,259,110,149,17,10,7,5,2,3,1,0,1,282,151,131
546,District-West Godavari,Urban,12,883,425,458,103,75,28,15,5,10,4,0,4,405,166,239,50,34,16,14,8,6,4,3,1,288,134,154
546,District-West Godavari,Urban,13,1000,499,501,183,125,58,40,22,18,2,1,1,479,201,278,63,41,22,7,3,4,4,1,3,222,105,117
546,District-West Godavari,Urban,14,1505,743,762,334,235,99,66,40,26,14,11,3,722,272,450,80,51,29,19,9,10,7,4,3,263,121,142
546,District-West Godavari,Urban,15,2452,1233,1219,702,489,213,111,76,35,26,17,9,1131,386,745,157,107,50,39,23,16,10,8,2,276,127,149
546,District-West Godavari,Urban,16,3212,1641,1571,1062,818,244,157,86,71,45,27,18,1508,492,1016,157,104,53,32,21,11,4,2,2,247,91,156
546,District-West Godavari,Urban,17,3869,1821,2048,1294,967,327,198,121,77,39,17,22,1916,496,1420,169,121,48,41,17,24,13,7,6,199,75,124
546,District-West Godavari,Urban,18,7361,3178,4183,2446,1821,625,356,214,142,91,41,50,3618,734,2884,380,244,136,62,27,35,15,5,10,393,92,301
546,District-West Godavari,Urban,19,6667,2894,3773,2252,1761,491,270,152,118,56,37,19,3427,649,2778,281,187,94,55,28,27,9,7,2,317,73,244
547,District-Krishna,Total,5-19,291991,143339,148652,75393,48198,27195,15881,7831,8050,2483,1067,1416,69455,21811,47644,17348,9356,7992,3949,1774,2175,520,221,299,106962,53081,53881
547,District-Krishna,Total,5,41152,21134,20018,421,306,115,69,36,33,7,3,4,1037,447,590,460,253,207,195,93,102,9,5,4,38954,19991,18963
547,District-Krishna,Total,6,29084,15067,14017,330,244,86,68,39,29,3,2,1,1157,527,630,300,171,129,176,89,87,5,0,5,27045,13995,13050
547,District-Krishna,Total,7,11713,6033,5680,456,321,135,95,48,47,14,9,5,1734,804,930,203,120,83,83,44,39,6,3,3,9122,4684,4438
547,District-Krishna,Total,8,6267,3214,3053,415,292,123,73,42,31,7,4,3,1522,702,820,172,84,88,56,26,30,6,2,4,4016,2062,1954
547,District-Krishna,Total,9,5727,3008,2719,445,304,141,88,51,37,4,1,3,1633,752,881,177,74,103,55,30,25,1,0,1,3324,1796,1528
547,District-Krishna,Total,10,6953,3516,3437,496,326,170,119,56,63,15,6,9,2000,921,1079,290,156,134,69,29,40,14,4,10,3950,2018,1932
547,District-Krishna,Total,11,6098,3030,3068,811,528,283,188,98,90,33,12,21,2142,951,1191,367,184,183,77,33,44,19,11,8,2461,1213,1248
547,District-Krishna,Total,12,7465,3586,3879,1506,886,620,317,150,167,52,23,29,2706,1128,1578,590,300,290,146,62,84,32,15,17,2116,1022,1094
547,District-Krishna,Total,13,8731,4037,4694,2141,1149,992,496,241,255,74,35,39,3202,1308,1894,697,343,354,139,57,82,19,7,12,1963,897,1066
547,District-Krishna,Total,14,11968,5770,6198,3679,2131,1548,802,364,438,172,66,106,3995,1588,2407,1007,540,467,224,115,109,51,17,34,2038,949,1089
547,District-Krishna,Total,15,18728,9252,9476,7055,4192,2863,1537,724,813,310,144,166,5454,2029,3425,1770,995,775,364,167,197,54,31,23,2184,970,1214
547,District-Krishna,Total,16,22655,11388,11267,9326,5856,3470,2066,1005,1061,356,170,186,6519,2178,4341,1816,987,829,427,214,213,58,26,32,2087,952,1135
547,District-Krishna,Total,17,26812,13476,13336,11458,7563,3895,2360,1185,1175,368,173,195,8166,2361,5805,1995,1183,812,411,188,223,53,25,28,2001,798,1203
547,District-Krishna,Total,18,44762,20944,23818,19021,12265,6756,3887,1959,1928,535,197,338,13675,3122,10553,3925,2096,1829,753,318,435,98,39,59,2868,948,1920
547,District-Krishna,Total,19,43876,19884,23992,17833,11835,5998,3716,1833,1883,533,222,311,14513,2993,11520,3579,1870,1709,774,309,465,95,36,59,2833,786,2047
547,District-Krishna,Rural,5-19,180384,89035,91349,56607,34457,22150,12547,5869,6678,1982,786,1196,33967,10336,23631,11881,5920,5961,2579,1035,1544,357,121,236,60464,30511,29953
547,District-Krishna,Rural,5,25074,12923,12151,237,164,73,41,20,21,6,2,4,434,192,242,269,141,128,89,41,48,5,1,4,23993,12362,11631
547,District-Krishna,Rural,6,16854,8746,8108,205,143,62,39,21,18,3,2,1,511,238,273,158,84,74,75,41,34,3,0,3,15860,8217,7643
547,District-Krishna,Rural,7,6307,3263,3044,265,182,83,51,26,25,9,6,3,777,351,426,134,74,60,37,21,16,5,2,3,5029,2601,2428
547,District-Krishna,Rural,8,3377,1737,1640,250,161,89,41,22,19,7,4,3,712,347,365,113,54,59,29,14,15,4,1,3,2221,1134,1087
547,District-Krishna,Rural,9,2985,1581,1404,276,184,92,43,25,18,3,1,2,740,338,402,113,47,66,32,16,16,0,0,0,1778,970,808
547,District-Krishna,Rural,10,3632,1843,1789,333,199,134,77,32,45,6,1,5,855,415,440,184,87,97,40,15,25,12,3,9,2125,1091,1034
547,District-Krishna,Rural,11,3236,1616,1620,521,309,212,122,63,59,26,8,18,1012,471,541,252,113,139,53,27,26,14,6,8,1236,619,617
547,District-Krishna,Rural,12,4204,1947,2257,1046,559,487,230,109,121,41,14,27,1276,512,764,411,186,225,89,29,60,21,8,13,1090,530,560
547,District-Krishna,Rural,13,5124,2326,2798,1548,766,782,371,167,204,57,23,34,1537,640,897,489,212,277,90,32,58,15,5,10,1017,481,536
547,District-Krishna,Rural,14,7447,3535,3912,2791,1506,1285,644,262,382,137,51,86,1950,801,1149,709,340,369,148,70,78,30,11,19,1038,494,544
547,District-Krishna,Rural,15,12190,5956,6234,5326,2993,2333,1253,567,686,254,116,138,2789,1011,1778,1236,665,571,256,107,149,42,22,20,1034,475,559
547,District-Krishna,Rural,16,14857,7384,7473,7215,4323,2892,1652,760,892,280,127,153,3284,999,2285,1245,635,610,284,124,160,41,12,29,856,404,452
547,District-Krishna,Rural,17,17255,8818,8437,8643,5510,3133,1885,900,985,295,126,169,4043,1091,2952,1299,715,584,269,110,159,32,11,21,789,355,434
547,District-Krishna,Rural,18,29923,14243,15680,14597,8988,5609,3158,1527,1631,448,156,292,7014,1516,5498,2844,1401,1443,545,206,339,61,16,45,1256,433,823
547,District-Krishna,Rural,19,27919,13117,14802,13354,8470,4884,2940,1368,1572,410,149,261,7033,1414,5619,2425,1166,1259,543,182,361,72,23,49,1142,345,797
547,District-Krishna,Urban,5-19,111607,54304,57303,18786,13741,5045,3334,1962,1372,501,281,220,35488,11475,24013,5467,3436,2031,1370,739,631,163,100,63,46498,22570,23928
547,District-Krishna,Urban,5,16078,8211,7867,184,142,42,28,16,12,1,1,0,603,255,348,191,112,79,106,52,54,4,4,0,14961,7629,7332
547,District-Krishna,Urban,6,12230,6321,5909,125,101,24,29,18,11,0,0,0,646,289,357,142,87,55,101,48,53,2,0,2,11185,5778,5407
547,District-Krishna,Urban,7,5406,2770,2636,191,139,52,44,22,22,5,3,2,957,453,504,69,46,23,46,23,23,1,1,0,4093,2083,2010
547,District-Krishna,Urban,8,2890,1477,1413,165,131,34,32,20,12,0,0,0,810,355,455,59,30,29,27,12,15,2,1,1,1795,928,867
547,District-Krishna,Urban,9,2742,1427,1315,169,120,49,45,26,19,1,0,1,893,414,479,64,27,37,23,14,9,1,0,1,1546,826,720
547,District-Krishna,Urban,10,3321,1673,1648,163,127,36,42,24,18,9,5,4,1145,506,639,106,69,37,29,14,15,2,1,1,1825,927,898
547,District-Krishna,Urban,11,2862,1414,1448,290,219,71,66,35,31,7,4,3,1130,480,650,115,71,44,24,6,18,5,5,0,1225,594,631
547,District-Krishna,Urban,12,3261,1639,1622,460,327,133,87,41,46,11,9,2,1430,616,814,179,114,65,57,33,24,11,7,4,1026,492,534
547,District-Krishna,Urban,13,3607,1711,1896,593,383,210,125,74,51,17,12,5,1665,668,997,208,131,77,49,25,24,4,2,2,946,416,530
547,District-Krishna,Urban,14,4521,2235,2286,888,625,263,158,102,56,35,15,20,2045,787,1258,298,200,98,76,45,31,21,6,15,1000,455,545
547,District-Krishna,Urban,15,6538,3296,3242,1729,1199,530,284,157,127,56,28,28,2665,1018,1647,534,330,204,108,60,48,12,9,3,1150,495,655
547,District-Krishna,Urban,16,7798,4004,3794,2111,1533,578,414,245,169,76,43,33,3235,1179,2056,571,352,219,143,90,53,17,14,3,1231,548,683
547,District-Krishna,Urban,17,9557,4658,4899,2815,2053,762,475,285,190,73,47,26,4123,1270,2853,696,468,228,142,78,64,21,14,7,1212,443,769
547,District-Krishna,Urban,18,14839,6701,8138,4424,3277,1147,729,432,297,87,41,46,6661,1606,5055,1081,695,386,208,112,96,37,23,14,1612,515,1097
547,District-Krishna,Urban,19,15957,6767,9190,4479,3365,1114,776,465,311,123,73,50,7480,1579,5901,1154,704,450,231,127,104,23,13,10,1691,441,1250
548,District-Guntur,Total,5-19,329093,153987,175106,91608,53998,37610,13650,6219,7431,2076,846,1230,58743,15383,43360,36523,16396,20127,5932,2179,3753,986,365,621,119575,58601,60974
548,District-Guntur,Total,5,49520,25483,24037,35,20,15,10,5,5,0,0,0,472,241,231,325,168,157,151,78,73,15,8,7,48512,24963,23549
548,District-Guntur,Total,6,31409,16154,15255,36,26,10,7,4,3,1,0,1,779,396,383,223,115,108,114,59,55,8,5,3,30241,15549,14692
548,District-Guntur,Total,7,11293,5873,5420,82,52,30,24,9,15,4,1,3,894,456,438,167,90,77,63,32,31,13,7,6,10046,5226,4820
548,District-Guntur,Total,8,6252,3156,3096,115,57,58,27,12,15,4,3,1,914,451,463,278,140,138,71,25,46,17,9,8,4826,2459,2367
548,District-Guntur,Total,9,5094,2564,2530,180,89,91,37,18,19,7,6,1,983,500,483,370,168,202,78,39,39,21,8,13,3418,1736,1682
548,District-Guntur,Total,10,6923,3265,3658,504,237,267,69,29,40,24,11,13,1359,634,725,742,325,417,161,59,102,48,23,25,4016,1947,2069
548,District-Guntur,Total,11,6062,2711,3351,936,442,494,173,63,110,43,16,27,1526,636,890,865,377,488,170,72,98,46,16,30,2303,1089,1214
548,District-Guntur,Total,12,9574,4198,5376,2328,1126,1202,386,157,229,104,36,68,2264,947,1317,1827,788,1039,285,110,175,87,30,57,2293,1004,1289
548,District-Guntur,Total,13,10755,4588,6167,3376,1543,1833,546,217,329,104,36,68,2621,1029,1592,1805,731,1074,321,109,212,66,28,38,1916,895,1021
548,District-Guntur,Total,14,14395,6452,7943,5510,2882,2628,894,379,515,160,53,107,3225,1140,2085,2481,1098,1383,396,152,244,77,26,51,1652,722,930
548,District-Guntur,Total,15,22543,10677,11866,9504,5310,4194,1512,673,839,268,123,145,4583,1480,3103,4042,1988,2054,639,268,371,126,62,64,1869,773,1096
548,District-Guntur,Total,16,25550,12286,13264,11806,7002,4804,1795,894,901,272,108,164,5508,1476,4032,3981,1965,2016,518,221,297,83,31,52,1587,589,998
548,District-Guntur,Total,17,28681,14183,14498,13471,8527,4944,1921,997,924,301,137,164,6842,1627,5215,3952,2051,1901,588,255,333,81,29,52,1525,560,965
548,District-Guntur,Total,18,53473,22537,30936,23335,13940,9395,3378,1484,1894,410,155,255,13442,2271,11171,8632,3609,5023,1268,396,872,151,44,107,2857,638,2219
548,District-Guntur,Total,19,47569,19860,27709,20390,12745,7645,2871,1278,1593,374,161,213,13331,2099,11232,6833,2783,4050,1109,304,805,147,39,108,2514,451,2063
548,District-Guntur,Rural,5-19,230973,107578,123395,72201,40064,32137,11026,4796,6230,1636,608,1028,32535,8816,23719,29036,12112,16924,4578,1572,3006,692,237,455,79269,39373,39896
548,District-Guntur,Rural,5,34051,17498,16553,21,11,10,6,1,5,0,0,0,287,145,142,223,115,108,81,41,40,8,4,4,33425,17181,16244
548,District-Guntur,Rural,6,21039,10823,10216,27,21,6,4,4,0,1,0,1,476,240,236,139,71,68,64,33,31,4,1,3,20324,10453,9871
548,District-Guntur,Rural,7,7665,3988,3677,55,32,23,15,5,10,3,1,2,556,279,277,125,56,69,39,21,18,8,4,4,6864,3590,3274
548,District-Guntur,Rural,8,4240,2122,2118,82,36,46,20,8,12,2,2,0,549,270,279,229,111,118,47,18,29,13,7,6,3298,1670,1628
548,District-Guntur,Rural,9,3414,1726,1688,132,60,72,23,14,9,5,4,1,592,301,291,304,138,166,54,25,29,14,5,9,2290,1179,1111
548,District-Guntur,Rural,10,4722,2212,2510,407,180,227,54,17,37,20,8,12,824,406,418,607,259,348,112,36,76,37,17,20,2661,1289,1372
548,District-Guntur,Rural,11,4085,1768,2317,714,297,417,141,41,100,34,11,23,887,373,514,706,301,405,115,47,68,36,13,23,1452,685,767
548,District-Guntur,Rural,12,6865,2886,3979,1925,860,1065,315,116,199,90,28,62,1334,565,769,1481,586,895,229,79,150,65,22,43,1426,630,796
548,District-Guntur,Rural,13,7684,3122,4562,2714,1134,1580,433,155,278,86,29,57,1535,597,938,1466,551,915,257,83,174,56,25,31,1137,548,589
548,District-Guntur,Rural,14,10401,4526,5875,4434,2161,2273,718,297,421,123,35,88,1856,674,1182,1942,817,1125,317,114,203,55,18,37,956,410,546
548,District-Guntur,Rural,15,16553,7645,8908,7641,4033,3608,1242,520,722,209,87,122,2578,837,1741,3202,1467,1735,502,211,291,78,35,43,1101,455,646
548,District-Guntur,Rural,16,18647,8871,9776,9447,5315,4132,1466,692,774,215,77,138,3108,808,2300,3121,1466,1655,407,163,244,51,17,34,832,333,499
548,District-Guntur,Rural,17,20162,10041,10121,10475,6302,4173,1544,791,753,231,100,131,3664,880,2784,3007,1467,1540,447,182,265,51,15,36,743,304,439
548,District-Guntur,Rural,18,38557,16378,22179,18402,10378,8024,2791,1197,1594,327,112,215,7347,1280,6067,7050,2714,4336,1020,288,732,112,30,82,1508,379,1129
548,District-Guntur,Rural,19,32888,13972,18916,15725,9244,6481,2254,938,1316,290,114,176,6942,1161,5781,5434,1993,3441,887,231,656,104,24,80,1252,267,985
548,District-Guntur,Urban,5-19,98120,46409,51711,19407,13934,5473,2624,1423,1201,440,238,202,26208,6567,19641,7487,4284,3203,1354,607,747,294,128,166,40306,19228,21078
548,District-Guntur,Urban,5,15469,7985,7484,14,9,5,4,4,0,0,0,0,185,96,89,102,53,49,70,37,33,7,4,3,15087,7782,7305
548,District-Guntur,Urban,6,10370,5331,5039,9,5,4,3,0,3,0,0,0,303,156,147,84,44,40,50,26,24,4,4,0,9917,5096,4821
548,District-Guntur,Urban,7,3628,1885,1743,27,20,7,9,4,5,1,0,1,338,177,161,42,34,8,24,11,13,5,3,2,3182,1636,1546
548,District-Guntur,Urban,8,2012,1034,978,33,21,12,7,4,3,2,1,1,365,181,184,49,29,20,24,7,17,4,2,2,1528,789,739
548,District-Guntur,Urban,9,1680,838,842,48,29,19,14,4,10,2,2,0,391,199,192,66,30,36,24,14,10,7,3,4,1128,557,571
548,District-Guntur,Urban,10,2201,1053,1148,97,57,40,15,12,3,4,3,1,535,228,307,135,66,69,49,23,26,11,6,5,1355,658,697
548,District-Guntur,Urban,11,1977,943,1034,222,145,77,32,22,10,9,5,4,639,263,376,159,76,83,55,25,30,10,3,7,851,404,447
548,District-Guntur,Urban,12,2709,1312,1397,403,266,137,71,41,30,14,8,6,930,382,548,346,202,144,56,31,25,22,8,14,867,374,493
548,District-Guntur,Urban,13,3071,1466,1605,662,409,253,113,62,51,18,7,11,1086,432,654,339,180,159,64,26,38,10,3,7,779,347,432
548,District-Guntur,Urban,14,3994,1926,2068,1076,721,355,176,82,94,37,18,19,1369,466,903,539,281,258,79,38,41,22,8,14,696,312,384
548,District-Guntur,Urban,15,5990,3032,2958,1863,1277,586,270,153,117,59,36,23,2005,643,1362,840,521,319,137,57,80,48,27,21,768,318,450
548,District-Guntur,Urban,16,6903,3415,3488,2359,1687,672,329,202,127,57,31,26,2400,668,1732,860,499,361,111,58,53,32,14,18,755,256,499
548,District-Guntur,Urban,17,8519,4142,4377,2996,2225,771,377,206,171,70,37,33,3178,747,2431,945,584,361,141,73,68,30,14,16,782,256,526
548,District-Guntur,Urban,18,14916,6159,8757,4933,3562,1371,587,287,300,83,43,40,6095,991,5104,1582,895,687,248,108,140,39,14,25,1349,259,1090
548,District-Guntur,Urban,19,14681,5888,8793,4665,3501,1164,617,340,277,84,47,37,6389,938,5451,1399,790,609,222,73,149,43,15,28,1262,184,1078
549,District-Prakasam,Total,5-19,248757,117653,131104,65786,40493,25293,13411,5762,7649,2058,757,1301,39855,11021,28834,26539,11706,14833,6660,2180,4480,846,265,581,93602,45469,48133
549,District-Prakasam,Total,5,39530,20502,19028,17,13,4,4,3,1,1,1,0,264,129,135,207,103,104,63,31,32,12,8,4,38962,20214,18748
549,District-Prakasam,Total,6,23576,12247,11329,31,20,11,6,1,5,1,0,1,492,252,240,157,87,70,56,24,32,5,2,3,22828,11861,10967
549,District-Prakasam,Total,7,8013,4111,3902,41,22,19,10,4,6,0,0,0,527,264,263,101,45,56,31,17,14,7,6,1,7296,3753,3543
549,District-Prakasam,Total,8,4254,2075,2179,46,32,14,23,11,12,1,0,1,590,306,284,130,59,71,30,14,16,9,6,3,3425,1647,1778
549,District-Prakasam,Total,9,3898,1863,2035,96,49,47,25,10,15,3,1,2,599,301,298,165,77,88,49,14,35,15,5,10,2946,1406,1540
549,District-Prakasam,Total,10,5927,2777,3150,280,138,142,82,25,57,29,14,15,1032,464,568,436,179,257,124,57,67,31,13,18,3913,1887,2026
549,District-Prakasam,Total,11,4530,1923,2607,564,280,284,152,54,98,36,10,26,1110,431,679,513,207,306,138,46,92,35,8,27,1982,887,1095
549,District-Prakasam,Total,12,7359,2974,4385,1519,722,797,419,149,270,96,28,68,1898,729,1169,1129,465,664,313,91,222,81,26,55,1904,764,1140
549,District-Prakasam,Total,13,8310,3356,4954,2269,1123,1146,601,216,385,143,48,95,2145,759,1386,1343,528,815,366,119,247,65,20,45,1378,543,835
549,District-Prakasam,Total,14,11210,4846,6364,3878,2100,1778,1038,396,642,179,63,116,2501,867,1634,1700,720,980,461,158,303,82,22,60,1371,520,851
549,District-Prakasam,Total,15,17619,8348,9271,7008,4148,2860,1581,653,928,266,102,164,3561,1168,2393,2917,1446,1471,706,266,440,100,31,69,1480,534,946
549,District-Prakasam,Total,16,20281,9929,10352,8912,5541,3371,1901,843,1058,290,116,174,4025,1141,2884,3108,1551,1557,757,281,476,71,30,41,1217,426,791
549,District-Prakasam,Total,17,21323,10750,10573,9859,6469,3390,1810,864,946,282,118,164,4635,1189,3446,2898,1487,1411,736,265,471,74,23,51,1029,335,694
549,District-Prakasam,Total,18,40082,17906,22176,17258,10940,6318,3162,1389,1773,408,137,271,8592,1693,6899,6764,2803,3961,1629,487,1142,127,34,93,2142,423,1719
549,District-Prakasam,Total,19,32845,14046,18799,14008,8896,5112,2597,1144,1453,323,119,204,7884,1328,6556,4971,1949,3022,1201,310,891,132,31,101,1729,269,1460
549,District-Prakasam,Rural,5-19,210244,99448,110796,59671,35965,23706,12408,5192,7216,1903,682,1221,29816,8436,21380,24458,10498,13960,6196,1993,4203,773,241,532,75019,36441,38578
549,District-Prakasam,Rural,5,32056,16672,15384,16,12,4,2,1,1,0,0,0,216,108,108,191,97,94,49,26,23,10,6,4,31572,16422,15150
549,District-Prakasam,Rural,6,18434,9604,8830,23,13,10,4,0,4,1,0,1,416,215,201,123,69,54,46,20,26,5,2,3,17816,9285,8531
549,District-Prakasam,Rural,7,6401,3250,3151,33,17,16,10,4,6,0,0,0,418,209,209,88,39,49,26,15,11,7,6,1,5819,2960,2859
549,District-Prakasam,Rural,8,3472,1678,1794,42,29,13,22,10,12,1,0,1,481,242,239,110,47,63,22,11,11,9,6,3,2785,1333,1452
549,District-Prakasam,Rural,9,3226,1522,1704,89,43,46,25,10,15,3,1,2,468,233,235,146,66,80,43,10,33,15,5,10,2437,1154,1283
549,District-Prakasam,Rural,10,4984,2313,2671,260,125,135,76,23,53,28,14,14,825,364,461,392,161,231,115,53,62,31,13,18,3257,1560,1697
549,District-Prakasam,Rural,11,3827,1579,2248,508,235,273,144,51,93,33,9,24,906,351,555,472,185,287,127,43,84,32,7,25,1605,698,907
549,District-Prakasam,Rural,12,6446,2556,3890,1403,646,757,391,136,255,89,25,64,1579,605,974,1036,413,623,293,85,208,77,23,54,1578,623,955
549,District-Prakasam,Rural,13,7264,2873,4391,2076,1000,1076,560,190,370,133,43,90,1736,600,1136,1244,476,768,335,105,230,57,16,41,1123,443,680
549,District-Prakasam,Rural,14,9816,4158,5658,3562,1869,1693,957,359,598,171,61,110,1960,675,1285,1561,632,929,431,141,290,76,22,54,1098,399,699
549,District-Prakasam,Rural,15,15405,7296,8109,6400,3721,2679,1478,595,883,244,91,153,2720,908,1812,2663,1287,1376,638,238,400,88,28,60,1174,428,746
549,District-Prakasam,Rural,16,17949,8815,9134,8200,5009,3191,1779,775,1004,272,107,165,3084,887,2197,2880,1411,1469,714,259,455,64,27,37,956,340,616
549,District-Prakasam,Rural,17,18408,9331,9077,8920,5752,3168,1661,768,893,261,102,159,3352,843,2509,2664,1338,1326,691,247,444,64,20,44,795,261,534
549,District-Prakasam,Rural,18,34713,15696,19017,15638,9732,5906,2911,1251,1660,377,124,253,6212,1259,4953,6272,2528,3744,1530,448,1082,118,32,86,1655,322,1333
549,District-Prakasam,Rural,19,27843,12105,15738,12501,7762,4739,2388,1019,1369,290,105,185,5443,937,4506,4616,1749,2867,1136,292,844,120,28,92,1349,213,1136
549,District-Prakasam,Urban,5-19,38513,18205,20308,6115,4528,1587,1003,570,433,155,75,80,10039,2585,7454,2081,1208,873,464,187,277,73,24,49,18583,9028,9555
549,District-Prakasam,Urban,5,7474,3830,3644,1,1,0,2,2,0,1,1,0,48,21,27,16,6,10,14,5,9,2,2,0,7390,3792,3598
549,District-Prakasam,Urban,6,5142,2643,2499,8,7,1,2,1,1,0,0,0,76,37,39,34,18,16,10,4,6,0,0,0,5012,2576,2436
549,District-Prakasam,Urban,7,1612,861,751,8,5,3,0,0,0,0,0,0,109,55,54,13,6,7,5,2,3,0,0,0,1477,793,684
549,District-Prakasam,Urban,8,782,397,385,4,3,1,1,1,0,0,0,0,109,64,45,20,12,8,8,3,5,0,0,0,640,314,326
549,District-Prakasam,Urban,9,672,341,331,7,6,1,0,0,0,0,0,0,131,68,63,19,11,8,6,4,2,0,0,0,509,252,257
549,District-Prakasam,Urban,10,943,464,479,20,13,7,6,2,4,1,0,1,207,100,107,44,18,26,9,4,5,0,0,0,656,327,329
549,District-Prakasam,Urban,11,703,344,359,56,45,11,8,3,5,3,1,2,204,80,124,41,22,19,11,3,8,3,1,2,377,189,188
549,District-Prakasam,Urban,12,913,418,495,116,76,40,28,13,15,7,3,4,319,124,195,93,52,41,20,6,14,4,3,1,326,141,185
549,District-Prakasam,Urban,13,1046,483,563,193,123,70,41,26,15,10,5,5,409,159,250,99,52,47,31,14,17,8,4,4,255,100,155
549,District-Prakasam,Urban,14,1394,688,706,316,231,85,81,37,44,8,2,6,541,192,349,139,88,51,30,17,13,6,0,6,273,121,152
549,District-Prakasam,Urban,15,2214,1052,1162,608,427,181,103,58,45,22,11,11,841,260,581,254,159,95,68,28,40,12,3,9,306,106,200
549,District-Prakasam,Urban,16,2332,1114,1218,712,532,180,122,68,54,18,9,9,941,254,687,228,140,88,43,22,21,7,3,4,261,86,175
549,District-Prakasam,Urban,17,2915,1419,1496,939,717,222,149,96,53,21,16,5,1283,346,937,234,149,85,45,18,27,10,3,7,234,74,160
549,District-Prakasam,Urban,18,5369,2210,3159,1620,1208,412,251,138,113,31,13,18,2380,434,1946,492,275,217,99,39,60,9,2,7,487,101,386
549,District-Prakasam,Urban,19,5002,1941,3061,1507,1134,373,209,125,84,33,14,19,2441,391,2050,355,200,155,65,18,47,12,3,9,380,56,324
550,District-Sri Potti Sriramulu Nellore,Total,5-19,200238,96943,103295,47255,32787,14468,12742,6473,6269,2721,1115,1606,51456,12929,38527,12136,7253,4883,3279,1497,1782,628,254,374,70021,34635,35386
550,District-Sri Potti Sriramulu Nellore,Total,5,29984,15411,14573,17,16,1,4,2,2,0,0,0,286,139,147,102,53,49,58,23,35,9,1,8,29508,15177,14331
550,District-Sri Potti Sriramulu Nellore,Total,6,17440,9081,8359,11,8,3,2,1,1,1,0,1,482,245,237,76,45,31,43,23,20,7,5,2,16818,8754,8064
550,District-Sri Potti Sriramulu Nellore,Total,7,6255,3288,2967,47,34,13,7,5,2,5,2,3,471,249,222,42,27,15,14,7,7,8,4,4,5661,2960,2701
550,District-Sri Potti Sriramulu Nellore,Total,8,3181,1637,1544,41,25,16,12,7,5,4,1,3,530,258,272,66,47,19,8,3,5,5,2,3,2515,1294,1221
550,District-Sri Potti Sriramulu Nellore,Total,9,2623,1334,1289,65,36,29,24,11,13,3,2,1,595,272,323,65,34,31,23,13,10,11,5,6,1837,961,876
550,District-Sri Potti Sriramulu Nellore,Total,10,3813,2050,1763,137,93,44,53,23,30,17,6,11,1055,525,530,193,128,65,50,33,17,22,13,9,2286,1229,1057
550,District-Sri Potti Sriramulu Nellore,Total,11,3343,1621,1722,356,223,133,87,40,47,43,17,26,1211,508,703,209,126,83,57,33,24,12,7,5,1368,667,701
550,District-Sri Potti Sriramulu Nellore,Total,12,5680,2804,2876,910,562,348,271,129,142,82,35,47,2244,899,1345,522,339,183,125,72,53,36,20,16,1490,748,742
550,District-Sri Potti Sriramulu Nellore,Total,13,6498,3037,3461,1434,886,548,428,202,226,152,71,81,2634,957,1677,519,310,209,136,62,74,35,14,21,1160,535,625
550,District-Sri Potti Sriramulu Nellore,Total,14,9492,4704,4788,2689,1774,915,843,442,401,222,97,125,3407,1170,2237,892,559,333,240,122,118,57,31,26,1142,509,633
550,District-Sri Potti Sriramulu Nellore,Total,15,14453,7286,7167,4719,3206,1513,1383,727,656,327,156,171,4865,1485,3380,1466,967,499,394,201,193,73,39,34,1226,505,721
550,District-Sri Potti Sriramulu Nellore,Total,16,17102,8386,8716,6277,4310,1967,1757,902,855,402,174,228,5663,1430,4233,1479,919,560,419,223,196,76,31,45,1029,397,632
550,District-Sri Potti Sriramulu Nellore,Total,17,18988,9307,9681,7321,5227,2094,1928,1002,926,400,165,235,6470,1409,5061,1489,983,506,361,181,180,66,24,42,953,316,637
550,District-Sri Potti Sriramulu Nellore,Total,18,32342,14370,17972,12304,8599,3705,3171,1594,1577,562,197,365,10965,1800,9165,2812,1533,1279,765,284,481,116,38,78,1647,325,1322
550,District-Sri Potti Sriramulu Nellore,Total,19,29044,12627,16417,10927,7788,3139,2772,1386,1386,501,192,309,10578,1583,8995,2204,1183,1021,586,217,369,95,20,75,1381,258,1123
550,District-Sri Potti Sriramulu Nellore,Rural,5-19,155682,75362,80320,39843,26862,12981,11542,5690,5852,2448,940,1508,37599,9477,28122,9960,5758,4202,2885,1258,1627,565,213,352,50840,25164,25676
550,District-Sri Potti Sriramulu Nellore,Rural,5,22261,11441,10820,13,12,1,3,2,1,0,0,0,191,98,93,74,40,34,35,12,23,8,1,7,21937,11276,10661
550,District-Sri Potti Sriramulu Nellore,Rural,6,12495,6473,6022,8,5,3,2,1,1,0,0,0,369,187,182,49,26,23,26,13,13,7,5,2,12034,6236,5798
550,District-Sri Potti Sriramulu Nellore,Rural,7,4596,2439,2157,36,27,9,5,4,1,5,2,3,357,197,160,31,21,10,12,6,6,8,4,4,4142,2178,1964
550,District-Sri Potti Sriramulu Nellore,Rural,8,2350,1206,1144,28,15,13,5,2,3,4,1,3,398,196,202,51,38,13,7,2,5,5,2,3,1852,950,902
550,District-Sri Potti Sriramulu Nellore,Rural,9,1920,983,937,46,25,21,20,9,11,3,2,1,433,205,228,57,30,27,20,12,8,10,4,6,1331,696,635
550,District-Sri Potti Sriramulu Nellore,Rural,10,2921,1554,1367,122,86,36,45,21,24,13,2,11,833,406,427,160,103,57,38,23,15,17,10,7,1693,903,790
550,District-Sri Potti Sriramulu Nellore,Rural,11,2497,1204,1293,282,170,112,76,36,40,38,15,23,910,386,524,170,96,74,52,29,23,11,6,5,958,466,492
550,District-Sri Potti Sriramulu Nellore,Rural,12,4461,2174,2287,769,450,319,233,109,124,77,31,46,1752,704,1048,424,273,151,105,60,45,27,14,13,1074,533,541
550,District-Sri Potti Sriramulu Nellore,Rural,13,5155,2389,2766,1234,738,496,390,181,209,132,57,75,2031,725,1306,412,245,167,110,49,61,30,11,19,816,383,433
550,District-Sri Potti Sriramulu Nellore,Rural,14,7695,3788,3907,2305,1479,826,757,379,378,201,87,114,2585,875,1710,745,458,287,216,106,110,51,25,26,835,379,456
550,District-Sri Potti Sriramulu Nellore,Rural,15,11632,5849,5783,4009,2646,1363,1233,641,592,299,135,164,3638,1095,2543,1199,782,417,348,173,175,66,35,31,840,342,498
550,District-Sri Potti Sriramulu Nellore,Rural,16,13952,6819,7133,5337,3561,1776,1642,822,820,364,149,215,4261,1076,3185,1229,736,493,375,190,185,68,25,43,676,260,416
550,District-Sri Potti Sriramulu Nellore,Rural,17,14893,7288,7605,6074,4221,1853,1734,878,856,348,136,212,4576,956,3620,1175,747,428,315,147,168,59,18,41,612,185,427
550,District-Sri Potti Sriramulu Nellore,Rural,18,26106,11721,14385,10481,7118,3363,2892,1399,1493,508,168,340,7915,1291,6624,2363,1243,1120,704,249,455,111,35,76,1132,218,914
550,District-Sri Potti Sriramulu Nellore,Rural,19,22748,10034,12714,9099,6309,2790,2505,1206,1299,456,155,301,7350,1080,6270,1821,920,901,522,187,335,87,18,69,908,159,749
550,District-Sri Potti Sriramulu Nellore,Urban,5-19,44556,21581,22975,7412,5925,1487,1200,783,417,273,175,98,13857,3452,10405,2176,1495,681,394,239,155,63,41,22,19181,9471,9710
550,District-Sri Potti Sriramulu Nellore,Urban,5,7723,3970,3753,4,4,0,1,0,1,0,0,0,95,41,54,28,13,15,23,11,12,1,0,1,7571,3901,3670
550,District-Sri Potti Sriramulu Nellore,Urban,6,4945,2608,2337,3,3,0,0,0,0,1,0,1,113,58,55,27,19,8,17,10,7,0,0,0,4784,2518,2266
550,District-Sri Potti Sriramulu Nellore,Urban,7,1659,849,810,11,7,4,2,1,1,0,0,0,114,52,62,11,6,5,2,1,1,0,0,0,1519,782,737
550,District-Sri Potti Sriramulu Nellore,Urban,8,831,431,400,13,10,3,7,5,2,0,0,0,132,62,70,15,9,6,1,1,0,0,0,0,663,344,319
550,District-Sri Potti Sriramulu Nellore,Urban,9,703,351,352,19,11,8,4,2,2,0,0,0,162,67,95,8,4,4,3,1,2,1,1,0,506,265,241
550,District-Sri Potti Sriramulu Nellore,Urban,10,892,496,396,15,7,8,8,2,6,4,4,0,222,119,103,33,25,8,12,10,2,5,3,2,593,326,267
550,District-Sri Potti Sriramulu Nellore,Urban,11,846,417,429,74,53,21,11,4,7,5,2,3,301,122,179,39,30,9,5,4,1,1,1,0,410,201,209
550,District-Sri Potti Sriramulu Nellore,Urban,12,1219,630,589,141,112,29,38,20,18,5,4,1,492,195,297,98,66,32,20,12,8,9,6,3,416,215,201
550,District-Sri Potti Sriramulu Nellore,Urban,13,1343,648,695,200,148,52,38,21,17,20,14,6,603,232,371,107,65,42,26,13,13,5,3,2,344,152,192
550,District-Sri Potti Sriramulu Nellore,Urban,14,1797,916,881,384,295,89,86,63,23,21,10,11,822,295,527,147,101,46,24,16,8,6,6,0,307,130,177
550,District-Sri Potti Sriramulu Nellore,Urban,15,2821,1437,1384,710,560,150,150,86,64,28,21,7,1227,390,837,267,185,82,46,28,18,7,4,3,386,163,223
550,District-Sri Potti Sriramulu Nellore,Urban,16,3150,1567,1583,940,749,191,115,80,35,38,25,13,1402,354,1048,250,183,67,44,33,11,8,6,2,353,137,216
550,District-Sri Potti Sriramulu Nellore,Urban,17,4095,2019,2076,1247,1006,241,194,124,70,52,29,23,1894,453,1441,314,236,78,46,34,12,7,6,1,341,131,210
550,District-Sri Potti Sriramulu Nellore,Urban,18,6236,2649,3587,1823,1481,342,279,195,84,54,29,25,3050,509,2541,449,290,159,61,35,26,5,3,2,515,107,408
550,District-Sri Potti Sriramulu Nellore,Urban,19,6296,2593,3703,1828,1479,349,267,180,87,45,37,8,3228,503,2725,383,263,120,64,30,34,8,2,6,473,99,374
551,District-Y.S.R.,Total,5-19,185697,87718,97979,40461,26481,13980,10760,4805,5955,1950,827,1123,40160,10145,30015,11032,5535,5497,3208,1148,2060,533,184,349,77593,38593,39000
551,District-Y.S.R.,Total,5,34324,18044,16280,27,22,5,5,4,1,0,0,0,423,220,203,160,86,74,124,71,53,15,6,9,33570,17635,15935
551,District-Y.S.R.,Total,6,20778,10855,9923,21,19,2,10,6,4,1,1,0,572,283,289,112,66,46,105,54,51,10,4,6,19947,10422,9525
551,District-Y.S.R.,Total,7,7340,3901,3439,31,21,10,21,14,7,0,0,0,585,284,301,56,38,18,44,22,22,12,7,5,6591,3515,3076
551,District-Y.S.R.,Total,8,3540,1824,1716,56,35,21,23,12,11,4,1,3,571,282,289,65,29,36,38,23,15,8,4,4,2775,1438,1337
551,District-Y.S.R.,Total,9,2453,1255,1198,55,35,20,20,11,9,9,5,4,543,276,267,94,46,48,32,14,18,7,4,3,1693,864,829
551,District-Y.S.R.,Total,10,3488,1712,1776,129,72,57,60,33,27,20,11,9,833,370,463,190,93,97,79,32,47,25,12,13,2152,1089,1063
551,District-Y.S.R.,Total,11,2897,1310,1587,330,180,150,106,45,61,30,6,24,931,370,561,242,113,129,66,26,40,14,5,9,1178,565,613
551,District-Y.S.R.,Total,12,4441,1934,2507,848,480,368,267,105,162,65,28,37,1466,533,933,446,221,225,131,57,74,30,13,17,1188,497,691
551,District-Y.S.R.,Total,13,4977,2095,2882,1191,674,517,375,145,230,84,39,45,1706,557,1149,451,204,247,150,56,94,30,13,17,990,407,583
551,District-Y.S.R.,Total,14,6980,2966,4014,2036,1201,835,568,242,326,161,76,85,2370,685,1685,661,315,346,199,74,125,38,17,21,947,356,591
551,District-Y.S.R.,Total,15,11533,5268,6265,3846,2409,1437,1111,495,616,204,94,110,3572,952,2620,1216,702,514,304,121,183,49,17,32,1231,478,753
551,District-Y.S.R.,Total,16,13495,6200,7295,5109,3321,1788,1310,607,703,288,124,164,4225,1024,3201,1216,641,575,281,107,174,61,16,45,1005,360,645
551,District-Y.S.R.,Total,17,14825,6938,7887,5808,3902,1906,1532,738,794,266,98,168,4822,1154,3668,1145,640,505,316,128,188,41,15,26,895,263,632
551,District-Y.S.R.,Total,18,29408,12854,16554,11407,7587,3820,2885,1284,1601,475,212,263,9190,1709,7481,2756,1364,1392,757,228,529,120,36,84,1818,434,1384
551,District-Y.S.R.,Total,19,25218,10562,14656,9567,6523,3044,2467,1064,1403,343,132,211,8351,1446,6905,2222,977,1245,582,135,447,73,15,58,1613,270,1343
551,District-Y.S.R.,Rural,5-19,122263,57289,64974,29848,18416,11432,8642,3582,5060,1610,629,981,22788,5786,17002,8131,3684,4447,2389,749,1640,422,131,291,48433,24312,24121
551,District-Y.S.R.,Rural,5,22503,11854,10649,15,11,4,3,2,1,0,0,0,247,127,120,119,68,51,57,28,29,15,6,9,22047,11612,10435
551,District-Y.S.R.,Rural,6,12776,6689,6087,16,16,0,8,5,3,1,1,0,350,168,182,80,47,33,48,24,24,9,4,5,12264,6424,5840
551,District-Y.S.R.,Rural,7,4448,2323,2125,25,15,10,15,9,6,0,0,0,324,150,174,38,25,13,20,11,9,12,7,5,4014,2106,1908
551,District-Y.S.R.,Rural,8,2146,1135,1011,42,25,17,11,5,6,4,1,3,321,169,152,47,21,26,19,12,7,7,4,3,1695,898,797
551,District-Y.S.R.,Rural,9,1516,770,746,36,22,14,18,9,9,8,4,4,315,151,164,73,32,41,19,10,9,7,4,3,1040,538,502
551,District-Y.S.R.,Rural,10,2234,1087,1147,100,52,48,42,18,24,16,8,8,478,197,281,140,66,74,55,23,32,21,10,11,1382,713,669
551,District-Y.S.R.,Rural,11,1826,799,1027,223,107,116,81,34,47,27,5,22,548,219,329,171,75,96,43,16,27,8,2,6,725,341,384
551,District-Y.S.R.,Rural,12,2921,1227,1694,599,303,296,208,69,139,54,23,31,889,326,563,327,156,171,101,38,63,25,10,15,718,302,416
551,District-Y.S.R.,Rural,13,3238,1305,1933,852,435,417,297,99,198,68,30,38,990,332,658,338,139,199,116,34,82,23,7,16,554,229,325
551,District-Y.S.R.,Rural,14,4708,1913,2795,1457,771,686,457,177,280,135,63,72,1435,422,1013,481,203,278,144,46,98,23,11,12,576,220,356
551,District-Y.S.R.,Rural,15,7747,3412,4335,2807,1642,1165,901,379,522,168,70,98,2081,532,1549,859,451,408,229,85,144,37,12,25,665,241,424
551,District-Y.S.R.,Rural,16,9339,4217,5122,3817,2358,1459,1064,465,599,240,98,142,2502,589,1913,915,435,480,210,79,131,49,11,38,542,182,360
551,District-Y.S.R.,Rural,17,10018,4664,5354,4285,2713,1572,1260,579,681,221,73,148,2688,641,2047,820,412,408,254,97,157,28,8,20,462,141,321
551,District-Y.S.R.,Rural,18,20068,8765,11303,8530,5368,3162,2313,965,1348,397,163,234,5135,964,4171,2038,905,1133,618,157,461,93,23,70,944,220,724
551,District-Y.S.R.,Rural,19,16775,7129,9646,7044,4578,2466,1964,767,1197,271,90,181,4485,799,3686,1685,649,1036,456,89,367,65,12,53,805,145,660
551,District-Y.S.R.,Urban,5-19,63434,30429,33005,10613,8065,2548,2118,1223,895,340,198,142,17372,4359,13013,2901,1851,1050,819,399,420,111,53,58,29160,14281,14879
551,District-Y.S.R.,Urban,5,11821,6190,5631,12,11,1,2,2,0,0,0,0,176,93,83,41,18,23,67,43,24,0,0,0,11523,6023,5500
551,District-Y.S.R.,Urban,6,8002,4166,3836,5,3,2,2,1,1,0,0,0,222,115,107,32,19,13,57,30,27,1,0,1,7683,3998,3685
551,District-Y.S.R.,Urban,7,2892,1578,1314,6,6,0,6,5,1,0,0,0,261,134,127,18,13,5,24,11,13,0,0,0,2577,1409,1168
551,District-Y.S.R.,Urban,8,1394,689,705,14,10,4,12,7,5,0,0,0,250,113,137,18,8,10,19,11,8,1,0,1,1080,540,540
551,District-Y.S.R.,Urban,9,937,485,452,19,13,6,2,2,0,1,1,0,228,125,103,21,14,7,13,4,9,0,0,0,653,326,327
551,District-Y.S.R.,Urban,10,1254,625,629,29,20,9,18,15,3,4,3,1,355,173,182,50,27,23,24,9,15,4,2,2,770,376,394
551,District-Y.S.R.,Urban,11,1071,511,560,107,73,34,25,11,14,3,1,2,383,151,232,71,38,33,23,10,13,6,3,3,453,224,229
551,District-Y.S.R.,Urban,12,1520,707,813,249,177,72,59,36,23,11,5,6,577,207,370,119,65,54,30,19,11,5,3,2,470,195,275
551,District-Y.S.R.,Urban,13,1739,790,949,339,239,100,78,46,32,16,9,7,716,225,491,113,65,48,34,22,12,7,6,1,436,178,258
551,District-Y.S.R.,Urban,14,2272,1053,1219,579,430,149,111,65,46,26,13,13,935,263,672,180,112,68,55,28,27,15,6,9,371,136,235
551,District-Y.S.R.,Urban,15,3786,1856,1930,1039,767,272,210,116,94,36,24,12,1491,420,1071,357,251,106,75,36,39,12,5,7,566,237,329
551,District-Y.S.R.,Urban,16,4156,1983,2173,1292,963,329,246,142,104,48,26,22,1723,435,1288,301,206,95,71,28,43,12,5,7,463,178,285
551,District-Y.S.R.,Urban,17,4807,2274,2533,1523,1189,334,272,159,113,45,25,20,2134,513,1621,325,228,97,62,31,31,13,7,6,433,122,311
551,District-Y.S.R.,Urban,18,9340,4089,5251,2877,2219,658,572,319,253,78,49,29,4055,745,3310,718,459,259,139,71,68,27,13,14,874,214,660
551,District-Y.S.R.,Urban,19,8443,3433,5010,2523,1945,578,503,297,206,72,42,30,3866,647,3219,537,328,209,126,46,80,8,3,5,808,125,683
552,District-Kurnool,Total,5-19,396942,184211,212731,94511,56471,38040,17051,8021,9030,2222,964,1258,52297,15361,36936,72345,31054,41291,14890,5423,9467,2094,741,1353,141532,66176,75356
552,District-Kurnool,Total,5,51851,26808,25043,63,39,24,28,18,10,0,0,0,734,375,359,573,307,266,323,166,157,27,8,19,50103,25895,24208
552,District-Kurnool,Total,6,33190,16787,16403,89,57,32,19,6,13,4,1,3,1034,541,493,405,211,194,252,125,127,25,14,11,31362,15832,15530
552,District-Kurnool,Total,7,15398,7573,7825,163,103,60,43,17,26,8,4,4,1218,623,595,453,200,253,185,68,117,46,24,22,13282,6534,6748
552,District-Kurnool,Total,8,10657,4880,5777,256,134,122,54,30,24,7,2,5,1283,593,690,742,304,438,188,83,105,81,30,51,8046,3704,4342
552,District-Kurnool,Total,9,8674,3785,4889,409,191,218,97,48,49,22,6,16,1340,599,741,1005,376,629,316,140,176,77,31,46,5408,2394,3014
552,District-Kurnool,Total,10,13270,5772,7498,980,463,517,269,107,162,52,18,34,1980,907,1073,2470,996,1474,550,194,356,181,73,108,6788,3014,3774
552,District-Kurnool,Total,11,10699,4408,6291,1633,779,854,358,141,217,76,27,49,1872,789,1083,2422,918,1504,527,192,335,117,41,76,3694,1521,2173
552,District-Kurnool,Total,12,17654,7159,10495,3642,1797,1845,757,303,454,157,73,84,2887,1110,1777,4835,1846,2989,1018,345,673,224,74,150,4134,1611,2523
552,District-Kurnool,Total,13,16733,6732,10001,4417,2156,2261,942,364,578,155,63,92,2960,1061,1899,4316,1678,2638,930,299,631,174,58,116,2839,1053,1786
552,District-Kurnool,Total,14,21839,9452,12387,7101,3719,3382,1316,570,746,208,87,121,3659,1210,2449,5663,2366,3297,1190,468,722,147,53,94,2555,979,1576
552,District-Kurnool,Total,15,30420,14015,16405,10777,6087,4690,2037,968,1069,281,137,144,4774,1382,3392,8083,3714,4369,1664,664,1000,207,84,123,2597,979,1618
552,District-Kurnool,Total,16,33442,15858,17584,13163,7829,5334,2414,1126,1288,280,125,155,5350,1416,3934,8245,3891,4354,1595,659,936,176,59,117,2219,753,1466
552,District-Kurnool,Total,17,30562,14936,15626,12537,7946,4591,2137,1092,1045,266,118,148,5357,1316,4041,6867,3310,3557,1325,532,793,131,51,80,1942,571,1371
552,District-Kurnool,Total,18,58486,26802,31684,22633,14472,8161,3763,1885,1878,382,171,211,9691,1899,7792,15310,6587,8723,2782,903,1879,268,78,190,3657,807,2850
552,District-Kurnool,Total,19,44067,19244,24823,16648,10699,5949,2817,1346,1471,324,132,192,8158,1540,6618,10956,4350,6606,2045,585,1460,213,63,150,2906,529,2377
552,District-Kurnool,Rural,5-19,309278,141872,167406,79885,45934,33951,14051,6436,7615,1799,722,1077,33092,10091,23001,62391,25316,37075,12461,4323,8138,1761,592,1169,103838,48458,55380
552,District-Kurnool,Rural,5,39578,20356,19222,52,32,20,23,15,8,0,0,0,512,270,242,443,237,206,202,104,98,24,7,17,38322,19691,18631
552,District-Kurnool,Rural,6,24522,12311,12211,72,44,28,13,4,9,3,0,3,743,392,351,320,169,151,147,73,74,23,13,10,23201,11616,11585
552,District-Kurnool,Rural,7,11407,5540,5867,138,83,55,30,9,21,7,3,4,814,414,400,375,155,220,148,51,97,43,23,20,9852,4802,5050
552,District-Kurnool,Rural,8,8186,3655,4531,214,106,108,36,18,18,7,2,5,903,412,491,659,263,396,159,67,92,75,27,48,6133,2760,3373
552,District-Kurnool,Rural,9,6675,2797,3878,349,151,198,81,38,43,20,5,15,952,408,544,885,311,574,257,110,147,73,31,42,4058,1743,2315
552,District-Kurnool,Rural,10,10572,4408,6164,869,395,474,219,85,134,47,15,32,1425,653,772,2236,873,1363,478,161,317,168,68,100,5130,2158,2972
552,District-Kurnool,Rural,11,8408,3275,5133,1387,606,781,292,109,183,67,23,44,1312,541,771,2132,758,1374,438,150,288,103,35,68,2677,1053,1624
552,District-Kurnool,Rural,12,14385,5633,8752,3154,1480,1674,640,249,391,133,58,75,2075,810,1265,4282,1547,2735,889,289,600,200,60,140,3012,1140,1872
552,District-Kurnool,Rural,13,13443,5215,8228,3847,1787,2060,794,300,494,138,55,83,2012,713,1299,3733,1375,2358,798,247,551,153,46,107,1968,692,1276
552,District-Kurnool,Rural,14,17667,7377,10290,6141,3064,3077,1112,468,644,176,63,113,2425,803,1622,4937,1931,3006,997,366,631,124,43,81,1755,639,1116
552,District-Kurnool,Rural,15,24337,10945,13392,9174,4946,4228,1713,786,927,229,106,123,3114,907,2207,6917,3013,3904,1409,539,870,165,64,101,1616,584,1032
552,District-Kurnool,Rural,16,27048,12690,14358,11347,6497,4850,2046,923,1123,229,94,135,3415,910,2505,7135,3219,3916,1340,533,807,138,40,98,1398,474,924
552,District-Kurnool,Rural,17,23472,11434,12038,10395,6341,4054,1728,859,869,204,86,118,3195,799,2396,5716,2582,3134,1090,420,670,100,36,64,1044,311,733
552,District-Kurnool,Rural,18,46032,21350,24682,19069,11868,7201,3086,1517,1569,288,120,168,5664,1148,4516,13251,5415,7836,2380,742,1638,211,54,157,2083,486,1597
552,District-Kurnool,Rural,19,33546,14886,18660,13677,8534,5143,2238,1056,1182,251,92,159,4531,911,3620,9370,3468,5902,1729,471,1258,161,45,116,1589,309,1280
552,District-Kurnool,Urban,5-19,87664,42339,45325,14626,10537,4089,3000,1585,1415,423,242,181,19205,5270,13935,9954,5738,4216,2429,1100,1329,333,149,184,37694,17718,19976
552,District-Kurnool,Urban,5,12273,6452,5821,11,7,4,5,3,2,0,0,0,222,105,117,130,70,60,121,62,59,3,1,2,11781,6204,5577
552,District-Kurnool,Urban,6,8668,4476,4192,17,13,4,6,2,4,1,1,0,291,149,142,85,42,43,105,52,53,2,1,1,8161,4216,3945
552,District-Kurnool,Urban,7,3991,2033,1958,25,20,5,13,8,5,1,1,0,404,209,195,78,45,33,37,17,20,3,1,2,3430,1732,1698
552,District-Kurnool,Urban,8,2471,1225,1246,42,28,14,18,12,6,0,0,0,380,181,199,83,41,42,29,16,13,6,3,3,1913,944,969
552,District-Kurnool,Urban,9,1999,988,1011,60,40,20,16,10,6,2,1,1,388,191,197,120,65,55,59,30,29,4,0,4,1350,651,699
552,District-Kurnool,Urban,10,2698,1364,1334,111,68,43,50,22,28,5,3,2,555,254,301,234,123,111,72,33,39,13,5,8,1658,856,802
552,District-Kurnool,Urban,11,2291,1133,1158,246,173,73,66,32,34,9,4,5,560,248,312,290,160,130,89,42,47,14,6,8,1017,468,549
552,District-Kurnool,Urban,12,3269,1526,1743,488,317,171,117,54,63,24,15,9,812,300,512,553,299,254,129,56,73,24,14,10,1122,471,651
552,District-Kurnool,Urban,13,3290,1517,1773,570,369,201,148,64,84,17,8,9,948,348,600,583,303,280,132,52,80,21,12,9,871,361,510
552,District-Kurnool,Urban,14,4172,2075,2097,960,655,305,204,102,102,32,24,8,1234,407,827,726,435,291,193,102,91,23,10,13,800,340,460
552,District-Kurnool,Urban,15,6083,3070,3013,1603,1141,462,324,182,142,52,31,21,1660,475,1185,1166,701,465,255,125,130,42,20,22,981,395,586
552,District-Kurnool,Urban,16,6394,3168,3226,1816,1332,484,368,203,165,51,31,20,1935,506,1429,1110,672,438,255,126,129,38,19,19,821,279,542
552,District-Kurnool,Urban,17,7090,3502,3588,2142,1605,537,409,233,176,62,32,30,2162,517,1645,1151,728,423,235,112,123,31,15,16,898,260,638
552,District-Kurnool,Urban,18,12454,5452,7002,3564,2604,960,677,368,309,94,51,43,4027,751,3276,2059,1172,887,402,161,241,57,24,33,1574,321,1253
552,District-Kurnool,Urban,19,10521,4358,6163,2971,2165,806,579,290,289,73,40,33,3627,629,2998,1586,882,704,316,114,202,52,18,34,1317,220,1097
553,District-Anantapur,Total,5-19,311281,151819,159462,89788,55477,34311,21392,9979,11413,3173,1296,1877,55654,16029,39625,24494,12337,12157,6203,2494,3709,857,346,511,109720,53861,55859
553,District-Anantapur,Total,5,46199,23873,22326,96,62,34,23,10,13,5,3,2,728,341,387,429,217,212,200,89,111,15,4,11,44703,23147,21556
553,District-Anantapur,Total,6,28607,14801,13806,76,54,22,14,7,7,6,3,3,971,488,483,298,165,133,141,69,72,16,11,5,27085,14004,13081
553,District-Anantapur,Total,7,11835,6020,5815,163,98,65,20,8,12,3,2,1,1156,584,572,166,81,85,81,38,43,13,4,9,10233,5205,5028
553,District-Anantapur,Total,8,5831,2854,2977,156,100,56,37,17,20,7,3,4,1168,577,591,143,69,74,45,20,25,6,4,2,4269,2064,2205
553,District-Anantapur,Total,9,4686,2369,2317,179,109,70,46,24,22,7,3,4,1138,566,572,175,87,88,92,38,54,12,8,4,3037,1534,1503
553,District-Anantapur,Total,10,5940,2853,3087,344,180,164,97,47,50,22,11,11,1530,722,808,328,181,147,105,47,58,28,11,17,3486,1654,1832
553,District-Anantapur,Total,11,5569,2551,3018,836,485,351,243,106,137,49,23,26,1615,662,953,497,234,263,157,66,91,29,18,11,2143,957,1186
553,District-Anantapur,Total,12,8017,3843,4174,1835,1127,708,493,237,256,90,37,53,2322,936,1386,970,472,498,283,120,163,41,12,29,1983,902,1081
553,District-Anantapur,Total,13,9577,4438,5139,2860,1588,1272,749,345,404,144,63,81,2706,1005,1701,1040,524,516,274,124,150,47,16,31,1757,773,984
553,District-Anantapur,Total,14,13881,6708,7173,4983,2933,2050,1270,594,676,215,92,123,3511,1242,2269,1728,923,805,386,160,226,60,30,30,1728,734,994
553,District-Anantapur,Total,15,21688,10621,11067,8728,5223,3505,2213,1057,1156,390,173,217,5156,1630,3526,2669,1477,1192,626,269,357,97,43,54,1809,749,1060
553,District-Anantapur,Total,16,27198,13263,13935,12250,7461,4789,2986,1440,1546,445,186,259,6370,1701,4669,2760,1516,1244,643,300,343,108,39,69,1636,620,1016
553,District-Anantapur,Total,17,28255,14107,14148,13467,8494,4973,3230,1565,1665,453,189,264,6436,1657,4779,2623,1433,1190,623,263,360,85,40,45,1338,466,872
553,District-Anantapur,Total,18,51897,24616,27281,24499,15439,9060,5573,2580,2993,754,296,458,11092,2206,8886,5888,2881,3007,1408,513,895,164,60,104,2519,641,1878
553,District-Anantapur,Total,19,42101,18902,23199,19316,12124,7192,4398,1942,2456,583,212,371,9755,1712,8043,4780,2077,2703,1139,378,761,136,46,90,1994,411,1583
553,District-Anantapur,Rural,5-19,232741,113295,119446,72915,43354,29561,18705,8461,10244,2549,960,1589,35867,10764,25103,19697,9346,10351,5214,1945,3269,627,217,410,77167,38248,38919
553,District-Anantapur,Rural,5,33612,17463,16149,70,43,27,19,7,12,5,3,2,526,238,288,339,169,170,164,73,91,10,2,8,32479,16928,15551
553,District-Anantapur,Rural,6,20104,10303,9801,58,43,15,11,4,7,4,1,3,734,358,376,238,136,102,110,57,53,12,8,4,18937,9696,9241
553,District-Anantapur,Rural,7,8410,4255,4155,131,76,55,16,7,9,1,0,1,828,424,404,126,55,71,65,29,36,10,4,6,7233,3660,3573
553,District-Anantapur,Rural,8,4123,2018,2105,120,78,42,24,7,17,5,3,2,820,405,415,120,59,61,39,17,22,3,3,0,2992,1446,1546
553,District-Anantapur,Rural,9,3364,1700,1664,143,84,59,40,19,21,4,1,3,784,398,386,131,65,66,72,28,44,9,5,4,2181,1100,1081
553,District-Anantapur,Rural,10,4317,2044,2273,271,132,139,79,37,42,14,6,8,1070,506,564,260,133,127,83,35,48,25,10,15,2515,1185,1330
553,District-Anantapur,Rural,11,4000,1791,2209,630,338,292,194,78,116,40,17,23,1117,469,648,390,175,215,120,47,73,21,11,10,1488,656,832
553,District-Anantapur,Rural,12,5874,2794,3080,1444,853,591,417,193,224,80,32,48,1549,635,914,777,357,420,233,93,140,27,7,20,1347,624,723
553,District-Anantapur,Rural,13,7060,3218,3842,2254,1185,1069,633,272,361,113,46,67,1841,697,1144,822,395,427,229,93,136,34,6,28,1134,524,610
553,District-Anantapur,Rural,14,10551,5024,5527,4017,2266,1751,1105,497,608,174,66,108,2334,843,1491,1382,692,690,326,127,199,44,17,27,1169,516,653
553,District-Anantapur,Rural,15,16659,8037,8622,7019,4035,2984,1930,896,1034,317,137,180,3470,1117,2353,2110,1104,1006,520,207,313,72,32,40,1221,509,712
553,District-Anantapur,Rural,16,21152,10177,10975,10039,5880,4159,2613,1224,1389,359,138,221,4277,1133,3144,2183,1140,1043,548,235,313,80,21,59,1053,406,647
553,District-Anantapur,Rural,17,21625,10767,10858,10869,6614,4255,2831,1342,1489,377,150,227,4108,1070,3038,2068,1066,1002,504,196,308,61,23,38,807,306,501
553,District-Anantapur,Rural,18,40235,19289,20946,20206,12327,7879,4955,2229,2726,592,207,385,6849,1437,5412,4779,2217,2562,1203,401,802,124,39,85,1527,432,1095
553,District-Anantapur,Rural,19,31655,14415,17240,15644,9400,6244,3838,1649,2189,464,153,311,5560,1034,4526,3972,1583,2389,998,307,691,95,29,66,1084,260,824
553,District-Anantapur,Urban,5-19,78540,38524,40016,16873,12123,4750,2687,1518,1169,624,336,288,19787,5265,14522,4797,2991,1806,989,549,440,230,129,101,32553,15613,16940
553,District-Anantapur,Urban,5,12587,6410,6177,26,19,7,4,3,1,0,0,0,202,103,99,90,48,42,36,16,20,5,2,3,12224,6219,6005
553,District-Anantapur,Urban,6,8503,4498,4005,18,11,7,3,3,0,2,2,0,237,130,107,60,29,31,31,12,19,4,3,1,8148,4308,3840
553,District-Anantapur,Urban,7,3425,1765,1660,32,22,10,4,1,3,2,2,0,328,160,168,40,26,14,16,9,7,3,0,3,3000,1545,1455
553,District-Anantapur,Urban,8,1708,836,872,36,22,14,13,10,3,2,0,2,348,172,176,23,10,13,6,3,3,3,1,2,1277,618,659
553,District-Anantapur,Urban,9,1322,669,653,36,25,11,6,5,1,3,2,1,354,168,186,44,22,22,20,10,10,3,3,0,856,434,422
553,District-Anantapur,Urban,10,1623,809,814,73,48,25,18,10,8,8,5,3,460,216,244,68,48,20,22,12,10,3,1,2,971,469,502
553,District-Anantapur,Urban,11,1569,760,809,206,147,59,49,28,21,9,6,3,498,193,305,107,59,48,37,19,18,8,7,1,655,301,354
553,District-Anantapur,Urban,12,2143,1049,1094,391,274,117,76,44,32,10,5,5,773,301,472,193,115,78,50,27,23,14,5,9,636,278,358
553,District-Anantapur,Urban,13,2517,1220,1297,606,403,203,116,73,43,31,17,14,865,308,557,218,129,89,45,31,14,13,10,3,623,249,374
553,District-Anantapur,Urban,14,3330,1684,1646,966,667,299,165,97,68,41,26,15,1177,399,778,346,231,115,60,33,27,16,13,3,559,218,341
553,District-Anantapur,Urban,15,5029,2584,2445,1709,1188,521,283,161,122,73,36,37,1686,513,1173,559,373,186,106,62,44,25,11,14,588,240,348
553,District-Anantapur,Urban,16,6046,3086,2960,2211,1581,630,373,216,157,86,48,38,2093,568,1525,577,376,201,95,65,30,28,18,10,583,214,369
553,District-Anantapur,Urban,17,6630,3340,3290,2598,1880,718,399,223,176,76,39,37,2328,587,1741,555,367,188,119,67,52,24,17,7,531,160,371
553,District-Anantapur,Urban,18,11662,5327,6335,4293,3112,1181,618,351,267,162,89,73,4243,769,3474,1109,664,445,205,112,93,40,21,19,992,209,783
553,District-Anantapur,Urban,19,10446,4487,5959,3672,2724,948,560,293,267,119,59,60,4195,678,3517,808,494,314,141,71,70,41,17,24,910,151,759
554,District-Chittoor,Total,5-19,245449,118739,126710,69716,43964,25752,12674,6357,6317,2350,1086,1264,57025,16006,41019,10956,5338,5618,2458,986,1472,430,172,258,89840,44830,45010
554,District-Chittoor,Total,5,40991,21262,19729,143,100,43,13,6,7,3,1,2,690,336,354,359,196,163,165,77,88,17,7,10,39601,20539,19062
554,District-Chittoor,Total,6,24456,12760,11696,97,61,36,24,11,13,1,1,0,851,423,428,213,109,104,82,40,42,20,12,8,23168,12103,11065
554,District-Chittoor,Total,7,8611,4428,4183,185,118,67,33,17,16,4,2,2,1128,537,591,106,54,52,44,21,23,5,2,3,7106,3677,3429
554,District-Chittoor,Total,8,4159,2102,2057,151,91,60,22,10,12,8,8,0,1011,516,495,73,33,40,28,15,13,9,5,4,2857,1424,1433
554,District-Chittoor,Total,9,3450,1712,1738,142,77,65,35,18,17,5,3,2,956,489,467,78,40,38,17,12,5,6,4,2,2211,1069,1142
554,District-Chittoor,Total,10,4574,2251,2323,218,122,96,64,28,36,14,4,10,1297,629,668,156,84,72,54,28,26,15,8,7,2756,1348,1408
554,District-Chittoor,Total,11,3961,1850,2111,588,341,247,111,50,61,33,14,19,1436,616,820,212,105,107,52,26,26,14,5,9,1515,693,822
554,District-Chittoor,Total,12,5650,2624,3026,1189,702,487,273,136,137,57,31,26,2134,868,1266,436,219,217,81,37,44,25,4,21,1455,627,828
554,District-Chittoor,Total,13,6664,3082,3582,1830,1043,787,362,173,189,95,54,41,2502,956,1546,464,224,240,111,44,67,17,6,11,1283,582,701
554,District-Chittoor,Total,14,9889,4732,5157,3439,2096,1343,669,308,361,140,67,73,3448,1229,2219,678,369,309,163,69,94,33,16,17,1319,578,741
554,District-Chittoor,Total,15,16158,7666,8492,6663,4062,2601,1312,671,641,247,109,138,4992,1486,3506,1236,634,602,253,112,141,56,32,24,1399,560,839
554,District-Chittoor,Total,16,20083,9798,10285,9283,5881,3402,1643,853,790,375,164,211,6117,1718,4399,1171,600,571,246,99,147,42,12,30,1206,471,735
554,District-Chittoor,Total,17,23041,11445,11596,11101,7255,3846,1997,1060,937,359,179,180,7122,1813,5309,1171,616,555,265,126,139,48,20,28,978,376,602
554,District-Chittoor,Total,18,37148,16995,20153,17505,11154,6351,3144,1593,1551,491,220,271,11524,2320,9204,2418,1112,1306,482,166,316,57,18,39,1527,412,1115
554,District-Chittoor,Total,19,36614,16032,20582,17182,10861,6321,2972,1423,1549,518,229,289,11817,2070,9747,2185,943,1242,415,114,301,66,21,45,1459,371,1088
554,District-Chittoor,Rural,5-19,185125,89386,95739,58435,35641,22794,10766,5153,5613,2015,888,1127,38724,10826,27898,9248,4285,4963,2073,776,1297,371,139,232,63493,31678,31815
554,District-Chittoor,Rural,5,29638,15425,14213,109,72,37,10,4,6,3,1,2,461,219,242,291,156,135,118,55,63,12,5,7,28634,14913,13721
554,District-Chittoor,Rural,6,16843,8727,8116,83,52,31,19,9,10,0,0,0,616,304,312,174,87,87,65,33,32,19,11,8,15867,8231,7636
554,District-Chittoor,Rural,7,5871,3035,2836,143,92,51,26,15,11,4,2,2,828,392,436,81,43,38,32,15,17,5,2,3,4752,2474,2278
554,District-Chittoor,Rural,8,2893,1450,1443,124,72,52,15,5,10,7,7,0,713,361,352,60,26,34,20,10,10,9,5,4,1945,964,981
554,District-Chittoor,Rural,9,2505,1220,1285,117,59,58,32,16,16,4,3,1,688,347,341,67,36,31,12,8,4,6,4,2,1579,747,832
554,District-Chittoor,Rural,10,3439,1655,1784,189,98,91,51,19,32,14,4,10,951,454,497,139,73,66,40,18,22,13,7,6,2042,982,1060
554,District-Chittoor,Rural,11,2990,1369,1621,481,268,213,90,37,53,31,13,18,1038,436,602,192,89,103,47,24,23,13,4,9,1098,498,600
554,District-Chittoor,Rural,12,4420,2037,2383,989,551,438,241,117,124,52,28,24,1556,642,914,371,179,192,68,30,38,23,4,19,1120,486,634
554,District-Chittoor,Rural,13,5122,2305,2817,1494,803,691,297,133,164,82,46,36,1796,668,1128,398,183,215,100,38,62,14,5,9,941,429,512
554,District-Chittoor,Rural,14,7713,3649,4064,2864,1693,1171,567,259,308,126,60,66,2454,842,1612,558,295,263,142,58,84,28,13,15,974,429,545
554,District-Chittoor,Rural,15,12893,6022,6871,5654,3335,2319,1129,545,584,222,93,129,3559,995,2564,1056,529,527,212,89,123,49,26,23,1012,410,602
554,District-Chittoor,Rural,16,16066,7774,8292,7955,4894,3061,1418,701,717,326,140,186,4266,1139,3127,1004,493,511,216,82,134,36,7,29,845,318,527
554,District-Chittoor,Rural,17,17905,8900,9005,9264,5881,3383,1685,849,836,304,147,157,4758,1164,3594,962,487,475,220,98,122,36,13,23,676,261,415
554,District-Chittoor,Rural,18,28813,13336,15477,14664,9051,5613,2670,1294,1376,407,163,244,7532,1539,5993,2033,870,1163,424,131,293,52,15,37,1031,273,758
554,District-Chittoor,Rural,19,28014,12482,15532,14305,8720,5585,2516,1150,1366,433,181,252,7508,1324,6184,1862,739,1123,357,87,270,56,18,38,977,263,714
554,District-Chittoor,Urban,5-19,60324,29353,30971,11281,8323,2958,1908,1204,704,335,198,137,18301,5180,13121,1708,1053,655,385,210,175,59,33,26,26347,13152,13195
554,District-Chittoor,Urban,5,11353,5837,5516,34,28,6,3,2,1,0,0,0,229,117,112,68,40,28,47,22,25,5,2,3,10967,5626,5341
554,District-Chittoor,Urban,6,7613,4033,3580,14,9,5,5,2,3,1,1,0,235,119,116,39,22,17,17,7,10,1,1,0,7301,3872,3429
554,District-Chittoor,Urban,7,2740,1393,1347,42,26,16,7,2,5,0,0,0,300,145,155,25,11,14,12,6,6,0,0,0,2354,1203,1151
554,District-Chittoor,Urban,8,1266,652,614,27,19,8,7,5,2,1,1,0,298,155,143,13,7,6,8,5,3,0,0,0,912,460,452
554,District-Chittoor,Urban,9,945,492,453,25,18,7,3,2,1,1,0,1,268,142,126,11,4,7,5,4,1,0,0,0,632,322,310
554,District-Chittoor,Urban,10,1135,596,539,29,24,5,13,9,4,0,0,0,346,175,171,17,11,6,14,10,4,2,1,1,714,366,348
554,District-Chittoor,Urban,11,971,481,490,107,73,34,21,13,8,2,1,1,398,180,218,20,16,4,5,2,3,1,1,0,417,195,222
554,District-Chittoor,Urban,12,1230,587,643,200,151,49,32,19,13,5,3,2,578,226,352,65,40,25,13,7,6,2,0,2,335,141,194
554,District-Chittoor,Urban,13,1542,777,765,336,240,96,65,40,25,13,8,5,706,288,418,66,41,25,11,6,5,3,1,2,342,153,189
554,District-Chittoor,Urban,14,2176,1083,1093,575,403,172,102,49,53,14,7,7,994,387,607,120,74,46,21,11,10,5,3,2,345,149,196
554,District-Chittoor,Urban,15,3265,1644,1621,1009,727,282,183,126,57,25,16,9,1433,491,942,180,105,75,41,23,18,7,6,1,387,150,237
554,District-Chittoor,Urban,16,4017,2024,1993,1328,987,341,225,152,73,49,24,25,1851,579,1272,167,107,60,30,17,13,6,5,1,361,153,208
554,District-Chittoor,Urban,17,5136,2545,2591,1837,1374,463,312,211,101,55,32,23,2364,649,1715,209,129,80,45,28,17,12,7,5,302,115,187
554,District-Chittoor,Urban,18,8335,3659,4676,2841,2103,738,474,299,175,84,57,27,3992,781,3211,385,242,143,58,35,23,5,3,2,496,139,357
554,District-Chittoor,Urban,19,8600,3550,5050,2877,2141,736,456,273,183,85,48,37,4309,746,3563,323,204,119,58,27,31,10,3,7,482,108,374
