245,District-Tawang,Total,5-19,4099,2122,1977,492,349,143,132,72,60,18,10,8,297,143,154,807,468,339,268,101,167,37,19,18,2048,960,1088
245,District-Tawang,Total,5,484,231,253,0,0,0,0,0,0,0,0,0,2,0,2,2,0,2,2,1,1,0,0,0,478,230,248
245,District-Tawang,Total,6,361,183,178,0,0,0,0,0,0,0,0,0,4,4,0,1,1,0,0,0,0,0,0,0,356,178,178
245,District-Tawang,Total,7,198,92,106,0,0,0,0,0,0,0,0,0,8,8,0,1,1,0,4,4,0,0,0,0,185,79,106
245,District-Tawang,Total,8,170,88,82,1,0,1,0,0,0,0,0,0,11,4,7,1,0,1,2,1,1,0,0,0,155,83,72
245,District-Tawang,Total,9,153,75,78,0,0,0,0,0,0,0,0,0,14,7,7,3,1,2,2,0,2,0,0,0,134,67,67
245,District-Tawang,Total,10,175,90,85,2,1,1,1,1,0,0,0,0,8,5,3,2,1,1,4,1,3,2,1,1,156,80,76
245,District-Tawang,Total,11,141,59,82,1,0,1,1,1,0,0,0,0,20,10,10,6,2,4,8,3,5,2,1,1,103,42,61
245,District-Tawang,Total,12,138,62,76,4,4,0,0,0,0,0,0,0,16,8,8,16,6,10,6,4,2,2,1,1,94,39,55
245,District-Tawang,Total,13,161,66,95,7,7,0,4,1,3,1,1,0,17,8,9,19,7,12,17,7,10,2,1,1,94,34,60
245,District-Tawang,Total,14,146,72,74,11,7,4,6,4,2,1,1,0,23,14,9,23,9,14,15,5,10,2,1,1,65,31,34
245,District-Tawang,Total,15,207,104,103,16,6,10,7,4,3,2,1,1,29,13,16,47,31,16,27,8,19,3,2,1,76,39,37
245,District-Tawang,Total,16,259,125,134,52,25,27,17,8,9,2,1,1,30,14,16,75,38,37,29,14,15,6,4,2,48,21,27
245,District-Tawang,Total,17,290,158,132,60,41,19,26,14,12,0,0,0,28,14,14,107,63,44,35,15,20,4,1,3,30,10,20
245,District-Tawang,Total,18,567,335,232,150,106,44,38,21,17,8,4,4,38,18,20,244,151,93,50,19,31,6,2,4,33,14,19
245,District-Tawang,Total,19,649,382,267,188,152,36,32,18,14,4,2,2,49,16,33,260,157,103,67,19,48,8,5,3,41,13,28
245,District-Tawang,Rural,5-19,3802,1977,1825,412,291,121,122,65,57,16,9,7,239,122,117,780,455,325,265,101,164,35,18,17,1933,916,1017
245,District-Tawang,Rural,5,438,214,224,0,0,0,0,0,0,0,0,0,1,0,1,2,0,2,2,1,1,0,0,0,433,213,220
245,District-Tawang,Rural,6,333,168,165,0,0,0,0,0,0,0,0,0,1,1,0,1,1,0,0,0,0,0,0,0,331,166,165
245,District-Tawang,Rural,7,189,89,100,0,0,0,0,0,0,0,0,0,8,8,0,1,1,0,4,4,0,0,0,0,176,76,100
245,District-Tawang,Rural,8,167,88,79,1,0,1,0,0,0,0,0,0,11,4,7,1,0,1,2,1,1,0,0,0,152,83,69
245,District-Tawang,Rural,9,148,73,75,0,0,0,0,0,0,0,0,0,13,6,7,2,1,1,2,0,2,0,0,0,131,66,65
245,District-Tawang,Rural,10,167,85,82,2,1,1,1,1,0,0,0,0,7,5,2,2,1,1,4,1,3,2,1,1,149,75,74
245,District-Tawang,Rural,11,135,56,79,0,0,0,1,1,0,0,0,0,19,9,10,6,2,4,8,3,5,2,1,1,99,40,59
245,District-Tawang,Rural,12,131,56,75,1,1,0,0,0,0,0,0,0,14,6,8,16,6,10,6,4,2,2,1,1,92,38,54
245,District-Tawang,Rural,13,153,62,91,5,5,0,4,1,3,1,1,0,16,8,8,16,6,10,17,7,10,2,1,1,92,33,59
245,District-Tawang,Rural,14,137,66,71,10,6,4,6,4,2,1,1,0,19,11,8,22,8,14,15,5,10,1,0,1,63,31,32
245,District-Tawang,Rural,15,193,100,93,13,4,9,6,4,2,2,1,1,24,12,12,45,30,15,26,8,18,3,2,1,74,39,35
245,District-Tawang,Rural,16,232,112,120,43,20,23,14,6,8,1,0,1,24,12,12,71,36,35,28,14,14,6,4,2,45,20,25
245,District-Tawang,Rural,17,266,146,120,49,33,16,25,13,12,0,0,0,21,12,9,102,62,40,35,15,20,4,1,3,30,10,20
245,District-Tawang,Rural,18,510,303,207,124,88,36,34,17,17,8,4,4,26,13,13,236,146,90,50,19,31,5,2,3,27,14,13
245,District-Tawang,Rural,19,603,359,244,164,133,31,31,18,13,3,2,1,35,15,20,257,155,102,66,19,47,8,5,3,39,12,27
245,District-Tawang,Urban,5-19,297,145,152,80,58,22,10,7,3,2,1,1,58,21,37,27,13,14,3,0,3,2,1,1,115,44,71
245,District-Tawang,Urban,5,46,17,29,0,0,0,0,0,0,0,0,0,1,0,1,0,0,0,0,0,0,0,0,0,45,17,28
245,District-Tawang,Urban,6,28,15,13,0,0,0,0,0,0,0,0,0,3,3,0,0,0,0,0,0,0,0,0,0,25,12,13
245,District-Tawang,Urban,7,9,3,6,0,0,0,0,0,0,0,0,0,0,0,0,0,0,0,0,0,0,0,0,0,9,3,6
245,District-Tawang,Urban,8,3,0,3,0,0,0,0,0,0,0,0,0,0,0,0,0,0,0,0,0,0,0,0,0,3,0,3
245,District-Tawang,Urban,9,5,2,3,0,0,0,0,0,0,0,0,0,1,1,0,1,0,1,0,0,0,0,0,0,3,1,2
245,District-Tawang,Urban,10,8,5,3,0,0,0,0,0,0,0,0,0,1,0,1,0,0,0,0,0,0,0,0,0,7,5,2
245,District-Tawang,Urban,11,6,3,3,1,0,1,0,0,0,0,0,0,1,1,0,0,0,0,0,0,0,0,0,0,4,2,2
245,District-Tawang,Urban,12,7,6,1,3,3,0,0,0,0,0,0,0,2,2,0,0,0,0,0,0,0,0,0,0,2,1,1
245,District-Tawang,Urban,13,8,4,4,2,2,0,0,0,0,0,0,0,1,0,1,3,1,2,0,0,0,0,0,0,2,1,1
245,District-Tawang,Urban,14,9,6,3,1,1,0,0,0,0,0,0,0,4,3,1,1,1,0,0,0,0,1,1,0,2,0,2
245,District-Tawang,Urban,15,14,4,10,3,2,1,1,0,1,0,0,0,5,1,4,2,1,1,1,0,1,0,0,0,2,0,2
245,District-Tawang,Urban,16,27,13,14,9,5,4,3,2,1,1,1,0,6,2,4,4,2,2,1,0,1,0,0,0,3,1,2
245,District-Tawang,Urban,17,24,12,12,11,8,3,1,1,0,0,0,0,7,2,5,5,1,4,0,0,0,0,0,0,0,0,0
245,District-Tawang,Urban,18,57,32,25,26,18,8,4,4,0,0,0,0,12,5,7,8,5,3,0,0,0,1,0,1,6,0,6
245,District-Tawang,Urban,19,46,23,23,24,19,5,1,0,1,1,0,1,14,1,13,3,2,1,1,0,1,0,0,0,2,1,1
246,District-West Kameng,Total,5-19,7421,3635,3786,947,614,333,308,165,143,95,52,43,893,372,521,991,468,523,357,167,190,106,53,53,3724,1744,1980
246,District-West Kameng,Total,5,1067,535,532,0,0,0,0,0,0,0,0,0,9,6,3,8,3,5,6,2,4,3,1,2,1041,523,518
246,District-West Kameng,Total,6,746,356,390,0,0,0,0,0,0,0,0,0,6,2,4,5,3,2,4,2,2,8,1,7,723,348,375
246,District-West Kameng,Total,7,412,197,215,0,0,0,1,1,0,0,0,0,17,6,11,3,3,0,3,1,2,1,1,0,387,185,202
246,District-West Kameng,Total,8,339,160,179,4,4,0,0,0,0,0,0,0,19,10,9,18,11,7,10,7,3,1,0,1,287,128,159
246,District-West Kameng,Total,9,245,122,123,1,0,1,0,0,0,0,0,0,26,13,13,6,2,4,10,3,7,2,2,0,200,102,98
246,District-West Kameng,Total,10,357,169,188,3,2,1,1,1,0,1,1,0,31,18,13,28,13,15,9,5,4,4,1,3,280,128,152
246,District-West Kameng,Total,11,230,110,120,4,2,2,3,1,2,3,2,1,31,19,12,32,21,11,10,5,5,6,2,4,141,58,83
246,District-West Kameng,Total,12,300,155,145,17,10,7,9,6,3,4,3,1,44,24,20,50,30,20,17,11,6,8,5,3,151,66,85
246,District-West Kameng,Total,13,269,139,130,17,11,6,11,7,4,5,3,2,59,33,26,44,21,23,23,13,10,11,5,6,99,46,53
246,District-West Kameng,Total,14,314,144,170,28,17,11,18,13,5,7,4,3,68,32,36,65,27,38,33,9,24,9,3,6,86,39,47
246,District-West Kameng,Total,15,427,234,193,85,56,29,25,13,12,8,4,4,84,51,33,102,53,49,39,16,23,7,6,1,77,35,42
246,District-West Kameng,Total,16,499,249,250,114,72,42,37,16,21,14,9,5,95,45,50,132,56,76,38,19,19,6,5,1,63,27,36
246,District-West Kameng,Total,17,501,253,248,126,86,40,46,31,15,14,8,6,85,38,47,116,49,67,54,21,33,7,5,2,53,15,38
246,District-West Kameng,Total,18,886,437,449,271,180,91,94,47,47,20,12,8,157,42,115,192,89,103,50,28,22,22,11,11,80,28,52
246,District-West Kameng,Total,19,829,375,454,277,174,103,63,29,34,19,6,13,162,33,129,190,87,103,51,25,26,11,5,6,56,16,40
246,District-West Kameng,Rural,5-19,6482,3182,3300,759,471,288,268,145,123,80,42,38,723,316,407,852,419,433,315,153,162,101,49,52,3384,1587,1797
246,District-West Kameng,Rural,5,977,485,492,0,0,0,0,0,0,0,0,0,6,5,1,8,3,5,6,2,4,3,1,2,954,474,480
246,District-West Kameng,Rural,6,673,322,351,0,0,0,0,0,0,0,0,0,6,2,4,5,3,2,3,2,1,8,1,7,651,314,337
246,District-West Kameng,Rural,7,381,179,202,0,0,0,1,1,0,0,0,0,14,6,8,3,3,0,3,1,2,1,1,0,359,167,192
246,District-West Kameng,Rural,8,314,146,168,2,2,0,0,0,0,0,0,0,16,8,8,18,11,7,9,6,3,1,0,1,268,119,149
246,District-West Kameng,Rural,9,227,116,111,1,0,1,0,0,0,0,0,0,24,12,12,5,2,3,10,3,7,2,2,0,185,97,88
246,District-West Kameng,Rural,10,326,157,169,1,1,0,1,1,0,1,1,0,30,17,13,26,13,13,7,4,3,3,0,3,257,120,137
246,District-West Kameng,Rural,11,204,101,103,4,2,2,3,1,2,2,2,0,27,18,9,27,20,7,8,4,4,6,2,4,127,52,75
246,District-West Kameng,Rural,12,265,137,128,11,6,5,8,5,3,3,2,1,39,20,19,44,28,16,16,11,5,8,5,3,136,60,76
246,District-West Kameng,Rural,13,242,130,112,13,9,4,10,6,4,5,3,2,52,30,22,38,20,18,21,12,9,11,5,6,92,45,47
246,District-West Kameng,Rural,14,258,117,141,23,15,8,14,12,2,5,3,2,51,24,27,56,25,31,31,8,23,9,3,6,69,27,42
246,District-West Kameng,Rural,15,353,200,153,68,44,24,23,12,11,5,2,3,75,47,28,83,44,39,30,14,16,5,4,1,64,33,31
246,District-West Kameng,Rural,16,408,200,208,87,49,38,32,14,18,10,7,3,76,35,41,109,48,61,32,16,16,6,5,1,56,26,30
246,District-West Kameng,Rural,17,415,211,204,99,64,35,38,26,12,12,6,6,66,34,32,94,41,53,49,21,28,7,5,2,50,14,36
246,District-West Kameng,Rural,18,734,368,366,222,147,75,81,41,40,19,11,8,119,32,87,164,80,84,44,24,20,20,10,10,65,23,42
246,District-West Kameng,Rural,19,705,313,392,228,132,96,57,26,31,18,5,13,122,26,96,172,78,94,46,25,21,11,5,6,51,16,35
246,District-West Kameng,Urban,5-19,939,453,486,188,143,45,40,20,20,15,10,5,170,56,114,139,49,90,42,14,28,5,4,1,340,157,183
246,District-West Kameng,Urban,5,90,50,40,0,0,0,0,0,0,0,0,0,3,1,2,0,0,0,0,0,0,0,0,0,87,49,38
246,District-West Kameng,Urban,6,73,34,39,0,0,0,0,0,0,0,0,0,0,0,0,0,0,0,1,0,1,0,0,0,72,34,38
246,District-West Kameng,Urban,7,31,18,13,0,0,0,0,0,0,0,0,0,3,0,3,0,0,0,0,0,0,0,0,0,28,18,10
246,District-West Kameng,Urban,8,25,14,11,2,2,0,0,0,0,0,0,0,3,2,1,0,0,0,1,1,0,0,0,0,19,9,10
246,District-West Kameng,Urban,9,18,6,12,0,0,0,0,0,0,0,0,0,2,1,1,1,0,1,0,0,0,0,0,0,15,5,10
246,District-West Kameng,Urban,10,31,12,19,2,1,1,0,0,0,0,0,0,1,1,0,2,0,2,2,1,1,1,1,0,23,8,15
246,District-West Kameng,Urban,11,26,9,17,0,0,0,0,0,0,1,0,1,4,1,3,5,1,4,2,1,1,0,0,0,14,6,8
246,District-West Kameng,Urban,12,35,18,17,6,4,2,1,1,0,1,1,0,5,4,1,6,2,4,1,0,1,0,0,0,15,6,9
246,District-West Kameng,Urban,13,27,9,18,4,2,2,1,1,0,0,0,0,7,3,4,6,1,5,2,1,1,0,0,0,7,1,6
246,District-West Kameng,Urban,14,56,27,29,5,2,3,4,1,3,2,1,1,17,8,9,9,2,7,2,1,1,0,0,0,17,12,5
246,District-West Kameng,Urban,15,74,34,40,17,12,5,2,1,1,3,2,1,9,4,5,19,9,10,9,2,7,2,2,0,13,2,11
246,District-West Kameng,Urban,16,91,49,42,27,23,4,5,2,3,4,2,2,19,10,9,23,8,15,6,3,3,0,0,0,7,1,6
246,District-West Kameng,Urban,17,86,42,44,27,22,5,8,5,3,2,2,0,19,4,15,22,8,14,5,0,5,0,0,0,3,1,2
246,District-West Kameng,Urban,18,152,69,83,49,33,16,13,6,7,1,1,0,38,10,28,28,9,19,6,4,2,2,1,1,15,5,10
246,District-West Kameng,Urban,19,124,62,62,49,42,7,6,3,3,1,1,0,40,7,33,18,9,9,5,0,5,0,0,0,5,0,5
247,District-East Kameng,Total,5-19,7224,3338,3886,350,171,179,86,41,45,17,7,10,565,257,308,608,225,383,243,91,152,59,28,31,5296,2518,2778
247,District-East Kameng,Total,5,1640,820,820,0,0,0,0,0,0,0,0,0,18,9,9,15,8,7,21,10,11,0,0,0,1586,793,793
247,District-East Kameng,Total,6,1196,584,612,0,0,0,1,1,0,0,0,0,16,8,8,9,4,5,4,2,2,3,1,2,1163,568,595
247,District-East Kameng,Total,7,685,345,340,1,0,1,0,0,0,0,0,0,27,13,14,11,3,8,13,4,9,8,7,1,625,318,307
247,District-East Kameng,Total,8,431,194,237,2,1,1,2,2,0,1,0,1,22,13,9,6,2,4,10,5,5,5,3,2,383,168,215
247,District-East Kameng,Total,9,322,139,183,1,0,1,1,0,1,0,0,0,24,11,13,8,3,5,17,7,10,3,1,2,268,117,151
247,District-East Kameng,Total,10,393,167,226,5,0,5,2,1,1,0,0,0,27,16,11,7,2,5,14,4,10,6,3,3,332,141,191
247,District-East Kameng,Total,11,242,108,134,6,4,2,0,0,0,3,0,3,28,11,17,15,4,11,8,3,5,1,0,1,181,86,95
247,District-East Kameng,Total,12,253,114,139,8,3,5,4,2,2,2,2,0,22,9,13,32,16,16,14,3,11,4,2,2,167,77,90
247,District-East Kameng,Total,13,171,85,86,10,8,2,3,1,2,0,0,0,30,13,17,19,6,13,13,5,8,4,1,3,92,51,41
247,District-East Kameng,Total,14,197,76,121,15,6,9,6,2,4,1,0,1,27,14,13,44,14,30,15,5,10,1,0,1,88,35,53
247,District-East Kameng,Total,15,288,127,161,19,10,9,6,4,2,3,2,1,41,16,25,74,36,38,26,10,16,10,4,6,109,45,64
247,District-East Kameng,Total,16,234,102,132,36,17,19,8,4,4,0,0,0,44,22,22,47,17,30,16,4,12,3,1,2,80,37,43
247,District-East Kameng,Total,17,256,124,132,31,16,15,7,3,4,1,1,0,56,32,24,69,29,40,17,9,8,6,3,3,69,31,38
247,District-East Kameng,Total,18,496,203,293,99,51,48,25,11,14,3,2,1,108,42,66,128,52,76,26,8,18,4,2,2,103,35,68
247,District-East Kameng,Total,19,420,150,270,117,55,62,21,10,11,3,0,3,75,28,47,124,29,95,29,12,17,1,0,1,50,16,34
247,District-East Kameng,Rural,5-19,5988,2806,3182,272,128,144,74,35,39,13,6,7,421,212,209,519,197,322,202,74,128,55,27,28,4432,2127,2305
247,District-East Kameng,Rural,5,1310,652,658,0,0,0,0,0,0,0,0,0,16,7,9,12,7,5,7,2,5,0,0,0,1275,636,639
247,District-East Kameng,Rural,6,991,474,517,0,0,0,1,1,0,0,0,0,14,6,8,8,4,4,1,0,1,3,1,2,964,462,502
247,District-East Kameng,Rural,7,586,296,290,1,0,1,0,0,0,0,0,0,22,11,11,7,2,5,7,2,5,6,6,0,543,275,268
247,District-East Kameng,Rural,8,382,173,209,2,1,1,2,2,0,1,0,1,20,12,8,4,1,3,10,5,5,5,3,2,338,149,189
247,District-East Kameng,Rural,9,287,123,164,0,0,0,1,0,1,0,0,0,20,9,11,7,3,4,16,6,10,3,1,2,240,104,136
247,District-East Kameng,Rural,10,336,148,188,5,0,5,2,1,1,0,0,0,20,15,5,6,2,4,14,4,10,5,3,2,284,123,161
247,District-East Kameng,Rural,11,206,97,109,2,1,1,0,0,0,2,0,2,26,11,15,9,4,5,8,3,5,1,0,1,158,78,80
247,District-East Kameng,Rural,12,218,102,116,8,3,5,2,1,1,2,2,0,16,8,8,21,11,10,13,3,10,4,2,2,152,72,80
247,District-East Kameng,Rural,13,144,75,69,7,6,1,3,1,2,0,0,0,26,10,16,17,6,11,10,4,6,4,1,3,77,47,30
247,District-East Kameng,Rural,14,161,69,92,10,5,5,6,2,4,1,0,1,18,11,7,38,13,25,12,4,8,1,0,1,75,34,41
247,District-East Kameng,Rural,15,237,112,125,16,8,8,6,4,2,3,2,1,35,14,21,57,29,28,24,10,14,10,4,6,86,41,45
247,District-East Kameng,Rural,16,189,91,98,28,16,12,7,3,4,0,0,0,33,19,14,39,16,23,16,4,12,3,1,2,63,32,31
247,District-East Kameng,Rural,17,209,106,103,19,9,10,5,3,2,0,0,0,44,26,18,63,26,37,15,9,6,6,3,3,57,30,27
247,District-East Kameng,Rural,18,395,163,232,75,36,39,21,9,12,3,2,1,70,31,39,117,45,72,23,7,16,3,2,1,83,31,52
247,District-East Kameng,Rural,19,337,125,212,99,43,56,18,8,10,1,0,1,41,22,19,114,28,86,26,11,15,1,0,1,37,13,24
247,District-East Kameng,Urban,5-19,1236,532,704,78,43,35,12,6,6,4,1,3,144,45,99,89,28,61,41,17,24,4,1,3,864,391,473
247,District-East Kameng,Urban,5,330,168,162,0,0,0,0,0,0,0,0,0,2,2,0,3,1,2,14,8,6,0,0,0,311,157,154
247,District-East Kameng,Urban,6,205,110,95,0,0,0,0,0,0,0,0,0,2,2,0,1,0,1,3,2,1,0,0,0,199,106,93
247,District-East Kameng,Urban,7,99,49,50,0,0,0,0,0,0,0,0,0,5,2,3,4,1,3,6,2,4,2,1,1,82,43,39
247,District-East Kameng,Urban,8,49,21,28,0,0,0,0,0,0,0,0,0,2,1,1,2,1,1,0,0,0,0,0,0,45,19,26
247,District-East Kameng,Urban,9,35,16,19,1,0,1,0,0,0,0,0,0,4,2,2,1,0,1,1,1,0,0,0,0,28,13,15
247,District-East Kameng,Urban,10,57,19,38,0,0,0,0,0,0,0,0,0,7,1,6,1,0,1,0,0,0,1,0,1,48,18,30
247,District-East Kameng,Urban,11,36,11,25,4,3,1,0,0,0,1,0,1,2,0,2,6,0,6,0,0,0,0,0,0,23,8,15
247,District-East Kameng,Urban,12,35,12,23,0,0,0,2,1,1,0,0,0,6,1,5,11,5,6,1,0,1,0,0,0,15,5,10
247,District-East Kameng,Urban,13,27,10,17,3,2,1,0,0,0,0,0,0,4,3,1,2,0,2,3,1,2,0,0,0,15,4,11
247,District-East Kameng,Urban,14,36,7,29,5,1,4,0,0,0,0,0,0,9,3,6,6,1,5,3,1,2,0,0,0,13,1,12
247,District-East Kameng,Urban,15,51,15,36,3,2,1,0,0,0,0,0,0,6,2,4,17,7,10,2,0,2,0,0,0,23,4,19
247,District-East Kameng,Urban,16,45,11,34,8,1,7,1,1,0,0,0,0,11,3,8,8,1,7,0,0,0,0,0,0,17,5,12
247,District-East Kameng,Urban,17,47,18,29,12,7,5,2,0,2,1,1,0,12,6,6,6,3,3,2,0,2,0,0,0,12,1,11
247,District-East Kameng,Urban,18,101,40,61,24,15,9,4,2,2,0,0,0,38,11,27,11,7,4,3,1,2,1,0,1,20,4,16
247,District-East Kameng,Urban,19,83,25,58,18,12,6,3,2,1,2,0,2,34,6,28,10,1,9,3,1,2,0,0,0,13,3,10
248,District-Papum Pare,Total,5-19,11538,5172,6366,769,463,306,294,160,134,60,37,23,1461,601,860,644,267,377,497,189,308,113,53,60,7700,3402,4298
248,District-Papum Pare,Total,5,2248,1095,1153,0,0,0,0,0,0,0,0,0,21,7,14,18,13,5,43,16,27,4,2,2,2162,1057,1105
248,District-Papum Pare,Total,6,1692,785,907,1,1,0,1,1,0,0,0,0,25,12,13,17,5,12,31,16,15,8,4,4,1609,746,863
248,District-Papum Pare,Total,7,799,379,420,3,2,1,5,1,4,0,0,0,47,27,20,9,5,4,17,5,12,5,1,4,713,338,375
248,District-Papum Pare,Total,8,597,260,337,5,1,4,6,0,6,2,1,1,51,27,24,6,3,3,18,9,9,5,1,4,504,218,286
248,District-Papum Pare,Total,9,427,221,206,3,2,1,4,2,2,0,0,0,48,28,20,23,6,17,23,14,9,4,4,0,322,165,157
248,District-Papum Pare,Total,10,570,280,290,2,1,1,5,3,2,1,1,0,63,39,24,16,8,8,21,9,12,3,1,2,459,218,241
248,District-Papum Pare,Total,11,407,173,234,5,1,4,4,3,1,1,1,0,53,18,35,18,8,10,26,8,18,4,2,2,296,132,164
248,District-Papum Pare,Total,12,455,200,255,22,14,8,10,9,1,1,0,1,72,33,39,33,13,20,30,15,15,8,3,5,279,113,166
248,District-Papum Pare,Total,13,374,154,220,31,22,9,8,5,3,2,0,2,69,34,35,40,13,27,24,8,16,0,0,0,200,72,128
248,District-Papum Pare,Total,14,435,167,268,47,26,21,13,8,5,3,2,1,73,25,48,41,19,22,33,14,19,6,4,2,219,69,150
248,District-Papum Pare,Total,15,551,216,335,62,38,24,28,14,14,5,2,3,125,54,71,81,25,56,41,16,25,9,4,5,200,63,137
248,District-Papum Pare,Total,16,571,250,321,76,53,23,33,17,16,9,6,3,114,52,62,77,26,51,45,13,32,11,6,5,206,77,129
248,District-Papum Pare,Total,17,554,221,333,99,53,46,37,28,9,7,2,5,159,58,101,58,26,32,35,13,22,14,7,7,145,34,111
248,District-Papum Pare,Total,18,945,408,537,186,111,75,65,37,28,17,14,3,269,106,163,110,51,59,64,22,42,21,8,13,213,59,154
248,District-Papum Pare,Total,19,913,363,550,227,138,89,75,32,43,12,8,4,272,81,191,97,46,51,46,11,35,11,6,5,173,41,132
248,District-Papum Pare,Rural,5-19,6244,2914,3330,374,209,165,145,66,79,38,22,16,622,252,370,276,138,138,276,115,161,72,34,38,4441,2078,2363
248,District-Papum Pare,Rural,5,1308,646,662,0,0,0,0,0,0,0,0,0,10,3,7,10,8,2,26,11,15,3,2,1,1259,622,637
248,District-Papum Pare,Rural,6,1040,481,559,1,1,0,1,1,0,0,0,0,11,6,5,8,2,6,21,10,11,8,4,4,990,457,533
248,District-Papum Pare,Rural,7,501,251,250,1,0,1,1,0,1,0,0,0,20,11,9,4,2,2,8,3,5,4,1,3,463,234,229
248,District-Papum Pare,Rural,8,371,170,201,1,0,1,3,0,3,1,1,0,24,12,12,3,3,0,11,6,5,3,0,3,325,148,177
248,District-Papum Pare,Rural,9,258,136,122,1,1,0,2,1,1,0,0,0,21,13,8,12,3,9,16,9,7,4,4,0,202,105,97
248,District-Papum Pare,Rural,10,332,173,159,1,0,1,2,1,1,0,0,0,29,20,9,5,3,2,9,5,4,2,0,2,284,144,140
248,District-Papum Pare,Rural,11,213,99,114,2,0,2,2,2,0,1,1,0,28,11,17,6,4,2,13,4,9,3,2,1,158,75,83
248,District-Papum Pare,Rural,12,240,123,117,11,5,6,7,6,1,1,0,1,30,14,16,14,8,6,20,11,9,4,2,2,153,77,76
248,District-Papum Pare,Rural,13,169,75,94,14,12,2,3,3,0,0,0,0,31,16,15,16,7,9,9,3,6,0,0,0,96,34,62
248,District-Papum Pare,Rural,14,209,93,116,28,14,14,5,1,4,3,2,1,37,13,24,12,8,4,16,8,8,4,3,1,104,44,60
248,District-Papum Pare,Rural,15,246,108,138,29,18,11,13,3,10,3,2,1,49,22,27,34,18,16,24,13,11,3,2,1,91,30,61
248,District-Papum Pare,Rural,16,252,122,130,36,24,12,17,7,10,4,3,1,45,17,28,32,12,20,23,6,17,6,5,1,89,48,41
248,District-Papum Pare,Rural,17,245,102,143,38,23,15,25,18,7,6,1,5,65,23,42,17,9,8,21,8,13,9,6,3,64,14,50
248,District-Papum Pare,Rural,18,425,169,256,80,40,40,31,15,16,11,8,3,108,40,68,47,25,22,39,14,25,13,2,11,96,25,71
248,District-Papum Pare,Rural,19,435,166,269,131,71,60,33,8,25,8,4,4,114,31,83,56,26,30,20,4,16,6,1,5,67,21,46
248,District-Papum Pare,Urban,5-19,5294,2258,3036,395,254,141,149,94,55,22,15,7,839,349,490,368,129,239,221,74,147,41,19,22,3259,1324,1935
248,District-Papum Pare,Urban,5,940,449,491,0,0,0,0,0,0,0,0,0,11,4,7,8,5,3,17,5,12,1,0,1,903,435,468
248,District-Papum Pare,Urban,6,652,304,348,0,0,0,0,0,0,0,0,0,14,6,8,9,3,6,10,6,4,0,0,0,619,289,330
248,District-Papum Pare,Urban,7,298,128,170,2,2,0,4,1,3,0,0,0,27,16,11,5,3,2,9,2,7,1,0,1,250,104,146
248,District-Papum Pare,Urban,8,226,90,136,4,1,3,3,0,3,1,0,1,27,15,12,3,0,3,7,3,4,2,1,1,179,70,109
248,District-Papum Pare,Urban,9,169,85,84,2,1,1,2,1,1,0,0,0,27,15,12,11,3,8,7,5,2,0,0,0,120,60,60
248,District-Papum Pare,Urban,10,238,107,131,1,1,0,3,2,1,1,1,0,34,19,15,11,5,6,12,4,8,1,1,0,175,74,101
248,District-Papum Pare,Urban,11,194,74,120,3,1,2,2,1,1,0,0,0,25,7,18,12,4,8,13,4,9,1,0,1,138,57,81
248,District-Papum Pare,Urban,12,215,77,138,11,9,2,3,3,0,0,0,0,42,19,23,19,5,14,10,4,6,4,1,3,126,36,90
248,District-Papum Pare,Urban,13,205,79,126,17,10,7,5,2,3,2,0,2,38,18,20,24,6,18,15,5,10,0,0,0,104,38,66
248,District-Papum Pare,Urban,14,226,74,152,19,12,7,8,7,1,0,0,0,36,12,24,29,11,18,17,6,11,2,1,1,115,25,90
248,District-Papum Pare,Urban,15,305,108,197,33,20,13,15,11,4,2,0,2,76,32,44,47,7,40,17,3,14,6,2,4,109,33,76
248,District-Papum Pare,Urban,16,319,128,191,40,29,11,16,10,6,5,3,2,69,35,34,45,14,31,22,7,15,5,1,4,117,29,88
248,District-Papum Pare,Urban,17,309,119,190,61,30,31,12,10,2,1,1,0,94,35,59,41,17,24,14,5,9,5,1,4,81,20,61
248,District-Papum Pare,Urban,18,520,239,281,106,71,35,34,22,12,6,6,0,161,66,95,63,26,37,25,8,17,8,6,2,117,34,83
248,District-Papum Pare,Urban,19,478,197,281,96,67,29,42,24,18,4,4,0,158,50,108,41,20,21,26,7,19,5,5,0,106,20,86
249,District-Upper Subansiri,Total,5-19,7988,3829,4159,257,135,122,132,51,81,17,11,6,692,303,389,681,321,360,395,173,222,53,23,30,5761,2812,2949
249,District-Upper Subansiri,Total,5,1387,689,698,1,1,0,0,0,0,0,0,0,24,11,13,20,11,9,32,16,16,5,3,2,1305,647,658
249,District-Upper Subansiri,Total,6,1105,551,554,1,0,1,2,0,2,0,0,0,28,10,18,21,16,5,26,13,13,5,1,4,1022,511,511
249,District-Upper Subansiri,Total,7,693,344,349,2,0,2,3,0,3,2,2,0,27,11,16,25,11,14,23,13,10,1,1,0,610,306,304
249,District-Upper Subansiri,Total,8,557,262,295,1,1,0,2,0,2,1,1,0,30,16,14,28,13,15,21,9,12,2,0,2,472,222,250
249,District-Upper Subansiri,Total,9,393,206,187,0,0,0,1,1,0,1,0,1,39,16,23,20,11,9,16,11,5,2,1,1,314,166,148
249,District-Upper Subansiri,Total,10,528,276,252,2,2,0,1,1,0,0,0,0,31,19,12,41,17,24,32,12,20,3,3,0,418,222,196
249,District-Upper Subansiri,Total,11,395,191,204,6,3,3,6,4,2,0,0,0,47,22,25,33,17,16,13,6,7,2,0,2,288,139,149
249,District-Upper Subansiri,Total,12,360,166,194,7,4,3,3,1,2,0,0,0,40,20,20,43,19,24,20,10,10,2,1,1,245,111,134
249,District-Upper Subansiri,Total,13,243,103,140,5,5,0,2,2,0,1,1,0,38,16,22,29,12,17,11,4,7,0,0,0,157,63,94
249,District-Upper Subansiri,Total,14,287,140,147,6,3,3,3,2,1,0,0,0,41,20,21,49,24,25,13,6,7,4,1,3,171,84,87
249,District-Upper Subansiri,Total,15,381,190,191,23,18,5,10,4,6,3,2,1,51,25,26,58,31,27,36,19,17,4,2,2,196,89,107
249,District-Upper Subansiri,Total,16,354,155,199,22,9,13,15,8,7,0,0,0,63,24,39,61,32,29,30,10,20,3,2,1,160,70,90
249,District-Upper Subansiri,Total,17,292,132,160,24,15,9,15,7,8,1,1,0,63,22,41,50,21,29,24,9,15,3,1,2,112,56,56
249,District-Upper Subansiri,Total,18,533,229,304,82,43,39,29,9,20,3,0,3,88,37,51,99,40,59,51,21,30,6,2,4,175,77,98
249,District-Upper Subansiri,Total,19,480,195,285,75,31,44,40,12,28,5,4,1,82,34,48,104,46,58,47,14,33,11,5,6,116,49,67
249,District-Upper Subansiri,Rural,5-19,7063,3416,3647,190,84,106,120,45,75,15,9,6,587,263,324,653,311,342,374,160,214,46,20,26,5078,2524,2554
249,District-Upper Subansiri,Rural,5,1174,590,584,0,0,0,0,0,0,0,0,0,23,11,12,20,11,9,27,14,13,5,3,2,1099,551,548
249,District-Upper Subansiri,Rural,6,962,489,473,1,0,1,2,0,2,0,0,0,26,8,18,20,16,4,23,11,12,5,1,4,885,453,432
249,District-Upper Subansiri,Rural,7,592,298,294,2,0,2,3,0,3,2,2,0,25,11,14,25,11,14,21,11,10,1,1,0,513,262,251
249,District-Upper Subansiri,Rural,8,507,239,268,1,1,0,2,0,2,1,1,0,28,14,14,25,12,13,21,9,12,2,0,2,427,202,225
249,District-Upper Subansiri,Rural,9,362,191,171,0,0,0,1,1,0,1,0,1,38,16,22,19,11,8,16,11,5,2,1,1,285,151,134
249,District-Upper Subansiri,Rural,10,487,262,225,2,2,0,1,1,0,0,0,0,28,17,11,40,17,23,31,12,19,3,3,0,382,210,172
249,District-Upper Subansiri,Rural,11,364,176,188,5,3,2,6,4,2,0,0,0,40,18,22,33,17,16,13,6,7,2,0,2,265,128,137
249,District-Upper Subansiri,Rural,12,339,160,179,7,4,3,3,1,2,0,0,0,35,17,18,41,18,23,19,9,10,2,1,1,232,110,122
249,District-Upper Subansiri,Rural,13,228,95,133,2,2,0,2,2,0,1,1,0,35,15,20,29,12,17,11,4,7,0,0,0,148,59,89
249,District-Upper Subansiri,Rural,14,259,124,135,5,2,3,3,2,1,0,0,0,34,15,19,47,23,24,13,6,7,3,1,2,154,75,79
249,District-Upper Subansiri,Rural,15,355,175,180,18,13,5,10,4,6,3,2,1,43,20,23,53,31,22,35,18,17,4,2,2,189,85,104
249,District-Upper Subansiri,Rural,16,311,143,168,13,2,11,14,8,6,0,0,0,53,24,29,59,31,28,29,10,19,2,2,0,141,66,75
249,District-Upper Subansiri,Rural,17,260,120,140,16,8,8,14,7,7,1,1,0,48,20,28,47,18,29,23,9,14,3,1,2,108,56,52
249,District-Upper Subansiri,Rural,18,456,188,268,60,26,34,27,7,20,3,0,3,67,27,40,94,38,56,47,18,29,5,1,4,153,71,82
249,District-Upper Subansiri,Rural,19,407,166,241,58,21,37,32,8,24,3,2,1,64,30,34,101,45,56,45,12,33,7,3,4,97,45,52
249,District-Upper Subansiri,Urban,5-19,925,413,512,67,51,16,12,6,6,2,2,0,105,40,65,28,10,18,21,13,8,7,3,4,683,288,395
249,District-Upper Subansiri,Urban,5,213,99,114,1,1,0,0,0,0,0,0,0,1,0,1,0,0,0,5,2,3,0,0,0,206,96,110
249,District-Upper Subansiri,Urban,6,143,62,81,0,0,0,0,0,0,0,0,0,2,2,0,1,0,1,3,2,1,0,0,0,137,58,79
249,District-Upper Subansiri,Urban,7,101,46,55,0,0,0,0,0,0,0,0,0,2,0,2,0,0,0,2,2,0,0,0,0,97,44,53
249,District-Upper Subansiri,Urban,8,50,23,27,0,0,0,0,0,0,0,0,0,2,2,0,3,1,2,0,0,0,0,0,0,45,20,25
249,District-Upper Subansiri,Urban,9,31,15,16,0,0,0,0,0,0,0,0,0,1,0,1,1,0,1,0,0,0,0,0,0,29,15,14
249,District-Upper Subansiri,Urban,10,41,14,27,0,0,0,0,0,0,0,0,0,3,2,1,1,0,1,1,0,1,0,0,0,36,12,24
249,District-Upper Subansiri,Urban,11,31,15,16,1,0,1,0,0,0,0,0,0,7,4,3,0,0,0,0,0,0,0,0,0,23,11,12
249,District-Upper Subansiri,Urban,12,21,6,15,0,0,0,0,0,0,0,0,0,5,3,2,2,1,1,1,1,0,0,0,0,13,1,12
249,District-Upper Subansiri,Urban,13,15,8,7,3,3,0,0,0,0,0,0,0,3,1,2,0,0,0,0,0,0,0,0,0,9,4,5
249,District-Upper Subansiri,Urban,14,28,16,12,1,1,0,0,0,0,0,0,0,7,5,2,2,1,1,0,0,0,1,0,1,17,9,8
249,District-Upper Subansiri,Urban,15,26,15,11,5,5,0,0,0,0,0,0,0,8,5,3,5,0,5,1,1,0,0,0,0,7,4,3
249,District-Upper Subansiri,Urban,16,43,12,31,9,7,2,1,0,1,0,0,0,10,0,10,2,1,1,1,0,1,1,0,1,19,4,15
249,District-Upper Subansiri,Urban,17,32,12,20,8,7,1,1,0,1,0,0,0,15,2,13,3,3,0,1,0,1,0,0,0,4,0,4
249,District-Upper Subansiri,Urban,18,77,41,36,22,17,5,2,2,0,0,0,0,21,10,11,5,2,3,4,3,1,1,1,0,22,6,16
249,District-Upper Subansiri,Urban,19,73,29,44,17,10,7,8,4,4,2,2,0,18,4,14,3,1,2,2,2,0,4,2,2,19,4,15
250,District-West Siang,Total,5-19,8695,4335,4360,634,375,259,170,101,69,55,26,29,927,446,481,509,245,264,236,94,142,66,27,39,6098,3021,3077
250,District-West Siang,Total,5,1501,794,707,1,1,0,0,0,0,0,0,0,12,5,7,5,3,2,12,4,8,3,1,2,1468,780,688
250,District-West Siang,Total,6,1158,576,582,0,0,0,0,0,0,0,0,0,19,8,11,5,3,2,7,4,3,5,0,5,1122,561,561
250,District-West Siang,Total,7,784,405,379,2,0,2,2,2,0,0,0,0,33,20,13,4,2,2,14,8,6,6,4,2,723,369,354
250,District-West Siang,Total,8,627,299,328,2,1,1,0,0,0,1,1,0,32,19,13,6,1,5,4,1,3,3,1,2,579,275,304
250,District-West Siang,Total,9,431,210,221,3,3,0,0,0,0,1,0,1,30,15,15,9,4,5,7,3,4,8,4,4,373,181,192
250,District-West Siang,Total,10,481,236,245,5,3,2,1,0,1,0,0,0,26,12,14,20,7,13,10,1,9,2,0,2,417,213,204
250,District-West Siang,Total,11,326,170,156,5,4,1,1,0,1,1,1,0,37,22,15,11,8,3,7,5,2,6,4,2,258,126,132
250,District-West Siang,Total,12,326,148,178,12,8,4,5,3,2,4,2,2,46,29,17,28,8,20,12,5,7,4,0,4,215,93,122
250,District-West Siang,Total,13,254,120,134,19,6,13,5,1,4,1,0,1,48,27,21,21,11,10,6,0,6,1,1,0,153,74,79
250,District-West Siang,Total,14,324,155,169,25,13,12,5,3,2,3,0,3,61,36,25,53,21,32,25,10,15,5,2,3,147,70,77
250,District-West Siang,Total,15,384,204,180,60,39,21,20,12,8,4,1,3,74,30,44,61,38,23,19,9,10,5,1,4,141,74,67
250,District-West Siang,Total,16,420,206,214,68,37,31,16,12,4,6,4,2,89,51,38,51,23,28,22,8,14,4,3,1,164,68,96
250,District-West Siang,Total,17,405,211,194,80,48,32,30,21,9,6,4,2,90,47,43,62,37,25,30,8,22,1,0,1,106,46,60
250,District-West Siang,Total,18,660,314,346,177,113,64,48,26,22,19,7,12,160,61,99,81,37,44,35,18,17,7,2,5,133,50,83
250,District-West Siang,Total,19,614,287,327,175,99,76,37,21,16,9,6,3,170,64,106,92,42,50,26,10,16,6,4,2,99,41,58
250,District-West Siang,Rural,5-19,7372,3705,3667,485,257,228,128,77,51,46,22,24,681,348,333,437,211,226,212,84,128,60,26,34,5323,2680,2643
250,District-West Siang,Rural,5,1289,690,599,0,0,0,0,0,0,0,0,0,10,5,5,4,3,1,9,3,6,3,1,2,1263,678,585
250,District-West Siang,Rural,6,999,489,510,0,0,0,0,0,0,0,0,0,18,7,11,4,3,1,5,3,2,5,0,5,967,476,491
250,District-West Siang,Rural,7,700,363,337,0,0,0,2,2,0,0,0,0,31,18,13,4,2,2,13,8,5,6,4,2,644,329,315
250,District-West Siang,Rural,8,568,280,288,1,0,1,0,0,0,1,1,0,30,18,12,5,1,4,4,1,3,3,1,2,524,258,266
250,District-West Siang,Rural,9,388,192,196,2,2,0,0,0,0,1,0,1,25,14,11,8,4,4,6,2,4,8,4,4,338,166,172
250,District-West Siang,Rural,10,423,209,214,2,1,1,1,0,1,0,0,0,21,10,11,17,5,12,10,1,9,2,0,2,370,192,178
250,District-West Siang,Rural,11,285,154,131,2,2,0,1,0,1,0,0,0,30,20,10,10,8,2,5,3,2,6,4,2,231,117,114
250,District-West Siang,Rural,12,283,129,154,8,5,3,3,2,1,4,2,2,38,25,13,26,8,18,12,5,7,3,0,3,189,82,107
250,District-West Siang,Rural,13,215,101,114,16,5,11,4,1,3,1,0,1,38,21,17,16,9,7,6,0,6,0,0,0,134,65,69
250,District-West Siang,Rural,14,274,129,145,20,9,11,2,1,1,3,0,3,45,26,19,44,17,27,25,10,15,4,2,2,131,64,67
250,District-West Siang,Rural,15,313,171,142,50,31,19,15,8,7,3,1,2,58,23,35,54,34,20,16,8,8,3,1,2,114,65,49
250,District-West Siang,Rural,16,331,168,163,53,27,26,11,9,2,6,4,2,66,41,25,37,17,20,18,7,11,4,3,1,136,60,76
250,District-West Siang,Rural,17,317,171,146,62,34,28,24,19,5,3,2,1,62,37,25,51,28,23,27,8,19,1,0,1,87,43,44
250,District-West Siang,Rural,18,523,242,281,139,79,60,38,18,20,16,6,10,107,42,65,74,34,40,32,16,16,6,2,4,111,45,66
250,District-West Siang,Rural,19,464,217,247,130,62,68,27,17,10,8,6,2,102,41,61,83,38,45,24,9,15,6,4,2,84,40,44
250,District-West Siang,Urban,5-19,1323,630,693,149,118,31,42,24,18,9,4,5,246,98,148,72,34,38,24,10,14,6,1,5,775,341,434
250,District-West Siang,Urban,5,212,104,108,1,1,0,0,0,0,0,0,0,2,0,2,1,0,1,3,1,2,0,0,0,205,102,103
250,District-West Siang,Urban,6,159,87,72,0,0,0,0,0,0,0,0,0,1,1,0,1,0,1,2,1,1,0,0,0,155,85,70
250,District-West Siang,Urban,7,84,42,42,2,0,2,0,0,0,0,0,0,2,2,0,0,0,0,1,0,1,0,0,0,79,40,39
250,District-West Siang,Urban,8,59,19,40,1,1,0,0,0,0,0,0,0,2,1,1,1,0,1,0,0,0,0,0,0,55,17,38
250,District-West Siang,Urban,9,43,18,25,1,1,0,0,0,0,0,0,0,5,1,4,1,0,1,1,1,0,0,0,0,35,15,20
250,District-West Siang,Urban,10,58,27,31,3,2,1,0,0,0,0,0,0,5,2,3,3,2,1,0,0,0,0,0,0,47,21,26
250,District-West Siang,Urban,11,41,16,25,3,2,1,0,0,0,1,1,0,7,2,5,1,0,1,2,2,0,0,0,0,27,9,18
250,District-West Siang,Urban,12,43,19,24,4,3,1,2,1,1,0,0,0,8,4,4,2,0,2,0,0,0,1,0,1,26,11,15
250,District-West Siang,Urban,13,39,19,20,3,1,2,1,0,1,0,0,0,10,6,4,5,2,3,0,0,0,1,1,0,19,9,10
250,District-West Siang,Urban,14,50,26,24,5,4,1,3,2,1,0,0,0,16,10,6,9,4,5,0,0,0,1,0,1,16,6,10
250,District-West Siang,Urban,15,71,33,38,10,8,2,5,4,1,1,0,1,16,7,9,7,4,3,3,1,2,2,0,2,27,9,18
250,District-West Siang,Urban,16,89,38,51,15,10,5,5,3,2,0,0,0,23,10,13,14,6,8,4,1,3,0,0,0,28,8,20
250,District-West Siang,Urban,17,88,40,48,18,14,4,6,2,4,3,2,1,28,10,18,11,9,2,3,0,3,0,0,0,19,3,16
250,District-West Siang,Urban,18,137,72,65,38,34,4,10,8,2,3,1,2,53,19,34,7,3,4,3,2,1,1,0,1,22,5,17
250,District-West Siang,Urban,19,150,70,80,45,37,8,10,4,6,1,0,1,68,23,45,9,4,5,2,1,1,0,0,0,15,1,14
251,District-East Siang,Total,5-19,7089,3440,3649,530,307,223,107,62,45,22,9,13,745,342,403,484,240,244,249,114,135,69,38,31,4883,2328,2555
251,District-East Siang,Total,5,1383,702,681,2,2,0,0,0,0,0,0,0,4,1,3,10,5,5,6,4,2,3,3,0,1358,687,671
251,District-East Siang,Total,6,961,499,462,0,0,0,0,0,0,0,0,0,9,4,5,9,6,3,10,4,6,2,2,0,931,483,448
251,District-East Siang,Total,7,512,236,276,2,0,2,0,0,0,0,0,0,16,5,11,4,4,0,6,0,6,6,2,4,478,225,253
251,District-East Siang,Total,8,387,180,207,3,0,3,0,0,0,0,0,0,18,6,12,10,5,5,8,5,3,6,3,3,342,161,181
251,District-East Siang,Total,9,296,134,162,3,2,1,0,0,0,0,0,0,22,11,11,2,2,0,9,2,7,6,3,3,254,114,140
251,District-East Siang,Total,10,373,186,187,5,1,4,1,1,0,1,1,0,24,14,10,13,10,3,8,1,7,4,2,2,317,156,161
251,District-East Siang,Total,11,291,150,141,18,11,7,0,0,0,1,1,0,24,10,14,12,8,4,14,9,5,7,5,2,215,106,109
251,District-East Siang,Total,12,259,126,133,13,8,5,1,0,1,0,0,0,31,15,16,18,10,8,10,6,4,9,6,3,177,81,96
251,District-East Siang,Total,13,249,116,133,19,7,12,2,0,2,1,0,1,52,29,23,21,11,10,14,9,5,3,1,2,137,59,78
251,District-East Siang,Total,14,276,126,150,22,15,7,12,7,5,1,0,1,52,27,25,26,11,15,23,10,13,2,0,2,138,56,82
251,District-East Siang,Total,15,304,139,165,35,22,13,7,4,3,1,0,1,64,34,30,46,22,24,26,12,14,3,1,2,122,44,78
251,District-East Siang,Total,16,337,168,169,49,32,17,13,9,4,1,0,1,75,36,39,52,26,26,19,8,11,4,3,1,124,54,70
251,District-East Siang,Total,17,382,185,197,75,48,27,16,9,7,2,2,0,101,49,52,62,32,30,27,9,18,6,3,3,93,33,60
251,District-East Siang,Total,18,540,254,286,151,83,68,20,12,8,8,4,4,115,44,71,95,44,51,39,20,19,6,3,3,106,44,62
251,District-East Siang,Total,19,539,239,300,133,76,57,35,20,15,6,1,5,138,57,81,104,44,60,30,15,15,2,1,1,91,25,66
251,District-East Siang,Rural,5-19,5560,2717,2843,417,221,196,76,41,35,16,5,11,495,245,250,407,199,208,211,94,117,63,34,29,3875,1878,1997
251,District-East Siang,Rural,5,1096,553,543,1,1,0,0,0,0,0,0,0,2,0,2,8,3,5,6,4,2,3,3,0,1076,542,534
251,District-East Siang,Rural,6,766,394,372,0,0,0,0,0,0,0,0,0,7,3,4,8,5,3,9,4,5,2,2,0,740,380,360
251,District-East Siang,Rural,7,431,197,234,2,0,2,0,0,0,0,0,0,15,4,11,4,4,0,5,0,5,6,2,4,399,187,212
251,District-East Siang,Rural,8,315,151,164,2,0,2,0,0,0,0,0,0,14,5,9,6,4,2,8,5,3,6,3,3,279,134,145
251,District-East Siang,Rural,9,253,117,136,3,2,1,0,0,0,0,0,0,19,10,9,2,2,0,8,2,6,6,3,3,215,98,117
251,District-East Siang,Rural,10,297,151,146,4,1,3,1,1,0,1,1,0,18,10,8,9,8,1,7,1,6,4,2,2,253,127,126
251,District-East Siang,Rural,11,244,127,117,16,9,7,0,0,0,1,1,0,18,9,9,11,8,3,13,8,5,7,5,2,178,87,91
251,District-East Siang,Rural,12,201,102,99,11,6,5,1,0,1,0,0,0,21,12,9,16,9,7,10,6,4,8,5,3,134,64,70
251,District-East Siang,Rural,13,195,90,105,14,5,9,0,0,0,0,0,0,37,20,17,18,8,10,12,7,5,3,1,2,111,49,62
251,District-East Siang,Rural,14,218,99,119,16,10,6,8,4,4,1,0,1,31,18,13,23,10,13,22,10,12,2,0,2,115,47,68
251,District-East Siang,Rural,15,236,107,129,27,15,12,5,3,2,1,0,1,45,28,17,41,19,22,21,8,13,2,0,2,94,34,60
251,District-East Siang,Rural,16,237,122,115,37,23,14,9,6,3,1,0,1,46,23,23,43,21,22,12,4,8,2,2,0,87,43,44
251,District-East Siang,Rural,17,280,140,140,55,32,23,14,8,6,1,1,0,66,36,30,46,26,20,22,6,16,6,3,3,70,28,42
251,District-East Siang,Rural,18,395,189,206,120,58,62,13,7,6,5,2,3,70,27,43,84,38,46,30,15,15,4,2,2,69,40,29
251,District-East Siang,Rural,19,396,178,218,109,59,50,25,12,13,5,0,5,86,40,46,88,34,54,26,14,12,2,1,1,55,18,37
251,District-East Siang,Urban,5-19,1529,723,806,113,86,27,31,21,10,6,4,2,250,97,153,77,41,36,38,20,18,6,4,2,1008,450,558
251,District-East Siang,Urban,5,287,149,138,1,1,0,0,0,0,0,0,0,2,1,1,2,2,0,0,0,0,0,0,0,282,145,137
251,District-East Siang,Urban,6,195,105,90,0,0,0,0,0,0,0,0,0,2,1,1,1,1,0,1,0,1,0,0,0,191,103,88
251,District-East Siang,Urban,7,81,39,42,0,0,0,0,0,0,0,0,0,1,1,0,0,0,0,1,0,1,0,0,0,79,38,41
251,District-East Siang,Urban,8,72,29,43,1,0,1,0,0,0,0,0,0,4,1,3,4,1,3,0,0,0,0,0,0,63,27,36
251,District-East Siang,Urban,9,43,17,26,0,0,0,0,0,0,0,0,0,3,1,2,0,0,0,1,0,1,0,0,0,39,16,23
251,District-East Siang,Urban,10,76,35,41,1,0,1,0,0,0,0,0,0,6,4,2,4,2,2,1,0,1,0,0,0,64,29,35
251,District-East Siang,Urban,11,47,23,24,2,2,0,0,0,0,0,0,0,6,1,5,1,0,1,1,1,0,0,0,0,37,19,18
251,District-East Siang,Urban,12,58,24,34,2,2,0,0,0,0,0,0,0,10,3,7,2,1,1,0,0,0,1,1,0,43,17,26
251,District-East Siang,Urban,13,54,26,28,5,2,3,2,0,2,1,0,1,15,9,6,3,3,0,2,2,0,0,0,0,26,10,16
251,District-East Siang,Urban,14,58,27,31,6,5,1,4,3,1,0,0,0,21,9,12,3,1,2,1,0,1,0,0,0,23,9,14
251,District-East Siang,Urban,15,68,32,36,8,7,1,2,1,1,0,0,0,19,6,13,5,3,2,5,4,1,1,1,0,28,10,18
251,District-East Siang,Urban,16,100,46,54,12,9,3,4,3,1,0,0,0,29,13,16,9,5,4,7,4,3,2,1,1,37,11,26
251,District-East Siang,Urban,17,102,45,57,20,16,4,2,1,1,1,1,0,35,13,22,16,6,10,5,3,2,0,0,0,23,5,18
251,District-East Siang,Urban,18,145,65,80,31,25,6,7,5,2,3,2,1,45,17,28,11,6,5,9,5,4,2,1,1,37,4,33
251,District-East Siang,Urban,19,143,61,82,24,17,7,10,8,2,1,1,0,52,17,35,16,10,6,4,1,3,0,0,0,36,7,29
252,District-Upper Siang,Total,5-19,2685,1362,1323,173,91,82,44,23,21,6,2,4,188,99,89,211,106,105,79,29,50,21,7,14,1963,1005,958
252,District-Upper Siang,Total,5,552,291,261,0,0,0,0,0,0,0,0,0,2,0,2,6,2,4,4,2,2,0,0,0,540,287,253
252,District-Upper Siang,Total,6,412,202,210,0,0,0,0,0,0,0,0,0,6,6,0,5,3,2,2,1,1,1,1,0,398,191,207
252,District-Upper Siang,Total,7,235,114,121,0,0,0,1,0,1,0,0,0,7,5,2,4,1,3,3,2,1,0,0,0,220,106,114
252,District-Upper Siang,Total,8,191,108,83,0,0,0,0,0,0,0,0,0,8,5,3,9,5,4,3,2,1,1,0,1,170,96,74
252,District-Upper Siang,Total,9,141,69,72,0,0,0,0,0,0,0,0,0,8,2,6,8,3,5,2,1,1,0,0,0,123,63,60
252,District-Upper Siang,Total,10,125,64,61,1,1,0,0,0,0,0,0,0,5,3,2,8,5,3,5,1,4,2,0,2,104,54,50
252,District-Upper Siang,Total,11,125,68,57,2,1,1,1,1,0,0,0,0,16,9,7,9,4,5,3,1,2,0,0,0,94,52,42
252,District-Upper Siang,Total,12,104,58,46,5,3,2,1,1,0,0,0,0,14,9,5,12,6,6,4,2,2,0,0,0,68,37,31
252,District-Upper Siang,Total,13,111,53,58,5,3,2,1,0,1,0,0,0,12,7,5,17,6,11,1,0,1,2,1,1,73,36,37
252,District-Upper Siang,Total,14,85,46,39,5,3,2,2,0,2,0,0,0,15,7,8,8,3,5,4,1,3,5,2,3,46,30,16
252,District-Upper Siang,Total,15,94,42,52,7,4,3,6,5,1,1,1,0,15,9,6,18,8,10,11,2,9,3,2,1,33,11,22
252,District-Upper Siang,Total,16,96,44,52,23,9,14,3,3,0,2,0,2,14,8,6,12,7,5,7,1,6,2,0,2,33,16,17
252,District-Upper Siang,Total,17,114,55,59,24,12,12,11,4,7,0,0,0,18,11,7,16,10,6,9,1,8,3,1,2,33,16,17
252,District-Upper Siang,Total,18,149,75,74,50,27,23,3,1,2,2,1,1,28,11,17,36,24,12,14,7,7,1,0,1,15,4,11
252,District-Upper Siang,Total,19,151,73,78,51,28,23,15,8,7,1,0,1,20,7,13,43,19,24,7,5,2,1,0,1,13,6,7
252,District-Upper Siang,Rural,5-19,2272,1169,1103,129,57,72,20,11,9,4,2,2,112,61,51,191,95,96,61,22,39,18,7,11,1737,914,823
252,District-Upper Siang,Rural,5,484,259,225,0,0,0,0,0,0,0,0,0,2,0,2,6,2,4,2,1,1,0,0,0,474,256,218
252,District-Upper Siang,Rural,6,353,174,179,0,0,0,0,0,0,0,0,0,4,4,0,5,3,2,2,1,1,1,1,0,341,165,176
252,District-Upper Siang,Rural,7,215,102,113,0,0,0,0,0,0,0,0,0,2,1,1,4,1,3,3,2,1,0,0,0,206,98,108
252,District-Upper Siang,Rural,8,178,99,79,0,0,0,0,0,0,0,0,0,6,3,3,9,5,4,2,2,0,1,0,1,160,89,71
252,District-Upper Siang,Rural,9,125,65,60,0,0,0,0,0,0,0,0,0,5,1,4,8,3,5,2,1,1,0,0,0,110,60,50
252,District-Upper Siang,Rural,10,113,57,56,0,0,0,0,0,0,0,0,0,2,1,1,8,5,3,5,1,4,2,0,2,96,50,46
252,District-Upper Siang,Rural,11,104,59,45,2,1,1,1,1,0,0,0,0,9,5,4,8,3,5,3,1,2,0,0,0,81,48,33
252,District-Upper Siang,Rural,12,84,49,35,5,3,2,1,1,0,0,0,0,4,3,1,11,6,5,3,2,1,0,0,0,60,34,26
252,District-Upper Siang,Rural,13,97,47,50,4,2,2,1,0,1,0,0,0,6,4,2,16,6,10,1,0,1,1,1,0,68,34,34
252,District-Upper Siang,Rural,14,71,43,28,4,2,2,0,0,0,0,0,0,11,6,5,8,3,5,2,0,2,4,2,2,42,30,12
252,District-Upper Siang,Rural,15,67,31,36,7,4,3,1,1,0,1,1,0,6,4,2,15,7,8,10,1,9,3,2,1,24,11,13
252,District-Upper Siang,Rural,16,80,36,44,16,6,10,1,1,0,1,0,1,11,6,5,11,6,5,6,1,5,2,0,2,32,16,16
252,District-Upper Siang,Rural,17,77,38,39,16,7,9,6,1,5,0,0,0,10,7,3,12,6,6,5,1,4,2,1,1,26,15,11
252,District-Upper Siang,Rural,18,117,58,59,36,13,23,2,1,1,2,1,1,22,10,12,35,23,12,11,6,5,1,0,1,8,4,4
252,District-Upper Siang,Rural,19,107,52,55,39,19,20,7,5,2,0,0,0,12,6,6,35,16,19,4,2,2,1,0,1,9,4,5
252,District-Upper Siang,Urban,5-19,413,193,220,44,34,10,24,12,12,2,0,2,76,38,38,20,11,9,18,7,11,3,0,3,226,91,135
252,District-Upper Siang,Urban,5,68,32,36,0,0,0,0,0,0,0,0,0,0,0,0,0,0,0,2,1,1,0,0,0,66,31,35
252,District-Upper Siang,Urban,6,59,28,31,0,0,0,0,0,0,0,0,0,2,2,0,0,0,0,0,0,0,0,0,0,57,26,31
252,District-Upper Siang,Urban,7,20,12,8,0,0,0,1,0,1,0,0,0,5,4,1,0,0,0,0,0,0,0,0,0,14,8,6
252,District-Upper Siang,Urban,8,13,9,4,0,0,0,0,0,0,0,0,0,2,2,0,0,0,0,1,0,1,0,0,0,10,7,3
252,District-Upper Siang,Urban,9,16,4,12,0,0,0,0,0,0,0,0,0,3,1,2,0,0,0,0,0,0,0,0,0,13,3,10
252,District-Upper Siang,Urban,10,12,7,5,1,1,0,0,0,0,0,0,0,3,2,1,0,0,0,0,0,0,0,0,0,8,4,4
252,District-Upper Siang,Urban,11,21,9,12,0,0,0,0,0,0,0,0,0,7,4,3,1,1,0,0,0,0,0,0,0,13,4,9
252,District-Upper Siang,Urban,12,20,9,11,0,0,0,0,0,0,0,0,0,10,6,4,1,0,1,1,0,1,0,0,0,8,3,5
252,District-Upper Siang,Urban,13,14,6,8,1,1,0,0,0,0,0,0,0,6,3,3,1,0,1,0,0,0,1,0,1,5,2,3
252,District-Upper Siang,Urban,14,14,3,11,1,1,0,2,0,2,0,0,0,4,1,3,0,0,0,2,1,1,1,0,1,4,0,4
252,District-Upper Siang,Urban,15,27,11,16,0,0,0,5,4,1,0,0,0,9,5,4,3,1,2,1,1,0,0,0,0,9,0,9
252,District-Upper Siang,Urban,16,16,8,8,7,3,4,2,2,0,1,0,1,3,2,1,1,1,0,1,0,1,0,0,0,1,0,1
252,District-Upper Siang,Urban,17,37,17,20,8,5,3,5,3,2,0,0,0,8,4,4,4,4,0,4,0,4,1,0,1,7,1,6
252,District-Upper Siang,Urban,18,32,17,15,14,14,0,1,0,1,0,0,0,6,1,5,1,1,0,3,1,2,0,0,0,7,0,7
252,District-Upper Siang,Urban,19,44,21,23,12,9,3,8,3,5,1,0,1,8,1,7,8,3,5,3,3,0,0,0,0,4,2,2
253,District-Changlang,Total,5-19,18658,8768,9890,1404,958,446,427,239,188,140,72,68,1690,847,843,1718,824,894,762,239,523,238,64,174,12279,5525,6754
253,District-Changlang,Total,5,2854,1454,1400,0,0,0,0,0,0,0,0,0,11,8,3,9,5,4,6,1,5,2,0,2,2826,1440,1386
253,District-Changlang,Total,6,2316,1118,1198,0,0,0,0,0,0,0,0,0,22,10,12,6,3,3,8,4,4,1,1,0,2279,1100,1179
253,District-Changlang,Total,7,1277,591,686,1,0,1,0,0,0,1,1,0,25,17,8,10,3,7,8,3,5,3,0,3,1229,567,662
253,District-Changlang,Total,8,1159,504,655,1,0,1,1,1,0,0,0,0,43,26,17,13,2,11,5,4,1,1,0,1,1095,471,624
253,District-Changlang,Total,9,720,351,369,2,1,1,2,2,0,1,0,1,43,19,24,11,10,1,8,4,4,3,1,2,650,314,336
253,District-Changlang,Total,10,1055,437,618,3,1,2,0,0,0,0,0,0,65,37,28,36,10,26,15,4,11,9,2,7,927,383,544
253,District-Changlang,Total,11,636,279,357,14,9,5,2,1,1,3,2,1,59,32,27,34,14,20,7,3,4,8,1,7,509,217,292
253,District-Changlang,Total,12,897,369,528,25,17,8,10,3,7,3,1,2,121,59,62,85,33,52,18,5,13,17,5,12,618,246,372
253,District-Changlang,Total,13,643,283,360,35,21,14,9,3,6,5,1,4,90,55,35,63,30,33,29,10,19,19,8,11,393,155,238
253,District-Changlang,Total,14,785,372,413,64,37,27,17,12,5,9,3,6,140,83,57,115,53,62,51,21,30,27,8,19,362,155,207
253,District-Changlang,Total,15,1012,474,538,95,58,37,40,23,17,16,10,6,153,90,63,171,85,86,96,26,70,36,9,27,405,173,232
253,District-Changlang,Total,16,1013,484,529,145,105,40,61,39,22,25,13,12,176,94,82,204,95,109,102,29,73,23,5,18,277,104,173
253,District-Changlang,Total,17,1032,530,502,207,136,71,66,40,26,24,14,10,179,96,83,235,132,103,85,30,55,26,8,18,210,74,136
253,District-Changlang,Total,18,1816,857,959,425,296,129,127,71,56,28,14,14,300,126,174,409,205,204,205,59,146,36,10,26,286,76,210
253,District-Changlang,Total,19,1443,665,778,387,277,110,92,44,48,25,13,12,263,95,168,317,144,173,119,36,83,27,6,21,213,50,163
253,District-Changlang,Rural,5-19,17559,8219,9340,1250,826,424,412,228,184,138,70,68,1449,751,698,1664,788,876,745,230,515,238,64,174,11663,5262,6401
253,District-Changlang,Rural,5,2654,1351,1303,0,0,0,0,0,0,0,0,0,10,8,2,9,5,4,5,1,4,2,0,2,2628,1337,1291
253,District-Changlang,Rural,6,2170,1053,1117,0,0,0,0,0,0,0,0,0,20,8,12,6,3,3,8,4,4,1,1,0,2135,1037,1098
253,District-Changlang,Rural,7,1230,570,660,1,0,1,0,0,0,1,1,0,23,16,7,10,3,7,8,3,5,3,0,3,1184,547,637
253,District-Changlang,Rural,8,1132,489,643,1,0,1,1,1,0,0,0,0,37,23,14,12,2,10,5,4,1,1,0,1,1075,459,616
253,District-Changlang,Rural,9,688,339,349,2,1,1,2,2,0,1,0,1,37,17,20,11,10,1,8,4,4,3,1,2,624,304,320
253,District-Changlang,Rural,10,1021,424,597,2,0,2,0,0,0,0,0,0,62,37,25,35,10,25,15,4,11,9,2,7,898,371,527
253,District-Changlang,Rural,11,613,266,347,14,9,5,2,1,1,3,2,1,54,28,26,34,14,20,7,3,4,8,1,7,491,208,283
253,District-Changlang,Rural,12,855,350,505,22,15,7,10,3,7,3,1,2,106,51,55,83,33,50,17,4,13,17,5,12,597,238,359
253,District-Changlang,Rural,13,607,273,334,30,19,11,7,2,5,5,1,4,84,52,32,62,29,33,29,10,19,19,8,11,371,152,219
253,District-Changlang,Rural,14,743,354,389,57,32,25,17,12,5,9,3,6,126,77,49,112,51,61,49,21,28,27,8,19,346,150,196
253,District-Changlang,Rural,15,972,454,518,88,55,33,40,23,17,16,10,6,140,83,57,166,81,85,95,26,69,36,9,27,391,167,224
253,District-Changlang,Rural,16,955,453,502,128,90,38,60,38,22,25,13,12,158,87,71,197,90,107,99,27,72,23,5,18,265,103,162
253,District-Changlang,Rural,17,959,481,478,186,116,70,63,37,26,24,14,10,148,79,69,227,127,100,84,29,55,26,8,18,201,71,130
253,District-Changlang,Rural,18,1669,776,893,382,257,125,121,67,54,27,13,14,244,106,138,390,192,198,203,59,144,36,10,26,266,72,194
253,District-Changlang,Rural,19,1291,586,705,337,232,105,89,42,47,24,12,12,200,79,121,310,138,172,113,31,82,27,6,21,191,46,145
253,District-Changlang,Urban,5-19,1099,549,550,154,132,22,15,11,4,2,2,0,241,96,145,54,36,18,17,9,8,0,0,0,616,263,353
253,District-Changlang,Urban,5,200,103,97,0,0,0,0,0,0,0,0,0,1,0,1,0,0,0,1,0,1,0,0,0,198,103,95
253,District-Changlang,Urban,6,146,65,81,0,0,0,0,0,0,0,0,0,2,2,0,0,0,0,0,0,0,0,0,0,144,63,81
253,District-Changlang,Urban,7,47,21,26,0,0,0,0,0,0,0,0,0,2,1,1,0,0,0,0,0,0,0,0,0,45,20,25
253,District-Changlang,Urban,8,27,15,12,0,0,0,0,0,0,0,0,0,6,3,3,1,0,1,0,0,0,0,0,0,20,12,8
253,District-Changlang,Urban,9,32,12,20,0,0,0,0,0,0,0,0,0,6,2,4,0,0,0,0,0,0,0,0,0,26,10,16
253,District-Changlang,Urban,10,34,13,21,1,1,0,0,0,0,0,0,0,3,0,3,1,0,1,0,0,0,0,0,0,29,12,17
253,District-Changlang,Urban,11,23,13,10,0,0,0,0,0,0,0,0,0,5,4,1,0,0,0,0,0,0,0,0,0,18,9,9
253,District-Changlang,Urban,12,42,19,23,3,2,1,0,0,0,0,0,0,15,8,7,2,0,2,1,1,0,0,0,0,21,8,13
253,District-Changlang,Urban,13,36,10,26,5,2,3,2,1,1,0,0,0,6,3,3,1,1,0,0,0,0,0,0,0,22,3,19
253,District-Changlang,Urban,14,42,18,24,7,5,2,0,0,0,0,0,0,14,6,8,3,2,1,2,0,2,0,0,0,16,5,11
253,District-Changlang,Urban,15,40,20,20,7,3,4,0,0,0,0,0,0,13,7,6,5,4,1,1,0,1,0,0,0,14,6,8
253,District-Changlang,Urban,16,58,31,27,17,15,2,1,1,0,0,0,0,18,7,11,7,5,2,3,2,1,0,0,0,12,1,11
253,District-Changlang,Urban,17,73,49,24,21,20,1,3,3,0,0,0,0,31,17,14,8,5,3,1,1,0,0,0,0,9,3,6
253,District-Changlang,Urban,18,147,81,66,43,39,4,6,4,2,1,1,0,56,20,36,19,13,6,2,0,2,0,0,0,20,4,16
253,District-Changlang,Urban,19,152,79,73,50,45,5,3,2,1,1,1,0,63,16,47,7,6,1,6,5,1,0,0,0,22,4,18
254,District-Tirap,Total,5-19,14377,6603,7774,799,466,333,119,61,58,41,23,18,635,339,296,1446,419,1027,278,74,204,92,24,68,10967,5197,5770
254,District-Tirap,Total,5,2353,1210,1143,2,1,1,0,0,0,0,0,0,9,5,4,7,4,3,3,1,2,0,0,0,2332,1199,1133
254,District-Tirap,Total,6,2098,1032,1066,0,0,0,0,0,0,0,0,0,7,5,2,7,4,3,4,1,3,2,1,1,2078,1021,1057
254,District-Tirap,Total,7,1412,697,715,0,0,0,0,0,0,0,0,0,11,5,6,5,3,2,3,1,2,2,0,2,1391,688,703
254,District-Tirap,Total,8,1192,573,619,0,0,0,0,0,0,0,0,0,17,9,8,11,2,9,4,2,2,3,0,3,1157,560,597
254,District-Tirap,Total,9,888,412,476,1,1,0,0,0,0,0,0,0,19,10,9,17,6,11,5,1,4,5,1,4,841,393,448
254,District-Tirap,Total,10,928,435,493,1,0,1,1,1,0,0,0,0,22,6,16,15,4,11,13,4,9,13,5,8,863,415,448
254,District-Tirap,Total,11,588,249,339,6,4,2,1,0,1,0,0,0,22,12,10,28,3,25,10,5,5,6,1,5,515,224,291
254,District-Tirap,Total,12,603,249,354,18,7,11,4,3,1,0,0,0,38,22,16,43,14,29,17,6,11,9,3,6,474,194,280
254,District-Tirap,Total,13,460,178,282,14,8,6,4,2,2,1,0,1,34,20,14,48,9,39,15,4,11,10,4,6,334,131,203
254,District-Tirap,Total,14,478,200,278,41,21,20,5,2,3,1,1,0,53,34,19,81,20,61,27,6,21,9,3,6,261,113,148
254,District-Tirap,Total,15,556,240,316,55,34,21,14,8,6,7,5,2,59,39,20,136,48,88,32,10,22,12,1,11,241,95,146
254,District-Tirap,Total,16,496,205,291,79,53,26,14,6,8,7,5,2,56,29,27,153,49,104,28,4,24,6,1,5,153,58,95
254,District-Tirap,Total,17,606,265,341,130,82,48,22,18,4,2,0,2,63,38,25,225,70,155,35,6,29,4,1,3,125,50,75
254,District-Tirap,Total,18,887,322,565,234,126,108,28,11,17,13,6,7,119,58,61,345,82,263,44,13,31,6,3,3,98,23,75
254,District-Tirap,Total,19,832,336,496,218,129,89,26,10,16,10,6,4,106,47,59,325,101,224,38,10,28,5,0,5,104,33,71
254,District-Tirap,Rural,5-19,13292,6093,7199,732,423,309,103,50,53,35,20,15,437,247,190,1408,399,1009,268,69,199,89,23,66,10220,4862,5358
254,District-Tirap,Rural,5,2144,1105,1039,2,1,1,0,0,0,0,0,0,8,4,4,5,2,3,3,1,2,0,0,0,2126,1097,1029
254,District-Tirap,Rural,6,1936,952,984,0,0,0,0,0,0,0,0,0,6,4,2,7,4,3,4,1,3,2,1,1,1917,942,975
254,District-Tirap,Rural,7,1325,646,679,0,0,0,0,0,0,0,0,0,8,3,5,5,3,2,3,1,2,2,0,2,1307,639,668
254,District-Tirap,Rural,8,1143,552,591,0,0,0,0,0,0,0,0,0,13,5,8,11,2,9,4,2,2,3,0,3,1112,543,569
254,District-Tirap,Rural,9,850,392,458,1,1,0,0,0,0,0,0,0,15,9,6,17,6,11,4,0,4,5,1,4,808,375,433
254,District-Tirap,Rural,10,874,411,463,1,0,1,0,0,0,0,0,0,18,5,13,15,4,11,13,4,9,13,5,8,814,393,421
254,District-Tirap,Rural,11,553,238,315,5,4,1,0,0,0,0,0,0,20,11,9,28,3,25,10,5,5,6,1,5,484,214,270
254,District-Tirap,Rural,12,568,236,332,17,6,11,3,2,1,0,0,0,30,18,12,39,12,27,17,6,11,9,3,6,453,189,264
254,District-Tirap,Rural,13,437,169,268,14,8,6,4,2,2,1,0,1,22,15,7,48,9,39,15,4,11,10,4,6,323,127,196
254,District-Tirap,Rural,14,444,184,260,35,17,18,4,1,3,0,0,0,44,28,16,81,20,61,26,6,20,9,3,6,245,109,136
254,District-Tirap,Rural,15,507,217,290,50,33,17,11,5,6,6,4,2,45,28,17,132,46,86,30,9,21,10,1,9,223,91,132
254,District-Tirap,Rural,16,442,180,262,70,45,25,13,5,8,6,5,1,43,24,19,147,47,100,28,4,24,6,1,5,129,49,80
254,District-Tirap,Rural,17,547,239,308,119,78,41,21,17,4,2,0,2,36,26,10,222,69,153,31,5,26,4,1,3,112,43,69
254,District-Tirap,Rural,18,792,276,516,215,114,101,24,10,14,12,6,6,77,35,42,333,76,257,44,13,31,5,2,3,82,20,62
254,District-Tirap,Rural,19,730,296,434,203,116,87,23,8,15,8,5,3,52,32,20,318,96,222,36,8,28,5,0,5,85,31,54
254,District-Tirap,Urban,5-19,1085,510,575,67,43,24,16,11,5,6,3,3,198,92,106,38,20,18,10,5,5,3,1,2,747,335,412
254,District-Tirap,Urban,5,209,105,104,0,0,0,0,0,0,0,0,0,1,1,0,2,2,0,0,0,0,0,0,0,206,102,104
254,District-Tirap,Urban,6,162,80,82,0,0,0,0,0,0,0,0,0,1,1,0,0,0,0,0,0,0,0,0,0,161,79,82
254,District-Tirap,Urban,7,87,51,36,0,0,0,0,0,0,0,0,0,3,2,1,0,0,0,0,0,0,0,0,0,84,49,35
254,District-Tirap,Urban,8,49,21,28,0,0,0,0,0,0,0,0,0,4,4,0,0,0,0,0,0,0,0,0,0,45,17,28
254,District-Tirap,Urban,9,38,20,18,0,0,0,0,0,0,0,0,0,4,1,3,0,0,0,1,1,0,0,0,0,33,18,15
254,District-Tirap,Urban,10,54,24,30,0,0,0,1,1,0,0,0,0,4,1,3,0,0,0,0,0,0,0,0,0,49,22,27
254,District-Tirap,Urban,11,35,11,24,1,0,1,1,0,1,0,0,0,2,1,1,0,0,0,0,0,0,0,0,0,31,10,21
254,District-Tirap,Urban,12,35,13,22,1,1,0,1,1,0,0,0,0,8,4,4,4,2,2,0,0,0,0,0,0,21,5,16
254,District-Tirap,Urban,13,23,9,14,0,0,0,0,0,0,0,0,0,12,5,7,0,0,0,0,0,0,0,0,0,11,4,7
254,District-Tirap,Urban,14,34,16,18,6,4,2,1,1,0,1,1,0,9,6,3,0,0,0,1,0,1,0,0,0,16,4,12
254,District-Tirap,Urban,15,49,23,26,5,1,4,3,3,0,1,1,0,14,11,3,4,2,2,2,1,1,2,0,2,18,4,14
254,District-Tirap,Urban,16,54,25,29,9,8,1,1,1,0,1,0,1,13,5,8,6,2,4,0,0,0,0,0,0,24,9,15
254,District-Tirap,Urban,17,59,26,33,11,4,7,1,1,0,0,0,0,27,12,15,3,1,2,4,1,3,0,0,0,13,7,6
254,District-Tirap,Urban,18,95,46,49,19,12,7,4,1,3,1,0,1,42,23,19,12,6,6,0,0,0,1,1,0,16,3,13
254,District-Tirap,Urban,19,102,40,62,15,13,2,3,2,1,2,1,1,54,15,39,7,5,2,2,2,0,0,0,0,19,2,17
255,District-Lower Subansiri,Total,5-19,5613,2744,2869,330,200,130,133,65,68,24,6,18,523,237,286,300,130,170,152,57,95,39,18,21,4112,2031,2081
255,District-Lower Subansiri,Total,5,1128,568,560,0,0,0,1,1,0,0,0,0,17,7,10,7,3,4,10,4,6,2,0,2,1091,553,538
255,District-Lower Subansiri,Total,6,915,467,448,0,0,0,0,0,0,0,0,0,27,18,9,7,5,2,14,4,10,5,1,4,862,439,423
255,District-Lower Subansiri,Total,7,508,278,230,0,0,0,0,0,0,0,0,0,14,9,5,4,2,2,7,4,3,2,2,0,481,261,220
255,District-Lower Subansiri,Total,8,362,171,191,1,1,0,2,2,0,1,0,1,17,9,8,6,1,5,4,2,2,1,0,1,330,156,174
255,District-Lower Subansiri,Total,9,258,133,125,2,1,1,2,1,1,0,0,0,16,11,5,10,6,4,2,0,2,1,1,0,225,113,112
255,District-Lower Subansiri,Total,10,268,143,125,1,1,0,2,1,1,1,1,0,17,8,9,2,1,1,10,3,7,1,1,0,234,127,107
255,District-Lower Subansiri,Total,11,250,112,138,6,5,1,4,1,3,0,0,0,18,9,9,8,2,6,7,4,3,3,2,1,204,89,115
255,District-Lower Subansiri,Total,12,217,96,121,7,1,6,7,4,3,0,0,0,24,12,12,9,4,5,9,5,4,3,0,3,158,70,88
255,District-Lower Subansiri,Total,13,136,59,77,8,5,3,3,0,3,0,0,0,23,8,15,12,4,8,7,3,4,0,0,0,83,39,44
255,District-Lower Subansiri,Total,14,188,84,104,26,13,13,8,6,2,0,0,0,25,15,10,20,9,11,18,5,13,1,0,1,90,36,54
255,District-Lower Subansiri,Total,15,223,102,121,21,11,10,12,6,6,4,0,4,43,20,23,37,16,21,9,4,5,4,1,3,93,44,49
255,District-Lower Subansiri,Total,16,208,100,108,31,21,10,9,6,3,2,2,0,50,22,28,28,15,13,17,7,10,4,3,1,67,24,43
255,District-Lower Subansiri,Total,17,212,89,123,42,23,19,18,6,12,2,0,2,52,21,31,38,13,25,7,2,5,2,1,1,51,23,28
255,District-Lower Subansiri,Total,18,400,186,214,96,60,36,35,15,20,5,1,4,104,41,63,51,24,27,23,6,17,9,5,4,77,34,43
255,District-Lower Subansiri,Total,19,340,156,184,89,58,31,30,16,14,9,2,7,76,27,49,61,25,36,8,4,4,1,1,0,66,23,43
255,District-Lower Subansiri,Rural,5-19,4984,2460,2524,254,143,111,115,56,59,22,6,16,420,205,215,234,97,137,138,54,84,37,18,19,3764,1881,1883
255,District-Lower Subansiri,Rural,5,1011,513,498,0,0,0,1,1,0,0,0,0,15,7,8,6,3,3,10,4,6,2,0,2,977,498,479
255,District-Lower Subansiri,Rural,6,818,417,401,0,0,0,0,0,0,0,0,0,25,16,9,7,5,2,14,4,10,4,1,3,768,391,377
255,District-Lower Subansiri,Rural,7,482,266,216,0,0,0,0,0,0,0,0,0,13,9,4,4,2,2,7,4,3,2,2,0,456,249,207
255,District-Lower Subansiri,Rural,8,352,167,185,1,1,0,2,2,0,1,0,1,15,8,7,6,1,5,4,2,2,1,0,1,322,153,169
255,District-Lower Subansiri,Rural,9,248,128,120,2,1,1,2,1,1,0,0,0,15,10,5,10,6,4,2,0,2,1,1,0,216,109,107
255,District-Lower Subansiri,Rural,10,246,132,114,1,1,0,2,1,1,1,1,0,15,7,8,2,1,1,7,2,5,1,1,0,217,118,99
255,District-Lower Subansiri,Rural,11,236,105,131,6,5,1,3,0,3,0,0,0,15,7,8,8,2,6,7,4,3,3,2,1,194,85,109
255,District-Lower Subansiri,Rural,12,189,85,104,6,0,6,6,3,3,0,0,0,17,11,6,7,2,5,9,5,4,3,0,3,141,64,77
255,District-Lower Subansiri,Rural,13,121,56,65,8,5,3,1,0,1,0,0,0,18,7,11,10,4,6,7,3,4,0,0,0,77,37,40
255,District-Lower Subansiri,Rural,14,163,79,84,20,11,9,8,6,2,0,0,0,20,13,7,15,8,7,14,5,9,1,0,1,85,36,49
255,District-Lower Subansiri,Rural,15,178,87,91,15,8,7,12,6,6,3,0,3,34,17,17,24,10,14,7,3,4,4,1,3,79,42,37
255,District-Lower Subansiri,Rural,16,175,86,89,25,16,9,6,5,1,2,2,0,41,20,21,23,11,12,16,7,9,4,3,1,58,22,36
255,District-Lower Subansiri,Rural,17,167,74,93,34,19,15,14,5,9,2,0,2,38,17,21,27,9,18,7,2,5,1,1,0,44,21,23
255,District-Lower Subansiri,Rural,18,316,144,172,65,35,30,31,13,18,5,1,4,79,35,44,36,16,20,21,6,15,9,5,4,70,33,37
255,District-Lower Subansiri,Rural,19,282,121,161,71,41,30,27,13,14,8,2,6,60,21,39,49,17,32,6,3,3,1,1,0,60,23,37
255,District-Lower Subansiri,Urban,5-19,629,284,345,76,57,19,18,9,9,2,0,2,103,32,71,66,33,33,14,3,11,2,0,2,348,150,198
255,District-Lower Subansiri,Urban,5,117,55,62,0,0,0,0,0,0,0,0,0,2,0,2,1,0,1,0,0,0,0,0,0,114,55,59
255,District-Lower Subansiri,Urban,6,97,50,47,0,0,0,0,0,0,0,0,0,2,2,0,0,0,0,0,0,0,1,0,1,94,48,46
255,District-Lower Subansiri,Urban,7,26,12,14,0,0,0,0,0,0,0,0,0,1,0,1,0,0,0,0,0,0,0,0,0,25,12,13
255,District-Lower Subansiri,Urban,8,10,4,6,0,0,0,0,0,0,0,0,0,2,1,1,0,0,0,0,0,0,0,0,0,8,3,5
255,District-Lower Subansiri,Urban,9,10,5,5,0,0,0,0,0,0,0,0,0,1,1,0,0,0,0,0,0,0,0,0,0,9,4,5
255,District-Lower Subansiri,Urban,10,22,11,11,0,0,0,0,0,0,0,0,0,2,1,1,0,0,0,3,1,2,0,0,0,17,9,8
255,District-Lower Subansiri,Urban,11,14,7,7,0,0,0,1,1,0,0,0,0,3,2,1,0,0,0,0,0,0,0,0,0,10,4,6
255,District-Lower Subansiri,Urban,12,28,11,17,1,1,0,1,1,0,0,0,0,7,1,6,2,2,0,0,0,0,0,0,0,17,6,11
255,District-Lower Subansiri,Urban,13,15,3,12,0,0,0,2,0,2,0,0,0,5,1,4,2,0,2,0,0,0,0,0,0,6,2,4
255,District-Lower Subansiri,Urban,14,25,5,20,6,2,4,0,0,0,0,0,0,5,2,3,5,1,4,4,0,4,0,0,0,5,0,5
255,District-Lower Subansiri,Urban,15,45,15,30,6,3,3,0,0,0,1,0,1,9,3,6,13,6,7,2,1,1,0,0,0,14,2,12
255,District-Lower Subansiri,Urban,16,33,14,19,6,5,1,3,1,2,0,0,0,9,2,7,5,4,1,1,0,1,0,0,0,9,2,7
255,District-Lower Subansiri,Urban,17,45,15,30,8,4,4,4,1,3,0,0,0,14,4,10,11,4,7,0,0,0,1,0,1,7,2,5
255,District-Lower Subansiri,Urban,18,84,42,42,31,25,6,4,2,2,0,0,0,25,6,19,15,8,7,2,0,2,0,0,0,7,1,6
255,District-Lower Subansiri,Urban,19,58,35,23,18,17,1,3,3,0,1,0,1,16,6,10,12,8,4,2,1,1,0,0,0,6,0,6
256,District-Kurung Kumey,Total,5-19,14901,7207,7694,194,82,112,149,61,88,42,15,27,470,227,243,761,309,452,767,375,392,155,71,84,12363,6067,6296
256,District-Kurung Kumey,Total,5,2353,1191,1162,0,0,0,0,0,0,0,0,0,19,12,7,23,7,16,45,28,17,4,3,1,2262,1141,1121
256,District-Kurung Kumey,Total,6,2062,1018,1044,0,0,0,1,0,1,0,0,0,16,9,7,11,4,7,32,14,18,4,2,2,1998,989,1009
256,District-Kurung Kumey,Total,7,1522,767,755,1,1,0,0,0,0,0,0,0,28,13,15,12,9,3,34,19,15,5,4,1,1442,721,721
256,District-Kurung Kumey,Total,8,1284,611,673,3,0,3,1,0,1,1,0,1,21,10,11,12,3,9,29,14,15,5,3,2,1212,581,631
256,District-Kurung Kumey,Total,9,924,456,468,0,0,0,1,0,1,0,0,0,23,14,9,13,5,8,31,14,17,6,3,3,850,420,430
256,District-Kurung Kumey,Total,10,1008,482,526,1,1,0,4,2,2,0,0,0,22,14,8,13,5,8,40,16,24,11,4,7,917,440,477
256,District-Kurung Kumey,Total,11,838,403,435,7,2,5,2,1,1,1,0,1,20,13,7,36,16,20,39,18,21,11,5,6,722,348,374
256,District-Kurung Kumey,Total,12,686,323,363,4,2,2,1,0,1,1,1,0,34,17,17,24,10,14,35,12,23,8,7,1,579,274,305
256,District-Kurung Kumey,Total,13,551,266,285,3,3,0,3,3,0,1,1,0,19,7,12,39,18,21,32,16,16,9,5,4,445,213,232
256,District-Kurung Kumey,Total,14,539,259,280,11,6,5,7,2,5,0,0,0,27,12,15,56,20,36,40,22,18,9,3,6,389,194,195
256,District-Kurung Kumey,Total,15,745,373,372,16,6,10,14,8,6,1,1,0,43,20,23,85,39,46,80,41,39,22,9,13,484,249,235
256,District-Kurung Kumey,Total,16,521,250,271,14,9,5,13,7,6,5,3,2,41,17,24,65,27,38,64,39,25,18,7,11,301,141,160
256,District-Kurung Kumey,Total,17,519,260,259,25,13,12,23,16,7,6,2,4,33,16,17,97,42,55,77,43,34,14,9,5,244,119,125
256,District-Kurung Kumey,Total,18,727,290,437,49,14,35,32,8,24,18,3,15,68,30,38,146,55,91,108,42,66,15,3,12,291,135,156
256,District-Kurung Kumey,Total,19,622,258,364,60,25,35,47,14,33,8,4,4,56,23,33,129,49,80,81,37,44,14,4,10,227,102,125
256,District-Kurung Kumey,Rural,5-19,14586,7055,7531,183,73,110,144,60,84,41,15,26,430,211,219,757,306,451,753,368,385,153,70,83,12125,5952,6173
256,District-Kurung Kumey,Rural,5,2300,1165,1135,0,0,0,0,0,0,0,0,0,19,12,7,23,7,16,44,27,17,4,3,1,2210,1116,1094
256,District-Kurung Kumey,Rural,6,2009,984,1025,0,0,0,1,0,1,0,0,0,16,9,7,11,4,7,32,14,18,4,2,2,1945,955,990
256,District-Kurung Kumey,Rural,7,1499,757,742,1,1,0,0,0,0,0,0,0,26,12,14,12,9,3,34,19,15,5,4,1,1421,712,709
256,District-Kurung Kumey,Rural,8,1252,595,657,3,0,3,1,0,1,1,0,1,18,8,10,12,3,9,29,14,15,5,3,2,1183,567,616
256,District-Kurung Kumey,Rural,9,905,443,462,0,0,0,1,0,1,0,0,0,22,14,8,13,5,8,31,14,17,6,3,3,832,407,425
256,District-Kurung Kumey,Rural,10,991,477,514,1,1,0,4,2,2,0,0,0,17,14,3,13,5,8,40,16,24,10,3,7,906,436,470
256,District-Kurung Kumey,Rural,11,833,400,433,7,2,5,2,1,1,1,0,1,19,13,6,36,16,20,39,18,21,11,5,6,718,345,373
256,District-Kurung Kumey,Rural,12,672,318,354,3,1,2,1,0,1,1,1,0,32,16,16,24,10,14,35,12,23,8,7,1,568,271,297
256,District-Kurung Kumey,Rural,13,546,265,281,3,3,0,3,3,0,1,1,0,19,7,12,39,18,21,32,16,16,9,5,4,440,212,228
256,District-Kurung Kumey,Rural,14,526,254,272,10,5,5,7,2,5,0,0,0,22,11,11,56,20,36,37,21,16,9,3,6,385,192,193
256,District-Kurung Kumey,Rural,15,722,361,361,14,4,10,13,7,6,1,1,0,40,18,22,82,36,46,77,39,38,22,9,13,473,247,226
256,District-Kurung Kumey,Rural,16,511,243,268,12,7,5,13,7,6,5,3,2,38,14,24,65,27,38,62,38,24,17,7,10,299,140,159
256,District-Kurung Kumey,Rural,17,513,257,256,24,12,12,23,16,7,6,2,4,31,15,16,96,42,54,76,42,34,14,9,5,243,119,124
256,District-Kurung Kumey,Rural,18,706,285,421,47,13,34,30,8,22,17,3,14,62,29,33,146,55,91,108,42,66,15,3,12,281,132,149
256,District-Kurung Kumey,Rural,19,601,251,350,58,24,34,45,14,31,8,4,4,49,19,30,129,49,80,77,36,41,14,4,10,221,101,120
256,District-Kurung Kumey,Urban,5-19,315,152,163,11,9,2,5,1,4,1,0,1,40,16,24,4,3,1,14,7,7,2,1,1,238,115,123
256,District-Kurung Kumey,Urban,5,53,26,27,0,0,0,0,0,0,0,0,0,0,0,0,0,0,0,1,1,0,0,0,0,52,25,27
256,District-Kurung Kumey,Urban,6,53,34,19,0,0,0,0,0,0,0,0,0,0,0,0,0,0,0,0,0,0,0,0,0,53,34,19
256,District-Kurung Kumey,Urban,7,23,10,13,0,0,0,0,0,0,0,0,0,2,1,1,0,0,0,0,0,0,0,0,0,21,9,12
256,District-Kurung Kumey,Urban,8,32,16,16,0,0,0,0,0,0,0,0,0,3,2,1,0,0,0,0,0,0,0,0,0,29,14,15
256,District-Kurung Kumey,Urban,9,19,13,6,0,0,0,0,0,0,0,0,0,1,0,1,0,0,0,0,0,0,0,0,0,18,13,5
256,District-Kurung Kumey,Urban,10,17,5,12,0,0,0,0,0,0,0,0,0,5,0,5,0,0,0,0,0,0,1,1,0,11,4,7
256,District-Kurung Kumey,Urban,11,5,3,2,0,0,0,0,0,0,0,0,0,1,0,1,0,0,0,0,0,0,0,0,0,4,3,1
256,District-Kurung Kumey,Urban,12,14,5,9,1,1,0,0,0,0,0,0,0,2,1,1,0,0,0,0,0,0,0,0,0,11,3,8
256,District-Kurung Kumey,Urban,13,5,1,4,0,0,0,0,0,0,0,0,0,0,0,0,0,0,0,0,0,0,0,0,0,5,1,4
256,District-Kurung Kumey,Urban,14,13,5,8,1,1,0,0,0,0,0,0,0,5,1,4,0,0,0,3,1,2,0,0,0,4,2,2
256,District-Kurung Kumey,Urban,15,23,12,11,2,2,0,1,1,0,0,0,0,3,2,1,3,3,0,3,2,1,0,0,0,11,2,9
256,District-Kurung Kumey,Urban,16,10,7,3,2,2,0,0,0,0,0,0,0,3,3,0,0,0,0,2,1,1,1,0,1,2,1,1
256,District-Kurung Kumey,Urban,17,6,3,3,1,1,0,0,0,0,0,0,0,2,1,1,1,0,1,1,1,0,0,0,0,1,0,1
256,District-Kurung Kumey,Urban,18,21,5,16,2,1,1,2,0,2,1,0,1,6,1,5,0,0,0,0,0,0,0,0,0,10,3,7
256,District-Kurung Kumey,Urban,19,21,7,14,2,1,1,2,0,2,0,0,0,7,4,3,0,0,0,4,1,3,0,0,0,6,1,5
257,District-Dibang Valley,Total,5-19,543,251,292,41,21,20,15,7,8,2,1,1,55,17,38,60,36,24,25,13,12,15,6,9,330,150,180
257,District-Dibang Valley,Total,5,92,45,47,0,0,0,0,0,0,0,0,0,0,0,0,1,1,0,2,1,1,0,0,0,89,43,46
257,District-Dibang Valley,Total,6,52,21,31,0,0,0,0,0,0,0,0,0,0,0,0,3,2,1,1,1,0,0,0,0,48,18,30
257,District-Dibang Valley,Total,7,51,19,32,0,0,0,1,1,0,0,0,0,4,0,4,3,1,2,1,0,1,1,1,0,41,16,25
257,District-Dibang Valley,Total,8,20,11,9,0,0,0,0,0,0,0,0,0,1,0,1,1,1,0,0,0,0,1,0,1,17,10,7
257,District-Dibang Valley,Total,9,25,15,10,0,0,0,0,0,0,0,0,0,1,0,1,1,0,1,0,0,0,3,2,1,20,13,7
257,District-Dibang Valley,Total,10,29,14,15,1,0,1,1,0,1,0,0,0,1,1,0,3,1,2,0,0,0,0,0,0,23,12,11
257,District-Dibang Valley,Total,11,27,7,20,1,1,0,0,0,0,0,0,0,4,1,3,3,1,2,1,0,1,1,0,1,17,4,13
257,District-Dibang Valley,Total,12,30,15,15,2,1,1,1,0,1,0,0,0,4,2,2,2,1,1,1,0,1,0,0,0,20,11,9
257,District-Dibang Valley,Total,13,21,12,9,0,0,0,0,0,0,1,1,0,2,1,1,1,0,1,3,3,0,0,0,0,14,7,7
257,District-Dibang Valley,Total,14,15,4,11,1,0,1,1,0,1,0,0,0,4,1,3,1,0,1,2,0,2,0,0,0,6,3,3
257,District-Dibang Valley,Total,15,28,12,16,4,3,1,1,0,1,0,0,0,2,0,2,8,6,2,2,1,1,1,0,1,10,2,8
257,District-Dibang Valley,Total,16,24,12,12,4,2,2,1,1,0,0,0,0,7,3,4,3,3,0,0,0,0,1,0,1,8,3,5
257,District-Dibang Valley,Total,17,34,16,18,8,5,3,3,3,0,0,0,0,5,2,3,13,6,7,1,0,1,1,0,1,3,0,3
257,District-Dibang Valley,Total,18,45,23,22,12,6,6,3,1,2,0,0,0,8,2,6,8,6,2,4,1,3,3,2,1,7,5,2
257,District-Dibang Valley,Total,19,50,25,25,8,3,5,3,1,2,1,0,1,12,4,8,9,7,2,7,6,1,3,1,2,7,3,4
257,District-Dibang Valley,Rural,5-19,439,209,230,34,14,20,14,6,8,2,1,1,48,16,32,52,34,18,23,11,12,8,3,5,258,124,134
257,District-Dibang Valley,Rural,5,72,33,39,0,0,0,0,0,0,0,0,0,0,0,0,1,1,0,2,1,1,0,0,0,69,31,38
257,District-Dibang Valley,Rural,6,36,16,20,0,0,0,0,0,0,0,0,0,0,0,0,2,2,0,1,1,0,0,0,0,33,13,20
257,District-Dibang Valley,Rural,7,44,17,27,0,0,0,1,1,0,0,0,0,4,0,4,2,1,1,1,0,1,0,0,0,36,15,21
257,District-Dibang Valley,Rural,8,17,10,7,0,0,0,0,0,0,0,0,0,1,0,1,1,1,0,0,0,0,0,0,0,15,9,6
257,District-Dibang Valley,Rural,9,17,11,6,0,0,0,0,0,0,0,0,0,1,0,1,1,0,1,0,0,0,0,0,0,15,11,4
257,District-Dibang Valley,Rural,10,24,13,11,1,0,1,1,0,1,0,0,0,1,1,0,3,1,2,0,0,0,0,0,0,18,11,7
257,District-Dibang Valley,Rural,11,21,6,15,1,1,0,0,0,0,0,0,0,4,1,3,2,0,2,1,0,1,0,0,0,13,4,9
257,District-Dibang Valley,Rural,12,25,13,12,1,0,1,1,0,1,0,0,0,3,2,1,2,1,1,1,0,1,0,0,0,17,10,7
257,District-Dibang Valley,Rural,13,15,8,7,0,0,0,0,0,0,1,1,0,2,1,1,0,0,0,1,1,0,0,0,0,11,5,6
257,District-Dibang Valley,Rural,14,13,4,9,1,0,1,1,0,1,0,0,0,4,1,3,0,0,0,2,0,2,0,0,0,5,3,2
257,District-Dibang Valley,Rural,15,22,10,12,3,2,1,1,0,1,0,0,0,2,0,2,6,5,1,2,1,1,1,0,1,7,2,5
257,District-Dibang Valley,Rural,16,19,11,8,3,1,2,1,1,0,0,0,0,6,3,3,3,3,0,0,0,0,1,0,1,5,3,2
257,District-Dibang Valley,Rural,17,28,13,15,6,3,3,2,2,0,0,0,0,4,2,2,12,6,6,1,0,1,1,0,1,2,0,2
257,District-Dibang Valley,Rural,18,43,22,21,11,5,6,3,1,2,0,0,0,8,2,6,8,6,2,4,1,3,3,2,1,6,5,1
257,District-Dibang Valley,Rural,19,43,22,21,7,2,5,3,1,2,1,0,1,8,3,5,9,7,2,7,6,1,2,1,1,6,2,4
257,District-Dibang Valley,Urban,5-19,104,42,62,7,7,0,1,1,0,0,0,0,7,1,6,8,2,6,2,2,0,7,3,4,72,26,46
257,District-Dibang Valley,Urban,5,20,12,8,0,0,0,0,0,0,0,0,0,0,0,0,0,0,0,0,0,0,0,0,0,20,12,8
257,District-Dibang Valley,Urban,6,16,5,11,0,0,0,0,0,0,0,0,0,0,0,0,1,0,1,0,0,0,0,0,0,15,5,10
257,District-Dibang Valley,Urban,7,7,2,5,0,0,0,0,0,0,0,0,0,0,0,0,1,0,1,0,0,0,1,1,0,5,1,4
257,District-Dibang Valley,Urban,8,3,1,2,0,0,0,0,0,0,0,0,0,0,0,0,0,0,0,0,0,0,1,0,1,2,1,1
257,District-Dibang Valley,Urban,9,8,4,4,0,0,0,0,0,0,0,0,0,0,0,0,0,0,0,0,0,0,3,2,1,5,2,3
257,District-Dibang Valley,Urban,10,5,1,4,0,0,0,0,0,0,0,0,0,0,0,0,0,0,0,0,0,0,0,0,0,5,1,4
257,District-Dibang Valley,Urban,11,6,1,5,0,0,0,0,0,0,0,0,0,0,0,0,1,1,0,0,0,0,1,0,1,4,0,4
257,District-Dibang Valley,Urban,12,5,2,3,1,1,0,0,0,0,0,0,0,1,0,1,0,0,0,0,0,0,0,0,0,3,1,2
257,District-Dibang Valley,Urban,13,6,4,2,0,0,0,0,0,0,0,0,0,0,0,0,1,0,1,2,2,0,0,0,0,3,2,1
257,District-Dibang Valley,Urban,14,2,0,2,0,0,0,0,0,0,0,0,0,0,0,0,1,0,1,0,0,0,0,0,0,1,0,1
257,District-Dibang Valley,Urban,15,6,2,4,1,1,0,0,0,0,0,0,0,0,0,0,2,1,1,0,0,0,0,0,0,3,0,3
257,District-Dibang Valley,Urban,16,5,1,4,1,1,0,0,0,0,0,0,0,1,0,1,0,0,0,0,0,0,0,0,0,3,0,3
257,District-Dibang Valley,Urban,17,6,3,3,2,2,0,1,1,0,0,0,0,1,0,1,1,0,1,0,0,0,0,0,0,1,0,1
257,District-Dibang Valley,Urban,18,2,1,1,1,1,0,0,0,0,0,0,0,0,0,0,0,0,0,0,0,0,0,0,0,1,0,1
257,District-Dibang Valley,Urban,19,7,3,4,1,1,0,0,0,0,0,0,0,4,1,3,0,0,0,0,0,0,1,0,1,1,1,0
258,District-Lower Dibang Valley,Total,5-19,4733,2326,2407,556,379,177,129,68,61,40,19,21,557,226,331,572,268,304,96,44,52,23,13,10,2760,1309,1451
258,District-Lower Dibang Valley,Total,5,764,384,380,0,0,0,0,0,0,0,0,0,6,4,2,1,0,1,2,2,0,1,1,0,754,377,377
258,District-Lower Dibang Valley,Total,6,595,310,285,1,1,0,0,0,0,0,0,0,11,4,7,4,2,2,3,1,2,1,1,0,575,301,274
258,District-Lower Dibang Valley,Total,7,284,140,144,1,0,1,0,0,0,1,0,1,4,4,0,4,0,4,0,0,0,0,0,0,274,136,138
258,District-Lower Dibang Valley,Total,8,245,111,134,0,0,0,0,0,0,0,0,0,10,4,6,5,2,3,1,0,1,0,0,0,229,105,124
258,District-Lower Dibang Valley,Total,9,171,84,87,1,0,1,0,0,0,0,0,0,8,5,3,3,0,3,1,0,1,0,0,0,158,79,79
258,District-Lower Dibang Valley,Total,10,215,104,111,4,4,0,0,0,0,0,0,0,27,13,14,11,3,8,2,0,2,0,0,0,171,84,87
258,District-Lower Dibang Valley,Total,11,146,74,72,5,3,2,2,0,2,2,1,1,18,7,11,14,4,10,2,0,2,2,0,2,101,59,42
258,District-Lower Dibang Valley,Total,12,181,85,96,10,6,4,2,1,1,1,1,0,34,20,14,27,15,12,10,4,6,3,2,1,94,36,58
258,District-Lower Dibang Valley,Total,13,153,63,90,18,13,5,4,1,3,1,0,1,32,9,23,15,8,7,4,3,1,2,1,1,77,28,49
258,District-Lower Dibang Valley,Total,14,193,91,102,24,16,8,5,3,2,3,3,0,39,18,21,47,26,21,9,6,3,2,1,1,64,18,46
258,District-Lower Dibang Valley,Total,15,268,128,140,56,36,20,14,7,7,3,1,2,56,25,31,65,30,35,9,5,4,5,1,4,60,23,37
258,District-Lower Dibang Valley,Total,16,261,128,133,61,38,23,11,3,8,4,1,3,57,27,30,64,33,31,10,4,6,1,0,1,53,22,31
258,District-Lower Dibang Valley,Total,17,312,162,150,89,68,21,23,11,12,6,3,3,61,17,44,77,45,32,12,5,7,0,0,0,44,13,31
258,District-Lower Dibang Valley,Total,18,532,269,263,158,107,51,31,20,11,9,5,4,115,47,68,136,56,80,18,10,8,6,6,0,59,18,41
258,District-Lower Dibang Valley,Total,19,413,193,220,128,87,41,37,22,15,10,4,6,79,22,57,99,44,55,13,4,9,0,0,0,47,10,37
258,District-Lower Dibang Valley,Rural,5-19,4171,2044,2127,444,288,156,122,65,57,37,18,19,443,191,252,521,244,277,89,39,50,21,12,9,2494,1187,1307
258,District-Lower Dibang Valley,Rural,5,660,329,331,0,0,0,0,0,0,0,0,0,6,4,2,1,0,1,2,2,0,0,0,0,651,323,328
258,District-Lower Dibang Valley,Rural,6,523,273,250,1,1,0,0,0,0,0,0,0,9,4,5,4,2,2,3,1,2,1,1,0,505,264,241
258,District-Lower Dibang Valley,Rural,7,272,137,135,1,0,1,0,0,0,1,0,1,4,4,0,3,0,3,0,0,0,0,0,0,263,133,130
258,District-Lower Dibang Valley,Rural,8,238,110,128,0,0,0,0,0,0,0,0,0,8,4,4,5,2,3,1,0,1,0,0,0,224,104,120
258,District-Lower Dibang Valley,Rural,9,167,83,84,1,0,1,0,0,0,0,0,0,8,5,3,3,0,3,1,0,1,0,0,0,154,78,76
258,District-Lower Dibang Valley,Rural,10,200,94,106,4,4,0,0,0,0,0,0,0,25,12,13,11,3,8,2,0,2,0,0,0,158,75,83
258,District-Lower Dibang Valley,Rural,11,133,68,65,3,2,1,2,0,2,2,1,1,15,6,9,12,4,8,2,0,2,2,0,2,95,55,40
258,District-Lower Dibang Valley,Rural,12,163,76,87,6,4,2,0,0,0,1,1,0,29,17,12,25,14,11,9,3,6,3,2,1,90,35,55
258,District-Lower Dibang Valley,Rural,13,131,52,79,9,5,4,4,1,3,1,0,1,27,8,19,15,8,7,3,2,1,2,1,1,70,27,43
258,District-Lower Dibang Valley,Rural,14,157,76,81,19,12,7,5,3,2,3,3,0,29,15,14,39,21,18,8,6,2,1,1,0,53,15,38
258,District-Lower Dibang Valley,Rural,15,236,112,124,45,28,17,14,7,7,2,1,1,50,22,28,58,26,32,9,5,4,5,1,4,53,22,31
258,District-Lower Dibang Valley,Rural,16,221,104,117,52,30,22,10,3,7,4,1,3,42,20,22,55,28,27,9,3,6,1,0,1,48,19,29
258,District-Lower Dibang Valley,Rural,17,278,147,131,78,60,18,21,10,11,5,3,2,53,14,39,72,43,29,11,5,6,0,0,0,38,12,26
258,District-Lower Dibang Valley,Rural,18,450,229,221,123,78,45,31,20,11,9,5,4,85,41,44,129,54,75,17,9,8,6,6,0,50,16,34
258,District-Lower Dibang Valley,Rural,19,342,154,188,102,64,38,35,21,14,9,3,6,53,15,38,89,39,50,12,3,9,0,0,0,42,9,33
258,District-Lower Dibang Valley,Urban,5-19,562,282,280,112,91,21,7,3,4,3,1,2,114,35,79,51,24,27,7,5,2,2,1,1,266,122,144
258,District-Lower Dibang Valley,Urban,5,104,55,49,0,0,0,0,0,0,0,0,0,0,0,0,0,0,0,0,0,0,1,1,0,103,54,49
258,District-Lower Dibang Valley,Urban,6,72,37,35,0,0,0,0,0,0,0,0,0,2,0,2,0,0,0,0,0,0,0,0,0,70,37,33
258,District-Lower Dibang Valley,Urban,7,12,3,9,0,0,0,0,0,0,0,0,0,0,0,0,1,0,1,0,0,0,0,0,0,11,3,8
258,District-Lower Dibang Valley,Urban,8,7,1,6,0,0,0,0,0,0,0,0,0,2,0,2,0,0,0,0,0,0,0,0,0,5,1,4
258,District-Lower Dibang Valley,Urban,9,4,1,3,0,0,0,0,0,0,0,0,0,0,0,0,0,0,0,0,0,0,0,0,0,4,1,3
258,District-Lower Dibang Valley,Urban,10,15,10,5,0,0,0,0,0,0,0,0,0,2,1,1,0,0,0,0,0,0,0,0,0,13,9,4
258,District-Lower Dibang Valley,Urban,11,13,6,7,2,1,1,0,0,0,0,0,0,3,1,2,2,0,2,0,0,0,0,0,0,6,4,2
258,District-Lower Dibang Valley,Urban,12,18,9,9,4,2,2,2,1,1,0,0,0,5,3,2,2,1,1,1,1,0,0,0,0,4,1,3
258,District-Lower Dibang Valley,Urban,13,22,11,11,9,8,1,0,0,0,0,0,0,5,1,4,0,0,0,1,1,0,0,0,0,7,1,6
258,District-Lower Dibang Valley,Urban,14,36,15,21,5,4,1,0,0,0,0,0,0,10,3,7,8,5,3,1,0,1,1,0,1,11,3,8
258,District-Lower Dibang Valley,Urban,15,32,16,16,11,8,3,0,0,0,1,0,1,6,3,3,7,4,3,0,0,0,0,0,0,7,1,6
258,District-Lower Dibang Valley,Urban,16,40,24,16,9,8,1,1,0,1,0,0,0,15,7,8,9,5,4,1,1,0,0,0,0,5,3,2
258,District-Lower Dibang Valley,Urban,17,34,15,19,11,8,3,2,1,1,1,0,1,8,3,5,5,2,3,1,0,1,0,0,0,6,1,5
258,District-Lower Dibang Valley,Urban,18,82,40,42,35,29,6,0,0,0,0,0,0,30,6,24,7,2,5,1,1,0,0,0,0,9,2,7
258,District-Lower Dibang Valley,Urban,19,71,39,32,26,23,3,2,1,1,1,1,0,26,7,19,10,5,5,1,1,0,0,0,0,5,1,4
259,District-Lohit,Total,5-19,17356,8483,8873,1677,1158,519,575,333,242,135,62,73,2194,979,1215,1576,759,817,474,196,278,148,53,95,10577,4943,5634
259,District-Lohit,Total,5,3110,1545,1565,1,0,1,0,0,0,0,0,0,22,12,10,7,0,7,13,7,6,1,0,1,3066,1526,1540
259,District-Lohit,Total,6,2442,1231,1211,2,1,1,2,1,1,0,0,0,30,18,12,11,4,7,8,5,3,0,0,0,2389,1202,1187
259,District-Lohit,Total,7,1071,471,600,3,0,3,1,1,0,0,0,0,47,20,27,6,3,3,2,1,1,4,0,4,1008,446,562
259,District-Lohit,Total,8,910,427,483,2,1,1,2,1,1,0,0,0,68,28,40,18,9,9,6,2,4,4,2,2,810,384,426
259,District-Lohit,Total,9,598,286,312,5,1,4,2,0,2,0,0,0,72,36,36,23,13,10,7,1,6,5,1,4,484,234,250
259,District-Lohit,Total,10,776,374,402,13,6,7,3,2,1,2,0,2,81,39,42,34,14,20,18,7,11,2,0,2,623,306,317
259,District-Lohit,Total,11,497,228,269,14,8,6,6,3,3,4,2,2,82,43,39,35,13,22,10,6,4,4,2,2,342,151,191
259,District-Lohit,Total,12,738,343,395,36,28,8,18,8,10,12,7,5,135,71,64,88,32,56,36,15,21,17,8,9,396,174,222
259,District-Lohit,Total,13,594,268,326,41,29,12,19,7,12,6,4,2,150,83,67,68,23,45,27,10,17,18,5,13,265,107,158
259,District-Lohit,Total,14,705,339,366,94,64,30,35,20,15,8,4,4,184,89,95,105,51,54,38,12,26,14,4,10,227,95,132
259,District-Lohit,Total,15,900,472,428,145,106,39,41,29,12,10,4,6,196,101,95,189,101,88,56,25,31,19,7,12,244,99,145
259,District-Lohit,Total,16,1010,520,490,215,144,71,80,55,25,20,10,10,236,103,133,182,100,82,64,31,33,15,5,10,198,72,126
259,District-Lohit,Total,17,915,484,431,247,179,68,74,47,27,21,10,11,197,95,102,175,84,91,43,21,22,11,4,7,147,44,103
259,District-Lohit,Total,18,1741,873,868,469,329,140,169,98,71,27,12,15,346,126,220,393,206,187,88,31,57,24,9,15,225,62,163
259,District-Lohit,Total,19,1349,622,727,390,262,128,123,61,62,25,9,16,348,115,233,242,106,136,58,22,36,10,6,4,153,41,112
259,District-Lohit,Rural,5-19,14620,7104,7516,1411,948,463,505,278,227,126,54,72,1657,755,902,1415,671,744,427,168,259,127,45,82,8952,4185,4767
259,District-Lohit,Rural,5,2602,1288,1314,0,0,0,0,0,0,0,0,0,13,8,5,7,0,7,11,5,6,1,0,1,2570,1275,1295
259,District-Lohit,Rural,6,2067,1026,1041,2,1,1,1,0,1,0,0,0,12,5,7,10,3,7,7,4,3,0,0,0,2035,1013,1022
259,District-Lohit,Rural,7,918,405,513,3,0,3,1,1,0,0,0,0,29,11,18,6,3,3,2,1,1,4,0,4,873,389,484
259,District-Lohit,Rural,8,798,373,425,2,1,1,2,1,1,0,0,0,54,21,33,17,9,8,6,2,4,3,1,2,714,338,376
259,District-Lohit,Rural,9,539,260,279,5,1,4,2,0,2,0,0,0,67,34,33,21,12,9,3,0,3,4,1,3,437,212,225
259,District-Lohit,Rural,10,682,323,359,13,6,7,3,2,1,1,0,1,66,32,34,33,14,19,17,7,10,2,0,2,547,262,285
259,District-Lohit,Rural,11,418,193,225,10,6,4,5,3,2,4,2,2,71,37,34,31,11,20,9,5,4,4,2,2,284,127,157
259,District-Lohit,Rural,12,638,286,352,26,19,7,18,8,10,10,5,5,111,57,54,83,30,53,34,15,19,16,8,8,340,144,196
259,District-Lohit,Rural,13,502,226,276,33,23,10,18,7,11,6,4,2,120,66,54,56,20,36,26,9,17,16,5,11,227,92,135
259,District-Lohit,Rural,14,584,278,306,73,48,25,33,18,15,8,4,4,147,75,72,94,46,48,34,11,23,12,4,8,183,72,111
259,District-Lohit,Rural,15,758,398,360,117,84,33,35,24,11,10,4,6,162,87,75,168,90,78,49,20,29,17,6,11,200,83,117
259,District-Lohit,Rural,16,857,436,421,187,121,66,66,42,24,20,10,10,189,81,108,163,90,73,60,27,33,13,5,8,159,60,99
259,District-Lohit,Rural,17,746,393,353,210,148,62,64,39,25,20,9,11,140,67,73,153,73,80,41,19,22,11,4,7,107,34,73
259,District-Lohit,Rural,18,1448,727,721,410,283,127,151,84,67,23,8,15,245,92,153,353,178,175,79,24,55,18,6,12,169,52,117
259,District-Lohit,Rural,19,1063,492,571,320,207,113,106,49,57,24,8,16,231,82,149,220,92,128,49,19,30,6,3,3,107,32,75
259,District-Lohit,Urban,5-19,2736,1379,1357,266,210,56,70,55,15,9,8,1,537,224,313,161,88,73,47,28,19,21,8,13,1625,758,867
259,District-Lohit,Urban,5,508,257,251,1,0,1,0,0,0,0,0,0,9,4,5,0,0,0,2,2,0,0,0,0,496,251,245
259,District-Lohit,Urban,6,375,205,170,0,0,0,1,1,0,0,0,0,18,13,5,1,1,0,1,1,0,0,0,0,354,189,165
259,District-Lohit,Urban,7,153,66,87,0,0,0,0,0,0,0,0,0,18,9,9,0,0,0,0,0,0,0,0,0,135,57,78
259,District-Lohit,Urban,8,112,54,58,0,0,0,0,0,0,0,0,0,14,7,7,1,0,1,0,0,0,1,1,0,96,46,50
259,District-Lohit,Urban,9,59,26,33,0,0,0,0,0,0,0,0,0,5,2,3,2,1,1,4,1,3,1,0,1,47,22,25
259,District-Lohit,Urban,10,94,51,43,0,0,0,0,0,0,1,0,1,15,7,8,1,0,1,1,0,1,0,0,0,76,44,32
259,District-Lohit,Urban,11,79,35,44,4,2,2,1,0,1,0,0,0,11,6,5,4,2,2,1,1,0,0,0,0,58,24,34
259,District-Lohit,Urban,12,100,57,43,10,9,1,0,0,0,2,2,0,24,14,10,5,2,3,2,0,2,1,0,1,56,30,26
259,District-Lohit,Urban,13,92,42,50,8,6,2,1,0,1,0,0,0,30,17,13,12,3,9,1,1,0,2,0,2,38,15,23
259,District-Lohit,Urban,14,121,61,60,21,16,5,2,2,0,0,0,0,37,14,23,11,5,6,4,1,3,2,0,2,44,23,21
259,District-Lohit,Urban,15,142,74,68,28,22,6,6,5,1,0,0,0,34,14,20,21,11,10,7,5,2,2,1,1,44,16,28
259,District-Lohit,Urban,16,153,84,69,28,23,5,14,13,1,0,0,0,47,22,25,19,10,9,4,4,0,2,0,2,39,12,27
259,District-Lohit,Urban,17,169,91,78,37,31,6,10,8,2,1,1,0,57,28,29,22,11,11,2,2,0,0,0,0,40,10,30
259,District-Lohit,Urban,18,293,146,147,59,46,13,18,14,4,4,4,0,101,34,67,40,28,12,9,7,2,6,3,3,56,10,46
259,District-Lohit,Urban,19,286,130,156,70,55,15,17,12,5,1,1,0,117,33,84,22,14,8,9,3,6,4,3,1,46,9,37
260,District-Anjaw,Total,5-19,2160,1045,1115,179,118,61,23,13,10,4,0,4,137,67,70,320,160,160,65,19,46,15,6,9,1417,662,755
260,District-Anjaw,Total,5,371,184,187,0,0,0,0,0,0,0,0,0,3,1,2,3,1,2,1,0,1,2,2,0,362,180,182
260,District-Anjaw,Total,6,269,149,120,1,1,0,0,0,0,0,0,0,3,3,0,4,2,2,1,1,0,1,1,0,259,141,118
260,District-Anjaw,Total,7,215,82,133,0,0,0,0,0,0,0,0,0,8,5,3,3,1,2,2,0,2,3,1,2,199,75,124
260,District-Anjaw,Total,8,151,70,81,0,0,0,0,0,0,0,0,0,7,5,2,3,2,1,6,3,3,1,0,1,134,60,74
260,District-Anjaw,Total,9,100,44,56,0,0,0,0,0,0,0,0,0,5,3,2,3,2,1,1,0,1,0,0,0,91,39,52
260,District-Anjaw,Total,10,113,52,61,1,1,0,0,0,0,0,0,0,4,1,3,5,3,2,0,0,0,1,0,1,102,47,55
260,District-Anjaw,Total,11,96,49,47,2,1,1,0,0,0,0,0,0,8,6,2,5,1,4,2,0,2,1,0,1,78,41,37
260,District-Anjaw,Total,12,74,38,36,1,0,1,1,0,1,1,0,1,10,7,3,13,9,4,2,2,0,0,0,0,46,20,26
260,District-Anjaw,Total,13,58,29,29,3,3,0,3,1,2,0,0,0,9,5,4,14,6,8,5,3,2,1,1,0,23,10,13
260,District-Anjaw,Total,14,57,24,33,4,4,0,1,1,0,0,0,0,8,4,4,15,7,8,5,2,3,1,0,1,23,6,17
260,District-Anjaw,Total,15,79,38,41,14,9,5,1,1,0,0,0,0,9,4,5,27,13,14,8,4,4,0,0,0,20,7,13
260,District-Anjaw,Total,16,100,55,45,19,16,3,3,3,0,0,0,0,11,6,5,36,21,15,8,0,8,1,0,1,22,9,13
260,District-Anjaw,Total,17,103,49,54,16,8,8,4,2,2,2,0,2,14,5,9,48,24,24,5,2,3,1,1,0,13,7,6
260,District-Anjaw,Total,18,178,80,98,49,30,19,5,2,3,1,0,1,19,5,14,70,32,38,8,0,8,1,0,1,25,11,14
260,District-Anjaw,Total,19,196,102,94,69,45,24,5,3,2,0,0,0,19,7,12,71,36,35,11,2,9,1,0,1,20,9,11
260,District-Anjaw,Rural,5-19,2087,989,1098,152,92,60,23,13,10,4,0,4,131,66,65,297,137,160,63,17,46,15,6,9,1402,658,744
260,District-Anjaw,Rural,5,363,180,183,0,0,0,0,0,0,0,0,0,3,1,2,3,1,2,1,0,1,2,2,0,354,176,178
260,District-Anjaw,Rural,6,268,149,119,1,1,0,0,0,0,0,0,0,3,3,0,4,2,2,1,1,0,1,1,0,258,141,117
260,District-Anjaw,Rural,7,213,82,131,0,0,0,0,0,0,0,0,0,8,5,3,3,1,2,2,0,2,3,1,2,197,75,122
260,District-Anjaw,Rural,8,150,70,80,0,0,0,0,0,0,0,0,0,7,5,2,3,2,1,6,3,3,1,0,1,133,60,73
260,District-Anjaw,Rural,9,100,44,56,0,0,0,0,0,0,0,0,0,5,3,2,3,2,1,1,0,1,0,0,0,91,39,52
260,District-Anjaw,Rural,10,112,52,60,1,1,0,0,0,0,0,0,0,4,1,3,5,3,2,0,0,0,1,0,1,101,47,54
260,District-Anjaw,Rural,11,95,49,46,2,1,1,0,0,0,0,0,0,7,6,1,5,1,4,2,0,2,1,0,1,78,41,37
260,District-Anjaw,Rural,12,74,38,36,1,0,1,1,0,1,1,0,1,10,7,3,13,9,4,2,2,0,0,0,0,46,20,26
260,District-Anjaw,Rural,13,57,28,29,3,3,0,3,1,2,0,0,0,9,5,4,14,6,8,4,2,2,1,1,0,23,10,13
260,District-Anjaw,Rural,14,55,23,32,4,4,0,1,1,0,0,0,0,8,4,4,14,6,8,5,2,3,1,0,1,22,6,16
260,District-Anjaw,Rural,15,70,30,40,10,5,5,1,1,0,0,0,0,8,4,4,24,10,14,7,3,4,0,0,0,20,7,13
260,District-Anjaw,Rural,16,90,46,44,16,13,3,3,3,0,0,0,0,10,6,4,30,15,15,8,0,8,1,0,1,22,9,13
260,District-Anjaw,Rural,17,101,47,54,16,8,8,4,2,2,2,0,2,14,5,9,46,22,24,5,2,3,1,1,0,13,7,6
260,District-Anjaw,Rural,18,161,65,96,39,20,19,5,2,3,1,0,1,17,4,13,66,28,38,8,0,8,1,0,1,24,11,13
260,District-Anjaw,Rural,19,178,86,92,59,36,23,5,3,2,0,0,0,18,7,11,64,29,35,11,2,9,1,0,1,20,9,11
260,District-Anjaw,Urban,5-19,73,56,17,27,26,1,0,0,0,0,0,0,6,1,5,23,23,0,2,2,0,0,0,0,15,4,11
260,District-Anjaw,Urban,5,8,4,4,0,0,0,0,0,0,0,0,0,0,0,0,0,0,0,0,0,0,0,0,0,8,4,4
260,District-Anjaw,Urban,6,1,0,1,0,0,0,0,0,0,0,0,0,0,0,0,0,0,0,0,0,0,0,0,0,1,0,1
260,District-Anjaw,Urban,7,2,0,2,0,0,0,0,0,0,0,0,0,0,0,0,0,0,0,0,0,0,0,0,0,2,0,2
260,District-Anjaw,Urban,8,1,0,1,0,0,0,0,0,0,0,0,0,0,0,0,0,0,0,0,0,0,0,0,0,1,0,1
260,District-Anjaw,Urban,9,0,0,0,0,0,0,0,0,0,0,0,0,0,0,0,0,0,0,0,0,0,0,0,0,0,0,0
260,District-Anjaw,Urban,10,1,0,1,0,0,0,0,0,0,0,0,0,0,0,0,0,0,0,0,0,0,0,0,0,1,0,1
260,District-Anjaw,Urban,11,1,0,1,0,0,0,0,0,0,0,0,0,1,0,1,0,0,0,0,0,0,0,0,0,0,0,0
260,District-Anjaw,Urban,12,0,0,0,0,0,0,0,0,0,0,0,0,0,0,0,0,0,0,0,0,0,0,0,0,0,0,0
260,District-Anjaw,Urban,13,1,1,0,0,0,0,0,0,0,0,0,0,0,0,0,0,0,0,1,1,0,0,0,0,0,0,0
260,District-Anjaw,Urban,14,2,1,1,0,0,0,0,0,0,0,0,0,0,0,0,1,1,0,0,0,0,0,0,0,1,0,1
260,District-Anjaw,Urban,15,9,8,1,4,4,0,0,0,0,0,0,0,1,0,1,3,3,0,1,1,0,0,0,0,0,0,0
260,District-Anjaw,Urban,16,10,9,1,3,3,0,0,0,0,0,0,0,1,0,1,6,6,0,0,0,0,0,0,0,0,0,0
260,District-Anjaw,Urban,17,2,2,0,0,0,0,0,0,0,0,0,0,0,0,0,2,2,0,0,0,0,0,0,0,0,0,0
260,District-Anjaw,Urban,18,17,15,2,10,10,0,0,0,0,0,0,0,2,1,1,4,4,0,0,0,0,0,0,0,1,0,1
260,District-Anjaw,Urban,19,18,16,2,10,9,1,0,0,0,0,0,0,1,0,1,7,7,0,0,0,0,0,0,0,0,0,0
