000,State-ASSAM,Total,5-19,3444473,1787084,1657389,294316,244989,49327,205041,131758,73283,54098,32467,21631,769913,309042,460871,158140,113871,44269,114270,62456,51814,31895,16710,15185,1816800,875791,941009
000,State-ASSAM,Total,5,540894,276594,264300,198,158,40,143,71,72,24,12,12,5350,2730,2620,2281,1320,961,2358,1199,1159,471,223,248,530069,270881,259188
000,State-ASSAM,Total,6,390028,198228,191800,230,155,75,178,104,74,41,20,21,6605,3282,3323,1817,1037,780,1945,978,967,515,257,258,378697,192395,186302
000,State-ASSAM,Total,7,189100,94992,94108,433,281,152,287,140,147,80,42,38,11299,5628,5671,1292,747,545,1330,674,656,495,265,230,173884,87215,86669
000,State-ASSAM,Total,8,132805,66656,66149,532,347,185,410,216,194,80,37,43,12854,6478,6376,1220,711,509,1428,726,702,668,356,312,115613,57785,57828
000,State-ASSAM,Total,9,97605,49291,48314,581,382,199,513,287,226,177,104,73,13629,6850,6779,1220,748,472,1527,810,717,767,420,347,79191,39690,39501
000,State-ASSAM,Total,10,123832,63833,59999,1069,735,334,1039,601,438,341,201,140,20585,10602,9983,2366,1586,780,2847,1666,1181,1347,729,618,94238,47713,46525
000,State-ASSAM,Total,11,95675,49752,45923,2579,1974,605,2082,1267,815,685,401,284,23142,11754,11388,2767,1875,892,2911,1636,1275,1342,781,561,60167,30064,30103
000,State-ASSAM,Total,12,133205,71222,61983,6228,4943,1285,4717,3048,1669,1637,1030,607,39760,20064,19696,5883,4229,1654,5739,3321,2418,2337,1341,996,66904,33246,33658
000,State-ASSAM,Total,13,127474,68046,59428,8394,6827,1567,6625,4350,2275,2107,1367,740,44066,21724,22342,6633,4785,1848,6153,3655,2498,2300,1341,959,51196,23997,27199
000,State-ASSAM,Total,14,160200,87920,72280,15697,12952,2745,12238,8273,3965,3874,2445,1429,58467,28236,30231,10684,7919,2765,8823,5187,3636,2847,1601,1246,47570,21307,26263
000,State-ASSAM,Total,15,214949,122070,92879,28685,24211,4474,20722,14315,6407,6146,3964,2182,75516,34776,40740,18573,14002,4571,13216,7985,5231,3694,2130,1564,48397,20687,27710
000,State-ASSAM,Total,16,242469,137999,104470,38523,32756,5767,27970,19348,8622,7705,4979,2726,86949,37714,49235,21196,15958,5238,14241,8405,5836,3832,2077,1755,42053,16762,25291
000,State-ASSAM,Total,17,239673,133767,105906,44564,37902,6662,30840,20773,10067,7819,4894,2925,88160,34868,53292,19772,14809,4963,13038,7525,5513,2982,1515,1467,32498,11481,21017
000,State-ASSAM,Total,18,408566,207639,200927,78880,66197,12683,52510,33248,19262,12804,7443,5361,149066,47830,101236,35444,25675,9769,21704,11109,10595,4813,2292,2521,53345,13845,39500
000,State-ASSAM,Total,19,347998,159075,188923,67723,55169,12554,44767,25717,19050,10578,5528,5050,134465,36506,97959,26992,18470,8522,17010,7580,9430,3485,1382,2103,42978,8723,34255
000,State-ASSAM,Rural,5-19,3184714,1651896,1532818,261242,216574,44668,194778,124774,70004,51804,30769,21035,685443,276010,409433,150365,108518,41847,110923,60553,50370,31150,16293,14857,1699009,818405,880604
000,State-ASSAM,Rural,5,495926,253413,242513,169,133,36,125,63,62,22,10,12,4780,2445,2335,2069,1196,873,2105,1070,1035,462,218,244,486194,248278,237916
000,State-ASSAM,Rural,6,359202,182320,176882,201,133,68,154,93,61,37,17,20,5891,2935,2956,1660,939,721,1751,874,877,503,252,251,349005,177077,171928
000,State-ASSAM,Rural,7,179188,89960,89228,369,235,134,255,121,134,78,41,37,10194,5062,5132,1227,705,522,1256,643,613,490,261,229,165319,82892,82427
000,State-ASSAM,Rural,8,127177,63826,63351,463,307,156,368,201,167,79,36,43,11647,5889,5758,1165,685,480,1384,703,681,666,355,311,111405,55650,55755
000,State-ASSAM,Rural,9,92899,46885,46014,509,340,169,463,258,205,173,103,70,12408,6223,6185,1164,716,448,1480,785,695,756,414,342,75946,38046,37900
000,State-ASSAM,Rural,10,117188,60406,56782,930,652,278,969,559,410,329,192,137,18807,9692,9115,2218,1516,702,2759,1614,1145,1326,721,605,89850,45460,44390
000,State-ASSAM,Rural,11,89951,46829,43122,2246,1733,513,1933,1183,750,642,373,269,20969,10693,10276,2604,1784,820,2811,1582,1229,1319,766,553,57427,28715,28712
000,State-ASSAM,Rural,12,125435,67086,58349,5439,4318,1121,4463,2886,1577,1579,988,591,36456,18472,17984,5559,4042,1517,5580,3238,2342,2286,1319,967,64073,31823,32250
000,State-ASSAM,Rural,13,119303,63778,55525,7385,6028,1357,6315,4146,2169,2009,1293,716,40221,19909,20312,6286,4569,1717,5984,3566,2418,2258,1318,940,48845,22949,25896
000,State-ASSAM,Rural,14,149124,81940,67184,13924,11509,2415,11672,7896,3776,3748,2349,1399,53223,25745,27478,10117,7573,2544,8581,5060,3521,2774,1557,1217,45085,20251,24834
000,State-ASSAM,Rural,15,199401,113497,85904,25768,21803,3965,19823,13682,6141,5916,3787,2129,68074,31387,36687,17633,13377,4256,12876,7782,5094,3589,2071,1518,45722,19608,26114
000,State-ASSAM,Rural,16,224192,127841,96351,34606,29376,5230,26775,18474,8301,7424,4775,2649,77881,33791,44090,20220,15293,4927,13884,8187,5697,3748,2035,1713,39654,15910,23744
000,State-ASSAM,Rural,17,218426,121991,96435,39609,33561,6048,29226,19627,9599,7438,4604,2834,77389,30565,46824,18819,14121,4698,12703,7306,5397,2897,1463,1434,30345,10744,19601
000,State-ASSAM,Rural,18,373289,189219,184070,70091,58400,11691,49949,31499,18450,12235,7023,5212,131339,41901,89438,33839,24455,9384,21174,10800,10374,4682,2212,2470,49980,12929,37051
000,State-ASSAM,Rural,19,314013,142905,171108,59533,48046,11487,42288,24086,18202,10095,5178,4917,116164,31301,84863,25785,17547,8238,16595,7343,9252,3394,1331,2063,40159,8073,32086
000,State-ASSAM,Urban,5-19,259759,135188,124571,33074,28415,4659,10263,6984,3279,2294,1698,596,84470,33032,51438,7775,5353,2422,3347,1903,1444,745,417,328,117791,57386,60405
000,State-ASSAM,Urban,5,44968,23181,21787,29,25,4,18,8,10,2,2,0,570,285,285,212,124,88,253,129,124,9,5,4,43875,22603,21272
000,State-ASSAM,Urban,6,30826,15908,14918,29,22,7,24,11,13,4,3,1,714,347,367,157,98,59,194,104,90,12,5,7,29692,15318,14374
000,State-ASSAM,Urban,7,9912,5032,4880,64,46,18,32,19,13,2,1,1,1105,566,539,65,42,23,74,31,43,5,4,1,8565,4323,4242
000,State-ASSAM,Urban,8,5628,2830,2798,69,40,29,42,15,27,1,1,0,1207,589,618,55,26,29,44,23,21,2,1,1,4208,2135,2073
000,State-ASSAM,Urban,9,4706,2406,2300,72,42,30,50,29,21,4,1,3,1221,627,594,56,32,24,47,25,22,11,6,5,3245,1644,1601
000,State-ASSAM,Urban,10,6644,3427,3217,139,83,56,70,42,28,12,9,3,1778,910,868,148,70,78,88,52,36,21,8,13,4388,2253,2135
000,State-ASSAM,Urban,11,5724,2923,2801,333,241,92,149,84,65,43,28,15,2173,1061,1112,163,91,72,100,54,46,23,15,8,2740,1349,1391
000,State-ASSAM,Urban,12,7770,4136,3634,789,625,164,254,162,92,58,42,16,3304,1592,1712,324,187,137,159,83,76,51,22,29,2831,1423,1408
000,State-ASSAM,Urban,13,8171,4268,3903,1009,799,210,310,204,106,98,74,24,3845,1815,2030,347,216,131,169,89,80,42,23,19,2351,1048,1303
000,State-ASSAM,Urban,14,11076,5980,5096,1773,1443,330,566,377,189,126,96,30,5244,2491,2753,567,346,221,242,127,115,73,44,29,2485,1056,1429
000,State-ASSAM,Urban,15,15548,8573,6975,2917,2408,509,899,633,266,230,177,53,7442,3389,4053,940,625,315,340,203,137,105,59,46,2675,1079,1596
000,State-ASSAM,Urban,16,18277,10158,8119,3917,3380,537,1195,874,321,281,204,77,9068,3923,5145,976,665,311,357,218,139,84,42,42,2399,852,1547
000,State-ASSAM,Urban,17,21247,11776,9471,4955,4341,614,1614,1146,468,381,290,91,10771,4303,6468,953,688,265,335,219,116,85,52,33,2153,737,1416
000,State-ASSAM,Urban,18,35277,18420,16857,8789,7797,992,2561,1749,812,569,420,149,17727,5929,11798,1605,1220,385,530,309,221,131,80,51,3365,916,2449
000,State-ASSAM,Urban,19,33985,16170,17815,8190,7123,1067,2479,1631,848,483,350,133,18301,5205,13096,1207,923,284,415,237,178,91,51,40,2819,650,2169
300,District-Kokrajhar,Total,5-19,105981,53839,52142,7699,6085,1614,5208,3147,2061,1146,716,430,22260,9022,13238,4817,3333,1484,3622,1908,1714,998,522,476,60231,29106,31125
300,District-Kokrajhar,Total,5,16965,8781,8184,12,10,2,3,2,1,1,0,1,189,90,99,142,83,59,115,63,52,25,11,14,16478,8522,7956
300,District-Kokrajhar,Total,6,12651,6506,6145,3,3,0,5,3,2,1,0,1,185,108,77,129,76,53,94,37,57,31,10,21,12203,6269,5934
300,District-Kokrajhar,Total,7,6474,3193,3281,36,19,17,14,7,7,0,0,0,447,209,238,94,46,48,54,26,28,29,13,16,5800,2873,2927
300,District-Kokrajhar,Total,8,4629,2304,2325,29,17,12,15,5,10,0,0,0,481,254,227,83,43,40,47,22,25,18,9,9,3956,1954,2002
300,District-Kokrajhar,Total,9,3453,1752,1701,28,20,8,18,9,9,6,3,3,462,234,228,51,28,23,56,32,24,31,18,13,2801,1408,1393
300,District-Kokrajhar,Total,10,3951,2008,1943,51,35,16,31,14,17,6,5,1,665,332,333,95,60,35,79,47,32,47,26,21,2977,1489,1488
300,District-Kokrajhar,Total,11,3084,1558,1526,89,62,27,58,30,28,20,12,8,749,380,369,96,46,50,82,47,35,32,12,20,1958,969,989
300,District-Kokrajhar,Total,12,4217,2174,2043,181,139,42,98,61,37,34,25,9,1180,585,595,191,114,77,181,94,87,77,40,37,2275,1116,1159
300,District-Kokrajhar,Total,13,3803,1954,1849,216,163,53,163,102,61,52,34,18,1219,615,604,185,130,55,181,89,92,63,31,32,1724,790,934
300,District-Kokrajhar,Total,14,4869,2684,2185,458,362,96,304,205,99,76,43,33,1588,798,790,334,242,92,274,158,116,83,47,36,1752,829,923
300,District-Kokrajhar,Total,15,6269,3477,2792,715,593,122,511,322,189,126,76,50,2150,1013,1137,516,382,134,383,235,148,121,71,50,1747,785,962
300,District-Kokrajhar,Total,16,7104,3930,3174,989,813,176,701,482,219,145,104,41,2478,1086,1392,603,452,151,475,272,203,121,64,57,1592,657,935
300,District-Kokrajhar,Total,17,6845,3749,3096,1148,955,193,781,511,270,185,134,51,2495,991,1504,548,411,137,362,208,154,94,58,36,1232,481,751
300,District-Kokrajhar,Total,18,11800,5594,6206,1966,1571,395,1337,783,554,286,156,130,4342,1360,2982,984,723,261,669,351,318,144,79,65,2072,571,1501
300,District-Kokrajhar,Total,19,9867,4175,5692,1778,1323,455,1169,611,558,208,124,84,3630,967,2663,766,497,269,570,227,343,82,33,49,1664,393,1271
300,District-Kokrajhar,Rural,5-19,102943,52292,50651,7294,5757,1537,5067,3055,2012,1116,697,419,21385,8693,12692,4729,3274,1455,3585,1889,1696,990,515,475,58777,28412,30365
300,District-Kokrajhar,Rural,5,16360,8475,7885,10,8,2,3,2,1,1,0,1,177,82,95,137,79,58,109,58,51,25,11,14,15898,8235,7663
300,District-Kokrajhar,Rural,6,12239,6300,5939,3,3,0,5,3,2,1,0,1,178,105,73,128,75,53,91,37,54,31,10,21,11802,6067,5735
300,District-Kokrajhar,Rural,7,6345,3124,3221,33,17,16,12,5,7,0,0,0,433,201,232,94,46,48,53,25,28,29,13,16,5691,2817,2874
300,District-Kokrajhar,Rural,8,4566,2269,2297,28,16,12,14,5,9,0,0,0,468,246,222,82,43,39,47,22,25,18,9,9,3909,1928,1981
300,District-Kokrajhar,Rural,9,3397,1723,1674,27,19,8,16,8,8,6,3,3,450,226,224,50,27,23,56,32,24,30,17,13,2762,1391,1371
300,District-Kokrajhar,Rural,10,3891,1976,1915,50,34,16,31,14,17,6,5,1,651,323,328,93,60,33,78,47,31,47,26,21,2935,1467,1468
300,District-Kokrajhar,Rural,11,3024,1534,1490,84,59,25,56,28,28,20,12,8,731,373,358,92,45,47,80,46,34,32,12,20,1929,959,970
300,District-Kokrajhar,Rural,12,4139,2135,2004,170,133,37,96,59,37,33,25,8,1147,568,579,190,114,76,179,93,86,77,40,37,2247,1103,1144
300,District-Kokrajhar,Rural,13,3728,1912,1816,202,152,50,158,99,59,51,34,17,1184,597,587,183,129,54,178,88,90,63,31,32,1709,782,927
300,District-Kokrajhar,Rural,14,4751,2620,2131,440,346,94,295,199,96,75,42,33,1534,773,761,328,237,91,272,158,114,82,46,36,1725,819,906
300,District-Kokrajhar,Rural,15,6102,3375,2727,674,561,113,494,311,183,122,73,49,2088,978,1110,503,373,130,381,233,148,121,71,50,1719,775,944
300,District-Kokrajhar,Rural,16,6922,3836,3086,946,779,167,692,476,216,142,102,40,2394,1053,1341,593,444,149,471,271,200,119,62,57,1565,649,916
300,District-Kokrajhar,Rural,17,6603,3616,2987,1083,901,182,750,489,261,184,133,51,2389,955,1434,534,403,131,360,207,153,92,56,36,1211,472,739
300,District-Kokrajhar,Rural,18,11425,5419,6006,1875,1494,381,1309,768,541,279,153,126,4151,1303,2848,968,712,256,664,348,316,143,78,65,2036,563,1473
300,District-Kokrajhar,Rural,19,9451,3978,5473,1669,1235,434,1136,589,547,196,115,81,3410,910,2500,754,487,267,566,224,342,81,33,48,1639,385,1254
300,District-Kokrajhar,Urban,5-19,3038,1547,1491,405,328,77,141,92,49,30,19,11,875,329,546,88,59,29,37,19,18,8,7,1,1454,694,760
300,District-Kokrajhar,Urban,5,605,306,299,2,2,0,0,0,0,0,0,0,12,8,4,5,4,1,6,5,1,0,0,0,580,287,293
300,District-Kokrajhar,Urban,6,412,206,206,0,0,0,0,0,0,0,0,0,7,3,4,1,1,0,3,0,3,0,0,0,401,202,199
300,District-Kokrajhar,Urban,7,129,69,60,3,2,1,2,2,0,0,0,0,14,8,6,0,0,0,1,1,0,0,0,0,109,56,53
300,District-Kokrajhar,Urban,8,63,35,28,1,1,0,1,0,1,0,0,0,13,8,5,1,0,1,0,0,0,0,0,0,47,26,21
300,District-Kokrajhar,Urban,9,56,29,27,1,1,0,2,1,1,0,0,0,12,8,4,1,1,0,0,0,0,1,1,0,39,17,22
300,District-Kokrajhar,Urban,10,60,32,28,1,1,0,0,0,0,0,0,0,14,9,5,2,0,2,1,0,1,0,0,0,42,22,20
300,District-Kokrajhar,Urban,11,60,24,36,5,3,2,2,2,0,0,0,0,18,7,11,4,1,3,2,1,1,0,0,0,29,10,19
300,District-Kokrajhar,Urban,12,78,39,39,11,6,5,2,2,0,1,0,1,33,17,16,1,0,1,2,1,1,0,0,0,28,13,15
300,District-Kokrajhar,Urban,13,75,42,33,14,11,3,5,3,2,1,0,1,35,18,17,2,1,1,3,1,2,0,0,0,15,8,7
300,District-Kokrajhar,Urban,14,118,64,54,18,16,2,9,6,3,1,1,0,54,25,29,6,5,1,2,0,2,1,1,0,27,10,17
300,District-Kokrajhar,Urban,15,167,102,65,41,32,9,17,11,6,4,3,1,62,35,27,13,9,4,2,2,0,0,0,0,28,10,18
300,District-Kokrajhar,Urban,16,182,94,88,43,34,9,9,6,3,3,2,1,84,33,51,10,8,2,4,1,3,2,2,0,27,8,19
300,District-Kokrajhar,Urban,17,242,133,109,65,54,11,31,22,9,1,1,0,106,36,70,14,8,6,2,1,1,2,2,0,21,9,12
300,District-Kokrajhar,Urban,18,375,175,200,91,77,14,28,15,13,7,3,4,191,57,134,16,11,5,5,3,2,1,1,0,36,8,28
300,District-Kokrajhar,Urban,19,416,197,219,109,88,21,33,22,11,12,9,3,220,57,163,12,10,2,4,3,1,1,0,1,25,8,17
301,District-Dhubri,Total,5-19,308434,165565,142869,18907,17390,1517,11883,8799,3084,3293,2136,1157,47638,16650,30988,17360,15461,1899,12680,8562,4118,4728,2836,1892,191945,93731,98214
301,District-Dhubri,Total,5,47894,24284,23610,13,13,0,7,7,0,0,0,0,345,186,159,131,84,47,143,69,74,44,22,22,47211,23903,23308
301,District-Dhubri,Total,6,35679,18355,17324,9,7,2,6,5,1,1,0,1,372,196,176,102,56,46,128,71,57,84,39,45,34977,17981,16996
301,District-Dhubri,Total,7,23086,11861,11225,20,17,3,12,12,0,9,4,5,702,334,368,121,81,40,161,80,81,117,61,56,21944,11272,10672
301,District-Dhubri,Total,8,16667,8657,8010,26,20,6,27,16,11,7,5,2,821,439,382,109,76,33,227,132,95,167,89,78,15283,7880,7403
301,District-Dhubri,Total,9,11568,6145,5423,36,28,8,40,28,12,15,11,4,786,396,390,119,83,36,252,155,97,197,109,88,10123,5335,4788
301,District-Dhubri,Total,10,14245,7758,6487,68,55,13,71,50,21,41,29,12,1356,685,671,276,223,53,461,285,176,342,209,133,11630,6222,5408
301,District-Dhubri,Total,11,10180,5854,4326,174,146,28,174,129,45,73,57,16,1474,830,644,301,257,44,415,288,127,289,188,101,7280,3959,3321
301,District-Dhubri,Total,12,13338,7876,5462,409,357,52,316,245,71,133,97,36,2465,1333,1132,717,617,100,857,604,253,487,321,166,7954,4302,3652
301,District-Dhubri,Total,13,12265,7434,4831,651,597,54,568,447,121,198,147,51,2841,1454,1387,837,737,100,858,650,208,426,287,139,5886,3115,2771
301,District-Dhubri,Total,14,13900,8646,5254,1191,1104,87,909,701,208,300,220,80,3530,1757,1773,1347,1219,128,1140,849,291,436,291,145,5047,2505,2542
301,District-Dhubri,Total,15,17432,11150,6282,2095,1924,171,1397,1132,265,475,355,120,4280,1990,2290,2189,1985,204,1520,1153,367,480,322,158,4996,2289,2707
301,District-Dhubri,Total,16,18498,11597,6901,2634,2447,187,1766,1413,353,502,353,149,4938,1967,2971,2476,2263,213,1495,1109,386,420,283,137,4267,1762,2505
301,District-Dhubri,Total,17,17833,10574,7259,2968,2793,175,1814,1426,388,405,276,129,5275,1696,3579,2208,2020,188,1363,987,376,335,204,131,3465,1172,2293
301,District-Dhubri,Total,18,30975,14821,16154,4785,4407,378,2686,1871,815,607,330,277,9819,1970,7849,3749,3401,348,2125,1299,826,513,265,248,6691,1278,5413
301,District-Dhubri,Total,19,24874,10553,14321,3828,3475,353,2090,1317,773,527,252,275,8634,1417,7217,2678,2359,319,1535,831,704,391,146,245,5191,756,4435
301,District-Dhubri,Rural,5-19,292397,157050,135347,16895,15565,1330,11231,8325,2906,3121,1996,1125,42404,14704,27700,16828,15060,1768,12451,8406,4045,4630,2774,1856,184837,90220,94617
301,District-Dhubri,Rural,5,45375,22967,22408,12,12,0,6,6,0,0,0,0,309,167,142,124,79,45,137,66,71,44,22,22,44743,22615,22128
301,District-Dhubri,Rural,6,34084,17536,16548,9,7,2,6,5,1,1,0,1,348,181,167,100,56,44,124,68,56,84,39,45,33412,17180,16232
301,District-Dhubri,Rural,7,22424,11523,10901,16,13,3,11,11,0,9,4,5,659,313,346,120,80,40,160,80,80,116,60,56,21333,10962,10371
301,District-Dhubri,Rural,8,16278,8456,7822,24,19,5,24,14,10,7,5,2,764,410,354,105,76,29,226,131,95,167,89,78,14961,7712,7249
301,District-Dhubri,Rural,9,11267,5972,5295,34,27,7,35,24,11,15,11,4,731,364,367,115,82,33,249,154,95,194,107,87,9894,5203,4691
301,District-Dhubri,Rural,10,13835,7535,6300,63,51,12,69,48,21,40,28,12,1261,633,628,270,221,49,455,280,175,337,207,130,11340,6067,5273
301,District-Dhubri,Rural,11,9830,5643,4187,151,131,20,165,123,42,66,51,15,1359,765,594,296,252,44,404,280,124,281,182,99,7108,3859,3249
301,District-Dhubri,Rural,12,12854,7582,5272,371,326,45,301,234,67,126,91,35,2272,1221,1051,699,609,90,841,594,247,479,315,164,7765,4192,3573
301,District-Dhubri,Rural,13,11712,7103,4609,593,546,47,544,428,116,188,139,49,2590,1320,1270,809,720,89,846,640,206,417,283,134,5725,3027,2698
301,District-Dhubri,Rural,14,13153,8203,4950,1078,1006,72,861,664,197,291,211,80,3190,1586,1604,1301,1186,115,1116,833,283,423,282,141,4893,2435,2458
301,District-Dhubri,Rural,15,16450,10564,5886,1926,1779,147,1345,1090,255,445,329,116,3840,1771,2069,2119,1930,189,1495,1135,360,467,313,154,4813,2217,2596
301,District-Dhubri,Rural,16,17220,10849,6371,2347,2192,155,1675,1343,332,484,340,144,4321,1710,2611,2411,2210,201,1463,1086,377,411,280,131,4108,1688,2420
301,District-Dhubri,Rural,17,16415,9769,6646,2651,2501,150,1703,1343,360,370,248,122,4596,1433,3163,2121,1956,165,1333,965,368,325,195,130,3316,1128,2188
301,District-Dhubri,Rural,18,28648,13674,14974,4239,3896,343,2539,1771,768,577,304,273,8638,1645,6993,3634,3304,330,2095,1280,815,500,257,243,6426,1217,5209
301,District-Dhubri,Rural,19,22852,9674,13178,3381,3059,322,1947,1221,726,502,235,267,7526,1185,6341,2604,2299,305,1507,814,693,385,143,242,5000,718,4282
301,District-Dhubri,Urban,5-19,16037,8515,7522,2012,1825,187,652,474,178,172,140,32,5234,1946,3288,532,401,131,229,156,73,98,62,36,7108,3511,3597
301,District-Dhubri,Urban,5,2519,1317,1202,1,1,0,1,1,0,0,0,0,36,19,17,7,5,2,6,3,3,0,0,0,2468,1288,1180
301,District-Dhubri,Urban,6,1595,819,776,0,0,0,0,0,0,0,0,0,24,15,9,2,0,2,4,3,1,0,0,0,1565,801,764
301,District-Dhubri,Urban,7,662,338,324,4,4,0,1,1,0,0,0,0,43,21,22,1,1,0,1,0,1,1,1,0,611,310,301
301,District-Dhubri,Urban,8,389,201,188,2,1,1,3,2,1,0,0,0,57,29,28,4,0,4,1,1,0,0,0,0,322,168,154
301,District-Dhubri,Urban,9,301,173,128,2,1,1,5,4,1,0,0,0,55,32,23,4,1,3,3,1,2,3,2,1,229,132,97
301,District-Dhubri,Urban,10,410,223,187,5,4,1,2,2,0,1,1,0,95,52,43,6,2,4,6,5,1,5,2,3,290,155,135
301,District-Dhubri,Urban,11,350,211,139,23,15,8,9,6,3,7,6,1,115,65,50,5,5,0,11,8,3,8,6,2,172,100,72
301,District-Dhubri,Urban,12,484,294,190,38,31,7,15,11,4,7,6,1,193,112,81,18,8,10,16,10,6,8,6,2,189,110,79
301,District-Dhubri,Urban,13,553,331,222,58,51,7,24,19,5,10,8,2,251,134,117,28,17,11,12,10,2,9,4,5,161,88,73
301,District-Dhubri,Urban,14,747,443,304,113,98,15,48,37,11,9,9,0,340,171,169,46,33,13,24,16,8,13,9,4,154,70,84
301,District-Dhubri,Urban,15,982,586,396,169,145,24,52,42,10,30,26,4,440,219,221,70,55,15,25,18,7,13,9,4,183,72,111
301,District-Dhubri,Urban,16,1278,748,530,287,255,32,91,70,21,18,13,5,617,257,360,65,53,12,32,23,9,9,3,6,159,74,85
301,District-Dhubri,Urban,17,1418,805,613,317,292,25,111,83,28,35,28,7,679,263,416,87,64,23,30,22,8,10,9,1,149,44,105
301,District-Dhubri,Urban,18,2327,1147,1180,546,511,35,147,100,47,30,26,4,1181,325,856,115,97,18,30,19,11,13,8,5,265,61,204
301,District-Dhubri,Urban,19,2022,879,1143,447,416,31,143,96,47,25,17,8,1108,232,876,74,60,14,28,17,11,6,3,3,191,38,153
302,District-Goalpara,Total,5-19,129071,70251,58820,10541,9142,1399,6728,4472,2256,1685,1123,562,25754,10149,15605,6211,5460,751,3977,2717,1260,962,682,280,73213,36506,36707
302,District-Goalpara,Total,5,20832,10643,10189,2,1,1,3,2,1,1,1,0,192,94,98,55,26,29,86,44,42,9,4,5,20484,10471,10013
302,District-Goalpara,Total,6,14654,7454,7200,12,12,0,4,1,3,1,0,1,222,106,116,44,30,14,60,33,27,8,4,4,14303,7268,7035
302,District-Goalpara,Total,7,8193,4231,3962,11,7,4,9,5,4,1,1,0,331,161,170,30,24,6,39,24,15,7,7,0,7765,4002,3763
302,District-Goalpara,Total,8,5546,2906,2640,12,10,2,12,6,6,1,1,0,430,218,212,33,27,6,41,21,20,14,11,3,5003,2612,2391
302,District-Goalpara,Total,9,3916,2081,1835,22,13,9,9,6,3,6,3,3,455,242,213,34,24,10,43,32,11,16,14,2,3331,1747,1584
302,District-Goalpara,Total,10,4576,2543,2033,36,23,13,27,18,9,5,2,3,679,376,303,64,51,13,76,47,29,34,22,12,3655,2004,1651
302,District-Goalpara,Total,11,3646,2033,1613,82,64,18,61,41,20,15,10,5,803,415,388,84,75,9,81,56,25,36,26,10,2484,1346,1138
302,District-Goalpara,Total,12,4943,2991,1952,229,198,31,172,120,52,63,49,14,1311,696,615,215,198,17,198,136,62,68,47,21,2687,1547,1140
302,District-Goalpara,Total,13,4819,2945,1874,338,287,51,228,165,63,68,57,11,1480,796,684,287,253,34,203,150,53,70,54,16,2145,1183,962
302,District-Goalpara,Total,14,5747,3644,2103,607,524,83,425,325,100,130,93,37,1922,1024,898,410,363,47,302,232,70,79,64,15,1872,1019,853
302,District-Goalpara,Total,15,7594,4981,2613,1112,984,128,628,474,154,204,140,64,2421,1270,1151,737,669,68,470,356,114,142,96,46,1880,992,888
302,District-Goalpara,Total,16,8377,5437,2940,1383,1266,117,891,686,205,242,178,64,2706,1226,1480,886,801,85,513,392,121,124,94,30,1632,794,838
302,District-Goalpara,Total,17,8775,5397,3378,1704,1497,207,1046,757,289,291,187,104,2867,1200,1667,858,765,93,502,372,130,105,73,32,1402,546,856
302,District-Goalpara,Total,18,14583,7333,7250,2664,2307,357,1705,1052,653,340,204,136,5146,1365,3781,1369,1216,153,757,496,261,139,100,39,2463,593,1870
302,District-Goalpara,Total,19,12870,5632,7238,2327,1949,378,1508,814,694,317,197,120,4789,960,3829,1105,938,167,606,326,280,111,66,45,2107,382,1725
302,District-Goalpara,Rural,5-19,115030,62782,52248,9066,7790,1276,6118,4051,2067,1550,1012,538,21878,8666,13212,5585,4951,634,3610,2504,1106,886,630,256,66337,33178,33159
302,District-Goalpara,Rural,5,18738,9567,9171,2,1,1,3,2,1,0,0,0,174,87,87,47,24,23,71,34,37,8,4,4,18433,9415,9018
302,District-Goalpara,Rural,6,13252,6749,6503,9,9,0,3,1,2,1,0,1,195,92,103,39,25,14,58,32,26,6,3,3,12941,6587,6354
302,District-Goalpara,Rural,7,7443,3854,3589,8,7,1,8,4,4,1,1,0,274,135,139,26,20,6,33,21,12,7,7,0,7086,3659,3427
302,District-Goalpara,Rural,8,5117,2692,2425,11,9,2,8,5,3,1,1,0,345,178,167,32,26,6,38,21,17,14,11,3,4668,2441,2227
302,District-Goalpara,Rural,9,3523,1891,1632,17,10,7,9,6,3,6,3,3,364,197,167,32,22,10,34,25,9,14,12,2,3047,1616,1431
302,District-Goalpara,Rural,10,4130,2307,1823,32,20,12,26,17,9,5,2,3,569,319,250,58,46,12,66,42,24,33,21,12,3341,1840,1501
302,District-Goalpara,Rural,11,3249,1824,1425,73,56,17,54,36,18,15,10,5,668,354,314,75,68,7,67,47,20,34,24,10,2263,1229,1034
302,District-Goalpara,Rural,12,4419,2693,1726,196,171,25,157,110,47,58,44,14,1130,611,519,188,175,13,176,120,56,65,45,20,2449,1417,1032
302,District-Goalpara,Rural,13,4306,2662,1644,298,250,48,206,151,55,62,51,11,1282,696,586,258,233,25,188,140,48,64,49,15,1948,1092,856
302,District-Goalpara,Rural,14,5028,3222,1806,516,442,74,395,302,93,120,84,36,1640,896,744,366,327,39,264,209,55,73,58,15,1654,904,750
302,District-Goalpara,Rural,15,6757,4435,2322,963,848,115,577,432,145,192,131,61,2092,1089,1003,666,606,60,433,336,97,132,92,40,1702,901,801
302,District-Goalpara,Rural,16,7393,4824,2569,1187,1076,111,819,629,190,220,159,61,2309,1058,1251,793,726,67,474,367,107,113,86,27,1478,723,755
302,District-Goalpara,Rural,17,7622,4713,2909,1459,1274,185,938,674,264,263,165,98,2399,1003,1396,774,697,77,463,350,113,98,68,30,1228,482,746
302,District-Goalpara,Rural,18,12903,6490,6413,2312,1976,336,1563,968,595,316,185,131,4409,1153,3256,1255,1121,134,691,458,233,124,90,34,2233,539,1694
302,District-Goalpara,Rural,19,11150,4859,6291,1983,1641,342,1352,714,638,290,176,114,4028,798,3230,976,835,141,554,302,252,101,60,41,1866,333,1533
302,District-Goalpara,Urban,5-19,14041,7469,6572,1475,1352,123,610,421,189,135,111,24,3876,1483,2393,626,509,117,367,213,154,76,52,24,6876,3328,3548
302,District-Goalpara,Urban,5,2094,1076,1018,0,0,0,0,0,0,1,1,0,18,7,11,8,2,6,15,10,5,1,0,1,2051,1056,995
302,District-Goalpara,Urban,6,1402,705,697,3,3,0,1,0,1,0,0,0,27,14,13,5,5,0,2,1,1,2,1,1,1362,681,681
302,District-Goalpara,Urban,7,750,377,373,3,0,3,1,1,0,0,0,0,57,26,31,4,4,0,6,3,3,0,0,0,679,343,336
302,District-Goalpara,Urban,8,429,214,215,1,1,0,4,1,3,0,0,0,85,40,45,1,1,0,3,0,3,0,0,0,335,171,164
302,District-Goalpara,Urban,9,393,190,203,5,3,2,0,0,0,0,0,0,91,45,46,2,2,0,9,7,2,2,2,0,284,131,153
302,District-Goalpara,Urban,10,446,236,210,4,3,1,1,1,0,0,0,0,110,57,53,6,5,1,10,5,5,1,1,0,314,164,150
302,District-Goalpara,Urban,11,397,209,188,9,8,1,7,5,2,0,0,0,135,61,74,9,7,2,14,9,5,2,2,0,221,117,104
302,District-Goalpara,Urban,12,524,298,226,33,27,6,15,10,5,5,5,0,181,85,96,27,23,4,22,16,6,3,2,1,238,130,108
302,District-Goalpara,Urban,13,513,283,230,40,37,3,22,14,8,6,6,0,198,100,98,29,20,9,15,10,5,6,5,1,197,91,106
302,District-Goalpara,Urban,14,719,422,297,91,82,9,30,23,7,10,9,1,282,128,154,44,36,8,38,23,15,6,6,0,218,115,103
302,District-Goalpara,Urban,15,837,546,291,149,136,13,51,42,9,12,9,3,329,181,148,71,63,8,37,20,17,10,4,6,178,91,87
302,District-Goalpara,Urban,16,984,613,371,196,190,6,72,57,15,22,19,3,397,168,229,93,75,18,39,25,14,11,8,3,154,71,83
302,District-Goalpara,Urban,17,1153,684,469,245,223,22,108,83,25,28,22,6,468,197,271,84,68,16,39,22,17,7,5,2,174,64,110
302,District-Goalpara,Urban,18,1680,843,837,352,331,21,142,84,58,24,19,5,737,212,525,114,95,19,66,38,28,15,10,5,230,54,176
302,District-Goalpara,Urban,19,1720,773,947,344,308,36,156,100,56,27,21,6,761,162,599,129,103,26,52,24,28,10,6,4,241,49,192
303,District-Barpeta,Total,5-19,219715,120637,99078,16959,15732,1227,7550,5654,1896,2050,1419,631,36752,14990,21762,11294,10063,1231,5678,4016,1662,1637,1039,598,137795,67724,70071
303,District-Barpeta,Total,5,37069,18921,18148,9,7,2,3,2,1,1,1,0,406,198,208,103,60,43,72,36,36,12,9,3,36463,18608,17855
303,District-Barpeta,Total,6,28219,14421,13798,13,12,1,2,1,1,0,0,0,377,180,197,84,48,36,42,18,24,16,6,10,27685,14156,13529
303,District-Barpeta,Total,7,16701,8338,8363,17,11,6,9,7,2,1,1,0,499,254,245,65,42,23,59,31,28,19,9,10,16032,7983,8049
303,District-Barpeta,Total,8,11600,6010,5590,16,11,5,8,7,1,3,2,1,586,297,289,67,45,22,66,42,24,31,17,14,10823,5589,5234
303,District-Barpeta,Total,9,7890,4040,3850,33,23,10,12,9,3,6,5,1,604,308,296,77,54,23,63,37,26,35,23,12,7060,3581,3479
303,District-Barpeta,Total,10,8615,4552,4063,45,41,4,38,29,9,12,8,4,827,438,389,129,96,33,136,92,44,37,22,15,7391,3826,3565
303,District-Barpeta,Total,11,6652,3706,2946,130,118,12,63,43,20,33,25,8,1016,570,446,197,158,39,143,95,48,71,46,25,4999,2651,2348
303,District-Barpeta,Total,12,8388,4841,3547,343,298,45,185,150,35,61,46,15,1905,1069,836,402,339,63,274,189,85,113,72,41,5105,2678,2427
303,District-Barpeta,Total,13,7989,4812,3177,514,472,42,254,197,57,101,80,21,2110,1192,918,495,441,54,331,244,87,148,105,43,4036,2081,1955
303,District-Barpeta,Total,14,8974,5639,3335,915,869,46,520,417,103,137,102,35,2646,1462,1184,721,639,82,463,344,119,161,125,36,3411,1681,1730
303,District-Barpeta,Total,15,11814,7915,3899,1795,1695,100,837,704,133,254,187,67,3254,1747,1507,1457,1326,131,698,551,147,212,158,54,3307,1547,1760
303,District-Barpeta,Total,16,12681,8850,3831,2440,2330,110,1026,867,159,294,238,56,3728,1887,1841,1617,1514,103,801,640,161,194,137,57,2581,1237,1344
303,District-Barpeta,Total,17,11852,7970,3882,2684,2538,146,1121,907,214,279,215,64,3558,1558,2000,1512,1393,119,652,537,115,136,92,44,1910,730,1180
303,District-Barpeta,Total,18,21408,11666,9742,4354,4036,318,1792,1290,502,424,276,148,7533,2163,5370,2458,2248,210,1034,674,360,243,134,109,3570,845,2725
303,District-Barpeta,Total,19,19863,8956,10907,3651,3271,380,1680,1024,656,444,233,211,7703,1667,6036,1910,1660,250,844,486,358,209,84,125,3422,531,2891
303,District-Barpeta,Rural,5-19,210565,115658,94907,15511,14400,1111,7212,5404,1808,1961,1357,604,33690,13808,19882,10968,9815,1153,5610,3977,1633,1616,1031,585,133997,65866,68131
303,District-Barpeta,Rural,5,35649,18183,17466,9,7,2,3,2,1,1,1,0,384,188,196,100,58,42,70,35,35,12,9,3,35070,17883,17187
303,District-Barpeta,Rural,6,27169,13857,13312,13,12,1,2,1,1,0,0,0,348,167,181,84,48,36,40,17,23,16,6,10,26666,13606,13060
303,District-Barpeta,Rural,7,16415,8208,8207,17,11,6,9,7,2,1,1,0,473,241,232,65,42,23,59,31,28,19,9,10,15772,7866,7906
303,District-Barpeta,Rural,8,11426,5915,5511,16,11,5,8,7,1,3,2,1,551,280,271,66,44,22,66,42,24,31,17,14,10685,5512,5173
303,District-Barpeta,Rural,9,7755,3970,3785,32,23,9,12,9,3,6,5,1,572,290,282,74,51,23,62,37,25,34,22,12,6963,3533,3430
303,District-Barpeta,Rural,10,8435,4449,3986,41,38,3,37,28,9,11,7,4,788,411,377,122,92,30,136,92,44,37,22,15,7263,3759,3504
303,District-Barpeta,Rural,11,6497,3621,2876,122,111,11,59,42,17,32,24,8,964,540,424,191,156,35,142,95,47,70,46,24,4917,2607,2310
303,District-Barpeta,Rural,12,8104,4685,3419,306,267,39,178,145,33,59,45,14,1792,1016,776,381,326,55,273,189,84,112,71,41,5003,2626,2377
303,District-Barpeta,Rural,13,7685,4639,3046,472,438,34,241,189,52,96,77,19,1966,1117,849,481,432,49,328,243,85,144,104,40,3957,2039,1918
303,District-Barpeta,Rural,14,8569,5412,3157,848,808,40,498,400,98,128,95,33,2446,1359,1087,697,625,72,461,344,117,159,123,36,3332,1658,1674
303,District-Barpeta,Rural,15,11258,7582,3676,1682,1589,93,800,675,125,249,185,64,2991,1620,1371,1412,1292,120,688,545,143,209,157,52,3227,1519,1708
303,District-Barpeta,Rural,16,11936,8421,3515,2250,2157,93,979,832,147,282,230,52,3373,1741,1632,1559,1466,93,792,634,158,194,137,57,2507,1224,1283
303,District-Barpeta,Rural,17,11025,7451,3574,2414,2291,123,1048,857,191,267,207,60,3201,1403,1798,1469,1361,108,641,530,111,136,92,44,1849,710,1139
303,District-Barpeta,Rural,18,20049,10932,9117,3965,3674,291,1729,1236,493,405,262,143,6842,1954,4888,2395,2195,200,1021,664,357,238,132,106,3454,815,2639
303,District-Barpeta,Rural,19,18593,8333,10260,3324,2963,361,1609,974,635,421,216,205,6999,1481,5518,1872,1627,245,831,479,352,205,84,121,3332,509,2823
303,District-Barpeta,Urban,5-19,9150,4979,4171,1448,1332,116,338,250,88,89,62,27,3062,1182,1880,326,248,78,68,39,29,21,8,13,3798,1858,1940
303,District-Barpeta,Urban,5,1420,738,682,0,0,0,0,0,0,0,0,0,22,10,12,3,2,1,2,1,1,0,0,0,1393,725,668
303,District-Barpeta,Urban,6,1050,564,486,0,0,0,0,0,0,0,0,0,29,13,16,0,0,0,2,1,1,0,0,0,1019,550,469
303,District-Barpeta,Urban,7,286,130,156,0,0,0,0,0,0,0,0,0,26,13,13,0,0,0,0,0,0,0,0,0,260,117,143
303,District-Barpeta,Urban,8,174,95,79,0,0,0,0,0,0,0,0,0,35,17,18,1,1,0,0,0,0,0,0,0,138,77,61
303,District-Barpeta,Urban,9,135,70,65,1,0,1,0,0,0,0,0,0,32,18,14,3,3,0,1,0,1,1,1,0,97,48,49
303,District-Barpeta,Urban,10,180,103,77,4,3,1,1,1,0,1,1,0,39,27,12,7,4,3,0,0,0,0,0,0,128,67,61
303,District-Barpeta,Urban,11,155,85,70,8,7,1,4,1,3,1,1,0,52,30,22,6,2,4,1,0,1,1,0,1,82,44,38
303,District-Barpeta,Urban,12,284,156,128,37,31,6,7,5,2,2,1,1,113,53,60,21,13,8,1,0,1,1,1,0,102,52,50
303,District-Barpeta,Urban,13,304,173,131,42,34,8,13,8,5,5,3,2,144,75,69,14,9,5,3,1,2,4,1,3,79,42,37
303,District-Barpeta,Urban,14,405,227,178,67,61,6,22,17,5,9,7,2,200,103,97,24,14,10,2,0,2,2,2,0,79,23,56
303,District-Barpeta,Urban,15,556,333,223,113,106,7,37,29,8,5,2,3,263,127,136,45,34,11,10,6,4,3,1,2,80,28,52
303,District-Barpeta,Urban,16,745,429,316,190,173,17,47,35,12,12,8,4,355,146,209,58,48,10,9,6,3,0,0,0,74,13,61
303,District-Barpeta,Urban,17,827,519,308,270,247,23,73,50,23,12,8,4,357,155,202,43,32,11,11,7,4,0,0,0,61,20,41
303,District-Barpeta,Urban,18,1359,734,625,389,362,27,63,54,9,19,14,5,691,209,482,63,53,10,13,10,3,5,2,3,116,30,86
303,District-Barpeta,Urban,19,1270,623,647,327,308,19,71,50,21,23,17,6,704,186,518,38,33,5,13,7,6,4,0,4,90,22,68
304,District-Morigaon,Total,5-19,122131,67150,54981,12134,10602,1532,7327,4599,2728,1552,969,583,24908,9745,15163,7312,6349,963,3770,2393,1377,898,573,325,64230,31920,32310
304,District-Morigaon,Total,5,19054,9854,9200,6,4,2,6,5,1,1,1,0,217,110,107,65,41,24,52,28,24,20,9,11,18687,9656,9031
304,District-Morigaon,Total,6,13765,7016,6749,17,11,6,4,2,2,1,1,0,223,109,114,56,34,22,41,19,22,25,17,8,13398,6823,6575
304,District-Morigaon,Total,7,6459,3252,3207,12,8,4,8,3,5,4,1,3,343,169,174,35,26,9,29,7,22,11,5,6,6017,3033,2984
304,District-Morigaon,Total,8,4788,2477,2311,19,15,4,6,5,1,1,0,1,431,223,208,53,41,12,56,34,22,24,15,9,4198,2144,2054
304,District-Morigaon,Total,9,3562,1944,1618,30,24,6,15,13,2,11,7,4,446,231,215,65,48,17,45,28,17,21,14,7,2929,1579,1350
304,District-Morigaon,Total,10,4487,2585,1902,45,39,6,33,21,12,16,8,8,700,382,318,149,122,27,116,84,32,41,25,16,3387,1904,1483
304,District-Morigaon,Total,11,3596,2070,1526,138,117,21,84,59,25,22,17,5,773,428,345,145,125,20,123,75,48,52,37,15,2259,1212,1047
304,District-Morigaon,Total,12,5115,3098,2017,278,254,24,191,129,62,60,45,15,1459,780,679,381,326,55,224,160,64,83,60,23,2439,1344,1095
304,District-Morigaon,Total,13,4954,3016,1938,407,356,51,307,217,90,82,57,25,1578,839,739,354,300,54,261,169,92,87,61,26,1878,1017,861
304,District-Morigaon,Total,14,6133,3788,2345,771,679,92,508,351,157,156,105,51,2040,1014,1026,554,504,50,329,239,90,97,66,31,1678,830,848
304,District-Morigaon,Total,15,8053,5021,3032,1368,1226,142,900,635,265,160,107,53,2413,1064,1349,984,891,93,448,297,151,109,75,34,1671,726,945
304,District-Morigaon,Total,16,8846,5508,3338,1761,1582,179,1012,680,332,252,156,96,2787,1182,1605,1039,926,113,469,335,134,100,58,42,1426,589,837
304,District-Morigaon,Total,17,8066,4790,3276,1745,1556,189,1046,696,350,210,135,75,2697,997,1700,867,760,107,419,276,143,69,43,26,1013,327,686
304,District-Morigaon,Total,18,13767,7284,6483,3038,2643,395,1786,1069,717,313,174,139,4638,1240,3398,1484,1296,188,654,384,270,86,57,29,1768,421,1347
304,District-Morigaon,Total,19,11486,5447,6039,2499,2088,411,1421,714,707,263,155,108,4163,977,3186,1081,909,172,504,258,246,73,31,42,1482,315,1167
304,District-Morigaon,Rural,5-19,116558,64155,52403,11482,9999,1483,7142,4472,2670,1517,947,570,23223,9075,14148,7089,6167,922,3705,2349,1356,890,567,323,61510,30579,30931
304,District-Morigaon,Rural,5,18082,9339,8743,5,4,1,6,5,1,1,1,0,205,106,99,56,36,20,48,24,24,20,9,11,17741,9154,8587
304,District-Morigaon,Rural,6,13125,6699,6426,14,10,4,4,2,2,1,1,0,208,104,104,54,33,21,40,18,22,24,16,8,12780,6515,6265
304,District-Morigaon,Rural,7,6229,3128,3101,12,8,4,8,3,5,4,1,3,327,158,169,33,25,8,29,7,22,11,5,6,5805,2921,2884
304,District-Morigaon,Rural,8,4636,2395,2241,17,14,3,6,5,1,1,0,1,415,215,200,53,41,12,55,33,22,24,15,9,4065,2072,1993
304,District-Morigaon,Rural,9,3451,1878,1573,27,22,5,14,12,2,11,7,4,424,216,208,63,47,16,45,28,17,21,14,7,2846,1532,1314
304,District-Morigaon,Rural,10,4336,2502,1834,42,38,4,32,20,12,16,8,8,668,363,305,141,116,25,115,83,32,41,25,16,3281,1849,1432
304,District-Morigaon,Rural,11,3480,2003,1477,132,112,20,83,59,24,21,16,5,749,416,333,137,120,17,123,75,48,52,37,15,2183,1168,1015
304,District-Morigaon,Rural,12,4925,2985,1940,262,240,22,187,127,60,60,45,15,1392,741,651,372,320,52,220,159,61,82,59,23,2350,1294,1056
304,District-Morigaon,Rural,13,4787,2917,1870,381,332,49,300,213,87,79,55,24,1506,799,707,350,297,53,257,167,90,87,61,26,1827,993,834
304,District-Morigaon,Rural,14,5862,3620,2242,725,636,89,495,343,152,153,103,50,1915,949,966,540,491,49,323,234,89,95,64,31,1616,800,816
304,District-Morigaon,Rural,15,7699,4819,2880,1314,1176,138,881,621,260,155,104,51,2256,996,1260,946,857,89,438,289,149,108,75,33,1601,701,900
304,District-Morigaon,Rural,16,8465,5302,3163,1696,1523,173,984,663,321,247,153,94,2603,1096,1507,1014,907,107,461,330,131,99,58,41,1361,572,789
304,District-Morigaon,Rural,17,7655,4573,3082,1653,1472,181,1025,681,344,206,132,74,2480,917,1563,849,747,102,414,273,141,68,42,26,960,309,651
304,District-Morigaon,Rural,18,12994,6883,6111,2854,2468,386,1740,1033,707,305,172,133,4258,1133,3125,1430,1247,183,646,377,269,85,56,29,1676,397,1279
304,District-Morigaon,Rural,19,10832,5112,5720,2348,1944,404,1377,685,692,257,149,108,3817,866,2951,1051,883,168,491,252,239,73,31,42,1418,302,1116
304,District-Morigaon,Urban,5-19,5573,2995,2578,652,603,49,185,127,58,35,22,13,1685,670,1015,223,182,41,65,44,21,8,6,2,2720,1341,1379
304,District-Morigaon,Urban,5,972,515,457,1,0,1,0,0,0,0,0,0,12,4,8,9,5,4,4,4,0,0,0,0,946,502,444
304,District-Morigaon,Urban,6,640,317,323,3,1,2,0,0,0,0,0,0,15,5,10,2,1,1,1,1,0,1,1,0,618,308,310
304,District-Morigaon,Urban,7,230,124,106,0,0,0,0,0,0,0,0,0,16,11,5,2,1,1,0,0,0,0,0,0,212,112,100
304,District-Morigaon,Urban,8,152,82,70,2,1,1,0,0,0,0,0,0,16,8,8,0,0,0,1,1,0,0,0,0,133,72,61
304,District-Morigaon,Urban,9,111,66,45,3,2,1,1,1,0,0,0,0,22,15,7,2,1,1,0,0,0,0,0,0,83,47,36
304,District-Morigaon,Urban,10,151,83,68,3,1,2,1,1,0,0,0,0,32,19,13,8,6,2,1,1,0,0,0,0,106,55,51
304,District-Morigaon,Urban,11,116,67,49,6,5,1,1,0,1,1,1,0,24,12,12,8,5,3,0,0,0,0,0,0,76,44,32
304,District-Morigaon,Urban,12,190,113,77,16,14,2,4,2,2,0,0,0,67,39,28,9,6,3,4,1,3,1,1,0,89,50,39
304,District-Morigaon,Urban,13,167,99,68,26,24,2,7,4,3,3,2,1,72,40,32,4,3,1,4,2,2,0,0,0,51,24,27
304,District-Morigaon,Urban,14,271,168,103,46,43,3,13,8,5,3,2,1,125,65,60,14,13,1,6,5,1,2,2,0,62,30,32
304,District-Morigaon,Urban,15,354,202,152,54,50,4,19,14,5,5,3,2,157,68,89,38,34,4,10,8,2,1,0,1,70,25,45
304,District-Morigaon,Urban,16,381,206,175,65,59,6,28,17,11,5,3,2,184,86,98,25,19,6,8,5,3,1,0,1,65,17,48
304,District-Morigaon,Urban,17,411,217,194,92,84,8,21,15,6,4,3,1,217,80,137,18,13,5,5,3,2,1,1,0,53,18,35
304,District-Morigaon,Urban,18,773,401,372,184,175,9,46,36,10,8,2,6,380,107,273,54,49,5,8,7,1,1,1,0,92,24,68
304,District-Morigaon,Urban,19,654,335,319,151,144,7,44,29,15,6,6,0,346,111,235,30,26,4,13,6,7,0,0,0,64,13,51
305,District-Nagaon,Total,5-19,334903,181440,153463,35037,31579,3458,21423,15709,5714,5026,3296,1730,82180,30068,52112,14170,12074,2096,9347,6438,2909,2206,1385,821,165514,80891,84623
305,District-Nagaon,Total,5,53215,27072,26143,31,23,8,9,7,2,0,0,0,553,276,277,137,85,52,162,83,79,33,18,15,52290,26580,25710
305,District-Nagaon,Total,6,37066,19094,17972,26,15,11,11,6,5,4,3,1,726,361,365,122,80,42,115,57,58,29,19,10,36033,18553,17480
305,District-Nagaon,Total,7,16608,8452,8156,40,28,12,19,9,10,6,3,3,1085,554,531,78,51,27,80,52,28,28,12,16,15272,7743,7529
305,District-Nagaon,Total,8,11388,5908,5480,56,37,19,39,20,19,12,5,7,1240,635,605,78,55,23,92,49,43,48,26,22,9823,5081,4742
305,District-Nagaon,Total,9,7814,4060,3754,61,42,19,46,30,16,9,7,2,1245,625,620,85,59,26,96,54,42,49,34,15,6223,3209,3014
305,District-Nagaon,Total,10,10356,5673,4683,89,70,19,107,76,31,20,14,6,2018,1118,900,200,154,46,220,141,79,67,41,26,7635,4059,3576
305,District-Nagaon,Total,11,8265,4654,3611,295,249,46,193,135,58,72,51,21,2322,1245,1077,249,210,39,231,158,73,101,64,37,4802,2542,2260
305,District-Nagaon,Total,12,12603,7296,5307,739,647,92,560,418,142,160,107,53,4327,2272,2055,553,466,87,488,352,136,154,99,55,5622,2935,2687
305,District-Nagaon,Total,13,12597,7377,5220,1088,975,113,815,622,193,238,164,74,4783,2429,2354,623,533,90,575,416,159,159,107,52,4316,2131,2185
305,District-Nagaon,Total,14,16777,10032,6745,2069,1874,195,1545,1208,337,452,325,127,6588,3152,3436,996,845,151,791,575,216,212,139,73,4124,1914,2210
305,District-Nagaon,Total,15,22739,13798,8941,3859,3491,368,2441,1879,562,608,440,168,8317,3496,4821,1785,1565,220,1205,904,301,269,189,80,4255,1834,2421
305,District-Nagaon,Total,16,25161,15270,9891,5009,4587,422,3139,2438,701,741,507,234,9312,3555,5757,2022,1764,258,1180,860,320,271,189,82,3487,1370,2117
305,District-Nagaon,Total,17,24408,14330,10078,5353,4920,433,3229,2440,789,721,458,263,9226,3112,6114,1745,1536,209,1060,752,308,220,137,83,2854,975,1879
305,District-Nagaon,Total,18,41492,22077,19415,9011,8128,883,5160,3716,1444,1102,692,410,16107,4184,11923,3228,2751,477,1757,1194,563,341,192,149,4786,1220,3566
305,District-Nagaon,Total,19,34414,16347,18067,7311,6493,818,4110,2705,1405,881,520,361,14331,3054,11277,2269,1920,349,1295,791,504,225,119,106,3992,745,3247
305,District-Nagaon,Rural,5-19,309951,168037,141914,31428,28289,3139,20533,15030,5503,4827,3142,1685,73319,26689,46630,13423,11497,1926,9083,6265,2818,2146,1348,798,155192,75777,79415
305,District-Nagaon,Rural,5,49112,24955,24157,28,20,8,9,7,2,0,0,0,519,263,256,119,74,45,148,74,74,31,17,14,48258,24500,23758
305,District-Nagaon,Rural,6,34386,17690,16696,21,10,11,10,6,4,4,3,1,672,332,340,102,68,34,105,52,53,26,19,7,33446,17200,16246
305,District-Nagaon,Rural,7,15761,8030,7731,36,24,12,16,8,8,6,3,3,995,501,494,72,48,24,71,48,23,27,11,16,14538,7387,7151
305,District-Nagaon,Rural,8,10878,5657,5221,48,31,17,34,18,16,12,5,7,1136,588,548,76,53,23,85,46,39,48,26,22,9439,4890,4549
305,District-Nagaon,Rural,9,7451,3870,3581,54,39,15,44,29,15,9,7,2,1160,583,577,81,56,25,93,53,40,48,34,14,5962,3069,2893
305,District-Nagaon,Rural,10,9801,5365,4436,82,64,18,102,72,30,19,13,6,1849,1028,821,188,145,43,209,136,73,63,40,23,7289,3867,3422
305,District-Nagaon,Rural,11,7831,4412,3419,272,230,42,183,126,57,70,49,21,2145,1162,983,235,199,36,222,151,71,98,63,35,4606,2432,2174
305,District-Nagaon,Rural,12,11844,6851,4993,646,568,78,530,398,132,156,105,51,3981,2091,1890,523,444,79,474,341,133,151,97,54,5383,2807,2576
305,District-Nagaon,Rural,13,11822,6934,4888,982,883,99,791,603,188,230,158,72,4380,2229,2151,588,508,80,560,404,156,159,107,52,4132,2042,2090
305,District-Nagaon,Rural,14,15625,9343,6282,1863,1689,174,1492,1170,322,434,309,125,6006,2864,3142,937,806,131,772,559,213,206,134,72,3915,1812,2103
305,District-Nagaon,Rural,15,21144,12868,8276,3541,3202,339,2359,1823,536,594,429,165,7478,3111,4367,1707,1507,200,1180,884,296,262,183,79,4023,1729,2294
305,District-Nagaon,Rural,16,23180,14099,9081,4550,4160,390,3019,2341,678,713,487,226,8269,3105,5164,1924,1687,237,1155,847,308,265,184,81,3285,1288,1997
305,District-Nagaon,Rural,17,22211,13076,9135,4780,4385,395,3084,2318,766,685,431,254,8107,2697,5410,1655,1465,190,1035,735,300,211,131,80,2654,914,1740
305,District-Nagaon,Rural,18,37831,20147,17684,8055,7254,801,4947,3552,1395,1056,654,402,14150,3579,10571,3063,2614,449,1710,1161,549,335,189,146,4515,1144,3371
305,District-Nagaon,Rural,19,31074,14740,16334,6470,5730,740,3913,2559,1354,839,489,350,12472,2556,9916,2153,1823,330,1264,774,490,216,113,103,3747,696,3051
305,District-Nagaon,Urban,5-19,24952,13403,11549,3609,3290,319,890,679,211,199,154,45,8861,3379,5482,747,577,170,264,173,91,60,37,23,10322,5114,5208
305,District-Nagaon,Urban,5,4103,2117,1986,3,3,0,0,0,0,0,0,0,34,13,21,18,11,7,14,9,5,2,1,1,4032,2080,1952
305,District-Nagaon,Urban,6,2680,1404,1276,5,5,0,1,0,1,0,0,0,54,29,25,20,12,8,10,5,5,3,0,3,2587,1353,1234
305,District-Nagaon,Urban,7,847,422,425,4,4,0,3,1,2,0,0,0,90,53,37,6,3,3,9,4,5,1,1,0,734,356,378
305,District-Nagaon,Urban,8,510,251,259,8,6,2,5,2,3,0,0,0,104,47,57,2,2,0,7,3,4,0,0,0,384,191,193
305,District-Nagaon,Urban,9,363,190,173,7,3,4,2,1,1,0,0,0,85,42,43,4,3,1,3,1,2,1,0,1,261,140,121
305,District-Nagaon,Urban,10,555,308,247,7,6,1,5,4,1,1,1,0,169,90,79,12,9,3,11,5,6,4,1,3,346,192,154
305,District-Nagaon,Urban,11,434,242,192,23,19,4,10,9,1,2,2,0,177,83,94,14,11,3,9,7,2,3,1,2,196,110,86
305,District-Nagaon,Urban,12,759,445,314,93,79,14,30,20,10,4,2,2,346,181,165,30,22,8,14,11,3,3,2,1,239,128,111
305,District-Nagaon,Urban,13,775,443,332,106,92,14,24,19,5,8,6,2,403,200,203,35,25,10,15,12,3,0,0,0,184,89,95
305,District-Nagaon,Urban,14,1152,689,463,206,185,21,53,38,15,18,16,2,582,288,294,59,39,20,19,16,3,6,5,1,209,102,107
305,District-Nagaon,Urban,15,1595,930,665,318,289,29,82,56,26,14,11,3,839,385,454,78,58,20,25,20,5,7,6,1,232,105,127
305,District-Nagaon,Urban,16,1981,1171,810,459,427,32,120,97,23,28,20,8,1043,450,593,98,77,21,25,13,12,6,5,1,202,82,120
305,District-Nagaon,Urban,17,2197,1254,943,573,535,38,145,122,23,36,27,9,1119,415,704,90,71,19,25,17,8,9,6,3,200,61,139
305,District-Nagaon,Urban,18,3661,1930,1731,956,874,82,213,164,49,46,38,8,1957,605,1352,165,137,28,47,33,14,6,3,3,271,76,195
305,District-Nagaon,Urban,19,3340,1607,1733,841,763,78,197,146,51,42,31,11,1859,498,1361,116,97,19,31,17,14,9,6,3,245,49,196
306,District-Sonitpur,Total,5-19,227368,113835,113533,16816,13512,3304,12676,7813,4863,3587,2062,1525,50433,21174,29259,11131,6893,4238,9637,4474,5163,2842,1330,1512,120246,56577,63669
306,District-Sonitpur,Total,5,31769,16281,15488,12,8,4,11,5,6,1,0,1,382,199,183,160,89,71,133,69,64,41,22,19,31029,15889,15140
306,District-Sonitpur,Total,6,23150,11577,11573,11,6,5,14,8,6,5,2,3,440,229,211,140,83,57,126,64,62,46,26,20,22368,11159,11209
306,District-Sonitpur,Total,7,11986,5914,6072,51,33,18,19,10,9,7,4,3,895,453,442,105,64,41,95,47,48,42,23,19,10772,5280,5492
306,District-Sonitpur,Total,8,9286,4593,4693,47,31,16,26,11,15,5,2,3,970,486,484,84,41,43,109,52,57,52,25,27,7993,3945,4048
306,District-Sonitpur,Total,9,7256,3588,3668,39,22,17,28,17,11,15,8,7,1081,541,540,95,60,35,142,67,75,61,30,31,5795,2843,2952
306,District-Sonitpur,Total,10,9377,4676,4701,88,55,33,66,34,32,23,10,13,1608,835,773,162,103,59,227,120,107,113,57,56,7090,3462,3628
306,District-Sonitpur,Total,11,7044,3439,3605,154,100,54,140,88,52,45,22,23,1757,873,884,186,102,84,217,106,111,87,40,47,4458,2108,2350
306,District-Sonitpur,Total,12,10358,5252,5106,432,330,102,265,167,98,132,67,65,3003,1528,1475,416,260,156,445,217,228,185,103,82,5480,2580,2900
306,District-Sonitpur,Total,13,9258,4573,4685,483,372,111,397,236,161,141,79,62,3113,1516,1597,448,278,170,432,217,215,177,92,85,4067,1783,2284
306,District-Sonitpur,Total,14,11524,5828,5696,893,705,188,778,474,304,256,143,113,4010,1891,2119,707,480,227,709,346,363,249,120,129,3922,1669,2253
306,District-Sonitpur,Total,15,15518,8152,7366,1622,1290,332,1337,870,467,445,281,164,5190,2442,2748,1263,799,464,1121,539,582,347,164,183,4193,1767,2426
306,District-Sonitpur,Total,16,16732,8783,7949,2207,1809,398,1751,1134,617,545,326,219,5741,2501,3240,1405,915,490,1226,581,645,385,170,215,3472,1347,2125
306,District-Sonitpur,Total,17,16036,8454,7582,2505,2044,461,1960,1275,685,503,307,196,5525,2227,3298,1406,918,488,1205,590,615,279,120,159,2653,973,1680
306,District-Sonitpur,Total,18,26594,13100,13494,4553,3696,857,3271,1990,1281,851,506,345,9007,3127,5880,2619,1612,1007,1911,859,1052,486,225,261,3896,1085,2811
306,District-Sonitpur,Total,19,21480,9625,11855,3719,3011,708,2613,1494,1119,613,305,308,7711,2326,5385,1935,1089,846,1539,600,939,292,113,179,3058,687,2371
306,District-Sonitpur,Rural,5-19,218169,109229,108940,15450,12335,3115,12428,7649,4779,3542,2025,1517,47332,20066,27266,10834,6726,4108,9558,4436,5122,2828,1322,1506,116197,54670,61527
306,District-Sonitpur,Rural,5,30187,15479,14708,12,8,4,11,5,6,1,0,1,369,193,176,159,88,71,127,65,62,41,22,19,29467,15098,14369
306,District-Sonitpur,Rural,6,22092,11029,11063,11,6,5,14,8,6,5,2,3,412,213,199,137,80,57,122,61,61,46,26,20,21345,10633,10712
306,District-Sonitpur,Rural,7,11660,5751,5909,47,30,17,19,10,9,7,4,3,859,435,424,105,64,41,94,47,47,42,23,19,10487,5138,5349
306,District-Sonitpur,Rural,8,9111,4512,4599,45,30,15,23,10,13,5,2,3,927,467,460,84,41,43,109,52,57,52,25,27,7866,3885,3981
306,District-Sonitpur,Rural,9,7117,3514,3603,35,19,16,28,17,11,14,7,7,1045,526,519,93,58,35,140,66,74,61,30,31,5701,2791,2910
306,District-Sonitpur,Rural,10,9177,4585,4592,84,53,31,65,34,31,22,10,12,1564,816,748,157,102,55,225,118,107,113,57,56,6947,3395,3552
306,District-Sonitpur,Rural,11,6855,3348,3507,142,97,45,137,87,50,44,21,23,1667,827,840,177,98,79,215,106,109,86,39,47,4387,2073,2314
306,District-Sonitpur,Rural,12,10057,5113,4944,395,303,92,261,164,97,129,65,64,2884,1473,1411,395,251,144,437,215,222,185,103,82,5371,2539,2832
306,District-Sonitpur,Rural,13,8937,4416,4521,435,338,97,393,235,158,136,75,61,2963,1453,1510,432,268,164,427,214,213,176,92,84,3975,1741,2234
306,District-Sonitpur,Rural,14,11102,5616,5486,804,637,167,761,464,297,255,142,113,3818,1805,2013,681,464,217,698,342,356,248,119,129,3837,1643,2194
306,District-Sonitpur,Rural,15,14937,7836,7101,1495,1194,301,1312,853,459,443,279,164,4905,2309,2596,1217,778,439,1112,532,580,345,163,182,4108,1728,2380
306,District-Sonitpur,Rural,16,16039,8441,7598,2037,1664,373,1714,1109,605,537,318,219,5400,2388,3012,1372,896,476,1218,578,640,384,170,214,3377,1318,2059
306,District-Sonitpur,Rural,17,15284,8082,7202,2312,1869,443,1924,1254,670,495,301,194,5124,2095,3029,1370,899,471,1201,588,613,277,118,159,2581,958,1623
306,District-Sonitpur,Rural,18,25340,12458,12882,4193,3369,824,3222,1953,1269,841,498,343,8346,2925,5421,2562,1573,989,1903,855,1048,482,223,259,3791,1062,2729
306,District-Sonitpur,Rural,19,20274,9049,11225,3403,2718,685,2544,1446,1098,608,301,307,7049,2141,4908,1893,1066,827,1530,597,933,290,112,178,2957,668,2289
306,District-Sonitpur,Urban,5-19,9199,4606,4593,1366,1177,189,248,164,84,45,37,8,3101,1108,1993,297,167,130,79,38,41,14,8,6,4049,1907,2142
306,District-Sonitpur,Urban,5,1582,802,780,0,0,0,0,0,0,0,0,0,13,6,7,1,1,0,6,4,2,0,0,0,1562,791,771
306,District-Sonitpur,Urban,6,1058,548,510,0,0,0,0,0,0,0,0,0,28,16,12,3,3,0,4,3,1,0,0,0,1023,526,497
306,District-Sonitpur,Urban,7,326,163,163,4,3,1,0,0,0,0,0,0,36,18,18,0,0,0,1,0,1,0,0,0,285,142,143
306,District-Sonitpur,Urban,8,175,81,94,2,1,1,3,1,2,0,0,0,43,19,24,0,0,0,0,0,0,0,0,0,127,60,67
306,District-Sonitpur,Urban,9,139,74,65,4,3,1,0,0,0,1,1,0,36,15,21,2,2,0,2,1,1,0,0,0,94,52,42
306,District-Sonitpur,Urban,10,200,91,109,4,2,2,1,0,1,1,0,1,44,19,25,5,1,4,2,2,0,0,0,0,143,67,76
306,District-Sonitpur,Urban,11,189,91,98,12,3,9,3,1,2,1,1,0,90,46,44,9,4,5,2,0,2,1,1,0,71,35,36
306,District-Sonitpur,Urban,12,301,139,162,37,27,10,4,3,1,3,2,1,119,55,64,21,9,12,8,2,6,0,0,0,109,41,68
306,District-Sonitpur,Urban,13,321,157,164,48,34,14,4,1,3,5,4,1,150,63,87,16,10,6,5,3,2,1,0,1,92,42,50
306,District-Sonitpur,Urban,14,422,212,210,89,68,21,17,10,7,1,1,0,192,86,106,26,16,10,11,4,7,1,1,0,85,26,59
306,District-Sonitpur,Urban,15,581,316,265,127,96,31,25,17,8,2,2,0,285,133,152,46,21,25,9,7,2,2,1,1,85,39,46
306,District-Sonitpur,Urban,16,693,342,351,170,145,25,37,25,12,8,8,0,341,113,228,33,19,14,8,3,5,1,0,1,95,29,66
306,District-Sonitpur,Urban,17,752,372,380,193,175,18,36,21,15,8,6,2,401,132,269,36,19,17,4,2,2,2,2,0,72,15,57
306,District-Sonitpur,Urban,18,1254,642,612,360,327,33,49,37,12,10,8,2,661,202,459,57,39,18,8,4,4,4,2,2,105,23,82
306,District-Sonitpur,Urban,19,1206,576,630,316,293,23,69,48,21,5,4,1,662,185,477,42,23,19,9,3,6,2,1,1,101,19,82
307,District-Lakhimpur,Total,5-19,92631,46649,45982,8637,7024,1613,7783,4477,3306,1987,1012,975,18841,7237,11604,3659,2214,1445,3417,1569,1848,874,347,527,47433,22769,24664
307,District-Lakhimpur,Total,5,17499,8901,8598,4,3,1,0,0,0,1,1,0,105,60,45,47,27,20,70,31,39,15,5,10,17257,8774,8483
307,District-Lakhimpur,Total,6,12232,6283,5949,7,4,3,6,4,2,0,0,0,146,75,71,39,19,20,48,26,22,23,12,11,11963,6143,5820
307,District-Lakhimpur,Total,7,4419,2203,2216,6,4,2,7,4,3,2,0,2,265,130,135,26,12,14,31,16,15,22,12,10,4060,2025,2035
307,District-Lakhimpur,Total,8,2768,1318,1450,12,7,5,15,10,5,4,2,2,286,143,143,20,10,10,37,12,25,27,16,11,2367,1118,1249
307,District-Lakhimpur,Total,9,1848,899,949,12,10,2,14,9,5,6,4,2,255,134,121,27,18,9,41,18,23,25,10,15,1468,696,772
307,District-Lakhimpur,Total,10,2479,1224,1255,24,19,5,31,18,13,10,5,5,412,224,188,39,23,16,93,48,45,27,8,19,1843,879,964
307,District-Lakhimpur,Total,11,1909,938,971,76,63,13,78,44,34,19,4,15,453,230,223,64,32,32,95,46,49,25,7,18,1099,512,587
307,District-Lakhimpur,Total,12,2815,1418,1397,181,135,46,156,99,57,52,32,20,861,437,424,124,75,49,168,85,83,59,25,34,1214,530,684
307,District-Lakhimpur,Total,13,2836,1443,1393,271,222,49,244,141,103,61,31,30,960,464,496,139,75,64,186,91,95,56,18,38,919,401,518
307,District-Lakhimpur,Total,14,3973,2115,1858,480,403,77,455,291,164,142,75,67,1335,647,688,248,146,102,301,143,158,78,35,43,934,375,559
307,District-Lakhimpur,Total,15,5398,3058,2340,835,708,127,763,512,251,201,110,91,1757,827,930,435,294,141,381,206,175,93,37,56,933,364,569
307,District-Lakhimpur,Total,16,6475,3573,2902,1188,984,204,1048,681,367,283,167,116,2102,880,1222,485,297,188,429,199,230,103,54,49,837,311,526
307,District-Lakhimpur,Total,17,6629,3555,3074,1303,1090,213,1193,718,475,300,155,145,2272,862,1410,455,286,169,401,208,193,83,28,55,622,208,414
307,District-Lakhimpur,Total,18,11408,5438,5970,2252,1794,458,1976,1092,884,490,246,244,3944,1215,2729,900,539,361,653,253,400,132,50,82,1061,249,812
307,District-Lakhimpur,Total,19,9943,4283,5660,1986,1578,408,1797,854,943,416,180,236,3688,909,2779,611,361,250,483,187,296,106,30,76,856,184,672
307,District-Lakhimpur,Rural,5-19,86905,43688,43217,7928,6388,1540,7616,4370,3246,1941,982,959,17184,6611,10573,3437,2034,1403,3364,1533,1831,858,341,517,44577,21429,23148
307,District-Lakhimpur,Rural,5,16371,8325,8046,4,3,1,0,0,0,1,1,0,98,57,41,43,25,18,69,31,38,14,5,9,16142,8203,7939
307,District-Lakhimpur,Rural,6,11535,5920,5615,7,4,3,6,4,2,0,0,0,135,70,65,38,18,20,48,26,22,23,12,11,11278,5786,5492
307,District-Lakhimpur,Rural,7,4219,2100,2119,6,4,2,6,3,3,2,0,2,247,121,126,26,12,14,31,16,15,22,12,10,3879,1932,1947
307,District-Lakhimpur,Rural,8,2673,1279,1394,12,7,5,15,10,5,4,2,2,272,135,137,19,10,9,36,11,25,26,16,10,2289,1088,1201
307,District-Lakhimpur,Rural,9,1759,861,898,12,10,2,14,9,5,6,4,2,238,129,109,25,16,9,41,18,23,25,10,15,1398,665,733
307,District-Lakhimpur,Rural,10,2335,1154,1181,23,19,4,30,18,12,9,4,5,379,201,178,36,21,15,93,48,45,27,8,19,1738,835,903
307,District-Lakhimpur,Rural,11,1796,875,921,72,59,13,75,42,33,19,4,15,420,215,205,58,27,31,94,45,49,25,7,18,1033,476,557
307,District-Lakhimpur,Rural,12,2633,1328,1305,167,125,42,152,96,56,50,30,20,781,398,383,114,68,46,164,83,81,56,25,31,1149,503,646
307,District-Lakhimpur,Rural,13,2664,1347,1317,251,205,46,237,135,102,59,30,29,886,424,462,129,69,60,184,91,93,54,17,37,864,376,488
307,District-Lakhimpur,Rural,14,3734,1973,1761,443,368,75,444,284,160,137,71,66,1232,590,642,233,136,97,300,143,157,76,33,43,869,348,521
307,District-Lakhimpur,Rural,15,5070,2868,2202,785,662,123,745,497,248,194,104,90,1622,765,857,400,265,135,374,200,174,91,36,55,859,339,520
307,District-Lakhimpur,Rural,16,6082,3355,2727,1091,895,196,1036,673,363,280,166,114,1914,805,1109,458,272,186,422,196,226,103,54,49,778,294,484
307,District-Lakhimpur,Rural,17,6204,3317,2887,1206,1005,201,1169,700,469,297,154,143,2073,777,1296,428,263,165,389,200,189,82,28,54,560,190,370
307,District-Lakhimpur,Rural,18,10586,5017,5569,2049,1610,439,1930,1066,864,478,240,238,3550,1091,2459,846,491,355,638,240,398,129,48,81,966,231,735
307,District-Lakhimpur,Rural,19,9244,3969,5275,1800,1412,388,1757,833,924,405,172,233,3337,833,2504,584,341,243,481,185,296,105,30,75,775,163,612
307,District-Lakhimpur,Urban,5-19,5726,2961,2765,709,636,73,167,107,60,46,30,16,1657,626,1031,222,180,42,53,36,17,16,6,10,2856,1340,1516
307,District-Lakhimpur,Urban,5,1128,576,552,0,0,0,0,0,0,0,0,0,7,3,4,4,2,2,1,0,1,1,0,1,1115,571,544
307,District-Lakhimpur,Urban,6,697,363,334,0,0,0,0,0,0,0,0,0,11,5,6,1,1,0,0,0,0,0,0,0,685,357,328
307,District-Lakhimpur,Urban,7,200,103,97,0,0,0,1,1,0,0,0,0,18,9,9,0,0,0,0,0,0,0,0,0,181,93,88
307,District-Lakhimpur,Urban,8,95,39,56,0,0,0,0,0,0,0,0,0,14,8,6,1,0,1,1,1,0,1,0,1,78,30,48
307,District-Lakhimpur,Urban,9,89,38,51,0,0,0,0,0,0,0,0,0,17,5,12,2,2,0,0,0,0,0,0,0,70,31,39
307,District-Lakhimpur,Urban,10,144,70,74,1,0,1,1,0,1,1,1,0,33,23,10,3,2,1,0,0,0,0,0,0,105,44,61
307,District-Lakhimpur,Urban,11,113,63,50,4,4,0,3,2,1,0,0,0,33,15,18,6,5,1,1,1,0,0,0,0,66,36,30
307,District-Lakhimpur,Urban,12,182,90,92,14,10,4,4,3,1,2,2,0,80,39,41,10,7,3,4,2,2,3,0,3,65,27,38
307,District-Lakhimpur,Urban,13,172,96,76,20,17,3,7,6,1,2,1,1,74,40,34,10,6,4,2,0,2,2,1,1,55,25,30
307,District-Lakhimpur,Urban,14,239,142,97,37,35,2,11,7,4,5,4,1,103,57,46,15,10,5,1,0,1,2,2,0,65,27,38
307,District-Lakhimpur,Urban,15,328,190,138,50,46,4,18,15,3,7,6,1,135,62,73,35,29,6,7,6,1,2,1,1,74,25,49
307,District-Lakhimpur,Urban,16,393,218,175,97,89,8,12,8,4,3,1,2,188,75,113,27,25,2,7,3,4,0,0,0,59,17,42
307,District-Lakhimpur,Urban,17,425,238,187,97,85,12,24,18,6,3,1,2,199,85,114,27,23,4,12,8,4,1,0,1,62,18,44
307,District-Lakhimpur,Urban,18,822,421,401,203,184,19,46,26,20,12,6,6,394,124,270,54,48,6,15,13,2,3,2,1,95,18,77
307,District-Lakhimpur,Urban,19,699,314,385,186,166,20,40,21,19,11,8,3,351,76,275,27,20,7,2,2,0,1,0,1,81,21,60
308,District-Dhemaji,Total,5-19,61403,30569,30834,4497,3114,1383,4725,2235,2490,1251,570,681,8877,4091,4786,2647,1486,1161,3044,1299,1745,834,349,485,35528,17425,18103
308,District-Dhemaji,Total,5,12324,6414,5910,4,3,1,2,0,2,0,0,0,74,40,34,54,28,26,75,44,31,28,10,18,12087,6289,5798
308,District-Dhemaji,Total,6,8623,4296,4327,9,3,6,5,3,2,2,2,0,95,55,40,68,40,28,86,40,46,31,18,13,8327,4135,4192
308,District-Dhemaji,Total,7,3766,1935,1831,9,7,2,3,0,3,5,4,1,199,102,97,38,16,22,58,32,26,21,14,7,3433,1760,1673
308,District-Dhemaji,Total,8,2410,1176,1234,14,5,9,13,7,6,4,2,2,197,99,98,29,13,16,53,20,33,13,4,9,2087,1026,1061
308,District-Dhemaji,Total,9,1656,807,849,11,6,5,9,5,4,6,5,1,212,107,105,16,10,6,47,24,23,24,11,13,1331,639,692
308,District-Dhemaji,Total,10,1884,953,931,15,12,3,22,8,14,12,7,5,258,135,123,40,19,21,60,30,30,21,10,11,1456,732,724
308,District-Dhemaji,Total,11,1533,745,788,38,26,12,46,17,29,15,5,10,274,133,141,51,28,23,88,37,51,38,18,20,983,481,502
308,District-Dhemaji,Total,12,1864,915,949,107,79,28,105,64,41,27,12,15,379,201,178,91,41,50,133,55,78,67,30,37,955,433,522
308,District-Dhemaji,Total,13,1791,823,968,113,78,35,105,49,56,41,18,23,444,224,220,97,50,47,148,54,94,62,19,43,781,331,450
308,District-Dhemaji,Total,14,2393,1195,1198,202,146,56,238,128,110,86,38,48,620,325,295,181,106,75,207,94,113,73,26,47,786,332,454
308,District-Dhemaji,Total,15,3087,1576,1511,356,271,85,369,186,183,143,67,76,793,380,413,262,151,111,309,135,174,85,38,47,770,348,422
308,District-Dhemaji,Total,16,3690,1988,1702,468,367,101,581,316,265,177,86,91,984,517,467,336,213,123,353,152,201,89,39,50,702,298,404
308,District-Dhemaji,Total,17,3831,1992,1839,671,479,192,699,352,347,152,69,83,1043,498,545,332,205,127,358,164,194,76,28,48,500,197,303
308,District-Dhemaji,Total,18,6322,3087,3235,1221,829,392,1233,563,670,299,149,150,1656,707,949,530,304,226,535,225,310,119,48,71,729,262,467
308,District-Dhemaji,Total,19,6229,2667,3562,1259,803,456,1295,537,758,282,106,176,1649,568,1081,522,262,260,534,193,341,87,36,51,601,162,439
308,District-Dhemaji,Rural,5-19,57918,28730,29188,4200,2842,1358,4640,2175,2465,1238,560,678,7944,3689,4255,2565,1420,1145,3019,1287,1732,823,344,479,33489,16413,17076
308,District-Dhemaji,Rural,5,11597,6026,5571,4,3,1,2,0,2,0,0,0,71,38,33,52,26,26,73,42,31,28,10,18,11367,5907,5460
308,District-Dhemaji,Rural,6,8116,4037,4079,9,3,6,5,3,2,2,2,0,91,54,37,65,37,28,85,39,46,29,16,13,7830,3883,3947
308,District-Dhemaji,Rural,7,3575,1836,1739,9,7,2,3,0,3,5,4,1,187,96,91,36,16,20,58,32,26,20,14,6,3257,1667,1590
308,District-Dhemaji,Rural,8,2297,1113,1184,12,4,8,13,7,6,4,2,2,186,92,94,28,12,16,51,18,33,13,4,9,1990,974,1016
308,District-Dhemaji,Rural,9,1586,773,813,10,5,5,9,5,4,6,5,1,193,98,95,15,10,5,46,23,23,24,11,13,1283,616,667
308,District-Dhemaji,Rural,10,1779,899,880,14,11,3,22,8,14,12,7,5,234,123,111,39,18,21,60,30,30,21,10,11,1377,692,685
308,District-Dhemaji,Rural,11,1465,709,756,38,26,12,45,16,29,15,5,10,254,123,131,51,28,23,87,37,50,38,18,20,937,456,481
308,District-Dhemaji,Rural,12,1761,863,898,102,75,27,101,60,41,27,12,15,347,185,162,87,39,48,132,55,77,66,30,36,899,407,492
308,District-Dhemaji,Rural,13,1702,786,916,104,73,31,105,49,56,41,18,23,407,209,198,94,47,47,147,54,93,62,19,43,742,317,425
308,District-Dhemaji,Rural,14,2244,1120,1124,190,137,53,232,123,109,84,37,47,554,287,267,175,104,71,205,94,111,71,26,45,733,312,421
308,District-Dhemaji,Rural,15,2911,1478,1433,328,245,83,356,178,178,139,64,75,723,351,372,256,145,111,307,134,173,85,38,47,717,323,394
308,District-Dhemaji,Rural,16,3503,1877,1626,440,340,100,576,312,264,177,86,91,891,468,423,321,200,121,349,151,198,88,38,50,661,282,379
308,District-Dhemaji,Rural,17,3602,1858,1744,621,434,187,684,341,343,152,69,83,927,441,486,326,200,126,357,164,193,75,28,47,460,181,279
308,District-Dhemaji,Rural,18,5947,2871,3076,1140,753,387,1214,548,666,295,146,149,1458,624,834,509,285,224,533,224,309,119,48,71,679,243,436
308,District-Dhemaji,Rural,19,5833,2484,3349,1179,726,453,1273,525,748,279,103,176,1421,500,921,511,253,258,529,190,339,84,34,50,557,153,404
308,District-Dhemaji,Urban,5-19,3485,1839,1646,297,272,25,85,60,25,13,10,3,933,402,531,82,66,16,25,12,13,11,5,6,2039,1012,1027
308,District-Dhemaji,Urban,5,727,388,339,0,0,0,0,0,0,0,0,0,3,2,1,2,2,0,2,2,0,0,0,0,720,382,338
308,District-Dhemaji,Urban,6,507,259,248,0,0,0,0,0,0,0,0,0,4,1,3,3,3,0,1,1,0,2,2,0,497,252,245
308,District-Dhemaji,Urban,7,191,99,92,0,0,0,0,0,0,0,0,0,12,6,6,2,0,2,0,0,0,1,0,1,176,93,83
308,District-Dhemaji,Urban,8,113,63,50,2,1,1,0,0,0,0,0,0,11,7,4,1,1,0,2,2,0,0,0,0,97,52,45
308,District-Dhemaji,Urban,9,70,34,36,1,1,0,0,0,0,0,0,0,19,9,10,1,0,1,1,1,0,0,0,0,48,23,25
308,District-Dhemaji,Urban,10,105,54,51,1,1,0,0,0,0,0,0,0,24,12,12,1,1,0,0,0,0,0,0,0,79,40,39
308,District-Dhemaji,Urban,11,68,36,32,0,0,0,1,1,0,0,0,0,20,10,10,0,0,0,1,0,1,0,0,0,46,25,21
308,District-Dhemaji,Urban,12,103,52,51,5,4,1,4,4,0,0,0,0,32,16,16,4,2,2,1,0,1,1,0,1,56,26,30
308,District-Dhemaji,Urban,13,89,37,52,9,5,4,0,0,0,0,0,0,37,15,22,3,3,0,1,0,1,0,0,0,39,14,25
308,District-Dhemaji,Urban,14,149,75,74,12,9,3,6,5,1,2,1,1,66,38,28,6,2,4,2,0,2,2,0,2,53,20,33
308,District-Dhemaji,Urban,15,176,98,78,28,26,2,13,8,5,4,3,1,70,29,41,6,6,0,2,1,1,0,0,0,53,25,28
308,District-Dhemaji,Urban,16,187,111,76,28,27,1,5,4,1,0,0,0,93,49,44,15,13,2,4,1,3,1,1,0,41,16,25
308,District-Dhemaji,Urban,17,229,134,95,50,45,5,15,11,4,0,0,0,116,57,59,6,5,1,1,0,1,1,0,1,40,16,24
308,District-Dhemaji,Urban,18,375,216,159,81,76,5,19,15,4,4,3,1,198,83,115,21,19,2,2,1,1,0,0,0,50,19,31
308,District-Dhemaji,Urban,19,396,183,213,80,77,3,22,12,10,3,3,0,228,68,160,11,9,2,5,3,2,3,2,1,44,9,35
309,District-Tinsukia,Total,5-19,152276,74889,77387,12472,9011,3461,9564,5600,3964,2387,1334,1053,34113,15780,18333,8484,3956,4528,6144,2538,3606,1281,542,739,77831,36128,41703
309,District-Tinsukia,Total,5,20927,10706,10221,4,3,1,9,6,3,0,0,0,233,126,107,98,59,39,77,35,42,17,7,10,20489,10470,10019
309,District-Tinsukia,Total,6,15409,7739,7670,12,10,2,7,3,4,0,0,0,268,128,140,54,30,24,72,39,33,10,5,5,14986,7524,7462
309,District-Tinsukia,Total,7,7127,3486,3641,13,8,5,14,5,9,1,0,1,448,223,225,45,21,24,39,20,19,2,1,1,6565,3208,3357
309,District-Tinsukia,Total,8,5657,2715,2942,14,7,7,15,13,2,2,2,0,531,268,263,50,24,26,46,25,21,15,6,9,4984,2370,2614
309,District-Tinsukia,Total,9,4073,1891,2182,24,15,9,23,13,10,1,1,0,610,305,305,44,18,26,45,24,21,11,5,6,3315,1510,1805
309,District-Tinsukia,Total,10,5913,2876,3037,46,27,19,35,16,19,13,9,4,1069,548,521,83,44,39,102,49,53,35,13,22,4530,2170,2360
309,District-Tinsukia,Total,11,4300,1988,2312,110,71,39,91,54,37,21,5,16,1075,510,565,112,55,57,115,49,66,30,14,16,2746,1230,1516
309,District-Tinsukia,Total,12,6662,3177,3485,212,154,58,193,95,98,53,30,23,2035,1032,1003,230,103,127,233,85,148,73,33,40,3633,1645,1988
309,District-Tinsukia,Total,13,6037,2816,3221,294,206,88,247,130,117,75,48,27,2132,1066,1066,287,129,158,260,111,149,65,32,33,2677,1094,1583
309,District-Tinsukia,Total,14,7920,3853,4067,560,382,178,544,317,227,176,99,77,2887,1507,1380,517,249,268,425,163,262,116,52,64,2695,1084,1611
309,District-Tinsukia,Total,15,10230,5079,5151,1099,753,346,930,544,386,263,150,113,3593,1797,1796,878,408,470,679,298,381,162,78,84,2626,1051,1575
309,District-Tinsukia,Total,16,11825,5935,5890,1590,1118,472,1351,803,548,337,195,142,3989,1954,2035,1139,523,616,815,364,451,175,71,104,2429,907,1522
309,District-Tinsukia,Total,17,11529,5917,5612,1901,1383,518,1479,894,585,374,208,166,4074,1913,2161,1087,518,569,759,339,420,155,59,96,1700,603,1097
309,District-Tinsukia,Total,18,19126,9465,9661,3528,2621,907,2540,1502,1038,607,337,270,6041,2555,3486,2160,1002,1158,1448,553,895,250,108,142,2552,787,1765
309,District-Tinsukia,Total,19,15541,7246,8295,3065,2253,812,2086,1205,881,464,250,214,5128,1848,3280,1700,773,927,1029,384,645,165,58,107,1904,475,1429
309,District-Tinsukia,Rural,5-19,136431,66628,69803,10729,7483,3246,8923,5140,3783,2233,1221,1012,28920,13636,15284,8072,3661,4411,5925,2418,3507,1240,520,720,70389,32549,37840
309,District-Tinsukia,Rural,5,18128,9271,8857,3,2,1,8,5,3,0,0,0,196,109,87,87,54,33,70,33,37,17,7,10,17747,9061,8686
309,District-Tinsukia,Rural,6,13503,6773,6730,12,10,2,5,3,2,0,0,0,231,113,118,49,28,21,66,33,33,10,5,5,13130,6581,6549
309,District-Tinsukia,Rural,7,6554,3178,3376,11,6,5,11,3,8,0,0,0,396,196,200,45,21,24,37,18,19,2,1,1,6052,2933,3119
309,District-Tinsukia,Rural,8,5342,2569,2773,10,5,5,13,11,2,2,2,0,482,245,237,46,22,24,46,25,21,15,6,9,4728,2253,2475
309,District-Tinsukia,Rural,9,3804,1754,2050,22,14,8,21,11,10,1,1,0,551,274,277,42,18,24,44,23,21,11,5,6,3112,1408,1704
309,District-Tinsukia,Rural,10,5518,2675,2843,39,24,15,32,14,18,13,9,4,967,491,476,78,42,36,97,46,51,33,13,20,4259,2036,2223
309,District-Tinsukia,Rural,11,3952,1822,2130,88,53,35,86,52,34,17,3,14,956,456,500,105,48,57,106,45,61,29,13,16,2565,1152,1413
309,District-Tinsukia,Rural,12,6207,2930,3277,180,126,54,180,87,93,51,28,23,1849,942,907,216,96,120,224,83,141,70,32,38,3437,1536,1901
309,District-Tinsukia,Rural,13,5525,2559,2966,244,164,80,229,116,113,72,46,26,1917,975,942,269,114,155,244,105,139,63,31,32,2487,1008,1479
309,District-Tinsukia,Rural,14,7279,3522,3757,500,333,167,509,292,217,166,90,76,2572,1346,1226,490,234,256,408,158,250,112,50,62,2522,1019,1503
309,District-Tinsukia,Rural,15,9284,4579,4705,943,620,323,875,505,370,247,138,109,3118,1587,1531,835,384,451,653,285,368,156,74,82,2457,986,1471
309,District-Tinsukia,Rural,16,10763,5340,5423,1386,938,448,1275,741,534,321,183,138,3446,1710,1736,1091,484,607,793,351,442,170,69,101,2281,864,1417
309,District-Tinsukia,Rural,17,10210,5177,5033,1651,1163,488,1381,816,565,348,191,157,3352,1597,1755,1039,480,559,730,317,413,150,56,94,1559,557,1002
309,District-Tinsukia,Rural,18,16922,8259,8663,3042,2186,856,2368,1389,979,560,302,258,4911,2095,2816,2068,930,1138,1406,533,873,242,102,140,2325,722,1603
309,District-Tinsukia,Rural,19,13440,6220,7220,2598,1839,759,1930,1095,835,435,228,207,3976,1500,2476,1612,706,906,1001,363,638,160,56,104,1728,433,1295
309,District-Tinsukia,Urban,5-19,15845,8261,7584,1743,1528,215,641,460,181,154,113,41,5193,2144,3049,412,295,117,219,120,99,41,22,19,7442,3579,3863
309,District-Tinsukia,Urban,5,2799,1435,1364,1,1,0,1,1,0,0,0,0,37,17,20,11,5,6,7,2,5,0,0,0,2742,1409,1333
309,District-Tinsukia,Urban,6,1906,966,940,0,0,0,2,0,2,0,0,0,37,15,22,5,2,3,6,6,0,0,0,0,1856,943,913
309,District-Tinsukia,Urban,7,573,308,265,2,2,0,3,2,1,1,0,1,52,27,25,0,0,0,2,2,0,0,0,0,513,275,238
309,District-Tinsukia,Urban,8,315,146,169,4,2,2,2,2,0,0,0,0,49,23,26,4,2,2,0,0,0,0,0,0,256,117,139
309,District-Tinsukia,Urban,9,269,137,132,2,1,1,2,2,0,0,0,0,59,31,28,2,0,2,1,1,0,0,0,0,203,102,101
309,District-Tinsukia,Urban,10,395,201,194,7,3,4,3,2,1,0,0,0,102,57,45,5,2,3,5,3,2,2,0,2,271,134,137
309,District-Tinsukia,Urban,11,348,166,182,22,18,4,5,2,3,4,2,2,119,54,65,7,7,0,9,4,5,1,1,0,181,78,103
309,District-Tinsukia,Urban,12,455,247,208,32,28,4,13,8,5,2,2,0,186,90,96,14,7,7,9,2,7,3,1,2,196,109,87
309,District-Tinsukia,Urban,13,512,257,255,50,42,8,18,14,4,3,2,1,215,91,124,18,15,3,16,6,10,2,1,1,190,86,104
309,District-Tinsukia,Urban,14,641,331,310,60,49,11,35,25,10,10,9,1,315,161,154,27,15,12,17,5,12,4,2,2,173,65,108
309,District-Tinsukia,Urban,15,946,500,446,156,133,23,55,39,16,16,12,4,475,210,265,43,24,19,26,13,13,6,4,2,169,65,104
309,District-Tinsukia,Urban,16,1062,595,467,204,180,24,76,62,14,16,12,4,543,244,299,48,39,9,22,13,9,5,2,3,148,43,105
309,District-Tinsukia,Urban,17,1319,740,579,250,220,30,98,78,20,26,17,9,722,316,406,48,38,10,29,22,7,5,3,2,141,46,95
309,District-Tinsukia,Urban,18,2204,1206,998,486,435,51,172,113,59,47,35,12,1130,460,670,92,72,20,42,20,22,8,6,2,227,65,162
309,District-Tinsukia,Urban,19,2101,1026,1075,467,414,53,156,110,46,29,22,7,1152,348,804,88,67,21,28,21,7,5,2,3,176,42,134
310,District-Dibrugarh,Total,5-19,123853,60761,63092,10481,7470,3011,9474,5511,3963,2481,1463,1018,31148,14197,16951,5840,2599,3241,4707,1889,2818,1232,530,702,58490,27102,31388
310,District-Dibrugarh,Total,5,17833,9035,8798,13,11,2,10,3,7,2,1,1,239,117,122,100,60,40,74,37,37,14,8,6,17381,8798,8583
310,District-Dibrugarh,Total,6,12407,6300,6107,10,8,2,14,7,7,2,1,1,267,136,131,68,33,35,69,28,41,8,7,1,11969,6080,5889
310,District-Dibrugarh,Total,7,5070,2465,2605,13,6,7,16,9,7,3,2,1,411,209,202,27,14,13,33,17,16,12,8,4,4555,2200,2355
310,District-Dibrugarh,Total,8,3321,1593,1728,16,9,7,13,11,2,6,3,3,444,216,228,30,18,12,33,16,17,5,3,2,2774,1317,1457
310,District-Dibrugarh,Total,9,2949,1414,1535,24,16,8,22,8,14,6,3,3,518,247,271,34,16,18,29,8,21,10,5,5,2306,1111,1195
310,District-Dibrugarh,Total,10,3981,1896,2085,26,16,10,37,19,18,16,7,9,769,394,375,51,24,27,59,37,22,30,15,15,2993,1384,1609
310,District-Dibrugarh,Total,11,3329,1607,1722,98,63,35,82,42,40,33,17,16,930,479,451,72,35,37,78,33,45,36,21,15,2000,917,1083
310,District-Dibrugarh,Total,12,4992,2322,2670,225,148,77,213,112,101,55,27,28,1647,808,839,167,71,96,189,69,120,57,22,35,2439,1065,1374
310,District-Dibrugarh,Total,13,4913,2231,2682,295,193,102,276,137,139,81,44,37,1881,879,1002,201,91,110,223,98,125,63,28,35,1893,761,1132
310,District-Dibrugarh,Total,14,6305,2983,3322,524,345,179,542,301,241,150,103,47,2476,1179,1297,324,160,164,342,148,194,91,33,58,1856,714,1142
310,District-Dibrugarh,Total,15,8572,4238,4334,1030,715,315,873,501,372,248,142,106,3227,1587,1640,618,284,334,511,217,294,143,60,83,1922,732,1190
310,District-Dibrugarh,Total,16,9832,4926,4906,1306,896,410,1297,781,516,333,201,132,3618,1770,1848,753,335,418,621,254,367,175,73,102,1729,616,1113
310,District-Dibrugarh,Total,17,9845,5016,4829,1479,1073,406,1419,865,554,396,259,137,3725,1730,1995,752,322,430,618,251,367,151,66,85,1305,450,855
310,District-Dibrugarh,Total,18,16197,8102,8095,2784,2047,737,2490,1481,1009,605,347,258,5682,2484,3198,1470,659,811,1025,405,620,247,101,146,1894,578,1316
310,District-Dibrugarh,Total,19,14307,6633,7674,2638,1924,714,2170,1234,936,545,306,239,5314,1962,3352,1173,477,696,803,271,532,190,80,110,1474,379,1095
310,District-Dibrugarh,Rural,5-19,111419,54341,57078,8973,6214,2759,8980,5191,3789,2385,1386,999,27106,12569,14537,5484,2379,3105,4576,1815,2761,1192,503,689,52723,24284,28439
310,District-Dibrugarh,Rural,5,15553,7891,7662,10,9,1,7,2,5,2,1,1,184,92,92,88,51,37,57,29,28,14,8,6,15191,7699,7492
310,District-Dibrugarh,Rural,6,10789,5450,5339,6,5,1,9,5,4,2,1,1,224,111,113,59,30,29,57,25,32,8,7,1,10424,5266,5158
310,District-Dibrugarh,Rural,7,4582,2214,2368,12,5,7,12,6,6,2,1,1,343,171,172,20,10,10,31,15,16,11,7,4,4151,1999,2152
310,District-Dibrugarh,Rural,8,3081,1480,1601,13,7,6,13,11,2,5,2,3,393,196,197,25,15,10,31,15,16,5,3,2,2596,1231,1365
310,District-Dibrugarh,Rural,9,2743,1286,1457,16,9,7,18,5,13,5,3,2,461,217,244,34,16,18,29,8,21,10,5,5,2170,1023,1147
310,District-Dibrugarh,Rural,10,3678,1742,1936,22,14,8,31,16,15,15,6,9,688,355,333,40,18,22,57,36,21,29,15,14,2796,1282,1514
310,District-Dibrugarh,Rural,11,3069,1486,1583,78,51,27,74,39,35,31,16,15,831,431,400,66,34,32,73,30,43,36,21,15,1880,864,1016
310,District-Dibrugarh,Rural,12,4657,2168,2489,183,119,64,201,103,98,51,23,28,1505,757,748,155,64,91,185,68,117,54,21,33,2323,1013,1310
310,District-Dibrugarh,Rural,13,4520,2042,2478,234,151,83,255,124,131,79,42,37,1696,801,895,187,82,105,214,95,119,61,27,34,1794,720,1074
310,District-Dibrugarh,Rural,14,5787,2717,3070,438,274,164,516,285,231,144,98,46,2228,1070,1158,301,150,151,334,143,191,88,33,55,1738,664,1074
310,District-Dibrugarh,Rural,15,7834,3846,3988,881,595,286,828,471,357,242,136,106,2880,1432,1448,577,264,313,501,211,290,138,57,81,1787,680,1107
310,District-Dibrugarh,Rural,16,8996,4461,4535,1125,740,385,1236,739,497,322,194,128,3209,1593,1616,703,305,398,613,248,365,170,69,101,1618,573,1045
310,District-Dibrugarh,Rural,17,8858,4475,4383,1298,913,385,1352,820,532,380,245,135,3175,1497,1678,715,297,418,601,238,363,147,62,85,1190,403,787
310,District-Dibrugarh,Rural,18,14636,7275,7361,2417,1734,683,2365,1402,963,583,329,254,4893,2187,2706,1400,609,791,1005,394,611,241,95,146,1732,525,1207
310,District-Dibrugarh,Rural,19,12636,5808,6828,2240,1588,652,2063,1163,900,522,289,233,4396,1659,2737,1114,434,680,788,260,528,180,73,107,1333,342,991
310,District-Dibrugarh,Urban,5-19,12434,6420,6014,1508,1256,252,494,320,174,96,77,19,4042,1628,2414,356,220,136,131,74,57,40,27,13,5767,2818,2949
310,District-Dibrugarh,Urban,5,2280,1144,1136,3,2,1,3,1,2,0,0,0,55,25,30,12,9,3,17,8,9,0,0,0,2190,1099,1091
310,District-Dibrugarh,Urban,6,1618,850,768,4,3,1,5,2,3,0,0,0,43,25,18,9,3,6,12,3,9,0,0,0,1545,814,731
310,District-Dibrugarh,Urban,7,488,251,237,1,1,0,4,3,1,1,1,0,68,38,30,7,4,3,2,2,0,1,1,0,404,201,203
310,District-Dibrugarh,Urban,8,240,113,127,3,2,1,0,0,0,1,1,0,51,20,31,5,3,2,2,1,1,0,0,0,178,86,92
310,District-Dibrugarh,Urban,9,206,128,78,8,7,1,4,3,1,1,0,1,57,30,27,0,0,0,0,0,0,0,0,0,136,88,48
310,District-Dibrugarh,Urban,10,303,154,149,4,2,2,6,3,3,1,1,0,81,39,42,11,6,5,2,1,1,1,0,1,197,102,95
310,District-Dibrugarh,Urban,11,260,121,139,20,12,8,8,3,5,2,1,1,99,48,51,6,1,5,5,3,2,0,0,0,120,53,67
310,District-Dibrugarh,Urban,12,335,154,181,42,29,13,12,9,3,4,4,0,142,51,91,12,7,5,4,1,3,3,1,2,116,52,64
310,District-Dibrugarh,Urban,13,393,189,204,61,42,19,21,13,8,2,2,0,185,78,107,14,9,5,9,3,6,2,1,1,99,41,58
310,District-Dibrugarh,Urban,14,518,266,252,86,71,15,26,16,10,6,5,1,248,109,139,23,10,13,8,5,3,3,0,3,118,50,68
310,District-Dibrugarh,Urban,15,738,392,346,149,120,29,45,30,15,6,6,0,347,155,192,41,20,21,10,6,4,5,3,2,135,52,83
310,District-Dibrugarh,Urban,16,836,465,371,181,156,25,61,42,19,11,7,4,409,177,232,50,30,20,8,6,2,5,4,1,111,43,68
310,District-Dibrugarh,Urban,17,987,541,446,181,160,21,67,45,22,16,14,2,550,233,317,37,25,12,17,13,4,4,4,0,115,47,68
310,District-Dibrugarh,Urban,18,1561,827,734,367,313,54,125,79,46,22,18,4,789,297,492,70,50,20,20,11,9,6,6,0,162,53,109
310,District-Dibrugarh,Urban,19,1671,825,846,398,336,62,107,71,36,23,17,6,918,303,615,59,43,16,15,11,4,10,7,3,141,37,104
311,District-Sivasagar,Total,5-19,101335,50676,50659,10218,7409,2809,8409,5196,3213,2735,1568,1167,27703,12170,15533,4518,2032,2486,3059,1276,1783,733,305,428,43960,20720,23240
311,District-Sivasagar,Total,5,14839,7502,7337,4,2,2,3,2,1,1,0,1,134,69,65,35,14,21,64,26,38,6,0,6,14592,7389,7203
311,District-Sivasagar,Total,6,9950,5068,4882,6,6,0,8,6,2,2,1,1,201,100,101,28,14,14,55,30,25,5,2,3,9645,4909,4736
311,District-Sivasagar,Total,7,3816,1869,1947,7,6,1,7,2,5,4,1,3,368,172,196,18,6,12,25,14,11,4,2,2,3383,1666,1717
311,District-Sivasagar,Total,8,2725,1307,1418,6,4,2,11,7,4,1,1,0,443,217,226,18,11,7,19,9,10,6,2,4,2221,1056,1165
311,District-Sivasagar,Total,9,2159,1002,1157,14,10,4,19,7,12,9,4,5,476,225,251,17,8,9,20,12,8,8,4,4,1596,732,864
311,District-Sivasagar,Total,10,3108,1470,1638,44,28,16,32,23,9,16,10,6,750,381,369,43,22,21,46,24,22,18,9,9,2159,973,1186
311,District-Sivasagar,Total,11,2598,1209,1389,86,50,36,79,41,38,25,11,14,877,451,426,65,28,37,51,21,30,24,10,14,1391,597,794
311,District-Sivasagar,Total,12,3911,1944,1967,193,130,63,181,113,68,76,43,33,1561,798,763,129,68,61,100,43,57,45,18,27,1626,731,895
311,District-Sivasagar,Total,13,3842,1767,2075,282,179,103,265,144,121,75,49,26,1664,771,893,161,59,102,143,60,83,45,19,26,1207,486,721
311,District-Sivasagar,Total,14,5111,2487,2624,544,368,176,425,249,176,162,75,87,2190,1065,1125,311,127,184,227,95,132,75,34,41,1177,474,703
311,District-Sivasagar,Total,15,6963,3735,3228,940,689,251,839,525,314,271,178,93,2716,1399,1317,526,242,284,383,170,213,96,48,48,1192,484,708
311,District-Sivasagar,Total,16,8158,4338,3820,1353,954,399,1161,761,400,377,230,147,3100,1479,1621,644,290,354,423,178,245,94,39,55,1006,407,599
311,District-Sivasagar,Total,17,8041,4281,3760,1522,1132,390,1230,778,452,404,236,168,3101,1384,1717,567,271,296,374,171,203,79,34,45,764,275,489
311,District-Sivasagar,Total,18,14091,7243,6848,2879,2127,752,2194,1418,776,728,424,304,5249,2091,3158,1113,524,589,657,265,392,131,52,79,1140,342,798
311,District-Sivasagar,Total,19,12023,5454,6569,2338,1724,614,1955,1120,835,584,305,279,4873,1568,3305,843,348,495,472,158,314,97,32,65,861,199,662
311,District-Sivasagar,Rural,5-19,95542,47619,47923,9314,6619,2695,8255,5081,3174,2665,1518,1147,25590,11346,14244,4332,1891,2441,2992,1234,1758,712,295,417,41682,19635,22047
311,District-Sivasagar,Rural,5,13879,7015,6864,2,1,1,3,2,1,1,0,1,124,64,60,33,13,20,58,25,33,6,0,6,13652,6910,6742
311,District-Sivasagar,Rural,6,9372,4779,4593,5,5,0,8,6,2,2,1,1,190,97,93,26,13,13,54,30,24,5,2,3,9082,4625,4457
311,District-Sivasagar,Rural,7,3670,1792,1878,6,5,1,7,2,5,4,1,3,347,163,184,15,4,11,24,14,10,4,2,2,3263,1601,1662
311,District-Sivasagar,Rural,8,2636,1270,1366,6,4,2,11,7,4,1,1,0,407,201,206,18,11,7,19,9,10,6,2,4,2168,1035,1133
311,District-Sivasagar,Rural,9,2080,960,1120,11,8,3,18,7,11,8,4,4,451,210,241,15,8,7,19,11,8,8,4,4,1550,708,842
311,District-Sivasagar,Rural,10,2967,1408,1559,40,26,14,30,21,9,15,10,5,692,354,338,42,21,21,46,24,22,17,8,9,2085,944,1141
311,District-Sivasagar,Rural,11,2469,1146,1323,75,44,31,75,39,36,23,10,13,825,426,399,63,27,36,49,19,30,24,10,14,1335,571,764
311,District-Sivasagar,Rural,12,3749,1861,1888,176,116,60,176,109,67,74,43,31,1478,759,719,119,60,59,100,43,57,44,18,26,1582,713,869
311,District-Sivasagar,Rural,13,3632,1670,1962,259,163,96,262,142,120,72,46,26,1557,731,826,154,54,100,136,57,79,44,19,25,1148,458,690
311,District-Sivasagar,Rural,14,4839,2341,2498,490,320,170,416,244,172,159,75,84,2048,1006,1042,301,121,180,223,91,132,73,34,39,1129,450,679
311,District-Sivasagar,Rural,15,6573,3502,3071,858,622,236,831,518,313,259,169,90,2516,1304,1212,511,228,283,374,164,210,90,44,46,1134,453,681
311,District-Sivasagar,Rural,16,7705,4075,3630,1244,856,388,1136,739,397,366,222,144,2877,1383,1494,616,273,343,416,173,243,92,38,54,958,391,567
311,District-Sivasagar,Rural,17,7536,3990,3546,1377,1005,372,1208,761,447,395,228,167,2847,1278,1569,549,256,293,368,167,201,77,34,43,715,261,454
311,District-Sivasagar,Rural,18,13244,6766,6478,2646,1912,734,2157,1392,765,713,412,301,4820,1938,2882,1063,483,580,641,255,386,126,48,78,1078,326,752
311,District-Sivasagar,Rural,19,11191,5044,6147,2119,1532,587,1917,1092,825,573,296,277,4411,1432,2979,807,319,488,465,152,313,96,32,64,803,189,614
311,District-Sivasagar,Urban,5-19,5793,3057,2736,904,790,114,154,115,39,70,50,20,2113,824,1289,186,141,45,67,42,25,21,10,11,2278,1085,1193
311,District-Sivasagar,Urban,5,960,487,473,2,1,1,0,0,0,0,0,0,10,5,5,2,1,1,6,1,5,0,0,0,940,479,461
311,District-Sivasagar,Urban,6,578,289,289,1,1,0,0,0,0,0,0,0,11,3,8,2,1,1,1,0,1,0,0,0,563,284,279
311,District-Sivasagar,Urban,7,146,77,69,1,1,0,0,0,0,0,0,0,21,9,12,3,2,1,1,0,1,0,0,0,120,65,55
311,District-Sivasagar,Urban,8,89,37,52,0,0,0,0,0,0,0,0,0,36,16,20,0,0,0,0,0,0,0,0,0,53,21,32
311,District-Sivasagar,Urban,9,79,42,37,3,2,1,1,0,1,1,0,1,25,15,10,2,0,2,1,1,0,0,0,0,46,24,22
311,District-Sivasagar,Urban,10,141,62,79,4,2,2,2,2,0,1,0,1,58,27,31,1,1,0,0,0,0,1,1,0,74,29,45
311,District-Sivasagar,Urban,11,129,63,66,11,6,5,4,2,2,2,1,1,52,25,27,2,1,1,2,2,0,0,0,0,56,26,30
311,District-Sivasagar,Urban,12,162,83,79,17,14,3,5,4,1,2,0,2,83,39,44,10,8,2,0,0,0,1,0,1,44,18,26
311,District-Sivasagar,Urban,13,210,97,113,23,16,7,3,2,1,3,3,0,107,40,67,7,5,2,7,3,4,1,0,1,59,28,31
311,District-Sivasagar,Urban,14,272,146,126,54,48,6,9,5,4,3,0,3,142,59,83,10,6,4,4,4,0,2,0,2,48,24,24
311,District-Sivasagar,Urban,15,390,233,157,82,67,15,8,7,1,12,9,3,200,95,105,15,14,1,9,6,3,6,4,2,58,31,27
311,District-Sivasagar,Urban,16,453,263,190,109,98,11,25,22,3,11,8,3,223,96,127,28,17,11,7,5,2,2,1,1,48,16,32
311,District-Sivasagar,Urban,17,505,291,214,145,127,18,22,17,5,9,8,1,254,106,148,18,15,3,6,4,2,2,0,2,49,14,35
311,District-Sivasagar,Urban,18,847,477,370,233,215,18,37,26,11,15,12,3,429,153,276,50,41,9,16,10,6,5,4,1,62,16,46
311,District-Sivasagar,Urban,19,832,410,422,219,192,27,38,28,10,11,9,2,462,136,326,36,29,7,7,6,1,1,0,1,58,10,48
312,District-Jorhat,Total,5-19,85438,42439,42999,9788,7002,2786,8171,4631,3540,2669,1389,1280,22583,9734,12849,3522,1706,1816,3171,1363,1808,916,383,533,34618,16231,18387
312,District-Jorhat,Total,5,12146,6219,5927,6,6,0,8,1,7,1,0,1,176,88,88,95,51,44,122,72,50,20,8,12,11718,5993,5725
312,District-Jorhat,Total,6,8637,4381,4256,5,1,4,11,6,5,0,0,0,242,127,115,55,31,24,98,58,40,17,8,9,8209,4150,4059
312,District-Jorhat,Total,7,3147,1520,1627,29,13,16,22,8,14,4,2,2,516,266,250,24,17,7,51,27,24,6,4,2,2495,1183,1312
312,District-Jorhat,Total,8,2179,1058,1121,28,18,10,28,12,16,5,2,3,527,261,266,28,19,9,45,21,24,13,8,5,1505,717,788
312,District-Jorhat,Total,9,1806,852,954,30,14,16,33,16,17,7,3,4,517,252,265,26,11,15,55,25,30,10,5,5,1128,526,602
312,District-Jorhat,Total,10,2535,1250,1285,42,20,22,38,18,20,16,9,7,723,389,334,52,28,24,83,45,38,26,11,15,1555,730,825
312,District-Jorhat,Total,11,2130,979,1151,102,66,36,95,44,51,30,14,16,740,353,387,57,28,29,88,44,44,23,6,17,995,424,571
312,District-Jorhat,Total,12,3126,1481,1645,233,167,66,181,87,94,73,34,39,1192,577,615,121,58,63,143,62,81,50,24,26,1133,472,661
312,District-Jorhat,Total,13,3162,1480,1682,301,199,102,265,139,126,96,46,50,1286,612,674,127,61,66,161,77,84,57,32,25,869,314,555
312,District-Jorhat,Total,14,4141,2072,2069,515,353,162,450,268,182,163,89,74,1612,774,838,231,115,116,222,85,137,74,36,38,874,352,522
312,District-Jorhat,Total,15,5873,2981,2892,871,620,251,820,485,335,290,156,134,2108,959,1149,378,187,191,385,158,227,110,48,62,911,368,543
312,District-Jorhat,Total,16,6904,3667,3237,1182,877,305,1079,673,406,391,226,165,2453,1141,1312,449,223,226,344,156,188,125,52,73,881,319,562
312,District-Jorhat,Total,17,7283,3784,3499,1491,1092,399,1202,692,510,412,241,171,2601,1114,1487,409,210,199,376,159,217,116,50,66,676,226,450
312,District-Jorhat,Total,18,11620,5727,5893,2516,1823,693,2044,1157,887,638,323,315,3957,1514,2443,764,351,413,573,227,346,154,55,99,974,277,697
312,District-Jorhat,Total,19,10749,4988,5761,2437,1733,704,1895,1025,870,543,244,299,3933,1307,2626,706,316,390,425,147,278,115,36,79,695,180,515
312,District-Jorhat,Rural,5-19,74025,36481,37544,8142,5612,2530,7412,4134,3278,2503,1285,1218,18853,8270,10583,3145,1480,1665,2973,1257,1716,871,363,508,30126,14080,16046
312,District-Jorhat,Rural,5,10431,5356,5075,6,6,0,5,1,4,1,0,1,142,76,66,88,47,41,108,66,42,19,7,12,10062,5153,4909
312,District-Jorhat,Rural,6,7489,3772,3717,5,1,4,10,5,5,0,0,0,203,104,99,46,23,23,79,46,33,17,8,9,7129,3585,3544
312,District-Jorhat,Rural,7,2792,1353,1439,23,11,12,21,7,14,4,2,2,435,227,208,19,12,7,45,23,22,6,4,2,2239,1067,1172
312,District-Jorhat,Rural,8,1914,928,986,27,18,9,26,12,14,5,2,3,453,226,227,24,17,7,41,18,23,13,8,5,1325,627,698
312,District-Jorhat,Rural,9,1575,738,837,24,11,13,25,11,14,7,3,4,448,212,236,21,8,13,51,23,28,9,5,4,990,465,525
312,District-Jorhat,Rural,10,2213,1071,1142,32,13,19,30,13,17,15,8,7,613,331,282,47,26,21,79,42,37,24,10,14,1373,628,745
312,District-Jorhat,Rural,11,1829,842,987,84,53,31,82,37,45,27,14,13,622,302,320,43,23,20,82,43,39,23,6,17,866,364,502
312,District-Jorhat,Rural,12,2721,1289,1432,189,129,60,162,75,87,69,31,38,1015,509,506,110,51,59,135,57,78,45,24,21,996,413,583
312,District-Jorhat,Rural,13,2785,1277,1508,250,156,94,241,127,114,89,41,48,1110,528,582,112,54,58,152,73,79,53,29,24,778,269,509
312,District-Jorhat,Rural,14,3640,1800,1840,433,283,150,417,245,172,156,84,72,1385,669,716,197,96,101,210,81,129,68,32,36,774,310,464
312,District-Jorhat,Rural,15,5166,2593,2573,722,501,221,728,426,302,276,144,132,1815,839,976,341,166,175,365,146,219,102,44,58,817,327,490
312,District-Jorhat,Rural,16,6037,3162,2875,985,707,278,989,609,380,364,208,156,2093,967,1126,395,194,201,325,142,183,120,51,69,766,284,482
312,District-Jorhat,Rural,17,6296,3235,3061,1245,879,366,1087,617,470,390,227,163,2153,940,1213,364,183,181,358,147,211,111,47,64,588,195,393
312,District-Jorhat,Rural,18,10063,4887,5176,2105,1466,639,1851,1022,829,603,302,301,3275,1271,2004,700,311,389,545,216,329,148,53,95,836,246,590
312,District-Jorhat,Rural,19,9074,4178,4896,2012,1378,634,1738,927,811,497,219,278,3091,1069,2022,638,269,369,398,134,264,113,35,78,587,147,440
312,District-Jorhat,Urban,5-19,11413,5958,5455,1646,1390,256,759,497,262,166,104,62,3730,1464,2266,377,226,151,198,106,92,45,20,25,4492,2151,2341
312,District-Jorhat,Urban,5,1715,863,852,0,0,0,3,0,3,0,0,0,34,12,22,7,4,3,14,6,8,1,1,0,1656,840,816
312,District-Jorhat,Urban,6,1148,609,539,0,0,0,1,1,0,0,0,0,39,23,16,9,8,1,19,12,7,0,0,0,1080,565,515
312,District-Jorhat,Urban,7,355,167,188,6,2,4,1,1,0,0,0,0,81,39,42,5,5,0,6,4,2,0,0,0,256,116,140
312,District-Jorhat,Urban,8,265,130,135,1,0,1,2,0,2,0,0,0,74,35,39,4,2,2,4,3,1,0,0,0,180,90,90
312,District-Jorhat,Urban,9,231,114,117,6,3,3,8,5,3,0,0,0,69,40,29,5,3,2,4,2,2,1,0,1,138,61,77
312,District-Jorhat,Urban,10,322,179,143,10,7,3,8,5,3,1,1,0,110,58,52,5,2,3,4,3,1,2,1,1,182,102,80
312,District-Jorhat,Urban,11,301,137,164,18,13,5,13,7,6,3,0,3,118,51,67,14,5,9,6,1,5,0,0,0,129,60,69
312,District-Jorhat,Urban,12,405,192,213,44,38,6,19,12,7,4,3,1,177,68,109,11,7,4,8,5,3,5,0,5,137,59,78
312,District-Jorhat,Urban,13,377,203,174,51,43,8,24,12,12,7,5,2,176,84,92,15,7,8,9,4,5,4,3,1,91,45,46
312,District-Jorhat,Urban,14,501,272,229,82,70,12,33,23,10,7,5,2,227,105,122,34,19,15,12,4,8,6,4,2,100,42,58
312,District-Jorhat,Urban,15,707,388,319,149,119,30,92,59,33,14,12,2,293,120,173,37,21,16,20,12,8,8,4,4,94,41,53
312,District-Jorhat,Urban,16,867,505,362,197,170,27,90,64,26,27,18,9,360,174,186,54,29,25,19,14,5,5,1,4,115,35,80
312,District-Jorhat,Urban,17,987,549,438,246,213,33,115,75,40,22,14,8,448,174,274,45,27,18,18,12,6,5,3,2,88,31,57
312,District-Jorhat,Urban,18,1557,840,717,411,357,54,193,135,58,35,21,14,682,243,439,64,40,24,28,11,17,6,2,4,138,31,107
312,District-Jorhat,Urban,19,1675,810,865,425,355,70,157,98,59,46,25,21,842,238,604,68,47,21,27,13,14,2,1,1,108,33,75
313,District-Golaghat,Total,5-19,98238,48698,49540,11237,8229,3008,9752,5596,4156,3091,1587,1504,23633,9741,13892,4577,2210,2367,3821,1577,2244,1171,464,707,40956,19294,21662
313,District-Golaghat,Total,5,14488,7508,6980,12,9,3,1,0,1,1,0,1,169,85,84,90,54,36,80,40,40,14,4,10,14121,7316,6805
313,District-Golaghat,Total,6,10246,5160,5086,11,7,4,7,5,2,2,0,2,195,90,105,52,30,22,46,24,22,12,9,3,9921,4995,4926
313,District-Golaghat,Total,7,3571,1786,1785,14,7,7,6,3,3,1,0,1,348,181,167,36,21,15,40,22,18,9,4,5,3117,1548,1569
313,District-Golaghat,Total,8,2195,1014,1181,26,13,13,14,3,11,2,0,2,368,182,186,22,8,14,32,10,22,7,2,5,1724,796,928
313,District-Golaghat,Total,9,1746,826,920,21,14,7,14,7,7,5,3,2,409,207,202,27,13,14,30,15,15,8,4,4,1232,563,669
313,District-Golaghat,Total,10,2579,1226,1353,51,28,23,32,13,19,16,9,7,569,275,294,54,23,31,74,26,48,28,14,14,1755,838,917
313,District-Golaghat,Total,11,2181,991,1190,96,65,31,67,38,29,44,27,17,660,309,351,69,33,36,71,31,40,24,7,17,1150,481,669
313,District-Golaghat,Total,12,3220,1546,1674,204,143,61,182,108,74,71,28,43,1167,567,600,127,54,73,145,72,73,63,31,32,1261,543,718
313,District-Golaghat,Total,13,3387,1558,1829,282,197,85,278,150,128,123,71,52,1294,593,701,154,62,92,179,71,108,67,36,31,1010,378,632
313,District-Golaghat,Total,14,4921,2432,2489,583,408,175,551,325,226,229,123,106,1881,902,979,299,139,160,267,129,138,94,35,59,1017,371,646
313,District-Golaghat,Total,15,6544,3340,3204,946,704,242,957,553,404,330,174,156,2284,1067,1217,466,226,240,390,177,213,156,74,82,1015,365,650
313,District-Golaghat,Total,16,8329,4355,3974,1491,1094,397,1343,827,516,421,241,180,2745,1236,1509,635,309,326,513,214,299,164,56,108,1017,378,639
313,District-Golaghat,Total,17,8400,4421,3979,1705,1302,403,1461,866,595,456,232,224,2838,1185,1653,620,335,285,446,197,249,150,63,87,724,241,483
313,District-Golaghat,Total,18,14457,7232,7225,3192,2371,821,2646,1551,1095,751,403,348,4627,1649,2978,1100,542,558,824,332,492,216,75,141,1101,309,792
313,District-Golaghat,Total,19,11974,5303,6671,2603,1867,736,2193,1147,1046,639,276,363,4079,1213,2866,826,361,465,684,217,467,159,50,109,791,172,619
313,District-Golaghat,Rural,5-19,92950,45958,46992,10595,7678,2917,9589,5474,4115,3035,1545,1490,21828,9042,12786,4471,2146,2325,3781,1550,2231,1153,452,701,38498,18071,20427
313,District-Golaghat,Rural,5,13417,6942,6475,12,9,3,1,0,1,1,0,1,150,77,73,86,52,34,73,36,37,14,4,10,13080,6764,6316
313,District-Golaghat,Rural,6,9506,4769,4737,10,6,4,7,5,2,2,0,2,177,80,97,45,25,20,43,23,20,12,9,3,9210,4621,4589
313,District-Golaghat,Rural,7,3372,1673,1699,11,5,6,6,3,3,1,0,1,319,165,154,32,18,14,40,22,18,9,4,5,2954,1456,1498
313,District-Golaghat,Rural,8,2105,970,1135,20,8,12,12,3,9,2,0,2,346,173,173,21,8,13,32,10,22,7,2,5,1665,766,899
313,District-Golaghat,Rural,9,1678,792,886,21,14,7,14,7,7,4,3,1,379,188,191,27,13,14,30,15,15,8,4,4,1195,548,647
313,District-Golaghat,Rural,10,2483,1179,1304,45,25,20,30,12,18,16,9,7,542,262,280,53,22,31,74,26,48,28,14,14,1695,809,886
313,District-Golaghat,Rural,11,2064,942,1122,86,57,29,65,38,27,44,27,17,606,288,318,68,32,36,70,30,40,24,7,17,1101,463,638
313,District-Golaghat,Rural,12,3086,1475,1611,188,130,58,178,106,72,69,26,43,1104,533,571,124,53,71,143,71,72,63,31,32,1217,525,692
313,District-Golaghat,Rural,13,3232,1484,1748,260,182,78,272,147,125,121,69,52,1217,553,664,148,60,88,178,71,107,66,36,30,970,366,604
313,District-Golaghat,Rural,14,4687,2315,2372,538,372,166,537,316,221,226,121,105,1765,852,913,293,138,155,263,125,138,94,35,59,971,356,615
313,District-Golaghat,Rural,15,6257,3178,3079,903,666,237,946,543,403,327,171,156,2125,989,1136,453,219,234,386,174,212,153,71,82,964,345,619
313,District-Golaghat,Rural,16,7976,4153,3823,1403,1020,383,1323,808,515,415,236,179,2559,1152,1407,626,305,321,511,214,297,162,55,107,977,363,614
313,District-Golaghat,Rural,17,7977,4179,3798,1608,1218,390,1435,849,586,447,225,222,2609,1087,1522,605,321,284,439,191,248,145,59,86,689,229,460
313,District-Golaghat,Rural,18,13816,6903,6913,3036,2230,806,2609,1519,1090,737,392,345,4274,1535,2739,1078,529,549,819,328,491,210,72,138,1053,298,755
313,District-Golaghat,Rural,19,11294,5004,6290,2454,1736,718,2154,1118,1036,623,266,357,3656,1108,2548,812,351,461,680,214,466,158,49,109,757,162,595
313,District-Golaghat,Urban,5-19,5288,2740,2548,642,551,91,163,122,41,56,42,14,1805,699,1106,106,64,42,40,27,13,18,12,6,2458,1223,1235
313,District-Golaghat,Urban,5,1071,566,505,0,0,0,0,0,0,0,0,0,19,8,11,4,2,2,7,4,3,0,0,0,1041,552,489
313,District-Golaghat,Urban,6,740,391,349,1,1,0,0,0,0,0,0,0,18,10,8,7,5,2,3,1,2,0,0,0,711,374,337
313,District-Golaghat,Urban,7,199,113,86,3,2,1,0,0,0,0,0,0,29,16,13,4,3,1,0,0,0,0,0,0,163,92,71
313,District-Golaghat,Urban,8,90,44,46,6,5,1,2,0,2,0,0,0,22,9,13,1,0,1,0,0,0,0,0,0,59,30,29
313,District-Golaghat,Urban,9,68,34,34,0,0,0,0,0,0,1,0,1,30,19,11,0,0,0,0,0,0,0,0,0,37,15,22
313,District-Golaghat,Urban,10,96,47,49,6,3,3,2,1,1,0,0,0,27,13,14,1,1,0,0,0,0,0,0,0,60,29,31
313,District-Golaghat,Urban,11,117,49,68,10,8,2,2,0,2,0,0,0,54,21,33,1,1,0,1,1,0,0,0,0,49,18,31
313,District-Golaghat,Urban,12,134,71,63,16,13,3,4,2,2,2,2,0,63,34,29,3,1,2,2,1,1,0,0,0,44,18,26
313,District-Golaghat,Urban,13,155,74,81,22,15,7,6,3,3,2,2,0,77,40,37,6,2,4,1,0,1,1,0,1,40,12,28
313,District-Golaghat,Urban,14,234,117,117,45,36,9,14,9,5,3,2,1,116,50,66,6,1,5,4,4,0,0,0,0,46,15,31
313,District-Golaghat,Urban,15,287,162,125,43,38,5,11,10,1,3,3,0,159,78,81,13,7,6,4,3,1,3,3,0,51,20,31
313,District-Golaghat,Urban,16,353,202,151,88,74,14,20,19,1,6,5,1,186,84,102,9,4,5,2,0,2,2,1,1,40,15,25
313,District-Golaghat,Urban,17,423,242,181,97,84,13,26,17,9,9,7,2,229,98,131,15,14,1,7,6,1,5,4,1,35,12,23
313,District-Golaghat,Urban,18,641,329,312,156,141,15,37,32,5,14,11,3,353,114,239,22,13,9,5,4,1,6,3,3,48,11,37
313,District-Golaghat,Urban,19,680,299,381,149,131,18,39,29,10,16,10,6,423,105,318,14,10,4,4,3,1,1,1,0,34,10,24
314,District-Karbi Anglong,Total,5-19,100335,49067,51268,7091,5271,1820,5800,2933,2867,1851,844,1007,15621,6454,9167,5175,3014,2161,4137,1712,2425,1605,598,1007,59055,28241,30814
314,District-Karbi Anglong,Total,5,17057,8762,8295,6,5,1,7,4,3,0,0,0,167,93,74,122,79,43,101,47,54,38,17,21,16616,8517,8099
314,District-Karbi Anglong,Total,6,12968,6547,6421,9,6,3,5,4,1,3,0,3,183,86,97,105,59,46,75,36,39,41,15,26,12547,6341,6206
314,District-Karbi Anglong,Total,7,6348,3235,3113,10,7,3,13,7,6,5,2,3,268,137,131,96,54,42,63,33,30,36,14,22,5857,2981,2876
314,District-Karbi Anglong,Total,8,4759,2332,2427,14,9,5,19,10,9,2,0,2,296,149,147,102,55,47,70,37,33,43,20,23,4213,2052,2161
314,District-Karbi Anglong,Total,9,3216,1571,1645,20,15,5,15,10,5,3,0,3,324,165,159,94,60,34,58,32,26,37,18,19,2665,1271,1394
314,District-Karbi Anglong,Total,10,4157,2045,2112,30,23,7,39,17,22,20,9,11,425,225,200,160,98,62,84,39,45,78,26,52,3321,1608,1713
314,District-Karbi Anglong,Total,11,3017,1436,1581,68,42,26,55,23,32,22,10,12,508,238,270,130,79,51,103,50,53,80,43,37,2051,951,1100
314,District-Karbi Anglong,Total,12,3573,1690,1883,135,98,37,119,62,57,45,27,18,675,310,365,231,137,94,176,63,113,108,41,67,2084,952,1132
314,District-Karbi Anglong,Total,13,3215,1491,1724,167,117,50,135,68,67,61,27,34,757,367,390,229,120,109,184,75,109,113,47,66,1569,670,899
314,District-Karbi Anglong,Total,14,3791,1779,2012,277,185,92,263,131,132,129,73,56,958,469,489,313,158,155,288,120,168,111,46,65,1452,597,855
314,District-Karbi Anglong,Total,15,5632,2802,2830,614,464,150,538,310,228,204,110,94,1478,641,837,547,326,221,475,225,250,176,73,103,1600,653,947
314,District-Karbi Anglong,Total,16,6155,3052,3103,830,636,194,701,374,327,244,117,127,1786,758,1028,573,356,217,499,221,278,189,78,111,1333,512,821
314,District-Karbi Anglong,Total,17,6237,3176,3061,1036,813,223,849,459,390,256,120,136,1874,809,1065,599,367,232,459,198,261,153,59,94,1011,351,660
314,District-Karbi Anglong,Total,18,10925,5108,5817,2022,1535,487,1603,831,772,466,199,267,3185,1121,2064,1002,591,411,853,333,520,224,64,160,1570,434,1136
314,District-Karbi Anglong,Total,19,9285,4041,5244,1853,1316,537,1439,623,816,391,150,241,2737,886,1851,872,475,397,649,203,446,178,37,141,1166,351,815
314,District-Karbi Anglong,Rural,5-19,93897,45897,48000,6567,4851,1716,5611,2803,2808,1796,809,987,13877,5821,8056,5038,2925,2113,4063,1668,2395,1588,585,1003,55357,26435,28922
314,District-Karbi Anglong,Rural,5,15667,8038,7629,6,5,1,7,4,3,0,0,0,158,88,70,119,76,43,97,46,51,37,16,21,15243,7803,7440
314,District-Karbi Anglong,Rural,6,11988,6033,5955,9,6,3,5,4,1,3,0,3,173,82,91,103,58,45,74,36,38,41,15,26,11580,5832,5748
314,District-Karbi Anglong,Rural,7,6015,3073,2942,10,7,3,13,7,6,5,2,3,248,128,120,94,53,41,63,33,30,36,14,22,5546,2829,2717
314,District-Karbi Anglong,Rural,8,4577,2245,2332,14,9,5,19,10,9,2,0,2,273,139,134,99,53,46,68,36,32,43,20,23,4059,1978,2081
314,District-Karbi Anglong,Rural,9,3094,1510,1584,20,15,5,15,10,5,3,0,3,301,150,151,92,58,34,58,32,26,37,18,19,2568,1227,1341
314,District-Karbi Anglong,Rural,10,3993,1957,2036,28,21,7,38,16,22,20,9,11,401,213,188,156,96,60,82,37,45,77,25,52,3191,1540,1651
314,District-Karbi Anglong,Rural,11,2882,1376,1506,61,38,23,54,22,32,21,9,12,466,223,243,123,74,49,103,50,53,80,43,37,1974,917,1057
314,District-Karbi Anglong,Rural,12,3414,1602,1812,118,83,35,115,60,55,43,25,18,615,278,337,226,134,92,173,63,110,108,41,67,2016,918,1098
314,District-Karbi Anglong,Rural,13,3043,1414,1629,155,108,47,130,64,66,59,25,34,686,336,350,221,115,106,181,73,108,112,46,66,1499,647,852
314,District-Karbi Anglong,Rural,14,3572,1670,1902,253,164,89,252,123,129,127,72,55,857,429,428,308,155,153,281,115,166,110,45,65,1384,567,817
314,District-Karbi Anglong,Rural,15,5325,2641,2684,563,424,139,524,301,223,199,106,93,1341,586,755,536,317,219,463,216,247,174,71,103,1525,620,905
314,District-Karbi Anglong,Rural,16,5802,2874,2928,776,591,185,680,358,322,237,115,122,1615,682,933,560,350,210,493,216,277,187,77,110,1254,485,769
314,District-Karbi Anglong,Rural,17,5817,2961,2856,961,750,211,819,440,379,246,113,133,1656,721,935,582,358,224,448,191,257,150,56,94,955,332,623
314,District-Karbi Anglong,Rural,18,10116,4749,5367,1873,1413,460,1543,789,754,446,187,259,2748,992,1756,973,568,405,837,325,512,220,62,158,1476,413,1063
314,District-Karbi Anglong,Rural,19,8592,3754,4838,1720,1217,503,1397,595,802,385,146,239,2339,774,1565,846,460,386,642,199,443,176,36,140,1087,327,760
314,District-Karbi Anglong,Urban,5-19,6438,3170,3268,524,420,104,189,130,59,55,35,20,1744,633,1111,137,89,48,74,44,30,17,13,4,3698,1806,1892
314,District-Karbi Anglong,Urban,5,1390,724,666,0,0,0,0,0,0,0,0,0,9,5,4,3,3,0,4,1,3,1,1,0,1373,714,659
314,District-Karbi Anglong,Urban,6,980,514,466,0,0,0,0,0,0,0,0,0,10,4,6,2,1,1,1,0,1,0,0,0,967,509,458
314,District-Karbi Anglong,Urban,7,333,162,171,0,0,0,0,0,0,0,0,0,20,9,11,2,1,1,0,0,0,0,0,0,311,152,159
314,District-Karbi Anglong,Urban,8,182,87,95,0,0,0,0,0,0,0,0,0,23,10,13,3,2,1,2,1,1,0,0,0,154,74,80
314,District-Karbi Anglong,Urban,9,122,61,61,0,0,0,0,0,0,0,0,0,23,15,8,2,2,0,0,0,0,0,0,0,97,44,53
314,District-Karbi Anglong,Urban,10,164,88,76,2,2,0,1,1,0,0,0,0,24,12,12,4,2,2,2,2,0,1,1,0,130,68,62
314,District-Karbi Anglong,Urban,11,135,60,75,7,4,3,1,1,0,1,1,0,42,15,27,7,5,2,0,0,0,0,0,0,77,34,43
314,District-Karbi Anglong,Urban,12,159,88,71,17,15,2,4,2,2,2,2,0,60,32,28,5,3,2,3,0,3,0,0,0,68,34,34
314,District-Karbi Anglong,Urban,13,172,77,95,12,9,3,5,4,1,2,2,0,71,31,40,8,5,3,3,2,1,1,1,0,70,23,47
314,District-Karbi Anglong,Urban,14,219,109,110,24,21,3,11,8,3,2,1,1,101,40,61,5,3,2,7,5,2,1,1,0,68,30,38
314,District-Karbi Anglong,Urban,15,307,161,146,51,40,11,14,9,5,5,4,1,137,55,82,11,9,2,12,9,3,2,2,0,75,33,42
314,District-Karbi Anglong,Urban,16,353,178,175,54,45,9,21,16,5,7,2,5,171,76,95,13,6,7,6,5,1,2,1,1,79,27,52
314,District-Karbi Anglong,Urban,17,420,215,205,75,63,12,30,19,11,10,7,3,218,88,130,17,9,8,11,7,4,3,3,0,56,19,37
314,District-Karbi Anglong,Urban,18,809,359,450,149,122,27,60,42,18,20,12,8,437,129,308,29,23,6,16,8,8,4,2,2,94,21,73
314,District-Karbi Anglong,Urban,19,693,287,406,133,99,34,42,28,14,6,4,2,398,112,286,26,15,11,7,4,3,2,1,1,79,24,55
315,District-Dima Hasao,Total,5-19,16950,8275,8675,1720,1158,562,797,400,397,246,116,130,3655,1512,2143,763,397,366,473,195,278,134,58,76,9162,4439,4723
315,District-Dima Hasao,Total,5,2925,1537,1388,1,1,0,2,1,1,0,0,0,30,17,13,17,12,5,14,7,7,5,3,2,2856,1496,1360
315,District-Dima Hasao,Total,6,2212,1063,1149,3,1,2,2,2,0,0,0,0,44,24,20,18,9,9,9,5,4,1,1,0,2135,1021,1114
315,District-Dima Hasao,Total,7,966,497,469,8,4,4,1,0,1,3,1,2,55,24,31,5,3,2,9,3,6,1,0,1,884,462,422
315,District-Dima Hasao,Total,8,651,340,311,4,2,2,5,4,1,2,1,1,67,40,27,7,4,3,9,2,7,0,0,0,557,287,270
315,District-Dima Hasao,Total,9,504,249,255,7,3,4,2,1,1,0,0,0,72,31,41,12,4,8,10,3,7,0,0,0,401,207,194
315,District-Dima Hasao,Total,10,577,269,308,9,7,2,6,4,2,1,1,0,109,42,67,10,7,3,11,5,6,2,2,0,429,201,228
315,District-Dima Hasao,Total,11,473,235,238,19,14,5,13,7,6,1,1,0,118,55,63,14,9,5,12,7,5,6,3,3,290,139,151
315,District-Dima Hasao,Total,12,539,238,301,31,13,18,14,4,10,4,2,2,160,74,86,33,16,17,18,7,11,7,2,5,272,120,152
315,District-Dima Hasao,Total,13,580,278,302,37,23,14,14,6,8,9,5,4,203,102,101,49,25,24,22,9,13,13,5,8,233,103,130
315,District-Dima Hasao,Total,14,647,307,340,65,33,32,27,12,15,19,10,9,264,120,144,51,28,23,34,16,18,8,3,5,179,85,94
315,District-Dima Hasao,Total,15,911,459,452,133,91,42,76,43,33,26,10,16,331,146,185,77,51,26,44,24,20,15,5,10,209,89,120
315,District-Dima Hasao,Total,16,1096,552,544,218,149,69,85,42,43,38,22,16,425,195,230,77,43,34,46,21,25,21,13,8,186,67,119
315,District-Dima Hasao,Total,17,1173,572,601,275,184,91,131,71,60,39,18,21,437,175,262,82,43,39,50,23,27,15,4,11,144,54,90
315,District-Dima Hasao,Total,18,1892,877,1015,430,295,135,230,117,113,50,21,29,702,270,432,161,71,90,91,31,60,21,7,14,207,65,142
315,District-Dima Hasao,Total,19,1804,802,1002,480,338,142,189,86,103,54,24,30,638,197,441,150,72,78,94,32,62,19,10,9,180,43,137
315,District-Dima Hasao,Rural,5-19,14403,6977,7426,1436,911,525,730,363,367,234,104,130,2901,1230,1671,705,365,340,455,183,272,133,58,75,7809,3763,4046
315,District-Dima Hasao,Rural,5,2316,1210,1106,1,1,0,2,1,1,0,0,0,26,14,12,14,10,4,8,4,4,5,3,2,2260,1177,1083
315,District-Dima Hasao,Rural,6,1813,874,939,3,1,2,2,2,0,0,0,0,37,19,18,16,8,8,7,3,4,1,1,0,1747,840,907
315,District-Dima Hasao,Rural,7,889,455,434,8,4,4,0,0,0,3,1,2,45,18,27,4,2,2,9,3,6,1,0,1,819,427,392
315,District-Dima Hasao,Rural,8,605,309,296,4,2,2,4,4,0,2,1,1,54,32,22,7,4,3,9,2,7,0,0,0,525,264,261
315,District-Dima Hasao,Rural,9,460,226,234,7,3,4,2,1,1,0,0,0,64,29,35,11,4,7,10,3,7,0,0,0,366,186,180
315,District-Dima Hasao,Rural,10,514,234,280,8,6,2,6,4,2,1,1,0,94,38,56,8,6,2,10,4,6,2,2,0,385,173,212
315,District-Dima Hasao,Rural,11,427,210,217,18,13,5,12,6,6,1,1,0,104,47,57,13,8,5,11,7,4,6,3,3,262,125,137
315,District-Dima Hasao,Rural,12,488,214,274,23,7,16,14,4,10,4,2,2,140,64,76,31,15,16,18,7,11,7,2,5,251,113,138
315,District-Dima Hasao,Rural,13,514,239,275,32,18,14,14,6,8,9,5,4,163,82,81,45,22,23,22,9,13,13,5,8,216,92,124
315,District-Dima Hasao,Rural,14,557,273,284,51,25,26,24,10,14,18,9,9,216,103,113,48,27,21,34,16,18,8,3,5,158,80,78
315,District-Dima Hasao,Rural,15,801,400,401,117,76,41,71,40,31,24,8,16,269,117,152,72,48,24,43,23,20,14,5,9,191,83,108
315,District-Dima Hasao,Rural,16,933,465,468,181,117,64,80,42,38,35,19,16,337,156,181,71,41,30,45,20,25,21,13,8,163,57,106
315,District-Dima Hasao,Rural,17,1002,490,512,233,149,84,122,65,57,38,17,21,343,148,195,73,36,37,49,22,27,15,4,11,129,49,80
315,District-Dima Hasao,Rural,18,1610,727,883,356,227,129,213,105,108,46,17,29,551,217,334,149,66,83,88,28,60,21,7,14,186,60,126
315,District-Dima Hasao,Rural,19,1474,651,823,394,262,132,164,73,91,53,23,30,458,146,312,143,68,75,92,32,60,19,10,9,151,37,114
315,District-Dima Hasao,Urban,5-19,2547,1298,1249,284,247,37,67,37,30,12,12,0,754,282,472,58,32,26,18,12,6,1,0,1,1353,676,677
315,District-Dima Hasao,Urban,5,609,327,282,0,0,0,0,0,0,0,0,0,4,3,1,3,2,1,6,3,3,0,0,0,596,319,277
315,District-Dima Hasao,Urban,6,399,189,210,0,0,0,0,0,0,0,0,0,7,5,2,2,1,1,2,2,0,0,0,0,388,181,207
315,District-Dima Hasao,Urban,7,77,42,35,0,0,0,1,0,1,0,0,0,10,6,4,1,1,0,0,0,0,0,0,0,65,35,30
315,District-Dima Hasao,Urban,8,46,31,15,0,0,0,1,0,1,0,0,0,13,8,5,0,0,0,0,0,0,0,0,0,32,23,9
315,District-Dima Hasao,Urban,9,44,23,21,0,0,0,0,0,0,0,0,0,8,2,6,1,0,1,0,0,0,0,0,0,35,21,14
315,District-Dima Hasao,Urban,10,63,35,28,1,1,0,0,0,0,0,0,0,15,4,11,2,1,1,1,1,0,0,0,0,44,28,16
315,District-Dima Hasao,Urban,11,46,25,21,1,1,0,1,1,0,0,0,0,14,8,6,1,1,0,1,0,1,0,0,0,28,14,14
315,District-Dima Hasao,Urban,12,51,24,27,8,6,2,0,0,0,0,0,0,20,10,10,2,1,1,0,0,0,0,0,0,21,7,14
315,District-Dima Hasao,Urban,13,66,39,27,5,5,0,0,0,0,0,0,0,40,20,20,4,3,1,0,0,0,0,0,0,17,11,6
315,District-Dima Hasao,Urban,14,90,34,56,14,8,6,3,2,1,1,1,0,48,17,31,3,1,2,0,0,0,0,0,0,21,5,16
315,District-Dima Hasao,Urban,15,110,59,51,16,15,1,5,3,2,2,2,0,62,29,33,5,3,2,1,1,0,1,0,1,18,6,12
315,District-Dima Hasao,Urban,16,163,87,76,37,32,5,5,0,5,3,3,0,88,39,49,6,2,4,1,1,0,0,0,0,23,10,13
315,District-Dima Hasao,Urban,17,171,82,89,42,35,7,9,6,3,1,1,0,94,27,67,9,7,2,1,1,0,0,0,0,15,5,10
315,District-Dima Hasao,Urban,18,282,150,132,74,68,6,17,12,5,4,4,0,151,53,98,12,5,7,3,3,0,0,0,0,21,5,16
315,District-Dima Hasao,Urban,19,330,151,179,86,76,10,25,13,12,1,1,0,180,51,129,7,4,3,2,0,2,0,0,0,29,6,23
316,District-Cachar,Total,5-19,195097,99054,96043,19498,16835,2663,11445,7994,3451,2615,1778,837,63312,24663,38649,5584,3639,1945,4153,2158,1995,913,470,443,87577,41517,46060
316,District-Cachar,Total,5,29171,15027,14144,6,4,2,12,7,5,1,1,0,281,151,130,142,76,66,162,85,77,8,4,4,28559,14699,13860
316,District-Cachar,Total,6,20332,10351,9981,17,13,4,12,6,6,2,2,0,462,221,241,113,53,60,128,72,56,12,5,7,19586,9979,9607
316,District-Cachar,Total,7,8067,4032,4035,32,23,9,24,9,15,2,2,0,1001,503,498,52,32,20,59,25,34,5,3,2,6892,3435,3457
316,District-Cachar,Total,8,5430,2607,2823,48,34,14,32,10,22,4,1,3,1101,567,534,44,23,21,50,23,27,7,4,3,4144,1945,2199
316,District-Cachar,Total,9,4523,2253,2270,42,29,13,43,25,18,8,4,4,1197,605,592,40,23,17,62,27,35,8,6,2,3123,1534,1589
316,District-Cachar,Total,10,6157,2942,3215,83,57,26,66,33,33,9,9,0,1736,854,882,72,41,31,99,49,50,19,7,12,4073,1892,2181
316,District-Cachar,Total,11,5035,2434,2601,136,99,37,132,81,51,30,18,12,1888,879,1009,86,50,36,96,45,51,26,16,10,2641,1246,1395
316,District-Cachar,Total,12,6873,3403,3470,363,262,101,244,149,95,57,38,19,3015,1444,1571,151,91,60,187,103,84,43,20,23,2813,1296,1517
316,District-Cachar,Total,13,7052,3493,3559,467,389,78,318,220,98,83,54,29,3475,1627,1848,190,112,78,152,70,82,56,31,25,2311,990,1321
316,District-Cachar,Total,14,9343,4686,4657,915,743,172,596,390,206,154,95,59,4737,2148,2589,348,223,125,279,145,134,92,45,47,2222,897,1325
316,District-Cachar,Total,15,13538,6963,6575,1711,1447,264,1123,807,316,354,224,130,6721,2842,3879,593,384,209,457,246,211,108,58,50,2471,955,1516
316,District-Cachar,Total,16,15687,8101,7586,2385,2046,339,1556,1086,470,388,270,118,7710,3085,4625,732,479,253,513,267,246,144,76,68,2259,792,1467
316,District-Cachar,Total,17,16159,8529,7630,2900,2549,351,1834,1308,526,407,284,123,7924,2965,4959,680,488,192,485,254,231,105,57,48,1824,624,1200
316,District-Cachar,Total,18,26293,13736,12557,5651,5009,642,3029,2171,858,660,469,191,11947,3881,8066,1385,924,461,812,431,381,166,81,85,2643,770,1873
316,District-Cachar,Total,19,21437,10497,10940,4742,4131,611,2424,1692,732,456,307,149,10117,2891,7226,956,640,316,612,316,296,114,57,57,2016,463,1553
316,District-Cachar,Rural,5-19,172487,87371,85116,16586,14327,2259,10617,7412,3205,2505,1685,820,55170,21469,33701,5042,3286,1756,3896,2018,1878,879,454,425,77792,36720,41072
316,District-Cachar,Rural,5,25479,13117,12362,5,3,2,12,7,5,0,0,0,252,135,117,125,67,58,142,78,64,8,4,4,24935,12823,12112
316,District-Cachar,Rural,6,17699,8993,8706,16,12,4,11,6,5,2,2,0,413,202,211,105,50,55,104,57,47,11,5,6,17037,8659,8378
316,District-Cachar,Rural,7,7256,3612,3644,27,19,8,23,9,14,2,2,0,899,451,448,47,28,19,49,21,28,5,3,2,6204,3079,3125
316,District-Cachar,Rural,8,4928,2344,2584,40,29,11,31,9,22,4,1,3,988,511,477,40,21,19,43,20,23,7,4,3,3775,1749,2026
316,District-Cachar,Rural,9,4092,2038,2054,37,25,12,39,21,18,8,4,4,1055,533,522,37,21,16,56,23,33,8,6,2,2852,1405,1447
316,District-Cachar,Rural,10,5567,2645,2922,66,44,22,64,31,33,9,9,0,1561,767,794,55,33,22,87,41,46,19,7,12,3706,1713,1993
316,District-Cachar,Rural,11,4499,2171,2328,114,83,31,122,72,50,27,15,12,1655,768,887,75,47,28,87,39,48,24,15,9,2395,1132,1263
316,District-Cachar,Rural,12,6212,3029,3183,299,210,89,228,139,89,54,36,18,2700,1280,1420,124,77,47,173,95,78,42,20,22,2592,1172,1420
316,District-Cachar,Rural,13,6369,3148,3221,392,325,67,301,208,93,78,49,29,3104,1467,1637,168,97,71,143,67,76,55,30,25,2128,905,1223
316,District-Cachar,Rural,14,8387,4163,4224,760,621,139,543,352,191,149,91,58,4226,1898,2328,307,196,111,268,141,127,88,43,45,2046,821,1225
316,District-Cachar,Rural,15,12108,6238,5870,1435,1222,213,1062,768,294,343,217,126,5951,2533,3418,531,344,187,435,234,201,103,56,47,2248,864,1384
316,District-Cachar,Rural,16,14024,7210,6814,2049,1765,284,1453,1009,444,372,257,115,6783,2682,4101,674,439,235,483,248,235,141,75,66,2069,735,1334
316,District-Cachar,Rural,17,14174,7481,6693,2473,2176,297,1701,1214,487,387,268,119,6777,2515,4262,621,444,177,453,234,219,101,55,46,1661,575,1086
316,District-Cachar,Rural,18,23062,12036,11026,4813,4255,558,2796,2013,783,632,442,190,10279,3311,6968,1252,839,413,777,416,361,159,77,82,2354,683,1671
316,District-Cachar,Rural,19,18631,9146,9485,4060,3538,522,2231,1554,677,438,292,146,8527,2416,6111,881,583,298,596,304,292,108,54,54,1790,405,1385
316,District-Cachar,Urban,5-19,22610,11683,10927,2912,2508,404,828,582,246,110,93,17,8142,3194,4948,542,353,189,257,140,117,34,16,18,9785,4797,4988
316,District-Cachar,Urban,5,3692,1910,1782,1,1,0,0,0,0,1,1,0,29,16,13,17,9,8,20,7,13,0,0,0,3624,1876,1748
316,District-Cachar,Urban,6,2633,1358,1275,1,1,0,1,0,1,0,0,0,49,19,30,8,3,5,24,15,9,1,0,1,2549,1320,1229
316,District-Cachar,Urban,7,811,420,391,5,4,1,1,0,1,0,0,0,102,52,50,5,4,1,10,4,6,0,0,0,688,356,332
316,District-Cachar,Urban,8,502,263,239,8,5,3,1,1,0,0,0,0,113,56,57,4,2,2,7,3,4,0,0,0,369,196,173
316,District-Cachar,Urban,9,431,215,216,5,4,1,4,4,0,0,0,0,142,72,70,3,2,1,6,4,2,0,0,0,271,129,142
316,District-Cachar,Urban,10,590,297,293,17,13,4,2,2,0,0,0,0,175,87,88,17,8,9,12,8,4,0,0,0,367,179,188
316,District-Cachar,Urban,11,536,263,273,22,16,6,10,9,1,3,3,0,233,111,122,11,3,8,9,6,3,2,1,1,246,114,132
316,District-Cachar,Urban,12,661,374,287,64,52,12,16,10,6,3,2,1,315,164,151,27,14,13,14,8,6,1,0,1,221,124,97
316,District-Cachar,Urban,13,683,345,338,75,64,11,17,12,5,5,5,0,371,160,211,22,15,7,9,3,6,1,1,0,183,85,98
316,District-Cachar,Urban,14,956,523,433,155,122,33,53,38,15,5,4,1,511,250,261,41,27,14,11,4,7,4,2,2,176,76,100
316,District-Cachar,Urban,15,1430,725,705,276,225,51,61,39,22,11,7,4,770,309,461,62,40,22,22,12,10,5,2,3,223,91,132
316,District-Cachar,Urban,16,1663,891,772,336,281,55,103,77,26,16,13,3,927,403,524,58,40,18,30,19,11,3,1,2,190,57,133
316,District-Cachar,Urban,17,1985,1048,937,427,373,54,133,94,39,20,16,4,1147,450,697,59,44,15,32,20,12,4,2,2,163,49,114
316,District-Cachar,Urban,18,3231,1700,1531,838,754,84,233,158,75,28,27,1,1668,570,1098,133,85,48,35,15,20,7,4,3,289,87,202
316,District-Cachar,Urban,19,2806,1351,1455,682,593,89,193,138,55,18,15,3,1590,475,1115,75,57,18,16,12,4,6,3,3,226,58,168
317,District-Karimganj,Total,5-19,158564,80487,78077,13949,12537,1412,10112,7519,2593,2598,1881,717,53029,19809,33220,3579,2784,795,2817,1699,1118,843,453,390,71637,33805,37832
317,District-Karimganj,Total,5,25111,12755,12356,10,9,1,8,5,3,1,1,0,206,100,106,76,43,33,76,40,36,18,10,8,24716,12547,12169
317,District-Karimganj,Total,6,17116,8690,8426,10,7,3,12,7,5,2,1,1,371,187,184,52,33,19,62,30,32,23,14,9,16584,8411,8173
317,District-Karimganj,Total,7,6652,3252,3400,16,11,5,22,11,11,10,8,2,713,360,353,35,17,18,40,22,18,11,2,9,5805,2821,2984
317,District-Karimganj,Total,8,4522,2193,2329,22,12,10,23,16,7,6,4,2,877,430,447,31,19,12,35,18,17,9,5,4,3519,1689,1830
317,District-Karimganj,Total,9,3450,1683,1767,23,13,10,32,18,14,12,6,6,960,475,485,36,17,19,44,25,19,13,5,8,2330,1124,1206
317,District-Karimganj,Total,10,4710,2305,2405,52,38,14,55,32,23,17,8,9,1443,693,750,38,25,13,71,44,27,29,14,15,3005,1451,1554
317,District-Karimganj,Total,11,4048,2033,2015,123,106,17,106,65,41,30,21,9,1651,814,837,55,40,15,66,37,29,22,15,7,1995,935,1060
317,District-Karimganj,Total,12,5686,2897,2789,273,228,45,254,169,85,86,58,28,2713,1308,1405,102,71,31,156,90,66,58,31,27,2044,942,1102
317,District-Karimganj,Total,13,5896,3023,2873,327,283,44,311,216,95,86,71,15,3208,1475,1733,132,101,31,130,75,55,51,26,25,1651,776,875
317,District-Karimganj,Total,14,7976,4171,3805,718,634,84,623,461,162,196,146,50,4374,1943,2431,187,152,35,194,122,72,83,43,40,1601,670,931
317,District-Karimganj,Total,15,10791,5650,5141,1245,1099,146,1042,803,239,281,218,63,5756,2358,3398,377,296,81,294,183,111,97,52,45,1699,641,1058
317,District-Karimganj,Total,16,12817,6774,6043,1840,1650,190,1412,1091,321,388,283,105,6607,2511,4096,492,397,95,323,196,127,112,59,53,1643,587,1056
317,District-Karimganj,Total,17,12650,6625,6025,2189,1974,215,1529,1185,344,354,270,84,6403,2179,4224,441,354,87,300,190,110,70,44,26,1364,429,935
317,District-Karimganj,Total,18,20370,10417,9953,3847,3530,317,2609,1961,648,627,441,186,9625,2863,6762,852,701,151,582,365,217,148,84,64,2080,472,1608
317,District-Karimganj,Total,19,16769,8019,8750,3254,2943,311,2074,1479,595,502,345,157,8122,2113,6009,673,518,155,444,262,182,99,49,50,1601,310,1291
317,District-Karimganj,Rural,5-19,151061,76688,74373,13186,11906,1280,9810,7299,2511,2530,1819,711,49843,18555,31288,3492,2726,766,2765,1669,1096,839,449,390,68596,32265,36331
317,District-Karimganj,Rural,5,23857,12102,11755,10,9,1,8,5,3,1,1,0,195,94,101,72,41,31,68,35,33,18,10,8,23485,11907,11578
317,District-Karimganj,Rural,6,16178,8207,7971,9,6,3,11,7,4,2,1,1,342,170,172,46,28,18,57,28,29,23,14,9,15688,7953,7735
317,District-Karimganj,Rural,7,6411,3135,3276,16,11,5,22,11,11,10,8,2,655,329,326,35,17,18,38,22,16,11,2,9,5624,2735,2889
317,District-Karimganj,Rural,8,4362,2110,2252,19,12,7,22,15,7,6,4,2,821,400,421,31,19,12,34,17,17,9,5,4,3420,1638,1782
317,District-Karimganj,Rural,9,3321,1625,1696,21,13,8,30,17,13,12,6,6,915,458,457,35,17,18,43,25,18,13,5,8,2252,1084,1168
317,District-Karimganj,Rural,10,4546,2209,2337,51,38,13,53,31,22,17,8,9,1367,655,712,37,25,12,68,41,27,29,14,15,2924,1397,1527
317,District-Karimganj,Rural,11,3890,1951,1939,114,98,16,101,63,38,29,20,9,1565,770,795,54,39,15,65,37,28,22,15,7,1940,909,1031
317,District-Karimganj,Rural,12,5471,2785,2686,250,209,41,241,165,76,84,56,28,2594,1250,1344,100,70,30,155,90,65,58,31,27,1989,914,1075
317,District-Karimganj,Rural,13,5645,2906,2739,307,269,38,302,211,91,83,68,15,3047,1407,1640,127,98,29,129,74,55,51,26,25,1599,753,846
317,District-Karimganj,Rural,14,7674,3992,3682,678,603,75,604,445,159,193,143,50,4181,1846,2335,183,150,33,193,121,72,83,43,40,1559,641,918
317,District-Karimganj,Rural,15,10340,5411,4929,1191,1058,133,1019,787,232,272,210,62,5467,2220,3247,369,291,78,289,181,108,95,50,45,1638,614,1024
317,District-Karimganj,Rural,16,12294,6515,5779,1758,1582,176,1384,1072,312,380,277,103,6266,2374,3892,481,391,90,319,193,126,112,59,53,1594,567,1027
317,District-Karimganj,Rural,17,12013,6306,5707,2080,1881,199,1483,1149,334,343,260,83,5983,2024,3959,430,347,83,295,188,107,70,44,26,1329,413,916
317,District-Karimganj,Rural,18,19310,9866,9444,3624,3339,285,2522,1891,631,609,425,184,8991,2637,6354,834,686,148,578,362,216,147,83,64,2005,443,1562
317,District-Karimganj,Rural,19,15749,7568,8181,3058,2778,280,2008,1430,578,489,332,157,7454,1921,5533,658,507,151,434,255,179,98,48,50,1550,297,1253
317,District-Karimganj,Urban,5-19,7503,3799,3704,763,631,132,302,220,82,68,62,6,3186,1254,1932,87,58,29,52,30,22,4,4,0,3041,1540,1501
317,District-Karimganj,Urban,5,1254,653,601,0,0,0,0,0,0,0,0,0,11,6,5,4,2,2,8,5,3,0,0,0,1231,640,591
317,District-Karimganj,Urban,6,938,483,455,1,1,0,1,0,1,0,0,0,29,17,12,6,5,1,5,2,3,0,0,0,896,458,438
317,District-Karimganj,Urban,7,241,117,124,0,0,0,0,0,0,0,0,0,58,31,27,0,0,0,2,0,2,0,0,0,181,86,95
317,District-Karimganj,Urban,8,160,83,77,3,0,3,1,1,0,0,0,0,56,30,26,0,0,0,1,1,0,0,0,0,99,51,48
317,District-Karimganj,Urban,9,129,58,71,2,0,2,2,1,1,0,0,0,45,17,28,1,0,1,1,0,1,0,0,0,78,40,38
317,District-Karimganj,Urban,10,164,96,68,1,0,1,2,1,1,0,0,0,76,38,38,1,0,1,3,3,0,0,0,0,81,54,27
317,District-Karimganj,Urban,11,158,82,76,9,8,1,5,2,3,1,1,0,86,44,42,1,1,0,1,0,1,0,0,0,55,26,29
317,District-Karimganj,Urban,12,215,112,103,23,19,4,13,4,9,2,2,0,119,58,61,2,1,1,1,0,1,0,0,0,55,28,27
317,District-Karimganj,Urban,13,251,117,134,20,14,6,9,5,4,3,3,0,161,68,93,5,3,2,1,1,0,0,0,0,52,23,29
317,District-Karimganj,Urban,14,302,179,123,40,31,9,19,16,3,3,3,0,193,97,96,4,2,2,1,1,0,0,0,0,42,29,13
317,District-Karimganj,Urban,15,451,239,212,54,41,13,23,16,7,9,8,1,289,138,151,8,5,3,5,2,3,2,2,0,61,27,34
317,District-Karimganj,Urban,16,523,259,264,82,68,14,28,19,9,8,6,2,341,137,204,11,6,5,4,3,1,0,0,0,49,20,29
317,District-Karimganj,Urban,17,637,319,318,109,93,16,46,36,10,11,10,1,420,155,265,11,7,4,5,2,3,0,0,0,35,16,19
317,District-Karimganj,Urban,18,1060,551,509,223,191,32,87,70,17,18,16,2,634,226,408,18,15,3,4,3,1,1,1,0,75,29,46
317,District-Karimganj,Urban,19,1020,451,569,196,165,31,66,49,17,13,13,0,668,192,476,15,11,4,10,7,3,1,1,0,51,13,38
318,District-Hailakandi,Total,5-19,89277,44669,44608,7459,6560,899,4606,3546,1060,1164,790,374,26711,9785,16926,3014,2142,872,1613,962,651,390,241,149,44320,20643,23677
318,District-Hailakandi,Total,5,13975,7126,6849,5,4,1,0,0,0,0,0,0,110,54,56,34,16,18,54,27,27,12,7,5,13760,7018,6742
318,District-Hailakandi,Total,6,10119,5147,4972,2,2,0,2,2,0,3,2,1,175,83,92,37,20,17,29,20,9,5,0,5,9866,5018,4848
318,District-Hailakandi,Total,7,3989,1940,2049,4,2,2,1,0,1,1,0,1,292,148,144,20,12,8,23,10,13,4,2,2,3644,1766,1878
318,District-Hailakandi,Total,8,2789,1347,1442,11,10,1,6,5,1,1,1,0,413,197,216,27,17,10,16,10,6,3,3,0,2312,1104,1208
318,District-Hailakandi,Total,9,2300,1083,1217,7,7,0,3,0,3,2,2,0,419,179,240,28,15,13,26,13,13,5,1,4,1810,866,944
318,District-Hailakandi,Total,10,3235,1558,1677,25,15,10,35,21,14,3,2,1,801,380,421,42,23,19,38,25,13,9,5,4,2282,1087,1195
318,District-Hailakandi,Total,11,2250,1102,1148,54,46,8,41,29,12,8,5,3,777,365,412,51,33,18,46,25,21,12,8,4,1261,591,670
318,District-Hailakandi,Total,12,3499,1698,1801,157,132,25,115,79,36,39,28,11,1523,671,852,112,83,29,83,48,35,23,13,10,1447,644,803
318,District-Hailakandi,Total,13,3475,1591,1884,197,158,39,133,91,42,45,31,14,1750,733,1017,113,77,36,82,41,41,21,17,4,1134,443,691
318,District-Hailakandi,Total,14,4606,2186,2420,395,322,73,293,213,80,95,63,32,2321,912,1409,191,128,63,109,71,38,30,19,11,1172,458,714
318,District-Hailakandi,Total,15,6051,3082,2969,729,619,110,452,351,101,128,94,34,2982,1156,1826,335,255,80,174,109,65,45,29,16,1206,469,737
318,District-Hailakandi,Total,16,7085,3550,3535,978,872,106,654,503,151,171,126,45,3491,1241,2250,401,278,123,190,125,65,53,33,20,1147,372,775
318,District-Hailakandi,Total,17,6176,3219,2957,1054,922,132,669,533,136,165,114,51,2931,1009,1922,352,261,91,180,113,67,35,19,16,790,248,542
318,District-Hailakandi,Total,18,11228,5906,5322,2203,1981,222,1269,1005,264,274,187,87,4868,1561,3307,763,573,190,326,196,130,87,55,32,1438,348,1090
318,District-Hailakandi,Total,19,8500,4134,4366,1638,1468,170,933,714,219,229,135,94,3858,1096,2762,508,351,157,237,129,108,46,30,16,1051,211,840
318,District-Hailakandi,Rural,5-19,86530,43284,43246,7162,6313,849,4484,3465,1019,1137,778,359,25621,9330,16291,2971,2121,850,1593,951,642,380,237,143,43182,20089,23093
318,District-Hailakandi,Rural,5,13452,6859,6593,5,4,1,0,0,0,0,0,0,96,44,52,34,16,18,50,24,26,11,6,5,13256,6765,6491
318,District-Hailakandi,Rural,6,9801,4974,4827,2,2,0,2,2,0,3,2,1,161,76,85,35,20,15,29,20,9,4,0,4,9565,4852,4713
318,District-Hailakandi,Rural,7,3903,1902,2001,4,2,2,1,0,1,1,0,1,278,139,139,20,12,8,22,10,12,4,2,2,3573,1737,1836
318,District-Hailakandi,Rural,8,2754,1331,1423,11,10,1,6,5,1,1,1,0,399,192,207,27,17,10,16,10,6,3,3,0,2291,1093,1198
318,District-Hailakandi,Rural,9,2259,1064,1195,7,7,0,3,0,3,2,2,0,407,173,234,28,15,13,26,13,13,5,1,4,1781,853,928
318,District-Hailakandi,Rural,10,3158,1522,1636,24,14,10,34,20,14,3,2,1,773,368,405,41,23,18,37,24,13,9,5,4,2237,1066,1171
318,District-Hailakandi,Rural,11,2196,1075,1121,47,41,6,39,27,12,7,5,2,756,355,401,49,32,17,45,24,21,12,8,4,1241,583,658
318,District-Hailakandi,Rural,12,3402,1652,1750,148,124,24,112,78,34,39,28,11,1468,650,818,107,79,28,81,48,33,23,13,10,1424,632,792
318,District-Hailakandi,Rural,13,3401,1561,1840,189,155,34,128,87,41,43,30,13,1702,714,988,110,76,34,81,41,40,21,17,4,1127,441,686
318,District-Hailakandi,Rural,14,4484,2128,2356,379,311,68,284,207,77,93,61,32,2257,882,1375,187,127,60,108,71,37,30,19,11,1146,450,696
318,District-Hailakandi,Rural,15,5867,2995,2872,698,597,101,437,340,97,126,92,34,2868,1114,1754,330,252,78,174,109,65,44,28,16,1190,463,727
318,District-Hailakandi,Rural,16,6897,3454,3443,944,846,98,647,501,146,170,126,44,3373,1183,2190,398,278,120,188,123,65,51,33,18,1126,364,762
318,District-Hailakandi,Rural,17,5945,3093,2852,1008,882,126,648,518,130,162,112,50,2783,944,1839,349,261,88,178,112,66,35,19,16,782,245,537
318,District-Hailakandi,Rural,18,10847,5715,5132,2120,1908,212,1239,989,250,265,184,81,4650,1478,3172,754,567,187,322,194,128,85,53,32,1412,342,1070
318,District-Hailakandi,Rural,19,8164,3959,4205,1576,1410,166,904,691,213,222,133,89,3650,1018,2632,502,346,156,236,128,108,43,30,13,1031,203,828
318,District-Hailakandi,Urban,5-19,2747,1385,1362,297,247,50,122,81,41,27,12,15,1090,455,635,43,21,22,20,11,9,10,4,6,1138,554,584
318,District-Hailakandi,Urban,5,523,267,256,0,0,0,0,0,0,0,0,0,14,10,4,0,0,0,4,3,1,1,1,0,504,253,251
318,District-Hailakandi,Urban,6,318,173,145,0,0,0,0,0,0,0,0,0,14,7,7,2,0,2,0,0,0,1,0,1,301,166,135
318,District-Hailakandi,Urban,7,86,38,48,0,0,0,0,0,0,0,0,0,14,9,5,0,0,0,1,0,1,0,0,0,71,29,42
318,District-Hailakandi,Urban,8,35,16,19,0,0,0,0,0,0,0,0,0,14,5,9,0,0,0,0,0,0,0,0,0,21,11,10
318,District-Hailakandi,Urban,9,41,19,22,0,0,0,0,0,0,0,0,0,12,6,6,0,0,0,0,0,0,0,0,0,29,13,16
318,District-Hailakandi,Urban,10,77,36,41,1,1,0,1,1,0,0,0,0,28,12,16,1,0,1,1,1,0,0,0,0,45,21,24
318,District-Hailakandi,Urban,11,54,27,27,7,5,2,2,2,0,1,0,1,21,10,11,2,1,1,1,1,0,0,0,0,20,8,12
318,District-Hailakandi,Urban,12,97,46,51,9,8,1,3,1,2,0,0,0,55,21,34,5,4,1,2,0,2,0,0,0,23,12,11
318,District-Hailakandi,Urban,13,74,30,44,8,3,5,5,4,1,2,1,1,48,19,29,3,1,2,1,0,1,0,0,0,7,2,5
318,District-Hailakandi,Urban,14,122,58,64,16,11,5,9,6,3,2,2,0,64,30,34,4,1,3,1,0,1,0,0,0,26,8,18
318,District-Hailakandi,Urban,15,184,87,97,31,22,9,15,11,4,2,2,0,114,42,72,5,3,2,0,0,0,1,1,0,16,6,10
318,District-Hailakandi,Urban,16,188,96,92,34,26,8,7,2,5,1,0,1,118,58,60,3,0,3,2,2,0,2,0,2,21,8,13
318,District-Hailakandi,Urban,17,231,126,105,46,40,6,21,15,6,3,2,1,148,65,83,3,0,3,2,1,1,0,0,0,8,3,5
318,District-Hailakandi,Urban,18,381,191,190,83,73,10,30,16,14,9,3,6,218,83,135,9,6,3,4,2,2,2,2,0,26,6,20
318,District-Hailakandi,Urban,19,336,175,161,62,58,4,29,23,6,7,2,5,208,78,130,6,5,1,1,1,0,3,0,3,20,8,12
319,District-Bongaigaon,Total,5-19,84969,45743,39226,6926,6344,582,4268,2975,1293,1311,827,484,19241,7345,11896,3791,3356,435,2254,1567,687,761,462,299,46417,22867,23550
319,District-Bongaigaon,Total,5,13904,7153,6751,1,0,1,5,2,3,0,0,0,139,72,67,16,13,3,23,12,11,6,4,2,13714,7050,6664
319,District-Bongaigaon,Total,6,9811,5056,4755,2,2,0,0,0,0,1,0,1,141,64,77,19,13,6,18,7,11,4,1,3,9626,4969,4657
319,District-Bongaigaon,Total,7,4791,2435,2356,3,2,1,2,2,0,0,0,0,209,114,95,12,5,7,16,6,10,10,8,2,4539,2298,2241
319,District-Bongaigaon,Total,8,3355,1724,1631,6,5,1,6,1,5,0,0,0,278,142,136,18,10,8,12,7,5,19,11,8,3016,1548,1468
319,District-Bongaigaon,Total,9,2288,1167,1121,7,3,4,7,5,2,4,2,2,256,129,127,5,4,1,17,9,8,21,12,9,1971,1003,968
319,District-Bongaigaon,Total,10,3047,1651,1396,13,11,2,12,5,7,10,7,3,430,224,206,49,36,13,50,30,20,44,30,14,2439,1308,1131
319,District-Bongaigaon,Total,11,2225,1228,997,45,40,5,38,30,8,14,9,5,546,295,251,56,41,15,37,20,17,43,28,15,1446,765,681
319,District-Bongaigaon,Total,12,3262,1908,1354,133,115,18,82,61,21,39,31,8,940,502,438,139,124,15,130,85,45,58,42,16,1741,948,793
319,District-Bongaigaon,Total,13,3140,1801,1339,197,173,24,140,108,32,61,39,22,1087,558,529,146,124,22,150,103,47,55,42,13,1304,654,650
319,District-Bongaigaon,Total,14,3865,2273,1592,361,322,39,253,199,54,98,68,30,1432,685,747,260,232,28,204,168,36,74,45,29,1183,554,629
319,District-Bongaigaon,Total,15,5036,3152,1884,701,647,54,442,342,100,144,101,43,1786,844,942,467,410,57,280,210,70,85,60,25,1131,538,593
319,District-Bongaigaon,Total,16,5684,3639,2045,939,888,51,588,449,139,173,125,48,2096,968,1128,520,467,53,310,240,70,79,55,24,979,447,532
319,District-Bongaigaon,Total,17,5427,3350,2077,1014,957,57,609,466,143,198,150,48,2063,828,1235,494,451,43,249,182,67,63,37,26,737,279,458
319,District-Bongaigaon,Total,18,10390,5381,5009,1964,1811,153,1138,749,389,312,172,140,4033,1096,2937,943,866,77,439,307,132,109,48,61,1452,332,1120
319,District-Bongaigaon,Total,19,8744,3825,4919,1540,1368,172,946,556,390,257,123,134,3805,824,2981,647,560,87,319,181,138,91,39,52,1139,174,965
319,District-Bongaigaon,Rural,5-19,78891,42682,36209,6327,5819,508,4107,2860,1247,1248,786,462,17327,6584,10743,3636,3236,400,2192,1536,656,741,452,289,43313,21409,21904
319,District-Bongaigaon,Rural,5,12827,6602,6225,1,0,1,4,1,3,0,0,0,134,68,66,14,11,3,22,12,10,6,4,2,12646,6506,6140
319,District-Bongaigaon,Rural,6,9020,4659,4361,2,2,0,0,0,0,1,0,1,122,56,66,18,12,6,17,6,11,4,1,3,8856,4582,4274
319,District-Bongaigaon,Rural,7,4554,2311,2243,3,2,1,2,2,0,0,0,0,193,106,87,12,5,7,15,6,9,10,8,2,4319,2182,2137
319,District-Bongaigaon,Rural,8,3201,1642,1559,6,5,1,6,1,5,0,0,0,244,121,123,17,10,7,12,7,5,19,11,8,2897,1487,1410
319,District-Bongaigaon,Rural,9,2161,1111,1050,4,2,2,5,3,2,4,2,2,235,118,117,5,4,1,17,9,8,21,12,9,1870,961,909
319,District-Bongaigaon,Rural,10,2898,1576,1322,11,9,2,12,5,7,9,6,3,395,206,189,45,35,10,48,30,18,43,30,13,2335,1255,1080
319,District-Bongaigaon,Rural,11,2092,1146,946,41,36,5,36,28,8,12,7,5,502,266,236,54,40,14,35,19,16,42,27,15,1370,723,647
319,District-Bongaigaon,Rural,12,3104,1831,1273,127,109,18,77,56,21,38,31,7,873,473,400,133,119,14,126,84,42,56,41,15,1674,918,756
319,District-Bongaigaon,Rural,13,2937,1689,1248,180,162,18,137,106,31,56,36,20,996,507,489,138,119,19,146,101,45,54,41,13,1230,617,613
319,District-Bongaigaon,Rural,14,3629,2153,1476,332,302,30,245,195,50,95,68,27,1329,631,698,251,227,24,200,165,35,72,44,28,1105,521,584
319,District-Bongaigaon,Rural,15,4678,2965,1713,640,599,41,430,336,94,137,96,41,1613,766,847,454,402,52,274,209,65,83,58,25,1047,499,548
319,District-Bongaigaon,Rural,16,5278,3433,1845,873,832,41,571,436,135,168,121,47,1887,878,1009,499,453,46,303,235,68,75,53,22,902,425,477
319,District-Bongaigaon,Rural,17,4962,3105,1857,920,874,46,580,441,139,185,141,44,1823,732,1091,475,434,41,243,178,65,61,37,24,675,268,407
319,District-Bongaigaon,Rural,18,9585,4999,4586,1802,1663,139,1098,723,375,298,164,134,3609,956,2653,907,835,72,431,304,127,104,46,58,1336,308,1028
319,District-Bongaigaon,Rural,19,7965,3460,4505,1385,1222,163,904,527,377,245,114,131,3372,700,2672,614,530,84,303,171,132,91,39,52,1051,157,894
319,District-Bongaigaon,Urban,5-19,6078,3061,3017,599,525,74,161,115,46,63,41,22,1914,761,1153,155,120,35,62,31,31,20,10,10,3104,1458,1646
319,District-Bongaigaon,Urban,5,1077,551,526,0,0,0,1,1,0,0,0,0,5,4,1,2,2,0,1,0,1,0,0,0,1068,544,524
319,District-Bongaigaon,Urban,6,791,397,394,0,0,0,0,0,0,0,0,0,19,8,11,1,1,0,1,1,0,0,0,0,770,387,383
319,District-Bongaigaon,Urban,7,237,124,113,0,0,0,0,0,0,0,0,0,16,8,8,0,0,0,1,0,1,0,0,0,220,116,104
319,District-Bongaigaon,Urban,8,154,82,72,0,0,0,0,0,0,0,0,0,34,21,13,1,0,1,0,0,0,0,0,0,119,61,58
319,District-Bongaigaon,Urban,9,127,56,71,3,1,2,2,2,0,0,0,0,21,11,10,0,0,0,0,0,0,0,0,0,101,42,59
319,District-Bongaigaon,Urban,10,149,75,74,2,2,0,0,0,0,1,1,0,35,18,17,4,1,3,2,0,2,1,0,1,104,53,51
319,District-Bongaigaon,Urban,11,133,82,51,4,4,0,2,2,0,2,2,0,44,29,15,2,1,1,2,1,1,1,1,0,76,42,34
319,District-Bongaigaon,Urban,12,158,77,81,6,6,0,5,5,0,1,0,1,67,29,38,6,5,1,4,1,3,2,1,1,67,30,37
319,District-Bongaigaon,Urban,13,203,112,91,17,11,6,3,2,1,5,3,2,91,51,40,8,5,3,4,2,2,1,1,0,74,37,37
319,District-Bongaigaon,Urban,14,236,120,116,29,20,9,8,4,4,3,0,3,103,54,49,9,5,4,4,3,1,2,1,1,78,33,45
319,District-Bongaigaon,Urban,15,358,187,171,61,48,13,12,6,6,7,5,2,173,78,95,13,8,5,6,1,5,2,2,0,84,39,45
319,District-Bongaigaon,Urban,16,406,206,200,66,56,10,17,13,4,5,4,1,209,90,119,21,14,7,7,5,2,4,2,2,77,22,55
319,District-Bongaigaon,Urban,17,465,245,220,94,83,11,29,25,4,13,9,4,240,96,144,19,17,2,6,4,2,2,0,2,62,11,51
319,District-Bongaigaon,Urban,18,805,382,423,162,148,14,40,26,14,14,8,6,424,140,284,36,31,5,8,3,5,5,2,3,116,24,92
319,District-Bongaigaon,Urban,19,779,365,414,155,146,9,42,29,13,12,9,3,433,124,309,33,30,3,16,10,6,0,0,0,88,17,71
320,District-Chirang,Total,5-19,53314,26993,26321,3984,3057,927,2957,1728,1229,710,412,298,10181,4096,6085,3103,1984,1119,2564,1241,1323,552,277,275,29263,14198,15065
320,District-Chirang,Total,5,8134,4128,4006,2,1,1,2,0,2,0,0,0,54,24,30,93,44,49,61,35,26,5,3,2,7917,4021,3896
320,District-Chirang,Total,6,6068,3028,3040,4,3,1,7,2,5,0,0,0,85,44,41,83,33,50,71,35,36,9,6,3,5809,2905,2904
320,District-Chirang,Total,7,3280,1683,1597,9,5,4,6,1,5,0,0,0,152,77,75,72,32,40,34,20,14,11,6,5,2996,1542,1454
320,District-Chirang,Total,8,2206,1082,1124,10,8,2,7,3,4,2,1,1,159,78,81,53,30,23,38,18,20,11,4,7,1926,940,986
320,District-Chirang,Total,9,1732,885,847,8,5,3,15,7,8,5,2,3,200,117,83,45,26,19,32,17,15,16,7,9,1411,704,707
320,District-Chirang,Total,10,1908,1025,883,7,4,3,23,15,8,4,3,1,259,134,125,72,44,28,60,36,24,25,16,9,1458,773,685
320,District-Chirang,Total,11,1544,772,772,35,32,3,31,17,14,12,6,6,282,133,149,71,35,36,75,30,45,27,14,13,1011,505,506
320,District-Chirang,Total,12,2066,1089,977,93,70,23,61,34,27,28,18,10,530,269,261,120,72,48,130,53,77,31,18,13,1073,555,518
320,District-Chirang,Total,13,1901,970,931,117,91,26,102,55,47,23,12,11,546,259,287,130,79,51,111,60,51,42,20,22,830,394,436
320,District-Chirang,Total,14,2451,1289,1162,185,146,39,152,93,59,42,26,16,797,368,429,208,141,67,190,99,91,57,28,29,820,388,432
320,District-Chirang,Total,15,3147,1696,1451,333,265,68,290,186,104,63,43,20,936,425,511,346,235,111,303,162,141,66,37,29,810,343,467
320,District-Chirang,Total,16,3595,1966,1629,469,369,100,395,268,127,91,62,29,1159,513,646,341,232,109,300,161,139,66,30,36,774,331,443
320,District-Chirang,Total,17,3713,2021,1692,664,521,143,447,270,177,113,64,49,1150,486,664,357,253,104,289,143,146,45,19,26,648,265,383
320,District-Chirang,Total,18,6239,3031,3208,1079,830,249,772,438,334,175,102,73,2064,688,1376,616,409,207,474,212,262,83,46,37,976,306,670
320,District-Chirang,Total,19,5330,2328,3002,969,707,262,647,339,308,152,73,79,1808,481,1327,496,319,177,396,160,236,58,23,35,804,226,578
320,District-Chirang,Rural,5-19,50503,25511,24992,3704,2794,910,2806,1610,1196,679,392,287,9173,3702,5471,3045,1938,1107,2530,1222,1308,547,274,273,28019,13579,14440
320,District-Chirang,Rural,5,7761,3932,3829,2,1,1,2,0,2,0,0,0,54,24,30,92,43,49,56,32,24,5,3,2,7550,3829,3721
320,District-Chirang,Rural,6,5783,2874,2909,4,3,1,7,2,5,0,0,0,76,39,37,82,32,50,66,32,34,9,6,3,5539,2760,2779
320,District-Chirang,Rural,7,3144,1613,1531,8,4,4,5,0,5,0,0,0,142,72,70,72,32,40,34,20,14,11,6,5,2872,1479,1393
320,District-Chirang,Rural,8,2121,1030,1091,7,5,2,6,2,4,2,1,1,145,72,73,51,28,23,38,18,20,11,4,7,1861,900,961
320,District-Chirang,Rural,9,1679,856,823,8,5,3,14,7,7,5,2,3,190,110,80,45,26,19,32,17,15,16,7,9,1369,682,687
320,District-Chirang,Rural,10,1813,983,830,7,4,3,22,14,8,4,3,1,235,124,111,71,44,27,59,36,23,25,16,9,1390,742,648
320,District-Chirang,Rural,11,1460,727,733,33,30,3,27,14,13,11,5,6,247,114,133,69,34,35,74,30,44,26,14,12,973,486,487
320,District-Chirang,Rural,12,1969,1028,941,86,63,23,57,30,27,28,18,10,481,242,239,120,72,48,129,53,76,31,18,13,1037,532,505
320,District-Chirang,Rural,13,1805,919,886,105,79,26,99,53,46,22,12,10,512,243,269,128,78,50,109,58,51,42,20,22,788,376,412
320,District-Chirang,Rural,14,2328,1230,1098,177,139,38,146,91,55,40,25,15,729,334,395,205,138,67,190,99,91,56,28,28,785,376,409
320,District-Chirang,Rural,15,2972,1604,1368,317,251,66,278,176,102,57,39,18,844,385,459,338,229,109,299,162,137,66,37,29,773,325,448
320,District-Chirang,Rural,16,3397,1853,1544,438,341,97,377,256,121,90,61,29,1047,457,590,337,231,106,296,157,139,64,28,36,748,322,426
320,District-Chirang,Rural,17,3486,1891,1595,613,473,140,424,252,172,105,59,46,1037,443,594,345,243,102,287,143,144,45,19,26,630,259,371
320,District-Chirang,Rural,18,5834,2830,3004,1000,756,244,732,403,329,167,96,71,1856,633,1223,602,397,205,468,207,261,83,46,37,926,292,634
320,District-Chirang,Rural,19,4951,2141,2810,899,640,259,610,310,300,148,71,77,1578,410,1168,488,311,177,393,158,235,57,22,35,778,219,559
320,District-Chirang,Urban,5-19,2811,1482,1329,280,263,17,151,118,33,31,20,11,1008,394,614,58,46,12,34,19,15,5,3,2,1244,619,625
320,District-Chirang,Urban,5,373,196,177,0,0,0,0,0,0,0,0,0,0,0,0,1,1,0,5,3,2,0,0,0,367,192,175
320,District-Chirang,Urban,6,285,154,131,0,0,0,0,0,0,0,0,0,9,5,4,1,1,0,5,3,2,0,0,0,270,145,125
320,District-Chirang,Urban,7,136,70,66,1,1,0,1,1,0,0,0,0,10,5,5,0,0,0,0,0,0,0,0,0,124,63,61
320,District-Chirang,Urban,8,85,52,33,3,3,0,1,1,0,0,0,0,14,6,8,2,2,0,0,0,0,0,0,0,65,40,25
320,District-Chirang,Urban,9,53,29,24,0,0,0,1,0,1,0,0,0,10,7,3,0,0,0,0,0,0,0,0,0,42,22,20
320,District-Chirang,Urban,10,95,42,53,0,0,0,1,1,0,0,0,0,24,10,14,1,0,1,1,0,1,0,0,0,68,31,37
320,District-Chirang,Urban,11,84,45,39,2,2,0,4,3,1,1,1,0,35,19,16,2,1,1,1,0,1,1,0,1,38,19,19
320,District-Chirang,Urban,12,97,61,36,7,7,0,4,4,0,0,0,0,49,27,22,0,0,0,1,0,1,0,0,0,36,23,13
320,District-Chirang,Urban,13,96,51,45,12,12,0,3,2,1,1,0,1,34,16,18,2,1,1,2,2,0,0,0,0,42,18,24
320,District-Chirang,Urban,14,123,59,64,8,7,1,6,2,4,2,1,1,68,34,34,3,3,0,0,0,0,1,0,1,35,12,23
320,District-Chirang,Urban,15,175,92,83,16,14,2,12,10,2,6,4,2,92,40,52,8,6,2,4,0,4,0,0,0,37,18,19
320,District-Chirang,Urban,16,198,113,85,31,28,3,18,12,6,1,1,0,112,56,56,4,1,3,4,4,0,2,2,0,26,9,17
320,District-Chirang,Urban,17,227,130,97,51,48,3,23,18,5,8,5,3,113,43,70,12,10,2,2,0,2,0,0,0,18,6,12
320,District-Chirang,Urban,18,405,201,204,79,74,5,40,35,5,8,6,2,208,55,153,14,12,2,6,5,1,0,0,0,50,14,36
320,District-Chirang,Urban,19,379,187,192,70,67,3,37,29,8,4,2,2,230,71,159,8,8,0,3,2,1,1,1,0,26,7,19
321,District-Kamrup,Total,5-19,141995,75743,66252,12446,10439,2007,10625,6368,4257,3302,1853,1449,28540,12390,16150,6337,5100,1237,5761,2938,2823,2109,1088,1021,72875,35567,37308
321,District-Kamrup,Total,5,23001,11776,11225,7,6,1,2,0,2,4,1,3,190,94,96,99,56,43,130,68,62,33,16,17,22536,11535,11001
321,District-Kamrup,Total,6,16642,8340,8302,9,5,4,6,3,3,3,1,2,250,117,133,70,37,33,131,57,74,36,18,18,16137,8102,8035
321,District-Kamrup,Total,7,8328,4186,4142,21,14,7,12,8,4,0,0,0,442,212,230,37,23,14,79,38,41,34,23,11,7703,3868,3835
321,District-Kamrup,Total,8,5807,2841,2966,26,20,6,18,10,8,6,1,5,463,221,242,50,25,25,94,53,41,61,36,25,5089,2475,2614
321,District-Kamrup,Total,9,4120,2059,2061,26,19,7,29,14,15,13,6,7,497,244,253,43,30,13,81,43,38,75,39,36,3356,1664,1692
321,District-Kamrup,Total,10,4923,2510,2413,45,34,11,62,29,33,25,13,12,688,350,338,112,75,37,158,98,60,139,76,63,3694,1835,1859
321,District-Kamrup,Total,11,3666,2011,1655,118,98,20,109,63,46,32,18,14,766,406,360,105,73,32,195,106,89,117,73,44,2224,1174,1050
321,District-Kamrup,Total,12,5025,2772,2253,295,246,49,246,149,97,108,67,41,1198,605,593,261,210,51,327,181,146,198,113,85,2392,1201,1191
321,District-Kamrup,Total,13,4721,2706,2015,308,258,50,293,207,86,130,88,42,1323,687,636,319,274,45,374,225,149,181,100,81,1793,867,926
321,District-Kamrup,Total,14,5876,3438,2438,642,558,84,579,378,201,184,110,74,1896,1006,890,459,389,70,425,218,207,192,95,97,1499,684,815
321,District-Kamrup,Total,15,8227,5076,3151,1235,1091,144,954,614,340,346,222,124,2500,1241,1259,821,715,106,646,395,251,211,131,80,1514,667,847
321,District-Kamrup,Total,16,9502,5910,3592,1576,1386,190,1442,987,455,457,292,165,3100,1540,1560,826,712,114,652,395,257,217,119,98,1232,479,753
321,District-Kamrup,Total,17,9412,5651,3761,1773,1506,267,1545,1004,541,445,269,176,3344,1528,1816,762,652,110,528,301,227,152,73,79,863,318,545
321,District-Kamrup,Total,18,17276,9241,8035,3418,2873,545,2801,1640,1161,867,470,397,5988,2213,3775,1314,1054,260,1046,448,598,260,109,151,1582,434,1148
321,District-Kamrup,Total,19,15469,7226,8243,2947,2325,622,2527,1262,1265,682,295,387,5895,1926,3969,1059,775,284,895,312,583,203,67,136,1261,264,997
321,District-Kamrup,Rural,5-19,133699,71262,62437,11315,9538,1777,9956,5955,4001,3074,1704,1370,25762,11163,14599,6207,5021,1186,5657,2883,2774,2095,1081,1014,69633,33917,35716
321,District-Kamrup,Rural,5,21592,11024,10568,6,5,1,2,0,2,4,1,3,177,87,90,93,53,40,119,63,56,33,16,17,21158,10799,10359
321,District-Kamrup,Rural,6,15733,7870,7863,8,4,4,6,3,3,2,1,1,229,107,122,65,36,29,119,52,67,35,18,17,15269,7649,7620
321,District-Kamrup,Rural,7,8077,4057,4020,18,13,5,12,8,4,0,0,0,421,201,220,32,20,12,78,38,40,34,23,11,7482,3754,3728
321,District-Kamrup,Rural,8,5662,2768,2894,23,18,5,16,10,6,6,1,5,416,197,219,49,24,25,93,52,41,61,36,25,4998,2430,2568
321,District-Kamrup,Rural,9,4015,2006,2009,25,18,7,26,11,15,13,6,7,461,225,236,42,29,13,80,43,37,75,39,36,3293,1635,1658
321,District-Kamrup,Rural,10,4739,2423,2316,41,31,10,58,29,29,23,12,11,623,325,298,110,75,35,157,98,59,139,76,63,3588,1777,1811
321,District-Kamrup,Rural,11,3530,1940,1590,108,89,19,103,59,44,28,16,12,705,374,331,103,71,32,195,106,89,117,73,44,2171,1152,1019
321,District-Kamrup,Rural,12,4836,2661,2175,264,219,45,233,141,92,105,65,40,1119,564,555,256,209,47,324,180,144,198,113,85,2337,1170,1167
321,District-Kamrup,Rural,13,4505,2588,1917,284,239,45,278,197,81,118,80,38,1224,634,590,314,273,41,369,222,147,180,99,81,1738,844,894
321,District-Kamrup,Rural,14,5542,3256,2286,587,514,73,552,363,189,173,103,70,1726,924,802,453,384,69,420,216,204,190,94,96,1441,658,783
321,District-Kamrup,Rural,15,7723,4788,2935,1134,1007,127,899,576,323,324,208,116,2257,1131,1126,807,705,102,634,389,245,209,129,80,1459,643,816
321,District-Kamrup,Rural,16,8925,5576,3349,1458,1288,170,1371,943,428,430,275,155,2820,1403,1417,819,707,112,636,385,251,216,118,98,1175,457,718
321,District-Kamrup,Rural,17,8647,5192,3455,1603,1377,226,1452,936,516,414,246,168,2945,1323,1622,748,644,104,524,298,226,150,72,78,811,296,515
321,District-Kamrup,Rural,18,16024,8532,7492,3106,2614,492,2619,1526,1093,792,421,371,5418,1985,3433,1280,1031,249,1029,440,589,257,108,149,1523,407,1116
321,District-Kamrup,Rural,19,14149,6581,7568,2650,2102,548,2329,1153,1176,642,269,373,5221,1683,3538,1036,760,276,880,301,579,201,67,134,1190,246,944
321,District-Kamrup,Urban,5-19,8296,4481,3815,1131,901,230,669,413,256,228,149,79,2778,1227,1551,130,79,51,104,55,49,14,7,7,3242,1650,1592
321,District-Kamrup,Urban,5,1409,752,657,1,1,0,0,0,0,0,0,0,13,7,6,6,3,3,11,5,6,0,0,0,1378,736,642
321,District-Kamrup,Urban,6,909,470,439,1,1,0,0,0,0,1,0,1,21,10,11,5,1,4,12,5,7,1,0,1,868,453,415
321,District-Kamrup,Urban,7,251,129,122,3,1,2,0,0,0,0,0,0,21,11,10,5,3,2,1,0,1,0,0,0,221,114,107
321,District-Kamrup,Urban,8,145,73,72,3,2,1,2,0,2,0,0,0,47,24,23,1,1,0,1,1,0,0,0,0,91,45,46
321,District-Kamrup,Urban,9,105,53,52,1,1,0,3,3,0,0,0,0,36,19,17,1,1,0,1,0,1,0,0,0,63,29,34
321,District-Kamrup,Urban,10,184,87,97,4,3,1,4,0,4,2,1,1,65,25,40,2,0,2,1,0,1,0,0,0,106,58,48
321,District-Kamrup,Urban,11,136,71,65,10,9,1,6,4,2,4,2,2,61,32,29,2,2,0,0,0,0,0,0,0,53,22,31
321,District-Kamrup,Urban,12,189,111,78,31,27,4,13,8,5,3,2,1,79,41,38,5,1,4,3,1,2,0,0,0,55,31,24
321,District-Kamrup,Urban,13,216,118,98,24,19,5,15,10,5,12,8,4,99,53,46,5,1,4,5,3,2,1,1,0,55,23,32
321,District-Kamrup,Urban,14,334,182,152,55,44,11,27,15,12,11,7,4,170,82,88,6,5,1,5,2,3,2,1,1,58,26,32
321,District-Kamrup,Urban,15,504,288,216,101,84,17,55,38,17,22,14,8,243,110,133,14,10,4,12,6,6,2,2,0,55,24,31
321,District-Kamrup,Urban,16,577,334,243,118,98,20,71,44,27,27,17,10,280,137,143,7,5,2,16,10,6,1,1,0,57,22,35
321,District-Kamrup,Urban,17,765,459,306,170,129,41,93,68,25,31,23,8,399,205,194,14,8,6,4,3,1,2,1,1,52,22,30
321,District-Kamrup,Urban,18,1252,709,543,312,259,53,182,114,68,75,49,26,570,228,342,34,23,11,17,8,9,3,1,2,59,27,32
321,District-Kamrup,Urban,19,1320,645,675,297,223,74,198,109,89,40,26,14,674,243,431,23,15,8,15,11,4,2,0,2,71,18,53
322,District-Kamrup Metropolitan,Total,5-19,67332,34306,33026,8493,6754,1739,3204,1931,1273,543,385,158,18867,7387,11480,2980,1767,1213,1464,706,758,374,175,199,31407,15201,16206
322,District-Kamrup Metropolitan,Total,5,11648,6003,5645,16,15,1,10,4,6,0,0,0,179,98,81,114,68,46,100,49,51,7,4,3,11222,5765,5457
322,District-Kamrup Metropolitan,Total,6,8395,4304,4091,9,5,4,12,8,4,3,3,0,227,99,128,88,57,31,88,44,44,2,0,2,7966,4088,3878
322,District-Kamrup Metropolitan,Total,7,2952,1520,1432,26,21,5,11,5,6,0,0,0,325,164,161,66,34,32,50,25,25,4,4,0,2470,1267,1203
322,District-Kamrup Metropolitan,Total,8,1640,815,825,22,11,11,15,5,10,1,0,1,314,160,154,62,26,36,32,14,18,10,4,6,1184,595,589
322,District-Kamrup Metropolitan,Total,9,1521,770,751,17,8,9,12,4,8,2,2,0,366,182,184,61,34,27,40,20,20,16,6,10,1007,514,493
322,District-Kamrup Metropolitan,Total,10,2095,1025,1070,51,26,25,30,18,12,2,2,0,447,214,233,84,43,41,76,43,33,10,3,7,1395,676,719
322,District-Kamrup Metropolitan,Total,11,1711,864,847,105,74,31,48,21,27,6,2,4,576,292,284,103,55,48,49,21,28,18,12,6,806,387,419
322,District-Kamrup Metropolitan,Total,12,2124,1052,1072,201,144,57,75,40,35,10,6,4,794,346,448,151,71,80,68,36,32,23,10,13,802,399,403
322,District-Kamrup Metropolitan,Total,13,2136,1054,1082,258,188,70,86,46,40,14,8,6,880,418,462,168,94,74,84,36,48,29,17,12,617,247,370
322,District-Kamrup Metropolitan,Total,14,2703,1347,1356,443,322,121,160,88,72,25,17,8,1108,488,620,219,126,93,91,33,58,27,13,14,630,260,370
322,District-Kamrup Metropolitan,Total,15,3904,2048,1856,753,576,177,269,178,91,43,30,13,1630,756,874,352,197,155,143,73,70,40,17,23,674,221,453
322,District-Kamrup Metropolitan,Total,16,4364,2326,2038,900,707,193,386,257,129,63,46,17,1911,826,1085,329,193,136,136,63,73,48,21,27,591,213,378
322,District-Kamrup Metropolitan,Total,17,5062,2752,2310,1234,1015,219,481,303,178,100,68,32,2238,876,1362,321,208,113,121,75,46,34,12,22,533,195,338
322,District-Kamrup Metropolitan,Total,18,8565,4424,4141,2231,1842,389,823,512,311,136,105,31,3796,1285,2511,488,323,165,203,99,104,62,32,30,826,226,600
322,District-Kamrup Metropolitan,Total,19,8512,4002,4510,2227,1800,427,786,442,344,138,96,42,4076,1183,2893,374,238,136,183,75,108,44,20,24,684,148,536
322,District-Kamrup Metropolitan,Rural,5-19,19440,9981,9459,2046,1671,375,1376,843,533,252,159,93,4684,1835,2849,1299,779,520,692,314,378,234,109,125,8857,4271,4586
322,District-Kamrup Metropolitan,Rural,5,2872,1491,1381,3,3,0,1,0,1,0,0,0,36,18,18,35,23,12,18,8,10,5,3,2,2774,1436,1338
322,District-Kamrup Metropolitan,Rural,6,2141,1068,1073,0,0,0,0,0,0,0,0,0,49,17,32,31,19,12,19,8,11,2,0,2,2040,1024,1016
322,District-Kamrup Metropolitan,Rural,7,990,519,471,4,3,1,0,0,0,0,0,0,63,36,27,48,24,24,20,14,6,3,3,0,852,439,413
322,District-Kamrup Metropolitan,Rural,8,661,325,336,4,3,1,1,1,0,1,0,1,74,44,30,43,19,24,20,9,11,9,3,6,509,246,263
322,District-Kamrup Metropolitan,Rural,9,558,292,266,1,0,1,2,2,0,2,2,0,90,44,46,43,25,18,26,14,12,14,6,8,380,199,181
322,District-Kamrup Metropolitan,Rural,10,713,338,375,4,3,1,6,5,1,1,1,0,105,46,59,46,29,17,54,32,22,7,2,5,490,220,270
322,District-Kamrup Metropolitan,Rural,11,516,261,255,17,12,5,8,4,4,1,0,1,114,60,54,63,36,27,30,13,17,15,10,5,268,126,142
322,District-Kamrup Metropolitan,Rural,12,675,348,327,38,30,8,32,19,13,5,4,1,196,79,117,80,40,40,35,18,17,11,4,7,278,154,124
322,District-Kamrup Metropolitan,Rural,13,675,333,342,45,36,9,29,12,17,9,4,5,226,110,116,86,49,37,48,18,30,25,14,11,207,90,117
322,District-Kamrup Metropolitan,Rural,14,814,425,389,82,68,14,72,42,30,17,13,4,311,140,171,90,59,31,41,14,27,16,9,7,185,80,105
322,District-Kamrup Metropolitan,Rural,15,1174,660,514,182,156,26,125,84,41,19,11,8,452,227,225,132,81,51,67,34,33,21,11,10,176,56,120
322,District-Kamrup Metropolitan,Rural,16,1324,742,582,221,187,34,201,130,71,32,21,11,487,214,273,134,93,41,61,24,37,28,14,14,160,59,101
322,District-Kamrup Metropolitan,Rural,17,1472,833,639,325,277,48,208,142,66,43,25,18,546,215,331,125,80,45,68,41,27,18,7,11,139,46,93
322,District-Kamrup Metropolitan,Rural,18,2528,1299,1229,573,468,105,369,233,136,62,44,18,979,323,656,189,120,69,97,37,60,34,16,18,225,58,167
322,District-Kamrup Metropolitan,Rural,19,2327,1047,1280,547,425,122,322,169,153,60,34,26,956,262,694,154,82,72,88,30,58,26,7,19,174,38,136
322,District-Kamrup Metropolitan,Urban,5-19,47892,24325,23567,6447,5083,1364,1828,1088,740,291,226,65,14183,5552,8631,1681,988,693,772,392,380,140,66,74,22550,10930,11620
322,District-Kamrup Metropolitan,Urban,5,8776,4512,4264,13,12,1,9,4,5,0,0,0,143,80,63,79,45,34,82,41,41,2,1,1,8448,4329,4119
322,District-Kamrup Metropolitan,Urban,6,6254,3236,3018,9,5,4,12,8,4,3,3,0,178,82,96,57,38,19,69,36,33,0,0,0,5926,3064,2862
322,District-Kamrup Metropolitan,Urban,7,1962,1001,961,22,18,4,11,5,6,0,0,0,262,128,134,18,10,8,30,11,19,1,1,0,1618,828,790
322,District-Kamrup Metropolitan,Urban,8,979,490,489,18,8,10,14,4,10,0,0,0,240,116,124,19,7,12,12,5,7,1,1,0,675,349,326
322,District-Kamrup Metropolitan,Urban,9,963,478,485,16,8,8,10,2,8,0,0,0,276,138,138,18,9,9,14,6,8,2,0,2,627,315,312
322,District-Kamrup Metropolitan,Urban,10,1382,687,695,47,23,24,24,13,11,1,1,0,342,168,174,38,14,24,22,11,11,3,1,2,905,456,449
322,District-Kamrup Metropolitan,Urban,11,1195,603,592,88,62,26,40,17,23,5,2,3,462,232,230,40,19,21,19,8,11,3,2,1,538,261,277
322,District-Kamrup Metropolitan,Urban,12,1449,704,745,163,114,49,43,21,22,5,2,3,598,267,331,71,31,40,33,18,15,12,6,6,524,245,279
322,District-Kamrup Metropolitan,Urban,13,1461,721,740,213,152,61,57,34,23,5,4,1,654,308,346,82,45,37,36,18,18,4,3,1,410,157,253
322,District-Kamrup Metropolitan,Urban,14,1889,922,967,361,254,107,88,46,42,8,4,4,797,348,449,129,67,62,50,19,31,11,4,7,445,180,265
322,District-Kamrup Metropolitan,Urban,15,2730,1388,1342,571,420,151,144,94,50,24,19,5,1178,529,649,220,116,104,76,39,37,19,6,13,498,165,333
322,District-Kamrup Metropolitan,Urban,16,3040,1584,1456,679,520,159,185,127,58,31,25,6,1424,612,812,195,100,95,75,39,36,20,7,13,431,154,277
322,District-Kamrup Metropolitan,Urban,17,3590,1919,1671,909,738,171,273,161,112,57,43,14,1692,661,1031,196,128,68,53,34,19,16,5,11,394,149,245
322,District-Kamrup Metropolitan,Urban,18,6037,3125,2912,1658,1374,284,454,279,175,74,61,13,2817,962,1855,299,203,96,106,62,44,28,16,12,601,168,433
322,District-Kamrup Metropolitan,Urban,19,6185,2955,3230,1680,1375,305,464,273,191,78,62,16,3120,921,2199,220,156,64,95,45,50,18,13,5,510,110,400
323,District-Nalbari,Total,5-19,64771,34112,30659,4484,4029,455,3377,2398,979,909,645,264,16440,7114,9326,2025,1633,392,1308,820,488,467,284,183,35761,17189,18572
323,District-Nalbari,Total,5,11263,5722,5541,2,1,1,4,2,2,0,0,0,122,52,70,43,24,19,54,26,28,7,3,4,11031,5614,5417
323,District-Nalbari,Total,6,7882,3974,3908,3,1,2,1,0,1,0,0,0,125,73,52,35,24,11,39,17,22,9,1,8,7670,3858,3812
323,District-Nalbari,Total,7,3906,1914,1992,4,2,2,2,0,2,0,0,0,205,110,95,32,15,17,19,8,11,11,3,8,3633,1776,1857
323,District-Nalbari,Total,8,2518,1241,1277,10,6,4,7,4,3,0,0,0,229,119,110,12,7,5,20,8,12,20,13,7,2220,1084,1136
323,District-Nalbari,Total,9,1855,917,938,2,1,1,8,4,4,0,0,0,244,121,123,13,7,6,21,11,10,13,8,5,1554,765,789
323,District-Nalbari,Total,10,2237,1150,1087,13,9,4,22,17,5,3,2,1,319,165,154,48,30,18,32,21,11,37,19,18,1763,887,876
323,District-Nalbari,Total,11,1688,829,859,31,26,5,21,16,5,6,3,3,402,186,216,57,35,22,30,17,13,29,20,9,1112,526,586
323,District-Nalbari,Total,12,2155,1143,1012,98,83,15,81,48,33,27,21,6,630,327,303,77,61,16,61,35,26,42,27,15,1139,541,598
323,District-Nalbari,Total,13,2093,1171,922,138,119,19,110,81,29,33,26,7,714,372,342,75,63,12,75,52,23,32,18,14,916,440,476
323,District-Nalbari,Total,14,2466,1392,1074,196,178,18,152,118,34,49,36,13,1013,522,491,136,109,27,97,66,31,37,25,12,786,338,448
323,District-Nalbari,Total,15,3486,2129,1357,408,379,29,284,219,65,66,53,13,1435,751,684,245,205,40,156,118,38,57,41,16,835,363,472
323,District-Nalbari,Total,16,4003,2405,1598,500,449,51,394,298,96,134,104,30,1781,865,916,248,223,25,154,106,48,40,29,11,752,331,421
323,District-Nalbari,Total,17,4354,2485,1869,679,627,52,531,389,142,116,87,29,2035,860,1175,249,219,30,136,96,40,35,14,21,573,193,380
323,District-Nalbari,Total,18,7819,4153,3666,1245,1130,115,945,665,280,238,161,77,3724,1394,2330,415,340,75,228,137,91,68,44,24,956,282,674
323,District-Nalbari,Total,19,7046,3487,3559,1155,1018,137,815,537,278,237,152,85,3462,1197,2265,340,271,69,186,102,84,30,19,11,821,191,630
323,District-Nalbari,Rural,5-19,61032,32115,28917,4039,3634,405,3250,2299,951,868,612,256,15024,6515,8509,1953,1579,374,1291,810,481,463,283,180,34144,16383,17761
323,District-Nalbari,Rural,5,10547,5363,5184,2,1,1,4,2,2,0,0,0,110,47,63,41,23,18,52,26,26,7,3,4,10331,5261,5070
323,District-Nalbari,Rural,6,7446,3752,3694,3,1,2,1,0,1,0,0,0,112,66,46,31,22,9,36,16,20,9,1,8,7254,3646,3608
323,District-Nalbari,Rural,7,3775,1849,1926,2,1,1,2,0,2,0,0,0,194,105,89,32,15,17,19,8,11,11,3,8,3515,1717,1798
323,District-Nalbari,Rural,8,2441,1197,1244,10,6,4,7,4,3,0,0,0,204,100,104,12,7,5,20,8,12,20,13,7,2168,1059,1109
323,District-Nalbari,Rural,9,1805,888,917,2,1,1,7,4,3,0,0,0,228,112,116,13,7,6,21,11,10,13,8,5,1521,745,776
323,District-Nalbari,Rural,10,2162,1107,1055,13,9,4,21,16,5,3,2,1,299,153,146,46,28,18,32,21,11,37,19,18,1711,859,852
323,District-Nalbari,Rural,11,1635,803,832,28,24,4,21,16,5,6,3,3,380,176,204,56,35,21,28,16,12,29,20,9,1087,513,574
323,District-Nalbari,Rural,12,2062,1083,979,89,76,13,76,43,33,26,20,6,583,300,283,74,59,15,60,34,26,42,27,15,1112,524,588
323,District-Nalbari,Rural,13,1990,1113,877,120,104,16,101,74,27,31,25,6,666,349,317,75,63,12,74,51,23,32,18,14,891,429,462
323,District-Nalbari,Rural,14,2335,1325,1010,182,166,16,147,115,32,48,35,13,932,485,447,132,106,26,96,65,31,37,25,12,761,328,433
323,District-Nalbari,Rural,15,3248,1986,1262,363,341,22,275,211,64,64,52,12,1297,679,618,233,196,37,156,118,38,55,41,14,805,348,457
323,District-Nalbari,Rural,16,3752,2261,1491,457,412,45,385,290,95,127,99,28,1630,789,841,240,217,23,152,104,48,40,29,11,721,321,400
323,District-Nalbari,Rural,17,4055,2327,1728,620,573,47,509,373,136,110,81,29,1854,797,1057,240,210,30,132,94,38,34,14,20,556,185,371
323,District-Nalbari,Rural,18,7238,3851,3387,1108,1001,107,916,641,275,230,154,76,3374,1280,2094,397,327,70,227,136,91,68,44,24,918,268,650
323,District-Nalbari,Rural,19,6541,3210,3331,1040,918,122,778,510,268,223,141,82,3161,1077,2084,331,264,67,186,102,84,29,18,11,793,180,613
323,District-Nalbari,Urban,5-19,3739,1997,1742,445,395,50,127,99,28,41,33,8,1416,599,817,72,54,18,17,10,7,4,1,3,1617,806,811
323,District-Nalbari,Urban,5,716,359,357,0,0,0,0,0,0,0,0,0,12,5,7,2,1,1,2,0,2,0,0,0,700,353,347
323,District-Nalbari,Urban,6,436,222,214,0,0,0,0,0,0,0,0,0,13,7,6,4,2,2,3,1,2,0,0,0,416,212,204
323,District-Nalbari,Urban,7,131,65,66,2,1,1,0,0,0,0,0,0,11,5,6,0,0,0,0,0,0,0,0,0,118,59,59
323,District-Nalbari,Urban,8,77,44,33,0,0,0,0,0,0,0,0,0,25,19,6,0,0,0,0,0,0,0,0,0,52,25,27
323,District-Nalbari,Urban,9,50,29,21,0,0,0,1,0,1,0,0,0,16,9,7,0,0,0,0,0,0,0,0,0,33,20,13
323,District-Nalbari,Urban,10,75,43,32,0,0,0,1,1,0,0,0,0,20,12,8,2,2,0,0,0,0,0,0,0,52,28,24
323,District-Nalbari,Urban,11,53,26,27,3,2,1,0,0,0,0,0,0,22,10,12,1,0,1,2,1,1,0,0,0,25,13,12
323,District-Nalbari,Urban,12,93,60,33,9,7,2,5,5,0,1,1,0,47,27,20,3,2,1,1,1,0,0,0,0,27,17,10
323,District-Nalbari,Urban,13,103,58,45,18,15,3,9,7,2,2,1,1,48,23,25,0,0,0,1,1,0,0,0,0,25,11,14
323,District-Nalbari,Urban,14,131,67,64,14,12,2,5,3,2,1,1,0,81,37,44,4,3,1,1,1,0,0,0,0,25,10,15
323,District-Nalbari,Urban,15,238,143,95,45,38,7,9,8,1,2,1,1,138,72,66,12,9,3,0,0,0,2,0,2,30,15,15
323,District-Nalbari,Urban,16,251,144,107,43,37,6,9,8,1,7,5,2,151,76,75,8,6,2,2,2,0,0,0,0,31,10,21
323,District-Nalbari,Urban,17,299,158,141,59,54,5,22,16,6,6,6,0,181,63,118,9,9,0,4,2,2,1,0,1,17,8,9
323,District-Nalbari,Urban,18,581,302,279,137,129,8,29,24,5,8,7,1,350,114,236,18,13,5,1,1,0,0,0,0,38,14,24
323,District-Nalbari,Urban,19,505,277,228,115,100,15,37,27,10,14,11,3,301,120,181,9,7,2,0,0,0,1,1,0,28,11,17
324,District-Baksa,Total,5-19,90436,45850,44586,7785,6114,1671,6951,4020,2931,1704,996,708,19907,8337,11570,3649,2370,1279,3534,1696,1838,718,327,391,46188,21990,24198
324,District-Baksa,Total,5,14153,7209,6944,4,3,1,3,2,1,4,2,2,125,69,56,104,61,43,132,60,72,11,6,5,13770,7006,6764
324,District-Baksa,Total,6,10118,5092,5026,6,3,3,10,7,3,0,0,0,152,71,81,66,34,32,101,48,53,3,1,2,9780,4928,4852
324,District-Baksa,Total,7,4922,2433,2489,13,9,4,9,5,4,6,4,2,280,129,151,48,29,19,59,33,26,5,2,3,4502,2222,2280
324,District-Baksa,Total,8,2998,1501,1497,18,14,4,9,4,5,1,0,1,288,146,142,39,22,17,57,28,29,5,3,2,2581,1284,1297
324,District-Baksa,Total,9,2452,1203,1249,17,9,8,20,7,13,8,5,3,346,185,161,35,17,18,63,26,37,10,5,5,1953,949,1004
324,District-Baksa,Total,10,2935,1488,1447,24,12,12,24,18,6,11,6,5,435,218,217,62,29,33,84,48,36,17,5,12,2278,1152,1126
324,District-Baksa,Total,11,2306,1171,1135,48,35,13,56,34,22,18,7,11,487,252,235,72,42,30,84,45,39,24,10,14,1517,746,771
324,District-Baksa,Total,12,3073,1529,1544,149,99,50,149,88,61,47,24,23,927,444,483,94,58,36,146,80,66,43,16,27,1518,720,798
324,District-Baksa,Total,13,3169,1615,1554,195,153,42,207,119,88,48,29,19,1028,531,497,129,77,52,181,98,83,36,19,17,1345,589,756
324,District-Baksa,Total,14,4048,2090,1958,374,304,70,365,229,136,104,60,44,1436,685,751,217,146,71,249,117,132,65,33,32,1238,516,722
324,District-Baksa,Total,15,5440,2919,2521,668,559,109,619,397,222,188,114,74,1866,858,1008,407,277,130,356,184,172,87,46,41,1249,484,765
324,District-Baksa,Total,16,6292,3440,2852,884,731,153,870,528,342,231,150,81,2274,1054,1220,432,304,128,413,220,193,96,50,46,1092,403,689
324,District-Baksa,Total,17,6864,3712,3152,1206,978,228,1054,639,415,249,159,90,2388,1038,1350,497,331,166,421,193,228,82,41,41,967,333,634
324,District-Baksa,Total,18,11329,5724,5605,2126,1689,437,1817,1043,774,435,257,178,4140,1496,2644,757,512,245,618,279,339,132,54,78,1304,394,910
324,District-Baksa,Total,19,10337,4724,5613,2053,1516,537,1739,900,839,354,179,175,3735,1161,2574,690,431,259,570,237,333,102,36,66,1094,264,830
324,District-Baksa,Rural,5-19,89244,45242,44002,7676,6010,1666,6884,3974,2910,1698,995,703,19608,8223,11385,3604,2327,1277,3506,1678,1828,718,327,391,45550,21708,23842
324,District-Baksa,Rural,5,13971,7128,6843,4,3,1,3,2,1,4,2,2,125,69,56,104,61,43,130,59,71,11,6,5,13590,6926,6664
324,District-Baksa,Rural,6,9995,5033,4962,6,3,3,10,7,3,0,0,0,150,71,79,66,34,32,99,46,53,3,1,2,9661,4871,4790
324,District-Baksa,Rural,7,4856,2407,2449,13,9,4,8,4,4,6,4,2,276,128,148,48,29,19,59,33,26,5,2,3,4441,2198,2243
324,District-Baksa,Rural,8,2949,1480,1469,18,14,4,9,4,5,1,0,1,287,145,142,39,22,17,57,28,29,5,3,2,2533,1264,1269
324,District-Baksa,Rural,9,2415,1188,1227,17,9,8,18,7,11,8,5,3,343,185,158,35,17,18,63,26,37,10,5,5,1921,934,987
324,District-Baksa,Rural,10,2891,1465,1426,24,12,12,24,18,6,11,6,5,428,215,213,62,29,33,84,48,36,17,5,12,2241,1132,1109
324,District-Baksa,Rural,11,2277,1158,1119,48,35,13,56,34,22,17,7,10,481,248,233,72,42,30,84,45,39,24,10,14,1495,737,758
324,District-Baksa,Rural,12,3031,1504,1527,148,98,50,142,83,59,47,24,23,914,438,476,93,57,36,145,79,66,43,16,27,1499,709,790
324,District-Baksa,Rural,13,3125,1593,1532,190,148,42,203,116,87,48,29,19,1016,526,490,128,76,52,177,96,81,36,19,17,1327,583,744
324,District-Baksa,Rural,14,3996,2062,1934,367,298,69,363,227,136,104,60,44,1417,677,740,215,144,71,246,115,131,65,33,32,1219,508,711
324,District-Baksa,Rural,15,5382,2887,2495,662,553,109,616,394,222,188,114,74,1845,849,996,401,271,130,356,184,172,87,46,41,1227,476,751
324,District-Baksa,Rural,16,6223,3399,2824,874,722,152,860,522,338,231,150,81,2243,1038,1205,428,300,128,412,219,193,96,50,46,1079,398,681
324,District-Baksa,Rural,17,6766,3646,3120,1188,960,228,1052,638,414,249,159,90,2343,1015,1328,484,319,165,417,190,227,82,41,41,951,324,627
324,District-Baksa,Rural,18,11183,5640,5543,2093,1659,434,1799,1031,768,431,256,175,4077,1473,2604,747,503,244,612,276,336,132,54,78,1292,388,904
324,District-Baksa,Rural,19,10184,4652,5532,2024,1487,537,1721,887,834,353,179,174,3663,1146,2517,682,423,259,565,234,331,102,36,66,1074,260,814
324,District-Baksa,Urban,5-19,1192,608,584,109,104,5,67,46,21,6,1,5,299,114,185,45,43,2,28,18,10,0,0,0,638,282,356
324,District-Baksa,Urban,5,182,81,101,0,0,0,0,0,0,0,0,0,0,0,0,0,0,0,2,1,1,0,0,0,180,80,100
324,District-Baksa,Urban,6,123,59,64,0,0,0,0,0,0,0,0,0,2,0,2,0,0,0,2,2,0,0,0,0,119,57,62
324,District-Baksa,Urban,7,66,26,40,0,0,0,1,1,0,0,0,0,4,1,3,0,0,0,0,0,0,0,0,0,61,24,37
324,District-Baksa,Urban,8,49,21,28,0,0,0,0,0,0,0,0,0,1,1,0,0,0,0,0,0,0,0,0,0,48,20,28
324,District-Baksa,Urban,9,37,15,22,0,0,0,2,0,2,0,0,0,3,0,3,0,0,0,0,0,0,0,0,0,32,15,17
324,District-Baksa,Urban,10,44,23,21,0,0,0,0,0,0,0,0,0,7,3,4,0,0,0,0,0,0,0,0,0,37,20,17
324,District-Baksa,Urban,11,29,13,16,0,0,0,0,0,0,1,0,1,6,4,2,0,0,0,0,0,0,0,0,0,22,9,13
324,District-Baksa,Urban,12,42,25,17,1,1,0,7,5,2,0,0,0,13,6,7,1,1,0,1,1,0,0,0,0,19,11,8
324,District-Baksa,Urban,13,44,22,22,5,5,0,4,3,1,0,0,0,12,5,7,1,1,0,4,2,2,0,0,0,18,6,12
324,District-Baksa,Urban,14,52,28,24,7,6,1,2,2,0,0,0,0,19,8,11,2,2,0,3,2,1,0,0,0,19,8,11
324,District-Baksa,Urban,15,58,32,26,6,6,0,3,3,0,0,0,0,21,9,12,6,6,0,0,0,0,0,0,0,22,8,14
324,District-Baksa,Urban,16,69,41,28,10,9,1,10,6,4,0,0,0,31,16,15,4,4,0,1,1,0,0,0,0,13,5,8
324,District-Baksa,Urban,17,98,66,32,18,18,0,2,1,1,0,0,0,45,23,22,13,12,1,4,3,1,0,0,0,16,9,7
324,District-Baksa,Urban,18,146,84,62,33,30,3,18,12,6,4,1,3,63,23,40,10,9,1,6,3,3,0,0,0,12,6,6
324,District-Baksa,Urban,19,153,72,81,29,29,0,18,13,5,1,0,1,72,15,57,8,8,0,5,3,2,0,0,0,20,4,16
325,District-Darrang,Total,5-19,127796,69572,58224,7598,6869,729,4731,3322,1409,1157,703,454,19750,7942,11808,7484,6666,818,4487,3057,1430,964,633,331,81625,40380,41245
325,District-Darrang,Total,5,20376,10434,9942,3,3,0,3,1,2,3,2,1,156,78,78,60,37,23,58,23,35,10,5,5,20083,10285,9798
325,District-Darrang,Total,6,15612,7949,7663,3,1,2,3,3,0,1,0,1,193,96,97,49,36,13,51,27,24,9,4,5,15303,7782,7521
325,District-Darrang,Total,7,9392,4822,4570,5,4,1,7,3,4,1,0,1,250,120,130,47,30,17,49,20,29,25,17,8,9008,4628,4380
325,District-Darrang,Total,8,7225,3755,3470,6,5,1,11,6,5,2,1,1,317,156,161,49,28,21,50,28,22,28,14,14,6762,3517,3245
325,District-Darrang,Total,9,5091,2751,2340,10,8,2,10,6,4,8,5,3,363,204,159,57,42,15,77,41,36,35,22,13,4531,2423,2108
325,District-Darrang,Total,10,6300,3445,2855,21,17,4,39,25,14,7,4,3,623,329,294,115,100,15,177,115,62,54,34,20,5264,2821,2443
325,District-Darrang,Total,11,4411,2441,1970,66,54,12,52,39,13,24,18,6,678,361,317,129,113,16,153,103,50,44,30,14,3265,1723,1542
325,District-Darrang,Total,12,5865,3484,2381,172,156,16,142,113,29,59,45,14,1153,597,556,387,344,43,325,237,88,73,57,16,3554,1935,1619
325,District-Darrang,Total,13,4948,2872,2076,254,227,27,208,163,45,51,38,13,1214,607,607,352,307,45,314,236,78,75,52,23,2480,1242,1238
325,District-Darrang,Total,14,5538,3460,2078,457,421,36,314,257,57,85,62,23,1448,733,715,595,549,46,383,294,89,100,77,23,2156,1067,1089
325,District-Darrang,Total,15,6870,4447,2423,803,753,50,505,409,96,152,109,43,1793,884,909,918,846,72,561,440,121,105,80,25,2033,926,1107
325,District-Darrang,Total,16,7205,4699,2506,1055,998,57,611,480,131,132,80,52,1923,874,1049,1072,998,74,566,451,115,110,79,31,1736,739,997
325,District-Darrang,Total,17,6678,4094,2584,1203,1103,100,656,481,175,145,96,49,2041,788,1253,906,828,78,452,322,130,67,40,27,1208,436,772
325,District-Darrang,Total,18,11984,6294,5690,1965,1753,212,1158,744,414,259,130,129,3932,1198,2734,1544,1378,166,726,458,268,122,71,51,2278,562,1716
325,District-Darrang,Total,19,10301,4625,5676,1575,1366,209,1012,592,420,228,113,115,3666,917,2749,1204,1030,174,545,262,283,107,51,56,1964,294,1670
325,District-Darrang,Rural,5-19,124283,67719,56564,7109,6429,680,4620,3231,1389,1117,672,445,18643,7526,11117,7388,6595,793,4458,3034,1424,953,626,327,79995,39606,40389
325,District-Darrang,Rural,5,19769,10124,9645,2,2,0,3,1,2,3,2,1,144,72,72,59,37,22,58,23,35,10,5,5,19490,9982,9508
325,District-Darrang,Rural,6,15234,7757,7477,3,1,2,3,3,0,1,0,1,180,92,88,49,36,13,51,27,24,8,3,5,14939,7595,7344
325,District-Darrang,Rural,7,9274,4763,4511,5,4,1,7,3,4,1,0,1,239,115,124,47,30,17,49,20,29,25,17,8,8901,4574,4327
325,District-Darrang,Rural,8,7142,3716,3426,6,5,1,11,6,5,2,1,1,304,151,153,49,28,21,50,28,22,28,14,14,6692,3483,3209
325,District-Darrang,Rural,9,5035,2721,2314,9,7,2,10,6,4,8,5,3,350,198,152,57,42,15,77,41,36,35,22,13,4489,2400,2089
325,District-Darrang,Rural,10,6197,3390,2807,21,17,4,39,25,14,7,4,3,601,314,287,114,100,14,177,115,62,54,34,20,5184,2781,2403
325,District-Darrang,Rural,11,4346,2407,1939,62,51,11,52,39,13,23,17,6,659,353,306,129,113,16,153,103,50,44,30,14,3224,1701,1523
325,District-Darrang,Rural,12,5766,3430,2336,163,150,13,140,112,28,57,43,14,1113,576,537,386,343,43,325,237,88,70,56,14,3512,1913,1599
325,District-Darrang,Rural,13,4834,2818,2016,236,212,24,205,160,45,48,36,12,1155,584,571,351,307,44,314,236,78,73,52,21,2452,1231,1221
325,District-Darrang,Rural,14,5408,3391,2017,436,404,32,309,252,57,84,61,23,1392,706,686,585,544,41,379,290,89,100,77,23,2123,1057,1066
325,District-Darrang,Rural,15,6651,4332,2319,771,726,45,494,399,95,147,105,42,1691,834,857,902,836,66,559,438,121,104,79,25,1983,915,1068
325,District-Darrang,Rural,16,6933,4543,2390,995,942,53,596,466,130,129,77,52,1795,827,968,1055,985,70,560,447,113,110,79,31,1693,720,973
325,District-Darrang,Rural,17,6395,3921,2474,1124,1029,95,635,465,170,138,89,49,1914,740,1174,892,817,75,449,320,129,66,39,27,1177,422,755
325,District-Darrang,Rural,18,11476,6013,5463,1829,1633,196,1128,720,408,250,124,126,3680,1103,2577,1528,1364,164,717,452,265,120,69,51,2224,548,1676
325,District-Darrang,Rural,19,9823,4393,5430,1447,1246,201,988,574,414,219,108,111,3426,861,2565,1185,1013,172,540,257,283,106,50,56,1912,284,1628
325,District-Darrang,Urban,5-19,3513,1853,1660,489,440,49,111,91,20,40,31,9,1107,416,691,96,71,25,29,23,6,11,7,4,1630,774,856
325,District-Darrang,Urban,5,607,310,297,1,1,0,0,0,0,0,0,0,12,6,6,1,0,1,0,0,0,0,0,0,593,303,290
325,District-Darrang,Urban,6,378,192,186,0,0,0,0,0,0,0,0,0,13,4,9,0,0,0,0,0,0,1,1,0,364,187,177
325,District-Darrang,Urban,7,118,59,59,0,0,0,0,0,0,0,0,0,11,5,6,0,0,0,0,0,0,0,0,0,107,54,53
325,District-Darrang,Urban,8,83,39,44,0,0,0,0,0,0,0,0,0,13,5,8,0,0,0,0,0,0,0,0,0,70,34,36
325,District-Darrang,Urban,9,56,30,26,1,1,0,0,0,0,0,0,0,13,6,7,0,0,0,0,0,0,0,0,0,42,23,19
325,District-Darrang,Urban,10,103,55,48,0,0,0,0,0,0,0,0,0,22,15,7,1,0,1,0,0,0,0,0,0,80,40,40
325,District-Darrang,Urban,11,65,34,31,4,3,1,0,0,0,1,1,0,19,8,11,0,0,0,0,0,0,0,0,0,41,22,19
325,District-Darrang,Urban,12,99,54,45,9,6,3,2,1,1,2,2,0,40,21,19,1,1,0,0,0,0,3,1,2,42,22,20
325,District-Darrang,Urban,13,114,54,60,18,15,3,3,3,0,3,2,1,59,23,36,1,0,1,0,0,0,2,0,2,28,11,17
325,District-Darrang,Urban,14,130,69,61,21,17,4,5,5,0,1,1,0,56,27,29,10,5,5,4,4,0,0,0,0,33,10,23
325,District-Darrang,Urban,15,219,115,104,32,27,5,11,10,1,5,4,1,102,50,52,16,10,6,2,2,0,1,1,0,50,11,39
325,District-Darrang,Urban,16,272,156,116,60,56,4,15,14,1,3,3,0,128,47,81,17,13,4,6,4,2,0,0,0,43,19,24
325,District-Darrang,Urban,17,283,173,110,79,74,5,21,16,5,7,7,0,127,48,79,14,11,3,3,2,1,1,1,0,31,14,17
325,District-Darrang,Urban,18,508,281,227,136,120,16,30,24,6,9,6,3,252,95,157,16,14,2,9,6,3,2,2,0,54,14,40
325,District-Darrang,Urban,19,478,232,246,128,120,8,24,18,6,9,5,4,240,56,184,19,17,2,5,5,0,1,1,0,52,10,42
326,District-Udalguri,Total,5-19,90860,45815,45045,7460,5721,1739,5495,3185,2310,1048,593,455,17836,7460,10376,5114,3183,1931,3631,1686,1945,753,357,396,49523,23630,25893
326,District-Udalguri,Total,5,13322,6841,6481,3,3,0,10,1,9,0,0,0,177,90,87,49,30,19,68,43,25,13,4,9,13002,6670,6332
326,District-Udalguri,Total,6,10065,5037,5028,2,1,1,2,0,2,2,1,1,238,117,121,41,25,16,63,36,27,16,9,7,9701,4848,4853
326,District-Udalguri,Total,7,5084,2538,2546,4,3,1,12,5,7,4,2,2,250,113,137,28,20,8,36,16,20,9,6,3,4741,2373,2368
326,District-Udalguri,Total,8,3746,1842,1904,14,7,7,10,5,5,0,0,0,297,135,162,22,14,8,42,15,27,12,6,6,3349,1660,1689
326,District-Udalguri,Total,9,2857,1399,1458,10,5,5,15,9,6,4,3,1,309,159,150,34,19,15,32,12,20,12,5,7,2441,1187,1254
326,District-Udalguri,Total,10,3465,1730,1735,26,14,12,26,10,16,7,3,4,467,262,205,65,43,22,75,38,37,18,10,8,2781,1350,1431
326,District-Udalguri,Total,11,2854,1425,1429,63,48,15,69,37,32,15,6,9,560,272,288,90,58,32,87,44,43,26,13,13,1944,947,997
326,District-Udalguri,Total,12,3913,1988,1925,162,118,44,137,84,53,38,23,15,1010,484,526,161,101,60,154,80,74,49,26,23,2202,1072,1130
326,District-Udalguri,Total,13,3495,1752,1743,197,152,45,156,94,62,31,14,17,1096,538,558,206,133,73,153,78,75,51,26,25,1605,717,888
326,District-Udalguri,Total,14,4202,2104,2098,357,262,95,267,144,123,79,46,33,1358,660,698,320,204,116,281,118,163,53,26,27,1487,644,843
326,District-Udalguri,Total,15,5830,3146,2684,709,558,151,526,334,192,133,73,60,1799,836,963,594,396,198,444,220,224,77,43,34,1548,686,862
326,District-Udalguri,Total,16,6372,3428,2944,948,751,197,730,443,287,155,94,61,2005,903,1102,664,451,213,482,233,249,117,56,61,1271,497,774
326,District-Udalguri,Total,17,6395,3351,3044,1158,899,259,825,488,337,144,83,61,2035,860,1175,666,404,262,473,224,249,78,41,37,1016,352,664
326,District-Udalguri,Total,18,10416,5178,5238,1956,1519,437,1456,837,619,264,162,102,3314,1140,2174,1276,765,511,684,296,388,130,56,74,1336,403,933
326,District-Udalguri,Total,19,8844,4056,4788,1851,1381,470,1254,694,560,172,83,89,2921,891,2030,898,520,378,557,233,324,92,30,62,1099,224,875
326,District-Udalguri,Rural,5-19,88441,44519,43922,7082,5400,1682,5381,3109,2272,1032,581,451,17154,7193,9961,5023,3119,1904,3593,1667,1926,745,353,392,48431,23097,25334
326,District-Udalguri,Rural,5,12937,6632,6305,3,3,0,10,1,9,0,0,0,171,86,85,48,29,19,67,42,25,13,4,9,12625,6467,6158
326,District-Udalguri,Rural,6,9714,4866,4848,2,1,1,2,0,2,2,1,1,235,115,120,41,25,16,61,36,25,16,9,7,9355,4679,4676
326,District-Udalguri,Rural,7,5003,2500,2503,4,3,1,11,5,6,4,2,2,247,111,136,28,20,8,36,16,20,9,6,3,4664,2337,2327
326,District-Udalguri,Rural,8,3714,1824,1890,12,6,6,10,5,5,0,0,0,293,133,160,22,14,8,42,15,27,12,6,6,3323,1645,1678
326,District-Udalguri,Rural,9,2819,1378,1441,9,5,4,15,9,6,4,3,1,302,158,144,34,19,15,32,12,20,12,5,7,2411,1167,1244
326,District-Udalguri,Rural,10,3419,1710,1709,23,14,9,25,10,15,7,3,4,460,258,202,63,43,20,74,37,37,18,10,8,2749,1335,1414
326,District-Udalguri,Rural,11,2791,1397,1394,58,44,14,63,35,28,15,6,9,538,261,277,87,56,31,87,44,43,26,13,13,1917,938,979
326,District-Udalguri,Rural,12,3849,1961,1888,155,112,43,136,83,53,37,23,14,983,474,509,156,98,58,153,79,74,48,26,22,2181,1066,1115
326,District-Udalguri,Rural,13,3423,1709,1714,185,140,45,154,94,60,30,13,17,1063,518,545,201,129,72,152,78,74,51,26,25,1587,711,876
326,District-Udalguri,Rural,14,4098,2048,2050,334,243,91,263,143,120,79,46,33,1317,638,679,313,201,112,276,118,158,51,25,26,1465,634,831
326,District-Udalguri,Rural,15,5690,3067,2623,680,533,147,516,327,189,132,73,59,1730,805,925,585,391,194,440,217,223,75,42,33,1532,679,853
326,District-Udalguri,Rural,16,6193,3321,2872,895,704,191,717,435,282,153,93,60,1940,879,1061,648,439,209,473,228,245,117,56,61,1250,487,763
326,District-Udalguri,Rural,17,6194,3234,2960,1103,850,253,805,474,331,139,78,61,1953,828,1125,657,400,257,471,223,248,76,40,36,990,341,649
326,District-Udalguri,Rural,18,10072,4981,5091,1866,1442,424,1432,816,616,259,158,101,3152,1080,2072,1256,748,508,674,290,384,130,56,74,1303,391,912
326,District-Udalguri,Rural,19,8525,3891,4634,1753,1300,453,1222,672,550,171,82,89,2770,849,1921,884,507,377,555,232,323,91,29,62,1079,220,859
326,District-Udalguri,Urban,5-19,2419,1296,1123,378,321,57,114,76,38,16,12,4,682,267,415,91,64,27,38,19,19,8,4,4,1092,533,559
326,District-Udalguri,Urban,5,385,209,176,0,0,0,0,0,0,0,0,0,6,4,2,1,1,0,1,1,0,0,0,0,377,203,174
326,District-Udalguri,Urban,6,351,171,180,0,0,0,0,0,0,0,0,0,3,2,1,0,0,0,2,0,2,0,0,0,346,169,177
326,District-Udalguri,Urban,7,81,38,43,0,0,0,1,0,1,0,0,0,3,2,1,0,0,0,0,0,0,0,0,0,77,36,41
326,District-Udalguri,Urban,8,32,18,14,2,1,1,0,0,0,0,0,0,4,2,2,0,0,0,0,0,0,0,0,0,26,15,11
326,District-Udalguri,Urban,9,38,21,17,1,0,1,0,0,0,0,0,0,7,1,6,0,0,0,0,0,0,0,0,0,30,20,10
326,District-Udalguri,Urban,10,46,20,26,3,0,3,1,0,1,0,0,0,7,4,3,2,0,2,1,1,0,0,0,0,32,15,17
326,District-Udalguri,Urban,11,63,28,35,5,4,1,6,2,4,0,0,0,22,11,11,3,2,1,0,0,0,0,0,0,27,9,18
326,District-Udalguri,Urban,12,64,27,37,7,6,1,1,1,0,1,0,1,27,10,17,5,3,2,1,1,0,1,0,1,21,6,15
326,District-Udalguri,Urban,13,72,43,29,12,12,0,2,0,2,1,1,0,33,20,13,5,4,1,1,0,1,0,0,0,18,6,12
326,District-Udalguri,Urban,14,104,56,48,23,19,4,4,1,3,0,0,0,41,22,19,7,3,4,5,0,5,2,1,1,22,10,12
326,District-Udalguri,Urban,15,140,79,61,29,25,4,10,7,3,1,0,1,69,31,38,9,5,4,4,3,1,2,1,1,16,7,9
326,District-Udalguri,Urban,16,179,107,72,53,47,6,13,8,5,2,1,1,65,24,41,16,12,4,9,5,4,0,0,0,21,10,11
326,District-Udalguri,Urban,17,201,117,84,55,49,6,20,14,6,5,5,0,82,32,50,9,4,5,2,1,1,2,1,1,26,11,15
326,District-Udalguri,Urban,18,344,197,147,90,77,13,24,21,3,5,4,1,162,60,102,20,17,3,10,6,4,0,0,0,33,12,21
326,District-Udalguri,Urban,19,319,165,154,98,81,17,32,22,10,1,1,0,151,42,109,14,13,1,2,1,1,1,1,0,20,4,16
