203,District-Pashchim Champaran,Total,5-19,583145,296023,287122,24060,20856,3204,21646,16355,5291,5078,3346,1732,66984,30831,36153,24034,15923,8111,24820,13152,11668,7424,3172,4252,409099,192388,216711
203,District-Pashchim Champaran,Total,5,105634,54322,51312,45,36,9,23,16,7,6,4,2,624,343,281,1003,551,452,713,375,338,243,122,121,102977,52875,50102
203,District-Pashchim Champaran,Total,6,93861,47822,46039,35,27,8,41,25,16,6,4,2,833,437,396,948,509,439,740,403,337,273,124,149,90985,46293,44692
203,District-Pashchim Champaran,Total,7,42526,20962,21564,98,61,37,44,28,16,15,6,9,1508,787,721,595,330,265,441,210,231,189,93,96,39636,19447,20189
203,District-Pashchim Champaran,Total,8,37430,17617,19813,143,92,51,81,48,33,17,8,9,2220,1148,1072,618,288,330,557,259,298,232,95,137,33562,15679,17883
203,District-Pashchim Champaran,Total,9,21215,9948,11267,112,68,44,70,45,25,19,12,7,1790,939,851,519,255,264,409,206,203,183,62,121,18113,8361,9752
203,District-Pashchim Champaran,Total,10,34342,16208,18134,213,133,80,142,84,58,62,36,26,3303,1746,1557,830,460,370,845,403,442,389,161,228,28558,13185,15373
203,District-Pashchim Champaran,Total,11,18099,8506,9593,275,198,77,248,158,90,61,38,23,2474,1270,1204,708,400,308,714,348,366,265,110,155,13354,5984,7370
203,District-Pashchim Champaran,Total,12,25534,12014,13520,654,529,125,543,357,186,167,107,60,4601,2365,2236,1065,665,400,1361,667,694,524,204,320,16619,7120,9499
203,District-Pashchim Champaran,Total,13,17461,8034,9427,617,495,122,537,362,175,185,107,78,3943,1950,1993,924,511,413,1025,474,551,375,132,243,9855,4003,5852
203,District-Pashchim Champaran,Total,14,23032,11305,11727,1154,967,187,1176,853,323,418,264,154,5818,2860,2958,1407,924,483,1652,879,773,605,276,329,10802,4282,6520
203,District-Pashchim Champaran,Total,15,29581,16099,13482,2273,1984,289,2334,1778,556,670,464,206,7282,3620,3662,2401,1719,682,2574,1518,1056,761,363,398,11286,4653,6633
203,District-Pashchim Champaran,Total,16,32489,17902,14587,3334,2931,403,3208,2478,730,835,561,274,8542,4117,4425,2614,1901,713,2806,1648,1158,848,404,444,10302,3862,6440
203,District-Pashchim Champaran,Total,17,22641,12767,9874,2906,2590,316,2689,2109,580,594,394,200,5872,2581,3291,2037,1480,557,2153,1226,927,559,260,299,5831,2127,3704
203,District-Pashchim Champaran,Total,18,49882,28069,21813,7629,6810,819,6715,5280,1435,1348,940,408,11376,4410,6966,5251,3908,1343,5485,3027,2458,1240,534,706,10838,3160,7678
203,District-Pashchim Champaran,Total,19,29418,14448,14970,4572,3935,637,3795,2734,1061,675,401,274,6798,2258,4540,3114,2022,1092,3345,1509,1836,738,232,506,6381,1357,5024
203,District-Pashchim Champaran,Rural,5-19,536806,271285,265521,21875,18843,3032,20557,15397,5160,4909,3208,1701,59133,27414,31719,22572,14689,7883,23973,12499,11474,7234,3040,4194,376553,176195,200358
203,District-Pashchim Champaran,Rural,5,96894,49682,47212,41,32,9,22,15,7,6,4,2,545,302,243,971,531,440,683,357,326,239,118,121,94387,48323,46064
203,District-Pashchim Champaran,Rural,6,86383,43945,42438,32,24,8,39,23,16,6,4,2,753,394,359,918,489,429,710,385,325,271,123,148,83654,42503,41151
203,District-Pashchim Champaran,Rural,7,39282,19270,20012,90,55,35,42,26,16,14,6,8,1344,705,639,577,316,261,434,206,228,186,90,96,36595,17866,18729
203,District-Pashchim Champaran,Rural,8,34716,16286,18430,137,87,50,77,45,32,16,8,8,2006,1042,964,602,279,323,546,249,297,232,95,137,31100,14481,16619
203,District-Pashchim Champaran,Rural,9,19806,9250,10556,110,66,44,66,41,25,19,12,7,1646,863,783,505,247,258,399,201,198,180,60,120,16881,7760,9121
203,District-Pashchim Champaran,Rural,10,32078,15054,17024,203,127,76,128,73,55,62,36,26,3006,1600,1406,795,438,357,829,394,435,385,158,227,26670,12228,14442
203,District-Pashchim Champaran,Rural,11,16838,7879,8959,250,173,77,236,148,88,59,37,22,2241,1141,1100,674,378,296,696,338,358,264,110,154,12418,5554,6864
203,District-Pashchim Champaran,Rural,12,23681,11041,12640,604,486,118,522,340,182,166,106,60,4178,2146,2032,1016,624,392,1326,641,685,509,194,315,15360,6504,8856
203,District-Pashchim Champaran,Rural,13,16133,7358,8775,574,454,120,514,342,172,179,101,78,3572,1764,1808,870,469,401,996,456,540,371,130,241,9057,3642,5415
203,District-Pashchim Champaran,Rural,14,21218,10322,10896,1045,869,176,1119,805,314,413,261,152,5227,2580,2647,1332,865,467,1596,836,760,587,263,324,9899,3843,6056
203,District-Pashchim Champaran,Rural,15,27289,14768,12521,2065,1791,274,2234,1695,539,648,445,203,6520,3226,3294,2256,1591,665,2488,1448,1040,735,350,385,10343,4222,6121
203,District-Pashchim Champaran,Rural,16,29950,16442,13508,3079,2695,384,3061,2349,712,806,538,268,7620,3705,3915,2442,1746,696,2715,1574,1141,820,384,436,9407,3451,5956
203,District-Pashchim Champaran,Rural,17,20498,11507,8991,2633,2331,302,2562,1997,565,578,383,195,5051,2234,2817,1871,1329,542,2055,1144,911,540,244,296,5208,1845,3363
203,District-Pashchim Champaran,Rural,18,45440,25572,19868,6934,6178,756,6365,4959,1406,1292,892,400,9721,3828,5893,4855,3562,1293,5259,2844,2415,1193,500,693,9821,2809,7012
203,District-Pashchim Champaran,Rural,19,26600,12909,13691,4078,3475,603,3570,2539,1031,645,375,270,5703,1884,3819,2888,1825,1063,3241,1426,1815,722,221,501,5753,1164,4589
203,District-Pashchim Champaran,Urban,5-19,46339,24738,21601,2185,2013,172,1089,958,131,169,138,31,7851,3417,4434,1462,1234,228,847,653,194,190,132,58,32546,16193,16353
203,District-Pashchim Champaran,Urban,5,8740,4640,4100,4,4,0,1,1,0,0,0,0,79,41,38,32,20,12,30,18,12,4,4,0,8590,4552,4038
203,District-Pashchim Champaran,Urban,6,7478,3877,3601,3,3,0,2,2,0,0,0,0,80,43,37,30,20,10,30,18,12,2,1,1,7331,3790,3541
203,District-Pashchim Champaran,Urban,7,3244,1692,1552,8,6,2,2,2,0,1,0,1,164,82,82,18,14,4,7,4,3,3,3,0,3041,1581,1460
203,District-Pashchim Champaran,Urban,8,2714,1331,1383,6,5,1,4,3,1,1,0,1,214,106,108,16,9,7,11,10,1,0,0,0,2462,1198,1264
203,District-Pashchim Champaran,Urban,9,1409,698,711,2,2,0,4,4,0,0,0,0,144,76,68,14,8,6,10,5,5,3,2,1,1232,601,631
203,District-Pashchim Champaran,Urban,10,2264,1154,1110,10,6,4,14,11,3,0,0,0,297,146,151,35,22,13,16,9,7,4,3,1,1888,957,931
203,District-Pashchim Champaran,Urban,11,1261,627,634,25,25,0,12,10,2,2,1,1,233,129,104,34,22,12,18,10,8,1,0,1,936,430,506
203,District-Pashchim Champaran,Urban,12,1853,973,880,50,43,7,21,17,4,1,1,0,423,219,204,49,41,8,35,26,9,15,10,5,1259,616,643
203,District-Pashchim Champaran,Urban,13,1328,676,652,43,41,2,23,20,3,6,6,0,371,186,185,54,42,12,29,18,11,4,2,2,798,361,437
203,District-Pashchim Champaran,Urban,14,1814,983,831,109,98,11,57,48,9,5,3,2,591,280,311,75,59,16,56,43,13,18,13,5,903,439,464
203,District-Pashchim Champaran,Urban,15,2292,1331,961,208,193,15,100,83,17,22,19,3,762,394,368,145,128,17,86,70,16,26,13,13,943,431,512
203,District-Pashchim Champaran,Urban,16,2539,1460,1079,255,236,19,147,129,18,29,23,6,922,412,510,172,155,17,91,74,17,28,20,8,895,411,484
203,District-Pashchim Champaran,Urban,17,2143,1260,883,273,259,14,127,112,15,16,11,5,821,347,474,166,151,15,98,82,16,19,16,3,623,282,341
203,District-Pashchim Champaran,Urban,18,4442,2497,1945,695,632,63,350,321,29,56,48,8,1655,582,1073,396,346,50,226,183,43,47,34,13,1017,351,666
203,District-Pashchim Champaran,Urban,19,2818,1539,1279,494,460,34,225,195,30,30,26,4,1095,374,721,226,197,29,104,83,21,16,11,5,628,193,435
204,District-Purba Champaran,Total,5-19,740774,386164,354610,32935,29316,3619,19228,15328,3900,4303,3054,1249,83317,39600,43717,34263,24962,9301,24128,13950,10178,6991,3505,3486,535609,256449,279160
204,District-Purba Champaran,Total,5,137380,71221,66159,53,41,12,38,24,14,6,3,3,973,540,433,1235,697,538,885,465,420,250,123,127,133940,69328,64612
204,District-Purba Champaran,Total,6,119654,61366,58288,59,39,20,55,35,20,7,2,5,1342,692,650,1159,649,510,818,413,405,232,111,121,115982,59425,56557
204,District-Purba Champaran,Total,7,52002,25540,26462,112,66,46,77,42,35,9,2,7,1817,942,875,673,347,326,482,237,245,187,89,98,48645,23815,24830
204,District-Purba Champaran,Total,8,46441,22502,23939,166,102,64,94,52,42,25,15,10,2582,1359,1223,796,451,345,567,265,302,214,100,114,41997,20158,21839
204,District-Purba Champaran,Total,9,27032,12954,14078,157,110,47,131,75,56,18,7,11,1972,1016,956,584,353,231,444,212,232,179,84,95,23547,11097,12450
204,District-Purba Champaran,Total,10,44727,21812,22915,285,204,81,181,117,64,61,35,26,3774,2005,1769,1079,633,446,905,455,450,331,141,190,38111,18222,19889
204,District-Purba Champaran,Total,11,22873,11007,11866,386,295,91,258,157,101,61,39,22,2822,1468,1354,862,524,338,621,311,310,253,126,127,17610,8087,9523
204,District-Purba Champaran,Total,12,33680,16517,17163,938,765,173,522,394,128,178,107,71,5309,2826,2483,1643,1110,533,1382,715,667,507,236,271,23201,10364,12837
204,District-Purba Champaran,Total,13,21425,10405,11020,805,667,138,509,387,122,137,93,44,4249,2132,2117,1212,819,393,996,513,483,348,162,186,13169,5632,7537
204,District-Purba Champaran,Total,14,28877,14975,13902,1612,1395,217,1075,853,222,326,225,101,6814,3440,3374,1933,1420,513,1595,930,665,506,254,252,15016,6458,8558
204,District-Purba Champaran,Total,15,37676,21752,15924,3218,2913,305,1992,1661,331,519,401,118,9291,4941,4350,3606,2831,775,2529,1644,885,790,454,336,15731,6907,8824
204,District-Purba Champaran,Total,16,38899,23098,15801,4215,3845,370,2672,2214,458,651,498,153,10203,5254,4949,3798,3077,721,2755,1833,922,788,443,345,13817,5934,7883
204,District-Purba Champaran,Total,17,28566,16961,11605,4012,3667,345,2410,2002,408,550,395,155,7610,3618,3992,3054,2423,631,2025,1298,727,539,305,234,8366,3253,5113
204,District-Purba Champaran,Total,18,63284,36929,26355,10615,9672,943,5748,4714,1034,1088,806,282,15139,6266,8873,8071,6380,1691,5017,3075,1942,1126,592,534,16480,5424,11056
204,District-Purba Champaran,Total,19,38258,19125,19133,6302,5535,767,3466,2601,865,667,426,241,9420,3101,6319,4558,3248,1310,3107,1584,1523,741,285,456,9997,2345,7652
204,District-Purba Champaran,Rural,5-19,694273,361029,333244,30425,27013,3412,18436,14652,3784,4170,2937,1233,76482,36642,39840,32374,23395,8979,23348,13395,9953,6820,3375,3445,502218,239620,262598
204,District-Purba Champaran,Rural,5,128347,66462,61885,49,37,12,38,24,14,6,3,3,879,483,396,1178,666,512,848,445,403,250,123,127,125099,64681,60418
204,District-Purba Champaran,Rural,6,111755,57295,54460,52,33,19,55,35,20,7,2,5,1242,638,604,1108,621,487,788,393,395,229,109,120,108274,55464,52810
204,District-Purba Champaran,Rural,7,48822,23946,24876,104,63,41,76,41,35,9,2,7,1713,894,819,648,333,315,467,225,242,186,88,98,45619,22300,23319
204,District-Purba Champaran,Rural,8,43831,21145,22686,150,94,56,93,51,42,25,15,10,2413,1271,1142,774,438,336,553,257,296,212,99,113,39611,18920,20691
204,District-Purba Champaran,Rural,9,25516,12225,13291,147,105,42,130,74,56,18,7,11,1828,938,890,566,342,224,434,204,230,176,81,95,22217,10474,11743
204,District-Purba Champaran,Rural,10,42266,20521,21745,273,195,78,173,110,63,61,35,26,3550,1897,1653,1043,608,435,884,441,443,324,137,187,35958,17098,18860
204,District-Purba Champaran,Rural,11,21562,10353,11209,347,262,85,245,147,98,60,39,21,2600,1369,1231,829,500,329,598,298,300,245,122,123,16638,7616,9022
204,District-Purba Champaran,Rural,12,31861,15511,16350,870,702,168,501,377,124,177,106,71,4968,2644,2324,1580,1061,519,1358,700,658,501,230,271,21906,9691,12215
204,District-Purba Champaran,Rural,13,20172,9706,10466,743,612,131,480,362,118,135,92,43,3946,1971,1975,1151,777,374,969,497,472,336,155,181,12412,5240,7172
204,District-Purba Champaran,Rural,14,27180,14018,13162,1481,1274,207,1034,816,218,317,217,100,6336,3221,3115,1835,1337,498,1545,895,650,495,246,249,14137,6012,8125
204,District-Purba Champaran,Rural,15,35365,20349,15016,2999,2712,287,1895,1581,314,503,387,116,8566,4587,3979,3399,2647,752,2435,1573,862,767,432,335,14801,6430,8371
204,District-Purba Champaran,Rural,16,36452,21638,14814,3889,3547,342,2573,2132,441,632,481,151,9419,4889,4530,3550,2859,691,2661,1762,899,767,424,343,12961,5544,7417
204,District-Purba Champaran,Rural,17,26651,15793,10858,3707,3378,329,2319,1917,402,530,380,150,6923,3310,3613,2862,2256,606,1953,1242,711,521,295,226,7836,3015,4821
204,District-Purba Champaran,Rural,18,58903,34312,24591,9784,8897,887,5513,4511,1002,1045,764,281,13662,5731,7931,7570,5927,1643,4850,2947,1903,1084,556,528,15395,4979,10416
204,District-Purba Champaran,Rural,19,35590,17755,17835,5830,5102,728,3311,2474,837,645,407,238,8437,2799,5638,4281,3023,1258,3005,1516,1489,727,278,449,9354,2156,7198
204,District-Purba Champaran,Urban,5-19,46501,25135,21366,2510,2303,207,792,676,116,133,117,16,6835,2958,3877,1889,1567,322,780,555,225,171,130,41,33391,16829,16562
204,District-Purba Champaran,Urban,5,9033,4759,4274,4,4,0,0,0,0,0,0,0,94,57,37,57,31,26,37,20,17,0,0,0,8841,4647,4194
204,District-Purba Champaran,Urban,6,7899,4071,3828,7,6,1,0,0,0,0,0,0,100,54,46,51,28,23,30,20,10,3,2,1,7708,3961,3747
204,District-Purba Champaran,Urban,7,3180,1594,1586,8,3,5,1,1,0,0,0,0,104,48,56,25,14,11,15,12,3,1,1,0,3026,1515,1511
204,District-Purba Champaran,Urban,8,2610,1357,1253,16,8,8,1,1,0,0,0,0,169,88,81,22,13,9,14,8,6,2,1,1,2386,1238,1148
204,District-Purba Champaran,Urban,9,1516,729,787,10,5,5,1,1,0,0,0,0,144,78,66,18,11,7,10,8,2,3,3,0,1330,623,707
204,District-Purba Champaran,Urban,10,2461,1291,1170,12,9,3,8,7,1,0,0,0,224,108,116,36,25,11,21,14,7,7,4,3,2153,1124,1029
204,District-Purba Champaran,Urban,11,1311,654,657,39,33,6,13,10,3,1,0,1,222,99,123,33,24,9,23,13,10,8,4,4,972,471,501
204,District-Purba Champaran,Urban,12,1819,1006,813,68,63,5,21,17,4,1,1,0,341,182,159,63,49,14,24,15,9,6,6,0,1295,673,622
204,District-Purba Champaran,Urban,13,1253,699,554,62,55,7,29,25,4,2,1,1,303,161,142,61,42,19,27,16,11,12,7,5,757,392,365
204,District-Purba Champaran,Urban,14,1697,957,740,131,121,10,41,37,4,9,8,1,478,219,259,98,83,15,50,35,15,11,8,3,879,446,433
204,District-Purba Champaran,Urban,15,2311,1403,908,219,201,18,97,80,17,16,14,2,725,354,371,207,184,23,94,71,23,23,22,1,930,477,453
204,District-Purba Champaran,Urban,16,2447,1460,987,326,298,28,99,82,17,19,17,2,784,365,419,248,218,30,94,71,23,21,19,2,856,390,466
204,District-Purba Champaran,Urban,17,1915,1168,747,305,289,16,91,85,6,20,15,5,687,308,379,192,167,25,72,56,16,18,10,8,530,238,292
204,District-Purba Champaran,Urban,18,4381,2617,1764,831,775,56,235,203,32,43,42,1,1477,535,942,501,453,48,167,128,39,42,36,6,1085,445,640
204,District-Purba Champaran,Urban,19,2668,1370,1298,472,433,39,155,127,28,22,19,3,983,302,681,277,225,52,102,68,34,14,7,7,643,189,454
205,District-Sheohar,Total,5-19,104020,54964,49056,3598,3112,486,2030,1589,441,528,376,152,13837,6760,7077,5043,3720,1323,3224,2116,1108,791,451,340,74969,36840,38129
205,District-Sheohar,Total,5,17102,8955,8147,11,9,2,19,7,12,1,0,1,144,81,63,291,160,131,148,72,76,11,6,5,16477,8620,7857
205,District-Sheohar,Total,6,13943,7300,6643,4,3,1,10,5,5,0,0,0,193,104,89,218,128,90,134,69,65,8,5,3,13376,6986,6390
205,District-Sheohar,Total,7,7047,3536,3511,47,30,17,25,11,14,2,2,0,431,229,202,155,80,75,89,47,42,10,6,4,6288,3131,3157
205,District-Sheohar,Total,8,6646,3313,3333,57,32,25,23,15,8,1,0,1,577,316,261,128,66,62,91,49,42,19,11,8,5750,2824,2926
205,District-Sheohar,Total,9,4569,2294,2275,50,29,21,23,8,15,6,5,1,443,228,215,115,67,48,89,48,41,12,8,4,3831,1901,1930
205,District-Sheohar,Total,10,7280,3667,3613,67,45,22,38,28,10,6,4,2,882,444,438,157,99,58,134,64,70,21,9,12,5975,2974,3001
205,District-Sheohar,Total,11,4155,2061,2094,69,49,20,44,26,18,8,5,3,639,318,321,151,81,70,93,50,43,23,16,7,3128,1516,1612
205,District-Sheohar,Total,12,5698,2922,2776,126,93,33,68,43,25,22,12,10,1049,583,466,213,134,79,132,84,48,53,29,24,4035,1944,2091
205,District-Sheohar,Total,13,3798,1914,1884,95,71,24,53,36,17,21,13,8,795,415,380,157,97,60,121,79,42,48,22,26,2508,1181,1327
205,District-Sheohar,Total,14,4434,2349,2085,156,131,25,98,80,18,22,14,8,1111,591,520,241,179,62,179,107,72,57,28,29,2570,1219,1351
205,District-Sheohar,Total,15,5925,3467,2458,365,325,40,197,158,39,76,63,13,1447,797,650,524,425,99,365,273,92,105,67,38,2846,1359,1487
205,District-Sheohar,Total,16,5466,3225,2241,405,347,58,251,213,38,79,63,16,1485,769,716,501,421,80,290,205,85,93,62,31,2362,1145,1217
205,District-Sheohar,Total,17,3932,2321,1611,423,387,36,207,179,28,61,43,18,1019,499,520,456,377,79,250,187,63,66,44,22,1450,605,845
205,District-Sheohar,Total,18,8529,4958,3571,1069,983,86,595,490,105,138,99,39,2239,967,1272,1043,880,163,662,489,173,161,94,67,2622,956,1666
205,District-Sheohar,Total,19,5496,2682,2814,654,578,76,379,290,89,85,53,32,1383,419,964,693,526,167,447,293,154,104,44,60,1751,479,1272
205,District-Sheohar,Rural,5-19,100250,52938,47312,3427,2952,475,1988,1555,433,516,367,149,13245,6449,6796,4861,3578,1283,3165,2065,1100,787,449,338,72261,35523,36738
205,District-Sheohar,Rural,5,16453,8636,7817,10,8,2,19,7,12,1,0,1,135,74,61,286,157,129,147,72,75,11,6,5,15844,8312,7532
205,District-Sheohar,Rural,6,13449,7040,6409,4,3,1,10,5,5,0,0,0,184,98,86,215,127,88,133,68,65,8,5,3,12895,6734,6161
205,District-Sheohar,Rural,7,6758,3385,3373,46,29,17,24,10,14,2,2,0,409,219,190,154,80,74,89,47,42,10,6,4,6024,2992,3032
205,District-Sheohar,Rural,8,6437,3210,3227,56,31,25,23,15,8,1,0,1,559,307,252,125,64,61,90,49,41,19,11,8,5564,2733,2831
205,District-Sheohar,Rural,9,4397,2198,2199,50,29,21,23,8,15,6,5,1,418,208,210,109,64,45,89,48,41,12,8,4,3690,1828,1862
205,District-Sheohar,Rural,10,7034,3548,3486,67,45,22,37,27,10,6,4,2,858,427,431,155,98,57,130,61,69,21,9,12,5760,2877,2883
205,District-Sheohar,Rural,11,3996,1972,2024,62,43,19,44,26,18,8,5,3,610,301,309,149,80,69,93,50,43,22,15,7,3008,1452,1556
205,District-Sheohar,Rural,12,5524,2830,2694,122,90,32,68,43,25,22,12,10,1000,554,446,208,131,77,130,82,48,53,29,24,3921,1889,2032
205,District-Sheohar,Rural,13,3686,1860,1826,93,69,24,53,36,17,21,13,8,762,400,362,154,94,60,119,78,41,48,22,26,2436,1148,1288
205,District-Sheohar,Rural,14,4267,2250,2017,149,124,25,97,79,18,22,14,8,1055,558,497,224,167,57,175,105,70,57,28,29,2488,1175,1313
205,District-Sheohar,Rural,15,5752,3365,2387,349,310,39,189,153,36,75,62,13,1408,773,635,505,410,95,358,267,91,103,66,37,2765,1324,1441
205,District-Sheohar,Rural,16,5300,3121,2179,389,331,58,247,209,38,77,61,16,1439,746,693,487,409,78,282,198,84,93,62,31,2286,1105,1181
205,District-Sheohar,Rural,17,3753,2213,1540,396,361,35,200,175,25,59,43,16,970,470,500,435,361,74,241,178,63,66,44,22,1386,581,805
205,District-Sheohar,Rural,18,8195,4756,3439,1017,934,83,584,481,103,132,94,38,2126,917,1209,1002,841,161,651,478,173,160,94,66,2523,917,1606
205,District-Sheohar,Rural,19,5249,2554,2695,617,545,72,370,281,89,84,52,32,1312,397,915,653,495,158,438,284,154,104,44,60,1671,456,1215
205,District-Sheohar,Urban,5-19,3770,2026,1744,171,160,11,42,34,8,12,9,3,592,311,281,182,142,40,59,51,8,4,2,2,2708,1317,1391
205,District-Sheohar,Urban,5,649,319,330,1,1,0,0,0,0,0,0,0,9,7,2,5,3,2,1,0,1,0,0,0,633,308,325
205,District-Sheohar,Urban,6,494,260,234,0,0,0,0,0,0,0,0,0,9,6,3,3,1,2,1,1,0,0,0,0,481,252,229
205,District-Sheohar,Urban,7,289,151,138,1,1,0,1,1,0,0,0,0,22,10,12,1,0,1,0,0,0,0,0,0,264,139,125
205,District-Sheohar,Urban,8,209,103,106,1,1,0,0,0,0,0,0,0,18,9,9,3,2,1,1,0,1,0,0,0,186,91,95
205,District-Sheohar,Urban,9,172,96,76,0,0,0,0,0,0,0,0,0,25,20,5,6,3,3,0,0,0,0,0,0,141,73,68
205,District-Sheohar,Urban,10,246,119,127,0,0,0,1,1,0,0,0,0,24,17,7,2,1,1,4,3,1,0,0,0,215,97,118
205,District-Sheohar,Urban,11,159,89,70,7,6,1,0,0,0,0,0,0,29,17,12,2,1,1,0,0,0,1,1,0,120,64,56
205,District-Sheohar,Urban,12,174,92,82,4,3,1,0,0,0,0,0,0,49,29,20,5,3,2,2,2,0,0,0,0,114,55,59
205,District-Sheohar,Urban,13,112,54,58,2,2,0,0,0,0,0,0,0,33,15,18,3,3,0,2,1,1,0,0,0,72,33,39
205,District-Sheohar,Urban,14,167,99,68,7,7,0,1,1,0,0,0,0,56,33,23,17,12,5,4,2,2,0,0,0,82,44,38
205,District-Sheohar,Urban,15,173,102,71,16,15,1,8,5,3,1,1,0,39,24,15,19,15,4,7,6,1,2,1,1,81,35,46
205,District-Sheohar,Urban,16,166,104,62,16,16,0,4,4,0,2,2,0,46,23,23,14,12,2,8,7,1,0,0,0,76,40,36
205,District-Sheohar,Urban,17,179,108,71,27,26,1,7,4,3,2,0,2,49,29,20,21,16,5,9,9,0,0,0,0,64,24,40
205,District-Sheohar,Urban,18,334,202,132,52,49,3,11,9,2,6,5,1,113,50,63,41,39,2,11,11,0,1,0,1,99,39,60
205,District-Sheohar,Urban,19,247,128,119,37,33,4,9,9,0,1,1,0,71,22,49,40,31,9,9,9,0,0,0,0,80,23,57
206,District-Sitamarhi,Total,5-19,560880,292476,268404,21116,19108,2008,10823,8654,2169,2583,1832,751,57048,26820,30228,26800,20981,5819,18828,11618,7210,4731,2550,2181,418951,200913,218038
206,District-Sitamarhi,Total,5,90029,46745,43284,49,43,6,13,8,5,5,3,2,589,321,268,668,391,277,589,300,289,91,51,40,88025,45628,42397
206,District-Sitamarhi,Total,6,76654,39265,37389,34,30,4,17,11,6,3,0,3,783,422,361,563,303,260,519,263,256,91,52,39,74644,38184,36460
206,District-Sitamarhi,Total,7,39607,19761,19846,64,43,21,32,19,13,7,4,3,1059,546,513,371,213,158,388,202,186,95,41,54,37591,18693,18898
206,District-Sitamarhi,Total,8,37394,18200,19194,86,57,29,40,24,16,12,7,5,1428,740,688,432,219,213,431,212,219,129,54,75,34836,16887,17949
206,District-Sitamarhi,Total,9,22807,11161,11646,74,53,21,48,24,24,9,6,3,1248,646,602,359,198,161,356,167,189,127,67,60,20586,10000,10586
206,District-Sitamarhi,Total,10,38590,18993,19597,150,103,47,96,62,34,37,14,23,2478,1362,1116,702,416,286,749,388,361,304,163,141,34074,16485,17589
206,District-Sitamarhi,Total,11,22299,11060,11239,351,292,59,167,127,40,39,27,12,2097,1127,970,718,495,223,596,321,275,189,97,92,18142,8574,9568
206,District-Sitamarhi,Total,12,29883,14879,15004,610,506,104,324,248,76,88,58,30,3746,1983,1763,1178,850,328,998,566,432,379,201,178,22560,10467,12093
206,District-Sitamarhi,Total,13,19787,9700,10087,533,439,94,297,207,90,90,63,27,3273,1675,1598,935,682,253,820,462,358,252,141,111,13587,6031,7556
206,District-Sitamarhi,Total,14,24089,12801,11288,1002,908,94,624,487,137,220,150,70,4761,2491,2270,1580,1249,331,1196,756,440,363,194,169,14343,6566,7777
206,District-Sitamarhi,Total,15,32121,18377,13744,2365,2155,210,1203,965,238,347,267,80,6548,3436,3112,3164,2624,540,2162,1489,673,620,354,266,15712,7087,8625
206,District-Sitamarhi,Total,16,29886,17480,12406,2736,2503,233,1476,1227,249,350,250,100,6593,3280,3313,3218,2727,491,2081,1427,654,506,303,203,12926,5763,7163
206,District-Sitamarhi,Total,17,22674,13248,9426,2717,2479,238,1387,1155,232,336,247,89,5435,2490,2945,2688,2267,421,1673,1132,541,357,203,154,8081,3275,4806
206,District-Sitamarhi,Total,18,44939,25797,19142,6111,5665,446,3079,2544,535,627,465,162,10021,4084,5937,6314,5245,1069,3829,2499,1330,750,411,339,14208,4884,9324
206,District-Sitamarhi,Total,19,30121,15009,15112,4234,3832,402,2020,1546,474,413,271,142,6989,2217,4772,3910,3102,808,2441,1434,1007,478,218,260,9636,2389,7247
206,District-Sitamarhi,Rural,5-19,539733,281115,258618,19821,17934,1887,10446,8350,2096,2549,1806,743,54076,25579,28497,25706,20093,5613,18174,11217,6957,4694,2525,2169,404267,193611,210656
206,District-Sitamarhi,Rural,5,86153,44714,41439,46,40,6,11,8,3,5,3,2,548,303,245,615,361,254,545,278,267,87,48,39,84296,43673,40623
206,District-Sitamarhi,Rural,6,73607,37632,35975,31,27,4,17,11,6,3,0,3,737,407,330,528,278,250,489,247,242,91,52,39,71711,36610,35101
206,District-Sitamarhi,Rural,7,38292,19097,19195,58,38,20,31,18,13,7,4,3,993,510,483,350,199,151,365,193,172,95,41,54,36393,18094,18299
206,District-Sitamarhi,Rural,8,36278,17647,18631,80,53,27,37,22,15,12,7,5,1363,706,657,402,199,203,402,199,203,128,54,74,33854,16407,17447
206,District-Sitamarhi,Rural,9,22125,10821,11304,68,47,21,46,23,23,9,6,3,1196,618,578,342,192,150,339,158,181,125,65,60,20000,9712,10288
206,District-Sitamarhi,Rural,10,37429,18415,19014,142,101,41,94,60,34,37,14,23,2375,1312,1063,671,399,272,716,374,342,301,161,140,33093,15994,17099
206,District-Sitamarhi,Rural,11,21498,10638,10860,311,263,48,162,122,40,39,27,12,1966,1069,897,686,470,216,575,311,264,187,96,91,17572,8280,9292
206,District-Sitamarhi,Rural,12,28941,14408,14533,567,466,101,307,232,75,87,58,29,3580,1911,1669,1140,820,320,964,547,417,376,198,178,21920,10176,11744
206,District-Sitamarhi,Rural,13,19112,9351,9761,501,411,90,280,196,84,88,62,26,3135,1615,1520,888,648,240,797,447,350,248,138,110,13175,5834,7341
206,District-Sitamarhi,Rural,14,23221,12292,10929,936,848,88,601,469,132,218,148,70,4558,2374,2184,1527,1203,324,1156,730,426,363,194,169,13862,6326,7536
206,District-Sitamarhi,Rural,15,30991,17723,13268,2232,2035,197,1158,928,230,346,266,80,6254,3300,2954,3056,2533,523,2106,1449,657,616,353,263,15223,6859,8364
206,District-Sitamarhi,Rural,16,28722,16775,11947,2595,2377,218,1436,1196,240,347,249,98,6276,3136,3140,3088,2612,476,2028,1388,640,502,300,202,12450,5517,6933
206,District-Sitamarhi,Rural,17,21674,12657,9017,2536,2310,226,1337,1116,221,331,243,88,5133,2368,2765,2583,2178,405,1614,1091,523,356,203,153,7784,3148,4636
206,District-Sitamarhi,Rural,18,43060,24723,18337,5797,5373,424,2976,2458,518,611,452,159,9457,3879,5578,6092,5049,1043,3700,2411,1289,742,405,337,13685,4696,8989
206,District-Sitamarhi,Rural,19,28630,14222,14408,3921,3545,376,1953,1491,462,409,267,142,6505,2071,4434,3738,2952,786,2378,1394,984,477,217,260,9249,2285,6964
206,District-Sitamarhi,Urban,5-19,21147,11361,9786,1295,1174,121,377,304,73,34,26,8,2972,1241,1731,1094,888,206,654,401,253,37,25,12,14684,7302,7382
206,District-Sitamarhi,Urban,5,3876,2031,1845,3,3,0,2,0,2,0,0,0,41,18,23,53,30,23,44,22,22,4,3,1,3729,1955,1774
206,District-Sitamarhi,Urban,6,3047,1633,1414,3,3,0,0,0,0,0,0,0,46,15,31,35,25,10,30,16,14,0,0,0,2933,1574,1359
206,District-Sitamarhi,Urban,7,1315,664,651,6,5,1,1,1,0,0,0,0,66,36,30,21,14,7,23,9,14,0,0,0,1198,599,599
206,District-Sitamarhi,Urban,8,1116,553,563,6,4,2,3,2,1,0,0,0,65,34,31,30,20,10,29,13,16,1,0,1,982,480,502
206,District-Sitamarhi,Urban,9,682,340,342,6,6,0,2,1,1,0,0,0,52,28,24,17,6,11,17,9,8,2,2,0,586,288,298
206,District-Sitamarhi,Urban,10,1161,578,583,8,2,6,2,2,0,0,0,0,103,50,53,31,17,14,33,14,19,3,2,1,981,491,490
206,District-Sitamarhi,Urban,11,801,422,379,40,29,11,5,5,0,0,0,0,131,58,73,32,25,7,21,10,11,2,1,1,570,294,276
206,District-Sitamarhi,Urban,12,942,471,471,43,40,3,17,16,1,1,0,1,166,72,94,38,30,8,34,19,15,3,3,0,640,291,349
206,District-Sitamarhi,Urban,13,675,349,326,32,28,4,17,11,6,2,1,1,138,60,78,47,34,13,23,15,8,4,3,1,412,197,215
206,District-Sitamarhi,Urban,14,868,509,359,66,60,6,23,18,5,2,2,0,203,117,86,53,46,7,40,26,14,0,0,0,481,240,241
206,District-Sitamarhi,Urban,15,1130,654,476,133,120,13,45,37,8,1,1,0,294,136,158,108,91,17,56,40,16,4,1,3,489,228,261
206,District-Sitamarhi,Urban,16,1164,705,459,141,126,15,40,31,9,3,1,2,317,144,173,130,115,15,53,39,14,4,3,1,476,246,230
206,District-Sitamarhi,Urban,17,1000,591,409,181,169,12,50,39,11,5,4,1,302,122,180,105,89,16,59,41,18,1,0,1,297,127,170
206,District-Sitamarhi,Urban,18,1879,1074,805,314,292,22,103,86,17,16,13,3,564,205,359,222,196,26,129,88,41,8,6,2,523,188,335
206,District-Sitamarhi,Urban,19,1491,787,704,313,287,26,67,55,12,4,4,0,484,146,338,172,150,22,63,40,23,1,1,0,387,104,283
207,District-Madhubani,Total,5-19,585087,288436,296651,26279,21863,4416,13966,9772,4194,3998,2516,1482,69393,33189,36204,31210,19048,12162,19944,9233,10711,6872,2676,4196,413425,190139,223286
207,District-Madhubani,Total,5,109304,56812,52492,54,40,14,20,13,7,9,7,2,624,328,296,1192,654,538,774,405,369,158,84,74,106473,55281,51192
207,District-Madhubani,Total,6,83839,42378,41461,62,41,21,31,16,15,8,5,3,956,522,434,956,515,441,645,288,357,170,86,84,81011,40905,40106
207,District-Madhubani,Total,7,39005,18949,20056,128,76,52,66,26,40,13,7,6,1962,1019,943,618,326,292,398,178,220,138,56,82,35682,17261,18421
207,District-Madhubani,Total,8,32944,15259,17685,152,94,58,85,40,45,12,6,6,2541,1319,1222,636,336,300,381,183,198,160,65,95,28977,13216,15761
207,District-Madhubani,Total,9,20074,9149,10925,187,111,76,64,39,25,15,5,10,2057,1066,991,522,268,254,302,136,166,112,43,69,16815,7481,9334
207,District-Madhubani,Total,10,32721,15190,17531,267,171,96,134,84,50,40,26,14,3511,1876,1635,905,483,422,581,261,320,306,124,182,26977,12165,14812
207,District-Madhubani,Total,11,18409,8462,9947,367,278,89,167,93,74,51,34,17,2623,1328,1295,819,446,373,440,204,236,198,72,126,13744,6007,7737
207,District-Madhubani,Total,12,27422,12338,15084,800,607,193,388,250,138,145,74,71,4539,2278,2261,1428,785,643,992,420,572,468,156,312,18662,7768,10894
207,District-Madhubani,Total,13,19083,8412,10671,724,554,170,371,233,138,136,65,71,3736,1823,1913,1086,624,462,785,350,435,352,135,217,11893,4628,7265
207,District-Madhubani,Total,14,24241,11287,12954,1252,1020,232,724,491,233,284,189,95,5447,2727,2720,1741,1086,655,1202,547,655,531,205,326,13060,5022,8038
207,District-Madhubani,Total,15,33088,16830,16258,2659,2279,380,1374,1021,353,431,284,147,7436,3821,3615,3250,2188,1062,2056,1043,1013,781,336,445,15101,5858,9243
207,District-Madhubani,Total,16,32617,17071,15546,3245,2772,473,1815,1367,448,577,376,201,7883,3954,3929,3411,2275,1136,2146,1172,974,783,346,437,12757,4809,7948
207,District-Madhubani,Total,17,24857,13167,11690,3092,2668,424,1750,1303,447,477,316,161,6288,3082,3206,2845,1878,967,1703,828,875,571,235,336,8131,2857,5274
207,District-Madhubani,Total,18,51821,27271,24550,7878,6759,1119,4151,3001,1150,1083,714,369,11719,5130,6589,6849,4531,2318,4332,2038,2294,1228,479,749,14581,4619,9962
207,District-Madhubani,Total,19,35662,15861,19801,5412,4393,1019,2826,1795,1031,717,408,309,8071,2916,5155,4952,2653,2299,3207,1180,2027,916,254,662,9561,2262,7299
207,District-Madhubani,Rural,5-19,566064,278751,287313,25487,21153,4334,13634,9539,4095,3921,2463,1458,66642,31959,34683,30336,18419,11917,19472,8968,10504,6767,2621,4146,399805,183629,216176
207,District-Madhubani,Rural,5,106062,55145,50917,53,39,14,16,10,6,9,7,2,593,315,278,1157,637,520,749,394,355,157,83,74,103328,53660,49668
207,District-Madhubani,Rural,6,81109,40982,40127,61,40,21,28,15,13,8,5,3,925,504,421,934,506,428,625,277,348,169,86,83,78359,39549,38810
207,District-Madhubani,Rural,7,37731,18298,19433,127,76,51,63,23,40,13,7,6,1900,985,915,609,321,288,387,173,214,134,53,81,34498,16660,17838
207,District-Madhubani,Rural,8,31853,14751,17102,150,94,56,81,38,43,12,6,6,2456,1279,1177,622,329,293,370,179,191,159,65,94,28003,12761,15242
207,District-Madhubani,Rural,9,19442,8841,10601,185,109,76,54,30,24,15,5,10,1978,1023,955,510,263,247,295,132,163,109,42,67,16296,7237,9059
207,District-Madhubani,Rural,10,31647,14656,16991,261,167,94,132,82,50,40,26,14,3403,1824,1579,876,463,413,559,252,307,302,122,180,26074,11720,14354
207,District-Madhubani,Rural,11,17812,8185,9627,362,275,87,159,90,69,51,34,17,2532,1289,1243,804,435,369,430,197,233,196,71,125,13278,5794,7484
207,District-Madhubani,Rural,12,26506,11861,14645,785,592,193,383,246,137,142,72,70,4372,2197,2175,1382,749,633,966,403,563,459,154,305,18017,7448,10569
207,District-Madhubani,Rural,13,18414,8084,10330,705,537,168,356,224,132,134,64,70,3593,1759,1834,1053,602,451,760,337,423,345,132,213,11468,4429,7039
207,District-Madhubani,Rural,14,23416,10882,12534,1212,987,225,703,478,225,278,184,94,5239,2613,2626,1701,1065,636,1175,532,643,521,201,320,12587,4822,7765
207,District-Madhubani,Rural,15,32019,16281,15738,2597,2223,374,1347,998,349,422,277,145,7144,3687,3457,3159,2117,1042,2006,1019,987,773,331,442,14571,5629,8942
207,District-Madhubani,Rural,16,31474,16444,15030,3137,2679,458,1772,1333,439,563,365,198,7569,3804,3765,3308,2201,1107,2102,1147,955,769,337,432,12254,4578,7676
207,District-Madhubani,Rural,17,23991,12698,11293,2974,2557,417,1705,1267,438,468,309,159,6019,2963,3056,2752,1805,947,1672,812,860,564,228,336,7837,2757,5080
207,District-Madhubani,Rural,18,50013,26309,23704,7623,6528,1095,4063,2942,1121,1062,702,360,11200,4930,6270,6645,4363,2282,4224,1968,2256,1202,464,738,13994,4412,9582
207,District-Madhubani,Rural,19,34575,15334,19241,5255,4250,1005,2772,1763,1009,704,400,304,7719,2787,4932,4824,2563,2261,3152,1146,2006,908,252,656,9241,2173,7068
207,District-Madhubani,Urban,5-19,19023,9685,9338,792,710,82,332,233,99,77,53,24,2751,1230,1521,874,629,245,472,265,207,105,55,50,13620,6510,7110
207,District-Madhubani,Urban,5,3242,1667,1575,1,1,0,4,3,1,0,0,0,31,13,18,35,17,18,25,11,14,1,1,0,3145,1621,1524
207,District-Madhubani,Urban,6,2730,1396,1334,1,1,0,3,1,2,0,0,0,31,18,13,22,9,13,20,11,9,1,0,1,2652,1356,1296
207,District-Madhubani,Urban,7,1274,651,623,1,0,1,3,3,0,0,0,0,62,34,28,9,5,4,11,5,6,4,3,1,1184,601,583
207,District-Madhubani,Urban,8,1091,508,583,2,0,2,4,2,2,0,0,0,85,40,45,14,7,7,11,4,7,1,0,1,974,455,519
207,District-Madhubani,Urban,9,632,308,324,2,2,0,10,9,1,0,0,0,79,43,36,12,5,7,7,4,3,3,1,2,519,244,275
207,District-Madhubani,Urban,10,1074,534,540,6,4,2,2,2,0,0,0,0,108,52,56,29,20,9,22,9,13,4,2,2,903,445,458
207,District-Madhubani,Urban,11,597,277,320,5,3,2,8,3,5,0,0,0,91,39,52,15,11,4,10,7,3,2,1,1,466,213,253
207,District-Madhubani,Urban,12,916,477,439,15,15,0,5,4,1,3,2,1,167,81,86,46,36,10,26,17,9,9,2,7,645,320,325
207,District-Madhubani,Urban,13,669,328,341,19,17,2,15,9,6,2,1,1,143,64,79,33,22,11,25,13,12,7,3,4,425,199,226
207,District-Madhubani,Urban,14,825,405,420,40,33,7,21,13,8,6,5,1,208,114,94,40,21,19,27,15,12,10,4,6,473,200,273
207,District-Madhubani,Urban,15,1069,549,520,62,56,6,27,23,4,9,7,2,292,134,158,91,71,20,50,24,26,8,5,3,530,229,301
207,District-Madhubani,Urban,16,1143,627,516,108,93,15,43,34,9,14,11,3,314,150,164,103,74,29,44,25,19,14,9,5,503,231,272
207,District-Madhubani,Urban,17,866,469,397,118,111,7,45,36,9,9,7,2,269,119,150,93,73,20,31,16,15,7,7,0,294,100,194
207,District-Madhubani,Urban,18,1808,962,846,255,231,24,88,59,29,21,12,9,519,200,319,204,168,36,108,70,38,26,15,11,587,207,380
207,District-Madhubani,Urban,19,1087,527,560,157,143,14,54,32,22,13,8,5,352,129,223,128,90,38,55,34,21,8,2,6,320,89,231
208,District-Supaul,Total,5-19,295757,142857,152900,11283,9159,2124,11141,7486,3655,3192,1964,1228,32763,16101,16662,11860,6539,5321,14318,5501,8817,4358,1573,2785,206842,94534,112308
208,District-Supaul,Total,5,60083,31030,29053,15,14,1,27,20,7,10,5,5,274,157,117,486,275,211,378,187,191,79,44,35,58814,30328,28486
208,District-Supaul,Total,6,45925,23093,22832,23,20,3,27,17,10,9,4,5,420,214,206,375,191,184,307,145,162,76,36,40,44688,22466,22222
208,District-Supaul,Total,7,20555,9802,10753,53,29,24,44,29,15,15,11,4,867,458,409,238,122,116,233,101,132,87,35,52,19018,9017,10001
208,District-Supaul,Total,8,17165,7783,9382,87,57,30,43,20,23,9,8,1,1256,650,606,221,103,118,289,125,164,112,50,62,15148,6770,8378
208,District-Supaul,Total,9,10403,4663,5740,74,44,30,72,36,36,27,20,7,1013,517,496,207,106,101,224,89,135,83,33,50,8703,3818,4885
208,District-Supaul,Total,10,15384,6819,8565,114,61,53,125,80,45,25,11,14,1752,901,851,350,172,178,397,163,234,188,64,124,12433,5367,7066
208,District-Supaul,Total,11,9022,3925,5097,171,120,51,160,86,74,37,20,17,1327,691,636,297,150,147,401,127,274,146,34,112,6483,2697,3786
208,District-Supaul,Total,12,12790,5487,7303,337,254,83,321,201,120,124,63,61,2318,1182,1136,514,275,239,753,288,465,292,109,183,8131,3115,5016
208,District-Supaul,Total,13,9230,3856,5374,287,208,79,306,184,122,122,60,62,1917,971,946,425,205,220,615,208,407,283,86,197,5275,1934,3341
208,District-Supaul,Total,14,11479,5131,6348,563,438,125,606,394,212,211,111,100,2734,1374,1360,649,360,289,940,381,559,334,127,207,5442,1946,3496
208,District-Supaul,Total,15,15858,7859,7999,1114,900,214,1159,814,345,429,278,151,3755,1995,1760,1277,784,493,1481,646,835,532,235,297,6111,2207,3904
208,District-Supaul,Total,16,14825,7801,7024,1293,1107,186,1458,1056,402,483,311,172,3860,2048,1812,1157,733,424,1467,670,797,488,216,272,4619,1660,2959
208,District-Supaul,Total,17,11166,5936,5230,1299,1093,206,1312,928,384,394,274,120,2675,1348,1327,1065,648,417,1213,535,678,330,114,216,2878,996,1882
208,District-Supaul,Total,18,24426,12663,11763,3435,2927,508,3243,2279,964,815,523,292,5178,2410,2768,2653,1559,1094,3077,1222,1855,748,260,488,5277,1483,3794
208,District-Supaul,Total,19,17446,7009,10437,2418,1887,531,2238,1342,896,482,265,217,3417,1185,2232,1946,856,1090,2543,614,1929,580,130,450,3822,730,3092
208,District-Supaul,Rural,5-19,284928,137395,147533,10875,8782,2093,10911,7300,3611,3141,1928,1213,30894,15302,15592,11616,6339,5277,14093,5366,8727,4246,1515,2731,199152,90863,108289
208,District-Supaul,Rural,5,57598,29739,27859,15,14,1,26,19,7,10,5,5,268,155,113,470,267,203,368,183,185,78,44,34,56363,29052,27311
208,District-Supaul,Rural,6,44159,22208,21951,23,20,3,27,17,10,9,4,5,406,208,198,363,182,181,304,145,159,74,35,39,42953,21597,21356
208,District-Supaul,Rural,7,19981,9520,10461,53,29,24,43,28,15,15,11,4,839,442,397,235,122,113,232,101,131,79,33,46,18485,8754,9731
208,District-Supaul,Rural,8,16633,7522,9111,85,56,29,43,20,23,9,8,1,1197,613,584,218,101,117,282,122,160,103,44,59,14696,6558,8138
208,District-Supaul,Rural,9,10107,4516,5591,74,44,30,72,36,36,27,20,7,977,503,474,206,106,100,221,88,133,78,31,47,8452,3688,4764
208,District-Supaul,Rural,10,14863,6562,8301,110,59,51,124,79,45,25,11,14,1671,858,813,346,169,177,392,161,231,170,55,115,12025,5170,6855
208,District-Supaul,Rural,11,8779,3817,4962,166,116,50,159,85,74,36,19,17,1266,665,601,295,149,146,398,126,272,141,32,109,6318,2625,3693
208,District-Supaul,Rural,12,12369,5291,7078,327,246,81,314,197,117,122,61,61,2232,1147,1085,507,270,237,735,277,458,282,102,180,7850,2991,4859
208,District-Supaul,Rural,13,8918,3700,5218,281,202,79,299,177,122,120,59,61,1813,926,887,419,202,217,606,204,402,276,84,192,5104,1846,3258
208,District-Supaul,Rural,14,11075,4941,6134,550,426,124,592,382,210,210,110,100,2583,1310,1273,640,353,287,923,371,552,329,125,204,5248,1864,3384
208,District-Supaul,Rural,15,15284,7557,7727,1079,867,212,1126,788,338,425,275,150,3557,1902,1655,1255,764,491,1465,633,832,520,229,291,5857,2099,3758
208,District-Supaul,Rural,16,14272,7492,6780,1254,1070,184,1423,1031,392,472,301,171,3641,1940,1701,1129,706,423,1441,653,788,481,211,270,4431,1580,2851
208,District-Supaul,Rural,17,10745,5707,5038,1251,1049,202,1290,906,384,383,267,116,2504,1275,1229,1039,625,414,1192,521,671,326,111,215,2760,953,1807
208,District-Supaul,Rural,18,23393,12126,11267,3293,2795,498,3179,2232,947,801,514,287,4788,2250,2538,2595,1508,1087,3018,1184,1834,736,253,483,4983,1390,3593
208,District-Supaul,Rural,19,16752,6697,10055,2314,1789,525,2194,1303,891,477,263,214,3152,1108,2044,1899,815,1084,2516,597,1919,573,126,447,3627,696,2931
208,District-Supaul,Urban,5-19,10829,5462,5367,408,377,31,230,186,44,51,36,15,1869,799,1070,244,200,44,225,135,90,112,58,54,7690,3671,4019
208,District-Supaul,Urban,5,2485,1291,1194,0,0,0,1,1,0,0,0,0,6,2,4,16,8,8,10,4,6,1,0,1,2451,1276,1175
208,District-Supaul,Urban,6,1766,885,881,0,0,0,0,0,0,0,0,0,14,6,8,12,9,3,3,0,3,2,1,1,1735,869,866
208,District-Supaul,Urban,7,574,282,292,0,0,0,1,1,0,0,0,0,28,16,12,3,0,3,1,0,1,8,2,6,533,263,270
208,District-Supaul,Urban,8,532,261,271,2,1,1,0,0,0,0,0,0,59,37,22,3,2,1,7,3,4,9,6,3,452,212,240
208,District-Supaul,Urban,9,296,147,149,0,0,0,0,0,0,0,0,0,36,14,22,1,0,1,3,1,2,5,2,3,251,130,121
208,District-Supaul,Urban,10,521,257,264,4,2,2,1,1,0,0,0,0,81,43,38,4,3,1,5,2,3,18,9,9,408,197,211
208,District-Supaul,Urban,11,243,108,135,5,4,1,1,1,0,1,1,0,61,26,35,2,1,1,3,1,2,5,2,3,165,72,93
208,District-Supaul,Urban,12,421,196,225,10,8,2,7,4,3,2,2,0,86,35,51,7,5,2,18,11,7,10,7,3,281,124,157
208,District-Supaul,Urban,13,312,156,156,6,6,0,7,7,0,2,1,1,104,45,59,6,3,3,9,4,5,7,2,5,171,88,83
208,District-Supaul,Urban,14,404,190,214,13,12,1,14,12,2,1,1,0,151,64,87,9,7,2,17,10,7,5,2,3,194,82,112
208,District-Supaul,Urban,15,574,302,272,35,33,2,33,26,7,4,3,1,198,93,105,22,20,2,16,13,3,12,6,6,254,108,146
208,District-Supaul,Urban,16,553,309,244,39,37,2,35,25,10,11,10,1,219,108,111,28,27,1,26,17,9,7,5,2,188,80,108
208,District-Supaul,Urban,17,421,229,192,48,44,4,22,22,0,11,7,4,171,73,98,26,23,3,21,14,7,4,3,1,118,43,75
208,District-Supaul,Urban,18,1033,537,496,142,132,10,64,47,17,14,9,5,390,160,230,58,51,7,59,38,21,12,7,5,294,93,201
208,District-Supaul,Urban,19,694,312,382,104,98,6,44,39,5,5,2,3,265,77,188,47,41,6,27,17,10,7,4,3,195,34,161
209,District-Araria,Total,5-19,449780,228377,221403,20386,17142,3244,12630,8839,3791,3245,1874,1371,43122,19305,23817,26651,17307,9344,19305,9417,9888,6671,2825,3846,317770,151668,166102
209,District-Araria,Total,5,79325,40837,38488,23,17,6,7,5,2,2,0,2,382,208,174,616,327,289,359,202,157,136,72,64,77800,40006,37794
209,District-Araria,Total,6,69073,35275,33798,25,17,8,12,5,7,6,4,2,555,289,266,602,331,271,373,174,199,131,72,59,67369,34383,32986
209,District-Araria,Total,7,33330,16672,16658,35,21,14,14,8,6,1,0,1,891,462,429,312,174,138,233,106,127,144,71,73,31700,15830,15870
209,District-Araria,Total,8,29473,14435,15038,82,54,28,18,7,11,5,4,1,1510,762,748,438,221,217,285,145,140,158,80,78,26977,13162,13815
209,District-Araria,Total,9,16200,7874,8326,61,37,24,25,14,11,10,8,2,1196,637,559,305,149,156,274,127,147,144,68,76,14185,6834,7351
209,District-Araria,Total,10,25155,12087,13068,154,95,59,77,53,24,39,20,19,2146,1098,1048,588,318,270,533,267,266,314,153,161,21304,10083,11221
209,District-Araria,Total,11,13471,6455,7016,200,146,54,139,86,53,51,31,20,1527,773,754,501,269,232,514,225,289,241,108,133,10298,4817,5481
209,District-Araria,Total,12,20780,9959,10821,468,365,103,327,207,120,133,75,58,3009,1505,1504,1138,687,451,1039,494,545,557,258,299,14109,6368,7741
209,District-Araria,Total,13,14238,6756,7482,467,367,100,377,235,142,158,92,66,2499,1235,1264,1012,607,405,843,387,456,407,163,244,8475,3670,4805
209,District-Araria,Total,14,18115,8881,9234,987,782,205,733,484,249,268,151,117,3756,1814,1942,1614,1067,547,1392,685,707,632,266,366,8733,3632,5101
209,District-Araria,Total,15,25306,13705,11601,2235,1871,364,1537,1104,433,452,266,186,5127,2459,2668,3135,2224,911,2356,1294,1062,812,391,421,9652,4096,5556
209,District-Araria,Total,16,23942,13119,10823,2662,2237,425,1850,1365,485,514,327,187,5164,2358,2806,3083,2187,896,2259,1296,963,695,325,370,7715,3024,4691
209,District-Araria,Total,17,17512,9846,7666,2521,2208,313,1542,1123,419,372,220,152,3603,1588,2015,2523,1779,744,1816,962,854,479,228,251,4656,1738,2918
209,District-Araria,Total,18,38540,21204,17336,6572,5745,827,3616,2652,964,742,435,307,7028,2704,4324,6633,4580,2053,4062,2051,2011,1045,363,682,8842,2674,6168
209,District-Araria,Total,19,25320,11272,14048,3894,3180,714,2356,1491,865,492,241,251,4729,1413,3316,4151,2387,1764,2967,1002,1965,776,207,569,5955,1351,4604
209,District-Araria,Rural,5-19,430263,218349,211914,19253,16158,3095,12285,8580,3705,3166,1816,1350,40266,18157,22109,25750,16667,9083,18840,9157,9683,6597,2787,3810,304106,145027,159079
209,District-Araria,Rural,5,75591,38863,36728,22,16,6,7,5,2,2,0,2,367,199,168,597,318,279,340,190,150,133,71,62,74123,38064,36059
209,District-Araria,Rural,6,65969,33691,32278,24,16,8,12,5,7,6,4,2,527,275,252,580,318,262,360,167,193,129,72,57,64331,32834,31497
209,District-Araria,Rural,7,32079,16046,16033,33,20,13,12,7,5,1,0,1,833,437,396,302,169,133,228,104,124,142,70,72,30528,15239,15289
209,District-Araria,Rural,8,28309,13865,14444,81,53,28,17,6,11,4,3,1,1399,704,695,425,215,210,279,143,136,158,80,78,25946,12661,13285
209,District-Araria,Rural,9,15619,7597,8022,58,35,23,23,13,10,10,8,2,1139,608,531,296,147,149,268,124,144,143,67,76,13682,6595,7087
209,District-Araria,Rural,10,24081,11537,12544,148,92,56,75,51,24,37,20,17,2007,1031,976,578,310,268,523,262,261,311,153,158,20402,9618,10784
209,District-Araria,Rural,11,12952,6215,6737,193,140,53,135,85,50,50,30,20,1445,741,704,482,257,225,502,217,285,241,108,133,9904,4637,5267
209,District-Araria,Rural,12,19862,9495,10367,442,343,99,305,193,112,129,73,56,2828,1407,1421,1106,664,442,1013,482,531,547,254,293,13492,6079,7413
209,District-Araria,Rural,13,13708,6482,7226,443,346,97,367,226,141,154,88,66,2381,1171,1210,971,582,389,829,380,449,399,161,238,8164,3528,4636
209,District-Araria,Rural,14,17376,8515,8861,944,743,201,720,478,242,263,148,115,3548,1710,1838,1554,1028,526,1352,664,688,621,261,360,8374,3483,4891
209,District-Araria,Rural,15,24310,13170,11140,2112,1766,346,1502,1078,424,439,256,183,4846,2335,2511,3038,2157,881,2295,1259,1036,809,388,421,9269,3931,5338
209,District-Araria,Rural,16,22886,12572,10314,2526,2128,398,1794,1327,467,504,320,184,4831,2211,2620,2978,2116,862,2201,1258,943,686,317,369,7366,2895,4471
209,District-Araria,Rural,17,16721,9423,7298,2393,2101,292,1502,1088,414,361,211,150,3343,1496,1847,2430,1707,723,1769,937,832,474,225,249,4449,1658,2791
209,District-Araria,Rural,18,36651,20163,16488,6182,5389,793,3516,2571,945,727,423,304,6450,2519,3931,6380,4383,1997,3967,1994,1973,1034,357,677,8395,2527,5868
209,District-Araria,Rural,19,24149,10715,13434,3652,2970,682,2298,1447,851,479,232,247,4322,1313,3009,4033,2296,1737,2914,976,1938,770,203,567,5681,1278,4403
209,District-Araria,Urban,5-19,19517,10028,9489,1133,984,149,345,259,86,79,58,21,2856,1148,1708,901,640,261,465,260,205,74,38,36,13664,6641,7023
209,District-Araria,Urban,5,3734,1974,1760,1,1,0,0,0,0,0,0,0,15,9,6,19,9,10,19,12,7,3,1,2,3677,1942,1735
209,District-Araria,Urban,6,3104,1584,1520,1,1,0,0,0,0,0,0,0,28,14,14,22,13,9,13,7,6,2,0,2,3038,1549,1489
209,District-Araria,Urban,7,1251,626,625,2,1,1,2,1,1,0,0,0,58,25,33,10,5,5,5,2,3,2,1,1,1172,591,581
209,District-Araria,Urban,8,1164,570,594,1,1,0,1,1,0,1,1,0,111,58,53,13,6,7,6,2,4,0,0,0,1031,501,530
209,District-Araria,Urban,9,581,277,304,3,2,1,2,1,1,0,0,0,57,29,28,9,2,7,6,3,3,1,1,0,503,239,264
209,District-Araria,Urban,10,1074,550,524,6,3,3,2,2,0,2,0,2,139,67,72,10,8,2,10,5,5,3,0,3,902,465,437
209,District-Araria,Urban,11,519,240,279,7,6,1,4,1,3,1,1,0,82,32,50,19,12,7,12,8,4,0,0,0,394,180,214
209,District-Araria,Urban,12,918,464,454,26,22,4,22,14,8,4,2,2,181,98,83,32,23,9,26,12,14,10,4,6,617,289,328
209,District-Araria,Urban,13,530,274,256,24,21,3,10,9,1,4,4,0,118,64,54,41,25,16,14,7,7,8,2,6,311,142,169
209,District-Araria,Urban,14,739,366,373,43,39,4,13,6,7,5,3,2,208,104,104,60,39,21,40,21,19,11,5,6,359,149,210
209,District-Araria,Urban,15,996,535,461,123,105,18,35,26,9,13,10,3,281,124,157,97,67,30,61,35,26,3,3,0,383,165,218
209,District-Araria,Urban,16,1056,547,509,136,109,27,56,38,18,10,7,3,333,147,186,105,71,34,58,38,20,9,8,1,349,129,220
209,District-Araria,Urban,17,791,423,368,128,107,21,40,35,5,11,9,2,260,92,168,93,72,21,47,25,22,5,3,2,207,80,127
209,District-Araria,Urban,18,1889,1041,848,390,356,34,100,81,19,15,12,3,578,185,393,253,197,56,95,57,38,11,6,5,447,147,300
209,District-Araria,Urban,19,1171,557,614,242,210,32,58,44,14,13,9,4,407,100,307,118,91,27,53,26,27,6,4,2,274,73,201
210,District-Kishanganj,Total,5-19,276014,138001,138013,17842,16272,1570,7635,5881,1754,2058,1248,810,41040,14892,26148,15273,12226,3047,8050,4811,3239,2477,1123,1354,181639,81548,100091
210,District-Kishanganj,Total,5,46141,23562,22579,21,15,6,15,10,5,0,0,0,240,128,112,246,157,89,146,68,78,52,22,30,45421,23162,22259
210,District-Kishanganj,Total,6,39073,19618,19455,10,9,1,7,6,1,2,1,1,365,196,169,191,126,65,152,80,72,32,15,17,38314,19185,19129
210,District-Kishanganj,Total,7,16272,7924,8348,23,13,10,9,6,3,2,1,1,565,288,277,118,76,42,78,33,45,54,30,24,15423,7477,7946
210,District-Kishanganj,Total,8,13332,6427,6905,50,36,14,24,16,8,6,4,2,766,357,409,140,87,53,110,47,63,46,20,26,12190,5860,6330
210,District-Kishanganj,Total,9,7941,3807,4134,26,22,4,17,9,8,3,2,1,696,333,363,103,59,44,85,49,36,59,32,27,6952,3301,3651
210,District-Kishanganj,Total,10,12053,5826,6227,95,78,17,61,36,25,9,5,4,1327,665,662,244,168,76,212,99,113,93,39,54,10012,4736,5276
210,District-Kishanganj,Total,11,7401,3443,3958,147,112,35,66,39,27,34,12,22,1129,482,647,240,161,79,145,70,75,78,30,48,5562,2537,3025
210,District-Kishanganj,Total,12,11360,5352,6008,418,359,59,211,136,75,108,64,44,2385,1051,1334,519,367,152,386,209,177,152,68,84,7181,3098,4083
210,District-Kishanganj,Total,13,9016,4305,4711,410,367,43,257,187,70,90,51,39,2258,965,1293,493,361,132,351,193,158,128,68,60,5029,2113,2916
210,District-Kishanganj,Total,14,13784,6681,7103,1005,890,115,519,389,130,203,121,82,4220,1718,2502,1050,852,198,600,360,240,221,107,114,5966,2244,3722
210,District-Kishanganj,Total,15,17570,8815,8755,1955,1783,172,886,679,207,272,182,90,5020,1892,3128,1769,1407,362,931,553,378,292,152,140,6445,2167,4278
210,District-Kishanganj,Total,16,21509,10901,10608,2935,2679,256,1303,1001,302,375,230,145,6305,2244,4061,2260,1867,393,1175,753,422,355,148,207,6801,1979,4822
210,District-Kishanganj,Total,17,14684,7553,7131,2311,2111,200,968,745,223,229,145,84,4236,1378,2858,1675,1377,298,831,516,315,227,108,119,4207,1173,3034
210,District-Kishanganj,Total,18,29380,15647,13733,5469,5072,397,2127,1711,416,481,291,190,7244,2134,5110,4162,3484,678,1822,1156,666,437,173,264,7638,1626,6012
210,District-Kishanganj,Total,19,16498,8140,8358,2967,2726,241,1165,911,254,244,139,105,4284,1061,3223,2063,1677,386,1026,625,401,251,111,140,4498,890,3608
210,District-Kishanganj,Rural,5-19,257831,128695,129136,16477,15067,1410,7242,5579,1663,1956,1193,763,37848,13701,24147,14205,11407,2798,7544,4503,3041,2324,1042,1282,170235,76203,94032
210,District-Kishanganj,Rural,5,42689,21854,20835,19,13,6,13,9,4,0,0,0,220,118,102,222,144,78,124,58,66,47,19,28,42044,21493,20551
210,District-Kishanganj,Rural,6,36336,18188,18148,9,8,1,6,6,0,2,1,1,337,182,155,170,115,55,129,66,63,25,12,13,35658,17798,17860
210,District-Kishanganj,Rural,7,15268,7431,7837,19,9,10,7,5,2,2,1,1,497,242,255,102,70,32,64,29,35,46,27,19,14531,7048,7483
210,District-Kishanganj,Rural,8,12551,6038,6513,47,33,14,21,14,7,5,4,1,693,318,375,126,79,47,94,38,56,44,18,26,11521,5534,5987
210,District-Kishanganj,Rural,9,7453,3588,3865,25,21,4,17,9,8,3,2,1,631,308,323,93,55,38,74,42,32,53,29,24,6557,3122,3435
210,District-Kishanganj,Rural,10,11296,5414,5882,85,70,15,58,35,23,9,5,4,1205,602,603,227,153,74,192,88,104,86,37,49,9434,4424,5010
210,District-Kishanganj,Rural,11,6879,3208,3671,126,96,30,60,37,23,31,12,19,1013,431,582,218,149,69,129,61,68,68,28,40,5234,2394,2840
210,District-Kishanganj,Rural,12,10676,5015,5661,385,331,54,201,128,73,104,60,44,2202,973,1229,484,343,141,364,198,166,146,64,82,6790,2918,3872
210,District-Kishanganj,Rural,13,8493,4052,4441,374,339,35,243,176,67,87,51,36,2123,904,1219,457,335,122,324,180,144,118,60,58,4767,2007,2760
210,District-Kishanganj,Rural,14,13037,6296,6741,941,840,101,488,364,124,191,117,74,3993,1633,2360,973,795,178,571,340,231,215,104,111,5665,2103,3562
210,District-Kishanganj,Rural,15,16533,8247,8286,1809,1647,162,849,649,200,258,170,88,4694,1764,2930,1642,1309,333,880,521,359,269,134,135,6132,2053,4079
210,District-Kishanganj,Rural,16,20244,10205,10039,2735,2506,229,1234,947,287,356,216,140,5892,2079,3813,2118,1748,370,1104,707,397,340,139,201,6465,1863,4602
210,District-Kishanganj,Rural,17,13760,7062,6698,2133,1951,182,916,710,206,222,140,82,3899,1263,2636,1561,1293,268,794,492,302,217,102,115,4018,1111,2907
210,District-Kishanganj,Rural,18,27376,14580,12796,5056,4699,357,2023,1626,397,455,282,173,6614,1947,4667,3893,3264,629,1732,1097,635,417,163,254,7186,1502,5684
210,District-Kishanganj,Rural,19,15240,7517,7723,2714,2504,210,1106,864,242,231,132,99,3835,937,2898,1919,1555,364,969,586,383,233,106,127,4233,833,3400
210,District-Kishanganj,Urban,5-19,18183,9306,8877,1365,1205,160,393,302,91,102,55,47,3192,1191,2001,1068,819,249,506,308,198,153,81,72,11404,5345,6059
210,District-Kishanganj,Urban,5,3452,1708,1744,2,2,0,2,1,1,0,0,0,20,10,10,24,13,11,22,10,12,5,3,2,3377,1669,1708
210,District-Kishanganj,Urban,6,2737,1430,1307,1,1,0,1,0,1,0,0,0,28,14,14,21,11,10,23,14,9,7,3,4,2656,1387,1269
210,District-Kishanganj,Urban,7,1004,493,511,4,4,0,2,1,1,0,0,0,68,46,22,16,6,10,14,4,10,8,3,5,892,429,463
210,District-Kishanganj,Urban,8,781,389,392,3,3,0,3,2,1,1,0,1,73,39,34,14,8,6,16,9,7,2,2,0,669,326,343
210,District-Kishanganj,Urban,9,488,219,269,1,1,0,0,0,0,0,0,0,65,25,40,10,4,6,11,7,4,6,3,3,395,179,216
210,District-Kishanganj,Urban,10,757,412,345,10,8,2,3,1,2,0,0,0,122,63,59,17,15,2,20,11,9,7,2,5,578,312,266
210,District-Kishanganj,Urban,11,522,235,287,21,16,5,6,2,4,3,0,3,116,51,65,22,12,10,16,9,7,10,2,8,328,143,185
210,District-Kishanganj,Urban,12,684,337,347,33,28,5,10,8,2,4,4,0,183,78,105,35,24,11,22,11,11,6,4,2,391,180,211
210,District-Kishanganj,Urban,13,523,253,270,36,28,8,14,11,3,3,0,3,135,61,74,36,26,10,27,13,14,10,8,2,262,106,156
210,District-Kishanganj,Urban,14,747,385,362,64,50,14,31,25,6,12,4,8,227,85,142,77,57,20,29,20,9,6,3,3,301,141,160
210,District-Kishanganj,Urban,15,1037,568,469,146,136,10,37,30,7,14,12,2,326,128,198,127,98,29,51,32,19,23,18,5,313,114,199
210,District-Kishanganj,Urban,16,1265,696,569,200,173,27,69,54,15,19,14,5,413,165,248,142,119,23,71,46,25,15,9,6,336,116,220
210,District-Kishanganj,Urban,17,924,491,433,178,160,18,52,35,17,7,5,2,337,115,222,114,84,30,37,24,13,10,6,4,189,62,127
210,District-Kishanganj,Urban,18,2004,1067,937,413,373,40,104,85,19,26,9,17,630,187,443,269,220,49,90,59,31,20,10,10,452,124,328
210,District-Kishanganj,Urban,19,1258,623,635,253,222,31,59,47,12,13,7,6,449,124,325,144,122,22,57,39,18,18,5,13,265,57,208
211,District-Purnia,Total,5-19,554494,280261,274233,20820,17606,3214,11025,8173,2852,2686,1740,946,51653,23857,27796,35228,23507,11721,22653,12418,10235,5769,2801,2968,404660,190159,214501
211,District-Purnia,Total,5,86376,44356,42020,80,65,15,43,24,19,1,0,1,517,265,252,1013,567,446,802,393,409,132,70,62,83788,42972,40816
211,District-Purnia,Total,6,76361,38787,37574,45,38,7,28,17,11,1,1,0,675,324,351,812,420,392,763,378,385,126,67,59,73911,37542,36369
211,District-Purnia,Total,7,39055,19266,19789,87,54,33,46,26,20,14,4,10,1088,537,551,534,282,252,485,240,245,91,49,42,36710,18074,18636
211,District-Purnia,Total,8,34925,17120,17805,69,46,23,38,27,11,12,6,6,1435,743,692,592,308,284,480,242,238,115,53,62,32184,15695,16489
211,District-Purnia,Total,9,23127,11145,11982,97,67,30,69,26,43,23,10,13,1311,677,634,489,272,217,499,235,264,95,52,43,20544,9806,10738
211,District-Purnia,Total,10,34218,16643,17575,145,99,46,122,71,51,29,19,10,2336,1202,1134,921,497,424,678,348,330,248,133,115,29739,14274,15465
211,District-Purnia,Total,11,21853,10554,11299,373,288,85,173,116,57,52,27,25,2117,1096,1021,970,578,392,699,342,357,218,102,116,17251,8005,9246
211,District-Purnia,Total,12,28215,13736,14479,588,458,130,333,209,124,103,58,45,3432,1764,1668,1585,961,624,1165,596,569,428,211,217,20581,9479,11102
211,District-Purnia,Total,13,19754,9425,10329,523,413,110,294,188,106,123,72,51,3144,1529,1615,1189,714,475,836,420,416,296,150,146,13349,5939,7410
211,District-Purnia,Total,14,24812,12276,12536,1013,821,192,573,408,165,221,131,90,4448,2190,2258,2105,1367,738,1456,799,657,478,249,229,14518,6311,8207
211,District-Purnia,Total,15,32898,17764,15134,2229,1894,335,1307,1029,278,389,271,118,5940,3017,2923,4026,2879,1147,2463,1512,951,673,337,336,15871,6825,9046
211,District-Purnia,Total,16,31014,16965,14049,2785,2426,359,1478,1125,353,362,259,103,6166,2978,3188,4188,3093,1095,2404,1473,931,678,354,324,12953,5257,7696
211,District-Purnia,Total,17,23930,13100,10830,2612,2266,346,1396,1106,290,341,244,97,4798,2237,2561,3443,2545,898,2109,1293,816,501,255,246,8730,3154,5576
211,District-Purnia,Total,18,44963,24446,20517,6022,5277,745,3013,2369,644,597,392,205,8079,3340,4739,7820,5654,2166,4378,2583,1795,955,458,497,14099,4373,9726
211,District-Purnia,Total,19,32993,14678,18315,4152,3394,758,2112,1432,680,418,246,172,6167,1958,4209,5541,3370,2171,3436,1564,1872,735,261,474,10432,2453,7979
211,District-Purnia,Rural,5-19,516601,260640,255961,19265,16254,3011,10465,7743,2722,2568,1653,915,46297,21576,24721,33531,22250,11281,21693,11854,9839,5575,2674,2901,377207,176636,200571
211,District-Purnia,Rural,5,79495,40798,38697,64,51,13,37,20,17,1,0,1,447,232,215,950,534,416,741,362,379,128,67,61,77127,39532,37595
211,District-Purnia,Rural,6,70762,35937,34825,34,30,4,27,16,11,1,1,0,582,287,295,757,400,357,708,360,348,122,65,57,68531,34778,33753
211,District-Purnia,Rural,7,36631,18070,18561,72,43,29,44,25,19,14,4,10,972,484,488,504,261,243,472,234,238,90,49,41,34463,16970,17493
211,District-Purnia,Rural,8,32905,16072,16833,62,40,22,33,23,10,12,6,6,1310,676,634,564,292,272,459,232,227,114,52,62,30351,14751,15600
211,District-Purnia,Rural,9,21611,10364,11247,88,62,26,68,25,43,23,10,13,1190,619,571,470,258,212,474,223,251,94,52,42,19204,9115,10089
211,District-Purnia,Rural,10,31992,15489,16503,137,96,41,117,66,51,28,18,10,2152,1113,1039,878,468,410,658,337,321,245,130,115,27777,13261,14516
211,District-Purnia,Rural,11,20298,9762,10536,338,258,80,168,114,54,52,27,25,1908,993,915,920,544,376,673,320,353,213,99,114,16026,7407,8619
211,District-Purnia,Rural,12,26532,12876,13656,525,406,119,306,194,112,103,58,45,3162,1638,1524,1512,915,597,1133,577,556,422,205,217,19369,8883,10486
211,District-Purnia,Rural,13,18578,8807,9771,468,367,101,280,175,105,122,72,50,2876,1400,1476,1135,679,456,801,399,402,289,144,145,12607,5571,7036
211,District-Purnia,Rural,14,23285,11478,11807,944,767,177,551,388,163,210,127,83,4076,2014,2062,2024,1311,713,1392,758,634,462,237,225,13626,5876,7750
211,District-Purnia,Rural,15,30825,16603,14222,2056,1737,319,1247,979,268,372,261,111,5442,2788,2654,3827,2739,1088,2357,1443,914,639,318,321,14885,6338,8547
211,District-Purnia,Rural,16,29206,15945,13261,2621,2291,330,1405,1070,335,348,248,100,5605,2702,2903,4000,2942,1058,2312,1419,893,652,336,316,12263,4937,7326
211,District-Purnia,Rural,17,22194,12138,10056,2437,2107,330,1325,1050,275,323,231,92,4246,2008,2238,3259,2393,866,2013,1225,788,476,238,238,8115,2886,5229
211,District-Purnia,Rural,18,41872,22808,19064,5599,4892,707,2875,2265,610,568,366,202,7094,2962,4132,7448,5342,2106,4209,2484,1725,920,435,485,13159,4062,9097
211,District-Purnia,Rural,19,30415,13493,16922,3820,3107,713,1982,1333,649,391,224,167,5235,1660,3575,5283,3172,2111,3291,1481,1810,709,247,462,9704,2269,7435
211,District-Purnia,Urban,5-19,37893,19621,18272,1555,1352,203,560,430,130,118,87,31,5356,2281,3075,1697,1257,440,960,564,396,194,127,67,27453,13523,13930
211,District-Purnia,Urban,5,6881,3558,3323,16,14,2,6,4,2,0,0,0,70,33,37,63,33,30,61,31,30,4,3,1,6661,3440,3221
211,District-Purnia,Urban,6,5599,2850,2749,11,8,3,1,1,0,0,0,0,93,37,56,55,20,35,55,18,37,4,2,2,5380,2764,2616
211,District-Purnia,Urban,7,2424,1196,1228,15,11,4,2,1,1,0,0,0,116,53,63,30,21,9,13,6,7,1,0,1,2247,1104,1143
211,District-Purnia,Urban,8,2020,1048,972,7,6,1,5,4,1,0,0,0,125,67,58,28,16,12,21,10,11,1,1,0,1833,944,889
211,District-Purnia,Urban,9,1516,781,735,9,5,4,1,1,0,0,0,0,121,58,63,19,14,5,25,12,13,1,0,1,1340,691,649
211,District-Purnia,Urban,10,2226,1154,1072,8,3,5,5,5,0,1,1,0,184,89,95,43,29,14,20,11,9,3,3,0,1962,1013,949
211,District-Purnia,Urban,11,1555,792,763,35,30,5,5,2,3,0,0,0,209,103,106,50,34,16,26,22,4,5,3,2,1225,598,627
211,District-Purnia,Urban,12,1683,860,823,63,52,11,27,15,12,0,0,0,270,126,144,73,46,27,32,19,13,6,6,0,1212,596,616
211,District-Purnia,Urban,13,1176,618,558,55,46,9,14,13,1,1,0,1,268,129,139,54,35,19,35,21,14,7,6,1,742,368,374
211,District-Purnia,Urban,14,1527,798,729,69,54,15,22,20,2,11,4,7,372,176,196,81,56,25,64,41,23,16,12,4,892,435,457
211,District-Purnia,Urban,15,2073,1161,912,173,157,16,60,50,10,17,10,7,498,229,269,199,140,59,106,69,37,34,19,15,986,487,499
211,District-Purnia,Urban,16,1808,1020,788,164,135,29,73,55,18,14,11,3,561,276,285,188,151,37,92,54,38,26,18,8,690,320,370
211,District-Purnia,Urban,17,1736,962,774,175,159,16,71,56,15,18,13,5,552,229,323,184,152,32,96,68,28,25,17,8,615,268,347
211,District-Purnia,Urban,18,3091,1638,1453,423,385,38,138,104,34,29,26,3,985,378,607,372,312,60,169,99,70,35,23,12,940,311,629
211,District-Purnia,Urban,19,2578,1185,1393,332,287,45,130,99,31,27,22,5,932,298,634,258,198,60,145,83,62,26,14,12,728,184,544
212,District-Katihar,Total,5-19,505428,260689,244739,19830,17623,2207,10984,8634,2350,2895,1945,950,52792,23189,29603,27094,21042,6052,17622,10984,6638,5387,2780,2607,368824,174492,194332
212,District-Katihar,Total,5,81660,41725,39935,14,9,5,8,6,2,2,1,1,377,190,187,461,249,212,187,89,98,64,32,32,80547,41149,39398
212,District-Katihar,Total,6,72740,36834,35906,13,10,3,9,7,2,1,1,0,618,320,298,427,248,179,171,81,90,62,30,32,71439,36137,35302
212,District-Katihar,Total,7,36058,17962,18096,44,25,19,13,7,6,3,1,2,1017,530,487,243,138,105,137,58,79,64,29,35,34537,17174,17363
212,District-Katihar,Total,8,32918,16431,16487,59,36,23,25,20,5,10,4,6,1491,834,657,262,146,116,190,90,100,75,40,35,30806,15261,15545
212,District-Katihar,Total,9,18860,9193,9667,57,37,20,29,17,12,2,0,2,1276,644,632,248,149,99,156,81,75,71,39,32,17021,8226,8795
212,District-Katihar,Total,10,28512,14271,14241,107,60,47,48,30,18,34,20,14,2311,1198,1113,454,304,150,387,193,194,190,85,105,24981,12381,12600
212,District-Katihar,Total,11,16300,7997,8303,188,146,42,86,66,20,42,29,13,1879,921,958,527,338,189,332,184,148,166,84,82,13080,6229,6851
212,District-Katihar,Total,12,24215,12008,12207,418,335,83,261,191,70,102,68,34,3529,1741,1788,968,691,277,779,437,342,334,162,172,17824,8383,9441
212,District-Katihar,Total,13,17584,8719,8865,450,372,78,257,184,73,111,65,46,3136,1569,1567,897,640,257,695,418,277,305,167,138,11733,5304,6429
212,District-Katihar,Total,14,22071,11379,10692,1002,871,131,639,480,159,212,129,83,4582,2219,2363,1606,1245,361,1161,735,426,471,251,220,12398,5449,6949
212,District-Katihar,Total,15,28562,15819,12743,2069,1833,236,1230,972,258,327,237,90,5981,2913,3068,2997,2384,613,2135,1415,720,660,367,293,13163,5698,7465
212,District-Katihar,Total,16,29882,16983,12899,2833,2579,254,1615,1314,301,465,317,148,6459,3033,3426,3753,3076,677,2354,1635,719,658,368,290,11745,4661,7084
212,District-Katihar,Total,17,21599,12393,9206,2558,2337,221,1438,1170,268,352,252,100,4719,2044,2675,2833,2303,530,1888,1272,616,508,289,219,7303,2726,4577
212,District-Katihar,Total,18,44736,25129,19607,6167,5618,549,3293,2668,625,731,514,217,8881,3217,5664,7242,6006,1236,4218,2755,1463,1068,550,518,13136,3801,9335
212,District-Katihar,Total,19,29731,13846,15885,3851,3355,496,2033,1502,531,501,307,194,6536,1816,4720,4176,3125,1051,2832,1541,1291,691,287,404,9111,1913,7198
212,District-Katihar,Rural,5-19,480487,247559,232928,18694,16579,2115,10538,8297,2241,2832,1896,936,48149,21154,26995,26275,20382,5893,17235,10709,6526,5338,2739,2599,351426,165803,185623
212,District-Katihar,Rural,5,76805,39206,37599,12,7,5,8,6,2,2,1,1,342,171,171,418,232,186,177,84,93,63,32,31,75783,38673,37110
212,District-Katihar,Rural,6,69062,34892,34170,13,10,3,9,7,2,1,1,0,554,284,270,394,228,166,166,78,88,62,30,32,67863,34254,33609
212,District-Katihar,Rural,7,34539,17182,17357,42,24,18,10,5,5,3,1,2,923,478,445,226,128,98,134,57,77,64,29,35,33137,16460,16677
212,District-Katihar,Rural,8,31636,15766,15870,58,36,22,22,18,4,10,4,6,1376,777,599,253,140,113,185,88,97,75,40,35,29657,14663,14994
212,District-Katihar,Rural,9,18131,8848,9283,53,35,18,28,16,12,2,0,2,1193,602,591,243,146,97,152,78,74,70,38,32,16390,7933,8457
212,District-Katihar,Rural,10,27344,13653,13691,102,55,47,46,28,18,34,20,14,2169,1122,1047,443,296,147,376,188,188,190,85,105,23984,11859,12125
212,District-Katihar,Rural,11,15589,7646,7943,174,134,40,82,62,20,41,28,13,1737,860,877,504,322,182,325,179,146,165,83,82,12561,5978,6583
212,District-Katihar,Rural,12,23267,11514,11753,403,321,82,250,184,66,100,67,33,3309,1637,1672,952,679,273,762,428,334,334,162,172,17157,8036,9121
212,District-Katihar,Rural,13,16852,8326,8526,426,353,73,247,178,69,106,61,45,2918,1463,1455,868,618,250,680,405,275,301,164,137,11306,5084,6222
212,District-Katihar,Rural,14,21115,10887,10228,966,838,128,624,466,158,210,128,82,4266,2075,2191,1574,1218,356,1139,715,424,465,247,218,11871,5200,6671
212,District-Katihar,Rural,15,27329,15107,12222,1981,1752,229,1189,944,245,326,236,90,5545,2700,2845,2919,2318,601,2087,1379,708,656,363,293,12626,5415,7211
212,District-Katihar,Rural,16,28502,16216,12286,2722,2478,244,1549,1268,281,460,314,146,5949,2792,3157,3667,3005,662,2298,1591,707,655,366,289,11202,4402,6800
212,District-Katihar,Rural,17,20363,11702,8661,2428,2215,213,1369,1121,248,342,246,96,4232,1816,2416,2741,2219,522,1859,1249,610,504,285,219,6888,2551,4337
212,District-Katihar,Rural,18,42116,23715,18401,5783,5265,518,3167,2566,601,709,497,212,7883,2828,5055,7021,5810,1211,4134,2693,1441,1051,534,517,12368,3522,8846
212,District-Katihar,Rural,19,27837,12899,14938,3531,3056,475,1938,1428,510,486,292,194,5753,1549,4204,4052,3023,1029,2761,1497,1264,683,281,402,8633,1773,6860
212,District-Katihar,Urban,5-19,24941,13130,11811,1136,1044,92,446,337,109,63,49,14,4643,2035,2608,819,660,159,387,275,112,49,41,8,17398,8689,8709
212,District-Katihar,Urban,5,4855,2519,2336,2,2,0,0,0,0,0,0,0,35,19,16,43,17,26,10,5,5,1,0,1,4764,2476,2288
212,District-Katihar,Urban,6,3678,1942,1736,0,0,0,0,0,0,0,0,0,64,36,28,33,20,13,5,3,2,0,0,0,3576,1883,1693
212,District-Katihar,Urban,7,1519,780,739,2,1,1,3,2,1,0,0,0,94,52,42,17,10,7,3,1,2,0,0,0,1400,714,686
212,District-Katihar,Urban,8,1282,665,617,1,0,1,3,2,1,0,0,0,115,57,58,9,6,3,5,2,3,0,0,0,1149,598,551
212,District-Katihar,Urban,9,729,345,384,4,2,2,1,1,0,0,0,0,83,42,41,5,3,2,4,3,1,1,1,0,631,293,338
212,District-Katihar,Urban,10,1168,618,550,5,5,0,2,2,0,0,0,0,142,76,66,11,8,3,11,5,6,0,0,0,997,522,475
212,District-Katihar,Urban,11,711,351,360,14,12,2,4,4,0,1,1,0,142,61,81,23,16,7,7,5,2,1,1,0,519,251,268
212,District-Katihar,Urban,12,948,494,454,15,14,1,11,7,4,2,1,1,220,104,116,16,12,4,17,9,8,0,0,0,667,347,320
212,District-Katihar,Urban,13,732,393,339,24,19,5,10,6,4,5,4,1,218,106,112,29,22,7,15,13,2,4,3,1,427,220,207
212,District-Katihar,Urban,14,956,492,464,36,33,3,15,14,1,2,1,1,316,144,172,32,27,5,22,20,2,6,4,2,527,249,278
212,District-Katihar,Urban,15,1233,712,521,88,81,7,41,28,13,1,1,0,436,213,223,78,66,12,48,36,12,4,4,0,537,283,254
212,District-Katihar,Urban,16,1380,767,613,111,101,10,66,46,20,5,3,2,510,241,269,86,71,15,56,44,12,3,2,1,543,259,284
212,District-Katihar,Urban,17,1236,691,545,130,122,8,69,49,20,10,6,4,487,228,259,92,84,8,29,23,6,4,4,0,415,175,240
212,District-Katihar,Urban,18,2620,1414,1206,384,353,31,126,102,24,22,17,5,998,389,609,221,196,25,84,62,22,17,16,1,768,279,489
212,District-Katihar,Urban,19,1894,947,947,320,299,21,95,74,21,15,15,0,783,267,516,124,102,22,71,44,27,8,6,2,478,140,338
213,District-Madhepura,Total,5-19,310668,155789,154879,8334,6855,1479,7225,4828,2397,1929,1204,725,25166,12533,12633,14284,8739,5545,15212,7000,8212,4563,1900,2663,233955,112730,121225
213,District-Madhepura,Total,5,55631,28901,26730,17,14,3,8,6,2,0,0,0,250,129,121,503,281,222,409,207,202,102,47,55,54342,28217,26125
213,District-Madhepura,Total,6,49726,25397,24329,13,11,2,9,8,1,3,2,1,352,185,167,459,256,203,346,181,165,106,56,50,48438,24698,23740
213,District-Madhepura,Total,7,24126,11886,12240,40,23,17,18,8,10,4,4,0,676,353,323,300,162,138,252,122,130,74,28,46,22762,11186,11576
213,District-Madhepura,Total,8,22124,10518,11606,46,21,25,40,23,17,11,5,6,1096,568,528,295,154,141,330,138,192,132,56,76,20174,9553,10621
213,District-Madhepura,Total,9,13763,6640,7123,49,28,21,30,17,13,8,4,4,867,438,429,228,123,105,270,134,136,82,28,54,12229,5868,6361
213,District-Madhepura,Total,10,21111,10170,10941,79,49,30,62,22,40,33,14,19,1554,823,731,407,219,188,523,228,295,252,115,137,18201,8700,9501
213,District-Madhepura,Total,11,11260,5377,5883,104,75,29,80,52,28,25,11,14,1039,545,494,344,191,153,416,195,221,153,67,86,9099,4241,4858
213,District-Madhepura,Total,12,14945,7077,7868,288,227,61,213,132,81,96,53,43,1848,984,864,662,382,280,786,339,447,394,173,221,10658,4787,5871
213,District-Madhepura,Total,13,9709,4554,5155,192,142,50,217,146,71,79,49,30,1501,764,737,490,287,203,686,298,388,266,107,159,6278,2761,3517
213,District-Madhepura,Total,14,11621,5675,5946,394,317,77,412,275,137,161,96,65,1972,1045,927,824,522,302,977,465,512,339,152,187,6542,2803,3739
213,District-Madhepura,Total,15,14957,8180,6777,836,696,140,754,521,233,253,173,80,2729,1481,1248,1475,1033,442,1615,864,751,539,263,276,6756,3149,3607
213,District-Madhepura,Total,16,13804,7758,6046,1036,895,141,957,708,249,258,167,91,2664,1421,1243,1534,1084,450,1562,854,708,448,238,210,5345,2391,2954
213,District-Madhepura,Total,17,9726,5437,4289,909,760,149,841,613,228,200,132,68,1981,1031,950,1187,782,405,1195,639,556,316,154,162,3097,1326,1771
213,District-Madhepura,Total,18,21958,11724,10234,2598,2230,368,2086,1468,618,483,305,178,3860,1820,2040,3167,2081,1086,3259,1518,1741,764,273,491,5741,2029,3712
213,District-Madhepura,Total,19,16207,6495,9712,1733,1367,366,1498,829,669,315,189,126,2777,946,1831,2409,1182,1227,2586,818,1768,596,143,453,4293,1021,3272
213,District-Madhepura,Rural,5-19,301956,151281,150675,7963,6531,1432,7088,4731,2357,1901,1185,716,24123,12076,12047,13923,8461,5462,15048,6890,8158,4529,1876,2653,227381,109531,117850
213,District-Madhepura,Rural,5,53823,27984,25839,16,14,2,7,5,2,0,0,0,241,124,117,484,272,212,400,204,196,102,47,55,52573,27318,25255
213,District-Madhepura,Rural,6,48225,24631,23594,13,11,2,9,8,1,3,2,1,337,178,159,438,245,193,341,178,163,106,56,50,46978,23953,23025
213,District-Madhepura,Rural,7,23536,11595,11941,39,23,16,18,8,10,4,4,0,650,340,310,295,160,135,247,118,129,74,28,46,22209,10914,11295
213,District-Madhepura,Rural,8,21677,10312,11365,45,20,25,40,23,17,11,5,6,1070,553,517,290,152,138,328,137,191,132,56,76,19761,9366,10395
213,District-Madhepura,Rural,9,13442,6472,6970,48,27,21,29,16,13,8,4,4,841,424,417,224,120,104,267,132,135,82,28,54,11943,5721,6222
213,District-Madhepura,Rural,10,20620,9912,10708,77,49,28,59,21,38,33,14,19,1520,808,712,402,216,186,519,227,292,251,114,137,17759,8463,9296
213,District-Madhepura,Rural,11,10962,5219,5743,97,70,27,78,50,28,25,11,14,1008,528,480,335,186,149,411,191,220,152,66,86,8856,4117,4739
213,District-Madhepura,Rural,12,14639,6919,7720,276,218,58,210,130,80,96,53,43,1800,960,840,655,378,277,782,336,446,393,173,220,10427,4671,5756
213,District-Madhepura,Rural,13,9484,4442,5042,185,135,50,214,144,70,78,48,30,1465,748,717,480,280,200,679,294,385,262,104,158,6121,2689,3432
213,District-Madhepura,Rural,14,11356,5534,5822,380,304,76,406,270,136,157,93,64,1918,1014,904,808,510,298,971,462,509,335,149,186,6381,2732,3649
213,District-Madhepura,Rural,15,14559,7954,6605,812,674,138,743,514,229,247,169,78,2630,1426,1204,1432,1000,432,1601,852,749,535,261,274,6559,3058,3501
213,District-Madhepura,Rural,16,13369,7507,5862,979,843,136,948,701,247,254,164,90,2538,1363,1175,1479,1041,438,1544,840,704,444,235,209,5183,2320,2863
213,District-Madhepura,Rural,17,9411,5253,4158,868,724,144,827,599,228,199,131,68,1879,988,891,1155,754,401,1184,629,555,312,150,162,2987,1278,1709
213,District-Madhepura,Rural,18,21217,11309,9908,2479,2123,356,2038,1433,605,479,304,175,3632,1732,1900,3094,2013,1081,3213,1482,1731,758,269,489,5524,1953,3571
213,District-Madhepura,Rural,19,15636,6238,9398,1649,1296,353,1462,809,653,307,183,124,2594,890,1704,2352,1134,1218,2561,808,1753,591,140,451,4120,978,3142
213,District-Madhepura,Urban,5-19,8712,4508,4204,371,324,47,137,97,40,28,19,9,1043,457,586,361,278,83,164,110,54,34,24,10,6574,3199,3375
213,District-Madhepura,Urban,5,1808,917,891,1,0,1,1,1,0,0,0,0,9,5,4,19,9,10,9,3,6,0,0,0,1769,899,870
213,District-Madhepura,Urban,6,1501,766,735,0,0,0,0,0,0,0,0,0,15,7,8,21,11,10,5,3,2,0,0,0,1460,745,715
213,District-Madhepura,Urban,7,590,291,299,1,0,1,0,0,0,0,0,0,26,13,13,5,2,3,5,4,1,0,0,0,553,272,281
213,District-Madhepura,Urban,8,447,206,241,1,1,0,0,0,0,0,0,0,26,15,11,5,2,3,2,1,1,0,0,0,413,187,226
213,District-Madhepura,Urban,9,321,168,153,1,1,0,1,1,0,0,0,0,26,14,12,4,3,1,3,2,1,0,0,0,286,147,139
213,District-Madhepura,Urban,10,491,258,233,2,0,2,3,1,2,0,0,0,34,15,19,5,3,2,4,1,3,1,1,0,442,237,205
213,District-Madhepura,Urban,11,298,158,140,7,5,2,2,2,0,0,0,0,31,17,14,9,5,4,5,4,1,1,1,0,243,124,119
213,District-Madhepura,Urban,12,306,158,148,12,9,3,3,2,1,0,0,0,48,24,24,7,4,3,4,3,1,1,0,1,231,116,115
213,District-Madhepura,Urban,13,225,112,113,7,7,0,3,2,1,1,1,0,36,16,20,10,7,3,7,4,3,4,3,1,157,72,85
213,District-Madhepura,Urban,14,265,141,124,14,13,1,6,5,1,4,3,1,54,31,23,16,12,4,6,3,3,4,3,1,161,71,90
213,District-Madhepura,Urban,15,398,226,172,24,22,2,11,7,4,6,4,2,99,55,44,43,33,10,14,12,2,4,2,2,197,91,106
213,District-Madhepura,Urban,16,435,251,184,57,52,5,9,7,2,4,3,1,126,58,68,55,43,12,18,14,4,4,3,1,162,71,91
213,District-Madhepura,Urban,17,315,184,131,41,36,5,14,14,0,1,1,0,102,43,59,32,28,4,11,10,1,4,4,0,110,48,62
213,District-Madhepura,Urban,18,741,415,326,119,107,12,48,35,13,4,1,3,228,88,140,73,68,5,46,36,10,6,4,2,217,76,141
213,District-Madhepura,Urban,19,571,257,314,84,71,13,36,20,16,8,6,2,183,56,127,57,48,9,25,10,15,5,3,2,173,43,130
214,District-Saharsa,Total,5-19,300378,148805,151573,7048,6148,900,6834,5146,1688,1708,1059,649,25033,12395,12638,10143,6786,3357,12092,5948,6144,4110,1659,2451,233410,109664,123746
214,District-Saharsa,Total,5,52940,27397,25543,9,7,2,5,2,3,1,1,0,193,107,86,306,172,134,258,138,120,78,34,44,52090,26936,25154
214,District-Saharsa,Total,6,47359,24097,23262,10,8,2,9,7,2,1,1,0,326,179,147,300,146,154,248,115,133,87,44,43,46378,23597,22781
214,District-Saharsa,Total,7,21831,10575,11256,26,14,12,12,8,4,2,1,1,399,213,186,171,93,78,162,78,84,43,21,22,21016,10147,10869
214,District-Saharsa,Total,8,23371,11065,12306,35,21,14,18,10,8,8,6,2,716,403,313,213,116,97,197,86,111,101,47,54,22083,10376,11707
214,District-Saharsa,Total,9,12034,5614,6420,21,13,8,13,10,3,9,5,4,523,265,258,147,81,66,175,67,108,68,27,41,11078,5146,5932
214,District-Saharsa,Total,10,20477,9470,11007,50,26,24,56,36,20,14,10,4,1240,689,551,273,143,130,359,145,214,209,68,141,18276,8353,9923
214,District-Saharsa,Total,11,9796,4530,5266,82,62,20,76,55,21,24,15,9,811,439,372,218,137,81,284,127,157,124,53,71,8177,3642,4535
214,District-Saharsa,Total,12,15741,7233,8508,211,164,47,177,120,57,54,36,18,1719,918,801,437,281,156,638,288,350,273,120,153,12232,5306,6926
214,District-Saharsa,Total,13,9301,4294,5007,164,130,34,129,87,42,58,32,26,1371,771,600,321,192,129,441,213,228,221,99,122,6596,2770,3826
214,District-Saharsa,Total,14,12008,5907,6101,335,287,48,387,265,122,116,53,63,2155,1178,977,556,399,157,784,399,385,341,152,189,7334,3174,4160
214,District-Saharsa,Total,15,14513,7927,6586,697,617,80,755,595,160,229,143,86,2845,1581,1264,1059,793,266,1244,722,522,436,198,238,7248,3278,3970
214,District-Saharsa,Total,16,13729,7756,5973,867,772,95,938,743,195,260,179,81,3025,1666,1359,1118,847,271,1300,769,531,441,220,221,5780,2560,3220
214,District-Saharsa,Total,17,9350,5033,4317,776,698,78,709,571,138,200,128,72,2160,1055,1105,869,592,277,1030,575,455,297,131,166,3309,1283,2026
214,District-Saharsa,Total,18,22882,11944,10938,2350,2121,229,2174,1687,487,452,293,159,4493,1962,2531,2588,1865,723,2973,1523,1450,778,278,500,7074,2215,4859
214,District-Saharsa,Total,19,15046,5963,9083,1415,1208,207,1376,950,426,280,156,124,3057,969,2088,1567,929,638,1999,703,1296,613,167,446,4739,881,3858
214,District-Saharsa,Rural,5-19,283879,140342,143537,6640,5782,858,6626,4974,1652,1673,1031,642,22960,11482,11478,9724,6455,3269,11824,5784,6040,4003,1594,2409,220429,103240,117189
214,District-Saharsa,Rural,5,49507,25573,23934,6,5,1,4,1,3,1,1,0,171,92,79,277,159,118,222,114,108,76,33,43,48750,25168,23582
214,District-Saharsa,Rural,6,44393,22557,21836,10,8,2,8,6,2,1,1,0,306,167,139,282,138,144,213,98,115,86,43,43,43487,22096,21391
214,District-Saharsa,Rural,7,20664,9982,10682,24,13,11,11,7,4,2,1,1,352,182,170,164,88,76,156,75,81,42,20,22,19913,9596,10317
214,District-Saharsa,Rural,8,22221,10459,11762,35,21,14,16,8,8,8,6,2,671,376,295,204,115,89,188,81,107,101,47,54,20998,9805,11193
214,District-Saharsa,Rural,9,11553,5375,6178,19,12,7,10,7,3,9,5,4,485,245,240,143,78,65,171,65,106,68,27,41,10648,4936,5712
214,District-Saharsa,Rural,10,19442,8950,10492,50,26,24,55,35,20,13,10,3,1166,644,522,258,134,124,348,139,209,208,67,141,17344,7895,9449
214,District-Saharsa,Rural,11,9399,4338,5061,72,53,19,74,54,20,24,15,9,736,396,340,215,135,80,280,127,153,123,52,71,7875,3506,4369
214,District-Saharsa,Rural,12,14941,6857,8084,189,148,41,174,118,56,54,36,18,1595,865,730,424,272,152,627,280,347,270,117,153,11608,5021,6587
214,District-Saharsa,Rural,13,8928,4102,4826,156,122,34,125,83,42,57,31,26,1279,723,556,306,182,124,436,210,226,219,97,122,6350,2654,3696
214,District-Saharsa,Rural,14,11436,5588,5848,311,268,43,375,255,120,116,53,63,2024,1096,928,540,385,155,769,390,379,331,144,187,6970,2997,3973
214,District-Saharsa,Rural,15,13775,7514,6261,654,580,74,734,579,155,226,141,85,2660,1496,1164,1005,747,258,1218,706,512,431,195,236,6847,3070,3777
214,District-Saharsa,Rural,16,13043,7369,5674,819,726,93,917,725,192,251,173,78,2786,1548,1238,1083,815,268,1286,757,529,432,214,218,5469,2411,3058
214,District-Saharsa,Rural,17,8781,4746,4035,736,661,75,683,551,132,192,121,71,1934,966,968,837,565,272,1007,558,449,284,126,158,3108,1198,1910
214,District-Saharsa,Rural,18,21592,11303,10289,2229,2009,220,2101,1625,476,442,284,158,4076,1815,2261,2466,1753,713,2930,1493,1437,756,262,494,6592,2062,4530
214,District-Saharsa,Rural,19,14204,5629,8575,1330,1130,200,1339,920,419,277,153,124,2719,871,1848,1520,889,631,1973,691,1282,576,150,426,4470,825,3645
214,District-Saharsa,Urban,5-19,16499,8463,8036,408,366,42,208,172,36,35,28,7,2073,913,1160,419,331,88,268,164,104,107,65,42,12981,6424,6557
214,District-Saharsa,Urban,5,3433,1824,1609,3,2,1,1,1,0,0,0,0,22,15,7,29,13,16,36,24,12,2,1,1,3340,1768,1572
214,District-Saharsa,Urban,6,2966,1540,1426,0,0,0,1,1,0,0,0,0,20,12,8,18,8,10,35,17,18,1,1,0,2891,1501,1390
214,District-Saharsa,Urban,7,1167,593,574,2,1,1,1,1,0,0,0,0,47,31,16,7,5,2,6,3,3,1,1,0,1103,551,552
214,District-Saharsa,Urban,8,1150,606,544,0,0,0,2,2,0,0,0,0,45,27,18,9,1,8,9,5,4,0,0,0,1085,571,514
214,District-Saharsa,Urban,9,481,239,242,2,1,1,3,3,0,0,0,0,38,20,18,4,3,1,4,2,2,0,0,0,430,210,220
214,District-Saharsa,Urban,10,1035,520,515,0,0,0,1,1,0,1,0,1,74,45,29,15,9,6,11,6,5,1,1,0,932,458,474
214,District-Saharsa,Urban,11,397,192,205,10,9,1,2,1,1,0,0,0,75,43,32,3,2,1,4,0,4,1,1,0,302,136,166
214,District-Saharsa,Urban,12,800,376,424,22,16,6,3,2,1,0,0,0,124,53,71,13,9,4,11,8,3,3,3,0,624,285,339
214,District-Saharsa,Urban,13,373,192,181,8,8,0,4,4,0,1,1,0,92,48,44,15,10,5,5,3,2,2,2,0,246,116,130
214,District-Saharsa,Urban,14,572,319,253,24,19,5,12,10,2,0,0,0,131,82,49,16,14,2,15,9,6,10,8,2,364,177,187
214,District-Saharsa,Urban,15,738,413,325,43,37,6,21,16,5,3,2,1,185,85,100,54,46,8,26,16,10,5,3,2,401,208,193
214,District-Saharsa,Urban,16,686,387,299,48,46,2,21,18,3,9,6,3,239,118,121,35,32,3,14,12,2,9,6,3,311,149,162
214,District-Saharsa,Urban,17,569,287,282,40,37,3,26,20,6,8,7,1,226,89,137,32,27,5,23,17,6,13,5,8,201,85,116
214,District-Saharsa,Urban,18,1290,641,649,121,112,9,73,62,11,10,9,1,417,147,270,122,112,10,43,30,13,22,16,6,482,153,329
214,District-Saharsa,Urban,19,842,334,508,85,78,7,37,30,7,3,3,0,338,98,240,47,40,7,26,12,14,37,17,20,269,56,213
215,District-Darbhanga,Total,5-19,613224,309840,303384,18317,16369,1948,14013,11766,2247,3389,2558,831,78880,38636,40244,21196,15245,5951,19361,12061,7300,5417,2728,2689,452651,210477,242174
215,District-Darbhanga,Total,5,100351,51995,48356,28,21,7,25,18,7,3,2,1,512,273,239,852,457,395,440,220,220,125,59,66,98366,50945,47421
215,District-Darbhanga,Total,6,85146,43496,41650,27,20,7,17,10,7,1,1,0,724,366,358,698,379,319,443,227,216,121,67,54,83115,42426,40689
215,District-Darbhanga,Total,7,42720,21064,21656,75,43,32,34,20,14,10,6,4,1628,862,766,460,243,217,242,121,121,118,68,50,40153,19701,20452
215,District-Darbhanga,Total,8,38110,18101,20009,113,75,38,54,36,18,14,8,6,2357,1208,1149,445,246,199,312,157,155,111,57,54,34704,16314,18390
215,District-Darbhanga,Total,9,24140,11425,12715,117,89,28,47,30,17,21,14,7,2046,1121,925,337,172,165,257,139,118,121,62,59,21194,9798,11396
215,District-Darbhanga,Total,10,38273,18167,20106,175,114,61,88,57,31,41,22,19,3536,1916,1620,632,355,277,501,253,248,211,100,111,33089,15350,17739
215,District-Darbhanga,Total,11,21662,10173,11489,251,193,58,137,104,33,34,24,10,2826,1553,1273,503,305,198,447,232,215,179,82,97,17285,7680,9605
215,District-Darbhanga,Total,12,31347,14653,16694,477,393,84,311,226,85,109,70,39,4939,2605,2334,914,590,324,871,497,374,304,149,155,23422,10123,13299
215,District-Darbhanga,Total,13,21830,10021,11809,437,370,67,305,214,91,90,54,36,4388,2227,2161,658,431,227,708,383,325,265,122,143,14979,6220,8759
215,District-Darbhanga,Total,14,27444,13118,14326,859,732,127,636,514,122,203,134,69,6643,3415,3228,1124,786,338,1189,739,450,374,191,183,16416,6607,9809
215,District-Darbhanga,Total,15,35608,18559,17049,1701,1480,221,1362,1127,235,386,292,94,8947,4790,4157,2088,1564,524,2094,1379,715,646,352,294,18384,7575,10809
215,District-Darbhanga,Total,16,33941,18309,15632,2142,1922,220,1858,1581,277,473,360,113,9448,4868,4580,2192,1713,479,2280,1578,702,548,293,255,15000,5994,9006
215,District-Darbhanga,Total,17,26287,14503,11784,2207,2016,191,1780,1549,231,418,340,78,7745,3720,4025,2089,1621,468,1903,1310,593,506,278,228,9639,3669,5970
215,District-Darbhanga,Total,18,52119,29566,22553,5904,5463,441,4447,3864,583,993,806,187,13660,6226,7434,5068,4089,979,4600,3089,1511,1066,560,506,16381,5469,10912
215,District-Darbhanga,Total,19,34246,16690,17556,3804,3438,366,2912,2416,496,593,425,168,9481,3486,5995,3136,2294,842,3074,1737,1337,722,288,434,10524,2606,7918
215,District-Darbhanga,Rural,5-19,573010,289183,283827,16545,14768,1777,13328,11205,2123,3135,2356,779,71669,35515,36154,20046,14269,5777,18726,11633,7093,5144,2570,2574,424417,196867,227550
215,District-Darbhanga,Rural,5,92734,48060,44674,24,18,6,25,18,7,2,1,1,471,253,218,817,439,378,420,211,209,122,58,64,90853,47062,43791
215,District-Darbhanga,Rural,6,78914,40337,38577,26,19,7,17,10,7,1,1,0,651,331,320,673,366,307,417,219,198,119,66,53,77010,39325,37685
215,District-Darbhanga,Rural,7,40045,19723,20322,67,39,28,30,19,11,10,6,4,1466,778,688,453,239,214,230,115,115,115,66,49,37674,18461,19213
215,District-Darbhanga,Rural,8,36060,17112,18948,107,69,38,49,33,16,13,7,6,2175,1109,1066,430,233,197,303,150,153,109,56,53,32874,15455,17419
215,District-Darbhanga,Rural,9,22934,10845,12089,105,80,25,46,30,16,21,14,7,1857,1032,825,325,161,164,248,135,113,120,61,59,20212,9332,10880
215,District-Darbhanga,Rural,10,36292,17183,19109,169,112,57,78,52,26,40,22,18,3256,1770,1486,601,333,268,482,245,237,206,99,107,31460,14550,16910
215,District-Darbhanga,Rural,11,20531,9619,10912,229,174,55,131,101,30,33,23,10,2616,1456,1160,481,289,192,431,222,209,171,79,92,16439,7275,9164
215,District-Darbhanga,Rural,12,29658,13814,15844,437,358,79,291,212,79,99,66,33,4562,2426,2136,876,560,316,846,485,361,284,138,146,22263,9569,12694
215,District-Darbhanga,Rural,13,20696,9472,11224,391,330,61,288,204,84,85,49,36,4077,2085,1992,629,405,224,687,371,316,248,114,134,14291,5914,8377
215,District-Darbhanga,Rural,14,25874,12343,13531,783,666,117,611,496,115,184,123,61,6149,3187,2962,1065,738,327,1157,718,439,354,179,175,15571,6236,9335
215,District-Darbhanga,Rural,15,33495,17449,16046,1562,1357,205,1290,1070,220,352,264,88,8250,4469,3781,1977,1472,505,2032,1330,702,595,323,272,17437,7164,10273
215,District-Darbhanga,Rural,16,31642,17039,14603,1946,1748,198,1758,1496,262,440,333,107,8597,4476,4121,2051,1588,463,2196,1514,682,522,278,244,14132,5606,8526
215,District-Darbhanga,Rural,17,24321,13449,10872,1981,1811,170,1692,1470,222,391,316,75,7009,3427,3582,1954,1508,446,1831,1255,576,481,261,220,8982,3401,5581
215,District-Darbhanga,Rural,18,48093,27284,20809,5286,4884,402,4239,3688,551,902,731,171,12176,5619,6557,4751,3802,949,4449,2975,1474,1002,522,480,15288,5063,10225
215,District-Darbhanga,Rural,19,31721,15454,16267,3432,3103,329,2783,2306,477,562,400,162,8357,3097,5260,2963,2136,827,2997,1688,1309,696,270,426,9931,2454,7477
215,District-Darbhanga,Urban,5-19,40214,20657,19557,1772,1601,171,685,561,124,254,202,52,7211,3121,4090,1150,976,174,635,428,207,273,158,115,28234,13610,14624
215,District-Darbhanga,Urban,5,7617,3935,3682,4,3,1,0,0,0,1,1,0,41,20,21,35,18,17,20,9,11,3,1,2,7513,3883,3630
215,District-Darbhanga,Urban,6,6232,3159,3073,1,1,0,0,0,0,0,0,0,73,35,38,25,13,12,26,8,18,2,1,1,6105,3101,3004
215,District-Darbhanga,Urban,7,2675,1341,1334,8,4,4,4,1,3,0,0,0,162,84,78,7,4,3,12,6,6,3,2,1,2479,1240,1239
215,District-Darbhanga,Urban,8,2050,989,1061,6,6,0,5,3,2,1,1,0,182,99,83,15,13,2,9,7,2,2,1,1,1830,859,971
215,District-Darbhanga,Urban,9,1206,580,626,12,9,3,1,0,1,0,0,0,189,89,100,12,11,1,9,4,5,1,1,0,982,466,516
215,District-Darbhanga,Urban,10,1981,984,997,6,2,4,10,5,5,1,0,1,280,146,134,31,22,9,19,8,11,5,1,4,1629,800,829
215,District-Darbhanga,Urban,11,1131,554,577,22,19,3,6,3,3,1,1,0,210,97,113,22,16,6,16,10,6,8,3,5,846,405,441
215,District-Darbhanga,Urban,12,1689,839,850,40,35,5,20,14,6,10,4,6,377,179,198,38,30,8,25,12,13,20,11,9,1159,554,605
215,District-Darbhanga,Urban,13,1134,549,585,46,40,6,17,10,7,5,5,0,311,142,169,29,26,3,21,12,9,17,8,9,688,306,382
215,District-Darbhanga,Urban,14,1570,775,795,76,66,10,25,18,7,19,11,8,494,228,266,59,48,11,32,21,11,20,12,8,845,371,474
215,District-Darbhanga,Urban,15,2113,1110,1003,139,123,16,72,57,15,34,28,6,697,321,376,111,92,19,62,49,13,51,29,22,947,411,536
215,District-Darbhanga,Urban,16,2299,1270,1029,196,174,22,100,85,15,33,27,6,851,392,459,141,125,16,84,64,20,26,15,11,868,388,480
215,District-Darbhanga,Urban,17,1966,1054,912,226,205,21,88,79,9,27,24,3,736,293,443,135,113,22,72,55,17,25,17,8,657,268,389
215,District-Darbhanga,Urban,18,4026,2282,1744,618,579,39,208,176,32,91,75,16,1484,607,877,317,287,30,151,114,37,64,38,26,1093,406,687
215,District-Darbhanga,Urban,19,2525,1236,1289,372,335,37,129,110,19,31,25,6,1124,389,735,173,158,15,77,49,28,26,18,8,593,152,441
216,District-Muzaffarpur,Total,5-19,592837,316301,276536,23605,20633,2972,19048,15715,3333,4341,3385,956,87460,40921,46539,20609,15119,5490,18594,12407,6187,4387,2735,1652,414793,205386,209407
216,District-Muzaffarpur,Total,5,107876,56614,51262,36,27,9,33,21,12,5,3,2,849,451,398,1036,581,455,835,416,419,130,66,64,104952,55049,49903
216,District-Muzaffarpur,Total,6,89953,46470,43483,45,31,14,44,26,18,5,4,1,1272,662,610,871,486,385,774,400,374,146,84,62,86796,44777,42019
216,District-Muzaffarpur,Total,7,41454,20748,20706,95,65,30,52,31,21,6,4,2,1684,825,859,520,296,224,471,229,242,99,51,48,38527,19247,19280
216,District-Muzaffarpur,Total,8,33347,16545,16802,109,73,36,61,42,19,9,5,4,2156,1117,1039,458,255,203,420,223,197,108,56,52,30026,14774,15252
216,District-Muzaffarpur,Total,9,21252,10548,10704,105,64,41,61,40,21,13,6,7,1814,939,875,401,216,185,326,169,157,82,36,46,18450,9078,9372
216,District-Muzaffarpur,Total,10,33461,16796,16665,187,125,62,127,81,46,26,14,12,3308,1752,1556,582,347,235,574,316,258,161,80,81,28496,14081,14415
216,District-Muzaffarpur,Total,11,19064,9686,9378,311,243,68,206,144,62,54,34,20,2751,1403,1348,580,359,221,517,302,215,113,62,51,14532,7139,7393
216,District-Muzaffarpur,Total,12,25232,12793,12439,619,497,122,479,359,120,106,79,27,4773,2376,2397,843,551,292,859,516,343,228,133,95,17325,8282,9043
216,District-Muzaffarpur,Total,13,17584,9046,8538,557,457,100,386,286,100,113,75,38,4145,2110,2035,652,457,195,696,425,271,174,100,74,10861,5136,5725
216,District-Muzaffarpur,Total,14,22065,11812,10253,964,797,167,773,614,159,251,182,69,6336,3229,3107,1026,770,256,993,671,322,296,187,109,11426,5362,6064
216,District-Muzaffarpur,Total,15,31628,18324,13304,2261,1968,293,1795,1465,330,483,375,108,9113,4810,4303,2148,1672,476,1936,1386,550,477,295,182,13415,6353,7062
216,District-Muzaffarpur,Total,16,31330,18626,12704,2658,2399,259,2234,1893,341,584,456,128,10195,5209,4986,2121,1670,451,1958,1445,513,522,353,169,11058,5201,5857
216,District-Muzaffarpur,Total,17,26259,15734,10525,2876,2548,328,2523,2134,389,599,480,119,8851,4274,4577,1880,1501,379,1650,1252,398,400,279,121,7480,3266,4214
216,District-Muzaffarpur,Total,18,55539,33282,22257,7596,6820,776,6277,5345,932,1240,1023,217,17840,7539,10301,4594,3754,840,4055,2997,1058,861,617,244,13076,5187,7889
216,District-Muzaffarpur,Total,19,36793,19277,17516,5186,4519,667,3997,3234,763,847,645,202,12373,4225,8148,2897,2204,693,2530,1660,870,590,336,254,8373,2454,5919
216,District-Muzaffarpur,Rural,5-19,550587,293448,257139,21677,18979,2698,18149,15030,3119,4229,3303,926,79889,37413,42476,18966,13807,5159,17603,11717,5886,4244,2635,1609,385830,190564,195266
216,District-Muzaffarpur,Rural,5,100351,52693,47658,31,22,9,28,17,11,4,2,2,746,398,348,976,551,425,770,380,390,129,65,64,97667,51258,46409
216,District-Muzaffarpur,Rural,6,83728,43213,40515,39,26,13,40,24,16,5,4,1,1166,610,556,798,439,359,709,360,349,144,84,60,80827,41666,39161
216,District-Muzaffarpur,Rural,7,38595,19277,19318,89,60,29,44,26,18,5,3,2,1501,739,762,494,283,211,425,207,218,97,49,48,35940,17910,18030
216,District-Muzaffarpur,Rural,8,31263,15435,15828,101,68,33,57,40,17,8,4,4,1958,1012,946,436,240,196,397,214,183,102,52,50,28204,13805,14399
216,District-Muzaffarpur,Rural,9,19587,9699,9888,94,55,39,55,35,20,13,6,7,1649,859,790,369,195,174,296,152,144,78,35,43,17033,8362,8671
216,District-Muzaffarpur,Rural,10,30989,15511,15478,167,113,54,113,77,36,25,14,11,2983,1587,1396,538,319,219,536,295,241,151,72,79,26476,13034,13442
216,District-Muzaffarpur,Rural,11,17570,8897,8673,287,224,63,187,129,58,53,33,20,2488,1259,1229,534,336,198,486,284,202,108,57,51,13427,6575,6852
216,District-Muzaffarpur,Rural,12,23401,11803,11598,563,453,110,446,332,114,106,79,27,4346,2172,2174,771,500,271,808,485,323,219,125,94,16142,7657,8485
216,District-Muzaffarpur,Rural,13,16199,8270,7929,495,408,87,351,259,92,108,72,36,3781,1924,1857,593,412,181,647,388,259,169,96,73,10055,4711,5344
216,District-Muzaffarpur,Rural,14,20471,10930,9541,872,719,153,732,583,149,248,181,67,5820,2970,2850,944,703,241,933,627,306,286,179,107,10636,4968,5668
216,District-Muzaffarpur,Rural,15,29461,17037,12424,2061,1803,258,1705,1392,313,474,368,106,8422,4462,3960,1976,1526,450,1851,1320,531,463,286,177,12509,5880,6629
216,District-Muzaffarpur,Rural,16,29091,17314,11777,2460,2224,236,2135,1819,316,576,451,125,9364,4795,4569,1961,1532,429,1874,1383,491,500,339,161,10221,4771,5450
216,District-Muzaffarpur,Rural,17,24244,14536,9708,2627,2337,290,2403,2045,358,578,465,113,8135,3916,4219,1696,1337,359,1576,1190,386,383,270,113,6846,2976,3870
216,District-Muzaffarpur,Rural,18,51635,31033,20602,7027,6316,711,6036,5157,879,1211,998,213,16310,6894,9416,4219,3427,792,3891,2874,1017,841,600,241,12100,4767,7333
216,District-Muzaffarpur,Rural,19,34002,17800,16202,4764,4151,613,3817,3095,722,815,623,192,11220,3816,7404,2661,2007,654,2404,1558,846,574,326,248,7747,2224,5523
216,District-Muzaffarpur,Urban,5-19,42250,22853,19397,1928,1654,274,899,685,214,112,82,30,7571,3508,4063,1643,1312,331,991,690,301,143,100,43,28963,14822,14141
216,District-Muzaffarpur,Urban,5,7525,3921,3604,5,5,0,5,4,1,1,1,0,103,53,50,60,30,30,65,36,29,1,1,0,7285,3791,3494
216,District-Muzaffarpur,Urban,6,6225,3257,2968,6,5,1,4,2,2,0,0,0,106,52,54,73,47,26,65,40,25,2,0,2,5969,3111,2858
216,District-Muzaffarpur,Urban,7,2859,1471,1388,6,5,1,8,5,3,1,1,0,183,86,97,26,13,13,46,22,24,2,2,0,2587,1337,1250
216,District-Muzaffarpur,Urban,8,2084,1110,974,8,5,3,4,2,2,1,1,0,198,105,93,22,15,7,23,9,14,6,4,2,1822,969,853
216,District-Muzaffarpur,Urban,9,1665,849,816,11,9,2,6,5,1,0,0,0,165,80,85,32,21,11,30,17,13,4,1,3,1417,716,701
216,District-Muzaffarpur,Urban,10,2472,1285,1187,20,12,8,14,4,10,1,0,1,325,165,160,44,28,16,38,21,17,10,8,2,2020,1047,973
216,District-Muzaffarpur,Urban,11,1494,789,705,24,19,5,19,15,4,1,1,0,263,144,119,46,23,23,31,18,13,5,5,0,1105,564,541
216,District-Muzaffarpur,Urban,12,1831,990,841,56,44,12,33,27,6,0,0,0,427,204,223,72,51,21,51,31,20,9,8,1,1183,625,558
216,District-Muzaffarpur,Urban,13,1385,776,609,62,49,13,35,27,8,5,3,2,364,186,178,59,45,14,49,37,12,5,4,1,806,425,381
216,District-Muzaffarpur,Urban,14,1594,882,712,92,78,14,41,31,10,3,1,2,516,259,257,82,67,15,60,44,16,10,8,2,790,394,396
216,District-Muzaffarpur,Urban,15,2167,1287,880,200,165,35,90,73,17,9,7,2,691,348,343,172,146,26,85,66,19,14,9,5,906,473,433
216,District-Muzaffarpur,Urban,16,2239,1312,927,198,175,23,99,74,25,8,5,3,831,414,417,160,138,22,84,62,22,22,14,8,837,430,407
216,District-Muzaffarpur,Urban,17,2015,1198,817,249,211,38,120,89,31,21,15,6,716,358,358,184,164,20,74,62,12,17,9,8,634,290,344
216,District-Muzaffarpur,Urban,18,3904,2249,1655,569,504,65,241,188,53,29,25,4,1530,645,885,375,327,48,164,123,41,20,17,3,976,420,556
216,District-Muzaffarpur,Urban,19,2791,1477,1314,422,368,54,180,139,41,32,22,10,1153,409,744,236,197,39,126,102,24,16,10,6,626,230,396
217,District-Gopalganj,Total,5-19,297578,146011,151567,10127,8683,1444,12851,10213,2638,3847,2732,1115,53954,22137,31817,6580,4458,2122,8640,5051,3589,3051,1506,1545,198528,91231,107297
217,District-Gopalganj,Total,5,59599,30804,28795,22,17,5,22,20,2,11,8,3,397,208,189,492,280,212,390,218,172,98,54,44,58167,29999,28168
217,District-Gopalganj,Total,6,49850,25229,24621,22,14,8,8,5,3,9,7,2,572,279,293,429,232,197,351,186,165,70,33,37,48389,24473,23916
217,District-Gopalganj,Total,7,19431,9401,10030,47,31,16,33,13,20,6,4,2,1055,517,538,177,93,84,171,87,84,57,27,30,17885,8629,9256
217,District-Gopalganj,Total,8,13513,6487,7026,66,44,22,53,28,25,10,7,3,1521,752,769,141,70,71,175,87,88,66,37,29,11481,5462,6019
217,District-Gopalganj,Total,9,8197,3878,4319,64,44,20,65,36,29,12,4,8,1121,557,564,123,60,63,128,62,66,48,23,25,6636,3092,3544
217,District-Gopalganj,Total,10,12822,6152,6670,94,64,30,85,57,28,40,23,17,1904,963,941,220,132,88,230,118,112,114,49,65,10135,4746,5389
217,District-Gopalganj,Total,11,7480,3511,3969,165,123,42,161,117,44,54,39,15,1482,707,775,165,99,66,237,135,102,95,40,55,5121,2251,2870
217,District-Gopalganj,Total,12,10143,4693,5450,284,223,61,313,232,81,98,66,32,2539,1198,1341,252,169,83,406,216,190,179,85,94,6072,2504,3568
217,District-Gopalganj,Total,13,7793,3497,4296,260,200,60,296,215,81,87,64,23,2347,1111,1236,237,131,106,346,188,158,144,57,87,4076,1531,2545
217,District-Gopalganj,Total,14,10925,4953,5972,466,388,78,607,451,156,215,142,73,3721,1688,2033,334,230,104,536,299,237,243,109,134,4803,1646,3157
217,District-Gopalganj,Total,15,15994,7633,8361,928,796,132,1157,920,237,432,304,128,5436,2356,3080,676,481,195,956,574,382,405,202,203,6004,2000,4004
217,District-Gopalganj,Total,16,18084,8510,9574,1212,1049,163,1740,1355,385,550,370,180,6829,2787,4042,696,514,182,1096,662,434,369,188,181,5592,1585,4007
217,District-Gopalganj,Total,17,14917,7129,7788,1234,1069,165,1751,1402,349,510,361,149,5978,2257,3721,563,399,164,837,501,336,291,140,151,3753,1000,2753
217,District-Gopalganj,Total,18,30623,15623,15000,3235,2871,364,4082,3373,709,1190,880,310,11744,4426,7318,1333,1032,301,1810,1145,665,587,324,263,6642,1572,5070
217,District-Gopalganj,Total,19,18207,8511,9696,2028,1750,278,2478,1989,489,623,453,170,7308,2331,4977,742,536,206,971,573,398,285,138,147,3772,741,3031
217,District-Gopalganj,Rural,5-19,281702,137738,143964,9330,7975,1355,12349,9795,2554,3759,2657,1102,50990,20876,30114,6089,4099,1990,8179,4722,3457,2990,1461,1529,188016,86153,101863
217,District-Gopalganj,Rural,5,56259,29005,27254,21,16,5,18,17,1,11,8,3,373,197,176,434,242,192,367,201,166,97,54,43,54938,28270,26668
217,District-Gopalganj,Rural,6,47008,23784,23224,19,12,7,6,5,1,9,7,2,547,265,282,398,218,180,325,175,150,68,31,37,45636,23071,22565
217,District-Gopalganj,Rural,7,18492,8938,9554,46,30,16,33,13,20,5,3,2,980,484,496,169,89,80,159,79,80,55,27,28,17045,8213,8832
217,District-Gopalganj,Rural,8,12868,6166,6702,57,38,19,44,26,18,9,6,3,1455,719,736,135,67,68,161,76,85,66,37,29,10941,5197,5744
217,District-Gopalganj,Rural,9,7782,3682,4100,59,41,18,61,33,28,12,4,8,1060,532,528,112,56,56,118,57,61,47,23,24,6313,2936,3377
217,District-Gopalganj,Rural,10,12150,5790,6360,86,58,28,75,49,26,39,23,16,1827,919,908,210,125,85,214,109,105,108,47,61,9591,4460,5131
217,District-Gopalganj,Rural,11,7100,3316,3784,154,117,37,157,113,44,54,39,15,1404,667,737,154,94,60,225,126,99,92,38,54,4860,2122,2738
217,District-Gopalganj,Rural,12,9602,4427,5175,260,201,59,295,217,78,97,65,32,2411,1143,1268,234,158,76,379,195,184,170,77,93,5756,2371,3385
217,District-Gopalganj,Rural,13,7409,3303,4106,239,180,59,284,208,76,86,63,23,2223,1047,1176,225,123,102,322,172,150,142,55,87,3888,1455,2433
217,District-Gopalganj,Rural,14,10369,4678,5691,422,347,75,579,429,150,210,139,71,3522,1601,1921,312,215,97,512,281,231,240,107,133,4572,1559,3013
217,District-Gopalganj,Rural,15,15175,7201,7974,851,725,126,1118,889,229,423,296,127,5143,2229,2914,624,443,181,908,539,369,396,195,201,5712,1885,3827
217,District-Gopalganj,Rural,16,17192,8040,9152,1132,976,156,1686,1311,375,539,360,179,6449,2617,3832,648,474,174,1038,617,421,364,184,180,5336,1501,3835
217,District-Gopalganj,Rural,17,14098,6676,7422,1135,981,154,1676,1336,340,496,348,148,5651,2117,3534,516,359,157,796,475,321,286,136,150,3542,924,2618
217,District-Gopalganj,Rural,18,28983,14725,14258,2991,2650,341,3929,3236,693,1161,855,306,11067,4155,6912,1224,940,284,1736,1090,646,580,317,263,6295,1482,4813
217,District-Gopalganj,Rural,19,17215,8007,9208,1858,1603,255,2388,1913,475,608,441,167,6878,2184,4694,694,496,198,919,530,389,279,133,146,3591,707,2884
217,District-Gopalganj,Urban,5-19,15876,8273,7603,797,708,89,502,418,84,88,75,13,2964,1261,1703,491,359,132,461,329,132,61,45,16,10512,5078,5434
217,District-Gopalganj,Urban,5,3340,1799,1541,1,1,0,4,3,1,0,0,0,24,11,13,58,38,20,23,17,6,1,0,1,3229,1729,1500
217,District-Gopalganj,Urban,6,2842,1445,1397,3,2,1,2,0,2,0,0,0,25,14,11,31,14,17,26,11,15,2,2,0,2753,1402,1351
217,District-Gopalganj,Urban,7,939,463,476,1,1,0,0,0,0,1,1,0,75,33,42,8,4,4,12,8,4,2,0,2,840,416,424
217,District-Gopalganj,Urban,8,645,321,324,9,6,3,9,2,7,1,1,0,66,33,33,6,3,3,14,11,3,0,0,0,540,265,275
217,District-Gopalganj,Urban,9,415,196,219,5,3,2,4,3,1,0,0,0,61,25,36,11,4,7,10,5,5,1,0,1,323,156,167
217,District-Gopalganj,Urban,10,672,362,310,8,6,2,10,8,2,1,0,1,77,44,33,10,7,3,16,9,7,6,2,4,544,286,258
217,District-Gopalganj,Urban,11,380,195,185,11,6,5,4,4,0,0,0,0,78,40,38,11,5,6,12,9,3,3,2,1,261,129,132
217,District-Gopalganj,Urban,12,541,266,275,24,22,2,18,15,3,1,1,0,128,55,73,18,11,7,27,21,6,9,8,1,316,133,183
217,District-Gopalganj,Urban,13,384,194,190,21,20,1,12,7,5,1,1,0,124,64,60,12,8,4,24,16,8,2,2,0,188,76,112
217,District-Gopalganj,Urban,14,556,275,281,44,41,3,28,22,6,5,3,2,199,87,112,22,15,7,24,18,6,3,2,1,231,87,144
217,District-Gopalganj,Urban,15,819,432,387,77,71,6,39,31,8,9,8,1,293,127,166,52,38,14,48,35,13,9,7,2,292,115,177
217,District-Gopalganj,Urban,16,892,470,422,80,73,7,54,44,10,11,10,1,380,170,210,48,40,8,58,45,13,5,4,1,256,84,172
217,District-Gopalganj,Urban,17,819,453,366,99,88,11,75,66,9,14,13,1,327,140,187,47,40,7,41,26,15,5,4,1,211,76,135
217,District-Gopalganj,Urban,18,1640,898,742,244,221,23,153,137,16,29,25,4,677,271,406,109,92,17,74,55,19,7,7,0,347,90,257
217,District-Gopalganj,Urban,19,992,504,488,170,147,23,90,76,14,15,12,3,430,147,283,48,40,8,52,43,9,6,5,1,181,34,147
218,District-Siwan,Total,5-19,345794,172891,172903,13287,11970,1317,17397,14276,3121,5675,4062,1613,72577,28382,44195,6331,4694,1637,9386,5893,3493,3217,1757,1460,217924,101857,116067
218,District-Siwan,Total,5,69981,36188,33793,26,23,3,15,11,4,3,1,2,459,243,216,349,203,146,412,221,191,110,58,52,68607,35428,33179
218,District-Siwan,Total,6,55406,28423,26983,15,12,3,22,13,9,8,4,4,590,314,276,331,184,147,340,191,149,95,53,42,54005,27652,26353
218,District-Siwan,Total,7,19524,9739,9785,33,28,5,32,23,9,8,6,2,1033,500,533,159,98,61,188,97,91,52,26,26,18019,8961,9058
218,District-Siwan,Total,8,12826,6118,6708,55,34,21,49,33,16,9,4,5,1528,728,800,153,88,65,176,89,87,60,28,32,10796,5114,5682
218,District-Siwan,Total,9,8020,3877,4143,52,31,21,45,30,15,9,3,6,1134,599,535,103,55,48,109,60,49,39,20,19,6529,3079,3450
218,District-Siwan,Total,10,12472,6119,6353,66,49,17,64,39,25,25,14,11,1819,901,918,163,102,61,245,148,97,104,53,51,9986,4813,5173
218,District-Siwan,Total,11,7450,3606,3844,139,113,26,143,117,26,37,30,7,1531,732,799,146,87,59,187,99,88,65,31,34,5202,2397,2805
218,District-Siwan,Total,12,10423,4950,5473,355,304,51,333,255,78,109,77,32,2901,1350,1551,252,164,88,401,215,186,180,88,92,5892,2497,3395
218,District-Siwan,Total,13,8279,3810,4469,290,231,59,325,248,77,127,79,48,2724,1183,1541,196,131,65,357,200,157,132,51,81,4128,1687,2441
218,District-Siwan,Total,14,12527,5881,6646,542,467,75,679,524,155,255,160,95,4704,2106,2598,328,236,92,573,339,234,222,107,115,5224,1942,3282
218,District-Siwan,Total,15,19176,9278,9898,1159,1009,150,1489,1213,276,570,392,178,7336,3121,4215,659,504,155,1001,631,370,388,220,168,6574,2188,4386
218,District-Siwan,Total,16,23328,10955,12373,1481,1333,148,2211,1746,465,836,574,262,9996,3868,6128,663,521,142,1163,719,444,405,228,177,6573,1966,4607
218,District-Siwan,Total,17,19697,9473,10224,1647,1492,155,2237,1812,425,792,559,233,8832,3175,5657,549,440,109,939,618,321,327,173,154,4374,1204,3170
218,District-Siwan,Total,18,42358,22441,19917,4603,4268,335,6235,5292,943,1856,1392,464,17521,6264,11257,1551,1292,259,2154,1535,619,679,407,272,7759,1991,5768
218,District-Siwan,Total,19,24327,12033,12294,2824,2576,248,3518,2920,598,1031,767,264,10469,3298,7171,729,589,140,1141,731,410,359,214,145,4256,938,3318
218,District-Siwan,Rural,5-19,327491,163141,164350,12309,11098,1211,16998,13932,3066,5538,3944,1594,69394,27051,42343,5641,4155,1486,9045,5647,3398,3064,1661,1403,205502,95653,109849
218,District-Siwan,Rural,5,66582,34349,32233,25,22,3,13,9,4,3,1,2,427,225,202,322,183,139,395,214,181,106,56,50,65291,33639,31652
218,District-Siwan,Rural,6,52591,26970,25621,13,10,3,21,12,9,8,4,4,566,303,263,302,170,132,327,186,141,89,49,40,51265,26236,25029
218,District-Siwan,Rural,7,18340,9132,9208,29,26,3,29,21,8,8,6,2,990,484,506,148,89,59,171,89,82,50,25,25,16915,8392,8523
218,District-Siwan,Rural,8,12019,5712,6307,49,31,18,47,31,16,8,3,5,1465,698,767,128,72,56,169,84,85,57,27,30,10096,4766,5330
218,District-Siwan,Rural,9,7429,3578,3851,47,30,17,43,29,14,7,2,5,1076,565,511,85,44,41,104,57,47,34,19,15,6033,2832,3201
218,District-Siwan,Rural,10,11551,5635,5916,59,44,15,63,38,25,25,14,11,1745,866,879,129,79,50,225,135,90,89,46,43,9216,4413,4803
218,District-Siwan,Rural,11,6825,3290,3535,122,99,23,137,112,25,34,27,7,1461,695,766,122,76,46,176,94,82,58,27,31,4715,2160,2555
218,District-Siwan,Rural,12,9725,4599,5126,321,275,46,323,246,77,105,73,32,2764,1287,1477,220,142,78,382,202,180,164,79,85,5446,2295,3151
218,District-Siwan,Rural,13,7745,3532,4213,261,207,54,318,242,76,125,79,46,2585,1116,1469,174,114,60,341,190,151,121,44,77,3820,1540,2280
218,District-Siwan,Rural,14,11846,5512,6334,492,421,71,659,507,152,245,151,94,4509,2022,2487,290,206,84,545,317,228,213,101,112,4893,1787,3106
218,District-Siwan,Rural,15,18250,8774,9476,1087,948,139,1448,1180,268,560,382,178,7037,2983,4054,599,455,144,972,606,366,372,209,163,6175,2011,4164
218,District-Siwan,Rural,16,22275,10389,11886,1382,1247,135,2160,1699,461,813,555,258,9582,3700,5882,595,463,132,1134,695,439,397,224,173,6212,1806,4406
218,District-Siwan,Rural,17,18705,8921,9784,1498,1360,138,2180,1762,418,775,546,229,8438,3014,5424,489,389,100,904,593,311,312,164,148,4109,1093,3016
218,District-Siwan,Rural,18,40593,21436,19157,4327,4012,315,6124,5196,928,1812,1354,458,16845,6009,10836,1398,1162,236,2083,1474,609,652,384,268,7352,1845,5507
218,District-Siwan,Rural,19,23015,11312,11703,2597,2366,231,3433,2848,585,1010,747,263,9904,3084,6820,640,511,129,1117,711,406,350,207,143,3964,838,3126
218,District-Siwan,Urban,5-19,18303,9750,8553,978,872,106,399,344,55,137,118,19,3183,1331,1852,690,539,151,341,246,95,153,96,57,12422,6204,6218
218,District-Siwan,Urban,5,3399,1839,1560,1,1,0,2,2,0,0,0,0,32,18,14,27,20,7,17,7,10,4,2,2,3316,1789,1527
218,District-Siwan,Urban,6,2815,1453,1362,2,2,0,1,1,0,0,0,0,24,11,13,29,14,15,13,5,8,6,4,2,2740,1416,1324
218,District-Siwan,Urban,7,1184,607,577,4,2,2,3,2,1,0,0,0,43,16,27,11,9,2,17,8,9,2,1,1,1104,569,535
218,District-Siwan,Urban,8,807,406,401,6,3,3,2,2,0,1,1,0,63,30,33,25,16,9,7,5,2,3,1,2,700,348,352
218,District-Siwan,Urban,9,591,299,292,5,1,4,2,1,1,2,1,1,58,34,24,18,11,7,5,3,2,5,1,4,496,247,249
218,District-Siwan,Urban,10,921,484,437,7,5,2,1,1,0,0,0,0,74,35,39,34,23,11,20,13,7,15,7,8,770,400,370
218,District-Siwan,Urban,11,625,316,309,17,14,3,6,5,1,3,3,0,70,37,33,24,11,13,11,5,6,7,4,3,487,237,250
218,District-Siwan,Urban,12,698,351,347,34,29,5,10,9,1,4,4,0,137,63,74,32,22,10,19,13,6,16,9,7,446,202,244
218,District-Siwan,Urban,13,534,278,256,29,24,5,7,6,1,2,0,2,139,67,72,22,17,5,16,10,6,11,7,4,308,147,161
218,District-Siwan,Urban,14,681,369,312,50,46,4,20,17,3,10,9,1,195,84,111,38,30,8,28,22,6,9,6,3,331,155,176
218,District-Siwan,Urban,15,926,504,422,72,61,11,41,33,8,10,10,0,299,138,161,60,49,11,29,25,4,16,11,5,399,177,222
218,District-Siwan,Urban,16,1053,566,487,99,86,13,51,47,4,23,19,4,414,168,246,68,58,10,29,24,5,8,4,4,361,160,201
218,District-Siwan,Urban,17,992,552,440,149,132,17,57,50,7,17,13,4,394,161,233,60,51,9,35,25,10,15,9,6,265,111,154
218,District-Siwan,Urban,18,1765,1005,760,276,256,20,111,96,15,44,38,6,676,255,421,153,130,23,71,61,10,27,23,4,407,146,261
218,District-Siwan,Urban,19,1312,721,591,227,210,17,85,72,13,21,20,1,565,214,351,89,78,11,24,20,4,9,7,2,292,100,192
219,District-Saran,Total,5-19,463179,232077,231102,13483,12127,1356,15493,13477,2016,3910,3234,676,73641,30632,43009,11020,8109,2911,13188,9441,3747,3920,2453,1467,328524,152604,175920
219,District-Saran,Total,5,85274,44332,40942,38,26,12,34,22,12,3,2,1,712,380,332,459,256,203,447,256,191,90,55,35,83491,43335,40156
219,District-Saran,Total,6,69421,35592,33829,45,32,13,23,18,5,1,0,1,939,516,423,411,218,193,349,197,152,80,48,32,67573,34563,33010
219,District-Saran,Total,7,29251,14609,14642,53,30,23,42,33,9,8,6,2,1178,633,545,263,140,123,209,114,95,55,32,23,27443,13621,13822
219,District-Saran,Total,8,24675,11749,12926,66,36,30,44,27,17,10,8,2,1494,749,745,281,143,138,239,126,113,78,44,34,22463,10616,11847
219,District-Saran,Total,9,14775,7166,7609,58,40,18,44,31,13,19,13,6,1199,620,579,187,104,83,179,108,71,62,32,30,13027,6218,6809
219,District-Saran,Total,10,24609,11932,12677,101,72,29,87,62,25,26,16,10,2214,1173,1041,388,242,146,334,197,137,131,58,73,21328,10112,11216
219,District-Saran,Total,11,13028,6339,6689,171,140,31,130,96,34,40,30,10,1760,872,888,254,149,105,274,180,94,107,37,70,10292,4835,5457
219,District-Saran,Total,12,19671,9073,10598,388,315,73,336,282,54,81,57,24,3369,1601,1768,525,336,189,591,349,242,216,130,86,14165,6003,8162
219,District-Saran,Total,13,13407,6090,7317,298,257,41,293,232,61,95,76,19,2926,1336,1590,392,268,124,481,317,164,190,109,81,8732,3495,5237
219,District-Saran,Total,14,18653,8652,10001,574,494,80,703,565,138,188,143,45,5084,2282,2802,633,464,169,825,532,293,309,196,113,10337,3976,6361
219,District-Saran,Total,15,26272,12881,13391,1288,1146,142,1431,1223,208,402,329,73,7741,3404,4337,1211,919,292,1499,1083,416,479,285,194,12221,4492,7729
219,District-Saran,Total,16,28524,14079,14445,1588,1419,169,2026,1759,267,522,413,109,9692,4061,5631,1280,998,282,1642,1230,412,542,343,199,11232,3856,7376
219,District-Saran,Total,17,22292,11472,10820,1667,1535,132,2086,1820,266,527,437,90,8275,3306,4969,977,790,187,1399,1095,304,365,248,117,6996,2241,4755
219,District-Saran,Total,18,46431,25019,21412,4452,4125,327,5190,4688,502,1247,1074,173,16652,6326,10326,2545,2125,420,3067,2444,623,833,583,250,12445,3654,8791
219,District-Saran,Total,19,26896,13092,13804,2696,2460,236,3024,2619,405,741,630,111,10406,3373,7033,1214,957,257,1653,1213,440,383,253,130,6779,1587,5192
219,District-Saran,Rural,5-19,427669,213517,214152,12023,10790,1233,14469,12641,1828,3756,3103,653,66647,27649,38998,9929,7199,2730,12422,8820,3602,3782,2345,1437,304641,140970,163671
219,District-Saran,Rural,5,78915,40966,37949,35,24,11,31,21,10,3,2,1,616,326,290,431,242,189,410,235,175,88,53,35,77301,40063,37238
219,District-Saran,Rural,6,64440,32974,31466,42,30,12,20,15,5,0,0,0,827,445,382,383,202,181,318,178,140,76,45,31,62774,32059,30715
219,District-Saran,Rural,7,27313,13643,13670,52,30,22,39,31,8,8,6,2,1036,549,487,241,126,115,193,106,87,54,31,23,25690,12764,12926
219,District-Saran,Rural,8,22933,10909,12024,62,35,27,39,24,15,9,7,2,1314,671,643,262,134,128,221,117,104,73,40,33,20953,9881,11072
219,District-Saran,Rural,9,13712,6629,7083,51,33,18,41,29,12,19,13,6,1032,536,496,174,99,75,172,104,68,57,28,29,12166,5787,6379
219,District-Saran,Rural,10,22818,11033,11785,90,65,25,82,60,22,26,16,10,1951,1033,918,360,224,136,315,185,130,125,54,71,19869,9396,10473
219,District-Saran,Rural,11,12024,5864,6160,156,127,29,117,88,29,34,27,7,1571,783,788,237,138,99,259,170,89,102,35,67,9548,4496,5052
219,District-Saran,Rural,12,18075,8279,9796,354,283,71,310,259,51,75,54,21,3030,1448,1582,491,311,180,561,325,236,210,125,85,13044,5474,7570
219,District-Saran,Rural,13,12315,5532,6783,269,230,39,272,215,57,89,70,19,2624,1193,1431,352,233,119,463,301,162,187,106,81,8059,3184,4875
219,District-Saran,Rural,14,17060,7818,9242,511,437,74,631,510,121,182,139,43,4579,2048,2531,576,415,161,780,498,282,298,187,111,9503,3584,5919
219,District-Saran,Rural,15,24198,11789,12409,1143,1014,129,1345,1157,188,382,311,71,7087,3113,3974,1098,823,275,1410,1014,396,465,274,191,11268,4083,7185
219,District-Saran,Rural,16,26184,12835,13349,1398,1248,150,1877,1644,233,508,404,104,8824,3697,5127,1128,867,261,1551,1150,401,523,328,195,10375,3497,6878
219,District-Saran,Rural,17,20477,10514,9963,1482,1365,117,1959,1712,247,506,417,89,7563,3036,4527,869,695,174,1323,1024,299,354,238,116,6421,2027,4394
219,District-Saran,Rural,18,42589,22833,19756,3977,3685,292,4854,4399,455,1197,1028,169,15175,5744,9431,2258,1866,392,2880,2279,601,803,560,243,11445,3272,8173
219,District-Saran,Rural,19,24616,11899,12717,2401,2184,217,2852,2477,375,718,609,109,9418,3027,6391,1069,824,245,1566,1134,432,367,241,126,6225,1403,4822
219,District-Saran,Urban,5-19,35510,18560,16950,1460,1337,123,1024,836,188,154,131,23,6994,2983,4011,1091,910,181,766,621,145,138,108,30,23883,11634,12249
219,District-Saran,Urban,5,6359,3366,2993,3,2,1,3,1,2,0,0,0,96,54,42,28,14,14,37,21,16,2,2,0,6190,3272,2918
219,District-Saran,Urban,6,4981,2618,2363,3,2,1,3,3,0,1,0,1,112,71,41,28,16,12,31,19,12,4,3,1,4799,2504,2295
219,District-Saran,Urban,7,1938,966,972,1,0,1,3,2,1,0,0,0,142,84,58,22,14,8,16,8,8,1,1,0,1753,857,896
219,District-Saran,Urban,8,1742,840,902,4,1,3,5,3,2,1,1,0,180,78,102,19,9,10,18,9,9,5,4,1,1510,735,775
219,District-Saran,Urban,9,1063,537,526,7,7,0,3,2,1,0,0,0,167,84,83,13,5,8,7,4,3,5,4,1,861,431,430
219,District-Saran,Urban,10,1791,899,892,11,7,4,5,2,3,0,0,0,263,140,123,28,18,10,19,12,7,6,4,2,1459,716,743
219,District-Saran,Urban,11,1004,475,529,15,13,2,13,8,5,6,3,3,189,89,100,17,11,6,15,10,5,5,2,3,744,339,405
219,District-Saran,Urban,12,1596,794,802,34,32,2,26,23,3,6,3,3,339,153,186,34,25,9,30,24,6,6,5,1,1121,529,592
219,District-Saran,Urban,13,1092,558,534,29,27,2,21,17,4,6,6,0,302,143,159,40,35,5,18,16,2,3,3,0,673,311,362
219,District-Saran,Urban,14,1593,834,759,63,57,6,72,55,17,6,4,2,505,234,271,57,49,8,45,34,11,11,9,2,834,392,442
219,District-Saran,Urban,15,2074,1092,982,145,132,13,86,66,20,20,18,2,654,291,363,113,96,17,89,69,20,14,11,3,953,409,544
219,District-Saran,Urban,16,2340,1244,1096,190,171,19,149,115,34,14,9,5,868,364,504,152,131,21,91,80,11,19,15,4,857,359,498
219,District-Saran,Urban,17,1815,958,857,185,170,15,127,108,19,21,20,1,712,270,442,108,95,13,76,71,5,11,10,1,575,214,361
219,District-Saran,Urban,18,3842,2186,1656,475,440,35,336,289,47,50,46,4,1477,582,895,287,259,28,187,165,22,30,23,7,1000,382,618
219,District-Saran,Urban,19,2280,1193,1087,295,276,19,172,142,30,23,21,2,988,346,642,145,133,12,87,79,8,16,12,4,554,184,370
220,District-Vaishali,Total,5-19,362495,193868,168627,18608,16839,1769,10937,9013,1924,2153,1687,466,52167,22253,29914,14154,11257,2897,9496,6555,2941,2219,1423,796,252761,124841,127920
220,District-Vaishali,Total,5,75008,39870,35138,80,72,8,26,18,8,4,3,1,535,255,280,636,368,268,471,240,231,97,52,45,73159,38862,34297
220,District-Vaishali,Total,6,59792,30939,28853,55,39,16,17,14,3,2,1,1,700,356,344,484,260,224,349,185,164,95,48,47,58090,30036,28054
220,District-Vaishali,Total,7,23080,11543,11537,73,60,13,27,17,10,6,1,5,897,460,437,282,148,134,216,101,115,53,24,29,21526,10732,10794
220,District-Vaishali,Total,8,16500,8203,8297,96,65,31,30,18,12,9,7,2,1057,504,553,225,139,86,160,87,73,48,32,16,14875,7351,7524
220,District-Vaishali,Total,9,11064,5461,5603,72,47,25,51,30,21,8,4,4,937,465,472,229,148,81,175,90,85,55,29,26,9537,4648,4889
220,District-Vaishali,Total,10,17769,8982,8787,145,102,43,64,48,16,16,13,3,1565,802,763,320,198,122,256,149,107,99,59,40,15304,7611,7693
220,District-Vaishali,Total,11,11244,5730,5514,231,189,42,118,92,26,28,18,10,1446,745,701,362,250,112,275,182,93,74,37,37,8710,4217,4493
220,District-Vaishali,Total,12,12458,6337,6121,484,411,73,215,171,44,52,38,14,2241,1085,1156,523,364,159,377,241,136,127,71,56,8439,3956,4483
220,District-Vaishali,Total,13,9131,4726,4405,398,344,54,234,177,57,58,45,13,2054,1005,1049,401,286,115,352,238,114,84,49,35,5550,2582,2968
220,District-Vaishali,Total,14,11683,6563,5120,726,651,75,435,346,89,104,78,26,3041,1574,1467,712,577,135,564,410,154,151,99,52,5950,2828,3122
220,District-Vaishali,Total,15,17439,10662,6777,1611,1455,156,938,802,136,203,167,36,4814,2626,2188,1523,1280,243,1014,756,258,243,173,70,7093,3403,3690
220,District-Vaishali,Total,16,18088,11266,6822,2049,1887,162,1255,1075,180,282,237,45,5765,2959,2806,1456,1267,189,981,774,207,216,159,57,6084,2908,3176
220,District-Vaishali,Total,17,16905,10223,6682,2504,2309,195,1513,1276,237,312,241,71,5698,2535,3163,1468,1266,202,888,683,205,221,171,50,4301,1742,2559
220,District-Vaishali,Total,18,34784,20041,14743,5654,5209,445,3505,2946,559,620,491,129,11446,4190,7256,3236,2843,393,1986,1495,491,397,265,132,7940,2602,5338
220,District-Vaishali,Total,19,27550,13322,14228,4430,3999,431,2509,1983,526,449,343,106,9971,2692,7279,2297,1863,434,1432,924,508,259,155,104,6203,1363,4840
220,District-Vaishali,Rural,5-19,340833,182182,158651,17347,15696,1651,10558,8707,1851,2097,1641,456,48901,20897,28004,13238,10449,2789,9131,6275,2856,2149,1377,772,237412,117140,120272
220,District-Vaishali,Rural,5,70566,37493,33073,76,68,8,25,18,7,3,2,1,498,243,255,608,353,255,446,225,221,91,47,44,68819,36537,32282
220,District-Vaishali,Rural,6,56167,29046,27121,52,37,15,17,14,3,2,1,1,657,334,323,450,237,213,332,173,159,87,45,42,54570,28205,26365
220,District-Vaishali,Rural,7,21734,10863,10871,68,58,10,27,17,10,5,1,4,852,436,416,269,141,128,208,98,110,52,23,29,20253,10089,10164
220,District-Vaishali,Rural,8,15565,7748,7817,83,61,22,30,18,12,9,7,2,1011,480,531,216,136,80,150,83,67,47,32,15,14019,6931,7088
220,District-Vaishali,Rural,9,10417,5138,5279,68,45,23,49,29,20,8,4,4,898,444,454,223,143,80,168,89,79,52,28,24,8951,4356,4595
220,District-Vaishali,Rural,10,16721,8432,8289,130,90,40,59,45,14,16,13,3,1482,756,726,308,190,118,247,143,104,97,59,38,14382,7136,7246
220,District-Vaishali,Rural,11,10589,5389,5200,223,181,42,116,91,25,26,18,8,1373,710,663,349,239,110,263,174,89,73,37,36,8166,3939,4227
220,District-Vaishali,Rural,12,11698,5949,5749,449,381,68,209,166,43,51,38,13,2098,1015,1083,492,339,153,366,237,129,122,69,53,7911,3704,4207
220,District-Vaishali,Rural,13,8559,4414,4145,368,323,45,225,170,55,56,43,13,1927,939,988,371,265,106,341,228,113,83,48,35,5188,2398,2790
220,District-Vaishali,Rural,14,10943,6143,4800,673,603,70,418,334,84,102,76,26,2863,1484,1379,646,515,131,547,395,152,144,94,50,5550,2642,2908
220,District-Vaishali,Rural,15,16428,10031,6397,1502,1364,138,900,771,129,202,166,36,4531,2466,2065,1438,1205,233,977,721,256,241,171,70,6637,3167,3470
220,District-Vaishali,Rural,16,16984,10601,6383,1901,1754,147,1222,1050,172,278,233,45,5386,2778,2608,1349,1170,179,946,747,199,209,156,53,5693,2713,2980
220,District-Vaishali,Rural,17,15859,9608,6251,2348,2164,184,1460,1232,228,305,236,69,5320,2377,2943,1358,1164,194,842,642,200,216,166,50,4010,1627,2383
220,District-Vaishali,Rural,18,32684,18843,13841,5263,4838,425,3373,2834,539,601,474,127,10687,3929,6758,3023,2641,382,1912,1434,478,382,251,131,7443,2442,5001
220,District-Vaishali,Rural,19,25919,12484,13435,4143,3729,414,2428,1918,510,433,329,104,9318,2506,6812,2138,1711,427,1386,886,500,253,151,102,5820,1254,4566
220,District-Vaishali,Urban,5-19,21662,11686,9976,1261,1143,118,379,306,73,56,46,10,3266,1356,1910,916,808,108,365,280,85,70,46,24,15349,7701,7648
220,District-Vaishali,Urban,5,4442,2377,2065,4,4,0,1,0,1,1,1,0,37,12,25,28,15,13,25,15,10,6,5,1,4340,2325,2015
220,District-Vaishali,Urban,6,3625,1893,1732,3,2,1,0,0,0,0,0,0,43,22,21,34,23,11,17,12,5,8,3,5,3520,1831,1689
220,District-Vaishali,Urban,7,1346,680,666,5,2,3,0,0,0,1,0,1,45,24,21,13,7,6,8,3,5,1,1,0,1273,643,630
220,District-Vaishali,Urban,8,935,455,480,13,4,9,0,0,0,0,0,0,46,24,22,9,3,6,10,4,6,1,0,1,856,420,436
220,District-Vaishali,Urban,9,647,323,324,4,2,2,2,1,1,0,0,0,39,21,18,6,5,1,7,1,6,3,1,2,586,292,294
220,District-Vaishali,Urban,10,1048,550,498,15,12,3,5,3,2,0,0,0,83,46,37,12,8,4,9,6,3,2,0,2,922,475,447
220,District-Vaishali,Urban,11,655,341,314,8,8,0,2,1,1,2,0,2,73,35,38,13,11,2,12,8,4,1,0,1,544,278,266
220,District-Vaishali,Urban,12,760,388,372,35,30,5,6,5,1,1,0,1,143,70,73,31,25,6,11,4,7,5,2,3,528,252,276
220,District-Vaishali,Urban,13,572,312,260,30,21,9,9,7,2,2,2,0,127,66,61,30,21,9,11,10,1,1,1,0,362,184,178
220,District-Vaishali,Urban,14,740,420,320,53,48,5,17,12,5,2,2,0,178,90,88,66,62,4,17,15,2,7,5,2,400,186,214
220,District-Vaishali,Urban,15,1011,631,380,109,91,18,38,31,7,1,1,0,283,160,123,85,75,10,37,35,2,2,2,0,456,236,220
220,District-Vaishali,Urban,16,1104,665,439,148,133,15,33,25,8,4,4,0,379,181,198,107,97,10,35,27,8,7,3,4,391,195,196
220,District-Vaishali,Urban,17,1046,615,431,156,145,11,53,44,9,7,5,2,378,158,220,110,102,8,46,41,5,5,5,0,291,115,176
220,District-Vaishali,Urban,18,2100,1198,902,391,371,20,132,112,20,19,17,2,759,261,498,213,202,11,74,61,13,15,14,1,497,160,337
220,District-Vaishali,Urban,19,1631,838,793,287,270,17,81,65,16,16,14,2,653,186,467,159,152,7,46,38,8,6,4,2,383,109,274
221,District-Samastipur,Total,5-19,520772,273216,247556,23772,21717,2055,13600,11111,2489,2845,2072,773,65510,29349,36161,19466,15497,3969,14537,9080,5457,3763,2073,1690,377279,182317,194962
221,District-Samastipur,Total,5,103346,54248,49098,18,13,5,13,11,2,3,2,1,603,306,297,413,246,167,341,195,146,68,32,36,101887,53443,48444
221,District-Samastipur,Total,6,86370,44490,41880,22,17,5,15,9,6,1,1,0,846,423,423,326,182,144,308,154,154,81,49,32,84771,43655,41116
221,District-Samastipur,Total,7,34453,17241,17212,45,32,13,22,9,13,3,3,0,1029,527,502,215,118,97,157,80,77,47,24,23,32935,16448,16487
221,District-Samastipur,Total,8,26968,13141,13827,54,43,11,34,26,8,6,4,2,1368,704,664,206,129,77,185,95,90,55,28,27,25060,12112,12948
221,District-Samastipur,Total,9,16265,7842,8423,51,31,20,33,23,10,6,4,2,1110,591,519,162,97,65,138,75,63,64,29,35,14701,6992,7709
221,District-Samastipur,Total,10,25592,12549,13043,90,70,20,67,43,24,14,5,9,2048,1085,963,311,202,109,296,154,142,111,54,57,22655,10936,11719
221,District-Samastipur,Total,11,13809,6685,7124,187,153,34,104,76,28,28,18,10,1696,879,817,297,202,95,290,161,129,115,61,54,11092,5135,5957
221,District-Samastipur,Total,12,20642,10261,10381,475,395,80,314,248,66,74,46,28,3259,1689,1570,653,463,190,615,356,259,236,108,128,15016,6956,8060
221,District-Samastipur,Total,13,14619,7394,7225,456,404,52,303,242,61,98,58,40,2914,1562,1352,636,471,165,539,322,217,213,120,93,9460,4215,5245
221,District-Samastipur,Total,14,18917,10157,8760,944,834,110,607,473,134,170,129,41,4774,2552,2222,1084,844,240,960,618,342,294,169,125,10084,4538,5546
221,District-Samastipur,Total,15,26799,15792,11007,2134,1942,192,1279,1049,230,346,263,83,6945,3923,3022,2115,1748,367,1610,1083,527,466,272,194,11904,5512,6392
221,District-Samastipur,Total,16,26920,16369,10551,2890,2681,209,1825,1558,267,435,339,96,7448,3933,3515,2466,2098,368,1745,1222,523,454,291,163,9657,4247,5410
221,District-Samastipur,Total,17,21691,12875,8816,3010,2803,207,1704,1456,248,346,262,84,6507,3022,3485,1965,1642,323,1392,949,443,332,195,137,6435,2546,3889
221,District-Samastipur,Total,18,50762,28638,22124,8254,7681,573,4376,3657,719,810,618,192,14630,5386,9244,5526,4663,863,3618,2390,1228,732,424,308,12816,3819,8997
221,District-Samastipur,Total,19,33619,15534,18085,5142,4618,524,2904,2231,673,505,320,185,10333,2767,7566,3091,2392,699,2343,1226,1117,495,217,278,8806,1763,7043
221,District-Samastipur,Rural,5-19,508960,266854,242106,23092,21092,2000,13463,10990,2473,2818,2052,766,63110,28279,34831,19091,15176,3915,14372,8970,5402,3743,2055,1688,369271,178240,191031
221,District-Samastipur,Rural,5,100772,52893,47879,16,12,4,12,10,2,3,2,1,575,291,284,395,236,159,328,187,141,68,32,36,99375,52123,47252
221,District-Samastipur,Rural,6,84464,43480,40984,21,16,5,15,9,6,1,1,0,808,408,400,319,176,143,300,150,150,80,49,31,82920,42671,40249
221,District-Samastipur,Rural,7,33723,16863,16860,43,30,13,22,9,13,3,3,0,983,501,482,213,117,96,154,77,77,47,24,23,32258,16102,16156
221,District-Samastipur,Rural,8,26534,12917,13617,53,43,10,34,26,8,6,4,2,1330,681,649,203,129,74,182,94,88,55,28,27,24671,11912,12759
221,District-Samastipur,Rural,9,15941,7660,8281,50,30,20,32,22,10,6,4,2,1058,560,498,158,94,64,136,74,62,64,29,35,14437,6847,7590
221,District-Samastipur,Rural,10,25107,12308,12799,87,69,18,66,42,24,14,5,9,1980,1047,933,308,201,107,292,151,141,111,54,57,22249,10739,11510
221,District-Samastipur,Rural,11,13518,6535,6983,183,153,30,101,73,28,28,18,10,1627,836,791,294,199,95,290,161,129,115,61,54,10880,5034,5846
221,District-Samastipur,Rural,12,20219,10019,10200,454,376,78,310,245,65,74,46,28,3134,1624,1510,646,458,188,608,354,254,236,108,128,14757,6808,7949
221,District-Samastipur,Rural,13,14314,7223,7091,439,387,52,300,239,61,98,58,40,2828,1513,1315,628,463,165,534,319,215,213,120,93,9274,4124,5150
221,District-Samastipur,Rural,14,18517,9928,8589,920,812,108,603,469,134,169,128,41,4614,2473,2141,1065,829,236,951,610,341,292,167,125,9903,4440,5463
221,District-Samastipur,Rural,15,26256,15452,10804,2073,1886,187,1266,1039,227,338,258,80,6764,3822,2942,2076,1713,363,1596,1073,523,465,271,194,11678,5390,6288
221,District-Samastipur,Rural,16,26271,15972,10299,2810,2605,205,1810,1544,266,433,337,96,7194,3804,3390,2413,2048,365,1722,1205,517,452,289,163,9437,4140,5297
221,District-Samastipur,Rural,17,21110,12546,8564,2917,2718,199,1686,1441,245,344,260,84,6253,2922,3331,1913,1595,318,1371,934,437,332,195,137,6294,2481,3813
221,District-Samastipur,Rural,18,49476,27937,21539,8037,7472,565,4337,3621,716,799,609,190,14039,5154,8885,5424,4576,848,3589,2369,1220,724,416,308,12527,3720,8807
221,District-Samastipur,Rural,19,32738,15121,17617,4989,4483,506,2869,2201,668,502,319,183,9923,2643,7280,3036,2342,694,2319,1212,1107,489,212,277,8611,1709,6902
221,District-Samastipur,Urban,5-19,11812,6362,5450,680,625,55,137,121,16,27,20,7,2400,1070,1330,375,321,54,165,110,55,20,18,2,8008,4077,3931
221,District-Samastipur,Urban,5,2574,1355,1219,2,1,1,1,1,0,0,0,0,28,15,13,18,10,8,13,8,5,0,0,0,2512,1320,1192
221,District-Samastipur,Urban,6,1906,1010,896,1,1,0,0,0,0,0,0,0,38,15,23,7,6,1,8,4,4,1,0,1,1851,984,867
221,District-Samastipur,Urban,7,730,378,352,2,2,0,0,0,0,0,0,0,46,26,20,2,1,1,3,3,0,0,0,0,677,346,331
221,District-Samastipur,Urban,8,434,224,210,1,0,1,0,0,0,0,0,0,38,23,15,3,0,3,3,1,2,0,0,0,389,200,189
221,District-Samastipur,Urban,9,324,182,142,1,1,0,1,1,0,0,0,0,52,31,21,4,3,1,2,1,1,0,0,0,264,145,119
221,District-Samastipur,Urban,10,485,241,244,3,1,2,1,1,0,0,0,0,68,38,30,3,1,2,4,3,1,0,0,0,406,197,209
221,District-Samastipur,Urban,11,291,150,141,4,0,4,3,3,0,0,0,0,69,43,26,3,3,0,0,0,0,0,0,0,212,101,111
221,District-Samastipur,Urban,12,423,242,181,21,19,2,4,3,1,0,0,0,125,65,60,7,5,2,7,2,5,0,0,0,259,148,111
221,District-Samastipur,Urban,13,305,171,134,17,17,0,3,3,0,0,0,0,86,49,37,8,8,0,5,3,2,0,0,0,186,91,95
221,District-Samastipur,Urban,14,400,229,171,24,22,2,4,4,0,1,1,0,160,79,81,19,15,4,9,8,1,2,2,0,181,98,83
221,District-Samastipur,Urban,15,543,340,203,61,56,5,13,10,3,8,5,3,181,101,80,39,35,4,14,10,4,1,1,0,226,122,104
221,District-Samastipur,Urban,16,649,397,252,80,76,4,15,14,1,2,2,0,254,129,125,53,50,3,23,17,6,2,2,0,220,107,113
221,District-Samastipur,Urban,17,581,329,252,93,85,8,18,15,3,2,2,0,254,100,154,52,47,5,21,15,6,0,0,0,141,65,76
221,District-Samastipur,Urban,18,1286,701,585,217,209,8,39,36,3,11,9,2,591,232,359,102,87,15,29,21,8,8,8,0,289,99,190
221,District-Samastipur,Urban,19,881,413,468,153,135,18,35,30,5,3,1,2,410,124,286,55,50,5,24,14,10,6,5,1,195,54,141
222,District-Begusarai,Total,5-19,376593,198403,178190,13855,11929,1926,9689,7622,2067,2209,1663,546,49464,22946,26518,14103,10229,3874,11494,7330,4164,2701,1575,1126,273078,135109,137969
222,District-Begusarai,Total,5,66507,34896,31611,27,18,9,19,13,6,5,2,3,529,281,248,518,271,247,446,221,225,71,41,30,64892,34049,30843
222,District-Begusarai,Total,6,57847,29882,27965,19,13,6,22,13,9,3,2,1,736,402,334,427,228,199,389,200,189,62,33,29,56189,28991,27198
222,District-Begusarai,Total,7,25546,12828,12718,50,31,19,20,14,6,5,2,3,1036,521,515,261,145,116,230,123,107,47,25,22,23897,11967,11930
222,District-Begusarai,Total,8,22726,11247,11479,53,39,14,46,25,21,4,2,2,1408,697,711,230,124,106,276,142,134,47,21,26,20662,10197,10465
222,District-Begusarai,Total,9,14858,7342,7516,63,35,28,40,26,14,3,3,0,1104,569,535,208,99,109,215,115,100,42,21,21,13183,6474,6709
222,District-Begusarai,Total,10,23815,11872,11943,88,65,23,80,58,22,27,16,11,2027,1049,978,300,167,133,337,181,156,114,67,47,20842,10269,10573
222,District-Begusarai,Total,11,12727,6411,6316,157,123,34,108,76,32,24,17,7,1584,808,776,308,184,124,302,165,137,97,56,41,10147,4982,5165
222,District-Begusarai,Total,12,16892,8740,8152,443,369,74,238,179,59,73,53,20,2859,1464,1395,611,410,201,502,309,193,154,74,80,12012,5882,6130
222,District-Begusarai,Total,13,11397,5870,5527,356,282,74,208,157,51,69,55,14,2431,1260,1171,449,297,152,405,246,159,162,97,65,7317,3476,3841
222,District-Begusarai,Total,14,14224,7694,6530,602,508,94,457,334,123,120,91,29,3549,1896,1653,742,538,204,668,469,199,193,109,84,7893,3749,4144
222,District-Begusarai,Total,15,18805,11193,7612,1307,1138,169,904,741,163,237,180,57,4734,2655,2079,1453,1132,321,1168,839,329,333,225,108,8669,4283,4386
222,District-Begusarai,Total,16,18926,11617,7309,1648,1434,214,1164,957,207,286,219,67,5384,2929,2455,1589,1274,315,1304,963,341,281,194,87,7270,3647,3623
222,District-Begusarai,Total,17,14887,8910,5977,1625,1415,210,1205,994,211,278,220,58,4587,2238,2349,1326,1069,257,1015,723,292,235,138,97,4616,2113,2503
222,District-Begusarai,Total,18,34614,19171,15443,4466,3952,514,3096,2501,595,665,521,144,10215,3987,6228,3606,2823,783,2534,1687,847,480,282,198,9552,3418,6134
222,District-Begusarai,Total,19,22822,10730,12092,2951,2507,444,2082,1534,548,410,280,130,7281,2190,5091,2075,1468,607,1703,947,756,383,192,191,5937,1612,4325
222,District-Begusarai,Rural,5-19,313520,164984,148536,11165,9608,1557,8532,6702,1830,1937,1446,491,39509,18483,21026,11791,8456,3335,10062,6339,3723,2380,1377,1003,228144,112573,115571
222,District-Begusarai,Rural,5,55207,29001,26206,19,11,8,16,10,6,5,2,3,410,215,195,441,235,206,350,168,182,66,37,29,53900,28323,25577
222,District-Begusarai,Rural,6,48289,24912,23377,14,8,6,17,9,8,3,2,1,600,334,266,361,192,169,313,161,152,60,32,28,46921,24174,22747
222,District-Begusarai,Rural,7,21463,10764,10699,39,23,16,16,10,6,5,2,3,850,423,427,217,113,104,193,103,90,47,25,22,20096,10065,10031
222,District-Begusarai,Rural,8,19060,9412,9648,43,30,13,34,19,15,4,2,2,1138,566,572,193,101,92,231,112,119,44,20,24,17373,8562,8811
222,District-Begusarai,Rural,9,12551,6205,6346,52,32,20,36,23,13,3,3,0,922,474,448,180,88,92,177,92,85,40,20,20,11141,5473,5668
222,District-Begusarai,Rural,10,20038,9900,10138,69,51,18,70,53,17,22,12,10,1637,841,796,259,144,115,280,150,130,103,60,43,17598,8589,9009
222,District-Begusarai,Rural,11,10736,5371,5365,122,96,26,98,69,29,21,15,6,1284,652,632,252,150,102,259,137,122,84,50,34,8616,4202,4414
222,District-Begusarai,Rural,12,14116,7270,6846,364,305,59,209,155,54,64,48,16,2292,1175,1117,522,348,174,448,277,171,134,66,68,10083,4896,5187
222,District-Begusarai,Rural,13,9504,4918,4586,274,220,54,189,144,45,59,48,11,1990,1044,946,390,261,129,357,216,141,135,80,55,6110,2905,3205
222,District-Begusarai,Rural,14,11737,6329,5408,470,398,72,400,292,108,96,72,24,2820,1520,1300,621,444,177,579,401,178,171,98,73,6580,3104,3476
222,District-Begusarai,Rural,15,15618,9300,6318,1062,935,127,788,637,151,210,158,52,3826,2172,1654,1204,938,266,1040,747,293,293,194,99,7195,3519,3676
222,District-Begusarai,Rural,16,15616,9637,5979,1308,1149,159,1030,857,173,250,194,56,4342,2388,1954,1330,1051,279,1136,837,299,246,165,81,5974,2996,2978
222,District-Begusarai,Rural,17,12208,7371,4837,1328,1152,176,1050,870,180,246,192,54,3590,1796,1794,1078,860,218,918,652,266,201,117,84,3797,1732,2065
222,District-Begusarai,Rural,18,28517,15792,12725,3602,3179,423,2750,2215,535,592,458,134,8073,3189,4884,2995,2307,688,2251,1465,786,422,249,173,7832,2730,5102
222,District-Begusarai,Rural,19,18860,8802,10058,2399,2019,380,1829,1339,490,357,238,119,5735,1694,4041,1748,1224,524,1530,821,709,334,164,170,4928,1303,3625
222,District-Begusarai,Urban,5-19,63073,33419,29654,2690,2321,369,1157,920,237,272,217,55,9955,4463,5492,2312,1773,539,1432,991,441,321,198,123,44934,22536,22398
222,District-Begusarai,Urban,5,11300,5895,5405,8,7,1,3,3,0,0,0,0,119,66,53,77,36,41,96,53,43,5,4,1,10992,5726,5266
222,District-Begusarai,Urban,6,9558,4970,4588,5,5,0,5,4,1,0,0,0,136,68,68,66,36,30,76,39,37,2,1,1,9268,4817,4451
222,District-Begusarai,Urban,7,4083,2064,2019,11,8,3,4,4,0,0,0,0,186,98,88,44,32,12,37,20,17,0,0,0,3801,1902,1899
222,District-Begusarai,Urban,8,3666,1835,1831,10,9,1,12,6,6,0,0,0,270,131,139,37,23,14,45,30,15,3,1,2,3289,1635,1654
222,District-Begusarai,Urban,9,2307,1137,1170,11,3,8,4,3,1,0,0,0,182,95,87,28,11,17,38,23,15,2,1,1,2042,1001,1041
222,District-Begusarai,Urban,10,3777,1972,1805,19,14,5,10,5,5,5,4,1,390,208,182,41,23,18,57,31,26,11,7,4,3244,1680,1564
222,District-Begusarai,Urban,11,1991,1040,951,35,27,8,10,7,3,3,2,1,300,156,144,56,34,22,43,28,15,13,6,7,1531,780,751
222,District-Begusarai,Urban,12,2776,1470,1306,79,64,15,29,24,5,9,5,4,567,289,278,89,62,27,54,32,22,20,8,12,1929,986,943
222,District-Begusarai,Urban,13,1893,952,941,82,62,20,19,13,6,10,7,3,441,216,225,59,36,23,48,30,18,27,17,10,1207,571,636
222,District-Begusarai,Urban,14,2487,1365,1122,132,110,22,57,42,15,24,19,5,729,376,353,121,94,27,89,68,21,22,11,11,1313,645,668
222,District-Begusarai,Urban,15,3187,1893,1294,245,203,42,116,104,12,27,22,5,908,483,425,249,194,55,128,92,36,40,31,9,1474,764,710
222,District-Begusarai,Urban,16,3310,1980,1330,340,285,55,134,100,34,36,25,11,1042,541,501,259,223,36,168,126,42,35,29,6,1296,651,645
222,District-Begusarai,Urban,17,2679,1539,1140,297,263,34,155,124,31,32,28,4,997,442,555,248,209,39,97,71,26,34,21,13,819,381,438
222,District-Begusarai,Urban,18,6097,3379,2718,864,773,91,346,286,60,73,63,10,2142,798,1344,611,516,95,283,222,61,58,33,25,1720,688,1032
222,District-Begusarai,Urban,19,3962,1928,2034,552,488,64,253,195,58,53,42,11,1546,496,1050,327,244,83,173,126,47,49,28,21,1009,309,700
223,District-Khagaria,Total,5-19,255943,132843,123100,6367,5371,996,6523,4713,1810,1482,934,548,28094,13572,14522,8240,5826,2414,10349,5978,4371,2810,1375,1435,192078,95074,97004
223,District-Khagaria,Total,5,43832,22943,20889,10,7,3,8,3,5,2,1,1,286,151,135,318,171,147,298,147,151,34,15,19,42876,22448,20428
223,District-Khagaria,Total,6,40599,20599,20000,8,5,3,9,6,3,9,7,2,406,224,182,332,189,143,335,165,170,45,20,25,39455,19983,19472
223,District-Khagaria,Total,7,17941,8954,8987,29,20,9,25,13,12,8,5,3,769,423,346,147,73,74,196,114,82,32,15,17,16735,8291,8444
223,District-Khagaria,Total,8,19690,9767,9923,46,27,19,63,39,24,4,1,3,1156,617,539,205,100,105,263,136,127,77,29,48,17876,8818,9058
223,District-Khagaria,Total,9,10268,5145,5123,42,28,14,41,23,18,5,3,2,897,455,442,135,66,69,201,104,97,63,33,30,8884,4433,4451
223,District-Khagaria,Total,10,17541,8666,8875,72,46,26,80,41,39,25,20,5,1689,898,791,235,138,97,374,202,172,145,71,74,14921,7250,7671
223,District-Khagaria,Total,11,8460,4260,4200,99,75,24,98,65,33,27,12,15,1111,567,544,198,124,74,292,144,148,94,40,54,6541,3233,3308
223,District-Khagaria,Total,12,13348,6663,6685,168,133,35,187,116,71,55,33,22,1989,1068,921,327,217,110,502,288,214,202,98,104,9918,4710,5208
223,District-Khagaria,Total,13,7918,3995,3923,174,132,42,153,100,53,49,29,20,1514,775,739,223,140,83,439,239,200,140,68,72,5226,2512,2714
223,District-Khagaria,Total,14,10246,5470,4776,290,236,54,359,242,117,85,51,34,2115,1115,1000,415,307,108,699,397,302,188,96,92,6095,3026,3069
223,District-Khagaria,Total,15,12274,7119,5155,596,511,85,640,495,145,147,98,49,2711,1477,1234,875,677,198,991,640,351,312,187,125,6002,3034,2968
223,District-Khagaria,Total,16,12155,7324,4831,783,683,100,835,648,187,218,160,58,2914,1572,1342,919,725,194,1091,734,357,311,184,127,5084,2618,2466
223,District-Khagaria,Total,17,8267,4840,3427,639,547,92,686,535,151,158,98,60,2238,1132,1106,676,537,139,841,545,296,228,118,110,2801,1328,1473
223,District-Khagaria,Total,18,20212,11471,8741,2155,1897,258,2049,1576,473,422,280,142,4844,2109,2735,2080,1583,497,2266,1402,864,538,255,283,5858,2369,3489
223,District-Khagaria,Total,19,13192,5627,7565,1256,1024,232,1290,811,479,268,136,132,3455,989,2466,1155,779,376,1561,721,840,401,146,255,3806,1021,2785
223,District-Khagaria,Rural,5-19,247159,128157,119002,5972,5009,963,6395,4600,1795,1446,899,547,26634,12926,13708,7938,5593,2345,10236,5884,4352,2774,1353,1421,185764,91893,93871
223,District-Khagaria,Rural,5,42072,22009,20063,9,7,2,8,3,5,2,1,1,259,138,121,313,170,143,297,147,150,34,15,19,41150,21528,19622
223,District-Khagaria,Rural,6,39103,19795,19308,8,5,3,9,6,3,9,7,2,375,207,168,328,188,140,334,165,169,45,20,25,37995,19197,18798
223,District-Khagaria,Rural,7,17406,8691,8715,29,20,9,25,13,12,8,5,3,739,399,340,145,73,72,196,114,82,32,15,17,16232,8052,8180
223,District-Khagaria,Rural,8,19247,9535,9712,46,27,19,63,39,24,4,1,3,1121,601,520,203,99,104,263,136,127,76,29,47,17471,8603,8868
223,District-Khagaria,Rural,9,10025,5012,5013,41,28,13,41,23,18,5,3,2,859,432,427,134,65,69,200,103,97,61,33,28,8684,4325,4359
223,District-Khagaria,Rural,10,17092,8439,8653,70,45,25,80,41,39,25,20,5,1626,864,762,229,133,96,372,200,172,141,70,71,14549,7066,7483
223,District-Khagaria,Rural,11,8239,4147,4092,94,71,23,96,64,32,27,12,15,1065,543,522,192,118,74,288,142,146,91,39,52,6386,3158,3228
223,District-Khagaria,Rural,12,12972,6482,6490,162,128,34,185,114,71,55,33,22,1909,1024,885,318,210,108,499,286,213,201,97,104,9643,4590,5053
223,District-Khagaria,Rural,13,7686,3862,3824,163,123,40,150,97,53,47,27,20,1448,740,708,215,132,83,436,236,200,139,67,72,5088,2440,2648
223,District-Khagaria,Rural,14,9889,5277,4612,273,221,52,354,238,116,82,48,34,2015,1070,945,396,292,104,692,392,300,186,94,92,5891,2922,2969
223,District-Khagaria,Rural,15,11861,6882,4979,561,478,83,634,489,145,142,93,49,2594,1423,1171,850,657,193,977,629,348,309,184,125,5794,2929,2865
223,District-Khagaria,Rural,16,11709,7066,4643,733,637,96,815,630,185,214,156,58,2759,1499,1260,886,704,182,1078,721,357,305,180,125,4919,2539,2380
223,District-Khagaria,Rural,17,7896,4634,3262,595,505,90,672,523,149,152,93,59,2090,1068,1022,647,513,134,827,531,296,226,116,110,2687,1285,1402
223,District-Khagaria,Rural,18,19301,10957,8344,2015,1768,247,2001,1531,470,409,267,142,4518,1989,2529,1984,1502,482,2232,1372,860,530,248,282,5612,2280,3332
223,District-Khagaria,Rural,19,12661,5369,7292,1173,946,227,1262,789,473,265,133,132,3257,929,2328,1098,737,361,1545,710,835,398,146,252,3663,979,2684
223,District-Khagaria,Urban,5-19,8784,4686,4098,395,362,33,128,113,15,36,35,1,1460,646,814,302,233,69,113,94,19,36,22,14,6314,3181,3133
223,District-Khagaria,Urban,5,1760,934,826,1,0,1,0,0,0,0,0,0,27,13,14,5,1,4,1,0,1,0,0,0,1726,920,806
223,District-Khagaria,Urban,6,1496,804,692,0,0,0,0,0,0,0,0,0,31,17,14,4,1,3,1,0,1,0,0,0,1460,786,674
223,District-Khagaria,Urban,7,535,263,272,0,0,0,0,0,0,0,0,0,30,24,6,2,0,2,0,0,0,0,0,0,503,239,264
223,District-Khagaria,Urban,8,443,232,211,0,0,0,0,0,0,0,0,0,35,16,19,2,1,1,0,0,0,1,0,1,405,215,190
223,District-Khagaria,Urban,9,243,133,110,1,0,1,0,0,0,0,0,0,38,23,15,1,1,0,1,1,0,2,0,2,200,108,92
223,District-Khagaria,Urban,10,449,227,222,2,1,1,0,0,0,0,0,0,63,34,29,6,5,1,2,2,0,4,1,3,372,184,188
223,District-Khagaria,Urban,11,221,113,108,5,4,1,2,1,1,0,0,0,46,24,22,6,6,0,4,2,2,3,1,2,155,75,80
223,District-Khagaria,Urban,12,376,181,195,6,5,1,2,2,0,0,0,0,80,44,36,9,7,2,3,2,1,1,1,0,275,120,155
223,District-Khagaria,Urban,13,232,133,99,11,9,2,3,3,0,2,2,0,66,35,31,8,8,0,3,3,0,1,1,0,138,72,66
223,District-Khagaria,Urban,14,357,193,164,17,15,2,5,4,1,3,3,0,100,45,55,19,15,4,7,5,2,2,2,0,204,104,100
223,District-Khagaria,Urban,15,413,237,176,35,33,2,6,6,0,5,5,0,117,54,63,25,20,5,14,11,3,3,3,0,208,105,103
223,District-Khagaria,Urban,16,446,258,188,50,46,4,20,18,2,4,4,0,155,73,82,33,21,12,13,13,0,6,4,2,165,79,86
223,District-Khagaria,Urban,17,371,206,165,44,42,2,14,12,2,6,5,1,148,64,84,29,24,5,14,14,0,2,2,0,114,43,71
223,District-Khagaria,Urban,18,911,514,397,140,129,11,48,45,3,13,13,0,326,120,206,96,81,15,34,30,4,8,7,1,246,89,157
223,District-Khagaria,Urban,19,531,258,273,83,78,5,28,22,6,3,3,0,198,60,138,57,42,15,16,11,5,3,0,3,143,42,101
224,District-Bhagalpur,Total,5-19,403871,208755,195116,12078,10166,1912,10752,8270,2482,3217,2145,1072,50591,23815,26776,13263,9493,3770,15461,9736,5725,5302,2760,2542,293207,142370,150837
224,District-Bhagalpur,Total,5,69882,36294,33588,52,26,26,26,14,12,9,5,4,636,322,314,524,287,237,590,329,261,111,58,53,67934,35253,32681
224,District-Bhagalpur,Total,6,59436,30099,29337,51,40,11,21,15,6,6,4,2,842,442,400,408,209,199,569,297,272,94,50,44,57445,29042,28403
224,District-Bhagalpur,Total,7,26270,13038,13232,71,41,30,51,30,21,9,5,4,1110,584,526,268,147,121,303,144,159,88,39,49,24370,12048,12322
224,District-Bhagalpur,Total,8,24892,12213,12679,84,52,32,50,29,21,9,4,5,1369,709,660,243,121,122,329,176,153,112,54,58,22696,11068,11628
224,District-Bhagalpur,Total,9,15238,7316,7922,66,44,22,39,24,15,12,3,9,1099,536,563,202,116,86,284,142,142,106,51,55,13430,6400,7030
224,District-Bhagalpur,Total,10,24794,12159,12635,154,96,58,75,50,25,32,15,17,2013,1075,938,361,196,165,454,227,227,188,85,103,21517,10415,11102
224,District-Bhagalpur,Total,11,12788,6219,6569,143,102,41,105,73,32,27,15,12,1492,758,734,290,175,115,368,201,167,172,73,99,10191,4822,5369
224,District-Bhagalpur,Total,12,19440,9690,9750,373,273,100,289,195,94,100,62,38,2856,1485,1371,512,349,163,714,437,277,313,161,152,14283,6728,7555
224,District-Bhagalpur,Total,13,12573,6124,6449,299,241,58,201,145,56,84,53,31,2411,1251,1160,420,277,143,486,269,217,245,116,129,8427,3772,4655
224,District-Bhagalpur,Total,14,16630,8526,8104,573,443,130,518,386,132,208,146,62,3645,1821,1824,704,501,203,879,590,289,331,172,159,9772,4467,5305
224,District-Bhagalpur,Total,15,22764,12622,10142,1124,957,167,1022,820,202,352,234,118,5459,2823,2636,1413,1057,356,1572,1061,511,604,348,256,11218,5322,5896
224,District-Bhagalpur,Total,16,21397,12098,9299,1346,1146,200,1276,1011,265,360,251,109,5784,2970,2814,1430,1072,358,1661,1150,511,604,370,234,8936,4128,4808
224,District-Bhagalpur,Total,17,17067,9923,7144,1459,1265,194,1373,1120,253,398,278,120,4943,2412,2531,1285,1005,280,1389,957,432,483,275,208,5737,2611,3126
224,District-Bhagalpur,Total,18,36624,20844,15780,3803,3302,501,3411,2704,707,941,671,270,10004,4285,5719,3275,2589,686,3508,2434,1074,1102,601,501,10580,4258,6322
224,District-Bhagalpur,Total,19,24076,11590,12486,2480,2138,342,2295,1654,641,670,399,271,6928,2342,4586,1928,1392,536,2355,1322,1033,749,307,442,6671,2036,4635
224,District-Bhagalpur,Rural,5-19,339478,175275,164203,8829,7469,1360,9520,7415,2105,2888,1941,947,40306,19537,20769,10431,7492,2939,14117,8874,5243,4977,2568,2409,248410,119979,128431
224,District-Bhagalpur,Rural,5,58915,30483,28432,47,23,24,21,11,10,7,4,3,541,282,259,433,238,195,518,285,233,107,56,51,57241,29584,27657
224,District-Bhagalpur,Rural,6,50070,25235,24835,43,32,11,19,14,5,5,3,2,698,360,338,349,177,172,496,261,235,83,46,37,48377,24342,24035
224,District-Bhagalpur,Rural,7,22094,10932,11162,58,33,25,45,27,18,8,5,3,914,476,438,231,129,102,273,128,145,79,34,45,20486,10100,10386
224,District-Bhagalpur,Rural,8,21395,10436,10959,63,40,23,42,25,17,9,4,5,1141,588,553,202,106,96,290,154,136,102,48,54,19546,9471,10075
224,District-Bhagalpur,Rural,9,12962,6166,6796,53,35,18,31,21,10,10,2,8,919,460,459,173,95,78,259,125,134,97,46,51,11420,5382,6038
224,District-Bhagalpur,Rural,10,21007,10241,10766,121,75,46,58,42,16,24,12,12,1635,878,757,283,151,132,400,201,199,169,77,92,18317,8805,9512
224,District-Bhagalpur,Rural,11,10705,5173,5532,110,76,34,90,68,22,24,14,10,1202,620,582,239,142,97,333,185,148,165,71,94,8542,3997,4545
224,District-Bhagalpur,Rural,12,16724,8279,8445,292,214,78,249,175,74,90,60,30,2367,1259,1108,387,260,127,644,396,248,299,153,146,12396,5762,6634
224,District-Bhagalpur,Rural,13,10601,5116,5485,220,172,48,168,124,44,73,47,26,1932,1016,916,334,218,116,434,237,197,231,108,123,7209,3194,4015
224,District-Bhagalpur,Rural,14,13995,7189,6806,412,324,88,460,344,116,178,129,49,2932,1502,1430,536,393,143,789,529,260,313,161,152,8375,3807,4568
224,District-Bhagalpur,Rural,15,19328,10732,8596,811,698,113,904,732,172,312,210,102,4467,2379,2088,1119,846,273,1450,971,479,567,321,246,9698,4575,5123
224,District-Bhagalpur,Rural,16,17766,10132,7634,951,820,131,1136,910,226,318,232,86,4571,2415,2156,1104,849,255,1520,1054,466,560,337,223,7606,3515,4091
224,District-Bhagalpur,Rural,17,13942,8216,5726,1040,916,124,1206,999,207,359,249,110,3853,1943,1910,991,782,209,1275,882,393,460,261,199,4758,2184,2574
224,District-Bhagalpur,Rural,18,30152,17425,12727,2795,2440,355,3048,2439,609,849,605,244,7801,3510,4291,2547,2047,500,3233,2234,999,1027,562,465,8852,3588,5264
224,District-Bhagalpur,Rural,19,19822,9520,10302,1813,1571,242,2043,1484,559,622,365,257,5333,1849,3484,1503,1059,444,2203,1232,971,718,287,431,5587,1673,3914
224,District-Bhagalpur,Urban,5-19,64393,33480,30913,3249,2697,552,1232,855,377,329,204,125,10285,4278,6007,2832,2001,831,1344,862,482,325,192,133,44797,22391,22406
224,District-Bhagalpur,Urban,5,10967,5811,5156,5,3,2,5,3,2,2,1,1,95,40,55,91,49,42,72,44,28,4,2,2,10693,5669,5024
224,District-Bhagalpur,Urban,6,9366,4864,4502,8,8,0,2,1,1,1,1,0,144,82,62,59,32,27,73,36,37,11,4,7,9068,4700,4368
224,District-Bhagalpur,Urban,7,4176,2106,2070,13,8,5,6,3,3,1,0,1,196,108,88,37,18,19,30,16,14,9,5,4,3884,1948,1936
224,District-Bhagalpur,Urban,8,3497,1777,1720,21,12,9,8,4,4,0,0,0,228,121,107,41,15,26,39,22,17,10,6,4,3150,1597,1553
224,District-Bhagalpur,Urban,9,2276,1150,1126,13,9,4,8,3,5,2,1,1,180,76,104,29,21,8,25,17,8,9,5,4,2010,1018,992
224,District-Bhagalpur,Urban,10,3787,1918,1869,33,21,12,17,8,9,8,3,5,378,197,181,78,45,33,54,26,28,19,8,11,3200,1610,1590
224,District-Bhagalpur,Urban,11,2083,1046,1037,33,26,7,15,5,10,3,1,2,290,138,152,51,33,18,35,16,19,7,2,5,1649,825,824
224,District-Bhagalpur,Urban,12,2716,1411,1305,81,59,22,40,20,20,10,2,8,489,226,263,125,89,36,70,41,29,14,8,6,1887,966,921
224,District-Bhagalpur,Urban,13,1972,1008,964,79,69,10,33,21,12,11,6,5,479,235,244,86,59,27,52,32,20,14,8,6,1218,578,640
224,District-Bhagalpur,Urban,14,2635,1337,1298,161,119,42,58,42,16,30,17,13,713,319,394,168,108,60,90,61,29,18,11,7,1397,660,737
224,District-Bhagalpur,Urban,15,3436,1890,1546,313,259,54,118,88,30,40,24,16,992,444,548,294,211,83,122,90,32,37,27,10,1520,747,773
224,District-Bhagalpur,Urban,16,3631,1966,1665,395,326,69,140,101,39,42,19,23,1213,555,658,326,223,103,141,96,45,44,33,11,1330,613,717
224,District-Bhagalpur,Urban,17,3125,1707,1418,419,349,70,167,121,46,39,29,10,1090,469,621,294,223,71,114,75,39,23,14,9,979,427,552
224,District-Bhagalpur,Urban,18,6472,3419,3053,1008,862,146,363,265,98,92,66,26,2203,775,1428,728,542,186,275,200,75,75,39,36,1728,670,1058
224,District-Bhagalpur,Urban,19,4254,2070,2184,667,567,100,252,170,82,48,34,14,1595,493,1102,425,333,92,152,90,62,31,20,11,1084,363,721
225,District-Banka,Total,5-19,276788,140437,136351,9367,7702,1665,10008,7127,2881,3521,2233,1288,31082,14760,16322,10748,6750,3998,13402,6814,6588,5491,2551,2940,193169,92500,100669
225,District-Banka,Total,5,49973,25954,24019,23,18,5,18,12,6,1,1,0,368,209,159,515,285,230,438,227,211,92,49,43,48518,25153,23365
225,District-Banka,Total,6,41816,21282,20534,39,25,14,29,17,12,10,8,2,517,271,246,432,233,199,391,201,190,110,65,45,40288,20462,19826
225,District-Banka,Total,7,18493,9182,9311,43,32,11,47,22,25,9,7,2,597,300,297,279,146,133,260,118,142,78,37,41,17180,8520,8660
225,District-Banka,Total,8,16923,8167,8756,67,38,29,46,23,23,11,8,3,802,422,380,280,139,141,290,124,166,131,66,65,15296,7347,7949
225,District-Banka,Total,9,9892,4751,5141,54,37,17,54,38,16,19,10,9,679,356,323,224,116,108,246,122,124,99,40,59,8517,4032,4485
225,District-Banka,Total,10,15446,7540,7906,91,59,32,95,64,31,24,13,11,1153,611,542,343,189,154,405,205,200,267,123,144,13068,6276,6792
225,District-Banka,Total,11,8342,4013,4329,124,93,31,120,79,41,56,33,23,905,494,411,294,168,126,337,146,191,177,80,97,6329,2920,3409
225,District-Banka,Total,12,12855,6261,6594,247,188,59,230,154,76,98,53,45,1809,935,874,488,304,184,620,299,321,403,170,233,8960,4158,4802
225,District-Banka,Total,13,8229,3903,4326,226,165,61,222,154,68,122,71,51,1456,775,681,373,226,147,412,207,205,266,137,129,5152,2168,2984
225,District-Banka,Total,14,10458,5188,5270,411,335,76,455,311,144,235,134,101,2329,1175,1154,569,376,193,730,369,361,414,205,209,5315,2283,3032
225,District-Banka,Total,15,15299,8511,6788,885,760,125,988,728,260,406,291,115,3546,1912,1634,1003,729,274,1434,868,566,601,324,277,6436,2899,3537
225,District-Banka,Total,16,14151,8050,6101,1063,911,152,1227,956,271,477,343,134,3634,1866,1768,1005,732,273,1304,811,493,547,291,256,4894,2140,2754
225,District-Banka,Total,17,11007,6164,4843,1058,907,151,1141,879,262,430,301,129,2845,1431,1414,863,578,285,1206,679,527,462,242,220,3002,1147,1855
225,District-Banka,Total,18,26299,13891,12408,3024,2549,475,3177,2360,817,974,622,352,6210,2594,3616,2379,1610,769,3165,1609,1556,1104,502,602,6266,2045,4221
225,District-Banka,Total,19,17605,7580,10025,2012,1585,427,2159,1330,829,649,338,311,4232,1409,2823,1701,919,782,2164,829,1335,740,220,520,3948,950,2998
225,District-Banka,Rural,5-19,269782,136756,133026,9061,7407,1654,9882,7020,2862,3475,2204,1271,29956,14299,15657,10500,6548,3952,13287,6737,6550,5452,2527,2925,188169,90014,98155
225,District-Banka,Rural,5,48500,25165,23335,23,18,5,18,12,6,1,1,0,365,208,157,512,282,230,434,223,211,92,49,43,47055,24372,22683
225,District-Banka,Rural,6,40688,20687,20001,39,25,14,29,17,12,10,8,2,507,267,240,429,231,198,386,198,188,109,65,44,39179,19876,19303
225,District-Banka,Rural,7,18058,8964,9094,43,32,11,47,22,25,9,7,2,586,293,293,279,146,133,260,118,142,78,37,41,16756,8309,8447
225,District-Banka,Rural,8,16605,7997,8608,67,38,29,46,23,23,11,8,3,792,415,377,278,139,139,290,124,166,131,66,65,14990,7184,7806
225,District-Banka,Rural,9,9756,4685,5071,54,37,17,54,38,16,19,10,9,669,352,317,222,115,107,244,121,123,99,40,59,8395,3972,4423
225,District-Banka,Rural,10,15161,7400,7761,91,59,32,95,64,31,24,13,11,1135,599,536,342,189,153,405,205,200,267,123,144,12802,6148,6654
225,District-Banka,Rural,11,8230,3962,4268,123,92,31,120,79,41,56,33,23,897,488,409,291,165,126,337,146,191,177,80,97,6229,2879,3350
225,District-Banka,Rural,12,12581,6118,6463,245,186,59,229,153,76,94,51,43,1769,917,852,484,301,183,617,298,319,402,169,233,8741,4043,4698
225,District-Banka,Rural,13,8059,3819,4240,218,158,60,219,151,68,121,70,51,1425,762,663,366,221,145,410,205,205,264,135,129,5036,2117,2919
225,District-Banka,Rural,14,10212,5065,5147,397,321,76,447,304,143,232,132,100,2264,1145,1119,558,368,190,724,366,358,411,204,207,5179,2225,2954
225,District-Banka,Rural,15,14902,8275,6627,853,729,124,977,719,258,398,285,113,3423,1846,1577,978,708,270,1421,858,563,594,317,277,6258,2813,3445
225,District-Banka,Rural,16,13711,7818,5893,1019,870,149,1211,941,270,471,340,131,3471,1790,1681,973,708,265,1284,799,485,543,288,255,4739,2082,2657
225,District-Banka,Rural,17,10637,5963,4674,1011,861,150,1126,866,260,426,299,127,2698,1368,1330,836,555,281,1195,669,526,455,238,217,2890,1107,1783
225,District-Banka,Rural,18,25540,13461,12079,2920,2449,471,3128,2320,808,961,612,349,5936,2494,3442,2284,1531,753,3134,1589,1545,1096,497,599,6081,1969,4112
225,District-Banka,Rural,19,17142,7377,9765,1958,1532,426,2136,1311,825,642,335,307,4019,1355,2664,1668,889,779,2146,818,1328,734,219,515,3839,918,2921
225,District-Banka,Urban,5-19,7006,3681,3325,306,295,11,126,107,19,46,29,17,1126,461,665,248,202,46,115,77,38,39,24,15,5000,2486,2514
225,District-Banka,Urban,5,1473,789,684,0,0,0,0,0,0,0,0,0,3,1,2,3,3,0,4,4,0,0,0,0,1463,781,682
225,District-Banka,Urban,6,1128,595,533,0,0,0,0,0,0,0,0,0,10,4,6,3,2,1,5,3,2,1,0,1,1109,586,523
225,District-Banka,Urban,7,435,218,217,0,0,0,0,0,0,0,0,0,11,7,4,0,0,0,0,0,0,0,0,0,424,211,213
225,District-Banka,Urban,8,318,170,148,0,0,0,0,0,0,0,0,0,10,7,3,2,0,2,0,0,0,0,0,0,306,163,143
225,District-Banka,Urban,9,136,66,70,0,0,0,0,0,0,0,0,0,10,4,6,2,1,1,2,1,1,0,0,0,122,60,62
225,District-Banka,Urban,10,285,140,145,0,0,0,0,0,0,0,0,0,18,12,6,1,0,1,0,0,0,0,0,0,266,128,138
225,District-Banka,Urban,11,112,51,61,1,1,0,0,0,0,0,0,0,8,6,2,3,3,0,0,0,0,0,0,0,100,41,59
225,District-Banka,Urban,12,274,143,131,2,2,0,1,1,0,4,2,2,40,18,22,4,3,1,3,1,2,1,1,0,219,115,104
225,District-Banka,Urban,13,170,84,86,8,7,1,3,3,0,1,1,0,31,13,18,7,5,2,2,2,0,2,2,0,116,51,65
225,District-Banka,Urban,14,246,123,123,14,14,0,8,7,1,3,2,1,65,30,35,11,8,3,6,3,3,3,1,2,136,58,78
225,District-Banka,Urban,15,397,236,161,32,31,1,11,9,2,8,6,2,123,66,57,25,21,4,13,10,3,7,7,0,178,86,92
225,District-Banka,Urban,16,440,232,208,44,41,3,16,15,1,6,3,3,163,76,87,32,24,8,20,12,8,4,3,1,155,58,97
225,District-Banka,Urban,17,370,201,169,47,46,1,15,13,2,4,2,2,147,63,84,27,23,4,11,10,1,7,4,3,112,40,72
225,District-Banka,Urban,18,759,430,329,104,100,4,49,40,9,13,10,3,274,100,174,95,79,16,31,20,11,8,5,3,185,76,109
225,District-Banka,Urban,19,463,203,260,54,53,1,23,19,4,7,3,4,213,54,159,33,30,3,18,11,7,6,1,5,109,32,77
226,District-Munger,Total,5-19,151452,79694,71758,4353,3786,567,4679,3705,974,1348,972,376,25865,12158,13707,3740,2747,993,4502,2863,1639,1400,759,641,105565,52704,52861
226,District-Munger,Total,5,28650,15091,13559,14,11,3,1,1,0,0,0,0,203,117,86,166,103,63,119,69,50,22,12,10,28125,14778,13347
226,District-Munger,Total,6,23323,12045,11278,8,7,1,7,5,2,2,1,1,280,147,133,118,62,56,91,56,35,20,12,8,22797,11755,11042
226,District-Munger,Total,7,9166,4621,4545,23,13,10,8,4,4,1,1,0,587,287,300,59,36,23,45,19,26,8,3,5,8435,4258,4177
226,District-Munger,Total,8,8356,4134,4222,25,11,14,23,9,14,2,1,1,846,426,420,49,27,22,73,34,39,10,5,5,7328,3621,3707
226,District-Munger,Total,9,4981,2497,2484,19,12,7,21,13,8,3,3,0,660,359,301,55,27,28,45,21,24,10,2,8,4168,2060,2108
226,District-Munger,Total,10,8208,4134,4074,38,30,8,35,25,10,11,7,4,1209,621,588,100,67,33,100,49,51,38,10,28,6677,3325,3352
226,District-Munger,Total,11,4419,2289,2130,75,63,12,63,41,22,16,9,7,863,457,406,79,59,20,97,52,45,31,17,14,3195,1591,1604
226,District-Munger,Total,12,6823,3494,3329,130,110,20,119,79,40,38,28,10,1530,786,744,139,93,46,209,118,91,97,50,47,4561,2230,2331
226,District-Munger,Total,13,4503,2275,2228,102,80,22,105,69,36,30,20,10,1183,598,585,102,67,35,135,86,49,46,27,19,2800,1328,1472
226,District-Munger,Total,14,5966,3180,2786,170,146,24,170,130,40,65,49,16,1811,925,886,196,151,45,238,161,77,105,57,48,3211,1561,1650
226,District-Munger,Total,15,8072,4611,3461,379,334,45,402,320,82,145,97,48,2473,1284,1189,381,284,97,517,373,144,166,100,66,3609,1819,1790
226,District-Munger,Total,16,8224,4804,3420,513,454,59,539,460,79,178,137,41,2872,1453,1419,408,316,92,489,349,140,178,107,71,3047,1528,1519
226,District-Munger,Total,17,6279,3624,2655,492,433,59,621,491,130,134,95,39,2357,1154,1203,354,274,80,410,278,132,122,64,58,1789,835,954
226,District-Munger,Total,18,14745,8382,6363,1437,1296,141,1535,1287,248,443,347,96,5294,2300,2994,946,762,184,1183,793,390,364,221,143,3543,1376,2167
226,District-Munger,Total,19,9737,4513,5224,928,786,142,1030,771,259,280,177,103,3697,1244,2453,588,419,169,751,405,346,183,72,111,2280,639,1641
226,District-Munger,Rural,5-19,118676,62348,56328,3037,2599,438,3984,3137,847,1210,857,353,18593,9052,9541,2900,2052,848,4036,2487,1549,1287,678,609,83629,41486,42143
226,District-Munger,Rural,5,22362,11681,10681,12,9,3,1,1,0,0,0,0,151,85,66,130,82,48,102,58,44,20,11,9,21946,11435,10511
226,District-Munger,Rural,6,18170,9379,8791,5,4,1,5,4,1,2,1,1,215,115,100,94,50,44,72,44,28,17,9,8,17760,9152,8608
226,District-Munger,Rural,7,7147,3603,3544,16,8,8,8,4,4,1,1,0,443,222,221,42,26,16,41,16,25,7,3,4,6589,3323,3266
226,District-Munger,Rural,8,6860,3368,3492,19,8,11,20,8,12,1,1,0,654,327,327,41,22,19,66,32,34,9,4,5,6050,2966,3084
226,District-Munger,Rural,9,3997,1980,2017,14,8,6,19,12,7,2,2,0,502,279,223,48,24,24,40,17,23,9,2,7,3363,1636,1727
226,District-Munger,Rural,10,6668,3343,3325,34,27,7,28,20,8,9,6,3,950,500,450,83,54,29,93,44,49,33,8,25,5438,2684,2754
226,District-Munger,Rural,11,3526,1811,1715,59,50,9,56,36,20,15,8,7,636,339,297,63,48,15,93,48,45,27,15,12,2577,1267,1310
226,District-Munger,Rural,12,5582,2821,2761,98,82,16,105,72,33,34,25,9,1182,613,569,119,79,40,186,100,86,94,48,46,3764,1802,1962
226,District-Munger,Rural,13,3578,1810,1768,75,60,15,86,55,31,28,18,10,869,452,417,80,52,28,123,76,47,44,25,19,2273,1072,1201
226,District-Munger,Rural,14,4709,2498,2211,106,87,19,136,103,33,61,45,16,1348,703,645,151,110,41,209,137,72,100,53,47,2598,1260,1338
226,District-Munger,Rural,15,6515,3731,2784,268,237,31,353,282,71,138,92,46,1885,1004,881,312,226,86,471,334,137,152,92,60,2936,1464,1472
226,District-Munger,Rural,16,6361,3753,2608,351,308,43,470,403,67,157,118,39,2089,1100,989,318,238,80,427,298,129,162,96,66,2387,1192,1195
226,District-Munger,Rural,17,4717,2739,1978,332,290,42,521,409,112,121,84,37,1640,842,798,248,186,62,366,242,124,112,57,55,1377,629,748
226,District-Munger,Rural,18,11231,6451,4780,1003,892,111,1305,1082,223,385,300,85,3620,1632,1988,717,557,160,1069,694,375,334,195,139,2798,1099,1699
226,District-Munger,Rural,19,7253,3380,3873,645,529,116,871,646,225,256,156,100,2409,839,1570,454,298,156,678,347,331,167,60,107,1773,505,1268
226,District-Munger,Urban,5-19,32776,17346,15430,1316,1187,129,695,568,127,138,115,23,7272,3106,4166,840,695,145,466,376,90,113,81,32,21936,11218,10718
226,District-Munger,Urban,5,6288,3410,2878,2,2,0,0,0,0,0,0,0,52,32,20,36,21,15,17,11,6,2,1,1,6179,3343,2836
226,District-Munger,Urban,6,5153,2666,2487,3,3,0,2,1,1,0,0,0,65,32,33,24,12,12,19,12,7,3,3,0,5037,2603,2434
226,District-Munger,Urban,7,2019,1018,1001,7,5,2,0,0,0,0,0,0,144,65,79,17,10,7,4,3,1,1,0,1,1846,935,911
226,District-Munger,Urban,8,1496,766,730,6,3,3,3,1,2,1,0,1,192,99,93,8,5,3,7,2,5,1,1,0,1278,655,623
226,District-Munger,Urban,9,984,517,467,5,4,1,2,1,1,1,1,0,158,80,78,7,3,4,5,4,1,1,0,1,805,424,381
226,District-Munger,Urban,10,1540,791,749,4,3,1,7,5,2,2,1,1,259,121,138,17,13,4,7,5,2,5,2,3,1239,641,598
226,District-Munger,Urban,11,893,478,415,16,13,3,7,5,2,1,1,0,227,118,109,16,11,5,4,4,0,4,2,2,618,324,294
226,District-Munger,Urban,12,1241,673,568,32,28,4,14,7,7,4,3,1,348,173,175,20,14,6,23,18,5,3,2,1,797,428,369
226,District-Munger,Urban,13,925,465,460,27,20,7,19,14,5,2,2,0,314,146,168,22,15,7,12,10,2,2,2,0,527,256,271
226,District-Munger,Urban,14,1257,682,575,64,59,5,34,27,7,4,4,0,463,222,241,45,41,4,29,24,5,5,4,1,613,301,312
226,District-Munger,Urban,15,1557,880,677,111,97,14,49,38,11,7,5,2,588,280,308,69,58,11,46,39,7,14,8,6,673,355,318
226,District-Munger,Urban,16,1863,1051,812,162,146,16,69,57,12,21,19,2,783,353,430,90,78,12,62,51,11,16,11,5,660,336,324
226,District-Munger,Urban,17,1562,885,677,160,143,17,100,82,18,13,11,2,717,312,405,106,88,18,44,36,8,10,7,3,412,206,206
226,District-Munger,Urban,18,3514,1931,1583,434,404,30,230,205,25,58,47,11,1674,668,1006,229,205,24,114,99,15,30,26,4,745,277,468
226,District-Munger,Urban,19,2484,1133,1351,283,257,26,159,125,34,24,21,3,1288,405,883,134,121,13,73,58,15,16,12,4,507,134,373
227,District-Lakhisarai,Total,5-19,132278,66888,65390,5003,4319,684,3638,2754,884,965,586,379,18485,8222,10263,5454,3651,1803,4467,2511,1956,1364,678,686,92902,44167,48735
227,District-Lakhisarai,Total,5,24134,12604,11530,5,4,1,4,3,1,1,1,0,156,79,77,172,88,84,125,66,59,14,5,9,23657,12358,11299
227,District-Lakhisarai,Total,6,20781,10628,10153,10,10,0,5,4,1,0,0,0,185,97,88,119,67,52,112,56,56,20,11,9,20330,10383,9947
227,District-Lakhisarai,Total,7,8609,4349,4260,18,12,6,6,5,1,2,1,1,569,320,249,81,47,34,57,29,28,15,7,8,7861,3928,3933
227,District-Lakhisarai,Total,8,8189,4094,4095,28,20,8,7,5,2,1,0,1,788,433,355,77,41,36,57,32,25,24,9,15,7207,3554,3653
227,District-Lakhisarai,Total,9,4701,2297,2404,28,15,13,7,3,4,5,3,2,591,316,275,70,40,30,51,29,22,24,13,11,3925,1878,2047
227,District-Lakhisarai,Total,10,7267,3540,3727,39,26,13,16,10,6,15,7,8,1040,530,510,150,96,54,110,53,57,57,29,28,5840,2789,3051
227,District-Lakhisarai,Total,11,3862,1905,1957,63,51,12,24,18,6,11,7,4,714,355,359,146,100,46,119,67,52,44,22,22,2741,1285,1456
227,District-Lakhisarai,Total,12,5884,2865,3019,137,114,23,80,60,20,29,13,16,1198,598,600,248,163,85,196,100,96,80,43,37,3916,1774,2142
227,District-Lakhisarai,Total,13,3966,1900,2066,133,109,24,96,68,28,49,30,19,924,457,467,173,99,74,157,94,63,52,22,30,2382,1021,1361
227,District-Lakhisarai,Total,14,5158,2503,2655,250,205,45,173,132,41,59,29,30,1282,613,669,343,230,113,248,144,104,141,72,69,2662,1078,1584
227,District-Lakhisarai,Total,15,6905,3686,3219,437,389,48,362,285,77,111,75,36,1739,859,880,607,451,156,478,306,172,159,85,74,3012,1236,1776
227,District-Lakhisarai,Total,16,7209,3828,3381,627,550,77,501,382,119,148,99,49,1952,912,1040,646,439,207,493,319,174,175,96,79,2667,1031,1636
227,District-Lakhisarai,Total,17,5380,2844,2536,592,521,71,439,334,105,115,74,41,1588,677,911,506,360,146,442,267,175,127,63,64,1571,548,1023
227,District-Lakhisarai,Total,18,12501,6420,6081,1635,1443,192,1202,932,270,256,164,92,3465,1284,2181,1352,966,386,1130,624,506,271,138,133,3190,869,2321
227,District-Lakhisarai,Total,19,7732,3425,4307,1001,850,151,716,513,203,163,83,80,2294,692,1602,764,464,300,692,325,367,161,63,98,1941,435,1506
227,District-Lakhisarai,Rural,5-19,116160,58486,57674,4307,3693,614,3329,2488,841,838,502,336,15804,7109,8695,4674,3066,1608,4080,2265,1815,1216,587,629,81912,38776,43136
227,District-Lakhisarai,Rural,5,21140,11005,10135,3,3,0,4,3,1,1,1,0,131,66,65,159,80,79,117,61,56,12,3,9,20713,10788,9925
227,District-Lakhisarai,Rural,6,18114,9208,8906,7,7,0,3,3,0,0,0,0,148,73,75,103,59,44,106,51,55,16,9,7,17731,9006,8725
227,District-Lakhisarai,Rural,7,7686,3890,3796,15,10,5,6,5,1,2,1,1,508,290,218,67,38,29,55,29,26,11,5,6,7022,3512,3510
227,District-Lakhisarai,Rural,8,7261,3618,3643,25,18,7,6,4,2,1,0,1,693,381,312,68,35,33,50,27,23,22,8,14,6396,3145,3251
227,District-Lakhisarai,Rural,9,4261,2077,2184,25,14,11,6,3,3,5,3,2,531,277,254,62,36,26,46,28,18,19,8,11,3567,1708,1859
227,District-Lakhisarai,Rural,10,6413,3117,3296,32,21,11,15,9,6,9,4,5,916,472,444,118,78,40,100,47,53,49,25,24,5174,2461,2713
227,District-Lakhisarai,Rural,11,3473,1704,1769,50,40,10,23,17,6,10,6,4,634,311,323,119,85,34,104,58,46,40,20,20,2493,1167,1326
227,District-Lakhisarai,Rural,12,5126,2498,2628,114,95,19,74,54,20,23,10,13,1023,530,493,196,126,70,183,92,91,68,33,35,3445,1558,1887
227,District-Lakhisarai,Rural,13,3525,1679,1846,116,94,22,91,63,28,45,28,17,802,400,402,139,79,60,144,84,60,46,21,25,2142,910,1232
227,District-Lakhisarai,Rural,14,4516,2158,2358,208,169,39,164,124,40,50,23,27,1109,528,581,279,183,96,227,132,95,122,60,62,2357,939,1418
227,District-Lakhisarai,Rural,15,6077,3220,2857,376,337,39,335,260,75,97,65,32,1506,739,767,518,378,140,439,280,159,141,73,68,2665,1088,1577
227,District-Lakhisarai,Rural,16,6279,3317,2962,546,474,72,455,340,115,130,88,42,1648,781,867,565,379,186,440,285,155,157,87,70,2338,883,1455
227,District-Lakhisarai,Rural,17,4704,2474,2230,518,453,65,400,298,102,102,66,36,1353,579,774,438,307,131,397,235,162,116,56,60,1380,480,900
227,District-Lakhisarai,Rural,18,10760,5513,5247,1393,1222,171,1086,832,254,224,141,83,2883,1095,1788,1146,796,350,1028,559,469,248,123,125,2752,745,2007
227,District-Lakhisarai,Rural,19,6825,3008,3817,879,736,143,661,473,188,139,66,73,1919,587,1332,697,407,290,644,297,347,149,56,93,1737,386,1351
227,District-Lakhisarai,Urban,5-19,16118,8402,7716,696,626,70,309,266,43,127,84,43,2681,1113,1568,780,585,195,387,246,141,148,91,57,10990,5391,5599
227,District-Lakhisarai,Urban,5,2994,1599,1395,2,1,1,0,0,0,0,0,0,25,13,12,13,8,5,8,5,3,2,2,0,2944,1570,1374
227,District-Lakhisarai,Urban,6,2667,1420,1247,3,3,0,2,1,1,0,0,0,37,24,13,16,8,8,6,5,1,4,2,2,2599,1377,1222
227,District-Lakhisarai,Urban,7,923,459,464,3,2,1,0,0,0,0,0,0,61,30,31,14,9,5,2,0,2,4,2,2,839,416,423
227,District-Lakhisarai,Urban,8,928,476,452,3,2,1,1,1,0,0,0,0,95,52,43,9,6,3,7,5,2,2,1,1,811,409,402
227,District-Lakhisarai,Urban,9,440,220,220,3,1,2,1,0,1,0,0,0,60,39,21,8,4,4,5,1,4,5,5,0,358,170,188
227,District-Lakhisarai,Urban,10,854,423,431,7,5,2,1,1,0,6,3,3,124,58,66,32,18,14,10,6,4,8,4,4,666,328,338
227,District-Lakhisarai,Urban,11,389,201,188,13,11,2,1,1,0,1,1,0,80,44,36,27,15,12,15,9,6,4,2,2,248,118,130
227,District-Lakhisarai,Urban,12,758,367,391,23,19,4,6,6,0,6,3,3,175,68,107,52,37,15,13,8,5,12,10,2,471,216,255
227,District-Lakhisarai,Urban,13,441,221,220,17,15,2,5,5,0,4,2,2,122,57,65,34,20,14,13,10,3,6,1,5,240,111,129
227,District-Lakhisarai,Urban,14,642,345,297,42,36,6,9,8,1,9,6,3,173,85,88,64,47,17,21,12,9,19,12,7,305,139,166
227,District-Lakhisarai,Urban,15,828,466,362,61,52,9,27,25,2,14,10,4,233,120,113,89,73,16,39,26,13,18,12,6,347,148,199
227,District-Lakhisarai,Urban,16,930,511,419,81,76,5,46,42,4,18,11,7,304,131,173,81,60,21,53,34,19,18,9,9,329,148,181
227,District-Lakhisarai,Urban,17,676,370,306,74,68,6,39,36,3,13,8,5,235,98,137,68,53,15,45,32,13,11,7,4,191,68,123
227,District-Lakhisarai,Urban,18,1741,907,834,242,221,21,116,100,16,32,23,9,582,189,393,206,170,36,102,65,37,23,15,8,438,124,314
227,District-Lakhisarai,Urban,19,907,417,490,122,114,8,55,40,15,24,17,7,375,105,270,67,57,10,48,28,20,12,7,5,204,49,155
228,District-Sheikhpura,Total,5-19,83943,41006,42937,3916,3131,785,2271,1536,735,615,373,242,10141,4200,5941,5262,3025,2237,3475,1688,1787,1128,480,648,57135,26573,30562
228,District-Sheikhpura,Total,5,15636,8081,7555,15,8,7,6,1,5,0,0,0,116,56,60,219,109,110,146,72,74,32,18,14,15102,7817,7285
228,District-Sheikhpura,Total,6,13212,6704,6508,7,5,2,9,6,3,0,0,0,126,67,59,202,106,96,133,76,57,16,4,12,12719,6440,6279
228,District-Sheikhpura,Total,7,5367,2613,2754,29,20,9,16,8,8,3,2,1,271,136,135,91,42,49,82,29,53,28,6,22,4847,2370,2477
228,District-Sheikhpura,Total,8,4988,2343,2645,38,23,15,19,11,8,3,0,3,414,215,199,94,46,48,89,48,41,40,16,24,4291,1984,2307
228,District-Sheikhpura,Total,9,3127,1494,1633,44,27,17,13,6,7,7,1,6,377,199,178,108,54,54,67,32,35,35,15,20,2476,1160,1316
228,District-Sheikhpura,Total,10,4721,2260,2461,46,30,16,30,15,15,10,4,6,534,258,276,171,99,72,134,63,71,70,39,31,3726,1752,1974
228,District-Sheikhpura,Total,11,2725,1271,1454,76,49,27,35,18,17,5,4,1,391,188,203,148,90,58,111,57,54,47,18,29,1912,847,1065
228,District-Sheikhpura,Total,12,3579,1640,1939,137,102,35,74,52,22,32,21,11,616,291,325,238,136,102,162,85,77,88,36,52,2232,917,1315
228,District-Sheikhpura,Total,13,2565,1143,1422,94,62,32,67,38,29,25,18,7,518,244,274,225,113,112,137,64,73,70,27,43,1429,577,852
228,District-Sheikhpura,Total,14,3377,1599,1778,213,168,45,134,88,46,30,20,10,733,340,393,361,210,151,213,115,98,81,39,42,1612,619,993
228,District-Sheikhpura,Total,15,4160,2142,2018,390,327,63,208,151,57,79,52,27,928,421,507,558,364,194,314,184,130,109,40,69,1574,603,971
228,District-Sheikhpura,Total,16,4654,2405,2249,517,439,78,308,215,93,86,51,35,1123,460,663,599,379,220,403,219,184,129,67,62,1489,575,914
228,District-Sheikhpura,Total,17,3331,1622,1709,421,347,74,271,194,77,72,48,24,860,328,532,411,236,175,298,150,148,88,41,47,910,278,632
228,District-Sheikhpura,Total,18,7465,3564,3901,1170,955,215,613,428,185,176,106,70,1790,621,1169,1151,665,486,681,303,378,184,79,105,1700,407,1293
228,District-Sheikhpura,Total,19,5036,2125,2911,719,569,150,468,305,163,87,46,41,1344,376,968,686,376,310,505,191,314,111,35,76,1116,227,889
228,District-Sheikhpura,Rural,5-19,71840,34723,37117,3392,2658,734,2024,1350,674,515,297,218,8198,3364,4834,4725,2613,2112,3226,1529,1697,990,390,600,48770,22522,26248
228,District-Sheikhpura,Rural,5,13373,6905,6468,13,6,7,6,1,5,0,0,0,81,36,45,207,102,105,141,69,72,32,18,14,12893,6673,6220
228,District-Sheikhpura,Rural,6,11404,5758,5646,6,4,2,9,6,3,0,0,0,95,44,51,190,101,89,120,68,52,15,4,11,10969,5531,5438
228,District-Sheikhpura,Rural,7,4625,2232,2393,28,19,9,15,8,7,3,2,1,239,125,114,88,40,48,78,28,50,27,6,21,4147,2004,2143
228,District-Sheikhpura,Rural,8,4329,2037,2292,36,22,14,19,11,8,3,0,3,358,184,174,82,41,41,83,45,38,38,14,24,3710,1720,1990
228,District-Sheikhpura,Rural,9,2723,1288,1435,42,26,16,13,6,7,7,1,6,324,162,162,104,52,52,63,28,35,35,15,20,2135,998,1137
228,District-Sheikhpura,Rural,10,4068,1922,2146,44,29,15,28,13,15,9,4,5,453,219,234,149,85,64,125,58,67,65,34,31,3195,1480,1715
228,District-Sheikhpura,Rural,11,2371,1086,1285,72,46,26,31,14,17,4,3,1,335,167,168,137,81,56,104,53,51,44,18,26,1644,704,940
228,District-Sheikhpura,Rural,12,3050,1378,1672,127,95,32,67,46,21,26,16,10,511,239,272,206,115,91,150,77,73,85,35,50,1878,755,1123
228,District-Sheikhpura,Rural,13,2168,954,1214,85,55,30,59,31,28,22,16,6,419,198,221,200,91,109,130,58,72,65,23,42,1188,482,706
228,District-Sheikhpura,Rural,14,2886,1342,1544,184,143,41,121,77,44,23,15,8,601,280,321,323,182,141,201,109,92,73,31,42,1360,505,855
228,District-Sheikhpura,Rural,15,3558,1810,1748,350,288,62,178,129,49,66,42,24,749,336,413,505,320,185,287,161,126,95,30,65,1328,504,824
228,District-Sheikhpura,Rural,16,3887,1969,1918,426,358,68,280,194,86,72,43,29,884,351,533,532,322,210,376,200,176,103,47,56,1214,454,760
228,District-Sheikhpura,Rural,17,2798,1325,1473,353,285,68,237,164,73,59,36,23,674,256,418,369,201,168,279,135,144,71,29,42,756,219,537
228,District-Sheikhpura,Rural,18,6237,2912,3325,997,795,202,548,383,165,144,81,63,1377,465,912,1000,551,449,616,265,351,143,57,86,1412,315,1097
228,District-Sheikhpura,Rural,19,4363,1805,2558,629,487,142,413,267,146,77,38,39,1098,302,796,633,329,304,473,175,298,99,29,70,941,178,763
228,District-Sheikhpura,Urban,5-19,12103,6283,5820,524,473,51,247,186,61,100,76,24,1943,836,1107,537,412,125,249,159,90,138,90,48,8365,4051,4314
228,District-Sheikhpura,Urban,5,2263,1176,1087,2,2,0,0,0,0,0,0,0,35,20,15,12,7,5,5,3,2,0,0,0,2209,1144,1065
228,District-Sheikhpura,Urban,6,1808,946,862,1,1,0,0,0,0,0,0,0,31,23,8,12,5,7,13,8,5,1,0,1,1750,909,841
228,District-Sheikhpura,Urban,7,742,381,361,1,1,0,1,0,1,0,0,0,32,11,21,3,2,1,4,1,3,1,0,1,700,366,334
228,District-Sheikhpura,Urban,8,659,306,353,2,1,1,0,0,0,0,0,0,56,31,25,12,5,7,6,3,3,2,2,0,581,264,317
228,District-Sheikhpura,Urban,9,404,206,198,2,1,1,0,0,0,0,0,0,53,37,16,4,2,2,4,4,0,0,0,0,341,162,179
228,District-Sheikhpura,Urban,10,653,338,315,2,1,1,2,2,0,1,0,1,81,39,42,22,14,8,9,5,4,5,5,0,531,272,259
228,District-Sheikhpura,Urban,11,354,185,169,4,3,1,4,4,0,1,1,0,56,21,35,11,9,2,7,4,3,3,0,3,268,143,125
228,District-Sheikhpura,Urban,12,529,262,267,10,7,3,7,6,1,6,5,1,105,52,53,32,21,11,12,8,4,3,1,2,354,162,192
228,District-Sheikhpura,Urban,13,397,189,208,9,7,2,8,7,1,3,2,1,99,46,53,25,22,3,7,6,1,5,4,1,241,95,146
228,District-Sheikhpura,Urban,14,491,257,234,29,25,4,13,11,2,7,5,2,132,60,72,38,28,10,12,6,6,8,8,0,252,114,138
228,District-Sheikhpura,Urban,15,602,332,270,40,39,1,30,22,8,13,10,3,179,85,94,53,44,9,27,23,4,14,10,4,246,99,147
228,District-Sheikhpura,Urban,16,767,436,331,91,81,10,28,21,7,14,8,6,239,109,130,67,57,10,27,19,8,26,20,6,275,121,154
228,District-Sheikhpura,Urban,17,533,297,236,68,62,6,34,30,4,13,12,1,186,72,114,42,35,7,19,15,4,17,12,5,154,59,95
228,District-Sheikhpura,Urban,18,1228,652,576,173,160,13,65,45,20,32,25,7,413,156,257,151,114,37,65,38,27,41,22,19,288,92,196
228,District-Sheikhpura,Urban,19,673,320,353,90,82,8,55,38,17,10,8,2,246,74,172,53,47,6,32,16,16,12,6,6,175,49,126
229,District-Nalanda,Total,5-19,358843,176393,182450,18576,14450,4126,8565,5621,2944,2195,1328,867,43032,17880,25152,22013,12834,9179,12858,5945,6913,3790,1576,2214,247814,116759,131055
229,District-Nalanda,Total,5,64567,33800,30767,31,21,10,23,14,9,5,1,4,444,237,207,751,406,345,508,268,240,119,59,60,62686,32794,29892
229,District-Nalanda,Total,6,57346,29371,27975,33,19,14,33,21,12,12,5,7,693,346,347,756,412,344,468,255,213,113,50,63,55238,28263,26975
229,District-Nalanda,Total,7,22604,11090,11514,67,44,23,31,14,17,13,6,7,1064,529,535,424,226,198,274,131,143,78,37,41,20653,10103,10550
229,District-Nalanda,Total,8,21295,10364,10931,123,79,44,44,21,23,22,14,8,1625,870,755,473,256,217,303,142,161,113,55,58,18592,8927,9665
229,District-Nalanda,Total,9,13910,6603,7307,111,61,50,45,24,21,23,12,11,1277,641,636,383,195,188,279,128,151,105,50,55,11687,5492,6195
229,District-Nalanda,Total,10,20536,9866,10670,188,116,72,106,60,46,42,21,21,2028,1056,972,708,388,320,485,235,250,225,109,116,16754,7881,8873
229,District-Nalanda,Total,11,11705,5723,5982,260,189,71,131,82,49,35,18,17,1607,814,793,570,337,233,384,187,197,149,69,80,8569,4027,4542
229,District-Nalanda,Total,12,16207,7542,8665,588,447,141,267,162,105,86,51,35,2589,1189,1400,1110,660,450,732,326,406,290,129,161,10545,4578,5967
229,District-Nalanda,Total,13,10707,4929,5778,526,398,128,258,151,107,105,61,44,2090,987,1103,878,517,361,542,249,293,208,82,126,6100,2484,3616
229,District-Nalanda,Total,14,14172,6693,7479,974,754,220,520,348,172,145,93,52,3095,1413,1682,1354,814,540,825,406,419,302,121,181,6957,2744,4213
229,District-Nalanda,Total,15,18069,9335,8734,1861,1492,369,870,590,280,254,167,87,4161,1933,2228,2162,1436,726,1290,669,621,410,199,211,7061,2849,4212
229,District-Nalanda,Total,16,19020,9682,9338,2350,1863,487,1143,798,345,316,223,93,4846,2035,2811,2403,1555,848,1339,730,609,396,163,233,6227,2315,3912
229,District-Nalanda,Total,17,14046,6808,7238,2058,1643,415,972,672,300,226,137,89,3794,1453,2341,1872,1102,770,1013,473,540,268,115,153,3843,1213,2630
229,District-Nalanda,Total,18,32687,15315,17372,5534,4367,1167,2374,1579,795,550,326,224,8126,2767,5359,4965,2870,2095,2575,1104,1471,640,227,413,7923,2075,5848
229,District-Nalanda,Total,19,21972,9272,12700,3872,2957,915,1748,1085,663,361,193,168,5593,1610,3983,3204,1660,1544,1841,642,1199,374,111,263,4979,1014,3965
229,District-Nalanda,Rural,5-19,308568,150708,157860,15819,12264,3555,7815,5137,2678,2087,1256,831,34718,14591,20127,19568,11141,8427,11809,5327,6482,3572,1445,2127,213180,99547,113633
229,District-Nalanda,Rural,5,55830,29231,26599,26,17,9,21,13,8,5,1,4,381,208,173,683,366,317,447,238,209,112,57,55,54155,28331,25824
229,District-Nalanda,Rural,6,49561,25306,24255,28,15,13,29,20,9,12,5,7,605,303,302,693,380,313,418,228,190,111,49,62,47665,24306,23359
229,District-Nalanda,Rural,7,19480,9536,9944,60,40,20,30,14,16,13,6,7,864,445,419,390,203,187,230,109,121,75,35,40,17818,8684,9134
229,District-Nalanda,Rural,8,18423,8879,9544,112,71,41,41,20,21,22,14,8,1341,725,616,443,238,205,271,125,146,108,53,55,16085,7633,8452
229,District-Nalanda,Rural,9,12093,5697,6396,99,56,43,40,24,16,22,12,10,1052,528,524,358,182,176,243,110,133,101,48,53,10178,4737,5441
229,District-Nalanda,Rural,10,17757,8460,9297,161,101,60,100,57,43,42,21,21,1657,871,786,633,345,288,443,212,231,221,107,114,14500,6746,7754
229,District-Nalanda,Rural,11,10058,4863,5195,228,166,62,123,75,48,32,16,16,1305,664,641,519,310,209,343,163,180,145,66,79,7363,3403,3960
229,District-Nalanda,Rural,12,13855,6343,7512,496,386,110,247,150,97,80,47,33,2083,961,1122,992,574,418,678,297,381,277,126,151,9002,3802,5200
229,District-Nalanda,Rural,13,9154,4121,5033,445,339,106,236,136,100,103,59,44,1680,795,885,777,448,329,497,216,281,197,74,123,5219,2054,3165
229,District-Nalanda,Rural,14,12022,5596,6426,811,623,188,467,312,155,138,89,49,2510,1163,1347,1205,714,491,767,371,396,284,113,171,5840,2211,3629
229,District-Nalanda,Rural,15,15408,7965,7443,1592,1286,306,792,542,250,238,157,81,3352,1596,1756,1890,1242,648,1187,608,579,385,183,202,5972,2351,3621
229,District-Nalanda,Rural,16,16034,8129,7905,1988,1576,412,1025,730,295,299,211,88,3881,1657,2224,2087,1330,757,1212,637,575,366,143,223,5176,1845,3331
229,District-Nalanda,Rural,17,11965,5753,6212,1749,1395,354,889,612,277,217,130,87,3031,1161,1870,1648,950,698,941,429,512,245,101,144,3245,975,2270
229,District-Nalanda,Rural,18,27826,12897,14929,4650,3663,987,2162,1433,729,515,302,213,6467,2216,4251,4360,2429,1931,2397,1001,1396,594,196,398,6681,1657,5024
229,District-Nalanda,Rural,19,19102,7932,11170,3374,2530,844,1613,999,614,349,186,163,4509,1298,3211,2890,1430,1460,1735,583,1152,351,94,257,4281,812,3469
229,District-Nalanda,Urban,5-19,50275,25685,24590,2757,2186,571,750,484,266,108,72,36,8314,3289,5025,2445,1693,752,1049,618,431,218,131,87,34634,17212,17422
229,District-Nalanda,Urban,5,8737,4569,4168,5,4,1,2,1,1,0,0,0,63,29,34,68,40,28,61,30,31,7,2,5,8531,4463,4068
229,District-Nalanda,Urban,6,7785,4065,3720,5,4,1,4,1,3,0,0,0,88,43,45,63,32,31,50,27,23,2,1,1,7573,3957,3616
229,District-Nalanda,Urban,7,3124,1554,1570,7,4,3,1,0,1,0,0,0,200,84,116,34,23,11,44,22,22,3,2,1,2835,1419,1416
229,District-Nalanda,Urban,8,2872,1485,1387,11,8,3,3,1,2,0,0,0,284,145,139,30,18,12,32,17,15,5,2,3,2507,1294,1213
229,District-Nalanda,Urban,9,1817,906,911,12,5,7,5,0,5,1,0,1,225,113,112,25,13,12,36,18,18,4,2,2,1509,755,754
229,District-Nalanda,Urban,10,2779,1406,1373,27,15,12,6,3,3,0,0,0,371,185,186,75,43,32,42,23,19,4,2,2,2254,1135,1119
229,District-Nalanda,Urban,11,1647,860,787,32,23,9,8,7,1,3,2,1,302,150,152,51,27,24,41,24,17,4,3,1,1206,624,582
229,District-Nalanda,Urban,12,2352,1199,1153,92,61,31,20,12,8,6,4,2,506,228,278,118,86,32,54,29,25,13,3,10,1543,776,767
229,District-Nalanda,Urban,13,1553,808,745,81,59,22,22,15,7,2,2,0,410,192,218,101,69,32,45,33,12,11,8,3,881,430,451
229,District-Nalanda,Urban,14,2150,1097,1053,163,131,32,53,36,17,7,4,3,585,250,335,149,100,49,58,35,23,18,8,10,1117,533,584
229,District-Nalanda,Urban,15,2661,1370,1291,269,206,63,78,48,30,16,10,6,809,337,472,272,194,78,103,61,42,25,16,9,1089,498,591
229,District-Nalanda,Urban,16,2986,1553,1433,362,287,75,118,68,50,17,12,5,965,378,587,316,225,91,127,93,34,30,20,10,1051,470,581
229,District-Nalanda,Urban,17,2081,1055,1026,309,248,61,83,60,23,9,7,2,763,292,471,224,152,72,72,44,28,23,14,9,598,238,360
229,District-Nalanda,Urban,18,4861,2418,2443,884,704,180,212,146,66,35,24,11,1659,551,1108,605,441,164,178,103,75,46,31,15,1242,418,824
229,District-Nalanda,Urban,19,2870,1340,1530,498,427,71,135,86,49,12,7,5,1084,312,772,314,230,84,106,59,47,23,17,6,698,202,496
230,District-Patna,Total,5-19,670747,346272,324475,33704,28459,5245,15519,11444,4075,2987,2069,918,93469,39625,53844,35271,24030,11241,21751,12520,9231,5220,2655,2565,462826,225470,237356
230,District-Patna,Total,5,118719,62721,55998,92,72,20,42,32,10,2,1,1,1351,694,657,1455,797,658,1253,651,602,154,81,73,114370,60393,53977
230,District-Patna,Total,6,106111,54984,51127,79,53,26,49,29,20,4,2,2,1806,963,843,1357,758,599,1076,587,489,155,79,76,101585,52513,49072
230,District-Patna,Total,7,43951,22218,21733,152,101,51,81,46,35,4,3,1,1966,1011,955,753,388,365,581,307,274,86,38,48,40328,20324,20004
230,District-Patna,Total,8,38899,19336,19563,218,131,87,100,61,39,13,8,5,2744,1439,1305,839,457,382,674,378,296,130,64,66,34181,16798,17383
230,District-Patna,Total,9,23041,11442,11599,257,167,90,112,67,45,12,7,5,2133,1110,1023,634,369,265,497,265,232,125,71,54,19271,9386,9885
230,District-Patna,Total,10,36575,18394,18181,354,221,133,181,110,71,32,19,13,3524,1892,1632,1114,640,474,892,478,414,246,125,121,30232,14909,15323
230,District-Patna,Total,11,20351,10283,10068,552,427,125,232,145,87,41,24,17,2935,1440,1495,925,566,359,592,320,272,180,87,93,14894,7274,7620
230,District-Patna,Total,12,29894,15231,14663,1097,875,222,501,339,162,118,74,44,5109,2555,2554,1709,1145,564,1117,628,489,409,224,185,19834,9391,10443
230,District-Patna,Total,13,19607,9619,9988,932,730,202,404,275,129,95,61,34,4029,1864,2165,1188,781,407,851,481,370,273,136,137,11835,5291,6544
230,District-Patna,Total,14,27101,14058,13043,1719,1417,302,798,570,228,219,142,77,6479,3083,3396,2184,1558,626,1383,808,575,445,239,206,13874,6241,7633
230,District-Patna,Total,15,34375,18853,15522,3234,2738,496,1514,1140,374,318,221,97,8756,4142,4614,3487,2588,899,2103,1340,763,597,309,288,14366,6375,7991
230,District-Patna,Total,16,37408,20495,16913,4157,3556,601,2077,1572,505,404,280,124,10697,4734,5963,3935,2950,985,2278,1457,821,565,310,255,13295,5636,7659
230,District-Patna,Total,17,28657,15251,13406,3882,3358,524,1836,1377,459,319,233,86,9076,3667,5409,3068,2182,886,1729,1078,651,381,187,194,8366,3169,5197
230,District-Patna,Total,18,64950,33956,30994,10179,8845,1334,4640,3539,1101,849,617,232,19729,7060,12669,7880,5695,2185,4198,2454,1744,882,448,434,16593,5298,11295
230,District-Patna,Total,19,41108,19431,21677,6800,5768,1032,2952,2142,810,557,377,180,13135,3971,9164,4743,3156,1587,2527,1288,1239,592,257,335,9802,2472,7330
230,District-Patna,Rural,5-19,454038,230031,224007,20611,17039,3572,11284,8250,3034,2323,1539,784,54332,23422,30910,25474,16188,9286,16983,9334,7649,4435,2125,2310,318596,152134,166462
230,District-Patna,Rural,5,79316,41559,37757,56,43,13,29,24,5,2,1,1,740,393,347,985,530,455,802,395,407,128,67,61,76574,40106,36468
230,District-Patna,Rural,6,72433,37062,35371,55,37,18,33,22,11,3,2,1,1019,549,470,960,532,428,717,380,337,124,61,63,69522,35479,34043
230,District-Patna,Rural,7,30205,15166,15039,82,58,24,48,27,21,4,3,1,1091,555,536,580,292,288,411,224,187,69,30,39,27920,13977,13943
230,District-Patna,Rural,8,27644,13519,14125,130,82,48,57,34,23,10,7,3,1655,862,793,688,362,326,518,291,227,118,57,61,24468,11824,12644
230,District-Patna,Rural,9,16237,7917,8320,138,85,53,68,37,31,8,4,4,1260,658,602,506,298,208,369,194,175,114,63,51,13774,6578,7196
230,District-Patna,Rural,10,25778,12741,13037,212,127,85,117,73,44,24,13,11,2149,1175,974,882,490,392,689,357,332,217,108,109,21488,10398,11090
230,District-Patna,Rural,11,14168,6971,7197,314,241,73,146,90,56,32,17,15,1735,846,889,716,411,305,472,255,217,161,73,88,10592,5038,5554
230,District-Patna,Rural,12,20730,10281,10449,670,527,143,341,218,123,89,54,35,3057,1590,1467,1259,796,463,900,488,412,358,181,177,14056,6427,7629
230,District-Patna,Rural,13,13505,6411,7094,563,431,132,278,190,88,78,48,30,2391,1129,1262,871,527,344,690,374,316,236,114,122,8398,3598,4800
230,District-Patna,Rural,14,18296,9231,9065,1021,827,194,584,410,174,177,111,66,3892,1900,1992,1610,1089,521,1102,617,485,376,188,188,9534,4089,5445
230,District-Patna,Rural,15,23115,12411,10704,2009,1666,343,1087,819,268,243,158,85,5304,2593,2711,2456,1744,712,1660,1019,641,516,252,264,9840,4160,5680
230,District-Patna,Rural,16,24835,13365,11470,2561,2165,396,1571,1187,384,323,216,107,6347,2854,3493,2748,1938,810,1807,1116,691,471,237,234,9007,3652,5355
230,District-Patna,Rural,17,18257,9452,8805,2320,1968,352,1305,963,342,238,166,72,5112,2082,3030,2118,1366,752,1342,782,560,310,138,172,5512,1987,3525
230,District-Patna,Rural,18,42518,21633,20885,6304,5366,938,3462,2612,850,672,470,202,11278,4063,7215,5504,3631,1873,3417,1872,1545,725,341,384,11156,3278,7878
230,District-Patna,Rural,19,27001,12312,14689,4176,3416,760,2158,1544,614,420,269,151,7302,2173,5129,3591,2182,1409,2087,970,1117,512,215,297,6755,1543,5212
230,District-Patna,Urban,5-19,216709,116241,100468,13093,11420,1673,4235,3194,1041,664,530,134,39137,16203,22934,9797,7842,1955,4768,3186,1582,785,530,255,144230,73336,70894
230,District-Patna,Urban,5,39403,21162,18241,36,29,7,13,8,5,0,0,0,611,301,310,470,267,203,451,256,195,26,14,12,37796,20287,17509
230,District-Patna,Urban,6,33678,17922,15756,24,16,8,16,7,9,1,0,1,787,414,373,397,226,171,359,207,152,31,18,13,32063,17034,15029
230,District-Patna,Urban,7,13746,7052,6694,70,43,27,33,19,14,0,0,0,875,456,419,173,96,77,170,83,87,17,8,9,12408,6347,6061
230,District-Patna,Urban,8,11255,5817,5438,88,49,39,43,27,16,3,1,2,1089,577,512,151,95,56,156,87,69,12,7,5,9713,4974,4739
230,District-Patna,Urban,9,6804,3525,3279,119,82,37,44,30,14,4,3,1,873,452,421,128,71,57,128,71,57,11,8,3,5497,2808,2689
230,District-Patna,Urban,10,10797,5653,5144,142,94,48,64,37,27,8,6,2,1375,717,658,232,150,82,203,121,82,29,17,12,8744,4511,4233
230,District-Patna,Urban,11,6183,3312,2871,238,186,52,86,55,31,9,7,2,1200,594,606,209,155,54,120,65,55,19,14,5,4302,2236,2066
230,District-Patna,Urban,12,9164,4950,4214,427,348,79,160,121,39,29,20,9,2052,965,1087,450,349,101,217,140,77,51,43,8,5778,2964,2814
230,District-Patna,Urban,13,6102,3208,2894,369,299,70,126,85,41,17,13,4,1638,735,903,317,254,63,161,107,54,37,22,15,3437,1693,1744
230,District-Patna,Urban,14,8805,4827,3978,698,590,108,214,160,54,42,31,11,2587,1183,1404,574,469,105,281,191,90,69,51,18,4340,2152,2188
230,District-Patna,Urban,15,11260,6442,4818,1225,1072,153,427,321,106,75,63,12,3452,1549,1903,1031,844,187,443,321,122,81,57,24,4526,2215,2311
230,District-Patna,Urban,16,12573,7130,5443,1596,1391,205,506,385,121,81,64,17,4350,1880,2470,1187,1012,175,471,341,130,94,73,21,4288,1984,2304
230,District-Patna,Urban,17,10400,5799,4601,1562,1390,172,531,414,117,81,67,14,3964,1585,2379,950,816,134,387,296,91,71,49,22,2854,1182,1672
230,District-Patna,Urban,18,22432,12323,10109,3875,3479,396,1178,927,251,177,147,30,8451,2997,5454,2376,2064,312,781,582,199,157,107,50,5437,2020,3417
230,District-Patna,Urban,19,14107,7119,6988,2624,2352,272,794,598,196,137,108,29,5833,1798,4035,1152,974,178,440,318,122,80,42,38,3047,929,2118
231,District-Bhojpur,Total,5-19,305124,149790,155334,14045,12095,1950,9575,7412,2163,2494,1728,766,50470,20233,30237,10134,6833,3301,9537,5238,4299,2856,1347,1509,206013,94904,111109
231,District-Bhojpur,Total,5,58250,30653,27597,45,27,18,28,23,5,4,4,0,578,299,279,594,361,233,578,335,243,100,50,50,56323,29554,26769
231,District-Bhojpur,Total,6,47584,24614,22970,49,30,19,38,21,17,7,5,2,747,387,360,538,292,246,447,244,203,93,43,50,45665,23592,22073
231,District-Bhojpur,Total,7,19325,9535,9790,73,49,24,41,20,21,5,3,2,851,477,374,317,188,129,261,122,139,58,33,25,17719,8643,9076
231,District-Bhojpur,Total,8,15778,7529,8249,76,41,35,47,26,21,16,7,9,1068,542,526,321,168,153,318,183,135,82,45,37,13850,6517,7333
231,District-Bhojpur,Total,9,9306,4382,4924,77,54,23,48,28,20,5,3,2,919,457,462,212,120,92,197,99,98,46,20,26,7802,3601,4201
231,District-Bhojpur,Total,10,15278,7246,8032,139,85,54,115,68,47,21,13,8,1543,762,781,387,210,177,405,209,196,161,94,67,12507,5805,6702
231,District-Bhojpur,Total,11,8436,3826,4610,193,146,47,120,85,35,23,16,7,1331,613,718,260,158,102,246,123,123,92,40,52,6171,2645,3526
231,District-Bhojpur,Total,12,12297,5659,6638,429,357,72,290,215,75,81,53,28,2445,1163,1282,529,349,180,531,280,251,203,87,116,7789,3155,4634
231,District-Bhojpur,Total,13,8310,3636,4674,356,280,76,223,165,58,67,40,27,2054,909,1145,363,236,127,350,187,163,136,59,77,4761,1760,3001
231,District-Bhojpur,Total,14,11796,5305,6491,708,610,98,446,337,109,146,92,54,3430,1496,1934,594,402,192,581,321,260,204,92,112,5687,1955,3732
231,District-Bhojpur,Total,15,16203,7855,8348,1289,1121,168,943,709,234,255,174,81,5066,2208,2858,1001,708,293,931,545,386,331,170,161,6387,2220,4167
231,District-Bhojpur,Total,16,17854,8535,9319,1706,1465,241,1262,953,309,338,228,110,6349,2561,3788,1035,775,260,1035,582,453,306,140,166,5823,1831,3992
231,District-Bhojpur,Total,17,13896,6690,7206,1603,1386,217,1157,902,255,317,221,96,5224,1994,3230,796,557,239,751,438,313,224,118,106,3824,1074,2750
231,District-Bhojpur,Total,18,31449,15611,15838,4472,4010,462,2978,2462,516,739,535,204,11508,4077,7431,2009,1530,479,1857,1073,784,505,226,279,7381,1698,5683
231,District-Bhojpur,Total,19,19362,8714,10648,2830,2434,396,1839,1398,441,470,334,136,7357,2288,5069,1178,779,399,1049,497,552,315,130,185,4324,854,3470
231,District-Bhojpur,Rural,5-19,264932,128748,136184,12045,10281,1764,8795,6765,2030,2326,1593,733,43099,17193,25906,8632,5612,3020,8751,4667,4084,2695,1244,1451,178589,81393,97196
231,District-Bhojpur,Rural,5,50956,26760,24196,35,19,16,26,21,5,2,2,0,494,254,240,539,329,210,524,302,222,97,49,48,49239,25784,23455
231,District-Bhojpur,Rural,6,41527,21417,20110,40,24,16,35,18,17,7,5,2,651,344,307,476,253,223,418,227,191,93,43,50,39807,20503,19304
231,District-Bhojpur,Rural,7,17057,8440,8617,63,43,20,37,19,18,3,1,2,744,426,318,283,164,119,246,116,130,55,31,24,15626,7640,7986
231,District-Bhojpur,Rural,8,13661,6459,7202,61,33,28,45,24,21,16,7,9,935,473,462,284,146,138,289,163,126,79,42,37,11952,5571,6381
231,District-Bhojpur,Rural,9,8059,3738,4321,69,46,23,41,25,16,5,3,2,785,393,392,191,110,81,184,90,94,43,18,25,6741,3053,3688
231,District-Bhojpur,Rural,10,13177,6176,7001,122,71,51,101,60,41,17,9,8,1292,632,660,343,177,166,371,187,184,155,88,67,10776,4952,5824
231,District-Bhojpur,Rural,11,7221,3207,4014,165,118,47,108,76,32,21,14,7,1120,507,613,223,135,88,231,114,117,90,39,51,5263,2204,3059
231,District-Bhojpur,Rural,12,10543,4724,5819,362,297,65,261,191,70,77,50,27,2073,980,1093,455,296,159,492,255,237,194,81,113,6629,2574,4055
231,District-Bhojpur,Rural,13,7125,3048,4077,318,245,73,207,155,52,65,39,26,1744,767,977,310,197,113,322,165,157,126,53,73,4033,1427,2606
231,District-Bhojpur,Rural,14,10091,4431,5660,599,509,90,401,300,101,136,83,53,2933,1272,1661,508,330,178,540,291,249,196,88,108,4778,1558,3220
231,District-Bhojpur,Rural,15,13976,6689,7287,1110,964,146,871,656,215,241,163,78,4288,1888,2400,869,593,276,850,484,366,312,158,154,5435,1783,3652
231,District-Bhojpur,Rural,16,15393,7256,8137,1465,1255,210,1165,875,290,313,210,103,5447,2204,3243,849,614,235,932,506,426,281,124,157,4941,1468,3473
231,District-Bhojpur,Rural,17,11892,5605,6287,1342,1155,187,1049,809,240,294,203,91,4461,1679,2782,658,438,220,669,375,294,202,105,97,3217,841,2376
231,District-Bhojpur,Rural,18,27281,13319,13962,3843,3420,423,2731,2242,489,683,492,191,9861,3462,6399,1640,1197,443,1703,946,757,475,208,267,6345,1352,4993
231,District-Bhojpur,Rural,19,16973,7479,9494,2451,2082,369,1717,1294,423,446,312,134,6271,1912,4359,1004,633,371,980,446,534,297,117,180,3807,683,3124
231,District-Bhojpur,Urban,5-19,40192,21042,19150,2000,1814,186,780,647,133,168,135,33,7371,3040,4331,1502,1221,281,786,571,215,161,103,58,27424,13511,13913
231,District-Bhojpur,Urban,5,7294,3893,3401,10,8,2,2,2,0,2,2,0,84,45,39,55,32,23,54,33,21,3,1,2,7084,3770,3314
231,District-Bhojpur,Urban,6,6057,3197,2860,9,6,3,3,3,0,0,0,0,96,43,53,62,39,23,29,17,12,0,0,0,5858,3089,2769
231,District-Bhojpur,Urban,7,2268,1095,1173,10,6,4,4,1,3,2,2,0,107,51,56,34,24,10,15,6,9,3,2,1,2093,1003,1090
231,District-Bhojpur,Urban,8,2117,1070,1047,15,8,7,2,2,0,0,0,0,133,69,64,37,22,15,29,20,9,3,3,0,1898,946,952
231,District-Bhojpur,Urban,9,1247,644,603,8,8,0,7,3,4,0,0,0,134,64,70,21,10,11,13,9,4,3,2,1,1061,548,513
231,District-Bhojpur,Urban,10,2101,1070,1031,17,14,3,14,8,6,4,4,0,251,130,121,44,33,11,34,22,12,6,6,0,1731,853,878
231,District-Bhojpur,Urban,11,1215,619,596,28,28,0,12,9,3,2,2,0,211,106,105,37,23,14,15,9,6,2,1,1,908,441,467
231,District-Bhojpur,Urban,12,1754,935,819,67,60,7,29,24,5,4,3,1,372,183,189,74,53,21,39,25,14,9,6,3,1160,581,579
231,District-Bhojpur,Urban,13,1185,588,597,38,35,3,16,10,6,2,1,1,310,142,168,53,39,14,28,22,6,10,6,4,728,333,395
231,District-Bhojpur,Urban,14,1705,874,831,109,101,8,45,37,8,10,9,1,497,224,273,86,72,14,41,30,11,8,4,4,909,397,512
231,District-Bhojpur,Urban,15,2227,1166,1061,179,157,22,72,53,19,14,11,3,778,320,458,132,115,17,81,61,20,19,12,7,952,437,515
231,District-Bhojpur,Urban,16,2461,1279,1182,241,210,31,97,78,19,25,18,7,902,357,545,186,161,25,103,76,27,25,16,9,882,363,519
231,District-Bhojpur,Urban,17,2004,1085,919,261,231,30,108,93,15,23,18,5,763,315,448,138,119,19,82,63,19,22,13,9,607,233,374
231,District-Bhojpur,Urban,18,4168,2292,1876,629,590,39,247,220,27,56,43,13,1647,615,1032,369,333,36,154,127,27,30,18,12,1036,346,690
231,District-Bhojpur,Urban,19,2389,1235,1154,379,352,27,122,104,18,24,22,2,1086,376,710,174,146,28,69,51,18,18,13,5,517,171,346
232,District-Buxar,Total,5-19,184953,91633,93320,8823,7779,1044,6705,5096,1609,2169,1295,874,28545,10629,17916,4783,3418,1365,4956,2602,2354,1931,725,1206,127041,60089,66952
232,District-Buxar,Total,5,40633,21566,19067,16,13,3,9,9,0,1,1,0,237,123,114,170,108,62,140,80,60,51,28,23,40009,21204,18805
232,District-Buxar,Total,6,33830,17354,16476,7,7,0,9,7,2,3,2,1,319,159,160,134,75,59,117,67,50,39,22,17,33202,17015,16187
232,District-Buxar,Total,7,12034,5949,6085,22,13,9,13,6,7,3,1,2,511,241,270,63,39,24,57,27,30,31,15,16,11334,5607,5727
232,District-Buxar,Total,8,8232,3971,4261,39,30,9,12,6,6,6,3,3,643,324,319,70,42,28,76,33,43,31,13,18,7355,3520,3835
232,District-Buxar,Total,9,4565,2258,2307,29,20,9,14,10,4,7,3,4,522,272,250,47,32,15,52,22,30,28,10,18,3866,1889,1977
232,District-Buxar,Total,10,7153,3499,3654,53,40,13,33,20,13,21,14,7,800,439,361,104,62,42,159,83,76,77,35,42,5906,2806,3100
232,District-Buxar,Total,11,3708,1761,1947,78,63,15,61,48,13,18,7,11,683,339,344,75,45,30,104,48,56,58,32,26,2631,1179,1452
232,District-Buxar,Total,12,5825,2673,3152,213,179,34,167,120,47,66,37,29,1254,598,656,186,118,68,254,130,124,130,42,88,3555,1449,2106
232,District-Buxar,Total,13,4139,1841,2298,183,155,28,160,108,52,64,33,31,1046,485,561,151,105,46,198,97,101,90,33,57,2247,825,1422
232,District-Buxar,Total,14,6212,2806,3406,409,353,56,301,224,77,145,83,62,1861,757,1104,283,207,76,345,172,173,161,55,106,2707,955,1752
232,District-Buxar,Total,15,9131,4448,4683,802,721,81,693,529,164,241,155,86,2801,1149,1652,566,405,161,594,336,258,230,90,140,3204,1063,2141
232,District-Buxar,Total,16,10236,4908,5328,1101,996,105,911,703,208,312,192,120,3575,1309,2266,568,416,152,649,355,294,257,90,167,2863,847,2016
232,District-Buxar,Total,17,8567,4063,4504,1084,942,142,845,647,198,312,179,133,3141,1077,2064,495,379,116,473,254,219,173,66,107,2044,519,1525
232,District-Buxar,Total,18,19168,9413,9755,2993,2676,317,2198,1740,458,600,383,217,6823,2153,4670,1202,934,268,1121,608,513,369,125,244,3862,794,3068
232,District-Buxar,Total,19,11520,5123,6397,1794,1571,223,1279,919,360,370,202,168,4329,1204,3125,669,451,218,617,290,327,206,69,137,2256,417,1839
232,District-Buxar,Rural,5-19,168479,82861,85618,7799,6842,957,6362,4810,1552,2114,1256,858,24994,9137,15857,4185,2904,1281,4734,2441,2293,1880,687,1193,116411,54784,61627
232,District-Buxar,Rural,5,37609,19917,17692,12,10,2,8,8,0,1,1,0,206,106,100,151,93,58,124,71,53,51,28,23,37056,19600,17456
232,District-Buxar,Rural,6,31154,15977,15177,6,6,0,9,7,2,3,2,1,282,143,139,117,63,54,110,63,47,39,22,17,30588,15671,14917
232,District-Buxar,Rural,7,11045,5474,5571,21,13,8,11,6,5,3,1,2,444,213,231,60,36,24,55,26,29,30,15,15,10421,5164,5257
232,District-Buxar,Rural,8,7469,3592,3877,36,28,8,10,5,5,6,3,3,568,286,282,60,39,21,72,31,41,31,13,18,6686,3187,3499
232,District-Buxar,Rural,9,4149,2039,2110,28,20,8,13,10,3,7,3,4,450,233,217,43,29,14,51,21,30,25,8,17,3532,1715,1817
232,District-Buxar,Rural,10,6476,3121,3355,48,36,12,31,19,12,21,14,7,699,381,318,89,52,37,154,79,75,76,34,42,5358,2506,2852
232,District-Buxar,Rural,11,3362,1588,1774,72,58,14,61,48,13,16,7,9,582,287,295,69,44,25,102,47,55,58,32,26,2402,1065,1337
232,District-Buxar,Rural,12,5172,2311,2861,193,162,31,158,114,44,66,37,29,1078,502,576,156,94,62,245,122,123,127,40,87,3149,1240,1909
232,District-Buxar,Rural,13,3699,1625,2074,169,141,28,154,104,50,61,31,30,899,417,482,135,93,42,186,90,96,89,33,56,2006,716,1290
232,District-Buxar,Rural,14,5503,2411,3092,354,301,53,287,214,73,142,80,62,1596,626,970,234,164,70,334,166,168,157,52,105,2399,808,1591
232,District-Buxar,Rural,15,8234,3975,4259,698,626,72,661,503,158,235,150,85,2481,1012,1469,502,352,150,576,326,250,226,87,139,2855,919,1936
232,District-Buxar,Rural,16,9177,4326,4851,963,868,95,870,667,203,307,189,118,3120,1125,1995,493,344,149,618,332,286,249,84,165,2557,717,1840
232,District-Buxar,Rural,17,7738,3613,4125,956,828,128,802,612,190,308,177,131,2788,933,1855,434,322,112,448,235,213,169,63,106,1833,443,1390
232,District-Buxar,Rural,18,17204,8323,8881,2640,2346,294,2082,1636,446,582,370,212,5958,1842,4116,1038,785,253,1065,562,503,356,113,243,3483,669,2814
232,District-Buxar,Rural,19,10488,4569,5919,1603,1399,204,1205,857,348,356,191,165,3843,1031,2812,604,394,210,594,270,324,197,63,134,2086,364,1722
232,District-Buxar,Urban,5-19,16474,8772,7702,1024,937,87,343,286,57,55,39,16,3551,1492,2059,598,514,84,222,161,61,51,38,13,10630,5305,5325
232,District-Buxar,Urban,5,3024,1649,1375,4,3,1,1,1,0,0,0,0,31,17,14,19,15,4,16,9,7,0,0,0,2953,1604,1349
232,District-Buxar,Urban,6,2676,1377,1299,1,1,0,0,0,0,0,0,0,37,16,21,17,12,5,7,4,3,0,0,0,2614,1344,1270
232,District-Buxar,Urban,7,989,475,514,1,0,1,2,0,2,0,0,0,67,28,39,3,3,0,2,1,1,1,0,1,913,443,470
232,District-Buxar,Urban,8,763,379,384,3,2,1,2,1,1,0,0,0,75,38,37,10,3,7,4,2,2,0,0,0,669,333,336
232,District-Buxar,Urban,9,416,219,197,1,0,1,1,0,1,0,0,0,72,39,33,4,3,1,1,1,0,3,2,1,334,174,160
232,District-Buxar,Urban,10,677,378,299,5,4,1,2,1,1,0,0,0,101,58,43,15,10,5,5,4,1,1,1,0,548,300,248
232,District-Buxar,Urban,11,346,173,173,6,5,1,0,0,0,2,0,2,101,52,49,6,1,5,2,1,1,0,0,0,229,114,115
232,District-Buxar,Urban,12,653,362,291,20,17,3,9,6,3,0,0,0,176,96,80,30,24,6,9,8,1,3,2,1,406,209,197
232,District-Buxar,Urban,13,440,216,224,14,14,0,6,4,2,3,2,1,147,68,79,16,12,4,12,7,5,1,0,1,241,109,132
232,District-Buxar,Urban,14,709,395,314,55,52,3,14,10,4,3,3,0,265,131,134,49,43,6,11,6,5,4,3,1,308,147,161
232,District-Buxar,Urban,15,897,473,424,104,95,9,32,26,6,6,5,1,320,137,183,64,53,11,18,10,8,4,3,1,349,144,205
232,District-Buxar,Urban,16,1059,582,477,138,128,10,41,36,5,5,3,2,455,184,271,75,72,3,31,23,8,8,6,2,306,130,176
232,District-Buxar,Urban,17,829,450,379,128,114,14,43,35,8,4,2,2,353,144,209,61,57,4,25,19,6,4,3,1,211,76,135
232,District-Buxar,Urban,18,1964,1090,874,353,330,23,116,104,12,18,13,5,865,311,554,164,149,15,56,46,10,13,12,1,379,125,254
232,District-Buxar,Urban,19,1032,554,478,191,172,19,74,62,12,14,11,3,486,173,313,65,57,8,23,20,3,9,6,3,170,53,117
233,District-Kaimur (Bhabua),Total,5-19,182542,90638,91904,6611,5587,1024,6107,4612,1495,1834,1150,684,31681,13422,18259,3962,2459,1503,4285,2199,2086,1545,649,896,126517,60560,65957
233,District-Kaimur (Bhabua),Total,5,41659,21591,20068,18,14,4,14,9,5,2,1,1,260,147,113,318,192,126,246,131,115,65,28,37,40736,21069,19667
233,District-Kaimur (Bhabua),Total,6,34114,17493,16621,11,9,2,11,8,3,1,0,1,356,188,168,281,145,136,204,110,94,54,32,22,33196,17001,16195
233,District-Kaimur (Bhabua),Total,7,12588,6306,6282,50,30,20,22,16,6,8,3,5,991,480,511,119,55,64,79,46,33,40,23,17,11279,5653,5626
233,District-Kaimur (Bhabua),Total,8,9834,4735,5099,48,35,13,22,17,5,7,4,3,1548,772,776,110,61,49,86,43,43,36,19,17,7977,3784,4193
233,District-Kaimur (Bhabua),Total,9,5605,2744,2861,55,28,27,28,14,14,11,7,4,1202,643,559,84,48,36,58,22,36,57,30,27,4110,1952,2158
233,District-Kaimur (Bhabua),Total,10,8104,3985,4119,62,42,20,38,28,10,15,9,6,1758,934,824,102,60,42,131,54,77,51,22,29,5947,2836,3111
233,District-Kaimur (Bhabua),Total,11,4507,2121,2386,116,86,30,76,52,24,17,13,4,1222,612,610,105,55,50,98,50,48,45,23,22,2828,1230,1598
233,District-Kaimur (Bhabua),Total,12,6194,3027,3167,200,174,26,141,109,32,35,21,14,1883,955,928,193,114,79,184,95,89,86,45,41,3472,1514,1958
233,District-Kaimur (Bhabua),Total,13,4461,2029,2432,158,118,40,126,94,32,54,30,24,1600,740,860,123,70,53,160,84,76,68,32,36,2172,861,1311
233,District-Kaimur (Bhabua),Total,14,6077,2972,3105,309,261,48,312,230,82,103,64,39,2200,1070,1130,232,160,72,266,151,115,100,40,60,2555,996,1559
233,District-Kaimur (Bhabua),Total,15,8079,4252,3827,634,550,84,587,457,130,194,135,59,2849,1419,1430,389,283,106,416,241,175,161,78,83,2849,1089,1760
233,District-Kaimur (Bhabua),Total,16,8369,4307,4062,744,646,98,767,618,149,241,151,90,3197,1401,1796,369,250,119,443,272,171,153,75,78,2455,894,1561
233,District-Kaimur (Bhabua),Total,17,6838,3429,3409,761,655,106,752,600,152,235,161,74,2703,1067,1636,265,185,80,362,194,168,129,52,77,1631,515,1116
233,District-Kaimur (Bhabua),Total,18,15608,7326,8282,2050,1775,275,1930,1460,470,591,375,216,5922,1933,3989,751,483,268,903,436,467,283,95,188,3178,769,2409
233,District-Kaimur (Bhabua),Total,19,10505,4321,6184,1395,1164,231,1281,900,381,320,176,144,3990,1061,2929,521,298,223,649,270,379,217,55,162,2132,397,1735
233,District-Kaimur (Bhabua),Rural,5-19,177034,87736,89298,6366,5356,1010,6001,4517,1484,1807,1126,681,30449,12928,17521,3819,2346,1473,4231,2162,2069,1532,640,892,122829,58661,64168
233,District-Kaimur (Bhabua),Rural,5,40432,20930,19502,18,14,4,14,9,5,2,1,1,251,141,110,310,186,124,245,130,115,64,28,36,39528,20421,19107
233,District-Kaimur (Bhabua),Rural,6,33129,16981,16148,11,9,2,11,8,3,1,0,1,341,182,159,276,143,133,202,109,93,54,32,22,32233,16498,15735
233,District-Kaimur (Bhabua),Rural,7,12247,6129,6118,48,28,20,22,16,6,8,3,5,958,465,493,112,53,59,78,46,32,40,23,17,10981,5495,5486
233,District-Kaimur (Bhabua),Rural,8,9564,4605,4959,47,34,13,21,16,5,7,4,3,1493,750,743,108,60,48,85,43,42,36,19,17,7767,3679,4088
233,District-Kaimur (Bhabua),Rural,9,5420,2635,2785,55,28,27,27,13,14,11,7,4,1152,617,535,81,47,34,57,21,36,56,29,27,3981,1873,2108
233,District-Kaimur (Bhabua),Rural,10,7862,3846,4016,60,41,19,38,28,10,14,8,6,1682,888,794,101,59,42,131,54,77,51,22,29,5785,2746,3039
233,District-Kaimur (Bhabua),Rural,11,4360,2055,2305,114,84,30,75,51,24,16,12,4,1174,590,584,103,54,49,98,50,48,44,23,21,2736,1191,1545
233,District-Kaimur (Bhabua),Rural,12,5997,2922,3075,194,170,24,138,106,32,34,20,14,1799,911,888,188,112,76,181,93,88,86,45,41,3377,1465,1912
233,District-Kaimur (Bhabua),Rural,13,4319,1952,2367,154,114,40,122,91,31,51,27,24,1543,711,832,118,65,53,159,84,75,68,32,36,2104,828,1276
233,District-Kaimur (Bhabua),Rural,14,5872,2876,2996,300,252,48,307,227,80,101,63,38,2114,1037,1077,220,148,72,261,148,113,100,40,60,2469,961,1508
233,District-Kaimur (Bhabua),Rural,15,7827,4101,3726,612,530,82,580,451,129,191,132,59,2732,1357,1375,372,270,102,409,237,172,160,77,83,2771,1047,1724
233,District-Kaimur (Bhabua),Rural,16,8102,4160,3942,716,619,97,751,604,147,235,147,88,3087,1362,1725,354,238,116,438,267,171,150,72,78,2371,851,1520
233,District-Kaimur (Bhabua),Rural,17,6591,3298,3293,714,612,102,740,590,150,235,161,74,2593,1030,1563,253,176,77,361,193,168,126,50,76,1569,486,1083
233,District-Kaimur (Bhabua),Rural,18,15141,7082,8059,1976,1703,273,1891,1423,468,582,366,216,5701,1866,3835,727,462,265,890,427,463,281,94,187,3093,741,2352
233,District-Kaimur (Bhabua),Rural,19,10171,4164,6007,1347,1118,229,1264,884,380,319,175,144,3829,1021,2808,496,273,223,636,260,376,216,54,162,2064,379,1685
233,District-Kaimur (Bhabua),Urban,5-19,5508,2902,2606,245,231,14,106,95,11,27,24,3,1232,494,738,143,113,30,54,37,17,13,9,4,3688,1899,1789
233,District-Kaimur (Bhabua),Urban,5,1227,661,566,0,0,0,0,0,0,0,0,0,9,6,3,8,6,2,1,1,0,1,0,1,1208,648,560
233,District-Kaimur (Bhabua),Urban,6,985,512,473,0,0,0,0,0,0,0,0,0,15,6,9,5,2,3,2,1,1,0,0,0,963,503,460
233,District-Kaimur (Bhabua),Urban,7,341,177,164,2,2,0,0,0,0,0,0,0,33,15,18,7,2,5,1,0,1,0,0,0,298,158,140
233,District-Kaimur (Bhabua),Urban,8,270,130,140,1,1,0,1,1,0,0,0,0,55,22,33,2,1,1,1,0,1,0,0,0,210,105,105
233,District-Kaimur (Bhabua),Urban,9,185,109,76,0,0,0,1,1,0,0,0,0,50,26,24,3,1,2,1,1,0,1,1,0,129,79,50
233,District-Kaimur (Bhabua),Urban,10,242,139,103,2,1,1,0,0,0,1,1,0,76,46,30,1,1,0,0,0,0,0,0,0,162,90,72
233,District-Kaimur (Bhabua),Urban,11,147,66,81,2,2,0,1,1,0,1,1,0,48,22,26,2,1,1,0,0,0,1,0,1,92,39,53
233,District-Kaimur (Bhabua),Urban,12,197,105,92,6,4,2,3,3,0,1,1,0,84,44,40,5,2,3,3,2,1,0,0,0,95,49,46
233,District-Kaimur (Bhabua),Urban,13,142,77,65,4,4,0,4,3,1,3,3,0,57,29,28,5,5,0,1,0,1,0,0,0,68,33,35
233,District-Kaimur (Bhabua),Urban,14,205,96,109,9,9,0,5,3,2,2,1,1,86,33,53,12,12,0,5,3,2,0,0,0,86,35,51
233,District-Kaimur (Bhabua),Urban,15,252,151,101,22,20,2,7,6,1,3,3,0,117,62,55,17,13,4,7,4,3,1,1,0,78,42,36
233,District-Kaimur (Bhabua),Urban,16,267,147,120,28,27,1,16,14,2,6,4,2,110,39,71,15,12,3,5,5,0,3,3,0,84,43,41
233,District-Kaimur (Bhabua),Urban,17,247,131,116,47,43,4,12,10,2,0,0,0,110,37,73,12,9,3,1,1,0,3,2,1,62,29,33
233,District-Kaimur (Bhabua),Urban,18,467,244,223,74,72,2,39,37,2,9,9,0,221,67,154,24,21,3,13,9,4,2,1,1,85,28,57
233,District-Kaimur (Bhabua),Urban,19,334,157,177,48,46,2,17,16,1,1,1,0,161,40,121,25,25,0,13,10,3,1,1,0,68,18,50
234,District-Rohtas,Total,5-19,271452,136997,134455,12569,11085,1484,10928,8523,2405,3566,2353,1213,45434,17162,28272,6645,4825,1820,6958,3995,2963,2645,1285,1360,182707,87769,94938
234,District-Rohtas,Total,5,62467,32573,29894,29,25,4,18,12,6,4,2,2,503,265,238,403,231,172,431,237,194,83,45,38,60996,31756,29240
234,District-Rohtas,Total,6,48559,24846,23713,23,19,4,14,8,6,2,2,0,700,369,331,313,185,128,346,181,165,68,38,30,47093,24044,23049
234,District-Rohtas,Total,7,16392,8183,8209,51,35,16,25,18,7,4,3,1,809,415,394,123,70,53,169,72,97,50,29,21,15161,7541,7620
234,District-Rohtas,Total,8,10738,5376,5362,65,48,17,39,23,16,6,4,2,1005,494,511,147,90,57,149,72,77,69,38,31,9258,4607,4651
234,District-Rohtas,Total,9,7436,3600,3836,43,35,8,34,20,14,13,5,8,826,396,430,93,50,43,116,56,60,52,24,28,6259,3014,3245
234,District-Rohtas,Total,10,10994,5540,5454,89,65,24,59,37,22,29,14,15,1298,660,638,186,132,54,217,125,92,98,58,40,9018,4449,4569
234,District-Rohtas,Total,11,6285,3133,3152,125,102,23,112,81,31,37,25,12,1088,503,585,133,77,56,152,92,60,56,35,21,4582,2218,2364
234,District-Rohtas,Total,12,7607,3763,3844,319,278,41,275,204,71,92,57,35,1945,926,1019,262,184,78,292,163,129,141,76,65,4281,1875,2406
234,District-Rohtas,Total,13,5985,2907,3078,320,273,47,278,205,73,83,56,27,1778,798,980,215,158,57,243,133,110,102,45,57,2966,1239,1727
234,District-Rohtas,Total,14,8560,4085,4475,555,480,75,514,390,124,197,127,70,2788,1155,1633,378,282,96,370,207,163,210,106,104,3548,1338,2210
234,District-Rohtas,Total,15,12421,6517,5904,1217,1072,145,944,746,198,349,230,119,4181,1786,2395,660,524,136,639,404,235,279,156,123,4152,1599,2553
234,District-Rohtas,Total,16,14261,7498,6763,1521,1357,164,1406,1135,271,474,343,131,5095,2099,2996,767,594,173,710,464,246,321,153,168,3967,1353,2614
234,District-Rohtas,Total,17,12142,6054,6088,1473,1286,187,1373,1076,297,454,308,146,4777,1718,3059,606,462,144,574,337,237,205,95,110,2680,772,1908
234,District-Rohtas,Total,18,28140,14166,13974,3978,3591,387,3466,2786,680,1117,732,385,10740,3480,7260,1464,1140,324,1541,917,624,549,236,313,5285,1284,4001
234,District-Rohtas,Total,19,19465,8756,10709,2761,2419,342,2371,1782,589,705,445,260,7901,2098,5803,895,646,249,1009,535,474,362,151,211,3461,680,2781
234,District-Rohtas,Rural,5-19,230911,115456,115455,10491,9205,1286,10163,7887,2276,3407,2221,1186,37821,14033,23788,5280,3662,1618,6199,3442,2757,2339,1087,1252,155211,73919,81292
234,District-Rohtas,Rural,5,54948,28600,26348,26,23,3,17,11,6,4,2,2,426,220,206,353,202,151,373,206,167,57,30,27,53692,27906,25786
234,District-Rohtas,Rural,6,42289,21599,20690,21,17,4,14,8,6,2,2,0,610,324,286,278,167,111,304,152,152,47,26,21,41013,20903,20110
234,District-Rohtas,Rural,7,13909,6931,6978,43,28,15,23,18,5,4,3,1,680,354,326,113,64,49,140,55,85,37,19,18,12869,6390,6479
234,District-Rohtas,Rural,8,8821,4363,4458,57,41,16,37,21,16,6,4,2,853,419,434,118,68,50,131,62,69,47,28,19,7572,3720,3852
234,District-Rohtas,Rural,9,6076,2876,3200,38,31,7,30,17,13,12,4,8,666,324,342,78,40,38,103,49,54,44,18,26,5105,2393,2712
234,District-Rohtas,Rural,10,9041,4479,4562,79,58,21,57,35,22,27,13,14,1061,526,535,146,101,45,184,103,81,82,48,34,7405,3595,3810
234,District-Rohtas,Rural,11,5092,2465,2627,106,85,21,100,70,30,37,25,12,877,396,481,116,63,53,129,74,55,51,30,21,3676,1722,1954
234,District-Rohtas,Rural,12,6089,2984,3105,259,228,31,257,193,64,88,53,35,1596,768,828,216,147,69,261,144,117,126,64,62,3286,1387,1899
234,District-Rohtas,Rural,13,4799,2263,2536,262,226,36,244,179,65,78,51,27,1459,638,821,170,115,55,221,121,100,92,39,53,2273,894,1379
234,District-Rohtas,Rural,14,6935,3221,3714,454,389,65,472,354,118,189,121,68,2286,942,1344,282,198,84,331,182,149,183,88,95,2738,947,1791
234,District-Rohtas,Rural,15,10299,5367,4932,1011,884,127,889,704,185,339,223,116,3445,1466,1979,525,402,123,588,360,228,256,138,118,3246,1190,2056
234,District-Rohtas,Rural,16,11882,6187,5695,1269,1126,143,1316,1063,253,448,322,126,4239,1731,2508,589,440,149,642,411,231,298,136,162,3081,958,2123
234,District-Rohtas,Rural,17,10136,4944,5192,1214,1055,159,1274,992,282,438,293,145,3977,1381,2596,450,326,124,505,280,225,184,83,101,2094,534,1560
234,District-Rohtas,Rural,18,23940,11865,12075,3308,2974,334,3232,2581,651,1063,690,373,9018,2862,6156,1140,853,287,1379,786,593,498,206,292,4302,913,3389
234,District-Rohtas,Rural,19,16655,7312,9343,2344,2040,304,2201,1641,560,672,415,257,6628,1682,4946,706,476,230,908,457,451,337,134,203,2859,467,2392
234,District-Rohtas,Urban,5-19,40541,21541,19000,2078,1880,198,765,636,129,159,132,27,7613,3129,4484,1365,1163,202,759,553,206,306,198,108,27496,13850,13646
234,District-Rohtas,Urban,5,7519,3973,3546,3,2,1,1,1,0,0,0,0,77,45,32,50,29,21,58,31,27,26,15,11,7304,3850,3454
234,District-Rohtas,Urban,6,6270,3247,3023,2,2,0,0,0,0,0,0,0,90,45,45,35,18,17,42,29,13,21,12,9,6080,3141,2939
234,District-Rohtas,Urban,7,2483,1252,1231,8,7,1,2,0,2,0,0,0,129,61,68,10,6,4,29,17,12,13,10,3,2292,1151,1141
234,District-Rohtas,Urban,8,1917,1013,904,8,7,1,2,2,0,0,0,0,152,75,77,29,22,7,18,10,8,22,10,12,1686,887,799
234,District-Rohtas,Urban,9,1360,724,636,5,4,1,4,3,1,1,1,0,160,72,88,15,10,5,13,7,6,8,6,2,1154,621,533
234,District-Rohtas,Urban,10,1953,1061,892,10,7,3,2,2,0,2,1,1,237,134,103,40,31,9,33,22,11,16,10,6,1613,854,759
234,District-Rohtas,Urban,11,1193,668,525,19,17,2,12,11,1,0,0,0,211,107,104,17,14,3,23,18,5,5,5,0,906,496,410
234,District-Rohtas,Urban,12,1518,779,739,60,50,10,18,11,7,4,4,0,349,158,191,46,37,9,31,19,12,15,12,3,995,488,507
234,District-Rohtas,Urban,13,1186,644,542,58,47,11,34,26,8,5,5,0,319,160,159,45,43,2,22,12,10,10,6,4,693,345,348
234,District-Rohtas,Urban,14,1625,864,761,101,91,10,42,36,6,8,6,2,502,213,289,96,84,12,39,25,14,27,18,9,810,391,419
234,District-Rohtas,Urban,15,2122,1150,972,206,188,18,55,42,13,10,7,3,736,320,416,135,122,13,51,44,7,23,18,5,906,409,497
234,District-Rohtas,Urban,16,2379,1311,1068,252,231,21,90,72,18,26,21,5,856,368,488,178,154,24,68,53,15,23,17,6,886,395,491
234,District-Rohtas,Urban,17,2006,1110,896,259,231,28,99,84,15,16,15,1,800,337,463,156,136,20,69,57,12,21,12,9,586,238,348
234,District-Rohtas,Urban,18,4200,2301,1899,670,617,53,234,205,29,54,42,12,1722,618,1104,324,287,37,162,131,31,51,30,21,983,371,612
234,District-Rohtas,Urban,19,2810,1444,1366,417,379,38,170,141,29,33,30,3,1273,416,857,189,170,19,101,78,23,25,17,8,602,213,389
235,District-Aurangabad,Total,5-19,263692,129965,133727,11443,9207,2236,9816,6850,2966,2573,1613,960,39182,15510,23672,8426,5081,3345,8355,4196,4159,2540,1099,1441,181357,86409,94948
235,District-Aurangabad,Total,5,58746,30147,28599,34,26,8,38,25,13,5,3,2,512,284,228,586,332,254,563,316,247,105,58,47,56903,29103,27800
235,District-Aurangabad,Total,6,47673,24356,23317,34,22,12,50,30,20,5,4,1,637,347,290,486,293,193,484,271,213,93,41,52,45884,23348,22536
235,District-Aurangabad,Total,7,17064,8538,8526,68,45,23,45,25,20,5,2,3,810,429,381,220,127,93,255,107,148,50,23,27,15611,7780,7831
235,District-Aurangabad,Total,8,12859,6261,6598,78,47,31,58,25,33,14,7,7,999,466,533,215,116,99,249,118,131,46,20,26,11200,5462,5738
235,District-Aurangabad,Total,9,7322,3526,3796,67,45,22,46,25,21,19,9,10,768,367,401,148,98,50,148,62,86,42,22,20,6084,2898,3186
235,District-Aurangabad,Total,10,11671,5850,5821,104,72,32,87,47,40,27,16,11,1317,677,640,263,159,104,270,148,122,80,44,36,9523,4687,4836
235,District-Aurangabad,Total,11,6598,3235,3363,201,151,50,133,85,48,39,22,17,1073,527,546,215,133,82,215,113,102,68,33,35,4654,2171,2483
235,District-Aurangabad,Total,12,8452,4005,4447,348,276,72,254,156,98,69,45,24,1830,861,969,325,200,125,338,153,185,113,47,66,5175,2267,2908
235,District-Aurangabad,Total,13,5974,2730,3244,288,226,62,236,156,80,65,44,21,1521,662,859,275,164,111,272,118,154,117,50,67,3200,1310,1890
235,District-Aurangabad,Total,14,8565,4066,4499,545,430,115,433,300,133,135,88,47,2494,1123,1371,450,266,184,472,242,230,173,79,94,3863,1538,2325
235,District-Aurangabad,Total,15,12257,6239,6018,1114,936,178,944,687,257,239,166,73,3754,1654,2100,831,570,261,748,436,312,271,124,147,4356,1666,2690
235,District-Aurangabad,Total,16,13467,6811,6656,1303,1095,208,1212,894,318,377,249,128,4552,1922,2630,836,546,290,819,469,350,291,133,158,4077,1503,2574
235,District-Aurangabad,Total,17,11067,5238,5829,1299,1056,243,1075,735,340,333,211,122,4011,1529,2482,745,449,296,655,325,330,289,117,172,2660,816,1844
235,District-Aurangabad,Total,18,25185,11773,13412,3477,2833,644,3158,2264,894,728,439,289,8874,2950,5924,1730,1047,683,1709,817,892,492,201,291,5017,1222,3795
235,District-Aurangabad,Total,19,16792,7190,9602,2483,1947,536,2047,1396,651,513,308,205,6030,1712,4318,1101,581,520,1158,501,657,310,107,203,3150,638,2512
235,District-Aurangabad,Rural,5-19,240705,118022,122683,10280,8197,2083,9312,6451,2861,2480,1542,938,35239,13918,21321,7456,4419,3037,7896,3888,4008,2452,1036,1416,165590,78571,87019
235,District-Aurangabad,Rural,5,54071,27722,26349,30,24,6,35,24,11,5,3,2,451,247,204,542,307,235,522,291,231,99,55,44,52387,26771,25616
235,District-Aurangabad,Rural,6,43668,22272,21396,32,22,10,48,28,20,5,4,1,601,328,273,446,266,180,448,249,199,90,39,51,41998,21336,20662
235,District-Aurangabad,Rural,7,15701,7882,7819,67,45,22,44,24,20,5,2,3,748,396,352,201,116,85,236,98,138,50,23,27,14350,7178,7172
235,District-Aurangabad,Rural,8,11596,5628,5968,69,41,28,58,25,33,13,7,6,903,423,480,193,104,89,237,111,126,40,15,25,10083,4902,5181
235,District-Aurangabad,Rural,9,6722,3224,3498,65,43,22,44,23,21,18,9,9,697,336,361,132,87,45,141,60,81,42,22,20,5583,2644,2939
235,District-Aurangabad,Rural,10,10688,5342,5346,95,63,32,85,45,40,27,16,11,1222,629,593,236,144,92,258,139,119,79,43,36,8686,4263,4423
235,District-Aurangabad,Rural,11,6011,2924,3087,183,135,48,127,81,46,39,22,17,961,469,492,198,121,77,209,108,101,67,33,34,4227,1955,2272
235,District-Aurangabad,Rural,12,7570,3526,4044,311,242,69,245,150,95,66,43,23,1639,768,871,276,163,113,314,140,174,107,43,64,4612,1977,2635
235,District-Aurangabad,Rural,13,5373,2415,2958,263,205,58,218,142,76,62,41,21,1369,593,776,239,136,103,262,114,148,112,46,66,2848,1138,1710
235,District-Aurangabad,Rural,14,7685,3640,4045,490,387,103,413,286,127,129,84,45,2227,1014,1213,373,224,149,444,222,222,169,77,92,3440,1346,2094
235,District-Aurangabad,Rural,15,11092,5579,5513,989,827,162,888,644,244,232,161,71,3385,1498,1887,723,493,230,712,407,305,255,109,146,3908,1440,2468
235,District-Aurangabad,Rural,16,12167,6093,6074,1163,969,194,1144,836,308,361,236,125,4080,1715,2365,713,465,248,778,442,336,282,126,156,3646,1304,2342
235,District-Aurangabad,Rural,17,10055,4672,5383,1150,925,225,1026,697,329,319,201,118,3606,1355,2251,662,385,277,614,295,319,284,113,171,2394,701,1693
235,District-Aurangabad,Rural,18,22896,10596,12300,3116,2515,601,2986,2125,861,704,421,283,7920,2628,5292,1526,895,631,1621,752,869,480,194,286,4543,1066,3477
235,District-Aurangabad,Rural,19,15410,6507,8903,2257,1754,503,1951,1321,630,495,292,203,5430,1519,3911,996,513,483,1100,460,640,296,98,198,2885,550,2335
235,District-Aurangabad,Urban,5-19,22987,11943,11044,1163,1010,153,504,399,105,93,71,22,3943,1592,2351,970,662,308,459,308,151,88,63,25,15767,7838,7929
235,District-Aurangabad,Urban,5,4675,2425,2250,4,2,2,3,1,2,0,0,0,61,37,24,44,25,19,41,25,16,6,3,3,4516,2332,2184
235,District-Aurangabad,Urban,6,4005,2084,1921,2,0,2,2,2,0,0,0,0,36,19,17,40,27,13,36,22,14,3,2,1,3886,2012,1874
235,District-Aurangabad,Urban,7,1363,656,707,1,0,1,1,1,0,0,0,0,62,33,29,19,11,8,19,9,10,0,0,0,1261,602,659
235,District-Aurangabad,Urban,8,1263,633,630,9,6,3,0,0,0,1,0,1,96,43,53,22,12,10,12,7,5,6,5,1,1117,560,557
235,District-Aurangabad,Urban,9,600,302,298,2,2,0,2,2,0,1,0,1,71,31,40,16,11,5,7,2,5,0,0,0,501,254,247
235,District-Aurangabad,Urban,10,983,508,475,9,9,0,2,2,0,0,0,0,95,48,47,27,15,12,12,9,3,1,1,0,837,424,413
235,District-Aurangabad,Urban,11,587,311,276,18,16,2,6,4,2,0,0,0,112,58,54,17,12,5,6,5,1,1,0,1,427,216,211
235,District-Aurangabad,Urban,12,882,479,403,37,34,3,9,6,3,3,2,1,191,93,98,49,37,12,24,13,11,6,4,2,563,290,273
235,District-Aurangabad,Urban,13,601,315,286,25,21,4,18,14,4,3,3,0,152,69,83,36,28,8,10,4,6,5,4,1,352,172,180
235,District-Aurangabad,Urban,14,880,426,454,55,43,12,20,14,6,6,4,2,267,109,158,77,42,35,28,20,8,4,2,2,423,192,231
235,District-Aurangabad,Urban,15,1165,660,505,125,109,16,56,43,13,7,5,2,369,156,213,108,77,31,36,29,7,16,15,1,448,226,222
235,District-Aurangabad,Urban,16,1300,718,582,140,126,14,68,58,10,16,13,3,472,207,265,123,81,42,41,27,14,9,7,2,431,199,232
235,District-Aurangabad,Urban,17,1012,566,446,149,131,18,49,38,11,14,10,4,405,174,231,83,64,19,41,30,11,5,4,1,266,115,151
235,District-Aurangabad,Urban,18,2289,1177,1112,361,318,43,172,139,33,24,18,6,954,322,632,204,152,52,88,65,23,12,7,5,474,156,318
235,District-Aurangabad,Urban,19,1382,683,699,226,193,33,96,75,21,18,16,2,600,193,407,105,68,37,58,41,17,14,9,5,265,88,177
236,District-Gaya,Total,5-19,552176,267683,284493,28172,21152,7020,20004,12306,7698,4647,2557,2090,70758,29974,40784,33451,17948,15503,30223,13494,16729,7607,3127,4480,357314,167125,190189
236,District-Gaya,Total,5,97712,50187,47525,223,188,35,122,84,38,9,4,5,1003,531,472,1736,950,786,1683,884,799,247,129,118,92689,47417,45272
236,District-Gaya,Total,6,81990,41054,40936,113,93,20,107,62,45,13,6,7,1405,708,697,1403,739,664,1504,776,728,262,128,134,77183,38542,38641
236,District-Gaya,Total,7,34518,16801,17717,250,159,91,122,72,50,13,6,7,1873,917,956,764,387,377,788,345,443,190,87,103,30518,14828,15690
236,District-Gaya,Total,8,30037,14637,15400,254,166,88,151,89,62,26,11,15,2307,1139,1168,883,453,430,835,440,395,248,111,137,25333,12228,13105
236,District-Gaya,Total,9,20775,9981,10794,262,161,101,157,84,73,22,9,13,2089,1056,1033,730,381,349,730,340,390,205,96,109,16580,7854,8726
236,District-Gaya,Total,10,30848,15150,15698,389,239,150,243,138,105,53,30,23,3144,1698,1446,1155,613,542,1187,624,563,355,147,208,24322,11661,12661
236,District-Gaya,Total,11,20286,9865,10421,641,455,186,391,240,151,89,46,43,2741,1381,1360,1179,642,537,1086,502,584,279,131,148,13880,6468,7412
236,District-Gaya,Total,12,23759,11517,12242,1038,752,286,604,383,221,193,112,81,4118,2041,2077,1626,877,749,1577,715,862,467,222,245,14136,6415,7721
236,District-Gaya,Total,13,16692,7689,9003,813,582,231,571,337,234,165,98,67,3453,1619,1834,1227,653,574,1138,531,607,385,160,225,8940,3709,5231
236,District-Gaya,Total,14,21075,10087,10988,1431,1063,368,1019,678,341,303,171,132,4879,2268,2611,1858,1062,796,1651,823,828,545,236,309,9389,3786,5603
236,District-Gaya,Total,15,29328,15001,14327,2660,2099,561,1990,1312,678,533,313,220,6904,3247,3657,3206,2002,1204,2660,1373,1287,787,392,395,10588,4263,6325
236,District-Gaya,Total,16,29431,14629,14802,3136,2394,742,2414,1579,835,593,348,245,7674,3257,4417,3220,1932,1288,2751,1384,1367,724,337,387,8919,3398,5521
236,District-Gaya,Total,17,25793,12085,13708,3286,2455,831,2511,1522,989,596,353,243,7009,2796,4213,2884,1558,1326,2620,1130,1490,650,235,415,6237,2036,4201
236,District-Gaya,Total,18,50763,22388,28375,7280,5517,1763,5311,3238,2073,1205,635,570,12831,4461,8370,6375,3198,3177,5590,2063,3527,1275,436,839,10896,2840,8056
236,District-Gaya,Total,19,39169,16612,22557,6396,4829,1567,4291,2488,1803,834,415,419,9328,2855,6473,5205,2501,2704,4423,1564,2859,988,280,708,7704,1680,6024
236,District-Gaya,Rural,5-19,502044,241629,260415,24869,18442,6427,18487,11347,7140,4469,2446,2023,60266,25488,34778,30751,16041,14710,28230,12364,15866,7357,2971,4386,327615,152530,175085
236,District-Gaya,Rural,5,89289,45803,43486,185,154,31,109,74,35,9,4,5,785,420,365,1548,838,710,1484,775,709,238,123,115,84931,43415,41516
236,District-Gaya,Rural,6,75050,37555,37495,99,81,18,94,53,41,12,6,6,1177,604,573,1253,658,595,1338,690,648,253,122,131,70824,35341,35483
236,District-Gaya,Rural,7,31729,15353,16376,208,128,80,98,56,42,10,6,4,1553,756,797,708,351,357,712,302,410,186,85,101,28254,13669,14585
236,District-Gaya,Rural,8,27570,13364,14206,221,144,77,125,72,53,26,11,15,1919,945,974,808,406,402,761,405,356,240,106,134,23470,11275,12195
236,District-Gaya,Rural,9,18963,9033,9930,222,132,90,127,70,57,22,9,13,1759,895,864,673,341,332,679,314,365,200,94,106,15281,7178,8103
236,District-Gaya,Rural,10,28373,13793,14580,349,213,136,197,110,87,50,27,23,2674,1439,1235,1049,540,509,1076,561,515,346,141,205,22632,10762,11870
236,District-Gaya,Rural,11,18495,8939,9556,562,392,170,348,216,132,84,43,41,2331,1176,1155,1098,591,507,1011,463,548,274,126,148,12787,5932,6855
236,District-Gaya,Rural,12,21571,10351,11220,910,645,265,557,346,211,190,110,80,3526,1758,1768,1498,793,705,1475,661,814,452,215,237,12963,5823,7140
236,District-Gaya,Rural,13,15129,6900,8229,705,498,207,531,308,223,164,98,66,2974,1402,1572,1139,591,548,1076,494,582,379,158,221,8161,3351,4810
236,District-Gaya,Rural,14,18977,8998,9979,1285,955,330,947,635,312,296,167,129,4191,1949,2242,1698,937,761,1529,761,768,523,221,302,8508,3373,5135
236,District-Gaya,Rural,15,26615,13549,13066,2396,1890,506,1862,1230,632,510,300,210,6025,2839,3186,2943,1806,1137,2498,1285,1213,753,371,382,9628,3828,5800
236,District-Gaya,Rural,16,26485,13043,13442,2774,2110,664,2228,1459,769,576,338,238,6666,2820,3846,2937,1716,1221,2585,1279,1306,704,320,384,8015,3001,5014
236,District-Gaya,Rural,17,22998,10583,12415,2938,2168,770,2316,1400,916,570,334,236,5939,2339,3600,2629,1362,1267,2451,1016,1435,622,220,402,5533,1744,3789
236,District-Gaya,Rural,18,45785,19858,25927,6491,4858,1633,4943,3010,1933,1155,604,551,10955,3796,7159,5894,2839,3055,5345,1912,3433,1229,403,826,9773,2436,7337
236,District-Gaya,Rural,19,35015,14507,20508,5524,4074,1450,4005,2308,1697,795,389,406,7792,2350,5442,4876,2272,2604,4210,1446,2764,958,266,692,6855,1402,5453
236,District-Gaya,Urban,5-19,50132,26054,24078,3303,2710,593,1517,959,558,178,111,67,10492,4486,6006,2700,1907,793,1993,1130,863,250,156,94,29699,14595,15104
236,District-Gaya,Urban,5,8423,4384,4039,38,34,4,13,10,3,0,0,0,218,111,107,188,112,76,199,109,90,9,6,3,7758,4002,3756
236,District-Gaya,Urban,6,6940,3499,3441,14,12,2,13,9,4,1,0,1,228,104,124,150,81,69,166,86,80,9,6,3,6359,3201,3158
236,District-Gaya,Urban,7,2789,1448,1341,42,31,11,24,16,8,3,0,3,320,161,159,56,36,20,76,43,33,4,2,2,2264,1159,1105
236,District-Gaya,Urban,8,2467,1273,1194,33,22,11,26,17,9,0,0,0,388,194,194,75,47,28,74,35,39,8,5,3,1863,953,910
236,District-Gaya,Urban,9,1812,948,864,40,29,11,30,14,16,0,0,0,330,161,169,57,40,17,51,26,25,5,2,3,1299,676,623
236,District-Gaya,Urban,10,2475,1357,1118,40,26,14,46,28,18,3,3,0,470,259,211,106,73,33,111,63,48,9,6,3,1690,899,791
236,District-Gaya,Urban,11,1791,926,865,79,63,16,43,24,19,5,3,2,410,205,205,81,51,30,75,39,36,5,5,0,1093,536,557
236,District-Gaya,Urban,12,2188,1166,1022,128,107,21,47,37,10,3,2,1,592,283,309,128,84,44,102,54,48,15,7,8,1173,592,581
236,District-Gaya,Urban,13,1563,789,774,108,84,24,40,29,11,1,0,1,479,217,262,88,62,26,62,37,25,6,2,4,779,358,421
236,District-Gaya,Urban,14,2098,1089,1009,146,108,38,72,43,29,7,4,3,688,319,369,160,125,35,122,62,60,22,15,7,881,413,468
236,District-Gaya,Urban,15,2713,1452,1261,264,209,55,128,82,46,23,13,10,879,408,471,263,196,67,162,88,74,34,21,13,960,435,525
236,District-Gaya,Urban,16,2946,1586,1360,362,284,78,186,120,66,17,10,7,1008,437,571,283,216,67,166,105,61,20,17,3,904,397,507
236,District-Gaya,Urban,17,2795,1502,1293,348,287,61,195,122,73,26,19,7,1070,457,613,255,196,59,169,114,55,28,15,13,704,292,412
236,District-Gaya,Urban,18,4978,2530,2448,789,659,130,368,228,140,50,31,19,1876,665,1211,481,359,122,245,151,94,46,33,13,1123,404,719
236,District-Gaya,Urban,19,4154,2105,2049,872,755,117,286,180,106,39,26,13,1536,505,1031,329,229,100,213,118,95,30,14,16,849,278,571
237,District-Nawada,Total,5-19,331412,158983,172429,13125,9957,3168,8827,5588,3239,2353,1346,1007,38561,16013,22548,21179,11549,9630,15547,7050,8497,4936,1990,2946,226884,105490,121394
237,District-Nawada,Total,5,52176,26857,25319,31,24,7,16,8,8,2,1,1,473,262,211,859,491,368,560,276,284,149,80,69,50086,25715,24371
237,District-Nawada,Total,6,48269,24368,23901,35,23,12,29,17,12,1,1,0,581,301,280,846,445,401,602,295,307,163,81,82,46012,23205,22807
237,District-Nawada,Total,7,21227,10512,10715,100,70,30,57,31,26,9,9,0,988,501,487,488,261,227,322,150,172,102,55,47,19161,9435,9726
237,District-Nawada,Total,8,22995,11114,11881,146,96,50,79,43,36,10,8,2,1501,800,701,663,335,328,439,213,226,173,90,83,19984,9529,10455
237,District-Nawada,Total,9,13906,6711,7195,105,73,32,76,35,41,10,4,6,1068,549,519,513,269,244,281,160,121,90,39,51,11763,5582,6181
237,District-Nawada,Total,10,21721,10501,11220,216,123,93,128,75,53,18,5,13,1928,983,945,916,501,415,628,314,314,276,131,145,17611,8369,9242
237,District-Nawada,Total,11,11315,5465,5850,235,149,86,114,73,41,31,12,19,1371,711,660,630,325,305,412,201,211,167,78,89,8355,3916,4439
237,District-Nawada,Total,12,16442,7658,8784,443,295,148,229,142,87,88,52,36,2353,1185,1168,1133,596,537,808,390,418,378,152,226,11010,4846,6164
237,District-Nawada,Total,13,10468,4730,5738,366,262,104,205,132,73,68,35,33,1863,862,1001,809,416,393,599,263,336,243,111,132,6315,2649,3666
237,District-Nawada,Total,14,13702,6288,7414,660,481,179,448,278,170,160,101,59,2811,1262,1549,1255,719,536,998,476,522,416,168,248,6954,2803,4151
237,District-Nawada,Total,15,18146,9009,9137,1325,1050,275,866,586,280,325,202,123,3854,1719,2135,2151,1358,793,1606,832,774,521,229,292,7498,3033,4465
237,District-Nawada,Total,16,18368,8790,9578,1504,1196,308,1177,783,394,332,199,133,4544,1870,2674,2139,1268,871,1649,809,840,536,214,322,6487,2451,4036
237,District-Nawada,Total,17,13337,5913,7424,1392,1050,342,998,645,353,295,170,125,3468,1251,2217,1759,926,833,1346,579,767,378,137,241,3701,1155,2546
237,District-Nawada,Total,18,30484,13440,17044,4027,3174,853,2731,1736,995,599,329,270,7258,2467,4791,4292,2279,2013,3174,1288,1886,827,283,544,7576,1884,5692
237,District-Nawada,Total,19,18856,7627,11229,2540,1891,649,1674,1004,670,405,218,187,4500,1290,3210,2726,1360,1366,2123,804,1319,517,142,375,4371,918,3453
237,District-Nawada,Rural,5-19,308310,147329,160981,12120,9113,3007,8384,5294,3090,2263,1285,978,34616,14425,20191,20118,10812,9306,15045,6753,8292,4803,1922,2881,210961,97725,113236
237,District-Nawada,Rural,5,48445,24884,23561,28,21,7,16,8,8,2,1,1,418,240,178,826,473,353,530,258,272,147,79,68,46478,23804,22674
237,District-Nawada,Rural,6,44608,22519,22089,33,21,12,29,17,12,1,1,0,526,265,261,817,431,386,583,287,296,160,80,80,42459,21417,21042
237,District-Nawada,Rural,7,19869,9824,10045,96,67,29,52,29,23,9,9,0,907,451,456,466,247,219,313,144,169,99,54,45,17927,8823,9104
237,District-Nawada,Rural,8,21450,10358,11092,131,87,44,73,41,32,10,8,2,1358,723,635,637,320,317,421,202,219,169,87,82,18651,8890,9761
237,District-Nawada,Rural,9,13060,6287,6773,103,71,32,74,35,39,10,4,6,989,507,482,491,257,234,272,152,120,87,39,48,11034,5222,5812
237,District-Nawada,Rural,10,20408,9826,10582,207,118,89,122,73,49,18,5,13,1753,898,855,888,482,406,610,303,307,268,126,142,16542,7821,8721
237,District-Nawada,Rural,11,10673,5136,5537,222,137,85,104,65,39,30,11,19,1253,653,600,606,312,294,400,197,203,163,76,87,7895,3685,4210
237,District-Nawada,Rural,12,15366,7095,8271,410,270,140,219,136,83,84,48,36,2133,1074,1059,1093,567,526,786,378,408,367,146,221,10274,4476,5798
237,District-Nawada,Rural,13,9753,4371,5382,338,239,99,196,125,71,64,33,31,1680,783,897,779,398,381,574,247,327,237,108,129,5885,2438,3447
237,District-Nawada,Rural,14,12726,5805,6921,613,443,170,423,264,159,156,97,59,2535,1157,1378,1195,675,520,954,448,506,402,163,239,6448,2558,3890
237,District-Nawada,Rural,15,16926,8381,8545,1220,968,252,827,559,268,314,196,118,3500,1571,1929,2033,1278,755,1564,809,755,502,220,282,6966,2780,4186
237,District-Nawada,Rural,16,17002,8100,8902,1384,1097,287,1107,740,367,320,190,130,4090,1692,2398,2004,1159,845,1584,768,816,522,208,314,5991,2246,3745
237,District-Nawada,Rural,17,12335,5421,6914,1266,939,327,952,610,342,281,163,118,3091,1116,1975,1662,855,807,1301,555,746,366,130,236,3416,1053,2363
237,District-Nawada,Rural,18,28188,12328,15860,3724,2912,812,2600,1645,955,572,309,263,6448,2180,4268,4048,2105,1943,3083,1232,1851,806,272,534,6907,1673,5234
237,District-Nawada,Rural,19,17501,6994,10507,2345,1723,622,1590,947,643,392,210,182,3935,1115,2820,2573,1253,1320,2070,773,1297,508,134,374,4088,839,3249
237,District-Nawada,Urban,5-19,23102,11654,11448,1005,844,161,443,294,149,90,61,29,3945,1588,2357,1061,737,324,502,297,205,133,68,65,15923,7765,8158
237,District-Nawada,Urban,5,3731,1973,1758,3,3,0,0,0,0,0,0,0,55,22,33,33,18,15,30,18,12,2,1,1,3608,1911,1697
237,District-Nawada,Urban,6,3661,1849,1812,2,2,0,0,0,0,0,0,0,55,36,19,29,14,15,19,8,11,3,1,2,3553,1788,1765
237,District-Nawada,Urban,7,1358,688,670,4,3,1,5,2,3,0,0,0,81,50,31,22,14,8,9,6,3,3,1,2,1234,612,622
237,District-Nawada,Urban,8,1545,756,789,15,9,6,6,2,4,0,0,0,143,77,66,26,15,11,18,11,7,4,3,1,1333,639,694
237,District-Nawada,Urban,9,846,424,422,2,2,0,2,0,2,0,0,0,79,42,37,22,12,10,9,8,1,3,0,3,729,360,369
237,District-Nawada,Urban,10,1313,675,638,9,5,4,6,2,4,0,0,0,175,85,90,28,19,9,18,11,7,8,5,3,1069,548,521
237,District-Nawada,Urban,11,642,329,313,13,12,1,10,8,2,1,1,0,118,58,60,24,13,11,12,4,8,4,2,2,460,231,229
237,District-Nawada,Urban,12,1076,563,513,33,25,8,10,6,4,4,4,0,220,111,109,40,29,11,22,12,10,11,6,5,736,370,366
237,District-Nawada,Urban,13,715,359,356,28,23,5,9,7,2,4,2,2,183,79,104,30,18,12,25,16,9,6,3,3,430,211,219
237,District-Nawada,Urban,14,976,483,493,47,38,9,25,14,11,4,4,0,276,105,171,60,44,16,44,28,16,14,5,9,506,245,261
237,District-Nawada,Urban,15,1220,628,592,105,82,23,39,27,12,11,6,5,354,148,206,118,80,38,42,23,19,19,9,10,532,253,279
237,District-Nawada,Urban,16,1366,690,676,120,99,21,70,43,27,12,9,3,454,178,276,135,109,26,65,41,24,14,6,8,496,205,291
237,District-Nawada,Urban,17,1002,492,510,126,111,15,46,35,11,14,7,7,377,135,242,97,71,26,45,24,21,12,7,5,285,102,183
237,District-Nawada,Urban,18,2296,1112,1184,303,262,41,131,91,40,27,20,7,810,287,523,244,174,70,91,56,35,21,11,10,669,211,458
237,District-Nawada,Urban,19,1355,633,722,195,168,27,84,57,27,13,8,5,565,175,390,153,107,46,53,31,22,9,8,1,283,79,204
238,District-Jamui,Total,5-19,230271,110106,120165,13747,9751,3996,9523,6025,3498,2662,1429,1233,30046,13563,16483,15327,7034,8293,11040,4242,6798,3567,1200,2367,144359,66862,77497
238,District-Jamui,Total,5,42627,22022,20605,25,18,7,22,15,7,3,0,3,298,163,135,515,308,207,280,150,130,60,28,32,41424,21340,20084
238,District-Jamui,Total,6,33570,16808,16762,22,12,10,23,16,7,14,3,11,435,225,210,395,208,187,260,132,128,118,57,61,32303,16155,16148
238,District-Jamui,Total,7,13112,6282,6830,49,27,22,24,14,10,11,5,6,968,466,502,246,116,130,160,75,85,57,26,31,11597,5553,6044
238,District-Jamui,Total,8,11969,5714,6255,72,35,37,40,27,13,21,8,13,1313,708,605,284,147,137,178,94,84,102,46,56,9959,4649,5310
238,District-Jamui,Total,9,7738,3672,4066,64,33,31,42,27,15,22,11,11,1002,518,484,218,118,100,162,82,80,71,21,50,6157,2862,3295
238,District-Jamui,Total,10,11828,5635,6193,101,61,40,68,38,30,51,30,21,1705,912,793,416,182,234,310,142,168,168,66,102,9009,4204,4805
238,District-Jamui,Total,11,6433,2944,3489,168,114,54,106,64,42,72,38,34,1204,595,609,295,141,154,239,109,130,117,40,77,4232,1843,2389
238,District-Jamui,Total,12,9556,4306,5250,370,243,127,236,137,99,114,68,46,1958,978,980,640,313,327,485,198,287,208,77,131,5545,2292,3253
238,District-Jamui,Total,13,7010,3125,3885,364,256,108,250,160,90,109,52,57,1647,766,881,535,265,270,401,141,260,204,87,117,3500,1398,2102
238,District-Jamui,Total,14,9030,4037,4993,609,377,232,445,249,196,186,95,91,2329,1117,1212,827,431,396,599,279,320,259,100,159,3776,1389,2387
238,District-Jamui,Total,15,12934,6451,6483,1340,998,342,963,627,336,345,201,144,3059,1499,1560,1461,809,652,1085,502,583,376,157,219,4305,1658,2647
238,District-Jamui,Total,16,13041,6442,6599,1700,1244,456,1197,774,423,335,209,126,3324,1532,1792,1500,790,710,1168,516,652,361,119,242,3456,1258,2198
238,District-Jamui,Total,17,10651,5204,5447,1692,1275,417,1195,812,383,315,157,158,2631,1150,1481,1404,642,762,988,358,630,281,110,171,2145,700,1445
238,District-Jamui,Total,18,24398,10915,13483,4257,3055,1202,2937,1912,1025,646,356,290,4986,1897,3089,3770,1557,2213,2756,933,1823,725,184,541,4321,1021,3300
238,District-Jamui,Total,19,16374,6549,9825,2914,2003,911,1975,1153,822,418,196,222,3187,1037,2150,2821,1007,1814,1969,531,1438,460,82,378,2630,540,2090
238,District-Jamui,Rural,5-19,215813,102958,112855,12714,9005,3709,9005,5659,3346,2594,1377,1217,27099,12337,14762,14699,6707,7992,10648,4063,6585,3527,1172,2355,135527,62638,72889
238,District-Jamui,Rural,5,39914,20607,19307,24,17,7,22,15,7,3,0,3,274,150,124,503,298,205,272,146,126,60,28,32,38756,19953,18803
238,District-Jamui,Rural,6,31530,15754,15776,20,12,8,23,16,7,14,3,11,395,200,195,387,204,183,248,122,126,117,56,61,30326,15141,15185
238,District-Jamui,Rural,7,12289,5880,6409,45,26,19,24,14,10,11,5,6,908,440,468,243,116,127,152,73,79,56,25,31,10850,5181,5669
238,District-Jamui,Rural,8,11400,5442,5958,69,32,37,38,25,13,21,8,13,1226,661,565,278,144,134,175,92,83,102,46,56,9491,4434,5057
238,District-Jamui,Rural,9,7301,3455,3846,62,33,29,42,27,15,22,11,11,937,478,459,215,117,98,159,80,79,69,21,48,5795,2688,3107
238,District-Jamui,Rural,10,11238,5341,5897,93,59,34,64,35,29,51,30,21,1595,857,738,406,176,230,303,137,166,168,66,102,8558,3981,4577
238,District-Jamui,Rural,11,6068,2777,3291,161,108,53,105,64,41,71,38,33,1102,546,556,289,138,151,229,106,123,115,39,76,3996,1738,2258
238,District-Jamui,Rural,12,9036,4040,4996,339,227,112,227,131,96,114,68,46,1800,896,904,620,301,319,476,190,286,208,77,131,5252,2150,3102
238,District-Jamui,Rural,13,6597,2926,3671,337,238,99,234,146,88,107,51,56,1509,710,799,518,255,263,389,135,254,202,87,115,3301,1304,1997
238,District-Jamui,Rural,14,8424,3738,4686,560,342,218,424,232,192,186,95,91,2088,997,1091,793,414,379,575,266,309,258,99,159,3540,1293,2247
238,District-Jamui,Rural,15,12088,6038,6050,1243,934,309,910,587,323,336,195,141,2781,1381,1400,1388,768,620,1053,484,569,369,151,218,4008,1538,2470
238,District-Jamui,Rural,16,12146,6039,6107,1596,1172,424,1132,733,399,330,205,125,2969,1394,1575,1421,752,669,1132,499,633,357,117,240,3209,1167,2042
238,District-Jamui,Rural,17,9865,4817,5048,1574,1179,395,1143,778,365,302,149,153,2295,1008,1287,1346,615,731,945,342,603,277,107,170,1983,639,1344
238,District-Jamui,Rural,18,22718,10080,12638,3905,2790,1115,2777,1799,978,620,332,288,4407,1693,2714,3588,1462,2126,2671,897,1774,715,176,539,4035,931,3104
238,District-Jamui,Rural,19,15199,6024,9175,2686,1836,850,1840,1057,783,406,187,219,2813,926,1887,2704,947,1757,1869,494,1375,454,77,377,2427,500,1927
238,District-Jamui,Urban,5-19,14458,7148,7310,1033,746,287,518,366,152,68,52,16,2947,1226,1721,628,327,301,392,179,213,40,28,12,8832,4224,4608
238,District-Jamui,Urban,5,2713,1415,1298,1,1,0,0,0,0,0,0,0,24,13,11,12,10,2,8,4,4,0,0,0,2668,1387,1281
238,District-Jamui,Urban,6,2040,1054,986,2,0,2,0,0,0,0,0,0,40,25,15,8,4,4,12,10,2,1,1,0,1977,1014,963
238,District-Jamui,Urban,7,823,402,421,4,1,3,0,0,0,0,0,0,60,26,34,3,0,3,8,2,6,1,1,0,747,372,375
238,District-Jamui,Urban,8,569,272,297,3,3,0,2,2,0,0,0,0,87,47,40,6,3,3,3,2,1,0,0,0,468,215,253
238,District-Jamui,Urban,9,437,217,220,2,0,2,0,0,0,0,0,0,65,40,25,3,1,2,3,2,1,2,0,2,362,174,188
238,District-Jamui,Urban,10,590,294,296,8,2,6,4,3,1,0,0,0,110,55,55,10,6,4,7,5,2,0,0,0,451,223,228
238,District-Jamui,Urban,11,365,167,198,7,6,1,1,0,1,1,0,1,102,49,53,6,3,3,10,3,7,2,1,1,236,105,131
238,District-Jamui,Urban,12,520,266,254,31,16,15,9,6,3,0,0,0,158,82,76,20,12,8,9,8,1,0,0,0,293,142,151
238,District-Jamui,Urban,13,413,199,214,27,18,9,16,14,2,2,1,1,138,56,82,17,10,7,12,6,6,2,0,2,199,94,105
238,District-Jamui,Urban,14,606,299,307,49,35,14,21,17,4,0,0,0,241,120,121,34,17,17,24,13,11,1,1,0,236,96,140
238,District-Jamui,Urban,15,846,413,433,97,64,33,53,40,13,9,6,3,278,118,160,73,41,32,32,18,14,7,6,1,297,120,177
238,District-Jamui,Urban,16,895,403,492,104,72,32,65,41,24,5,4,1,355,138,217,79,38,41,36,17,19,4,2,2,247,91,156
238,District-Jamui,Urban,17,786,387,399,118,96,22,52,34,18,13,8,5,336,142,194,58,27,31,43,16,27,4,3,1,162,61,101
238,District-Jamui,Urban,18,1680,835,845,352,265,87,160,113,47,26,24,2,579,204,375,182,95,87,85,36,49,10,8,2,286,90,196
238,District-Jamui,Urban,19,1175,525,650,228,167,61,135,96,39,12,9,3,374,111,263,117,60,57,100,37,63,6,5,1,203,40,163
239,District-Jehanabad ,Total,5-19,131254,63198,68056,5479,4442,1037,2923,2004,919,655,399,256,18083,7348,10735,5446,3162,2284,3638,1744,1894,908,358,550,94122,43741,50381
239,District-Jehanabad ,Total,5,26424,13739,12685,20,19,1,8,6,2,0,0,0,180,87,93,212,106,106,130,54,76,10,7,3,25864,13460,12404
239,District-Jehanabad ,Total,6,24229,12423,11806,21,17,4,4,1,3,2,1,1,244,135,109,183,95,88,117,63,54,14,5,9,23644,12106,11538
239,District-Jehanabad ,Total,7,8767,4326,4441,33,24,9,10,7,3,0,0,0,492,254,238,106,58,48,52,29,23,7,5,2,8067,3949,4118
239,District-Jehanabad ,Total,8,7414,3622,3792,39,24,15,17,7,10,1,1,0,832,423,409,103,52,51,77,45,32,22,10,12,6323,3060,3263
239,District-Jehanabad ,Total,9,4334,2077,2257,41,27,14,18,14,4,1,1,0,569,270,299,79,42,37,52,25,27,4,2,2,3570,1696,1874
239,District-Jehanabad ,Total,10,6803,3363,3440,68,48,20,26,14,12,5,4,1,965,519,446,150,84,66,96,52,44,47,30,17,5446,2612,2834
239,District-Jehanabad ,Total,11,3468,1631,1837,85,61,24,35,29,6,9,7,2,617,302,315,116,72,44,76,41,35,17,7,10,2513,1112,1401
239,District-Jehanabad ,Total,12,5023,2345,2678,176,127,49,85,62,23,14,9,5,1037,511,526,256,155,101,177,94,83,67,32,35,3211,1355,1856
239,District-Jehanabad ,Total,13,3345,1489,1856,165,122,43,80,57,23,23,13,10,806,373,433,190,95,95,144,84,60,43,15,28,1894,730,1164
239,District-Jehanabad ,Total,14,4424,1993,2431,263,207,56,140,98,42,39,28,11,1187,512,675,291,186,105,260,129,131,69,29,40,2175,804,1371
239,District-Jehanabad ,Total,15,6016,2910,3106,539,461,78,254,191,63,63,43,20,1587,702,885,577,377,200,366,215,151,100,46,54,2530,875,1655
239,District-Jehanabad ,Total,16,6354,2998,3356,625,512,113,355,268,87,94,59,35,1873,791,1082,605,391,214,397,213,184,98,44,54,2307,720,1587
239,District-Jehanabad ,Total,17,4651,2050,2601,571,471,100,348,235,113,79,47,32,1519,581,938,443,248,195,301,136,165,64,22,42,1326,310,1016
239,District-Jehanabad ,Total,18,12202,5210,6992,1664,1374,290,922,613,309,197,127,70,3740,1223,2517,1321,791,530,849,372,477,216,65,151,3293,645,2648
239,District-Jehanabad ,Total,19,7800,3022,4778,1169,948,221,621,402,219,128,59,69,2435,665,1770,814,410,404,544,192,352,130,39,91,1959,307,1652
239,District-Jehanabad ,Rural,5-19,117458,56035,61423,4930,3974,956,2698,1830,868,594,357,237,15736,6372,9364,4913,2737,2176,3302,1535,1767,817,306,511,84468,38924,45544
239,District-Jehanabad ,Rural,5,23630,12259,11371,19,18,1,8,6,2,0,0,0,165,78,87,188,96,92,115,48,67,10,7,3,23125,12006,11119
239,District-Jehanabad ,Rural,6,21691,11065,10626,17,14,3,4,1,3,2,1,1,223,121,102,169,86,83,109,58,51,12,5,7,21155,10779,10376
239,District-Jehanabad ,Rural,7,7946,3890,4056,31,23,8,6,3,3,0,0,0,427,222,205,98,53,45,45,23,22,5,3,2,7334,3563,3771
239,District-Jehanabad ,Rural,8,6712,3249,3463,33,20,13,15,5,10,1,1,0,732,369,363,100,51,49,70,41,29,18,7,11,5743,2755,2988
239,District-Jehanabad ,Rural,9,3955,1894,2061,37,25,12,16,12,4,1,1,0,500,235,265,74,40,34,50,24,26,3,1,2,3274,1556,1718
239,District-Jehanabad ,Rural,10,6122,3009,3113,63,44,19,22,13,9,5,4,1,858,459,399,141,78,63,86,48,38,44,27,17,4903,2336,2567
239,District-Jehanabad ,Rural,11,3091,1437,1654,71,50,21,33,27,6,7,5,2,540,267,273,101,60,41,64,31,33,17,7,10,2258,990,1268
239,District-Jehanabad ,Rural,12,4504,2080,2424,165,118,47,80,58,22,12,8,4,924,458,466,226,135,91,154,79,75,62,28,34,2881,1196,1685
239,District-Jehanabad ,Rural,13,2980,1299,1681,155,112,43,73,53,20,21,13,8,690,319,371,174,83,91,124,72,52,41,15,26,1702,632,1070
239,District-Jehanabad ,Rural,14,3909,1720,2189,236,183,53,126,86,40,32,24,8,1016,434,582,259,158,101,242,115,127,64,27,37,1934,693,1241
239,District-Jehanabad ,Rural,15,5316,2553,2763,476,408,68,234,175,59,57,39,18,1372,616,756,514,325,189,331,193,138,88,38,50,2244,759,1485
239,District-Jehanabad ,Rural,16,5652,2626,3026,556,457,99,323,241,82,81,48,33,1641,697,944,558,352,206,366,194,172,89,37,52,2038,600,1438
239,District-Jehanabad ,Rural,17,4115,1780,2335,525,434,91,318,213,105,77,45,32,1312,490,822,392,206,186,266,113,153,58,17,41,1167,262,905
239,District-Jehanabad ,Rural,18,10839,4524,6315,1481,1211,270,855,561,294,183,117,66,3222,1042,2180,1187,671,516,776,330,446,191,54,137,2944,538,2406
239,District-Jehanabad ,Rural,19,6996,2650,4346,1065,857,208,585,376,209,115,51,64,2114,565,1549,732,343,389,504,166,338,115,33,82,1766,259,1507
239,District-Jehanabad ,Urban,5-19,13796,7163,6633,549,468,81,225,174,51,61,42,19,2347,976,1371,533,425,108,336,209,127,91,52,39,9654,4817,4837
239,District-Jehanabad ,Urban,5,2794,1480,1314,1,1,0,0,0,0,0,0,0,15,9,6,24,10,14,15,6,9,0,0,0,2739,1454,1285
239,District-Jehanabad ,Urban,6,2538,1358,1180,4,3,1,0,0,0,0,0,0,21,14,7,14,9,5,8,5,3,2,0,2,2489,1327,1162
239,District-Jehanabad ,Urban,7,821,436,385,2,1,1,4,4,0,0,0,0,65,32,33,8,5,3,7,6,1,2,2,0,733,386,347
239,District-Jehanabad ,Urban,8,702,373,329,6,4,2,2,2,0,0,0,0,100,54,46,3,1,2,7,4,3,4,3,1,580,305,275
239,District-Jehanabad ,Urban,9,379,183,196,4,2,2,2,2,0,0,0,0,69,35,34,5,2,3,2,1,1,1,1,0,296,140,156
239,District-Jehanabad ,Urban,10,681,354,327,5,4,1,4,1,3,0,0,0,107,60,47,9,6,3,10,4,6,3,3,0,543,276,267
239,District-Jehanabad ,Urban,11,377,194,183,14,11,3,2,2,0,2,2,0,77,35,42,15,12,3,12,10,2,0,0,0,255,122,133
239,District-Jehanabad ,Urban,12,519,265,254,11,9,2,5,4,1,2,1,1,113,53,60,30,20,10,23,15,8,5,4,1,330,159,171
239,District-Jehanabad ,Urban,13,365,190,175,10,10,0,7,4,3,2,0,2,116,54,62,16,12,4,20,12,8,2,0,2,192,98,94
239,District-Jehanabad ,Urban,14,515,273,242,27,24,3,14,12,2,7,4,3,171,78,93,32,28,4,18,14,4,5,2,3,241,111,130
239,District-Jehanabad ,Urban,15,700,357,343,63,53,10,20,16,4,6,4,2,215,86,129,63,52,11,35,22,13,12,8,4,286,116,170
239,District-Jehanabad ,Urban,16,702,372,330,69,55,14,32,27,5,13,11,2,232,94,138,47,39,8,31,19,12,9,7,2,269,120,149
239,District-Jehanabad ,Urban,17,536,270,266,46,37,9,30,22,8,2,2,0,207,91,116,51,42,9,35,23,12,6,5,1,159,48,111
239,District-Jehanabad ,Urban,18,1363,686,677,183,163,20,67,52,15,14,10,4,518,181,337,134,120,14,73,42,31,25,11,14,349,107,242
239,District-Jehanabad ,Urban,19,804,372,432,104,91,13,36,26,10,13,8,5,321,100,221,82,67,15,40,26,14,15,6,9,193,48,145
240,District-Arwal,Total,5-19,75017,35866,39151,4011,3247,764,2209,1535,674,511,320,191,11125,4122,7003,3180,1867,1313,2081,931,1150,642,244,398,51258,23600,27658
240,District-Arwal,Total,5,15300,7983,7317,18,14,4,7,5,2,1,1,0,104,49,55,217,110,107,35,19,16,3,3,0,14915,7782,7133
240,District-Arwal,Total,6,12959,6673,6286,8,6,2,2,2,0,0,0,0,134,81,53,149,92,57,34,17,17,6,3,3,12626,6472,6154
240,District-Arwal,Total,7,4514,2157,2357,14,11,3,2,1,1,3,1,2,238,110,128,67,36,31,23,13,10,4,0,4,4163,1985,2178
240,District-Arwal,Total,8,3686,1761,1925,27,18,9,5,3,2,1,0,1,335,163,172,67,35,32,26,11,15,6,5,1,3219,1526,1693
240,District-Arwal,Total,9,2157,1033,1124,23,15,8,5,4,1,2,0,2,251,123,128,50,29,21,28,10,18,8,2,6,1790,850,940
240,District-Arwal,Total,10,3534,1655,1879,36,28,8,12,7,5,3,3,0,456,234,222,99,51,48,45,25,20,20,10,10,2863,1297,1566
240,District-Arwal,Total,11,1981,932,1049,64,49,15,24,16,8,1,0,1,354,165,189,68,38,30,43,22,21,19,8,11,1408,634,774
240,District-Arwal,Total,12,2739,1217,1522,107,80,27,65,42,23,12,6,6,536,261,275,121,73,48,102,47,55,48,20,28,1748,688,1060
240,District-Arwal,Total,13,1948,818,1130,109,86,23,56,42,14,19,9,10,517,216,301,105,58,47,69,29,40,32,5,27,1041,373,668
240,District-Arwal,Total,14,2682,1184,1498,174,132,42,118,70,48,31,19,12,720,313,407,181,111,70,141,67,74,51,20,31,1266,452,814
240,District-Arwal,Total,15,3738,1814,1924,406,341,65,192,145,47,49,37,12,1028,434,594,323,201,122,253,136,117,82,48,34,1405,472,933
240,District-Arwal,Total,16,4212,1962,2250,500,416,84,288,206,82,62,41,21,1325,490,835,373,237,136,276,136,140,75,34,41,1313,402,911
240,District-Arwal,Total,17,2966,1314,1652,423,353,70,250,183,67,58,35,23,990,325,665,264,168,96,160,63,97,45,15,30,776,172,604
240,District-Arwal,Total,18,7664,3449,4215,1272,1063,209,725,506,219,173,115,58,2493,748,1745,686,409,277,522,231,291,151,43,108,1642,334,1308
240,District-Arwal,Total,19,4937,1914,3023,830,635,195,458,303,155,96,53,43,1644,410,1234,410,219,191,324,105,219,92,28,64,1083,161,922
240,District-Arwal,Rural,5-19,70390,33558,36832,3735,3009,726,2065,1441,624,488,301,187,10192,3801,6391,3054,1768,1286,2020,895,1125,633,241,392,48203,22102,26101
240,District-Arwal,Rural,5,14348,7463,6885,16,12,4,5,4,1,1,1,0,99,48,51,206,104,102,33,17,16,3,3,0,13985,7274,6711
240,District-Arwal,Rural,6,12145,6246,5899,8,6,2,2,2,0,0,0,0,128,78,50,142,88,54,34,17,17,5,3,2,11826,6052,5774
240,District-Arwal,Rural,7,4286,2047,2239,12,9,3,2,1,1,3,1,2,219,104,115,65,35,30,22,13,9,4,0,4,3959,1884,2075
240,District-Arwal,Rural,8,3496,1664,1832,25,17,8,4,2,2,1,0,1,299,147,152,66,34,32,26,11,15,6,5,1,3069,1448,1621
240,District-Arwal,Rural,9,2036,968,1068,22,15,7,4,3,1,1,0,1,228,117,111,49,28,21,26,8,18,8,2,6,1698,795,903
240,District-Arwal,Rural,10,3324,1544,1780,35,27,8,12,7,5,3,3,0,415,211,204,97,50,47,45,25,20,20,10,10,2697,1211,1486
240,District-Arwal,Rural,11,1885,880,1005,60,45,15,23,16,7,1,0,1,325,155,170,67,37,30,37,17,20,19,8,11,1353,602,751
240,District-Arwal,Rural,12,2586,1155,1431,104,77,27,63,40,23,12,6,6,492,240,252,119,73,46,99,44,55,47,20,27,1650,655,995
240,District-Arwal,Rural,13,1847,766,1081,103,80,23,55,41,14,19,9,10,486,201,285,101,54,47,68,29,39,32,5,27,983,347,636
240,District-Arwal,Rural,14,2516,1106,1410,157,117,40,110,64,46,30,18,12,665,292,373,175,107,68,139,65,74,51,20,31,1189,423,766
240,District-Arwal,Rural,15,3504,1691,1813,382,321,61,176,134,42,47,35,12,951,400,551,314,192,122,245,131,114,81,47,34,1308,431,877
240,District-Arwal,Rural,16,3955,1835,2120,468,392,76,267,192,75,59,39,20,1228,448,780,359,227,132,273,134,139,74,33,41,1227,370,857
240,District-Arwal,Rural,17,2738,1209,1529,395,326,69,235,173,62,55,32,23,898,300,598,245,151,94,154,60,94,44,15,29,712,152,560
240,District-Arwal,Rural,18,7120,3204,3916,1176,978,198,679,474,205,162,106,56,2254,683,1571,658,386,272,503,221,282,149,43,106,1539,313,1226
240,District-Arwal,Rural,19,4604,1780,2824,772,587,185,428,288,140,94,51,43,1505,377,1128,391,202,189,316,103,213,90,27,63,1008,145,863
240,District-Arwal,Urban,5-19,4627,2308,2319,276,238,38,144,94,50,23,19,4,933,321,612,126,99,27,61,36,25,9,3,6,3055,1498,1557
240,District-Arwal,Urban,5,952,520,432,2,2,0,2,1,1,0,0,0,5,1,4,11,6,5,2,2,0,0,0,0,930,508,422
240,District-Arwal,Urban,6,814,427,387,0,0,0,0,0,0,0,0,0,6,3,3,7,4,3,0,0,0,1,0,1,800,420,380
240,District-Arwal,Urban,7,228,110,118,2,2,0,0,0,0,0,0,0,19,6,13,2,1,1,1,0,1,0,0,0,204,101,103
240,District-Arwal,Urban,8,190,97,93,2,1,1,1,1,0,0,0,0,36,16,20,1,1,0,0,0,0,0,0,0,150,78,72
240,District-Arwal,Urban,9,121,65,56,1,0,1,1,1,0,1,0,1,23,6,17,1,1,0,2,2,0,0,0,0,92,55,37
240,District-Arwal,Urban,10,210,111,99,1,1,0,0,0,0,0,0,0,41,23,18,2,1,1,0,0,0,0,0,0,166,86,80
240,District-Arwal,Urban,11,96,52,44,4,4,0,1,0,1,0,0,0,29,10,19,1,1,0,6,5,1,0,0,0,55,32,23
240,District-Arwal,Urban,12,153,62,91,3,3,0,2,2,0,0,0,0,44,21,23,2,0,2,3,3,0,1,0,1,98,33,65
240,District-Arwal,Urban,13,101,52,49,6,6,0,1,1,0,0,0,0,31,15,16,4,4,0,1,0,1,0,0,0,58,26,32
240,District-Arwal,Urban,14,166,78,88,17,15,2,8,6,2,1,1,0,55,21,34,6,4,2,2,2,0,0,0,0,77,29,48
240,District-Arwal,Urban,15,234,123,111,24,20,4,16,11,5,2,2,0,77,34,43,9,9,0,8,5,3,1,1,0,97,41,56
240,District-Arwal,Urban,16,257,127,130,32,24,8,21,14,7,3,2,1,97,42,55,14,10,4,3,2,1,1,1,0,86,32,54
240,District-Arwal,Urban,17,228,105,123,28,27,1,15,10,5,3,3,0,92,25,67,19,17,2,6,3,3,1,0,1,64,20,44
240,District-Arwal,Urban,18,544,245,299,96,85,11,46,32,14,11,9,2,239,65,174,28,23,5,19,10,9,2,0,2,103,21,82
240,District-Arwal,Urban,19,333,134,199,58,48,10,30,15,15,2,2,0,139,33,106,19,17,2,8,2,6,2,1,1,75,16,59
