400,District-Koriya,Total,5-19,44109,21655,22454,5469,3856,1613,7623,3864,3759,2454,1120,1334,9026,3732,5294,1343,687,656,1767,602,1165,718,254,464,15709,7540,8169
400,District-Koriya,Total,5,7054,3514,3540,0,0,0,1,1,0,1,0,1,44,17,27,20,13,7,42,19,23,53,23,30,6893,3441,3452
400,District-Koriya,Total,6,4324,2185,2139,2,1,1,5,3,2,1,0,1,80,38,42,16,9,7,23,13,10,40,18,22,4157,2103,2054
400,District-Koriya,Total,7,1363,710,653,2,2,0,2,1,1,1,1,0,58,31,27,10,4,6,21,10,11,25,13,12,1244,648,596
400,District-Koriya,Total,8,730,359,371,3,2,1,1,0,1,4,3,1,80,35,45,14,6,8,17,8,9,33,12,21,578,293,285
400,District-Koriya,Total,9,397,210,187,7,5,2,5,2,3,6,4,2,67,41,26,10,6,4,15,8,7,18,9,9,269,135,134
400,District-Koriya,Total,10,651,321,330,5,5,0,8,4,4,12,5,7,121,56,65,21,10,11,16,7,9,20,12,8,448,222,226
400,District-Koriya,Total,11,461,214,247,29,18,11,34,19,15,17,7,10,127,61,66,19,10,9,30,7,23,20,8,12,185,84,101
400,District-Koriya,Total,12,797,372,425,56,39,17,80,45,35,42,19,23,252,124,128,42,16,26,63,24,39,36,10,26,226,95,131
400,District-Koriya,Total,13,911,452,459,96,69,27,121,62,59,48,20,28,313,153,160,44,21,23,69,29,40,31,14,17,189,84,105
400,District-Koriya,Total,14,1481,724,757,173,117,56,263,139,124,122,66,56,515,232,283,76,47,29,79,25,54,43,17,26,210,81,129
400,District-Koriya,Total,15,2660,1323,1337,357,253,104,585,305,280,255,128,127,828,378,450,141,73,68,179,73,106,72,25,47,243,88,155
400,District-Koriya,Total,16,3683,1928,1755,655,476,179,915,517,398,335,157,178,1090,519,571,171,91,80,201,75,126,63,23,40,253,70,183
400,District-Koriya,Total,17,4398,2202,2196,817,569,248,1272,667,605,412,188,224,1235,523,712,163,94,69,222,72,150,69,23,46,208,66,142
400,District-Koriya,Total,18,8075,3960,4115,1664,1203,461,2306,1196,1110,675,294,381,2234,866,1368,339,166,173,418,122,296,104,28,76,335,85,250
400,District-Koriya,Total,19,7124,3181,3943,1603,1097,506,2025,903,1122,523,228,295,1982,658,1324,257,121,136,372,110,262,91,19,72,271,45,226
400,District-Koriya,Rural,5-19,32497,15582,16915,4568,3048,1520,7192,3556,3636,2359,1049,1310,4099,1491,2608,1212,593,619,1690,552,1138,700,245,455,10677,5048,5629
400,District-Koriya,Rural,5,4951,2455,2496,0,0,0,1,1,0,1,0,1,30,12,18,17,11,6,40,19,21,53,23,30,4809,2389,2420
400,District-Koriya,Rural,6,2865,1391,1474,2,1,1,5,3,2,1,0,1,48,17,31,12,7,5,22,12,10,40,18,22,2735,1333,1402
400,District-Koriya,Rural,7,953,490,463,2,2,0,2,1,1,1,1,0,38,18,20,9,3,6,20,9,11,25,13,12,856,443,413
400,District-Koriya,Rural,8,570,271,299,3,2,1,1,0,1,4,3,1,49,18,31,14,6,8,17,8,9,33,12,21,449,222,227
400,District-Koriya,Rural,9,305,153,152,5,4,1,5,2,3,6,4,2,48,28,20,10,6,4,15,8,7,18,9,9,198,92,106
400,District-Koriya,Rural,10,482,239,243,5,5,0,8,4,4,12,5,7,75,33,42,19,10,9,16,7,9,20,12,8,327,163,164
400,District-Koriya,Rural,11,345,161,184,22,11,11,33,19,14,17,7,10,69,35,34,18,10,8,30,7,23,20,8,12,136,64,72
400,District-Koriya,Rural,12,583,264,319,48,32,16,74,40,34,42,19,23,141,68,73,37,13,24,63,24,39,35,10,25,143,58,85
400,District-Koriya,Rural,13,688,331,357,78,55,23,116,59,57,47,20,27,179,81,98,40,18,22,66,26,40,31,14,17,131,58,73
400,District-Koriya,Rural,14,1108,519,589,145,94,51,253,130,123,121,65,56,273,101,172,67,40,27,78,25,53,43,17,26,128,47,81
400,District-Koriya,Rural,15,2067,1009,1058,310,213,97,559,284,275,248,122,126,433,183,250,129,67,62,167,65,102,70,25,45,151,50,101
400,District-Koriya,Rural,16,2826,1432,1394,557,387,170,859,483,376,317,143,174,523,221,302,153,76,77,193,68,125,60,20,40,164,34,130
400,District-Koriya,Rural,17,3379,1652,1727,694,461,233,1200,619,581,389,171,218,547,197,350,149,81,68,212,65,147,66,21,45,122,37,85
400,District-Koriya,Rural,18,6073,2919,3154,1384,949,435,2180,1096,1084,648,273,375,893,291,602,300,141,159,395,104,291,100,26,74,173,39,134
400,District-Koriya,Rural,19,5302,2296,3006,1313,832,481,1896,815,1081,505,216,289,753,188,565,238,104,134,356,105,251,86,17,69,155,19,136
400,District-Koriya,Urban,5-19,11612,6073,5539,901,808,93,431,308,123,95,71,24,4927,2241,2686,131,94,37,77,50,27,18,9,9,5032,2492,2540
400,District-Koriya,Urban,5,2103,1059,1044,0,0,0,0,0,0,0,0,0,14,5,9,3,2,1,2,0,2,0,0,0,2084,1052,1032
400,District-Koriya,Urban,6,1459,794,665,0,0,0,0,0,0,0,0,0,32,21,11,4,2,2,1,1,0,0,0,0,1422,770,652
400,District-Koriya,Urban,7,410,220,190,0,0,0,0,0,0,0,0,0,20,13,7,1,1,0,1,1,0,0,0,0,388,205,183
400,District-Koriya,Urban,8,160,88,72,0,0,0,0,0,0,0,0,0,31,17,14,0,0,0,0,0,0,0,0,0,129,71,58
400,District-Koriya,Urban,9,92,57,35,2,1,1,0,0,0,0,0,0,19,13,6,0,0,0,0,0,0,0,0,0,71,43,28
400,District-Koriya,Urban,10,169,82,87,0,0,0,0,0,0,0,0,0,46,23,23,2,0,2,0,0,0,0,0,0,121,59,62
400,District-Koriya,Urban,11,116,53,63,7,7,0,1,0,1,0,0,0,58,26,32,1,0,1,0,0,0,0,0,0,49,20,29
400,District-Koriya,Urban,12,214,108,106,8,7,1,6,5,1,0,0,0,111,56,55,5,3,2,0,0,0,1,0,1,83,37,46
400,District-Koriya,Urban,13,223,121,102,18,14,4,5,3,2,1,0,1,134,72,62,4,3,1,3,3,0,0,0,0,58,26,32
400,District-Koriya,Urban,14,373,205,168,28,23,5,10,9,1,1,1,0,242,131,111,9,7,2,1,0,1,0,0,0,82,34,48
400,District-Koriya,Urban,15,593,314,279,47,40,7,26,21,5,7,6,1,395,195,200,12,6,6,12,8,4,2,0,2,92,38,54
400,District-Koriya,Urban,16,857,496,361,98,89,9,56,34,22,18,14,4,567,298,269,18,15,3,8,7,1,3,3,0,89,36,53
400,District-Koriya,Urban,17,1019,550,469,123,108,15,72,48,24,23,17,6,688,326,362,14,13,1,10,7,3,3,2,1,86,29,57
400,District-Koriya,Urban,18,2002,1041,961,280,254,26,126,100,26,27,21,6,1341,575,766,39,25,14,23,18,5,4,2,2,162,46,116
400,District-Koriya,Urban,19,1822,885,937,290,265,25,129,88,41,18,12,6,1229,470,759,19,17,2,16,5,11,5,2,3,116,26,90
401,District-Surguja,Total,5-19,225918,110698,115220,19155,14122,5033,26408,12920,13488,7759,3418,4341,24884,10706,14178,9856,5536,4320,16186,5373,10813,5324,1727,3597,116346,56896,59450
401,District-Surguja,Total,5,45284,23452,21832,4,4,0,1,1,0,1,0,1,197,103,94,138,69,69,156,86,70,64,29,35,44723,23160,21563
401,District-Surguja,Total,6,30433,15625,14808,6,4,2,6,1,5,2,2,0,311,157,154,113,56,57,116,58,58,90,40,50,29789,15307,14482
401,District-Surguja,Total,7,11209,5552,5657,11,7,4,10,4,6,3,2,1,341,177,164,84,38,46,87,38,49,89,37,52,10584,5249,5335
401,District-Surguja,Total,8,6644,3263,3381,10,4,6,21,11,10,7,5,2,379,192,187,81,51,30,117,49,68,83,45,38,5946,2906,3040
401,District-Surguja,Total,9,4113,1958,2155,18,8,10,29,17,12,24,13,11,414,197,217,74,38,36,123,52,71,108,47,61,3323,1586,1737
401,District-Surguja,Total,10,5825,2849,2976,35,27,8,73,37,36,52,28,24,699,351,348,131,89,42,277,112,165,211,92,119,4347,2113,2234
401,District-Surguja,Total,11,3853,1858,1995,138,97,41,201,95,106,103,45,58,742,380,362,159,92,67,278,91,187,177,82,95,2055,976,1079
401,District-Surguja,Total,12,6455,3009,3446,320,224,96,470,228,242,217,106,111,1236,617,619,374,219,155,693,266,427,371,131,240,2774,1218,1556
401,District-Surguja,Total,13,5852,2655,3197,362,261,101,615,284,331,284,137,147,1325,693,632,347,184,163,675,206,469,357,134,223,1887,756,1131
401,District-Surguja,Total,14,8066,3809,4257,718,531,187,1180,609,571,439,209,230,1786,854,932,568,320,248,1044,364,680,435,145,290,1896,777,1119
401,District-Surguja,Total,15,13143,6626,6517,1491,1118,373,2300,1291,1009,826,405,421,2562,1284,1278,1132,687,445,1817,718,1099,661,212,449,2354,911,1443
401,District-Surguja,Total,16,15316,7582,7734,2244,1689,555,3205,1684,1521,1051,507,544,3008,1353,1655,1227,740,487,2032,713,1319,644,228,416,1905,668,1237
401,District-Surguja,Total,17,15653,7712,7941,2700,2097,603,4016,2017,1999,1146,509,637,2964,1249,1715,1169,650,519,1903,643,1260,484,145,339,1271,402,869
401,District-Surguja,Total,18,30330,14564,15766,5975,4452,1523,7855,3831,4024,2074,898,1176,4997,1892,3105,2465,1401,1064,3914,1286,2628,920,234,686,2130,570,1560
401,District-Surguja,Total,19,23742,10184,13558,5123,3599,1524,6426,2810,3616,1530,552,978,3923,1207,2716,1794,902,892,2954,691,2263,630,126,504,1362,297,1065
401,District-Surguja,Rural,5-19,212373,103487,108886,17817,12998,4819,25990,12640,13350,7649,3341,4308,21262,9160,12102,9569,5349,4220,16054,5304,10750,5297,1716,3581,108735,52979,55756
401,District-Surguja,Rural,5,42059,21706,20353,3,3,0,1,1,0,1,0,1,174,96,78,134,68,66,151,83,68,62,28,34,41533,21427,20106
401,District-Surguja,Rural,6,28142,14432,13710,6,4,2,6,1,5,2,2,0,277,145,132,101,48,53,114,56,58,89,40,49,27547,14136,13411
401,District-Surguja,Rural,7,10564,5224,5340,11,7,4,10,4,6,3,2,1,316,168,148,81,37,44,85,37,48,89,37,52,9969,4932,5037
401,District-Surguja,Rural,8,6375,3121,3254,10,4,6,21,11,10,7,5,2,346,175,171,78,49,29,116,49,67,83,45,38,5714,2783,2931
401,District-Surguja,Rural,9,3950,1877,2073,16,6,10,29,17,12,24,13,11,388,182,206,72,36,36,123,52,71,106,45,61,3192,1526,1666
401,District-Surguja,Rural,10,5587,2726,2861,32,24,8,73,37,36,52,28,24,653,330,323,128,88,40,276,111,165,209,91,118,4164,2017,2147
401,District-Surguja,Rural,11,3683,1764,1919,128,90,38,197,91,106,99,43,56,679,341,338,155,91,64,275,89,186,177,82,95,1973,937,1036
401,District-Surguja,Rural,12,6175,2875,3300,284,195,89,465,224,241,216,106,110,1132,568,564,366,217,149,690,265,425,371,131,240,2651,1169,1482
401,District-Surguja,Rural,13,5618,2531,3087,345,248,97,605,275,330,280,134,146,1216,637,579,340,181,159,670,204,466,356,133,223,1806,719,1087
401,District-Surguja,Rural,14,7700,3611,4089,661,488,173,1168,598,570,437,207,230,1608,765,843,557,310,247,1033,359,674,434,145,289,1802,739,1063
401,District-Surguja,Rural,15,12527,6278,6249,1385,1034,351,2276,1274,1002,816,396,420,2284,1139,1145,1096,667,429,1803,709,1094,658,211,447,2209,848,1361
401,District-Surguja,Rural,16,14541,7146,7395,2099,1565,534,3163,1659,1504,1039,498,541,2595,1157,1438,1200,722,478,2023,706,1317,642,228,414,1780,611,1169
401,District-Surguja,Rural,17,14777,7213,7564,2532,1956,576,3956,1978,1978,1125,492,633,2495,1024,1471,1142,632,510,1883,635,1248,479,142,337,1165,354,811
401,District-Surguja,Rural,18,28526,13582,14944,5568,4100,1468,7731,3737,3994,2035,872,1163,4048,1525,2523,2371,1332,1039,3879,1267,2612,914,233,681,1980,516,1464
401,District-Surguja,Rural,19,22149,9401,12748,4737,3274,1463,6289,2733,3556,1513,543,970,3051,908,2143,1748,871,877,2933,682,2251,628,125,503,1250,265,985
401,District-Surguja,Urban,5-19,13545,7211,6334,1338,1124,214,418,280,138,110,77,33,3622,1546,2076,287,187,100,132,69,63,27,11,16,7611,3917,3694
401,District-Surguja,Urban,5,3225,1746,1479,1,1,0,0,0,0,0,0,0,23,7,16,4,1,3,5,3,2,2,1,1,3190,1733,1457
401,District-Surguja,Urban,6,2291,1193,1098,0,0,0,0,0,0,0,0,0,34,12,22,12,8,4,2,2,0,1,0,1,2242,1171,1071
401,District-Surguja,Urban,7,645,328,317,0,0,0,0,0,0,0,0,0,25,9,16,3,1,2,2,1,1,0,0,0,615,317,298
401,District-Surguja,Urban,8,269,142,127,0,0,0,0,0,0,0,0,0,33,17,16,3,2,1,1,0,1,0,0,0,232,123,109
401,District-Surguja,Urban,9,163,81,82,2,2,0,0,0,0,0,0,0,26,15,11,2,2,0,0,0,0,2,2,0,131,60,71
401,District-Surguja,Urban,10,238,123,115,3,3,0,0,0,0,0,0,0,46,21,25,3,1,2,1,1,0,2,1,1,183,96,87
401,District-Surguja,Urban,11,170,94,76,10,7,3,4,4,0,4,2,2,63,39,24,4,1,3,3,2,1,0,0,0,82,39,43
401,District-Surguja,Urban,12,280,134,146,36,29,7,5,4,1,1,0,1,104,49,55,8,2,6,3,1,2,0,0,0,123,49,74
401,District-Surguja,Urban,13,234,124,110,17,13,4,10,9,1,4,3,1,109,56,53,7,3,4,5,2,3,1,1,0,81,37,44
401,District-Surguja,Urban,14,366,198,168,57,43,14,12,11,1,2,2,0,178,89,89,11,10,1,11,5,6,1,0,1,94,38,56
401,District-Surguja,Urban,15,616,348,268,106,84,22,24,17,7,10,9,1,278,145,133,36,20,16,14,9,5,3,1,2,145,63,82
401,District-Surguja,Urban,16,775,436,339,145,124,21,42,25,17,12,9,3,413,196,217,27,18,9,9,7,2,2,0,2,125,57,68
401,District-Surguja,Urban,17,876,499,377,168,141,27,60,39,21,21,17,4,469,225,244,27,18,9,20,8,12,5,3,2,106,48,58
401,District-Surguja,Urban,18,1804,982,822,407,352,55,124,94,30,39,26,13,949,367,582,94,69,25,35,19,16,6,1,5,150,54,96
401,District-Surguja,Urban,19,1593,783,810,386,325,61,137,77,60,17,9,8,872,299,573,46,31,15,21,9,12,2,1,1,112,32,80
402,District-Jashpur ,Total,5-19,62098,31419,30679,12305,8382,3923,10497,4692,5805,3797,1679,2118,6838,3000,3838,2787,1365,1422,2421,807,1614,1296,501,795,22157,10993,11164
402,District-Jashpur ,Total,5,9404,4832,4572,3,2,1,3,2,1,2,1,1,28,13,15,33,18,15,21,11,10,50,26,24,9264,4759,4505
402,District-Jashpur ,Total,6,6548,3288,3260,2,1,1,1,0,1,4,3,1,63,26,37,12,7,5,37,22,15,73,38,35,6356,3191,3165
402,District-Jashpur ,Total,7,2263,1133,1130,5,3,2,3,3,0,8,3,5,129,72,57,10,6,4,19,8,11,46,19,27,2043,1019,1024
402,District-Jashpur ,Total,8,1243,617,626,6,5,1,1,0,1,9,3,6,149,72,77,16,13,3,11,6,5,48,22,26,1003,496,507
402,District-Jashpur ,Total,9,836,416,420,18,12,6,9,7,2,16,9,7,151,73,78,18,8,10,12,5,7,46,23,23,566,279,287
402,District-Jashpur ,Total,10,1178,609,569,36,25,11,26,14,12,40,19,21,228,130,98,45,25,20,42,15,27,73,39,34,688,342,346
402,District-Jashpur ,Total,11,916,429,487,75,44,31,55,25,30,54,28,26,254,126,128,45,21,24,48,14,34,64,25,39,321,146,175
402,District-Jashpur ,Total,12,1559,790,769,206,135,71,167,73,94,120,63,57,371,207,164,112,56,56,118,45,73,117,51,66,348,160,188
402,District-Jashpur ,Total,13,1569,746,823,253,147,106,243,100,143,162,75,87,385,209,176,99,41,58,104,35,69,83,33,50,240,106,134
402,District-Jashpur ,Total,14,2435,1233,1202,481,324,157,505,240,265,265,119,146,493,268,225,148,72,76,188,59,129,104,40,64,251,111,140
402,District-Jashpur ,Total,15,4003,2113,1890,1030,721,309,946,431,515,428,219,209,637,328,309,309,153,156,276,101,175,117,50,67,260,110,150
402,District-Jashpur ,Total,16,5097,2706,2391,1501,1041,460,1288,616,672,538,248,290,750,362,388,353,179,174,315,111,204,116,45,71,236,104,132
402,District-Jashpur ,Total,17,5703,2968,2735,1833,1267,566,1629,769,860,554,234,320,785,326,459,359,187,172,302,103,199,88,28,60,153,54,99
402,District-Jashpur ,Total,18,10463,5442,5021,3692,2572,1120,2969,1374,1595,877,372,505,1308,461,847,693,366,327,525,179,346,160,43,117,239,75,164
402,District-Jashpur ,Total,19,8881,4097,4784,3164,2083,1081,2652,1038,1614,720,283,437,1107,327,780,535,213,322,403,93,310,111,19,92,189,41,148
402,District-Jashpur ,Rural,5-19,57606,28951,28655,11657,7859,3798,10165,4468,5697,3690,1620,2070,5684,2509,3175,2702,1302,1400,2370,782,1588,1271,490,781,20067,9921,10146
402,District-Jashpur ,Rural,5,8475,4345,4130,2,1,1,3,2,1,2,1,1,23,11,12,32,18,14,21,11,10,49,26,23,8343,4275,4068
402,District-Jashpur ,Rural,6,5886,2936,2950,2,1,1,1,0,1,4,3,1,58,25,33,12,7,5,37,22,15,73,38,35,5699,2840,2859
402,District-Jashpur ,Rural,7,2092,1051,1041,5,3,2,3,3,0,8,3,5,125,69,56,10,6,4,19,8,11,46,19,27,1876,940,936
402,District-Jashpur ,Rural,8,1170,579,591,6,5,1,1,0,1,9,3,6,140,67,73,16,13,3,11,6,5,48,22,26,939,463,476
402,District-Jashpur ,Rural,9,799,393,406,18,12,6,9,7,2,15,8,7,144,68,76,18,8,10,12,5,7,46,23,23,537,262,275
402,District-Jashpur ,Rural,10,1115,574,541,35,24,11,25,13,12,39,19,20,213,117,96,44,24,20,42,15,27,72,38,34,645,324,321
402,District-Jashpur ,Rural,11,878,406,472,68,38,30,54,24,30,53,27,26,239,117,122,45,21,24,48,14,34,64,25,39,307,140,167
402,District-Jashpur ,Rural,12,1465,728,737,192,125,67,162,69,93,115,58,57,333,180,153,110,56,54,117,45,72,116,51,65,320,144,176
402,District-Jashpur ,Rural,13,1478,694,784,235,138,97,234,95,139,160,75,85,346,188,158,96,38,58,103,35,68,81,32,49,223,93,130
402,District-Jashpur ,Rural,14,2291,1153,1138,454,304,150,490,228,262,262,116,146,434,242,192,144,69,75,184,58,126,102,39,63,221,97,124
402,District-Jashpur ,Rural,15,3787,1973,1814,983,681,302,924,416,508,417,213,204,550,274,276,295,145,150,273,100,173,113,48,65,232,96,136
402,District-Jashpur ,Rural,16,4778,2513,2265,1411,971,440,1244,587,657,526,241,285,615,295,320,342,170,172,308,108,200,114,44,70,218,97,121
402,District-Jashpur ,Rural,17,5374,2776,2598,1760,1205,555,1585,736,849,540,224,316,635,263,372,347,176,171,291,99,192,84,26,58,132,47,85
402,District-Jashpur ,Rural,18,9767,5053,4714,3485,2402,1083,2871,1309,1562,849,359,490,1012,357,655,674,349,325,514,171,343,156,42,114,206,64,142
402,District-Jashpur ,Rural,19,8251,3777,4474,3001,1949,1052,2559,979,1580,691,270,421,817,236,581,517,202,315,390,85,305,107,17,90,169,39,130
402,District-Jashpur ,Urban,5-19,4492,2468,2024,648,523,125,332,224,108,107,59,48,1154,491,663,85,63,22,51,25,26,25,11,14,2090,1072,1018
402,District-Jashpur ,Urban,5,929,487,442,1,1,0,0,0,0,0,0,0,5,2,3,1,0,1,0,0,0,1,0,1,921,484,437
402,District-Jashpur ,Urban,6,662,352,310,0,0,0,0,0,0,0,0,0,5,1,4,0,0,0,0,0,0,0,0,0,657,351,306
402,District-Jashpur ,Urban,7,171,82,89,0,0,0,0,0,0,0,0,0,4,3,1,0,0,0,0,0,0,0,0,0,167,79,88
402,District-Jashpur ,Urban,8,73,38,35,0,0,0,0,0,0,0,0,0,9,5,4,0,0,0,0,0,0,0,0,0,64,33,31
402,District-Jashpur ,Urban,9,37,23,14,0,0,0,0,0,0,1,1,0,7,5,2,0,0,0,0,0,0,0,0,0,29,17,12
402,District-Jashpur ,Urban,10,63,35,28,1,1,0,1,1,0,1,0,1,15,13,2,1,1,0,0,0,0,1,1,0,43,18,25
402,District-Jashpur ,Urban,11,38,23,15,7,6,1,1,1,0,1,1,0,15,9,6,0,0,0,0,0,0,0,0,0,14,6,8
402,District-Jashpur ,Urban,12,94,62,32,14,10,4,5,4,1,5,5,0,38,27,11,2,0,2,1,0,1,1,0,1,28,16,12
402,District-Jashpur ,Urban,13,91,52,39,18,9,9,9,5,4,2,0,2,39,21,18,3,3,0,1,0,1,2,1,1,17,13,4
402,District-Jashpur ,Urban,14,144,80,64,27,20,7,15,12,3,3,3,0,59,26,33,4,3,1,4,1,3,2,1,1,30,14,16
402,District-Jashpur ,Urban,15,216,140,76,47,40,7,22,15,7,11,6,5,87,54,33,14,8,6,3,1,2,4,2,2,28,14,14
402,District-Jashpur ,Urban,16,319,193,126,90,70,20,44,29,15,12,7,5,135,67,68,11,9,2,7,3,4,2,1,1,18,7,11
402,District-Jashpur ,Urban,17,329,192,137,73,62,11,44,33,11,14,10,4,150,63,87,12,11,1,11,4,7,4,2,2,21,7,14
402,District-Jashpur ,Urban,18,696,389,307,207,170,37,98,65,33,28,13,15,296,104,192,19,17,2,11,8,3,4,1,3,33,11,22
402,District-Jashpur ,Urban,19,630,320,310,163,134,29,93,59,34,29,13,16,290,91,199,18,11,7,13,8,5,4,2,2,20,2,18
403,District-Raigarh,Total,5-19,121532,60337,61195,19969,14201,5768,13191,6308,6883,3933,1625,2308,26925,9983,16942,2806,1457,1349,2493,765,1728,713,242,471,51502,25756,25746
403,District-Raigarh,Total,5,23668,12400,11268,2,0,2,0,0,0,1,0,1,68,28,40,29,17,12,28,12,16,25,14,11,23515,12329,11186
403,District-Raigarh,Total,6,15522,7993,7529,1,0,1,0,0,0,0,0,0,130,73,57,19,15,4,21,13,8,16,7,9,15335,7885,7450
403,District-Raigarh,Total,7,4305,2158,2147,6,3,3,3,3,0,0,0,0,250,118,132,16,9,7,28,11,17,10,6,4,3992,2008,1984
403,District-Raigarh,Total,8,1912,910,1002,7,2,5,6,3,3,3,2,1,340,172,168,5,5,0,15,8,7,12,4,8,1524,714,810
403,District-Raigarh,Total,9,1275,613,662,14,6,8,11,2,9,3,2,1,363,189,174,12,7,5,14,7,7,13,5,8,845,395,450
403,District-Raigarh,Total,10,1838,882,956,22,12,10,18,9,9,26,14,12,516,238,278,25,18,7,42,19,23,19,8,11,1170,564,606
403,District-Raigarh,Total,11,1365,663,702,90,59,31,61,27,34,28,15,13,548,267,281,39,23,16,40,13,27,23,9,14,536,250,286
403,District-Raigarh,Total,12,2278,1100,1178,212,152,60,133,62,71,88,35,53,915,459,456,111,61,50,97,35,62,49,16,33,673,280,393
403,District-Raigarh,Total,13,2435,1127,1308,283,182,101,244,111,133,107,45,62,1020,474,546,95,48,47,115,38,77,46,16,30,525,213,312
403,District-Raigarh,Total,14,4072,1922,2150,651,438,213,526,229,297,197,87,110,1704,766,938,165,86,79,176,67,109,67,21,46,586,228,358
403,District-Raigarh,Total,15,6931,3471,3460,1462,1042,420,1129,543,586,391,169,222,2520,1123,1397,334,183,151,299,101,198,95,35,60,701,275,426
403,District-Raigarh,Total,16,9695,4766,4929,2416,1705,711,1822,881,941,618,237,381,3489,1435,2054,389,208,181,311,96,215,99,32,67,551,172,379
403,District-Raigarh,Total,17,11106,5533,5573,3188,2263,925,2225,1076,1149,670,287,383,3868,1466,2402,362,187,175,296,83,213,61,18,43,436,153,283
403,District-Raigarh,Total,18,18813,9318,9495,6103,4432,1671,3794,1875,1919,983,414,569,5878,1835,4043,696,363,333,594,176,418,103,31,72,662,192,470
403,District-Raigarh,Total,19,16317,7481,8836,5512,3905,1607,3219,1487,1732,818,318,500,5316,1340,3976,509,227,282,417,86,331,75,20,55,451,98,353
403,District-Raigarh,Rural,5-19,104594,51212,53382,17491,12158,5333,12662,5939,6723,3796,1534,2262,21641,7825,13816,2499,1251,1248,2339,698,1641,682,223,459,43484,21584,21900
403,District-Raigarh,Rural,5,20155,10499,9656,1,0,1,0,0,0,1,0,1,53,23,30,25,15,10,24,11,13,25,14,11,20026,10436,9590
403,District-Raigarh,Rural,6,13028,6678,6350,0,0,0,0,0,0,0,0,0,91,50,41,17,14,3,20,12,8,16,7,9,12884,6595,6289
403,District-Raigarh,Rural,7,3717,1847,1870,5,2,3,3,3,0,0,0,0,204,91,113,16,9,7,26,10,16,10,6,4,3453,1726,1727
403,District-Raigarh,Rural,8,1607,759,848,5,1,4,6,3,3,3,2,1,265,135,130,5,5,0,11,6,5,11,3,8,1301,604,697
403,District-Raigarh,Rural,9,1055,499,556,13,5,8,9,2,7,3,2,1,292,155,137,11,6,5,12,7,5,12,4,8,703,318,385
403,District-Raigarh,Rural,10,1570,738,832,21,11,10,18,9,9,25,13,12,435,192,243,24,17,7,37,15,22,19,8,11,991,473,518
403,District-Raigarh,Rural,11,1129,535,594,71,47,24,59,26,33,27,14,13,434,211,223,37,22,15,40,13,27,22,9,13,439,193,246
403,District-Raigarh,Rural,12,1911,899,1012,189,135,54,129,59,70,84,31,53,735,359,376,97,49,48,91,33,58,49,16,33,537,217,320
403,District-Raigarh,Rural,13,2078,951,1127,242,150,92,238,109,129,105,44,61,826,384,442,91,46,45,104,33,71,45,16,29,427,169,258
403,District-Raigarh,Rural,14,3515,1618,1897,564,367,197,509,220,289,191,84,107,1382,618,764,149,72,77,160,60,100,64,19,45,496,178,318
403,District-Raigarh,Rural,15,6026,2962,3064,1282,906,376,1081,513,568,379,160,219,2044,884,1160,310,170,140,278,91,187,91,32,59,561,206,355
403,District-Raigarh,Rural,16,8475,4080,4395,2128,1470,658,1741,823,918,603,228,375,2838,1139,1699,339,175,164,289,85,204,94,29,65,443,131,312
403,District-Raigarh,Rural,17,9786,4774,5012,2816,1958,858,2150,1025,1125,635,262,373,3174,1155,2019,325,159,166,283,79,204,55,14,41,348,122,226
403,District-Raigarh,Rural,18,16286,7926,8360,5307,3755,1552,3626,1751,1875,951,391,560,4617,1390,3227,600,302,298,566,166,400,97,28,69,522,143,379
403,District-Raigarh,Rural,19,14256,6447,7809,4847,3351,1496,3093,1396,1697,789,303,486,4251,1039,3212,453,190,263,398,77,321,72,18,54,353,73,280
403,District-Raigarh,Urban,5-19,16938,9125,7813,2478,2043,435,529,369,160,137,91,46,5284,2158,3126,307,206,101,154,67,87,31,19,12,8018,4172,3846
403,District-Raigarh,Urban,5,3513,1901,1612,1,0,1,0,0,0,0,0,0,15,5,10,4,2,2,4,1,3,0,0,0,3489,1893,1596
403,District-Raigarh,Urban,6,2494,1315,1179,1,0,1,0,0,0,0,0,0,39,23,16,2,1,1,1,1,0,0,0,0,2451,1290,1161
403,District-Raigarh,Urban,7,588,311,277,1,1,0,0,0,0,0,0,0,46,27,19,0,0,0,2,1,1,0,0,0,539,282,257
403,District-Raigarh,Urban,8,305,151,154,2,1,1,0,0,0,0,0,0,75,37,38,0,0,0,4,2,2,1,1,0,223,110,113
403,District-Raigarh,Urban,9,220,114,106,1,1,0,2,0,2,0,0,0,71,34,37,1,1,0,2,0,2,1,1,0,142,77,65
403,District-Raigarh,Urban,10,268,144,124,1,1,0,0,0,0,1,1,0,81,46,35,1,1,0,5,4,1,0,0,0,179,91,88
403,District-Raigarh,Urban,11,236,128,108,19,12,7,2,1,1,1,1,0,114,56,58,2,1,1,0,0,0,1,0,1,97,57,40
403,District-Raigarh,Urban,12,367,201,166,23,17,6,4,3,1,4,4,0,180,100,80,14,12,2,6,2,4,0,0,0,136,63,73
403,District-Raigarh,Urban,13,357,176,181,41,32,9,6,2,4,2,1,1,194,90,104,4,2,2,11,5,6,1,0,1,98,44,54
403,District-Raigarh,Urban,14,557,304,253,87,71,16,17,9,8,6,3,3,322,148,174,16,14,2,16,7,9,3,2,1,90,50,40
403,District-Raigarh,Urban,15,905,509,396,180,136,44,48,30,18,12,9,3,476,239,237,24,13,11,21,10,11,4,3,1,140,69,71
403,District-Raigarh,Urban,16,1220,686,534,288,235,53,81,58,23,15,9,6,651,296,355,50,33,17,22,11,11,5,3,2,108,41,67
403,District-Raigarh,Urban,17,1320,759,561,372,305,67,75,51,24,35,25,10,694,311,383,37,28,9,13,4,9,6,4,2,88,31,57
403,District-Raigarh,Urban,18,2527,1392,1135,796,677,119,168,124,44,32,23,9,1261,445,816,96,61,35,28,10,18,6,3,3,140,49,91
403,District-Raigarh,Urban,19,2061,1034,1027,665,554,111,126,91,35,29,15,14,1065,301,764,56,37,19,19,9,10,3,2,1,98,25,73
404,District-Korba ,Total,5-19,109132,55141,53991,13383,9855,3528,11571,6231,5340,3089,1617,1472,22875,9199,13676,3166,1675,1491,3154,1118,2036,881,318,563,51013,25128,25885
404,District-Korba ,Total,5,21987,11434,10553,3,2,1,3,0,3,0,0,0,119,61,58,58,33,25,24,11,13,7,4,3,21773,11323,10450
404,District-Korba ,Total,6,14600,7398,7202,5,4,1,3,1,2,0,0,0,194,96,98,36,15,21,19,10,9,18,10,8,14325,7262,7063
404,District-Korba ,Total,7,4395,2156,2239,7,5,2,2,0,2,0,0,0,157,85,72,19,11,8,16,10,6,23,11,12,4171,2034,2137
404,District-Korba ,Total,8,2081,1023,1058,10,4,6,2,2,0,1,0,1,216,98,118,16,9,7,22,10,12,19,12,7,1795,888,907
404,District-Korba ,Total,9,1471,739,732,9,8,1,6,4,2,5,3,2,241,123,118,17,9,8,23,13,10,17,11,6,1153,568,585
404,District-Korba ,Total,10,2052,1022,1030,29,23,6,27,10,17,7,4,3,384,199,185,42,24,18,45,28,17,28,11,17,1490,723,767
404,District-Korba ,Total,11,1470,715,755,78,53,25,70,40,30,32,14,18,450,226,224,46,22,24,37,16,21,28,13,15,729,331,398
404,District-Korba ,Total,12,2430,1203,1227,177,134,43,170,82,88,66,43,23,930,446,484,101,62,39,119,54,65,45,14,31,822,368,454
404,District-Korba ,Total,13,2531,1182,1349,233,156,77,271,140,131,87,37,50,1038,472,566,105,62,43,120,36,84,53,16,37,624,263,361
404,District-Korba ,Total,14,3931,1930,2001,503,354,149,529,264,265,231,126,105,1569,702,867,164,87,77,220,79,141,64,23,41,651,295,356
404,District-Korba ,Total,15,6401,3298,3103,1035,755,280,1027,561,466,324,158,166,2370,1124,1246,346,174,172,361,147,214,98,35,63,840,344,496
404,District-Korba ,Total,16,8369,4111,4258,1606,1116,490,1577,792,785,469,238,231,2995,1299,1696,439,232,207,439,150,289,107,30,77,737,254,483
404,District-Korba ,Total,17,8804,4508,4296,2050,1502,548,1834,1017,817,454,243,211,3064,1192,1872,376,217,159,403,134,269,96,42,54,527,161,366
404,District-Korba ,Total,18,15539,8073,7466,4039,3052,987,3333,1866,1467,763,432,331,4889,1775,3114,810,441,369,744,256,488,170,50,120,791,201,590
404,District-Korba ,Total,19,13071,6349,6722,3599,2687,912,2717,1452,1265,650,319,331,4259,1301,2958,591,277,314,562,164,398,108,36,72,585,113,472
404,District-Korba ,Rural,5-19,79821,39755,40066,9793,6841,2952,10684,5610,5074,2756,1391,1365,14116,5698,8418,2624,1341,1283,2998,1045,1953,840,296,544,36010,17533,18477
404,District-Korba ,Rural,5,15463,7957,7506,1,0,1,3,0,3,0,0,0,53,26,27,44,24,20,19,10,9,7,4,3,15336,7893,7443
404,District-Korba ,Rural,6,9934,4973,4961,4,4,0,2,1,1,0,0,0,105,51,54,27,12,15,16,9,7,18,10,8,9762,4886,4876
404,District-Korba ,Rural,7,3083,1497,1586,5,4,1,2,0,2,0,0,0,106,59,47,14,7,7,13,8,5,23,11,12,2920,1408,1512
404,District-Korba ,Rural,8,1614,792,822,6,1,5,2,2,0,1,0,1,159,70,89,15,9,6,21,9,12,19,12,7,1391,689,702
404,District-Korba ,Rural,9,1114,541,573,6,5,1,6,4,2,5,3,2,183,88,95,12,5,7,23,13,10,17,11,6,862,412,450
404,District-Korba ,Rural,10,1518,743,775,21,16,5,25,9,16,7,4,3,267,131,136,41,23,18,44,28,16,28,11,17,1085,521,564
404,District-Korba ,Rural,11,1101,519,582,51,31,20,66,36,30,25,9,16,297,148,149,34,16,18,36,16,20,27,13,14,565,250,315
404,District-Korba ,Rural,12,1915,941,974,120,88,32,160,74,86,59,38,21,668,323,345,87,53,34,117,52,65,44,14,30,660,299,361
404,District-Korba ,Rural,13,1950,876,1074,162,99,63,254,129,125,77,31,46,749,333,416,86,48,38,116,36,80,52,16,36,454,184,270
404,District-Korba ,Rural,14,3092,1493,1599,368,253,115,486,244,242,212,113,99,1117,496,621,137,74,63,209,74,135,61,21,40,502,218,284
404,District-Korba ,Rural,15,5039,2558,2481,791,558,233,949,512,437,302,144,158,1661,774,887,281,140,141,341,136,205,95,34,61,619,260,359
404,District-Korba ,Rural,16,6484,3088,3396,1192,785,407,1472,726,746,423,210,213,1961,821,1140,376,191,185,416,138,278,105,30,75,539,187,352
404,District-Korba ,Rural,17,6647,3333,3314,1559,1101,458,1704,920,784,395,199,196,1833,671,1162,302,169,133,383,125,258,87,37,50,384,111,273
404,District-Korba ,Rural,18,11527,5952,5575,2952,2122,830,3054,1659,1395,689,379,310,2742,1012,1730,682,365,317,706,237,469,153,38,115,549,140,409
404,District-Korba ,Rural,19,9340,4492,4848,2555,1774,781,2499,1294,1205,561,261,300,2215,695,1520,486,205,281,538,154,384,104,34,70,382,75,307
404,District-Korba ,Urban,5-19,29311,15386,13925,3590,3014,576,887,621,266,333,226,107,8759,3501,5258,542,334,208,156,73,83,41,22,19,15003,7595,7408
404,District-Korba ,Urban,5,6524,3477,3047,2,2,0,0,0,0,0,0,0,66,35,31,14,9,5,5,1,4,0,0,0,6437,3430,3007
404,District-Korba ,Urban,6,4666,2425,2241,1,0,1,1,0,1,0,0,0,89,45,44,9,3,6,3,1,2,0,0,0,4563,2376,2187
404,District-Korba ,Urban,7,1312,659,653,2,1,1,0,0,0,0,0,0,51,26,25,5,4,1,3,2,1,0,0,0,1251,626,625
404,District-Korba ,Urban,8,467,231,236,4,3,1,0,0,0,0,0,0,57,28,29,1,0,1,1,1,0,0,0,0,404,199,205
404,District-Korba ,Urban,9,357,198,159,3,3,0,0,0,0,0,0,0,58,35,23,5,4,1,0,0,0,0,0,0,291,156,135
404,District-Korba ,Urban,10,534,279,255,8,7,1,2,1,1,0,0,0,117,68,49,1,1,0,1,0,1,0,0,0,405,202,203
404,District-Korba ,Urban,11,369,196,173,27,22,5,4,4,0,7,5,2,153,78,75,12,6,6,1,0,1,1,0,1,164,81,83
404,District-Korba ,Urban,12,515,262,253,57,46,11,10,8,2,7,5,2,262,123,139,14,9,5,2,2,0,1,0,1,162,69,93
404,District-Korba ,Urban,13,581,306,275,71,57,14,17,11,6,10,6,4,289,139,150,19,14,5,4,0,4,1,0,1,170,79,91
404,District-Korba ,Urban,14,839,437,402,135,101,34,43,20,23,19,13,6,452,206,246,27,13,14,11,5,6,3,2,1,149,77,72
404,District-Korba ,Urban,15,1362,740,622,244,197,47,78,49,29,22,14,8,709,350,359,65,34,31,20,11,9,3,1,2,221,84,137
404,District-Korba ,Urban,16,1885,1023,862,414,331,83,105,66,39,46,28,18,1034,478,556,63,41,22,23,12,11,2,0,2,198,67,131
404,District-Korba ,Urban,17,2157,1175,982,491,401,90,130,97,33,59,44,15,1231,521,710,74,48,26,20,9,11,9,5,4,143,50,93
404,District-Korba ,Urban,18,4012,2121,1891,1087,930,157,279,207,72,74,53,21,2147,763,1384,128,76,52,38,19,19,17,12,5,242,61,181
404,District-Korba ,Urban,19,3731,1857,1874,1044,913,131,218,158,60,89,58,31,2044,606,1438,105,72,33,24,10,14,4,2,2,203,38,165
405,District-Janjgir - Champa,Total,5-19,156128,75760,80368,20543,13703,6840,23409,11473,11936,10479,4293,6186,24418,8874,15544,3861,1761,2100,4500,1547,2953,2268,796,1472,66650,33313,33337
405,District-Janjgir - Champa,Total,5,30342,15700,14642,4,3,1,2,0,2,0,0,0,69,37,32,62,30,32,71,31,40,89,44,45,30045,15555,14490
405,District-Janjgir - Champa,Total,6,20107,10314,9793,6,4,2,3,2,1,0,0,0,151,76,75,52,26,26,75,41,34,103,54,49,19717,10111,9606
405,District-Janjgir - Champa,Total,7,6224,3148,3076,6,1,5,6,1,5,6,3,3,262,141,121,29,15,14,53,28,25,73,34,39,5789,2925,2864
405,District-Janjgir - Champa,Total,8,2905,1440,1465,10,7,3,12,10,2,8,3,5,341,190,151,27,16,11,44,20,24,54,25,29,2409,1169,1240
405,District-Janjgir - Champa,Total,9,1717,869,848,15,7,8,18,8,10,13,6,7,331,175,156,28,22,6,32,18,14,64,23,41,1216,610,606
405,District-Janjgir - Champa,Total,10,2449,1238,1211,48,25,23,58,26,32,50,24,26,523,259,264,56,32,24,77,29,48,96,55,41,1541,788,753
405,District-Janjgir - Champa,Total,11,1799,905,894,137,92,45,122,66,56,88,42,46,535,273,262,60,31,29,71,23,48,70,31,39,716,347,369
405,District-Janjgir - Champa,Total,12,2961,1459,1502,293,199,94,272,139,133,195,92,103,926,458,468,126,64,62,172,70,102,142,56,86,835,381,454
405,District-Janjgir - Champa,Total,13,3168,1568,1600,360,242,118,412,215,197,305,143,162,955,472,483,161,75,86,198,81,117,139,55,84,638,285,353
405,District-Janjgir - Champa,Total,14,4885,2207,2678,685,431,254,858,418,440,539,231,308,1466,626,840,251,122,129,296,97,199,190,64,126,600,218,382
405,District-Janjgir - Champa,Total,15,8019,3772,4247,1337,911,426,1648,813,835,956,440,516,2153,907,1246,397,188,209,489,165,324,250,81,169,789,267,522
405,District-Janjgir - Champa,Total,16,11736,5291,6445,2285,1475,810,2931,1370,1561,1484,577,907,3057,1170,1887,491,212,279,590,200,390,251,87,164,647,200,447
405,District-Janjgir - Champa,Total,17,13957,6437,7520,3245,2135,1110,3770,1820,1950,1791,703,1088,3373,1128,2245,497,222,275,562,221,341,219,50,169,500,158,342
405,District-Janjgir - Champa,Total,18,25084,11784,13300,6458,4371,2087,7205,3587,3618,2803,1120,1683,5619,1702,3917,948,426,522,1015,314,701,330,83,247,706,181,525
405,District-Janjgir - Champa,Total,19,20775,9628,11147,5654,3800,1854,6092,2998,3094,2241,909,1332,4657,1260,3397,676,280,396,755,209,546,198,54,144,502,118,384
405,District-Janjgir - Champa,Rural,5-19,138174,66522,71652,17661,11519,6142,21905,10633,11272,9960,4044,5916,20089,7290,12799,3349,1484,1865,4231,1444,2787,2162,753,1409,58817,29355,29462
405,District-Janjgir - Champa,Rural,5,26948,13887,13061,2,1,1,2,0,2,0,0,0,57,29,28,50,27,23,68,28,40,86,42,44,26683,13760,12923
405,District-Janjgir - Champa,Rural,6,17698,9070,8628,6,4,2,3,2,1,0,0,0,123,62,61,38,19,19,67,36,31,101,53,48,17360,8894,8466
405,District-Janjgir - Champa,Rural,7,5468,2773,2695,5,1,4,4,1,3,5,2,3,220,114,106,22,12,10,51,27,24,68,33,35,5093,2583,2510
405,District-Janjgir - Champa,Rural,8,2584,1285,1299,8,6,2,10,8,2,7,3,4,292,164,128,23,13,10,43,20,23,50,23,27,2151,1048,1103
405,District-Janjgir - Champa,Rural,9,1535,775,760,14,6,8,17,7,10,12,6,6,287,148,139,21,18,3,29,16,13,62,22,40,1093,552,541
405,District-Janjgir - Champa,Rural,10,2136,1075,1061,38,17,21,56,25,31,47,22,25,436,217,219,44,25,19,74,28,46,83,49,34,1358,692,666
405,District-Janjgir - Champa,Rural,11,1570,794,776,117,78,39,108,57,51,82,39,43,448,229,219,52,26,26,67,23,44,67,30,37,629,312,317
405,District-Janjgir - Champa,Rural,12,2542,1246,1296,240,163,77,256,131,125,188,90,98,762,382,380,103,48,55,163,66,97,131,51,80,699,315,384
405,District-Janjgir - Champa,Rural,13,2780,1371,1409,297,197,100,380,201,179,284,134,150,809,403,406,141,60,81,180,76,104,134,51,83,555,249,306
405,District-Janjgir - Champa,Rural,14,4296,1889,2407,571,351,220,807,385,422,514,217,297,1219,509,710,213,95,118,273,86,187,181,61,120,518,185,333
405,District-Janjgir - Champa,Rural,15,7062,3260,3802,1146,759,387,1519,743,776,902,410,492,1787,736,1051,344,166,178,453,149,304,241,78,163,670,219,451
405,District-Janjgir - Champa,Rural,16,10423,4592,5831,1946,1226,720,2749,1263,1486,1419,545,874,2525,936,1589,426,180,246,564,189,375,241,84,157,553,169,384
405,District-Janjgir - Champa,Rural,17,12398,5650,6748,2806,1809,997,3499,1680,1819,1719,668,1051,2759,911,1848,440,192,248,532,208,324,212,48,164,431,134,297
405,District-Janjgir - Champa,Rural,18,22341,10376,11965,5551,3685,1866,6789,3349,3440,2667,1056,1611,4631,1408,3223,830,357,473,956,295,661,314,77,237,603,149,454
405,District-Janjgir - Champa,Rural,19,18393,8479,9914,4914,3216,1698,5706,2781,2925,2114,852,1262,3734,1042,2692,602,246,356,711,197,514,191,51,140,421,94,327
405,District-Janjgir - Champa,Urban,5-19,17954,9238,8716,2882,2184,698,1504,840,664,519,249,270,4329,1584,2745,512,277,235,269,103,166,106,43,63,7833,3958,3875
405,District-Janjgir - Champa,Urban,5,3394,1813,1581,2,2,0,0,0,0,0,0,0,12,8,4,12,3,9,3,3,0,3,2,1,3362,1795,1567
405,District-Janjgir - Champa,Urban,6,2409,1244,1165,0,0,0,0,0,0,0,0,0,28,14,14,14,7,7,8,5,3,2,1,1,2357,1217,1140
405,District-Janjgir - Champa,Urban,7,756,375,381,1,0,1,2,0,2,1,1,0,42,27,15,7,3,4,2,1,1,5,1,4,696,342,354
405,District-Janjgir - Champa,Urban,8,321,155,166,2,1,1,2,2,0,1,0,1,49,26,23,4,3,1,1,0,1,4,2,2,258,121,137
405,District-Janjgir - Champa,Urban,9,182,94,88,1,1,0,1,1,0,1,0,1,44,27,17,7,4,3,3,2,1,2,1,1,123,58,65
405,District-Janjgir - Champa,Urban,10,313,163,150,10,8,2,2,1,1,3,2,1,87,42,45,12,7,5,3,1,2,13,6,7,183,96,87
405,District-Janjgir - Champa,Urban,11,229,111,118,20,14,6,14,9,5,6,3,3,87,44,43,8,5,3,4,0,4,3,1,2,87,35,52
405,District-Janjgir - Champa,Urban,12,419,213,206,53,36,17,16,8,8,7,2,5,164,76,88,23,16,7,9,4,5,11,5,6,136,66,70
405,District-Janjgir - Champa,Urban,13,388,197,191,63,45,18,32,14,18,21,9,12,146,69,77,20,15,5,18,5,13,5,4,1,83,36,47
405,District-Janjgir - Champa,Urban,14,589,318,271,114,80,34,51,33,18,25,14,11,247,117,130,38,27,11,23,11,12,9,3,6,82,33,49
405,District-Janjgir - Champa,Urban,15,957,512,445,191,152,39,129,70,59,54,30,24,366,171,195,53,22,31,36,16,20,9,3,6,119,48,71
405,District-Janjgir - Champa,Urban,16,1313,699,614,339,249,90,182,107,75,65,32,33,532,234,298,65,32,33,26,11,15,10,3,7,94,31,63
405,District-Janjgir - Champa,Urban,17,1559,787,772,439,326,113,271,140,131,72,35,37,614,217,397,57,30,27,30,13,17,7,2,5,69,24,45
405,District-Janjgir - Champa,Urban,18,2743,1408,1335,907,686,221,416,238,178,136,64,72,988,294,694,118,69,49,59,19,40,16,6,10,103,32,71
405,District-Janjgir - Champa,Urban,19,2382,1149,1233,740,584,156,386,217,169,127,57,70,923,218,705,74,34,40,44,12,32,7,3,4,81,24,57
406,District-Bilaspur,Total,5-19,261382,127449,133933,34589,23813,10776,21405,11173,10232,7559,3634,3925,46305,18574,27731,11250,4918,6332,8195,2575,5620,3205,949,2256,128874,61813,67061
406,District-Bilaspur,Total,5,49660,25572,24088,19,12,7,3,3,0,1,1,0,234,111,123,158,84,74,96,43,53,41,23,18,49108,25295,23813
406,District-Bilaspur,Total,6,34821,17604,17217,23,14,9,7,3,4,0,0,0,374,202,172,123,59,64,67,30,37,51,22,29,34176,17274,16902
406,District-Bilaspur,Total,7,13402,6510,6892,28,18,10,8,3,5,9,3,6,537,274,263,71,31,40,38,18,20,48,24,24,12663,6139,6524
406,District-Bilaspur,Total,8,7175,3439,3736,33,18,15,12,6,6,14,6,8,657,358,299,59,39,20,50,19,31,58,17,41,6292,2976,3316
406,District-Bilaspur,Total,9,4434,2066,2368,27,16,11,10,5,5,25,14,11,701,323,378,61,35,26,51,28,23,60,22,38,3499,1623,1876
406,District-Bilaspur,Total,10,6700,3207,3493,96,58,38,66,38,28,48,27,21,1237,636,601,119,70,49,110,50,60,146,61,85,4878,2267,2611
406,District-Bilaspur,Total,11,4654,2136,2518,246,178,68,148,70,78,108,55,53,1340,627,713,165,80,85,148,57,91,112,44,68,2387,1025,1362
406,District-Bilaspur,Total,12,7087,3260,3827,522,354,168,367,185,182,220,104,116,2269,1112,1157,366,166,200,343,128,215,232,85,147,2768,1126,1642
406,District-Bilaspur,Total,13,6980,3051,3929,672,453,219,455,234,221,283,137,146,2455,1095,1360,415,183,232,358,117,241,228,72,156,2114,760,1354
406,District-Bilaspur,Total,14,10241,4603,5638,1342,849,493,1014,532,482,556,277,279,3517,1587,1930,721,300,421,568,175,393,295,86,209,2228,797,1431
406,District-Bilaspur,Total,15,15366,7216,8150,2673,1763,910,1911,990,921,875,437,438,4919,2280,2639,1224,542,682,966,312,654,414,123,291,2384,769,1615
406,District-Bilaspur,Total,16,19615,9197,10418,4290,2849,1441,2998,1508,1490,1144,537,607,6093,2476,3617,1555,705,850,1129,365,764,378,89,289,2028,668,1360
406,District-Bilaspur,Total,17,19559,9441,10118,5115,3583,1532,3309,1745,1564,1148,558,590,5819,2190,3629,1441,603,838,1059,302,757,321,94,227,1347,366,981
406,District-Bilaspur,Total,18,34582,17381,17201,10660,7568,3092,6206,3358,2848,1754,833,921,8982,3175,5807,2770,1226,1544,1919,617,1302,467,123,344,1824,481,1343
406,District-Bilaspur,Total,19,27106,12766,14340,8843,6080,2763,4891,2493,2398,1374,645,729,7171,2128,5043,2002,795,1207,1293,314,979,354,64,290,1178,247,931
406,District-Bilaspur,Rural,5-19,212532,101878,110654,27580,18070,9510,20140,10296,9844,7164,3375,3789,33036,13239,19797,9784,4113,5671,7801,2382,5419,3045,876,2169,103982,49527,54455
406,District-Bilaspur,Rural,5,39949,20582,19367,15,8,7,3,3,0,1,1,0,149,76,73,116,64,52,84,40,44,40,22,18,39541,20368,19173
406,District-Bilaspur,Rural,6,27334,13725,13609,19,11,8,6,3,3,0,0,0,251,129,122,98,42,56,57,23,34,51,22,29,26852,13495,13357
406,District-Bilaspur,Rural,7,11007,5310,5697,21,13,8,7,3,4,9,3,6,376,180,196,57,24,33,35,17,18,44,23,21,10458,5047,5411
406,District-Bilaspur,Rural,8,6031,2845,3186,25,11,14,9,4,5,14,6,8,489,275,214,50,36,14,49,19,30,54,15,39,5341,2479,2862
406,District-Bilaspur,Rural,9,3669,1682,1987,19,11,8,7,4,3,22,11,11,523,237,286,46,22,24,48,27,21,57,21,36,2947,1349,1598
406,District-Bilaspur,Rural,10,5586,2631,2955,76,42,34,62,36,26,48,27,21,975,501,474,104,62,42,107,47,60,130,52,78,4084,1864,2220
406,District-Bilaspur,Rural,11,3794,1718,2076,193,137,56,139,66,73,103,50,53,1000,464,536,150,72,78,143,54,89,107,42,65,1959,833,1126
406,District-Bilaspur,Rural,12,5882,2612,3270,406,262,144,343,166,177,207,96,111,1730,810,920,328,151,177,333,125,208,214,76,138,2321,926,1395
406,District-Bilaspur,Rural,13,5758,2397,3361,517,325,192,427,214,213,273,131,142,1878,810,1068,367,156,211,344,110,234,223,70,153,1729,581,1148
406,District-Bilaspur,Rural,14,8554,3743,4811,1088,662,426,953,491,462,534,264,270,2669,1200,1469,648,262,386,546,164,382,284,82,202,1832,618,1214
406,District-Bilaspur,Rural,15,12831,5842,6989,2165,1374,791,1798,904,894,818,401,417,3716,1686,2030,1077,458,619,907,289,618,389,115,274,1961,615,1346
406,District-Bilaspur,Rural,16,16303,7352,8951,3409,2148,1261,2840,1391,1449,1077,489,588,4540,1789,2751,1343,592,751,1076,338,738,359,80,279,1659,525,1134
406,District-Bilaspur,Rural,17,15970,7484,8486,4070,2744,1326,3120,1606,1514,1098,524,574,4057,1464,2593,1252,509,743,1015,279,736,303,80,223,1055,278,777
406,District-Bilaspur,Rural,18,28186,13907,14279,8535,5770,2765,5834,3107,2727,1661,776,885,6078,2182,3896,2423,1029,1394,1810,552,1258,450,116,334,1395,375,1020
406,District-Bilaspur,Rural,19,21678,10048,11630,7022,4552,2470,4592,2298,2294,1299,596,703,4605,1436,3169,1725,634,1091,1247,298,949,340,60,280,848,174,674
406,District-Bilaspur,Urban,5-19,48850,25571,23279,7009,5743,1266,1265,877,388,395,259,136,13269,5335,7934,1466,805,661,394,193,201,160,73,87,24892,12286,12606
406,District-Bilaspur,Urban,5,9711,4990,4721,4,4,0,0,0,0,0,0,0,85,35,50,42,20,22,12,3,9,1,1,0,9567,4927,4640
406,District-Bilaspur,Urban,6,7487,3879,3608,4,3,1,1,0,1,0,0,0,123,73,50,25,17,8,10,7,3,0,0,0,7324,3779,3545
406,District-Bilaspur,Urban,7,2395,1200,1195,7,5,2,1,0,1,0,0,0,161,94,67,14,7,7,3,1,2,4,1,3,2205,1092,1113
406,District-Bilaspur,Urban,8,1144,594,550,8,7,1,3,2,1,0,0,0,168,83,85,9,3,6,1,0,1,4,2,2,951,497,454
406,District-Bilaspur,Urban,9,765,384,381,8,5,3,3,1,2,3,3,0,178,86,92,15,13,2,3,1,2,3,1,2,552,274,278
406,District-Bilaspur,Urban,10,1114,576,538,20,16,4,4,2,2,0,0,0,262,135,127,15,8,7,3,3,0,16,9,7,794,403,391
406,District-Bilaspur,Urban,11,860,418,442,53,41,12,9,4,5,5,5,0,340,163,177,15,8,7,5,3,2,5,2,3,428,192,236
406,District-Bilaspur,Urban,12,1205,648,557,116,92,24,24,19,5,13,8,5,539,302,237,38,15,23,10,3,7,18,9,9,447,200,247
406,District-Bilaspur,Urban,13,1222,654,568,155,128,27,28,20,8,10,6,4,577,285,292,48,27,21,14,7,7,5,2,3,385,179,206
406,District-Bilaspur,Urban,14,1687,860,827,254,187,67,61,41,20,22,13,9,848,387,461,73,38,35,22,11,11,11,4,7,396,179,217
406,District-Bilaspur,Urban,15,2535,1374,1161,508,389,119,113,86,27,57,36,21,1203,594,609,147,84,63,59,23,36,25,8,17,423,154,269
406,District-Bilaspur,Urban,16,3312,1845,1467,881,701,180,158,117,41,67,48,19,1553,687,866,212,113,99,53,27,26,19,9,10,369,143,226
406,District-Bilaspur,Urban,17,3589,1957,1632,1045,839,206,189,139,50,50,34,16,1762,726,1036,189,94,95,44,23,21,18,14,4,292,88,204
406,District-Bilaspur,Urban,18,6396,3474,2922,2125,1798,327,372,251,121,93,57,36,2904,993,1911,347,197,150,109,65,44,17,7,10,429,106,323
406,District-Bilaspur,Urban,19,5428,2718,2710,1821,1528,293,299,195,104,75,49,26,2566,692,1874,277,161,116,46,16,30,14,4,10,330,73,257
407,District-Kabeerdham,Total,5-19,68569,30500,38069,14789,8513,6276,6080,2826,3254,1401,569,832,9966,3672,6294,6297,2109,4188,2981,690,2291,673,172,501,26382,11949,14433
407,District-Kabeerdham,Total,5,8804,4521,4283,1,1,0,0,0,0,0,0,0,59,29,30,25,13,12,10,6,4,4,2,2,8705,4470,4235
407,District-Kabeerdham,Total,6,6097,3015,3082,1,1,0,0,0,0,0,0,0,92,41,51,18,7,11,3,2,1,0,0,0,5983,2964,3019
407,District-Kabeerdham,Total,7,2532,1183,1349,2,0,2,0,0,0,0,0,0,101,45,56,15,8,7,8,2,6,5,1,4,2401,1127,1274
407,District-Kabeerdham,Total,8,1664,721,943,4,3,1,3,3,0,2,1,1,141,70,71,20,11,9,10,3,7,5,2,3,1479,628,851
407,District-Kabeerdham,Total,9,1058,442,616,6,3,3,3,1,2,1,1,0,135,72,63,21,7,14,13,4,9,8,1,7,871,353,518
407,District-Kabeerdham,Total,10,1805,817,988,19,8,11,9,6,3,6,0,6,243,109,134,54,24,30,38,14,24,34,14,20,1402,642,760
407,District-Kabeerdham,Total,11,1190,501,689,79,43,36,21,6,15,18,3,15,244,111,133,61,21,40,45,12,33,30,8,22,692,297,395
407,District-Kabeerdham,Total,12,2138,859,1279,188,108,80,95,42,53,30,8,22,561,241,320,173,76,97,140,35,105,51,14,37,900,335,565
407,District-Kabeerdham,Total,13,2185,809,1376,258,139,119,134,56,78,67,27,40,627,227,400,211,71,140,145,37,108,41,11,30,702,241,461
407,District-Kabeerdham,Total,14,3267,1289,1978,576,319,257,291,123,168,101,39,62,912,359,553,417,147,270,209,56,153,71,21,50,690,225,465
407,District-Kabeerdham,Total,15,4898,2003,2895,1151,622,529,586,265,321,148,66,82,1183,479,704,662,234,428,351,91,260,100,21,79,717,225,492
407,District-Kabeerdham,Total,16,6305,2781,3524,1871,1115,756,925,426,499,215,105,110,1337,521,816,849,327,522,397,102,295,93,25,68,618,160,458
407,District-Kabeerdham,Total,17,6254,2807,3447,2252,1349,903,958,464,494,239,94,145,1222,450,772,782,271,511,357,71,286,72,19,53,372,89,283
407,District-Kabeerdham,Total,18,11290,4892,6398,4448,2570,1878,1687,794,893,312,129,183,1794,543,1251,1666,549,1117,747,161,586,95,20,75,541,126,415
407,District-Kabeerdham,Total,19,9082,3860,5222,3933,2232,1701,1368,640,728,262,96,166,1315,375,940,1323,343,980,508,94,414,64,13,51,309,67,242
407,District-Kabeerdham,Rural,5-19,62274,27314,34960,13783,7738,6045,5875,2703,3172,1361,548,813,8316,3008,5308,5962,1928,4034,2904,659,2245,650,164,486,23423,10566,12857
407,District-Kabeerdham,Rural,5,7856,4040,3816,1,1,0,0,0,0,0,0,0,46,21,25,24,13,11,9,6,3,3,2,1,7773,3997,3776
407,District-Kabeerdham,Rural,6,5339,2643,2696,1,1,0,0,0,0,0,0,0,72,38,34,17,7,10,3,2,1,0,0,0,5246,2595,2651
407,District-Kabeerdham,Rural,7,2283,1065,1218,2,0,2,0,0,0,0,0,0,86,40,46,14,7,7,7,2,5,5,1,4,2169,1015,1154
407,District-Kabeerdham,Rural,8,1467,629,838,4,3,1,3,3,0,2,1,1,119,58,61,20,11,9,9,2,7,5,2,3,1305,549,756
407,District-Kabeerdham,Rural,9,948,393,555,6,3,3,3,1,2,1,1,0,115,60,55,20,7,13,13,4,9,8,1,7,782,316,466
407,District-Kabeerdham,Rural,10,1600,715,885,16,7,9,9,6,3,6,0,6,210,93,117,51,22,29,38,14,24,34,14,20,1236,559,677
407,District-Kabeerdham,Rural,11,1071,435,636,77,41,36,21,6,15,17,2,15,210,90,120,58,20,38,42,10,32,30,8,22,616,258,358
407,District-Kabeerdham,Rural,12,1935,759,1176,170,93,77,91,39,52,29,8,21,479,201,278,156,67,89,138,34,104,51,14,37,821,303,518
407,District-Kabeerdham,Rural,13,1983,708,1275,231,120,111,134,56,78,66,27,39,540,188,352,202,65,137,144,36,108,40,11,29,626,205,421
407,District-Kabeerdham,Rural,14,2970,1133,1837,531,288,243,283,119,164,100,39,61,786,290,496,381,129,252,200,52,148,69,20,49,620,196,424
407,District-Kabeerdham,Rural,15,4524,1810,2714,1076,567,509,567,257,310,145,65,80,1025,407,618,627,215,412,345,88,257,97,20,77,642,191,451
407,District-Kabeerdham,Rural,16,5815,2518,3297,1737,1005,732,901,411,490,208,100,108,1138,439,699,807,305,502,382,97,285,87,22,65,555,139,416
407,District-Kabeerdham,Rural,17,5766,2532,3234,2119,1239,880,920,439,481,232,90,142,1015,354,661,742,247,495,352,69,283,70,18,52,316,76,240
407,District-Kabeerdham,Rural,18,10346,4426,5920,4142,2338,1804,1628,759,869,300,121,179,1428,433,995,1574,495,1079,732,155,577,90,18,72,452,107,345
407,District-Kabeerdham,Rural,19,8371,3508,4863,3670,2032,1638,1315,607,708,255,94,161,1047,296,751,1269,318,951,490,88,402,61,13,48,264,60,204
407,District-Kabeerdham,Urban,5-19,6295,3186,3109,1006,775,231,205,123,82,40,21,19,1650,664,986,335,181,154,77,31,46,23,8,15,2959,1383,1576
407,District-Kabeerdham,Urban,5,948,481,467,0,0,0,0,0,0,0,0,0,13,8,5,1,0,1,1,0,1,1,0,1,932,473,459
407,District-Kabeerdham,Urban,6,758,372,386,0,0,0,0,0,0,0,0,0,20,3,17,1,0,1,0,0,0,0,0,0,737,369,368
407,District-Kabeerdham,Urban,7,249,118,131,0,0,0,0,0,0,0,0,0,15,5,10,1,1,0,1,0,1,0,0,0,232,112,120
407,District-Kabeerdham,Urban,8,197,92,105,0,0,0,0,0,0,0,0,0,22,12,10,0,0,0,1,1,0,0,0,0,174,79,95
407,District-Kabeerdham,Urban,9,110,49,61,0,0,0,0,0,0,0,0,0,20,12,8,1,0,1,0,0,0,0,0,0,89,37,52
407,District-Kabeerdham,Urban,10,205,102,103,3,1,2,0,0,0,0,0,0,33,16,17,3,2,1,0,0,0,0,0,0,166,83,83
407,District-Kabeerdham,Urban,11,119,66,53,2,2,0,0,0,0,1,1,0,34,21,13,3,1,2,3,2,1,0,0,0,76,39,37
407,District-Kabeerdham,Urban,12,203,100,103,18,15,3,4,3,1,1,0,1,82,40,42,17,9,8,2,1,1,0,0,0,79,32,47
407,District-Kabeerdham,Urban,13,202,101,101,27,19,8,0,0,0,1,0,1,87,39,48,9,6,3,1,1,0,1,0,1,76,36,40
407,District-Kabeerdham,Urban,14,297,156,141,45,31,14,8,4,4,1,0,1,126,69,57,36,18,18,9,4,5,2,1,1,70,29,41
407,District-Kabeerdham,Urban,15,374,193,181,75,55,20,19,8,11,3,1,2,158,72,86,35,19,16,6,3,3,3,1,2,75,34,41
407,District-Kabeerdham,Urban,16,490,263,227,134,110,24,24,15,9,7,5,2,199,82,117,42,22,20,15,5,10,6,3,3,63,21,42
407,District-Kabeerdham,Urban,17,488,275,213,133,110,23,38,25,13,7,4,3,207,96,111,40,24,16,5,2,3,2,1,1,56,13,43
407,District-Kabeerdham,Urban,18,944,466,478,306,232,74,59,35,24,12,8,4,366,110,256,92,54,38,15,6,9,5,2,3,89,19,70
407,District-Kabeerdham,Urban,19,711,352,359,263,200,63,53,33,20,7,2,5,268,79,189,54,25,29,18,6,12,3,0,3,45,7,38
408,District-Rajnandgaon,Total,5-19,112091,53519,58572,34645,18783,15862,16575,7084,9491,4477,1788,2689,16988,6849,10139,2898,1225,1673,1439,431,1008,449,160,289,34620,17199,17421
408,District-Rajnandgaon,Total,5,15945,8123,7822,7,7,0,0,0,0,0,0,0,204,102,102,67,34,33,34,19,15,13,9,4,15620,7952,7668
408,District-Rajnandgaon,Total,6,10857,5428,5429,9,3,6,4,1,3,3,0,3,229,117,112,33,17,16,25,14,11,26,16,10,10528,5260,5268
408,District-Rajnandgaon,Total,7,3220,1590,1630,18,9,9,1,0,1,2,0,2,205,110,95,22,8,14,11,3,8,8,3,5,2953,1457,1496
408,District-Rajnandgaon,Total,8,1272,630,642,15,4,11,1,1,0,2,0,2,187,88,99,10,5,5,6,4,2,5,2,3,1046,526,520
408,District-Rajnandgaon,Total,9,860,427,433,16,12,4,4,3,1,3,2,1,194,102,92,13,7,6,7,2,5,3,1,2,620,298,322
408,District-Rajnandgaon,Total,10,1465,736,729,30,22,8,14,10,4,10,6,4,313,158,155,26,14,12,16,5,11,18,8,10,1038,513,525
408,District-Rajnandgaon,Total,11,1132,573,559,169,106,63,71,33,38,25,13,12,336,175,161,30,14,16,22,9,13,17,7,10,462,216,246
408,District-Rajnandgaon,Total,12,1719,852,867,343,211,132,157,68,89,50,15,35,601,302,299,100,56,44,45,16,29,22,10,12,401,174,227
408,District-Rajnandgaon,Total,13,2060,1028,1032,505,286,219,255,100,155,103,42,61,719,396,323,100,39,61,52,11,41,24,9,15,302,145,157
408,District-Rajnandgaon,Total,14,3638,1742,1896,1096,576,520,636,258,378,215,79,136,1091,562,529,174,86,88,84,35,49,32,10,22,310,136,174
408,District-Rajnandgaon,Total,15,6388,3114,3274,2371,1312,1059,1196,531,665,416,197,219,1522,720,802,311,137,174,172,57,115,47,17,30,353,143,210
408,District-Rajnandgaon,Total,16,10265,4959,5306,4315,2335,1980,2233,987,1246,650,292,358,2184,967,1217,368,166,202,183,62,121,59,25,34,273,125,148
408,District-Rajnandgaon,Total,17,13074,6066,7008,5956,3205,2751,2983,1292,1691,827,333,494,2472,942,1530,384,150,234,182,47,135,47,15,32,223,82,141
408,District-Rajnandgaon,Total,18,20674,9514,11160,10008,5409,4599,4669,1985,2684,1160,447,713,3493,1190,2303,682,289,393,312,77,235,70,10,60,280,107,173
408,District-Rajnandgaon,Total,19,19522,8737,10785,9787,5286,4501,4351,1815,2536,1011,362,649,3238,918,2320,578,203,375,288,70,218,58,18,40,211,65,146
408,District-Rajnandgaon,Rural,5-19,94954,44351,50603,30861,16123,14738,15836,6658,9178,4316,1682,2634,11683,4550,7133,2547,1037,1510,1342,386,956,432,147,285,27937,13768,14169
408,District-Rajnandgaon,Rural,5,13011,6587,6424,7,7,0,0,0,0,0,0,0,148,71,77,62,31,31,30,17,13,13,9,4,12751,6452,6299
408,District-Rajnandgaon,Rural,6,8645,4279,4366,9,3,6,3,1,2,3,0,3,176,92,84,30,16,14,24,13,11,25,15,10,8375,4139,4236
408,District-Rajnandgaon,Rural,7,2716,1322,1394,16,7,9,1,0,1,2,0,2,159,85,74,20,8,12,10,3,7,8,3,5,2500,1216,1284
408,District-Rajnandgaon,Rural,8,1060,514,546,14,3,11,0,0,0,2,0,2,146,69,77,10,5,5,5,3,2,4,1,3,879,433,446
408,District-Rajnandgaon,Rural,9,687,341,346,13,10,3,4,3,1,3,2,1,151,77,74,9,6,3,6,2,4,3,1,2,498,240,258
408,District-Rajnandgaon,Rural,10,1152,563,589,25,18,7,13,9,4,10,6,4,235,114,121,23,12,11,16,5,11,16,6,10,814,393,421
408,District-Rajnandgaon,Rural,11,920,452,468,148,89,59,68,31,37,24,12,12,253,124,129,30,14,16,18,6,12,15,5,10,364,171,193
408,District-Rajnandgaon,Rural,12,1394,690,704,301,185,116,144,61,83,49,15,34,433,212,221,88,52,36,42,15,27,22,10,12,315,140,175
408,District-Rajnandgaon,Rural,13,1705,821,884,439,240,199,241,92,149,99,41,58,525,282,243,93,35,58,49,10,39,24,9,15,235,112,123
408,District-Rajnandgaon,Rural,14,3063,1395,1668,970,495,475,605,242,363,212,77,135,787,382,405,152,71,81,79,31,48,30,10,20,228,87,141
408,District-Rajnandgaon,Rural,15,5475,2604,2871,2087,1120,967,1145,500,645,399,182,217,1082,499,583,279,121,158,163,53,110,47,17,30,273,112,161
408,District-Rajnandgaon,Rural,16,8864,4149,4715,3843,1996,1847,2137,930,1207,632,280,352,1511,638,873,316,137,179,168,54,114,57,24,33,200,90,110
408,District-Rajnandgaon,Rural,17,11405,5149,6256,5320,2774,2546,2865,1215,1650,789,305,484,1722,613,1109,333,127,206,170,42,128,45,13,32,161,60,101
408,District-Rajnandgaon,Rural,18,17941,8033,9908,8899,4625,4274,4458,1862,2596,1124,422,702,2309,740,1569,588,233,355,289,68,221,70,10,60,204,73,131
408,District-Rajnandgaon,Rural,19,16916,7452,9464,8770,4551,4219,4152,1712,2440,968,340,628,2046,552,1494,514,169,345,273,64,209,53,14,39,140,50,90
408,District-Rajnandgaon,Urban,5-19,17137,9168,7969,3784,2660,1124,739,426,313,161,106,55,5305,2299,3006,351,188,163,97,45,52,17,13,4,6683,3431,3252
408,District-Rajnandgaon,Urban,5,2934,1536,1398,0,0,0,0,0,0,0,0,0,56,31,25,5,3,2,4,2,2,0,0,0,2869,1500,1369
408,District-Rajnandgaon,Urban,6,2212,1149,1063,0,0,0,1,0,1,0,0,0,53,25,28,3,1,2,1,1,0,1,1,0,2153,1121,1032
408,District-Rajnandgaon,Urban,7,504,268,236,2,2,0,0,0,0,0,0,0,46,25,21,2,0,2,1,0,1,0,0,0,453,241,212
408,District-Rajnandgaon,Urban,8,212,116,96,1,1,0,1,1,0,0,0,0,41,19,22,0,0,0,1,1,0,1,1,0,167,93,74
408,District-Rajnandgaon,Urban,9,173,86,87,3,2,1,0,0,0,0,0,0,43,25,18,4,1,3,1,0,1,0,0,0,122,58,64
408,District-Rajnandgaon,Urban,10,313,173,140,5,4,1,1,1,0,0,0,0,78,44,34,3,2,1,0,0,0,2,2,0,224,120,104
408,District-Rajnandgaon,Urban,11,212,121,91,21,17,4,3,2,1,1,1,0,83,51,32,0,0,0,4,3,1,2,2,0,98,45,53
408,District-Rajnandgaon,Urban,12,325,162,163,42,26,16,13,7,6,1,0,1,168,90,78,12,4,8,3,1,2,0,0,0,86,34,52
408,District-Rajnandgaon,Urban,13,355,207,148,66,46,20,14,8,6,4,1,3,194,114,80,7,4,3,3,1,2,0,0,0,67,33,34
408,District-Rajnandgaon,Urban,14,575,347,228,126,81,45,31,16,15,3,2,1,304,180,124,22,15,7,5,4,1,2,0,2,82,49,33
408,District-Rajnandgaon,Urban,15,913,510,403,284,192,92,51,31,20,17,15,2,440,221,219,32,16,16,9,4,5,0,0,0,80,31,49
408,District-Rajnandgaon,Urban,16,1401,810,591,472,339,133,96,57,39,18,12,6,673,329,344,52,29,23,15,8,7,2,1,1,73,35,38
408,District-Rajnandgaon,Urban,17,1669,917,752,636,431,205,118,77,41,38,28,10,750,329,421,51,23,28,12,5,7,2,2,0,62,22,40
408,District-Rajnandgaon,Urban,18,2733,1481,1252,1109,784,325,211,123,88,36,25,11,1184,450,734,94,56,38,23,9,14,0,0,0,76,34,42
408,District-Rajnandgaon,Urban,19,2606,1285,1321,1017,735,282,199,103,96,43,22,21,1192,366,826,64,34,30,15,6,9,5,4,1,71,15,56
409,District-Durg,Total,5-19,253793,128911,124882,56569,36392,20177,20280,10265,10015,5606,2652,2954,54832,22414,32418,6801,2978,3823,2269,749,1520,624,225,399,106812,53236,53576
409,District-Durg,Total,5,49049,25286,23763,11,6,5,0,0,0,1,1,0,263,135,128,115,64,51,57,23,34,36,14,22,48566,25043,23523
409,District-Durg,Total,6,32928,16746,16182,19,12,7,5,4,1,1,0,1,484,259,225,83,44,39,42,23,19,35,20,15,32259,16384,15875
409,District-Durg,Total,7,9592,4736,4856,23,14,9,4,2,2,1,0,1,499,227,272,41,19,22,14,8,6,18,7,11,8992,4459,4533
409,District-Durg,Total,8,3778,1832,1946,33,23,10,4,1,3,1,0,1,517,276,241,31,16,15,15,10,5,14,6,8,3163,1500,1663
409,District-Durg,Total,9,2435,1185,1250,24,13,11,9,3,6,8,5,3,502,253,249,30,15,15,13,5,8,10,3,7,1839,888,951
409,District-Durg,Total,10,3799,1915,1884,75,48,27,20,8,12,11,5,6,894,467,427,73,37,36,25,11,14,20,7,13,2681,1332,1349
409,District-Durg,Total,11,2917,1514,1403,318,232,86,74,42,32,26,12,14,1113,578,535,100,44,56,40,17,23,17,7,10,1229,582,647
409,District-Durg,Total,12,4255,2213,2042,648,429,219,186,97,89,78,42,36,1885,993,892,224,108,116,66,21,45,27,10,17,1141,513,628
409,District-Durg,Total,13,4805,2432,2373,824,514,310,284,136,148,139,79,60,2216,1129,1087,272,121,151,82,32,50,33,7,26,955,414,541
409,District-Durg,Total,14,7965,4107,3858,1856,1157,699,668,338,330,274,123,151,3508,1806,1702,425,189,236,135,49,86,43,18,25,1056,427,629
409,District-Durg,Total,15,13622,7147,6475,4013,2511,1502,1579,834,745,525,267,258,5189,2577,2612,781,346,435,277,103,174,79,23,56,1179,486,693
409,District-Durg,Total,16,19295,10010,9285,6911,4314,2597,2528,1303,1225,856,426,430,6658,3042,3616,916,410,506,344,111,233,63,24,39,1019,380,639
409,District-Durg,Total,17,23953,12295,11658,9556,6153,3403,3546,1786,1760,1002,473,529,7777,3071,4706,878,382,496,284,100,184,65,22,43,845,308,537
409,District-Durg,Total,18,39537,20108,19429,16885,11029,5856,5908,3006,2902,1444,680,764,12002,4189,7813,1645,719,926,479,124,355,95,33,62,1079,328,751
409,District-Durg,Total,19,35863,17385,18478,15373,9937,5436,5465,2705,2760,1239,539,700,11325,3412,7913,1187,464,723,396,112,284,69,24,45,809,192,617
409,District-Durg,Rural,5-19,172980,85553,87427,42553,25144,17409,18103,8780,9323,4895,2150,2745,29325,11805,17520,4969,1960,3009,1905,578,1327,537,171,366,70693,34965,35728
409,District-Durg,Rural,5,33130,16985,16145,8,3,5,0,0,0,1,1,0,130,70,60,63,35,28,32,11,21,34,13,21,32862,16852,16010
409,District-Durg,Rural,6,21463,10833,10630,12,6,6,3,3,0,1,0,1,277,139,138,51,29,22,29,15,14,32,18,14,21058,10623,10435
409,District-Durg,Rural,7,6584,3169,3415,20,12,8,4,2,2,1,0,1,314,137,177,26,14,12,11,6,5,18,7,11,6190,2991,3199
409,District-Durg,Rural,8,2561,1207,1354,18,11,7,4,1,3,1,0,1,318,159,159,21,11,10,15,10,5,13,5,8,2171,1010,1161
409,District-Durg,Rural,9,1654,786,868,16,9,7,6,0,6,8,5,3,326,157,169,18,10,8,6,3,3,8,2,6,1266,600,666
409,District-Durg,Rural,10,2542,1235,1307,53,31,22,19,8,11,9,4,5,546,283,263,49,23,26,18,8,10,19,6,13,1829,872,957
409,District-Durg,Rural,11,1887,916,971,194,129,65,62,34,28,24,10,14,668,325,343,71,30,41,33,14,19,14,5,9,821,369,452
409,District-Durg,Rural,12,2780,1375,1405,442,266,176,157,79,78,69,36,33,1127,595,532,165,73,92,58,16,42,24,7,17,738,303,435
409,District-Durg,Rural,13,3129,1517,1612,587,334,253,258,117,141,125,69,56,1289,650,639,193,85,108,66,22,44,31,5,26,580,235,345
409,District-Durg,Rural,14,5327,2587,2740,1332,755,577,592,282,310,244,99,145,2055,1030,1025,326,138,188,117,39,78,38,15,23,623,229,394
409,District-Durg,Rural,15,9306,4644,4662,2967,1723,1244,1408,713,695,446,207,239,2928,1390,1538,580,248,332,237,77,160,64,14,50,676,272,404
409,District-Durg,Rural,16,13656,6786,6870,5299,3076,2223,2269,1136,1133,750,349,401,3735,1627,2108,692,283,409,292,88,204,48,14,34,571,213,358
409,District-Durg,Rural,17,16831,8251,8580,7258,4298,2960,3161,1515,1646,869,391,478,4172,1547,2625,651,262,389,237,75,162,56,18,38,427,145,282
409,District-Durg,Rural,18,27448,13571,13877,12766,7703,5063,5248,2554,2694,1256,542,714,5988,2046,3942,1184,439,745,405,96,309,85,28,57,516,163,353
409,District-Durg,Rural,19,24682,11691,12991,11581,6788,4793,4912,2336,2576,1091,437,654,5452,1650,3802,879,280,599,349,98,251,53,14,39,365,88,277
409,District-Durg,Urban,5-19,80813,43358,37455,14016,11248,2768,2177,1485,692,711,502,209,25507,10609,14898,1832,1018,814,364,171,193,87,54,33,36119,18271,17848
409,District-Durg,Urban,5,15919,8301,7618,3,3,0,0,0,0,0,0,0,133,65,68,52,29,23,25,12,13,2,1,1,15704,8191,7513
409,District-Durg,Urban,6,11465,5913,5552,7,6,1,2,1,1,0,0,0,207,120,87,32,15,17,13,8,5,3,2,1,11201,5761,5440
409,District-Durg,Urban,7,3008,1567,1441,3,2,1,0,0,0,0,0,0,185,90,95,15,5,10,3,2,1,0,0,0,2802,1468,1334
409,District-Durg,Urban,8,1217,625,592,15,12,3,0,0,0,0,0,0,199,117,82,10,5,5,0,0,0,1,1,0,992,490,502
409,District-Durg,Urban,9,781,399,382,8,4,4,3,3,0,0,0,0,176,96,80,12,5,7,7,2,5,2,1,1,573,288,285
409,District-Durg,Urban,10,1257,680,577,22,17,5,1,0,1,2,1,1,348,184,164,24,14,10,7,3,4,1,1,0,852,460,392
409,District-Durg,Urban,11,1030,598,432,124,103,21,12,8,4,2,2,0,445,253,192,29,14,15,7,3,4,3,2,1,408,213,195
409,District-Durg,Urban,12,1475,838,637,206,163,43,29,18,11,9,6,3,758,398,360,59,35,24,8,5,3,3,3,0,403,210,193
409,District-Durg,Urban,13,1676,915,761,237,180,57,26,19,7,14,10,4,927,479,448,79,36,43,16,10,6,2,2,0,375,179,196
409,District-Durg,Urban,14,2638,1520,1118,524,402,122,76,56,20,30,24,6,1453,776,677,99,51,48,18,10,8,5,3,2,433,198,235
409,District-Durg,Urban,15,4316,2503,1813,1046,788,258,171,121,50,79,60,19,2261,1187,1074,201,98,103,40,26,14,15,9,6,503,214,289
409,District-Durg,Urban,16,5639,3224,2415,1612,1238,374,259,167,92,106,77,29,2923,1415,1508,224,127,97,52,23,29,15,10,5,448,167,281
409,District-Durg,Urban,17,7122,4044,3078,2298,1855,443,385,271,114,133,82,51,3605,1524,2081,227,120,107,47,25,22,9,4,5,418,163,255
409,District-Durg,Urban,18,12089,6537,5552,4119,3326,793,660,452,208,188,138,50,6014,2143,3871,461,280,181,74,28,46,10,5,5,563,165,398
409,District-Durg,Urban,19,11181,5694,5487,3792,3149,643,553,369,184,148,102,46,5873,1762,4111,308,184,124,47,14,33,16,10,6,444,104,340
410,District-Raipur,Total,5-19,366238,183337,182901,56926,39523,17403,32694,17389,15305,8802,4228,4574,83868,34261,49607,10841,5167,5674,7399,2477,4922,2019,602,1417,163689,79690,83999
410,District-Raipur,Total,5,70216,35944,34272,18,13,5,5,4,1,1,0,1,410,210,200,317,160,157,211,103,108,12,5,7,69242,35449,33793
410,District-Raipur,Total,6,45611,23030,22581,25,18,7,11,9,2,4,1,3,696,345,351,182,87,95,134,62,72,6,5,1,44553,22503,22050
410,District-Raipur,Total,7,14864,7416,7448,40,26,14,13,8,5,3,1,2,707,343,364,118,61,57,47,16,31,16,7,9,13920,6954,6966
410,District-Raipur,Total,8,6849,3327,3522,42,25,17,18,10,8,6,4,2,789,387,402,65,33,32,55,27,28,19,10,9,5855,2831,3024
410,District-Raipur,Total,9,4494,2204,2290,57,44,13,25,11,14,7,4,3,799,378,421,63,35,28,51,23,28,11,4,7,3481,1705,1776
410,District-Raipur,Total,10,6927,3508,3419,104,69,35,69,40,29,18,5,13,1481,777,704,131,68,63,84,35,49,48,20,28,4992,2494,2498
410,District-Raipur,Total,11,5459,2754,2705,426,313,113,209,110,99,56,26,30,1919,976,943,144,69,75,90,34,56,37,14,23,2578,1212,1366
410,District-Raipur,Total,12,7932,3991,3941,775,560,215,412,214,198,128,65,63,3272,1700,1572,333,178,155,213,61,152,78,28,50,2721,1185,1536
410,District-Raipur,Total,13,8641,4209,4432,978,654,324,582,277,305,197,96,101,4002,1996,2006,368,175,193,258,87,171,98,31,67,2158,893,1265
410,District-Raipur,Total,14,13094,6556,6538,2017,1340,677,1300,694,606,390,193,197,5943,2965,2978,595,270,325,413,145,268,158,49,109,2278,900,1378
410,District-Raipur,Total,15,20905,10717,10188,4119,2794,1325,2534,1359,1175,879,435,444,8358,4097,4261,1235,641,594,765,296,469,237,71,166,2778,1024,1754
410,District-Raipur,Total,16,27965,13927,14038,6702,4524,2178,4204,2228,1976,1223,561,662,10774,4746,6028,1336,629,707,974,312,662,298,94,204,2454,833,1621
410,District-Raipur,Total,17,32650,16356,16294,9244,6370,2874,5553,2912,2641,1559,748,811,11685,4657,7028,1425,676,749,982,332,650,266,82,184,1936,579,1357
410,District-Raipur,Total,18,53788,27079,26709,16983,11939,5044,9526,5230,4296,2381,1173,1208,17491,6101,11390,2563,1238,1325,1786,572,1214,412,116,296,2646,710,1936
410,District-Raipur,Total,19,46843,22319,24524,15396,10834,4562,8233,4283,3950,1950,916,1034,15542,4583,10959,1966,847,1119,1336,372,964,323,66,257,2097,418,1679
410,District-Raipur,Rural,5-19,253248,123273,129975,37471,24163,13308,29551,15331,14220,7957,3656,4301,52323,21568,30755,7315,3109,4206,6544,2080,4464,1817,490,1327,110270,52876,57394
410,District-Raipur,Rural,5,48395,24568,23827,7,5,2,3,2,1,1,0,1,188,97,91,188,86,102,117,57,60,7,3,4,47884,24318,23566
410,District-Raipur,Rural,6,29430,14737,14693,12,10,2,7,7,0,4,1,3,396,199,197,91,43,48,69,31,38,3,2,1,28848,14444,14404
410,District-Raipur,Rural,7,9812,4808,5004,10,5,5,11,7,4,1,0,1,326,173,153,68,37,31,21,5,16,9,1,8,9366,4580,4786
410,District-Raipur,Rural,8,4429,2069,2360,16,10,6,16,8,8,6,4,2,429,195,234,26,13,13,39,19,20,14,8,6,3883,1812,2071
410,District-Raipur,Rural,9,2896,1376,1520,25,17,8,14,6,8,7,4,3,431,205,226,34,18,16,40,17,23,10,3,7,2335,1106,1229
410,District-Raipur,Rural,10,4522,2203,2319,51,30,21,45,24,21,17,5,12,830,436,394,84,39,45,60,21,39,40,16,24,3395,1632,1763
410,District-Raipur,Rural,11,3537,1682,1855,227,152,75,172,87,85,50,21,29,1101,564,537,95,41,54,76,27,49,33,12,21,1783,778,1005
410,District-Raipur,Rural,12,5278,2524,2754,449,312,137,358,184,174,112,56,56,2017,1022,995,201,98,103,191,49,142,70,23,47,1880,780,1100
410,District-Raipur,Rural,13,5934,2740,3194,579,363,216,511,233,278,174,83,91,2618,1282,1336,242,100,142,229,70,159,87,27,60,1494,582,912
410,District-Raipur,Rural,14,9234,4427,4807,1273,791,482,1148,599,549,358,169,189,3941,1957,1984,420,170,250,363,124,239,146,42,104,1585,575,1010
410,District-Raipur,Rural,15,14963,7353,7610,2697,1734,963,2236,1169,1067,795,373,422,5570,2688,2882,822,393,429,704,264,440,206,55,151,1933,677,1256
410,District-Raipur,Rural,16,20234,9645,10589,4452,2832,1620,3804,1962,1842,1112,486,626,7131,3108,4023,886,383,503,892,281,611,273,83,190,1684,510,1174
410,District-Raipur,Rural,17,23463,11252,12211,6036,3874,2162,5013,2575,2438,1409,643,766,7574,2997,4577,975,414,561,896,289,607,242,73,169,1318,387,931
410,District-Raipur,Rural,18,38447,18660,19787,11323,7359,3964,8678,4652,4026,2137,1006,1131,10842,3833,7009,1804,778,1026,1628,505,1123,375,89,286,1660,438,1222
410,District-Raipur,Rural,19,32674,15229,17445,10314,6669,3645,7535,3816,3719,1774,805,969,8929,2812,6117,1379,496,883,1219,321,898,302,53,249,1222,257,965
410,District-Raipur,Urban,5-19,112990,60064,52926,19455,15360,4095,3143,2058,1085,845,572,273,31545,12693,18852,3526,2058,1468,855,397,458,202,112,90,53419,26814,26605
410,District-Raipur,Urban,5,21821,11376,10445,11,8,3,2,2,0,0,0,0,222,113,109,129,74,55,94,46,48,5,2,3,21358,11131,10227
410,District-Raipur,Urban,6,16181,8293,7888,13,8,5,4,2,2,0,0,0,300,146,154,91,44,47,65,31,34,3,3,0,15705,8059,7646
410,District-Raipur,Urban,7,5052,2608,2444,30,21,9,2,1,1,2,1,1,381,170,211,50,24,26,26,11,15,7,6,1,4554,2374,2180
410,District-Raipur,Urban,8,2420,1258,1162,26,15,11,2,2,0,0,0,0,360,192,168,39,20,19,16,8,8,5,2,3,1972,1019,953
410,District-Raipur,Urban,9,1598,828,770,32,27,5,11,5,6,0,0,0,368,173,195,29,17,12,11,6,5,1,1,0,1146,599,547
410,District-Raipur,Urban,10,2405,1305,1100,53,39,14,24,16,8,1,0,1,651,341,310,47,29,18,24,14,10,8,4,4,1597,862,735
410,District-Raipur,Urban,11,1922,1072,850,199,161,38,37,23,14,6,5,1,818,412,406,49,28,21,14,7,7,4,2,2,795,434,361
410,District-Raipur,Urban,12,2654,1467,1187,326,248,78,54,30,24,16,9,7,1255,678,577,132,80,52,22,12,10,8,5,3,841,405,436
410,District-Raipur,Urban,13,2707,1469,1238,399,291,108,71,44,27,23,13,10,1384,714,670,126,75,51,29,17,12,11,4,7,664,311,353
410,District-Raipur,Urban,14,3860,2129,1731,744,549,195,152,95,57,32,24,8,2002,1008,994,175,100,75,50,21,29,12,7,5,693,325,368
410,District-Raipur,Urban,15,5942,3364,2578,1422,1060,362,298,190,108,84,62,22,2788,1409,1379,413,248,165,61,32,29,31,16,15,845,347,498
410,District-Raipur,Urban,16,7731,4282,3449,2250,1692,558,400,266,134,111,75,36,3643,1638,2005,450,246,204,82,31,51,25,11,14,770,323,447
410,District-Raipur,Urban,17,9187,5104,4083,3208,2496,712,540,337,203,150,105,45,4111,1660,2451,450,262,188,86,43,43,24,9,15,618,192,426
410,District-Raipur,Urban,18,15341,8419,6922,5660,4580,1080,848,578,270,244,167,77,6649,2268,4381,759,460,299,158,67,91,37,27,10,986,272,714
410,District-Raipur,Urban,19,14169,7090,7079,5082,4165,917,698,467,231,176,111,65,6613,1771,4842,587,351,236,117,51,66,21,13,8,875,161,714
411,District-Mahasamund,Total,5-19,88688,43537,45151,17006,11219,5787,11648,5609,6039,2914,1257,1657,20640,8061,12579,2413,1090,1323,1679,563,1116,337,89,248,32051,15649,16402
411,District-Mahasamund,Total,5,14475,7440,7035,3,2,1,1,1,0,0,0,0,60,30,30,54,31,23,49,22,27,5,2,3,14303,7352,6951
411,District-Mahasamund,Total,6,9538,4726,4812,3,2,1,0,0,0,0,0,0,108,45,63,54,30,24,35,14,21,2,0,2,9336,4635,4701
411,District-Mahasamund,Total,7,2894,1400,1494,9,5,4,2,1,1,1,0,1,189,90,99,16,9,7,23,10,13,2,0,2,2652,1285,1367
411,District-Mahasamund,Total,8,1268,615,653,11,6,5,6,2,4,0,0,0,284,146,138,18,13,5,3,1,2,0,0,0,946,447,499
411,District-Mahasamund,Total,9,817,417,400,8,5,3,5,2,3,3,2,1,276,143,133,15,11,4,3,2,1,1,1,0,506,251,255
411,District-Mahasamund,Total,10,1347,703,644,25,13,12,18,6,12,4,4,0,474,261,213,32,17,15,17,10,7,8,5,3,769,387,382
411,District-Mahasamund,Total,11,1067,538,529,73,47,26,46,26,20,19,10,9,508,266,242,31,19,12,22,9,13,3,2,1,365,159,206
411,District-Mahasamund,Total,12,1834,964,870,193,131,62,143,69,74,33,23,10,854,451,403,72,34,38,44,18,26,18,7,11,477,231,246
411,District-Mahasamund,Total,13,2010,1006,1004,248,159,89,207,110,97,75,34,41,977,490,487,69,33,36,66,24,42,13,5,8,355,151,204
411,District-Mahasamund,Total,14,3373,1677,1696,572,354,218,486,240,246,137,70,67,1522,737,785,129,53,76,101,52,49,28,9,19,398,162,236
411,District-Mahasamund,Total,15,5712,2815,2897,1274,794,480,1002,496,506,309,139,170,2188,999,1189,258,137,121,188,63,125,43,13,30,450,174,276
411,District-Mahasamund,Total,16,7981,3861,4120,2149,1368,781,1633,777,856,477,216,261,2718,1126,1592,335,156,179,239,72,167,59,14,45,371,132,239
411,District-Mahasamund,Total,17,9100,4378,4722,2836,1839,997,1994,974,1020,531,220,311,2857,1030,1827,312,124,188,219,74,145,48,10,38,303,107,196
411,District-Mahasamund,Total,18,15068,7259,7809,5244,3531,1713,3310,1587,1723,738,311,427,4227,1318,2909,605,271,334,410,118,292,60,13,47,474,110,364
411,District-Mahasamund,Total,19,12204,5738,6466,4358,2963,1395,2795,1318,1477,587,228,359,3398,929,2469,413,152,261,260,74,186,47,8,39,346,66,280
411,District-Mahasamund,Rural,5-19,78517,38068,40449,15164,9804,5360,11318,5400,5918,2800,1172,1628,17611,6760,10851,2018,865,1153,1553,503,1050,313,74,239,27740,13490,14250
411,District-Mahasamund,Rural,5,12750,6490,6260,3,2,1,1,1,0,0,0,0,51,24,27,45,26,19,42,17,25,5,2,3,12603,6418,6185
411,District-Mahasamund,Rural,6,8214,4064,4150,2,1,1,0,0,0,0,0,0,94,40,54,37,17,20,28,12,16,2,0,2,8051,3994,4057
411,District-Mahasamund,Rural,7,2518,1221,1297,9,5,4,2,1,1,1,0,1,149,75,74,12,6,6,19,7,12,2,0,2,2324,1127,1197
411,District-Mahasamund,Rural,8,1050,510,540,8,5,3,6,2,4,0,0,0,234,117,117,11,7,4,2,1,1,0,0,0,789,378,411
411,District-Mahasamund,Rural,9,678,335,343,5,3,2,5,2,3,1,1,0,236,121,115,6,4,2,1,0,1,1,1,0,423,203,220
411,District-Mahasamund,Rural,10,1099,559,540,19,11,8,16,5,11,4,4,0,399,215,184,16,6,10,13,8,5,6,3,3,626,307,319
411,District-Mahasamund,Rural,11,901,447,454,60,37,23,42,24,18,19,10,9,437,225,212,22,12,10,16,6,10,3,2,1,302,131,171
411,District-Mahasamund,Rural,12,1523,791,732,164,114,50,135,64,71,26,16,10,714,379,335,49,18,31,39,16,23,18,7,11,378,177,201
411,District-Mahasamund,Rural,13,1706,836,870,212,132,80,196,102,94,73,33,40,810,405,405,59,26,33,55,18,37,11,3,8,290,117,173
411,District-Mahasamund,Rural,14,2977,1465,1512,507,312,195,468,230,238,130,67,63,1306,614,692,112,46,66,96,49,47,26,8,18,332,139,193
411,District-Mahasamund,Rural,15,5082,2471,2611,1123,687,436,977,479,498,296,127,169,1881,853,1028,210,109,101,166,54,112,39,10,29,390,152,238
411,District-Mahasamund,Rural,16,7158,3394,3764,1896,1180,716,1583,746,837,459,201,258,2351,943,1408,289,133,156,228,68,160,54,12,42,298,111,187
411,District-Mahasamund,Rural,17,8250,3919,4331,2529,1617,912,1941,941,1000,514,209,305,2488,882,1606,272,102,170,209,70,139,44,8,36,253,90,163
411,District-Mahasamund,Rural,18,13595,6449,7146,4710,3102,1608,3223,1527,1696,712,292,420,3597,1095,2502,512,224,288,390,107,283,57,11,46,394,91,303
411,District-Mahasamund,Rural,19,11016,5117,5899,3917,2596,1321,2723,1276,1447,565,212,353,2864,772,2092,366,129,237,249,70,179,45,7,38,287,55,232
411,District-Mahasamund,Urban,5-19,10171,5469,4702,1842,1415,427,330,209,121,114,85,29,3029,1301,1728,395,225,170,126,60,66,24,15,9,4311,2159,2152
411,District-Mahasamund,Urban,5,1725,950,775,0,0,0,0,0,0,0,0,0,9,6,3,9,5,4,7,5,2,0,0,0,1700,934,766
411,District-Mahasamund,Urban,6,1324,662,662,1,1,0,0,0,0,0,0,0,14,5,9,17,13,4,7,2,5,0,0,0,1285,641,644
411,District-Mahasamund,Urban,7,376,179,197,0,0,0,0,0,0,0,0,0,40,15,25,4,3,1,4,3,1,0,0,0,328,158,170
411,District-Mahasamund,Urban,8,218,105,113,3,1,2,0,0,0,0,0,0,50,29,21,7,6,1,1,0,1,0,0,0,157,69,88
411,District-Mahasamund,Urban,9,139,82,57,3,2,1,0,0,0,2,1,1,40,22,18,9,7,2,2,2,0,0,0,0,83,48,35
411,District-Mahasamund,Urban,10,248,144,104,6,2,4,2,1,1,0,0,0,75,46,29,16,11,5,4,2,2,2,2,0,143,80,63
411,District-Mahasamund,Urban,11,166,91,75,13,10,3,4,2,2,0,0,0,71,41,30,9,7,2,6,3,3,0,0,0,63,28,35
411,District-Mahasamund,Urban,12,311,173,138,29,17,12,8,5,3,7,7,0,140,72,68,23,16,7,5,2,3,0,0,0,99,54,45
411,District-Mahasamund,Urban,13,304,170,134,36,27,9,11,8,3,2,1,1,167,85,82,10,7,3,11,6,5,2,2,0,65,34,31
411,District-Mahasamund,Urban,14,396,212,184,65,42,23,18,10,8,7,3,4,216,123,93,17,7,10,5,3,2,2,1,1,66,23,43
411,District-Mahasamund,Urban,15,630,344,286,151,107,44,25,17,8,13,12,1,307,146,161,48,28,20,22,9,13,4,3,1,60,22,38
411,District-Mahasamund,Urban,16,823,467,356,253,188,65,50,31,19,18,15,3,367,183,184,46,23,23,11,4,7,5,2,3,73,21,52
411,District-Mahasamund,Urban,17,850,459,391,307,222,85,53,33,20,17,11,6,369,148,221,40,22,18,10,4,6,4,2,2,50,17,33
411,District-Mahasamund,Urban,18,1473,810,663,534,429,105,87,60,27,26,19,7,630,223,407,93,47,46,20,11,9,3,2,1,80,19,61
411,District-Mahasamund,Urban,19,1188,621,567,441,367,74,72,42,30,22,16,6,534,157,377,47,23,24,11,4,7,2,1,1,59,11,48
412,District-Dhamtari ,Total,5-19,51594,26484,25110,17970,10626,7344,5050,2317,2733,1497,688,809,8114,3330,4784,1263,583,680,331,96,235,86,33,53,17283,8811,8472
412,District-Dhamtari ,Total,5,8512,4332,4180,0,0,0,0,0,0,0,0,0,61,28,33,24,15,9,4,0,4,3,1,2,8420,4288,4132
412,District-Dhamtari ,Total,6,5522,2884,2638,1,1,0,0,0,0,0,0,0,75,40,35,12,5,7,4,2,2,0,0,0,5430,2836,2594
412,District-Dhamtari ,Total,7,1304,666,638,0,0,0,0,0,0,0,0,0,71,31,40,9,6,3,3,2,1,4,3,1,1217,624,593
412,District-Dhamtari ,Total,8,437,232,205,7,2,5,1,1,0,0,0,0,89,46,43,4,1,3,0,0,0,0,0,0,336,182,154
412,District-Dhamtari ,Total,9,348,173,175,7,5,2,0,0,0,0,0,0,84,41,43,2,1,1,2,1,1,0,0,0,253,125,128
412,District-Dhamtari ,Total,10,546,287,259,13,8,5,4,3,1,3,2,1,144,78,66,4,3,1,3,0,3,0,0,0,375,193,182
412,District-Dhamtari ,Total,11,415,211,204,52,31,21,11,6,5,6,4,2,149,77,72,20,9,11,3,2,1,2,1,1,172,81,91
412,District-Dhamtari ,Total,12,703,362,341,146,83,63,37,17,20,22,8,14,298,169,129,31,13,18,8,2,6,6,4,2,155,66,89
412,District-Dhamtari ,Total,13,799,436,363,188,120,68,72,36,36,23,14,9,336,191,145,40,12,28,8,3,5,4,0,4,128,60,68
412,District-Dhamtari ,Total,14,1397,767,630,445,285,160,175,93,82,58,31,27,490,250,240,62,29,33,20,9,11,5,3,2,142,67,75
412,District-Dhamtari ,Total,15,2583,1456,1127,1036,652,384,337,177,160,138,79,59,726,380,346,126,73,53,35,6,29,15,8,7,170,81,89
412,District-Dhamtari ,Total,16,4293,2327,1966,2088,1266,822,650,308,342,231,103,128,967,472,495,156,82,74,41,20,21,13,3,10,147,73,74
412,District-Dhamtari ,Total,17,5597,2999,2598,3024,1804,1220,920,455,465,240,121,119,1119,503,616,149,65,84,49,17,32,7,2,5,89,32,57
412,District-Dhamtari ,Total,18,9862,5010,4852,5712,3368,2344,1449,638,811,405,184,221,1723,587,1136,344,148,196,80,18,62,14,5,9,135,62,73
412,District-Dhamtari ,Total,19,9276,4342,4934,5251,3001,2250,1394,583,811,371,142,229,1782,437,1345,280,121,159,71,14,57,13,3,10,114,41,73
412,District-Dhamtari ,Rural,5-19,42054,21340,20714,15843,9137,6706,4580,2024,2556,1324,592,732,5501,2206,3295,1054,468,586,291,81,210,78,30,48,13383,6802,6581
412,District-Dhamtari ,Rural,5,6757,3424,3333,0,0,0,0,0,0,0,0,0,42,15,27,19,11,8,2,0,2,3,1,2,6691,3397,3294
412,District-Dhamtari ,Rural,6,4219,2200,2019,1,1,0,0,0,0,0,0,0,55,31,24,11,4,7,3,2,1,0,0,0,4149,2162,1987
412,District-Dhamtari ,Rural,7,997,506,491,0,0,0,0,0,0,0,0,0,52,21,31,7,4,3,3,2,1,4,3,1,931,476,455
412,District-Dhamtari ,Rural,8,333,175,158,6,2,4,1,1,0,0,0,0,70,37,33,3,1,2,0,0,0,0,0,0,253,134,119
412,District-Dhamtari ,Rural,9,263,132,131,5,3,2,0,0,0,0,0,0,63,29,34,2,1,1,0,0,0,0,0,0,193,99,94
412,District-Dhamtari ,Rural,10,399,205,194,11,6,5,3,3,0,3,2,1,95,50,45,2,1,1,3,0,3,0,0,0,282,143,139
412,District-Dhamtari ,Rural,11,311,157,154,43,26,17,9,4,5,5,3,2,109,54,55,15,7,8,1,1,0,1,0,1,128,62,66
412,District-Dhamtari ,Rural,12,533,274,259,122,67,55,31,14,17,18,6,12,199,116,83,29,12,17,7,2,5,6,4,2,121,53,68
412,District-Dhamtari ,Rural,13,595,312,283,147,93,54,62,29,33,22,13,9,225,126,99,32,10,22,8,3,5,3,0,3,96,38,58
412,District-Dhamtari ,Rural,14,1084,596,488,376,239,137,157,79,78,51,25,26,332,173,159,51,26,25,17,7,10,4,3,1,96,44,52
412,District-Dhamtari ,Rural,15,2127,1202,925,908,572,336,312,160,152,124,70,54,508,267,241,102,58,44,32,6,26,14,7,7,127,62,65
412,District-Dhamtari ,Rural,16,3541,1870,1671,1816,1066,750,588,267,321,215,92,123,656,322,334,124,62,62,37,18,19,11,3,8,94,40,54
412,District-Dhamtari ,Rural,17,4683,2465,2218,2676,1562,1114,832,395,437,213,106,107,737,314,423,119,51,68,43,14,29,7,2,5,56,21,35
412,District-Dhamtari ,Rural,18,8358,4174,4184,5040,2894,2146,1313,560,753,350,151,199,1175,380,795,297,123,174,72,14,58,14,5,9,97,47,50
412,District-Dhamtari ,Rural,19,7854,3648,4206,4692,2606,2086,1272,512,760,323,124,199,1183,271,912,241,97,144,63,12,51,11,2,9,69,24,45
412,District-Dhamtari ,Urban,5-19,9540,5144,4396,2127,1489,638,470,293,177,173,96,77,2613,1124,1489,209,115,94,40,15,25,8,3,5,3900,2009,1891
412,District-Dhamtari ,Urban,5,1755,908,847,0,0,0,0,0,0,0,0,0,19,13,6,5,4,1,2,0,2,0,0,0,1729,891,838
412,District-Dhamtari ,Urban,6,1303,684,619,0,0,0,0,0,0,0,0,0,20,9,11,1,1,0,1,0,1,0,0,0,1281,674,607
412,District-Dhamtari ,Urban,7,307,160,147,0,0,0,0,0,0,0,0,0,19,10,9,2,2,0,0,0,0,0,0,0,286,148,138
412,District-Dhamtari ,Urban,8,104,57,47,1,0,1,0,0,0,0,0,0,19,9,10,1,0,1,0,0,0,0,0,0,83,48,35
412,District-Dhamtari ,Urban,9,85,41,44,2,2,0,0,0,0,0,0,0,21,12,9,0,0,0,2,1,1,0,0,0,60,26,34
412,District-Dhamtari ,Urban,10,147,82,65,2,2,0,1,0,1,0,0,0,49,28,21,2,2,0,0,0,0,0,0,0,93,50,43
412,District-Dhamtari ,Urban,11,104,54,50,9,5,4,2,2,0,1,1,0,40,23,17,5,2,3,2,1,1,1,1,0,44,19,25
412,District-Dhamtari ,Urban,12,170,88,82,24,16,8,6,3,3,4,2,2,99,53,46,2,1,1,1,0,1,0,0,0,34,13,21
412,District-Dhamtari ,Urban,13,204,124,80,41,27,14,10,7,3,1,1,0,111,65,46,8,2,6,0,0,0,1,0,1,32,22,10
412,District-Dhamtari ,Urban,14,313,171,142,69,46,23,18,14,4,7,6,1,158,77,81,11,3,8,3,2,1,1,0,1,46,23,23
412,District-Dhamtari ,Urban,15,456,254,202,128,80,48,25,17,8,14,9,5,218,113,105,24,15,9,3,0,3,1,1,0,43,19,24
412,District-Dhamtari ,Urban,16,752,457,295,272,200,72,62,41,21,16,11,5,311,150,161,32,20,12,4,2,2,2,0,2,53,33,20
412,District-Dhamtari ,Urban,17,914,534,380,348,242,106,88,60,28,27,15,12,382,189,193,30,14,16,6,3,3,0,0,0,33,11,22
412,District-Dhamtari ,Urban,18,1504,836,668,672,474,198,136,78,58,55,33,22,548,207,341,47,25,22,8,4,4,0,0,0,38,15,23
412,District-Dhamtari ,Urban,19,1422,694,728,559,395,164,122,71,51,48,18,30,599,166,433,39,24,15,8,2,6,2,1,1,45,17,28
413,District-Uttar Bastar Kanker,Total,5-19,64195,31455,32740,14106,8639,5467,7770,3605,4165,1780,757,1023,7569,3035,4534,3529,1578,1951,1816,585,1231,561,191,370,27064,13065,13999
413,District-Uttar Bastar Kanker,Total,5,11252,5597,5655,2,0,2,1,1,0,0,0,0,37,17,20,41,25,16,19,9,10,12,6,6,11140,5539,5601
413,District-Uttar Bastar Kanker,Total,6,7858,4034,3824,2,0,2,4,1,3,0,0,0,72,31,41,32,15,17,29,12,17,9,4,5,7710,3971,3739
413,District-Uttar Bastar Kanker,Total,7,2608,1325,1283,12,7,5,3,1,2,2,1,1,134,70,64,27,17,10,16,3,13,10,7,3,2404,1219,1185
413,District-Uttar Bastar Kanker,Total,8,1302,600,702,11,9,2,5,2,3,1,0,1,150,74,76,32,14,18,21,9,12,7,3,4,1075,489,586
413,District-Uttar Bastar Kanker,Total,9,870,391,479,12,5,7,5,4,1,3,1,2,158,84,74,25,12,13,15,5,10,16,5,11,636,275,361
413,District-Uttar Bastar Kanker,Total,10,1307,622,685,28,14,14,20,12,8,17,10,7,234,121,113,59,35,24,47,20,27,35,18,17,867,392,475
413,District-Uttar Bastar Kanker,Total,11,1033,507,526,117,77,40,59,26,33,34,17,17,257,135,122,62,33,29,52,14,38,18,5,13,434,200,234
413,District-Uttar Bastar Kanker,Total,12,1477,671,806,178,112,66,115,58,57,46,19,27,365,179,186,133,50,83,93,33,60,35,13,22,512,207,305
413,District-Uttar Bastar Kanker,Total,13,1471,669,802,247,130,117,152,77,75,71,31,40,382,185,197,158,70,88,64,24,40,45,15,30,352,137,215
413,District-Uttar Bastar Kanker,Total,14,2208,1049,1159,493,291,202,319,138,181,95,43,52,517,256,261,203,92,111,123,48,75,52,18,34,406,163,243
413,District-Uttar Bastar Kanker,Total,15,3768,1839,1929,1121,695,426,697,340,357,186,95,91,716,315,401,370,175,195,214,70,144,78,24,54,386,125,261
413,District-Uttar Bastar Kanker,Total,16,4949,2481,2468,1718,1048,670,998,470,528,286,123,163,892,398,494,436,223,213,224,79,145,55,16,39,340,124,216
413,District-Uttar Bastar Kanker,Total,17,5480,2744,2736,2149,1341,808,1283,614,669,270,110,160,830,322,508,455,206,249,216,59,157,48,15,33,229,77,152
413,District-Uttar Bastar Kanker,Total,18,9848,4846,5002,4171,2603,1568,2152,1009,1143,418,181,237,1456,471,985,840,350,490,380,119,261,88,26,62,343,87,256
413,District-Uttar Bastar Kanker,Total,19,8764,4080,4684,3845,2307,1538,1957,852,1105,351,126,225,1369,377,992,656,261,395,303,81,222,53,16,37,230,60,170
413,District-Uttar Bastar Kanker,Rural,5-19,60258,29366,30892,13371,8143,5228,7492,3422,4070,1739,733,1006,6533,2595,3938,3476,1544,1932,1788,572,1216,555,188,367,25304,12169,13135
413,District-Uttar Bastar Kanker,Rural,5,10482,5205,5277,2,0,2,1,1,0,0,0,0,31,15,16,39,24,15,17,8,9,12,6,6,10380,5151,5229
413,District-Uttar Bastar Kanker,Rural,6,7241,3704,3537,1,0,1,4,1,3,0,0,0,67,29,38,31,15,16,28,11,17,9,4,5,7101,3644,3457
413,District-Uttar Bastar Kanker,Rural,7,2487,1256,1231,11,7,4,3,1,2,2,1,1,128,67,61,27,17,10,16,3,13,10,7,3,2290,1153,1137
413,District-Uttar Bastar Kanker,Rural,8,1253,579,674,11,9,2,5,2,3,1,0,1,138,68,70,30,13,17,21,9,12,7,3,4,1040,475,565
413,District-Uttar Bastar Kanker,Rural,9,835,377,458,12,5,7,5,4,1,3,1,2,145,75,70,25,12,13,15,5,10,16,5,11,614,270,344
413,District-Uttar Bastar Kanker,Rural,10,1230,575,655,26,13,13,20,12,8,17,10,7,210,104,106,59,35,24,46,19,27,35,18,17,817,364,453
413,District-Uttar Bastar Kanker,Rural,11,981,483,498,113,76,37,58,25,33,33,16,17,234,124,110,62,33,29,52,14,38,18,5,13,411,190,221
413,District-Uttar Bastar Kanker,Rural,12,1399,624,775,167,101,66,108,51,57,45,19,26,334,163,171,130,48,82,91,33,58,35,13,22,489,196,293
413,District-Uttar Bastar Kanker,Rural,13,1403,637,766,235,126,109,147,74,73,70,31,39,346,167,179,156,68,88,64,24,40,45,15,30,340,132,208
413,District-Uttar Bastar Kanker,Rural,14,2106,990,1116,475,277,198,305,128,177,93,43,50,467,230,237,201,91,110,122,47,75,52,18,34,391,156,235
413,District-Uttar Bastar Kanker,Rural,15,3572,1727,1845,1065,656,409,674,326,348,182,92,90,635,271,364,366,171,195,209,68,141,77,24,53,364,119,245
413,District-Uttar Bastar Kanker,Rural,16,4693,2338,2355,1641,995,646,965,454,511,281,121,160,783,339,444,429,218,211,221,78,143,55,16,39,318,117,201
413,District-Uttar Bastar Kanker,Rural,17,5158,2563,2595,2029,1264,765,1232,585,647,259,101,158,708,266,442,448,200,248,216,59,157,48,15,33,218,73,145
413,District-Uttar Bastar Kanker,Rural,18,9259,4524,4735,3944,2451,1493,2075,953,1122,409,174,235,1227,388,839,830,345,485,374,115,259,84,24,60,316,74,242
413,District-Uttar Bastar Kanker,Rural,19,8159,3784,4375,3639,2163,1476,1890,805,1085,344,124,220,1080,289,791,643,254,389,296,79,217,52,15,37,215,55,160
413,District-Uttar Bastar Kanker,Urban,5-19,3937,2089,1848,735,496,239,278,183,95,41,24,17,1036,440,596,53,34,19,28,13,15,6,3,3,1760,896,864
413,District-Uttar Bastar Kanker,Urban,5,770,392,378,0,0,0,0,0,0,0,0,0,6,2,4,2,1,1,2,1,1,0,0,0,760,388,372
413,District-Uttar Bastar Kanker,Urban,6,617,330,287,1,0,1,0,0,0,0,0,0,5,2,3,1,0,1,1,1,0,0,0,0,609,327,282
413,District-Uttar Bastar Kanker,Urban,7,121,69,52,1,0,1,0,0,0,0,0,0,6,3,3,0,0,0,0,0,0,0,0,0,114,66,48
413,District-Uttar Bastar Kanker,Urban,8,49,21,28,0,0,0,0,0,0,0,0,0,12,6,6,2,1,1,0,0,0,0,0,0,35,14,21
413,District-Uttar Bastar Kanker,Urban,9,35,14,21,0,0,0,0,0,0,0,0,0,13,9,4,0,0,0,0,0,0,0,0,0,22,5,17
413,District-Uttar Bastar Kanker,Urban,10,77,47,30,2,1,1,0,0,0,0,0,0,24,17,7,0,0,0,1,1,0,0,0,0,50,28,22
413,District-Uttar Bastar Kanker,Urban,11,52,24,28,4,1,3,1,1,0,1,1,0,23,11,12,0,0,0,0,0,0,0,0,0,23,10,13
413,District-Uttar Bastar Kanker,Urban,12,78,47,31,11,11,0,7,7,0,1,0,1,31,16,15,3,2,1,2,0,2,0,0,0,23,11,12
413,District-Uttar Bastar Kanker,Urban,13,68,32,36,12,4,8,5,3,2,1,0,1,36,18,18,2,2,0,0,0,0,0,0,0,12,5,7
413,District-Uttar Bastar Kanker,Urban,14,102,59,43,18,14,4,14,10,4,2,0,2,50,26,24,2,1,1,1,1,0,0,0,0,15,7,8
413,District-Uttar Bastar Kanker,Urban,15,196,112,84,56,39,17,23,14,9,4,3,1,81,44,37,4,4,0,5,2,3,1,0,1,22,6,16
413,District-Uttar Bastar Kanker,Urban,16,256,143,113,77,53,24,33,16,17,5,2,3,109,59,50,7,5,2,3,1,2,0,0,0,22,7,15
413,District-Uttar Bastar Kanker,Urban,17,322,181,141,120,77,43,51,29,22,11,9,2,122,56,66,7,6,1,0,0,0,0,0,0,11,4,7
413,District-Uttar Bastar Kanker,Urban,18,589,322,267,227,152,75,77,56,21,9,7,2,229,83,146,10,5,5,6,4,2,4,2,2,27,13,14
413,District-Uttar Bastar Kanker,Urban,19,605,296,309,206,144,62,67,47,20,7,2,5,289,88,201,13,7,6,7,2,5,1,1,0,15,5,10
414,District-Bastar,Total,5-19,164487,76851,87636,14898,10545,4353,20156,9964,10192,5652,2498,3154,15740,6788,8952,9522,4672,4850,16600,5005,11595,5895,1818,4077,76024,35561,40463
414,District-Bastar,Total,5,24244,12199,12045,3,2,1,3,2,1,2,0,2,72,44,28,30,14,16,36,19,17,50,20,30,24048,12098,11950
414,District-Bastar,Total,6,17935,8927,9008,2,1,1,0,0,0,2,0,2,91,49,42,31,14,17,51,27,24,72,36,36,17686,8800,8886
414,District-Bastar,Total,7,8193,3955,4238,3,1,2,3,0,3,8,3,5,225,102,123,27,14,13,53,16,37,103,40,63,7771,3779,3992
414,District-Bastar,Total,8,5671,2692,2979,10,6,4,16,11,5,14,6,8,328,169,159,29,15,14,97,39,58,165,77,88,5012,2369,2643
414,District-Bastar,Total,9,3561,1629,1932,22,11,11,15,8,7,13,8,5,387,192,195,50,33,17,117,46,71,172,75,97,2785,1256,1529
414,District-Bastar,Total,10,5282,2514,2768,35,23,12,94,56,38,65,25,40,612,311,301,116,56,60,312,127,185,333,147,186,3715,1769,1946
414,District-Bastar,Total,11,3741,1656,2085,111,77,34,166,90,76,104,47,57,642,300,342,152,80,72,336,111,225,277,109,168,1953,842,1111
414,District-Bastar,Total,12,6521,2975,3546,249,172,77,431,226,205,269,113,156,1151,567,584,385,193,192,804,307,497,486,184,302,2746,1213,1533
414,District-Bastar,Total,13,5605,2386,3219,331,220,111,559,255,304,312,137,175,1069,504,565,324,155,169,794,251,543,441,150,291,1775,714,1061
414,District-Bastar,Total,14,7524,3370,4154,612,414,198,1142,579,563,477,219,258,1259,623,636,605,302,303,1243,418,825,494,160,334,1692,655,1037
414,District-Bastar,Total,15,11819,5547,6272,1371,932,439,2168,1103,1065,723,335,388,1670,815,855,1191,649,542,2072,717,1355,739,244,495,1885,752,1133
414,District-Bastar,Total,16,12876,5993,6883,1858,1323,535,2785,1391,1394,787,383,404,1713,782,931,1346,667,679,2242,745,1497,670,198,472,1475,504,971
414,District-Bastar,Total,17,12546,5776,6770,2205,1554,651,3218,1560,1658,809,348,461,1670,708,962,1140,594,546,1980,587,1393,526,124,402,998,301,697
414,District-Bastar,Total,18,21939,9948,11991,4326,3124,1202,5214,2629,2585,1159,506,653,2609,959,1650,2547,1222,1325,3790,1007,2783,825,170,655,1469,331,1138
414,District-Bastar,Total,19,17030,7284,9746,3760,2685,1075,4342,2054,2288,908,368,540,2242,663,1579,1549,664,885,2673,588,2085,542,84,458,1014,178,836
414,District-Bastar,Rural,5-19,153069,70918,82151,12906,9046,3860,19460,9579,9881,5437,2371,3066,12638,5509,7129,9102,4465,4637,16352,4933,11419,5822,1789,4033,71352,33226,38126
414,District-Bastar,Rural,5,22251,11147,11104,1,1,0,3,2,1,2,0,2,56,34,22,25,10,15,34,18,16,49,19,30,22081,11063,11018
414,District-Bastar,Rural,6,16500,8202,8298,2,1,1,0,0,0,2,0,2,71,39,32,26,11,15,47,24,23,72,36,36,16280,8091,8189
414,District-Bastar,Rural,7,7854,3795,4059,2,1,1,3,0,3,8,3,5,185,81,104,25,13,12,53,16,37,103,40,63,7475,3641,3834
414,District-Bastar,Rural,8,5513,2613,2900,7,5,2,16,11,5,14,6,8,293,154,139,29,15,14,96,39,57,165,77,88,4893,2306,2587
414,District-Bastar,Rural,9,3417,1550,1867,20,11,9,15,8,7,13,8,5,335,163,172,49,32,17,117,46,71,170,74,96,2698,1208,1490
414,District-Bastar,Rural,10,5077,2400,2677,32,21,11,92,54,38,65,25,40,546,272,274,112,54,58,308,125,183,330,145,185,3592,1704,1888
414,District-Bastar,Rural,11,3580,1568,2012,99,66,33,156,83,73,100,45,55,579,269,310,144,76,68,333,111,222,275,108,167,1894,810,1084
414,District-Bastar,Rural,12,6247,2822,3425,227,157,70,417,217,200,264,111,153,1034,501,533,371,184,187,795,305,490,478,179,299,2661,1168,1493
414,District-Bastar,Rural,13,5316,2240,3076,283,187,96,539,243,296,305,134,171,948,442,506,307,144,163,782,250,532,439,150,289,1713,690,1023
414,District-Bastar,Rural,14,7145,3177,3968,549,367,182,1106,564,542,467,215,252,1112,551,561,571,288,283,1229,413,816,486,155,331,1625,624,1001
414,District-Bastar,Rural,15,11161,5194,5967,1215,825,390,2108,1063,1045,699,316,383,1423,701,722,1144,626,518,2048,714,1334,728,241,487,1796,708,1088
414,District-Bastar,Rural,16,12044,5519,6525,1613,1138,475,2709,1343,1366,759,365,394,1420,647,773,1272,631,641,2198,724,1474,659,193,466,1414,478,936
414,District-Bastar,Rural,17,11576,5261,6315,1943,1354,589,3106,1502,1604,775,326,449,1254,529,725,1096,573,523,1952,577,1375,520,122,398,930,278,652
414,District-Bastar,Rural,18,20073,8971,11102,3710,2653,1057,5019,2528,2491,1110,478,632,1876,678,1198,2441,1175,1266,3724,991,2733,814,166,648,1379,302,1077
414,District-Bastar,Rural,19,15315,6459,8856,3203,2259,944,4171,1961,2210,854,339,515,1506,448,1058,1490,633,857,2636,580,2056,534,84,450,921,155,766
414,District-Bastar,Urban,5-19,11418,5933,5485,1992,1499,493,696,385,311,215,127,88,3102,1279,1823,420,207,213,248,72,176,73,29,44,4672,2335,2337
414,District-Bastar,Urban,5,1993,1052,941,2,1,1,0,0,0,0,0,0,16,10,6,5,4,1,2,1,1,1,1,0,1967,1035,932
414,District-Bastar,Urban,6,1435,725,710,0,0,0,0,0,0,0,0,0,20,10,10,5,3,2,4,3,1,0,0,0,1406,709,697
414,District-Bastar,Urban,7,339,160,179,1,0,1,0,0,0,0,0,0,40,21,19,2,1,1,0,0,0,0,0,0,296,138,158
414,District-Bastar,Urban,8,158,79,79,3,1,2,0,0,0,0,0,0,35,15,20,0,0,0,1,0,1,0,0,0,119,63,56
414,District-Bastar,Urban,9,144,79,65,2,0,2,0,0,0,0,0,0,52,29,23,1,1,0,0,0,0,2,1,1,87,48,39
414,District-Bastar,Urban,10,205,114,91,3,2,1,2,2,0,0,0,0,66,39,27,4,2,2,4,2,2,3,2,1,123,65,58
414,District-Bastar,Urban,11,161,88,73,12,11,1,10,7,3,4,2,2,63,31,32,8,4,4,3,0,3,2,1,1,59,32,27
414,District-Bastar,Urban,12,274,153,121,22,15,7,14,9,5,5,2,3,117,66,51,14,9,5,9,2,7,8,5,3,85,45,40
414,District-Bastar,Urban,13,289,146,143,48,33,15,20,12,8,7,3,4,121,62,59,17,11,6,12,1,11,2,0,2,62,24,38
414,District-Bastar,Urban,14,379,193,186,63,47,16,36,15,21,10,4,6,147,72,75,34,14,20,14,5,9,8,5,3,67,31,36
414,District-Bastar,Urban,15,658,353,305,156,107,49,60,40,20,24,19,5,247,114,133,47,23,24,24,3,21,11,3,8,89,44,45
414,District-Bastar,Urban,16,832,474,358,245,185,60,76,48,28,28,18,10,293,135,158,74,36,38,44,21,23,11,5,6,61,26,35
414,District-Bastar,Urban,17,970,515,455,262,200,62,112,58,54,34,22,12,416,179,237,44,21,23,28,10,18,6,2,4,68,23,45
414,District-Bastar,Urban,18,1866,977,889,616,471,145,195,101,94,49,28,21,733,281,452,106,47,59,66,16,50,11,4,7,90,29,61
414,District-Bastar,Urban,19,1715,825,890,557,426,131,171,93,78,54,29,25,736,215,521,59,31,28,37,8,29,8,0,8,93,23,70
415,District-Narayanpur,Total,5-19,22622,10653,11969,1439,904,535,1551,771,780,598,252,346,1590,730,860,2026,1018,1008,2159,737,1422,914,336,578,12345,5905,6440
415,District-Narayanpur,Total,5,3179,1576,1603,0,0,0,0,0,0,1,0,1,15,7,8,12,5,7,18,8,10,8,4,4,3125,1552,1573
415,District-Narayanpur,Total,6,2503,1231,1272,2,1,1,0,0,0,0,0,0,21,11,10,10,6,4,19,7,12,8,4,4,2443,1202,1241
415,District-Narayanpur,Total,7,1486,709,777,1,1,0,0,0,0,2,2,0,52,21,31,5,3,2,15,3,12,16,8,8,1395,671,724
415,District-Narayanpur,Total,8,1244,622,622,1,0,1,2,2,0,2,0,2,56,31,25,12,6,6,13,7,6,20,8,12,1138,568,570
415,District-Narayanpur,Total,9,860,405,455,4,2,2,2,1,1,8,4,4,63,27,36,18,11,7,34,14,20,33,11,22,698,335,363
415,District-Narayanpur,Total,10,1368,664,704,4,3,1,16,8,8,10,8,2,124,56,68,65,38,27,60,25,35,80,29,51,1009,497,512
415,District-Narayanpur,Total,11,889,409,480,17,10,7,25,8,17,30,12,18,109,47,62,59,26,33,78,35,43,78,36,42,493,235,258
415,District-Narayanpur,Total,12,1214,539,675,43,30,13,46,20,26,47,16,31,139,68,71,105,57,48,145,50,95,101,41,60,588,257,331
415,District-Narayanpur,Total,13,1048,468,580,59,33,26,69,34,35,52,24,28,147,73,74,99,52,47,141,46,95,101,42,59,380,164,216
415,District-Narayanpur,Total,14,1089,484,605,86,41,45,92,36,56,70,27,43,154,84,70,161,80,81,169,63,106,97,41,56,260,112,148
415,District-Narayanpur,Total,15,1450,688,762,147,89,58,181,83,98,60,26,34,151,81,70,233,134,99,275,106,169,102,33,69,301,136,165
415,District-Narayanpur,Total,16,1452,687,765,183,117,66,226,125,101,82,30,52,129,58,71,292,154,138,294,99,195,78,29,49,168,75,93
415,District-Narayanpur,Total,17,1323,583,740,217,142,75,246,114,132,77,34,43,121,51,70,259,121,138,229,71,158,57,18,39,117,32,85
415,District-Narayanpur,Total,18,1937,905,1032,345,228,117,373,186,187,89,45,44,149,61,88,392,187,205,381,136,245,79,21,58,129,41,88
415,District-Narayanpur,Total,19,1580,683,897,330,207,123,273,154,119,68,24,44,160,54,106,304,138,166,288,67,221,56,11,45,101,28,73
415,District-Narayanpur,Rural,5-19,21334,10046,11288,1244,780,464,1451,721,730,572,240,332,1294,615,679,1984,1001,983,2133,730,1403,910,335,575,11746,5624,6122
415,District-Narayanpur,Rural,5,2934,1461,1473,0,0,0,0,0,0,1,0,1,14,7,7,12,5,7,18,8,10,7,4,3,2882,1437,1445
415,District-Narayanpur,Rural,6,2308,1123,1185,1,0,1,0,0,0,0,0,0,16,10,6,9,5,4,19,7,12,8,4,4,2255,1097,1158
415,District-Narayanpur,Rural,7,1435,687,748,1,1,0,0,0,0,2,2,0,49,20,29,5,3,2,15,3,12,16,8,8,1347,650,697
415,District-Narayanpur,Rural,8,1223,610,613,1,0,1,2,2,0,2,0,2,53,29,24,12,6,6,12,7,5,20,8,12,1121,558,563
415,District-Narayanpur,Rural,9,837,397,440,3,2,1,2,1,1,7,4,3,56,23,33,18,11,7,33,14,19,33,11,22,685,331,354
415,District-Narayanpur,Rural,10,1335,648,687,4,3,1,16,8,8,10,8,2,109,47,62,64,37,27,60,25,35,80,29,51,992,491,501
415,District-Narayanpur,Rural,11,871,399,472,14,8,6,25,8,17,29,12,17,104,43,61,58,26,32,78,35,43,78,36,42,485,231,254
415,District-Narayanpur,Rural,12,1190,526,664,40,28,12,44,18,26,47,16,31,127,64,63,105,57,48,144,50,94,100,40,60,583,253,330
415,District-Narayanpur,Rural,13,1002,447,555,52,28,24,67,34,33,51,23,28,127,63,64,97,51,46,140,46,94,101,42,59,367,160,207
415,District-Narayanpur,Rural,14,1054,468,586,79,38,41,91,36,55,70,27,43,134,75,59,158,78,80,168,62,106,97,41,56,257,111,146
415,District-Narayanpur,Rural,15,1392,663,729,137,85,52,171,79,92,58,25,33,125,68,57,231,133,98,272,105,167,102,33,69,296,135,161
415,District-Narayanpur,Rural,16,1380,656,724,168,107,61,214,120,94,78,29,49,106,50,56,286,150,136,293,99,194,78,29,49,157,72,85
415,District-Narayanpur,Rural,17,1213,532,681,184,116,68,222,105,117,73,31,42,87,40,47,254,120,134,224,70,154,57,18,39,112,32,80
415,District-Narayanpur,Rural,18,1765,827,938,289,196,93,343,169,174,82,40,42,98,45,53,382,183,199,373,133,240,79,21,58,119,40,79
415,District-Narayanpur,Rural,19,1395,602,793,271,168,103,254,141,113,62,23,39,89,31,58,293,136,157,284,66,218,54,11,43,88,26,62
415,District-Narayanpur,Urban,5-19,1288,607,681,195,124,71,100,50,50,26,12,14,296,115,181,42,17,25,26,7,19,4,1,3,599,281,318
415,District-Narayanpur,Urban,5,245,115,130,0,0,0,0,0,0,0,0,0,1,0,1,0,0,0,0,0,0,1,0,1,243,115,128
415,District-Narayanpur,Urban,6,195,108,87,1,1,0,0,0,0,0,0,0,5,1,4,1,1,0,0,0,0,0,0,0,188,105,83
415,District-Narayanpur,Urban,7,51,22,29,0,0,0,0,0,0,0,0,0,3,1,2,0,0,0,0,0,0,0,0,0,48,21,27
415,District-Narayanpur,Urban,8,21,12,9,0,0,0,0,0,0,0,0,0,3,2,1,0,0,0,1,0,1,0,0,0,17,10,7
415,District-Narayanpur,Urban,9,23,8,15,1,0,1,0,0,0,1,0,1,7,4,3,0,0,0,1,0,1,0,0,0,13,4,9
415,District-Narayanpur,Urban,10,33,16,17,0,0,0,0,0,0,0,0,0,15,9,6,1,1,0,0,0,0,0,0,0,17,6,11
415,District-Narayanpur,Urban,11,18,10,8,3,2,1,0,0,0,1,0,1,5,4,1,1,0,1,0,0,0,0,0,0,8,4,4
415,District-Narayanpur,Urban,12,24,13,11,3,2,1,2,2,0,0,0,0,12,4,8,0,0,0,1,0,1,1,1,0,5,4,1
415,District-Narayanpur,Urban,13,46,21,25,7,5,2,2,0,2,1,1,0,20,10,10,2,1,1,1,0,1,0,0,0,13,4,9
415,District-Narayanpur,Urban,14,35,16,19,7,3,4,1,0,1,0,0,0,20,9,11,3,2,1,1,1,0,0,0,0,3,1,2
415,District-Narayanpur,Urban,15,58,25,33,10,4,6,10,4,6,2,1,1,26,13,13,2,1,1,3,1,2,0,0,0,5,1,4
415,District-Narayanpur,Urban,16,72,31,41,15,10,5,12,5,7,4,1,3,23,8,15,6,4,2,1,0,1,0,0,0,11,3,8
415,District-Narayanpur,Urban,17,110,51,59,33,26,7,24,9,15,4,3,1,34,11,23,5,1,4,5,1,4,0,0,0,5,0,5
415,District-Narayanpur,Urban,18,172,78,94,56,32,24,30,17,13,7,5,2,51,16,35,10,4,6,8,3,5,0,0,0,10,1,9
415,District-Narayanpur,Urban,19,185,81,104,59,39,20,19,13,6,6,1,5,71,23,48,11,2,9,4,1,3,2,0,2,13,2,11
416,District-Dakshin Bastar Dantewada,Total,5-19,87143,39054,48089,4995,3458,1537,4146,2093,2053,962,463,499,5874,2810,3064,12292,5556,6736,11709,3652,8057,2945,976,1969,44220,20046,24174
416,District-Dakshin Bastar Dantewada,Total,5,8222,4028,4194,1,1,0,1,1,0,0,0,0,20,12,8,50,31,19,35,16,19,14,5,9,8101,3962,4139
416,District-Dakshin Bastar Dantewada,Total,6,7082,3429,3653,1,0,1,0,0,0,0,0,0,60,30,30,29,13,16,44,15,29,24,14,10,6924,3357,3567
416,District-Dakshin Bastar Dantewada,Total,7,4998,2321,2677,1,1,0,1,1,0,0,0,0,114,57,57,47,20,27,68,34,34,47,17,30,4720,2191,2529
416,District-Dakshin Bastar Dantewada,Total,8,5240,2457,2783,5,2,3,7,4,3,3,1,2,213,117,96,78,34,44,165,74,91,92,39,53,4677,2186,2491
416,District-Dakshin Bastar Dantewada,Total,9,3522,1613,1909,17,11,6,14,6,8,8,4,4,212,100,112,107,48,59,178,76,102,100,45,55,2886,1323,1563
416,District-Dakshin Bastar Dantewada,Total,10,6036,2796,3240,34,22,12,41,22,19,18,10,8,452,245,207,290,154,136,365,146,219,244,99,145,4592,2098,2494
416,District-Dakshin Bastar Dantewada,Total,11,3378,1488,1890,66,49,17,66,29,37,23,11,12,340,161,179,253,122,131,306,106,200,163,71,92,2161,939,1222
416,District-Dakshin Bastar Dantewada,Total,12,5527,2457,3070,122,87,35,150,80,70,60,34,26,553,284,269,522,243,279,738,278,460,289,101,188,3093,1350,1743
416,District-Dakshin Bastar Dantewada,Total,13,4031,1722,2309,156,102,54,148,66,82,67,31,36,508,249,259,505,214,291,578,207,371,226,72,154,1843,781,1062
416,District-Dakshin Bastar Dantewada,Total,14,4830,2169,2661,302,185,117,301,148,153,99,44,55,491,262,229,873,409,464,905,336,569,313,121,192,1546,664,882
416,District-Dakshin Bastar Dantewada,Total,15,6578,2970,3608,541,363,178,538,283,255,153,81,72,594,316,278,1569,755,814,1472,523,949,374,141,233,1337,508,829
416,District-Dakshin Bastar Dantewada,Total,16,6234,2701,3533,634,427,207,626,337,289,138,66,72,471,235,236,1653,759,894,1549,481,1068,310,88,222,853,308,545
416,District-Dakshin Bastar Dantewada,Total,17,5423,2391,3032,744,519,225,571,300,271,116,60,56,499,243,256,1526,690,836,1287,369,918,217,63,154,463,147,316
416,District-Dakshin Bastar Dantewada,Total,18,9461,3930,5531,1288,924,364,998,478,520,169,76,93,683,268,415,3008,1373,1635,2349,609,1740,357,73,284,609,129,480
416,District-Dakshin Bastar Dantewada,Total,19,6581,2582,3999,1083,765,318,684,338,346,108,45,63,664,231,433,1782,691,1091,1670,382,1288,175,27,148,415,103,312
416,District-Dakshin Bastar Dantewada,Rural,5-19,80601,35815,44786,4184,2819,1365,3938,1976,1962,898,429,469,4156,2077,2079,11941,5395,6546,11505,3589,7916,2902,966,1936,41077,18564,22513
416,District-Dakshin Bastar Dantewada,Rural,5,7089,3481,3608,1,1,0,1,1,0,0,0,0,13,10,3,50,31,19,35,16,19,14,5,9,6975,3417,3558
416,District-Dakshin Bastar Dantewada,Rural,6,6237,3020,3217,1,0,1,0,0,0,0,0,0,43,22,21,28,13,15,44,15,29,24,14,10,6097,2956,3141
416,District-Dakshin Bastar Dantewada,Rural,7,4749,2193,2556,1,1,0,1,1,0,0,0,0,100,50,50,47,20,27,68,34,34,47,17,30,4485,2070,2415
416,District-Dakshin Bastar Dantewada,Rural,8,5062,2354,2708,5,2,3,6,4,2,3,1,2,190,104,86,77,33,44,165,74,91,91,38,53,4525,2098,2427
416,District-Dakshin Bastar Dantewada,Rural,9,3434,1571,1863,15,10,5,13,5,8,8,4,4,190,94,96,107,48,59,178,76,102,99,45,54,2824,1289,1535
416,District-Dakshin Bastar Dantewada,Rural,10,5871,2707,3164,29,18,11,40,21,19,17,9,8,421,226,195,287,152,135,362,144,218,243,99,144,4472,2038,2434
416,District-Dakshin Bastar Dantewada,Rural,11,3245,1426,1819,61,44,17,65,28,37,22,11,11,295,144,151,247,120,127,303,104,199,160,70,90,2092,905,1187
416,District-Dakshin Bastar Dantewada,Rural,12,5326,2364,2962,102,74,28,144,75,69,58,33,25,487,248,239,512,238,274,733,277,456,286,101,185,3004,1318,1686
416,District-Dakshin Bastar Dantewada,Rural,13,3848,1628,2220,138,88,50,141,64,77,67,31,36,437,212,225,490,207,283,571,205,366,224,71,153,1780,750,1030
416,District-Dakshin Bastar Dantewada,Rural,14,4598,2066,2532,276,174,102,292,144,148,97,43,54,389,209,180,852,404,448,892,334,558,312,121,191,1488,637,851
416,District-Dakshin Bastar Dantewada,Rural,15,6202,2780,3422,487,322,165,512,271,241,148,78,70,467,246,221,1526,734,792,1435,509,926,371,141,230,1256,479,777
416,District-Dakshin Bastar Dantewada,Rural,16,5815,2481,3334,556,368,188,597,318,279,131,62,69,302,148,154,1602,733,869,1523,475,1048,303,87,216,801,290,511
416,District-Dakshin Bastar Dantewada,Rural,17,4938,2138,2800,644,436,208,540,281,259,107,54,53,274,146,128,1484,671,813,1263,362,901,210,62,148,416,126,290
416,District-Dakshin Bastar Dantewada,Rural,18,8546,3484,5062,1049,729,320,948,452,496,150,69,81,301,125,176,2916,1330,1586,2293,593,1700,350,70,280,539,116,423
416,District-Dakshin Bastar Dantewada,Rural,19,5641,2122,3519,819,552,267,638,311,327,90,34,56,247,93,154,1716,661,1055,1640,371,1269,168,25,143,323,75,248
416,District-Dakshin Bastar Dantewada,Urban,5-19,6542,3239,3303,811,639,172,208,117,91,64,34,30,1718,733,985,351,161,190,204,63,141,43,10,33,3143,1482,1661
416,District-Dakshin Bastar Dantewada,Urban,5,1133,547,586,0,0,0,0,0,0,0,0,0,7,2,5,0,0,0,0,0,0,0,0,0,1126,545,581
416,District-Dakshin Bastar Dantewada,Urban,6,845,409,436,0,0,0,0,0,0,0,0,0,17,8,9,1,0,1,0,0,0,0,0,0,827,401,426
416,District-Dakshin Bastar Dantewada,Urban,7,249,128,121,0,0,0,0,0,0,0,0,0,14,7,7,0,0,0,0,0,0,0,0,0,235,121,114
416,District-Dakshin Bastar Dantewada,Urban,8,178,103,75,0,0,0,1,0,1,0,0,0,23,13,10,1,1,0,0,0,0,1,1,0,152,88,64
416,District-Dakshin Bastar Dantewada,Urban,9,88,42,46,2,1,1,1,1,0,0,0,0,22,6,16,0,0,0,0,0,0,1,0,1,62,34,28
416,District-Dakshin Bastar Dantewada,Urban,10,165,89,76,5,4,1,1,1,0,1,1,0,31,19,12,3,2,1,3,2,1,1,0,1,120,60,60
416,District-Dakshin Bastar Dantewada,Urban,11,133,62,71,5,5,0,1,1,0,1,0,1,45,17,28,6,2,4,3,2,1,3,1,2,69,34,35
416,District-Dakshin Bastar Dantewada,Urban,12,201,93,108,20,13,7,6,5,1,2,1,1,66,36,30,10,5,5,5,1,4,3,0,3,89,32,57
416,District-Dakshin Bastar Dantewada,Urban,13,183,94,89,18,14,4,7,2,5,0,0,0,71,37,34,15,7,8,7,2,5,2,1,1,63,31,32
416,District-Dakshin Bastar Dantewada,Urban,14,232,103,129,26,11,15,9,4,5,2,1,1,102,53,49,21,5,16,13,2,11,1,0,1,58,27,31
416,District-Dakshin Bastar Dantewada,Urban,15,376,190,186,54,41,13,26,12,14,5,3,2,127,70,57,43,21,22,37,14,23,3,0,3,81,29,52
416,District-Dakshin Bastar Dantewada,Urban,16,419,220,199,78,59,19,29,19,10,7,4,3,169,87,82,51,26,25,26,6,20,7,1,6,52,18,34
416,District-Dakshin Bastar Dantewada,Urban,17,485,253,232,100,83,17,31,19,12,9,6,3,225,97,128,42,19,23,24,7,17,7,1,6,47,21,26
416,District-Dakshin Bastar Dantewada,Urban,18,915,446,469,239,195,44,50,26,24,19,7,12,382,143,239,92,43,49,56,16,40,7,3,4,70,13,57
416,District-Dakshin Bastar Dantewada,Urban,19,940,460,480,264,213,51,46,27,19,18,11,7,417,138,279,66,30,36,30,11,19,7,2,5,92,28,64
417,District-Bijapur,Total,5-19,49875,23368,26507,1856,1241,615,2135,1176,959,578,292,286,2277,1119,1158,4596,1977,2619,6889,2723,4166,1858,713,1145,29686,14127,15559
417,District-Bijapur,Total,5,6112,3063,3049,1,1,0,0,0,0,0,0,0,11,7,4,15,10,5,52,28,24,17,4,13,6016,3013,3003
417,District-Bijapur,Total,6,5166,2528,2638,0,0,0,0,0,0,1,1,0,34,20,14,25,13,12,84,41,43,32,18,14,4990,2435,2555
417,District-Bijapur,Total,7,3402,1641,1761,1,0,1,1,1,0,2,2,0,58,31,27,38,19,19,103,49,54,35,22,13,3164,1517,1647
417,District-Bijapur,Total,8,3665,1762,1903,2,2,0,3,1,2,4,1,3,94,48,46,62,35,27,173,87,86,47,29,18,3280,1559,1721
417,District-Bijapur,Total,9,2395,1136,1259,6,4,2,6,5,1,7,3,4,78,36,42,60,30,30,155,80,75,64,21,43,2019,957,1062
417,District-Bijapur,Total,10,3681,1797,1884,19,16,3,17,8,9,11,9,2,160,98,62,135,56,79,370,176,194,117,53,64,2852,1381,1471
417,District-Bijapur,Total,11,2098,989,1109,22,13,9,41,25,16,11,5,6,115,70,45,158,68,90,239,113,126,77,34,43,1435,661,774
417,District-Bijapur,Total,12,3186,1521,1665,78,48,30,80,40,40,29,16,13,215,115,100,281,135,146,542,262,280,200,83,117,1761,822,939
417,District-Bijapur,Total,13,2081,967,1114,51,27,24,83,42,41,28,18,10,194,101,93,224,95,129,387,170,217,118,54,64,996,460,536
417,District-Bijapur,Total,14,2278,1059,1219,99,61,38,167,102,65,41,24,17,200,121,79,364,162,202,468,168,300,181,75,106,758,346,412
417,District-Bijapur,Total,15,3606,1699,1907,219,143,76,281,164,117,95,50,45,248,132,116,642,317,325,874,364,510,289,114,175,958,415,543
417,District-Bijapur,Total,16,2786,1284,1502,217,142,75,304,184,120,83,44,39,181,86,95,564,239,325,771,312,459,172,61,111,494,216,278
417,District-Bijapur,Total,17,2340,1047,1293,258,174,84,289,152,137,72,36,36,170,76,94,445,184,261,639,237,402,153,57,96,314,131,183
417,District-Bijapur,Total,18,4103,1755,2348,497,340,157,497,273,224,107,51,56,269,105,164,938,387,551,1185,403,782,213,55,158,397,141,256
417,District-Bijapur,Total,19,2976,1120,1856,386,270,116,366,179,187,87,32,55,250,73,177,645,227,418,847,233,614,143,33,110,252,73,179
417,District-Bijapur,Rural,5-19,47398,22221,25177,1623,1064,559,2055,1131,924,538,266,272,1833,964,869,4497,1936,2561,6771,2691,4080,1817,698,1119,28264,13471,14793
417,District-Bijapur,Rural,5,5656,2832,2824,1,1,0,0,0,0,0,0,0,10,6,4,14,9,5,52,28,24,17,4,13,5562,2784,2778
417,District-Bijapur,Rural,6,4805,2338,2467,0,0,0,0,0,0,1,1,0,29,17,12,25,13,12,82,39,43,32,18,14,4636,2250,2386
417,District-Bijapur,Rural,7,3229,1561,1668,1,0,1,1,1,0,2,2,0,55,29,26,37,19,18,103,49,54,35,22,13,2995,1439,1556
417,District-Bijapur,Rural,8,3578,1721,1857,2,2,0,3,1,2,4,1,3,89,45,44,61,35,26,173,87,86,47,29,18,3199,1521,1678
417,District-Bijapur,Rural,9,2354,1122,1232,6,4,2,6,5,1,7,3,4,69,34,35,59,30,29,155,80,75,64,21,43,1988,945,1043
417,District-Bijapur,Rural,10,3598,1755,1843,19,16,3,16,7,9,11,9,2,148,91,57,134,55,79,369,175,194,117,53,64,2784,1349,1435
417,District-Bijapur,Rural,11,2050,966,1084,20,11,9,41,25,16,10,5,5,100,64,36,158,68,90,239,113,126,75,32,43,1407,648,759
417,District-Bijapur,Rural,12,3110,1480,1630,72,44,28,79,40,39,27,15,12,199,110,89,275,130,145,538,260,278,200,83,117,1720,798,922
417,District-Bijapur,Rural,13,2010,941,1069,46,24,22,83,42,41,28,18,10,167,87,80,223,94,129,384,169,215,117,53,64,962,454,508
417,District-Bijapur,Rural,14,2220,1037,1183,94,59,35,165,100,65,41,24,17,187,114,73,359,161,198,463,166,297,177,74,103,734,339,395
417,District-Bijapur,Rural,15,3483,1656,1827,203,136,67,276,161,115,90,47,43,211,119,92,629,312,317,862,361,501,282,112,170,930,408,522
417,District-Bijapur,Rural,16,2630,1203,1427,190,120,70,291,174,117,77,39,38,136,68,68,548,233,315,752,305,447,168,59,109,468,205,263
417,District-Bijapur,Rural,17,2185,977,1208,224,152,72,277,148,129,61,28,33,116,52,64,434,178,256,620,235,385,150,56,94,303,128,175
417,District-Bijapur,Rural,18,3826,1628,2198,428,281,147,472,260,212,99,45,54,192,84,108,918,377,541,1154,396,758,204,51,153,359,134,225
417,District-Bijapur,Rural,19,2664,1004,1660,317,214,103,345,167,178,80,29,51,125,44,81,623,222,401,825,228,597,132,31,101,217,69,148
417,District-Bijapur,Urban,5-19,2477,1147,1330,233,177,56,80,45,35,40,26,14,444,155,289,99,41,58,118,32,86,41,15,26,1422,656,766
417,District-Bijapur,Urban,5,456,231,225,0,0,0,0,0,0,0,0,0,1,1,0,1,1,0,0,0,0,0,0,0,454,229,225
417,District-Bijapur,Urban,6,361,190,171,0,0,0,0,0,0,0,0,0,5,3,2,0,0,0,2,2,0,0,0,0,354,185,169
417,District-Bijapur,Urban,7,173,80,93,0,0,0,0,0,0,0,0,0,3,2,1,1,0,1,0,0,0,0,0,0,169,78,91
417,District-Bijapur,Urban,8,87,41,46,0,0,0,0,0,0,0,0,0,5,3,2,1,0,1,0,0,0,0,0,0,81,38,43
417,District-Bijapur,Urban,9,41,14,27,0,0,0,0,0,0,0,0,0,9,2,7,1,0,1,0,0,0,0,0,0,31,12,19
417,District-Bijapur,Urban,10,83,42,41,0,0,0,1,1,0,0,0,0,12,7,5,1,1,0,1,1,0,0,0,0,68,32,36
417,District-Bijapur,Urban,11,48,23,25,2,2,0,0,0,0,1,0,1,15,6,9,0,0,0,0,0,0,2,2,0,28,13,15
417,District-Bijapur,Urban,12,76,41,35,6,4,2,1,0,1,2,1,1,16,5,11,6,5,1,4,2,2,0,0,0,41,24,17
417,District-Bijapur,Urban,13,71,26,45,5,3,2,0,0,0,0,0,0,27,14,13,1,1,0,3,1,2,1,1,0,34,6,28
417,District-Bijapur,Urban,14,58,22,36,5,2,3,2,2,0,0,0,0,13,7,6,5,1,4,5,2,3,4,1,3,24,7,17
417,District-Bijapur,Urban,15,123,43,80,16,7,9,5,3,2,5,3,2,37,13,24,13,5,8,12,3,9,7,2,5,28,7,21
417,District-Bijapur,Urban,16,156,81,75,27,22,5,13,10,3,6,5,1,45,18,27,16,6,10,19,7,12,4,2,2,26,11,15
417,District-Bijapur,Urban,17,155,70,85,34,22,12,12,4,8,11,8,3,54,24,30,11,6,5,19,2,17,3,1,2,11,3,8
417,District-Bijapur,Urban,18,277,127,150,69,59,10,25,13,12,8,6,2,77,21,56,20,10,10,31,7,24,9,4,5,38,7,31
417,District-Bijapur,Urban,19,312,116,196,69,56,13,21,12,9,7,3,4,125,29,96,22,5,17,22,5,17,11,2,9,35,4,31
