090,District-North West,Total,5-19,231874,128406,103468,30557,27554,3003,2518,2034,484,859,739,120,59459,23841,35618,9227,7388,1839,1002,734,268,300,236,64,127952,65880,62072
090,District-North West,Total,5,48992,26446,22546,15,12,3,0,0,0,0,0,0,397,217,180,147,87,60,45,24,21,2,1,1,48386,26105,22281
090,District-North West,Total,6,34241,18423,15818,9,7,2,2,0,2,0,0,0,478,241,237,108,67,41,34,18,16,2,1,1,33608,18089,15519
090,District-North West,Total,7,10043,5352,4691,23,18,5,2,1,1,0,0,0,504,274,230,56,44,12,13,7,6,0,0,0,9445,5008,4437
090,District-North West,Total,8,5339,2811,2528,32,26,6,3,2,1,0,0,0,566,287,279,43,22,21,11,7,4,1,1,0,4683,2466,2217
090,District-North West,Total,9,4253,2272,1981,30,21,9,4,4,0,1,0,1,532,298,234,29,17,12,6,3,3,3,1,2,3648,1928,1720
090,District-North West,Total,10,6214,3320,2894,73,56,17,8,6,2,3,2,1,888,469,419,106,75,31,24,18,6,6,5,1,5106,2689,2417
090,District-North West,Total,11,4076,2152,1924,204,173,31,15,13,2,5,4,1,1099,512,587,109,80,29,14,7,7,4,4,0,2626,1359,1267
090,District-North West,Total,12,5395,2978,2417,426,361,65,52,44,8,10,8,2,1905,931,974,258,190,68,39,29,10,7,5,2,2698,1410,1288
090,District-North West,Total,13,4981,2643,2338,517,433,84,44,34,10,12,11,1,2006,932,1074,305,226,79,37,25,12,14,11,3,2046,971,1075
090,District-North West,Total,14,7060,3784,3276,966,821,145,80,63,17,47,37,10,3185,1480,1705,460,323,137,59,43,16,10,9,1,2253,1008,1245
090,District-North West,Total,15,10871,6231,4640,1945,1693,252,181,149,32,70,61,9,4829,2235,2594,970,748,222,114,87,27,43,33,10,2719,1225,1494
090,District-North West,Total,16,13735,7686,6049,2931,2564,367,317,239,78,90,77,13,6639,2797,3842,1094,838,256,122,91,31,37,31,6,2505,1049,1456
090,District-North West,Total,17,16647,9788,6859,4409,3933,476,410,348,62,123,108,15,8148,3419,4729,1229,1001,228,130,98,32,51,36,15,2147,845,1302
090,District-North West,Total,18,33230,19450,13780,10287,9453,834,757,610,147,281,247,34,15334,5543,9791,2640,2244,396,228,179,49,75,60,15,3628,1114,2514
090,District-North West,Total,19,26797,15070,11727,8690,7983,707,643,521,122,217,184,33,12949,4206,8743,1673,1426,247,126,98,28,45,38,7,2454,614,1840
090,District-North West,Rural,5-19,16509,9027,7482,2094,1899,195,232,187,45,74,64,10,4348,1629,2719,638,525,113,73,49,24,25,22,3,9025,4652,4373
090,District-North West,Rural,5,3529,1961,1568,1,1,0,0,0,0,0,0,0,13,10,3,9,6,3,1,1,0,1,1,0,3504,1942,1562
090,District-North West,Rural,6,2323,1306,1017,0,0,0,0,0,0,0,0,0,17,8,9,5,4,1,3,2,1,0,0,0,2298,1292,1006
090,District-North West,Rural,7,640,340,300,1,1,0,0,0,0,0,0,0,23,10,13,2,2,0,1,0,1,0,0,0,613,327,286
090,District-North West,Rural,8,352,191,161,6,5,1,0,0,0,0,0,0,33,16,17,2,2,0,1,1,0,0,0,0,310,167,143
090,District-North West,Rural,9,256,142,114,1,1,0,1,1,0,0,0,0,36,13,23,1,1,0,0,0,0,0,0,0,217,126,91
090,District-North West,Rural,10,375,195,180,3,2,1,1,1,0,0,0,0,50,29,21,3,3,0,0,0,0,0,0,0,318,160,158
090,District-North West,Rural,11,246,117,129,10,10,0,1,1,0,0,0,0,77,31,46,4,2,2,2,0,2,0,0,0,152,73,79
090,District-North West,Rural,12,392,210,182,23,18,5,4,4,0,3,2,1,145,75,70,12,8,4,1,1,0,1,1,0,203,101,102
090,District-North West,Rural,13,315,153,162,30,23,7,4,4,0,0,0,0,150,58,92,12,11,1,0,0,0,0,0,0,119,57,62
090,District-North West,Rural,14,496,237,259,58,51,7,4,3,1,3,3,0,232,94,138,24,18,6,1,1,0,2,2,0,172,65,107
090,District-North West,Rural,15,822,434,388,120,109,11,15,14,1,5,5,0,384,164,220,55,44,11,5,3,2,5,4,1,233,91,142
090,District-North West,Rural,16,1012,529,483,197,170,27,30,23,7,7,7,0,481,183,298,86,66,20,10,7,3,1,1,0,200,72,128
090,District-North West,Rural,17,1245,723,522,325,295,30,33,24,9,11,8,3,602,240,362,96,82,14,12,7,5,5,4,1,161,63,98
090,District-North West,Rural,18,2529,1420,1109,733,669,64,74,54,20,22,19,3,1129,391,738,217,180,37,23,18,5,8,7,1,323,82,241
090,District-North West,Rural,19,1977,1069,908,586,544,42,65,58,7,23,20,3,976,307,669,110,96,14,13,8,5,2,2,0,202,34,168
090,District-North West,Urban,5-19,215365,119379,95986,28463,25655,2808,2286,1847,439,785,675,110,55111,22212,32899,8589,6863,1726,929,685,244,275,214,61,118927,61228,57699
090,District-North West,Urban,5,45463,24485,20978,14,11,3,0,0,0,0,0,0,384,207,177,138,81,57,44,23,21,1,0,1,44882,24163,20719
090,District-North West,Urban,6,31918,17117,14801,9,7,2,2,0,2,0,0,0,461,233,228,103,63,40,31,16,15,2,1,1,31310,16797,14513
090,District-North West,Urban,7,9403,5012,4391,22,17,5,2,1,1,0,0,0,481,264,217,54,42,12,12,7,5,0,0,0,8832,4681,4151
090,District-North West,Urban,8,4987,2620,2367,26,21,5,3,2,1,0,0,0,533,271,262,41,20,21,10,6,4,1,1,0,4373,2299,2074
090,District-North West,Urban,9,3997,2130,1867,29,20,9,3,3,0,1,0,1,496,285,211,28,16,12,6,3,3,3,1,2,3431,1802,1629
090,District-North West,Urban,10,5839,3125,2714,70,54,16,7,5,2,3,2,1,838,440,398,103,72,31,24,18,6,6,5,1,4788,2529,2259
090,District-North West,Urban,11,3830,2035,1795,194,163,31,14,12,2,5,4,1,1022,481,541,105,78,27,12,7,5,4,4,0,2474,1286,1188
090,District-North West,Urban,12,5003,2768,2235,403,343,60,48,40,8,7,6,1,1760,856,904,246,182,64,38,28,10,6,4,2,2495,1309,1186
090,District-North West,Urban,13,4666,2490,2176,487,410,77,40,30,10,12,11,1,1856,874,982,293,215,78,37,25,12,14,11,3,1927,914,1013
090,District-North West,Urban,14,6564,3547,3017,908,770,138,76,60,16,44,34,10,2953,1386,1567,436,305,131,58,42,16,8,7,1,2081,943,1138
090,District-North West,Urban,15,10049,5797,4252,1825,1584,241,166,135,31,65,56,9,4445,2071,2374,915,704,211,109,84,25,38,29,9,2486,1134,1352
090,District-North West,Urban,16,12723,7157,5566,2734,2394,340,287,216,71,83,70,13,6158,2614,3544,1008,772,236,112,84,28,36,30,6,2305,977,1328
090,District-North West,Urban,17,15402,9065,6337,4084,3638,446,377,324,53,112,100,12,7546,3179,4367,1133,919,214,118,91,27,46,32,14,1986,782,1204
090,District-North West,Urban,18,30701,18030,12671,9554,8784,770,683,556,127,259,228,31,14205,5152,9053,2423,2064,359,205,161,44,67,53,14,3305,1032,2273
090,District-North West,Urban,19,24820,14001,10819,8104,7439,665,578,463,115,194,164,30,11973,3899,8074,1563,1330,233,113,90,23,43,36,7,2252,580,1672
091,District-North,Total,5-19,46716,26050,20666,6732,6048,684,522,407,115,125,96,29,12433,4870,7563,1870,1513,357,178,131,47,63,52,11,24793,12933,11860
091,District-North,Total,5,9957,5294,4663,8,6,2,0,0,0,0,0,0,117,60,57,105,46,59,8,2,6,3,1,2,9716,5179,4537
091,District-North,Total,6,7112,3847,3265,5,4,1,1,0,1,0,0,0,123,67,56,77,47,30,5,1,4,0,0,0,6901,3728,3173
091,District-North,Total,7,2005,1057,948,11,7,4,1,0,1,0,0,0,102,46,56,31,16,15,2,0,2,1,1,0,1857,987,870
091,District-North,Total,8,975,494,481,11,6,5,0,0,0,0,0,0,110,52,58,17,10,7,1,0,1,0,0,0,836,426,410
091,District-North,Total,9,826,456,370,14,10,4,0,0,0,1,1,0,119,62,57,26,13,13,2,2,0,1,0,1,663,368,295
091,District-North,Total,10,1127,646,481,15,9,6,3,2,1,0,0,0,174,95,79,35,20,15,4,4,0,0,0,0,896,516,380
091,District-North,Total,11,766,430,336,62,52,10,5,2,3,1,1,0,222,98,124,23,17,6,1,1,0,0,0,0,452,259,193
091,District-North,Total,12,980,568,412,91,84,7,18,14,4,5,4,1,373,187,186,51,40,11,7,6,1,1,1,0,434,232,202
091,District-North,Total,13,947,487,460,121,95,26,13,8,5,1,1,0,413,176,237,52,40,12,5,3,2,1,1,0,341,163,178
091,District-North,Total,14,1335,741,594,202,173,29,21,19,2,6,2,4,620,295,325,82,60,22,14,10,4,2,2,0,388,180,208
091,District-North,Total,15,2115,1219,896,418,373,45,37,29,8,13,7,6,966,420,546,189,147,42,19,15,4,9,7,2,464,221,243
091,District-North,Total,16,2819,1634,1185,670,590,80,61,45,16,15,13,2,1404,608,796,185,159,26,20,15,5,7,6,1,457,198,259
091,District-North,Total,17,3532,2063,1469,1009,912,97,80,61,19,24,20,4,1789,700,1089,230,204,26,25,19,6,4,3,1,371,144,227
091,District-North,Total,18,6433,3862,2571,2074,1886,188,149,119,30,36,27,9,3042,1122,1920,489,437,52,44,37,7,18,17,1,581,217,364
091,District-North,Total,19,5787,3252,2535,2021,1841,180,133,108,25,23,20,3,2859,882,1977,278,257,21,21,16,5,16,13,3,436,115,321
091,District-North,Rural,5-19,939,488,451,87,74,13,15,13,2,5,4,1,195,64,131,41,18,23,2,1,1,0,0,0,594,314,280
091,District-North,Rural,5,233,132,101,0,0,0,0,0,0,0,0,0,0,0,0,5,2,3,0,0,0,0,0,0,228,130,98
091,District-North,Rural,6,183,92,91,0,0,0,0,0,0,0,0,0,1,0,1,7,4,3,0,0,0,0,0,0,175,88,87
091,District-North,Rural,7,56,33,23,0,0,0,0,0,0,0,0,0,2,1,1,1,1,0,0,0,0,0,0,0,53,31,22
091,District-North,Rural,8,28,13,15,0,0,0,0,0,0,0,0,0,2,0,2,0,0,0,0,0,0,0,0,0,26,13,13
091,District-North,Rural,9,14,6,8,0,0,0,0,0,0,0,0,0,2,2,0,0,0,0,0,0,0,0,0,0,12,4,8
091,District-North,Rural,10,31,14,17,0,0,0,0,0,0,0,0,0,5,3,2,0,0,0,0,0,0,0,0,0,26,11,15
091,District-North,Rural,11,13,8,5,0,0,0,0,0,0,0,0,0,1,0,1,2,1,1,0,0,0,0,0,0,10,7,3
091,District-North,Rural,12,12,6,6,0,0,0,0,0,0,0,0,0,5,2,3,0,0,0,0,0,0,0,0,0,7,4,3
091,District-North,Rural,13,16,12,4,2,2,0,0,0,0,0,0,0,3,3,0,1,1,0,0,0,0,0,0,0,10,6,4
091,District-North,Rural,14,17,9,8,1,1,0,0,0,0,0,0,0,10,6,4,1,0,1,0,0,0,0,0,0,5,2,3
091,District-North,Rural,15,34,19,15,5,4,1,1,1,0,0,0,0,12,6,6,5,1,4,1,1,0,0,0,0,10,6,4
091,District-North,Rural,16,43,24,19,11,10,1,1,1,0,1,1,0,19,5,14,4,2,2,1,0,1,0,0,0,6,5,1
091,District-North,Rural,17,58,30,28,16,14,2,4,3,1,1,1,0,26,10,16,5,1,4,0,0,0,0,0,0,6,1,5
091,District-North,Rural,18,98,43,55,22,18,4,5,4,1,3,2,1,50,11,39,7,3,4,0,0,0,0,0,0,11,5,6
091,District-North,Rural,19,103,47,56,30,25,5,4,4,0,0,0,0,57,15,42,3,2,1,0,0,0,0,0,0,9,1,8
091,District-North,Urban,5-19,45777,25562,20215,6645,5974,671,507,394,113,120,92,28,12238,4806,7432,1829,1495,334,176,130,46,63,52,11,24199,12619,11580
091,District-North,Urban,5,9724,5162,4562,8,6,2,0,0,0,0,0,0,117,60,57,100,44,56,8,2,6,3,1,2,9488,5049,4439
091,District-North,Urban,6,6929,3755,3174,5,4,1,1,0,1,0,0,0,122,67,55,70,43,27,5,1,4,0,0,0,6726,3640,3086
091,District-North,Urban,7,1949,1024,925,11,7,4,1,0,1,0,0,0,100,45,55,30,15,15,2,0,2,1,1,0,1804,956,848
091,District-North,Urban,8,947,481,466,11,6,5,0,0,0,0,0,0,108,52,56,17,10,7,1,0,1,0,0,0,810,413,397
091,District-North,Urban,9,812,450,362,14,10,4,0,0,0,1,1,0,117,60,57,26,13,13,2,2,0,1,0,1,651,364,287
091,District-North,Urban,10,1096,632,464,15,9,6,3,2,1,0,0,0,169,92,77,35,20,15,4,4,0,0,0,0,870,505,365
091,District-North,Urban,11,753,422,331,62,52,10,5,2,3,1,1,0,221,98,123,21,16,5,1,1,0,0,0,0,442,252,190
091,District-North,Urban,12,968,562,406,91,84,7,18,14,4,5,4,1,368,185,183,51,40,11,7,6,1,1,1,0,427,228,199
091,District-North,Urban,13,931,475,456,119,93,26,13,8,5,1,1,0,410,173,237,51,39,12,5,3,2,1,1,0,331,157,174
091,District-North,Urban,14,1318,732,586,201,172,29,21,19,2,6,2,4,610,289,321,81,60,21,14,10,4,2,2,0,383,178,205
091,District-North,Urban,15,2081,1200,881,413,369,44,36,28,8,13,7,6,954,414,540,184,146,38,18,14,4,9,7,2,454,215,239
091,District-North,Urban,16,2776,1610,1166,659,580,79,60,44,16,14,12,2,1385,603,782,181,157,24,19,15,4,7,6,1,451,193,258
091,District-North,Urban,17,3474,2033,1441,993,898,95,76,58,18,23,19,4,1763,690,1073,225,203,22,25,19,6,4,3,1,365,143,222
091,District-North,Urban,18,6335,3819,2516,2052,1868,184,144,115,29,33,25,8,2992,1111,1881,482,434,48,44,37,7,18,17,1,570,212,358
091,District-North,Urban,19,5684,3205,2479,1991,1816,175,129,104,25,23,20,3,2802,867,1935,275,255,20,21,16,5,16,13,3,427,114,313
092,District-North East,Total,5-19,174786,93941,80845,20915,19126,1789,2258,1711,547,589,428,161,50072,18476,31596,5897,5117,780,913,652,261,166,116,50,93976,48315,45661
092,District-North East,Total,5,35612,19124,16488,15,14,1,0,0,0,0,0,0,298,164,134,125,80,45,34,20,14,1,0,1,35139,18846,16293
092,District-North East,Total,6,25925,13902,12023,21,19,2,2,2,0,0,0,0,309,165,144,85,44,41,31,13,18,1,0,1,25476,13659,11817
092,District-North East,Total,7,7458,3962,3496,25,23,2,3,1,2,1,0,1,471,235,236,29,18,11,12,5,7,0,0,0,6917,3680,3237
092,District-North East,Total,8,4081,2211,1870,19,16,3,6,2,4,2,2,0,544,265,279,29,21,8,10,7,3,1,0,1,3470,1898,1572
092,District-North East,Total,9,2802,1439,1363,26,17,9,4,4,0,2,1,1,524,262,262,22,15,7,14,5,9,2,0,2,2208,1135,1073
092,District-North East,Total,10,4223,2297,1926,32,30,2,6,3,3,7,7,0,880,458,422,58,40,18,15,9,6,6,4,2,3219,1746,1473
092,District-North East,Total,11,2893,1547,1346,124,111,13,10,8,2,2,2,0,919,441,478,69,56,13,21,12,9,4,3,1,1744,914,830
092,District-North East,Total,12,3954,2166,1788,268,237,31,36,26,10,14,9,5,1520,739,781,163,138,25,26,18,8,9,7,2,1918,992,926
092,District-North East,Total,13,4038,2140,1898,330,287,43,52,44,8,16,13,3,1850,844,1006,182,142,40,35,21,14,12,9,3,1561,780,781
092,District-North East,Total,14,6077,3201,2876,679,597,82,103,78,25,46,32,14,2973,1299,1674,325,270,55,47,36,11,11,9,2,1893,880,1013
092,District-North East,Total,15,8683,4635,4048,1349,1207,142,174,131,43,37,26,11,4434,1833,2601,540,466,74,93,65,28,15,12,3,2041,895,1146
092,District-North East,Total,16,11612,6293,5319,2221,2008,213,302,225,77,85,63,22,6005,2325,3680,753,645,108,142,108,34,26,18,8,2078,901,1177
092,District-North East,Total,17,13140,7027,6113,3045,2773,272,348,272,76,100,73,27,7015,2513,4502,769,675,94,97,74,23,22,17,5,1744,630,1114
092,District-North East,Total,18,24729,13496,11233,6867,6316,551,660,489,171,151,108,43,12323,3962,8361,1680,1536,144,211,161,50,37,24,13,2800,900,1900
092,District-North East,Total,19,19559,10501,9058,5894,5471,423,552,426,126,126,92,34,10007,2971,7036,1068,971,97,125,98,27,19,13,6,1768,459,1309
092,District-North East,Rural,5-19,1938,1037,901,201,189,12,11,11,0,3,3,0,409,135,274,113,95,18,11,7,4,2,2,0,1188,595,593
092,District-North East,Rural,5,384,203,181,0,0,0,0,0,0,0,0,0,3,1,2,1,1,0,1,0,1,0,0,0,379,201,178
092,District-North East,Rural,6,284,147,137,1,1,0,0,0,0,0,0,0,2,1,1,1,0,1,0,0,0,0,0,0,280,145,135
092,District-North East,Rural,7,103,59,44,0,0,0,0,0,0,0,0,0,4,4,0,0,0,0,1,1,0,0,0,0,98,54,44
092,District-North East,Rural,8,68,36,32,0,0,0,0,0,0,0,0,0,3,3,0,0,0,0,0,0,0,0,0,0,65,33,32
092,District-North East,Rural,9,35,22,13,0,0,0,0,0,0,0,0,0,3,2,1,1,1,0,1,0,1,0,0,0,30,19,11
092,District-North East,Rural,10,85,45,40,0,0,0,0,0,0,0,0,0,13,7,6,3,2,1,0,0,0,0,0,0,69,36,33
092,District-North East,Rural,11,43,22,21,2,2,0,0,0,0,0,0,0,5,3,2,2,1,1,1,0,1,0,0,0,33,16,17
092,District-North East,Rural,12,58,23,35,2,2,0,0,0,0,0,0,0,14,7,7,3,1,2,0,0,0,0,0,0,39,13,26
092,District-North East,Rural,13,55,29,26,7,7,0,0,0,0,0,0,0,20,8,12,6,4,2,0,0,0,0,0,0,22,10,12
092,District-North East,Rural,14,60,26,34,2,2,0,0,0,0,0,0,0,18,7,11,5,3,2,0,0,0,0,0,0,35,14,21
092,District-North East,Rural,15,95,52,43,17,15,2,1,1,0,0,0,0,35,10,25,13,11,2,2,2,0,1,1,0,26,12,14
092,District-North East,Rural,16,97,59,38,19,19,0,2,2,0,0,0,0,36,12,24,13,10,3,1,1,0,0,0,0,26,15,11
092,District-North East,Rural,17,113,66,47,19,18,1,3,3,0,1,1,0,56,25,31,15,13,2,0,0,0,1,1,0,18,5,13
092,District-North East,Rural,18,255,148,107,77,73,4,5,5,0,0,0,0,102,24,78,33,31,2,3,2,1,0,0,0,35,13,22
092,District-North East,Rural,19,203,100,103,55,50,5,0,0,0,2,2,0,95,21,74,17,17,0,1,1,0,0,0,0,33,9,24
092,District-North East,Urban,5-19,172848,92904,79944,20714,18937,1777,2247,1700,547,586,425,161,49663,18341,31322,5784,5022,762,902,645,257,164,114,50,92788,47720,45068
092,District-North East,Urban,5,35228,18921,16307,15,14,1,0,0,0,0,0,0,295,163,132,124,79,45,33,20,13,1,0,1,34760,18645,16115
092,District-North East,Urban,6,25641,13755,11886,20,18,2,2,2,0,0,0,0,307,164,143,84,44,40,31,13,18,1,0,1,25196,13514,11682
092,District-North East,Urban,7,7355,3903,3452,25,23,2,3,1,2,1,0,1,467,231,236,29,18,11,11,4,7,0,0,0,6819,3626,3193
092,District-North East,Urban,8,4013,2175,1838,19,16,3,6,2,4,2,2,0,541,262,279,29,21,8,10,7,3,1,0,1,3405,1865,1540
092,District-North East,Urban,9,2767,1417,1350,26,17,9,4,4,0,2,1,1,521,260,261,21,14,7,13,5,8,2,0,2,2178,1116,1062
092,District-North East,Urban,10,4138,2252,1886,32,30,2,6,3,3,7,7,0,867,451,416,55,38,17,15,9,6,6,4,2,3150,1710,1440
092,District-North East,Urban,11,2850,1525,1325,122,109,13,10,8,2,2,2,0,914,438,476,67,55,12,20,12,8,4,3,1,1711,898,813
092,District-North East,Urban,12,3896,2143,1753,266,235,31,36,26,10,14,9,5,1506,732,774,160,137,23,26,18,8,9,7,2,1879,979,900
092,District-North East,Urban,13,3983,2111,1872,323,280,43,52,44,8,16,13,3,1830,836,994,176,138,38,35,21,14,12,9,3,1539,770,769
092,District-North East,Urban,14,6017,3175,2842,677,595,82,103,78,25,46,32,14,2955,1292,1663,320,267,53,47,36,11,11,9,2,1858,866,992
092,District-North East,Urban,15,8588,4583,4005,1332,1192,140,173,130,43,37,26,11,4399,1823,2576,527,455,72,91,63,28,14,11,3,2015,883,1132
092,District-North East,Urban,16,11515,6234,5281,2202,1989,213,300,223,77,85,63,22,5969,2313,3656,740,635,105,141,107,34,26,18,8,2052,886,1166
092,District-North East,Urban,17,13027,6961,6066,3026,2755,271,345,269,76,99,72,27,6959,2488,4471,754,662,92,97,74,23,21,16,5,1726,625,1101
092,District-North East,Urban,18,24474,13348,11126,6790,6243,547,655,484,171,151,108,43,12221,3938,8283,1647,1505,142,208,159,49,37,24,13,2765,887,1878
092,District-North East,Urban,19,19356,10401,8955,5839,5421,418,552,426,126,124,90,34,9912,2950,6962,1051,954,97,124,97,27,19,13,6,1735,450,1285
093,District-East,Total,5-19,84287,46937,37350,11167,9897,1270,998,805,193,315,254,61,21982,9137,12845,3046,2354,692,369,268,101,82,60,22,46328,24162,22166
093,District-East,Total,5,19517,10513,9004,11,8,3,1,1,0,0,0,0,168,87,81,45,23,22,19,9,10,0,0,0,19273,10385,8888
093,District-East,Total,6,13866,7521,6345,7,7,0,1,1,0,1,1,0,224,116,108,36,20,16,14,4,10,0,0,0,13583,7372,6211
093,District-East,Total,7,3326,1768,1558,16,12,4,0,0,0,0,0,0,354,180,174,16,7,9,10,5,5,0,0,0,2930,1564,1366
093,District-East,Total,8,1756,884,872,9,6,3,0,0,0,0,0,0,379,193,186,18,10,8,6,5,1,0,0,0,1344,670,674
093,District-East,Total,9,1338,690,648,10,5,5,3,3,0,1,1,0,336,175,161,24,14,10,3,2,1,1,1,0,960,489,471
093,District-East,Total,10,1872,986,886,21,14,7,3,2,1,1,1,0,471,261,210,19,12,7,4,3,1,1,0,1,1352,693,659
093,District-East,Total,11,1363,724,639,80,62,18,6,6,0,1,1,0,556,273,283,41,27,14,7,5,2,1,0,1,671,350,321
093,District-East,Total,12,1879,1008,871,191,161,30,16,12,4,8,7,1,766,366,400,107,74,33,9,7,2,9,7,2,773,374,399
093,District-East,Total,13,1739,924,815,185,156,29,23,18,5,8,5,3,794,367,427,87,59,28,7,5,2,2,0,2,633,314,319
093,District-East,Total,14,2638,1432,1206,359,301,58,32,24,8,15,11,4,1234,575,659,190,129,61,27,21,6,7,5,2,774,366,408
093,District-East,Total,15,3703,2108,1595,701,584,117,83,68,15,22,16,6,1738,804,934,333,256,77,36,25,11,4,3,1,786,352,434
093,District-East,Total,16,4861,2785,2076,1088,948,140,126,99,27,32,26,6,2393,1060,1333,370,279,91,39,26,13,9,5,4,804,342,462
093,District-East,Total,17,5770,3463,2307,1604,1436,168,159,130,29,56,44,12,2850,1218,1632,364,287,77,55,42,13,11,9,2,671,297,374
093,District-East,Total,18,11109,6691,4418,3663,3294,369,287,237,50,87,73,14,5074,1907,3167,864,725,139,72,61,11,26,21,5,1036,373,663
093,District-East,Total,19,9550,5440,4110,3222,2903,319,258,204,54,83,68,15,4645,1555,3090,532,432,100,61,48,13,11,9,2,738,221,517
093,District-East,Rural,5-19,88,48,40,5,5,0,1,1,0,0,0,0,19,10,9,10,5,5,0,0,0,0,0,0,53,27,26
093,District-East,Rural,5,32,17,15,0,0,0,0,0,0,0,0,0,0,0,0,0,0,0,0,0,0,0,0,0,32,17,15
093,District-East,Rural,6,17,9,8,0,0,0,0,0,0,0,0,0,1,1,0,0,0,0,0,0,0,0,0,0,16,8,8
093,District-East,Rural,7,0,0,0,0,0,0,0,0,0,0,0,0,0,0,0,0,0,0,0,0,0,0,0,0,0,0,0
093,District-East,Rural,8,0,0,0,0,0,0,0,0,0,0,0,0,0,0,0,0,0,0,0,0,0,0,0,0,0,0,0
093,District-East,Rural,9,0,0,0,0,0,0,0,0,0,0,0,0,0,0,0,0,0,0,0,0,0,0,0,0,0,0,0
093,District-East,Rural,10,0,0,0,0,0,0,0,0,0,0,0,0,0,0,0,0,0,0,0,0,0,0,0,0,0,0,0
093,District-East,Rural,11,1,0,1,0,0,0,0,0,0,0,0,0,1,0,1,0,0,0,0,0,0,0,0,0,0,0,0
093,District-East,Rural,12,1,1,0,0,0,0,0,0,0,0,0,0,1,1,0,0,0,0,0,0,0,0,0,0,0,0,0
093,District-East,Rural,13,1,0,1,0,0,0,0,0,0,0,0,0,1,0,1,0,0,0,0,0,0,0,0,0,0,0,0
093,District-East,Rural,14,2,1,1,0,0,0,0,0,0,0,0,0,0,0,0,0,0,0,0,0,0,0,0,0,2,1,1
093,District-East,Rural,15,3,2,1,1,1,0,0,0,0,0,0,0,1,1,0,0,0,0,0,0,0,0,0,0,1,0,1
093,District-East,Rural,16,4,4,0,1,1,0,0,0,0,0,0,0,1,1,0,1,1,0,0,0,0,0,0,0,1,1,0
093,District-East,Rural,17,3,1,2,0,0,0,0,0,0,0,0,0,1,0,1,2,1,1,0,0,0,0,0,0,0,0,0
093,District-East,Rural,18,11,4,7,0,0,0,0,0,0,0,0,0,6,2,4,4,2,2,0,0,0,0,0,0,1,0,1
093,District-East,Rural,19,13,9,4,3,3,0,1,1,0,0,0,0,6,4,2,3,1,2,0,0,0,0,0,0,0,0,0
093,District-East,Urban,5-19,84199,46889,37310,11162,9892,1270,997,804,193,315,254,61,21963,9127,12836,3036,2349,687,369,268,101,82,60,22,46275,24135,22140
093,District-East,Urban,5,19485,10496,8989,11,8,3,1,1,0,0,0,0,168,87,81,45,23,22,19,9,10,0,0,0,19241,10368,8873
093,District-East,Urban,6,13849,7512,6337,7,7,0,1,1,0,1,1,0,223,115,108,36,20,16,14,4,10,0,0,0,13567,7364,6203
093,District-East,Urban,7,3326,1768,1558,16,12,4,0,0,0,0,0,0,354,180,174,16,7,9,10,5,5,0,0,0,2930,1564,1366
093,District-East,Urban,8,1756,884,872,9,6,3,0,0,0,0,0,0,379,193,186,18,10,8,6,5,1,0,0,0,1344,670,674
093,District-East,Urban,9,1338,690,648,10,5,5,3,3,0,1,1,0,336,175,161,24,14,10,3,2,1,1,1,0,960,489,471
093,District-East,Urban,10,1872,986,886,21,14,7,3,2,1,1,1,0,471,261,210,19,12,7,4,3,1,1,0,1,1352,693,659
093,District-East,Urban,11,1362,724,638,80,62,18,6,6,0,1,1,0,555,273,282,41,27,14,7,5,2,1,0,1,671,350,321
093,District-East,Urban,12,1878,1007,871,191,161,30,16,12,4,8,7,1,765,365,400,107,74,33,9,7,2,9,7,2,773,374,399
093,District-East,Urban,13,1738,924,814,185,156,29,23,18,5,8,5,3,793,367,426,87,59,28,7,5,2,2,0,2,633,314,319
093,District-East,Urban,14,2636,1431,1205,359,301,58,32,24,8,15,11,4,1234,575,659,190,129,61,27,21,6,7,5,2,772,365,407
093,District-East,Urban,15,3700,2106,1594,700,583,117,83,68,15,22,16,6,1737,803,934,333,256,77,36,25,11,4,3,1,785,352,433
093,District-East,Urban,16,4857,2781,2076,1087,947,140,126,99,27,32,26,6,2392,1059,1333,369,278,91,39,26,13,9,5,4,803,341,462
093,District-East,Urban,17,5767,3462,2305,1604,1436,168,159,130,29,56,44,12,2849,1218,1631,362,286,76,55,42,13,11,9,2,671,297,374
093,District-East,Urban,18,11098,6687,4411,3663,3294,369,287,237,50,87,73,14,5068,1905,3163,860,723,137,72,61,11,26,21,5,1035,373,662
093,District-East,Urban,19,9537,5431,4106,3219,2900,319,257,203,54,83,68,15,4639,1551,3088,529,431,98,61,48,13,11,9,2,738,221,517
094,District-New Delhi,Total,5-19,6064,3448,2616,1030,907,123,98,86,12,44,34,10,1785,774,1011,267,227,40,35,26,9,10,7,3,2795,1387,1408
094,District-New Delhi,Total,5,1106,572,534,4,4,0,1,1,0,0,0,0,24,12,12,3,0,3,1,1,0,1,1,0,1072,553,519
094,District-New Delhi,Total,6,819,431,388,2,2,0,0,0,0,0,0,0,27,15,12,8,6,2,4,2,2,1,1,0,777,405,372
094,District-New Delhi,Total,7,195,111,84,1,0,1,0,0,0,0,0,0,27,16,11,4,3,1,0,0,0,0,0,0,163,92,71
094,District-New Delhi,Total,8,129,70,59,1,1,0,0,0,0,0,0,0,34,24,10,1,1,0,0,0,0,0,0,0,93,44,49
094,District-New Delhi,Total,9,109,63,46,1,1,0,0,0,0,0,0,0,32,20,12,1,1,0,2,2,0,0,0,0,73,39,34
094,District-New Delhi,Total,10,165,87,78,3,2,1,0,0,0,0,0,0,52,28,24,3,2,1,0,0,0,0,0,0,107,55,52
094,District-New Delhi,Total,11,138,80,58,19,16,3,2,2,0,1,1,0,49,25,24,5,4,1,2,1,1,0,0,0,60,31,29
094,District-New Delhi,Total,12,160,89,71,18,17,1,3,3,0,0,0,0,75,40,35,3,2,1,2,0,2,0,0,0,59,27,32
094,District-New Delhi,Total,13,138,63,75,21,18,3,1,1,0,1,0,1,71,27,44,6,4,2,1,0,1,1,1,0,36,12,24
094,District-New Delhi,Total,14,201,118,83,34,27,7,3,3,0,1,0,1,105,55,50,17,14,3,5,4,1,0,0,0,36,15,21
094,District-New Delhi,Total,15,297,166,131,59,49,10,7,5,2,4,4,0,146,62,84,14,13,1,4,4,0,1,1,0,62,28,34
094,District-New Delhi,Total,16,375,219,156,86,79,7,8,6,2,1,0,1,190,83,107,28,24,4,2,2,0,1,0,1,59,25,34
094,District-New Delhi,Total,17,488,308,180,143,131,12,15,12,3,8,6,2,224,100,124,42,39,3,2,1,1,1,1,0,53,18,35
094,District-New Delhi,Total,18,910,574,336,325,287,38,25,25,0,17,14,3,380,150,230,80,70,10,4,3,1,2,1,1,77,24,53
094,District-New Delhi,Total,19,834,497,337,313,273,40,33,28,5,11,9,2,349,117,232,52,44,8,6,6,0,2,1,1,68,19,49
094,District-New Delhi,Rural,5-19,0,0,0,0,0,0,0,0,0,0,0,0,0,0,0,0,0,0,0,0,0,0,0,0,0,0,0
094,District-New Delhi,Rural,5,0,0,0,0,0,0,0,0,0,0,0,0,0,0,0,0,0,0,0,0,0,0,0,0,0,0,0
094,District-New Delhi,Rural,6,0,0,0,0,0,0,0,0,0,0,0,0,0,0,0,0,0,0,0,0,0,0,0,0,0,0,0
094,District-New Delhi,Rural,7,0,0,0,0,0,0,0,0,0,0,0,0,0,0,0,0,0,0,0,0,0,0,0,0,0,0,0
094,District-New Delhi,Rural,8,0,0,0,0,0,0,0,0,0,0,0,0,0,0,0,0,0,0,0,0,0,0,0,0,0,0,0
094,District-New Delhi,Rural,9,0,0,0,0,0,0,0,0,0,0,0,0,0,0,0,0,0,0,0,0,0,0,0,0,0,0,0
094,District-New Delhi,Rural,10,0,0,0,0,0,0,0,0,0,0,0,0,0,0,0,0,0,0,0,0,0,0,0,0,0,0,0
094,District-New Delhi,Rural,11,0,0,0,0,0,0,0,0,0,0,0,0,0,0,0,0,0,0,0,0,0,0,0,0,0,0,0
094,District-New Delhi,Rural,12,0,0,0,0,0,0,0,0,0,0,0,0,0,0,0,0,0,0,0,0,0,0,0,0,0,0,0
094,District-New Delhi,Rural,13,0,0,0,0,0,0,0,0,0,0,0,0,0,0,0,0,0,0,0,0,0,0,0,0,0,0,0
094,District-New Delhi,Rural,14,0,0,0,0,0,0,0,0,0,0,0,0,0,0,0,0,0,0,0,0,0,0,0,0,0,0,0
094,District-New Delhi,Rural,15,0,0,0,0,0,0,0,0,0,0,0,0,0,0,0,0,0,0,0,0,0,0,0,0,0,0,0
094,District-New Delhi,Rural,16,0,0,0,0,0,0,0,0,0,0,0,0,0,0,0,0,0,0,0,0,0,0,0,0,0,0,0
094,District-New Delhi,Rural,17,0,0,0,0,0,0,0,0,0,0,0,0,0,0,0,0,0,0,0,0,0,0,0,0,0,0,0
094,District-New Delhi,Rural,18,0,0,0,0,0,0,0,0,0,0,0,0,0,0,0,0,0,0,0,0,0,0,0,0,0,0,0
094,District-New Delhi,Rural,19,0,0,0,0,0,0,0,0,0,0,0,0,0,0,0,0,0,0,0,0,0,0,0,0,0,0,0
094,District-New Delhi,Urban,5-19,6064,3448,2616,1030,907,123,98,86,12,44,34,10,1785,774,1011,267,227,40,35,26,9,10,7,3,2795,1387,1408
094,District-New Delhi,Urban,5,1106,572,534,4,4,0,1,1,0,0,0,0,24,12,12,3,0,3,1,1,0,1,1,0,1072,553,519
094,District-New Delhi,Urban,6,819,431,388,2,2,0,0,0,0,0,0,0,27,15,12,8,6,2,4,2,2,1,1,0,777,405,372
094,District-New Delhi,Urban,7,195,111,84,1,0,1,0,0,0,0,0,0,27,16,11,4,3,1,0,0,0,0,0,0,163,92,71
094,District-New Delhi,Urban,8,129,70,59,1,1,0,0,0,0,0,0,0,34,24,10,1,1,0,0,0,0,0,0,0,93,44,49
094,District-New Delhi,Urban,9,109,63,46,1,1,0,0,0,0,0,0,0,32,20,12,1,1,0,2,2,0,0,0,0,73,39,34
094,District-New Delhi,Urban,10,165,87,78,3,2,1,0,0,0,0,0,0,52,28,24,3,2,1,0,0,0,0,0,0,107,55,52
094,District-New Delhi,Urban,11,138,80,58,19,16,3,2,2,0,1,1,0,49,25,24,5,4,1,2,1,1,0,0,0,60,31,29
094,District-New Delhi,Urban,12,160,89,71,18,17,1,3,3,0,0,0,0,75,40,35,3,2,1,2,0,2,0,0,0,59,27,32
094,District-New Delhi,Urban,13,138,63,75,21,18,3,1,1,0,1,0,1,71,27,44,6,4,2,1,0,1,1,1,0,36,12,24
094,District-New Delhi,Urban,14,201,118,83,34,27,7,3,3,0,1,0,1,105,55,50,17,14,3,5,4,1,0,0,0,36,15,21
094,District-New Delhi,Urban,15,297,166,131,59,49,10,7,5,2,4,4,0,146,62,84,14,13,1,4,4,0,1,1,0,62,28,34
094,District-New Delhi,Urban,16,375,219,156,86,79,7,8,6,2,1,0,1,190,83,107,28,24,4,2,2,0,1,0,1,59,25,34
094,District-New Delhi,Urban,17,488,308,180,143,131,12,15,12,3,8,6,2,224,100,124,42,39,3,2,1,1,1,1,0,53,18,35
094,District-New Delhi,Urban,18,910,574,336,325,287,38,25,25,0,17,14,3,380,150,230,80,70,10,4,3,1,2,1,1,77,24,53
094,District-New Delhi,Urban,19,834,497,337,313,273,40,33,28,5,11,9,2,349,117,232,52,44,8,6,6,0,2,1,1,68,19,49
095,District-Central,Total,5-19,33257,19228,14029,5515,5067,448,448,343,105,110,86,24,10130,3953,6177,1818,1619,199,234,185,49,48,41,7,14954,7934,7020
095,District-Central,Total,5,5594,3001,2593,7,3,4,0,0,0,0,0,0,87,39,48,17,11,6,18,10,8,0,0,0,5465,2938,2527
095,District-Central,Total,6,3820,2023,1797,7,4,3,0,0,0,0,0,0,106,55,51,21,9,12,9,4,5,0,0,0,3677,1951,1726
095,District-Central,Total,7,1214,656,558,9,8,1,1,1,0,0,0,0,123,52,71,7,3,4,3,1,2,1,0,1,1070,591,479
095,District-Central,Total,8,654,363,291,9,6,3,2,1,1,0,0,0,111,57,54,15,9,6,3,3,0,3,2,1,511,285,226
095,District-Central,Total,9,648,362,286,11,9,2,0,0,0,0,0,0,145,90,55,10,7,3,2,1,1,1,1,0,479,254,225
095,District-Central,Total,10,818,473,345,14,9,5,2,2,0,1,1,0,166,102,64,22,15,7,3,3,0,4,4,0,606,337,269
095,District-Central,Total,11,674,381,293,50,41,9,4,3,1,1,1,0,245,119,126,26,19,7,5,3,2,0,0,0,343,195,148
095,District-Central,Total,12,865,501,364,70,63,7,10,5,5,2,2,0,357,161,196,70,60,10,13,10,3,3,1,2,340,199,141
095,District-Central,Total,13,862,525,337,101,83,18,7,7,0,1,1,0,382,202,180,53,49,4,15,11,4,3,2,1,300,170,130
095,District-Central,Total,14,1229,749,480,186,170,16,17,13,4,9,7,2,569,277,292,104,89,15,13,11,2,4,4,0,327,178,149
095,District-Central,Total,15,1791,1126,665,349,315,34,35,28,7,7,7,0,864,408,456,183,170,13,14,10,4,4,3,1,335,185,150
095,District-Central,Total,16,2332,1443,889,572,530,42,58,44,14,19,15,4,1094,462,632,206,184,22,27,25,2,7,7,0,349,176,173
095,District-Central,Total,17,2962,1835,1127,838,775,63,69,56,13,16,13,3,1430,564,866,251,233,18,30,25,5,4,4,0,324,165,159
095,District-Central,Total,18,5109,3049,2060,1645,1534,111,125,98,27,29,17,12,2307,719,1588,490,456,34,42,36,6,9,9,0,462,180,282
095,District-Central,Total,19,4685,2741,1944,1647,1517,130,118,85,33,25,22,3,2144,646,1498,343,305,38,37,32,5,5,4,1,366,130,236
095,District-Central,Rural,5-19,0,0,0,0,0,0,0,0,0,0,0,0,0,0,0,0,0,0,0,0,0,0,0,0,0,0,0
095,District-Central,Rural,5,0,0,0,0,0,0,0,0,0,0,0,0,0,0,0,0,0,0,0,0,0,0,0,0,0,0,0
095,District-Central,Rural,6,0,0,0,0,0,0,0,0,0,0,0,0,0,0,0,0,0,0,0,0,0,0,0,0,0,0,0
095,District-Central,Rural,7,0,0,0,0,0,0,0,0,0,0,0,0,0,0,0,0,0,0,0,0,0,0,0,0,0,0,0
095,District-Central,Rural,8,0,0,0,0,0,0,0,0,0,0,0,0,0,0,0,0,0,0,0,0,0,0,0,0,0,0,0
095,District-Central,Rural,9,0,0,0,0,0,0,0,0,0,0,0,0,0,0,0,0,0,0,0,0,0,0,0,0,0,0,0
095,District-Central,Rural,10,0,0,0,0,0,0,0,0,0,0,0,0,0,0,0,0,0,0,0,0,0,0,0,0,0,0,0
095,District-Central,Rural,11,0,0,0,0,0,0,0,0,0,0,0,0,0,0,0,0,0,0,0,0,0,0,0,0,0,0,0
095,District-Central,Rural,12,0,0,0,0,0,0,0,0,0,0,0,0,0,0,0,0,0,0,0,0,0,0,0,0,0,0,0
095,District-Central,Rural,13,0,0,0,0,0,0,0,0,0,0,0,0,0,0,0,0,0,0,0,0,0,0,0,0,0,0,0
095,District-Central,Rural,14,0,0,0,0,0,0,0,0,0,0,0,0,0,0,0,0,0,0,0,0,0,0,0,0,0,0,0
095,District-Central,Rural,15,0,0,0,0,0,0,0,0,0,0,0,0,0,0,0,0,0,0,0,0,0,0,0,0,0,0,0
095,District-Central,Rural,16,0,0,0,0,0,0,0,0,0,0,0,0,0,0,0,0,0,0,0,0,0,0,0,0,0,0,0
095,District-Central,Rural,17,0,0,0,0,0,0,0,0,0,0,0,0,0,0,0,0,0,0,0,0,0,0,0,0,0,0,0
095,District-Central,Rural,18,0,0,0,0,0,0,0,0,0,0,0,0,0,0,0,0,0,0,0,0,0,0,0,0,0,0,0
095,District-Central,Rural,19,0,0,0,0,0,0,0,0,0,0,0,0,0,0,0,0,0,0,0,0,0,0,0,0,0,0,0
095,District-Central,Urban,5-19,33257,19228,14029,5515,5067,448,448,343,105,110,86,24,10130,3953,6177,1818,1619,199,234,185,49,48,41,7,14954,7934,7020
095,District-Central,Urban,5,5594,3001,2593,7,3,4,0,0,0,0,0,0,87,39,48,17,11,6,18,10,8,0,0,0,5465,2938,2527
095,District-Central,Urban,6,3820,2023,1797,7,4,3,0,0,0,0,0,0,106,55,51,21,9,12,9,4,5,0,0,0,3677,1951,1726
095,District-Central,Urban,7,1214,656,558,9,8,1,1,1,0,0,0,0,123,52,71,7,3,4,3,1,2,1,0,1,1070,591,479
095,District-Central,Urban,8,654,363,291,9,6,3,2,1,1,0,0,0,111,57,54,15,9,6,3,3,0,3,2,1,511,285,226
095,District-Central,Urban,9,648,362,286,11,9,2,0,0,0,0,0,0,145,90,55,10,7,3,2,1,1,1,1,0,479,254,225
095,District-Central,Urban,10,818,473,345,14,9,5,2,2,0,1,1,0,166,102,64,22,15,7,3,3,0,4,4,0,606,337,269
095,District-Central,Urban,11,674,381,293,50,41,9,4,3,1,1,1,0,245,119,126,26,19,7,5,3,2,0,0,0,343,195,148
095,District-Central,Urban,12,865,501,364,70,63,7,10,5,5,2,2,0,357,161,196,70,60,10,13,10,3,3,1,2,340,199,141
095,District-Central,Urban,13,862,525,337,101,83,18,7,7,0,1,1,0,382,202,180,53,49,4,15,11,4,3,2,1,300,170,130
095,District-Central,Urban,14,1229,749,480,186,170,16,17,13,4,9,7,2,569,277,292,104,89,15,13,11,2,4,4,0,327,178,149
095,District-Central,Urban,15,1791,1126,665,349,315,34,35,28,7,7,7,0,864,408,456,183,170,13,14,10,4,4,3,1,335,185,150
095,District-Central,Urban,16,2332,1443,889,572,530,42,58,44,14,19,15,4,1094,462,632,206,184,22,27,25,2,7,7,0,349,176,173
095,District-Central,Urban,17,2962,1835,1127,838,775,63,69,56,13,16,13,3,1430,564,866,251,233,18,30,25,5,4,4,0,324,165,159
095,District-Central,Urban,18,5109,3049,2060,1645,1534,111,125,98,27,29,17,12,2307,719,1588,490,456,34,42,36,6,9,9,0,462,180,282
095,District-Central,Urban,19,4685,2741,1944,1647,1517,130,118,85,33,25,22,3,2144,646,1498,343,305,38,37,32,5,5,4,1,366,130,236
096,District-West,Total,5-19,143420,79703,63717,20288,17815,2473,1500,1157,343,438,366,72,33822,13729,20093,7022,5370,1652,747,509,238,168,121,47,79435,40636,38799
096,District-West,Total,5,29621,16185,13436,14,12,2,0,0,0,0,0,0,220,107,113,92,67,25,50,27,23,1,1,0,29244,15971,13273
096,District-West,Total,6,21612,11512,10100,16,12,4,0,0,0,0,0,0,329,168,161,60,33,27,34,20,14,5,4,1,21168,11275,9893
096,District-West,Total,7,6487,3384,3103,24,14,10,3,2,1,0,0,0,434,214,220,39,25,14,19,10,9,1,1,0,5967,3118,2849
096,District-West,Total,8,3391,1753,1638,22,20,2,2,1,1,1,1,0,444,235,209,32,20,12,14,9,5,1,0,1,2875,1467,1408
096,District-West,Total,9,2871,1484,1387,29,21,8,4,2,2,0,0,0,445,228,217,35,23,12,15,8,7,1,1,0,2342,1201,1141
096,District-West,Total,10,4325,2259,2066,49,34,15,8,6,2,3,1,2,711,383,328,80,55,25,20,15,5,8,6,2,3446,1759,1687
096,District-West,Total,11,2965,1516,1449,159,127,32,17,11,6,2,2,0,797,378,419,84,58,26,15,7,8,5,3,2,1886,930,956
096,District-West,Total,12,3513,1851,1662,277,228,49,25,19,6,14,12,2,1207,566,641,190,135,55,34,21,13,9,7,2,1757,863,894
096,District-West,Total,13,3351,1707,1644,349,281,68,32,25,7,3,2,1,1262,589,673,224,159,65,35,16,19,5,3,2,1441,632,809
096,District-West,Total,14,4522,2433,2089,640,538,102,64,53,11,19,15,4,1936,899,1037,348,251,97,32,20,12,18,14,4,1465,643,822
096,District-West,Total,15,6856,3911,2945,1280,1095,185,114,90,24,45,34,11,2781,1292,1489,776,581,195,82,61,21,24,13,11,1754,745,1009
096,District-West,Total,16,8318,4814,3504,2067,1788,279,172,135,37,51,43,8,3510,1494,2016,916,662,254,77,63,14,18,11,7,1507,618,889
096,District-West,Total,17,9913,5740,4173,2881,2481,400,219,162,57,65,55,10,4531,1851,2680,938,723,215,67,49,18,9,7,2,1203,412,791
096,District-West,Total,18,19390,11717,7673,6681,5964,717,440,349,91,144,123,21,7928,2875,5053,2039,1639,400,152,111,41,41,31,10,1965,625,1340
096,District-West,Total,19,16285,9437,6848,5800,5200,600,400,302,98,91,78,13,7287,2450,4837,1169,939,230,101,72,29,22,19,3,1415,377,1038
096,District-West,Rural,5-19,391,231,160,33,29,4,7,6,1,3,3,0,96,38,58,9,9,0,1,0,1,1,0,1,241,146,95
096,District-West,Rural,5,111,75,36,0,0,0,0,0,0,0,0,0,0,0,0,0,0,0,0,0,0,0,0,0,111,75,36
096,District-West,Rural,6,72,40,32,0,0,0,0,0,0,0,0,0,2,0,2,0,0,0,0,0,0,0,0,0,70,40,30
096,District-West,Rural,7,13,6,7,0,0,0,0,0,0,0,0,0,2,1,1,0,0,0,0,0,0,0,0,0,11,5,6
096,District-West,Rural,8,6,3,3,0,0,0,0,0,0,0,0,0,2,0,2,0,0,0,0,0,0,0,0,0,4,3,1
096,District-West,Rural,9,5,2,3,0,0,0,0,0,0,0,0,0,3,1,2,0,0,0,0,0,0,0,0,0,2,1,1
096,District-West,Rural,10,7,3,4,0,0,0,0,0,0,0,0,0,0,0,0,0,0,0,0,0,0,0,0,0,7,3,4
096,District-West,Rural,11,7,4,3,0,0,0,0,0,0,0,0,0,2,1,1,0,0,0,0,0,0,0,0,0,5,3,2
096,District-West,Rural,12,6,3,3,0,0,0,0,0,0,0,0,0,3,0,3,0,0,0,0,0,0,0,0,0,3,3,0
096,District-West,Rural,13,9,2,7,0,0,0,1,1,0,0,0,0,6,1,5,0,0,0,1,0,1,0,0,0,1,0,1
096,District-West,Rural,14,3,2,1,0,0,0,0,0,0,1,1,0,1,0,1,0,0,0,0,0,0,0,0,0,1,1,0
096,District-West,Rural,15,17,11,6,3,3,0,1,1,0,0,0,0,5,3,2,1,1,0,0,0,0,1,0,1,6,3,3
096,District-West,Rural,16,21,11,10,4,2,2,0,0,0,0,0,0,8,3,5,3,3,0,0,0,0,0,0,0,6,3,3
096,District-West,Rural,17,25,18,7,6,6,0,0,0,0,2,2,0,13,8,5,1,1,0,0,0,0,0,0,0,3,1,2
096,District-West,Rural,18,40,24,16,11,10,1,3,2,1,0,0,0,21,10,11,1,1,0,0,0,0,0,0,0,4,1,3
096,District-West,Rural,19,49,27,22,9,8,1,2,2,0,0,0,0,28,10,18,3,3,0,0,0,0,0,0,0,7,4,3
096,District-West,Urban,5-19,143029,79472,63557,20255,17786,2469,1493,1151,342,435,363,72,33726,13691,20035,7013,5361,1652,746,509,237,167,121,46,79194,40490,38704
096,District-West,Urban,5,29510,16110,13400,14,12,2,0,0,0,0,0,0,220,107,113,92,67,25,50,27,23,1,1,0,29133,15896,13237
096,District-West,Urban,6,21540,11472,10068,16,12,4,0,0,0,0,0,0,327,168,159,60,33,27,34,20,14,5,4,1,21098,11235,9863
096,District-West,Urban,7,6474,3378,3096,24,14,10,3,2,1,0,0,0,432,213,219,39,25,14,19,10,9,1,1,0,5956,3113,2843
096,District-West,Urban,8,3385,1750,1635,22,20,2,2,1,1,1,1,0,442,235,207,32,20,12,14,9,5,1,0,1,2871,1464,1407
096,District-West,Urban,9,2866,1482,1384,29,21,8,4,2,2,0,0,0,442,227,215,35,23,12,15,8,7,1,1,0,2340,1200,1140
096,District-West,Urban,10,4318,2256,2062,49,34,15,8,6,2,3,1,2,711,383,328,80,55,25,20,15,5,8,6,2,3439,1756,1683
096,District-West,Urban,11,2958,1512,1446,159,127,32,17,11,6,2,2,0,795,377,418,84,58,26,15,7,8,5,3,2,1881,927,954
096,District-West,Urban,12,3507,1848,1659,277,228,49,25,19,6,14,12,2,1204,566,638,190,135,55,34,21,13,9,7,2,1754,860,894
096,District-West,Urban,13,3342,1705,1637,349,281,68,31,24,7,3,2,1,1256,588,668,224,159,65,34,16,18,5,3,2,1440,632,808
096,District-West,Urban,14,4519,2431,2088,640,538,102,64,53,11,18,14,4,1935,899,1036,348,251,97,32,20,12,18,14,4,1464,642,822
096,District-West,Urban,15,6839,3900,2939,1277,1092,185,113,89,24,45,34,11,2776,1289,1487,775,580,195,82,61,21,23,13,10,1748,742,1006
096,District-West,Urban,16,8297,4803,3494,2063,1786,277,172,135,37,51,43,8,3502,1491,2011,913,659,254,77,63,14,18,11,7,1501,615,886
096,District-West,Urban,17,9888,5722,4166,2875,2475,400,219,162,57,63,53,10,4518,1843,2675,937,722,215,67,49,18,9,7,2,1200,411,789
096,District-West,Urban,18,19350,11693,7657,6670,5954,716,437,347,90,144,123,21,7907,2865,5042,2038,1638,400,152,111,41,41,31,10,1961,624,1337
096,District-West,Urban,19,16236,9410,6826,5791,5192,599,398,300,98,91,78,13,7259,2440,4819,1166,936,230,101,72,29,22,19,3,1408,373,1035
097,District-South West,Total,5-19,116711,65342,51369,15386,13714,1672,1613,1266,347,457,371,86,27142,11136,16006,3589,2785,804,661,449,212,142,110,32,67721,35511,32210
097,District-South West,Total,5,27589,15039,12550,33,26,7,3,1,2,1,1,0,321,169,152,110,56,54,43,19,24,3,2,1,27075,14765,12310
097,District-South West,Total,6,19839,10840,8999,22,15,7,2,1,1,0,0,0,333,145,188,63,35,28,45,29,16,3,1,2,19371,10614,8757
097,District-South West,Total,7,5505,2873,2632,62,50,12,7,2,5,1,1,0,500,255,245,38,23,15,19,8,11,2,1,1,4876,2533,2343
097,District-South West,Total,8,2563,1412,1151,41,31,10,6,4,2,0,0,0,498,253,245,34,22,12,12,6,6,3,3,0,1969,1093,876
097,District-South West,Total,9,2678,1424,1254,34,27,7,10,8,2,0,0,0,481,241,240,21,14,7,12,7,5,0,0,0,2120,1127,993
097,District-South West,Total,10,3823,2051,1772,53,44,9,9,3,6,0,0,0,652,337,315,53,37,16,16,11,5,5,5,0,3035,1614,1421
097,District-South West,Total,11,2654,1422,1232,127,111,16,16,12,4,2,1,1,763,383,380,59,46,13,15,11,4,1,0,1,1671,858,813
097,District-South West,Total,12,2298,1237,1061,215,175,40,28,20,8,9,7,2,921,443,478,103,81,22,16,9,7,6,4,2,1000,498,502
097,District-South West,Total,13,2299,1165,1134,262,219,43,33,24,9,12,9,3,1063,464,599,92,70,22,21,17,4,7,6,1,809,356,453
097,District-South West,Total,14,2971,1609,1362,484,408,76,47,42,5,13,11,2,1395,639,756,171,126,45,38,25,13,8,6,2,815,352,463
097,District-South West,Total,15,4463,2521,1942,857,738,119,98,69,29,30,23,7,1994,947,1047,336,259,77,61,43,18,16,12,4,1071,430,641
097,District-South West,Total,16,5532,3194,2338,1286,1105,181,174,136,38,54,47,7,2660,1172,1488,380,307,73,63,42,21,16,13,3,899,372,527
097,District-South West,Total,17,6992,4119,2873,1983,1730,253,225,183,42,71,57,14,3339,1416,1923,472,371,101,66,45,21,20,15,5,816,302,514
097,District-South West,Total,18,14056,8657,5399,5006,4595,411,512,412,100,130,103,27,5996,2246,3750,980,804,176,134,103,31,33,27,6,1265,367,898
097,District-South West,Total,19,13449,7779,5670,4921,4440,481,443,349,94,134,111,23,6226,2026,4200,677,534,143,100,74,26,19,15,4,929,230,699
097,District-South West,Rural,5-19,7577,4133,3444,743,688,55,125,93,32,44,34,10,2115,790,1325,131,99,32,48,20,28,8,7,1,4363,2402,1961
097,District-South West,Rural,5,1818,1055,763,4,4,0,0,0,0,0,0,0,16,9,7,3,3,0,1,1,0,0,0,0,1794,1038,756
097,District-South West,Rural,6,1255,715,540,1,0,1,0,0,0,0,0,0,14,2,12,2,2,0,4,1,3,0,0,0,1234,710,524
097,District-South West,Rural,7,348,200,148,5,5,0,0,0,0,0,0,0,24,17,7,2,1,1,0,0,0,0,0,0,317,177,140
097,District-South West,Rural,8,148,92,56,2,2,0,0,0,0,0,0,0,30,16,14,1,0,1,2,1,1,0,0,0,113,73,40
097,District-South West,Rural,9,153,82,71,3,3,0,0,0,0,0,0,0,21,11,10,2,0,2,1,0,1,0,0,0,126,68,58
097,District-South West,Rural,10,236,126,110,1,1,0,0,0,0,0,0,0,39,21,18,1,1,0,2,2,0,0,0,0,193,101,92
097,District-South West,Rural,11,164,85,79,5,5,0,0,0,0,0,0,0,47,24,23,3,2,1,3,2,1,0,0,0,106,52,54
097,District-South West,Rural,12,129,63,66,12,11,1,2,2,0,0,0,0,52,19,33,3,2,1,0,0,0,0,0,0,60,29,31
097,District-South West,Rural,13,136,69,67,13,12,1,2,1,1,0,0,0,62,27,35,3,2,1,2,1,1,0,0,0,54,26,28
097,District-South West,Rural,14,207,112,95,28,26,2,4,3,1,1,1,0,108,46,62,7,4,3,2,0,2,1,1,0,56,31,25
097,District-South West,Rural,15,275,148,127,37,33,4,9,6,3,1,1,0,133,67,66,14,7,7,2,1,1,0,0,0,79,33,46
097,District-South West,Rural,16,334,169,165,52,47,5,13,11,2,9,9,0,199,76,123,10,7,3,3,1,2,1,1,0,47,17,30
097,District-South West,Rural,17,496,258,238,98,88,10,16,12,4,8,4,4,283,108,175,24,22,2,3,0,3,2,1,1,62,23,39
097,District-South West,Rural,18,906,471,435,233,222,11,41,31,10,10,6,4,508,166,342,28,22,6,17,9,8,2,2,0,67,13,54
097,District-South West,Rural,19,972,488,484,249,229,20,38,27,11,15,13,2,579,181,398,28,24,4,6,1,5,2,2,0,55,11,44
097,District-South West,Urban,5-19,109134,61209,47925,14643,13026,1617,1488,1173,315,413,337,76,25027,10346,14681,3458,2686,772,613,429,184,134,103,31,63358,33109,30249
097,District-South West,Urban,5,25771,13984,11787,29,22,7,3,1,2,1,1,0,305,160,145,107,53,54,42,18,24,3,2,1,25281,13727,11554
097,District-South West,Urban,6,18584,10125,8459,21,15,6,2,1,1,0,0,0,319,143,176,61,33,28,41,28,13,3,1,2,18137,9904,8233
097,District-South West,Urban,7,5157,2673,2484,57,45,12,7,2,5,1,1,0,476,238,238,36,22,14,19,8,11,2,1,1,4559,2356,2203
097,District-South West,Urban,8,2415,1320,1095,39,29,10,6,4,2,0,0,0,468,237,231,33,22,11,10,5,5,3,3,0,1856,1020,836
097,District-South West,Urban,9,2525,1342,1183,31,24,7,10,8,2,0,0,0,460,230,230,19,14,5,11,7,4,0,0,0,1994,1059,935
097,District-South West,Urban,10,3587,1925,1662,52,43,9,9,3,6,0,0,0,613,316,297,52,36,16,14,9,5,5,5,0,2842,1513,1329
097,District-South West,Urban,11,2490,1337,1153,122,106,16,16,12,4,2,1,1,716,359,357,56,44,12,12,9,3,1,0,1,1565,806,759
097,District-South West,Urban,12,2169,1174,995,203,164,39,26,18,8,9,7,2,869,424,445,100,79,21,16,9,7,6,4,2,940,469,471
097,District-South West,Urban,13,2163,1096,1067,249,207,42,31,23,8,12,9,3,1001,437,564,89,68,21,19,16,3,7,6,1,755,330,425
097,District-South West,Urban,14,2764,1497,1267,456,382,74,43,39,4,12,10,2,1287,593,694,164,122,42,36,25,11,7,5,2,759,321,438
097,District-South West,Urban,15,4188,2373,1815,820,705,115,89,63,26,29,22,7,1861,880,981,322,252,70,59,42,17,16,12,4,992,397,595
097,District-South West,Urban,16,5198,3025,2173,1234,1058,176,161,125,36,45,38,7,2461,1096,1365,370,300,70,60,41,19,15,12,3,852,355,497
097,District-South West,Urban,17,6496,3861,2635,1885,1642,243,209,171,38,63,53,10,3056,1308,1748,448,349,99,63,45,18,18,14,4,754,279,475
097,District-South West,Urban,18,13150,8186,4964,4773,4373,400,471,381,90,120,97,23,5488,2080,3408,952,782,170,117,94,23,31,25,6,1198,354,844
097,District-South West,Urban,19,12477,7291,5186,4672,4211,461,405,322,83,119,98,21,5647,1845,3802,649,510,139,94,73,21,17,13,4,874,219,655
098,District-South,Total,5-19,162127,87241,74886,18447,16121,2326,2010,1620,390,562,467,95,43873,17816,26057,5056,3861,1195,798,545,253,200,148,52,91181,46663,44518
098,District-South,Total,5,35936,19400,16536,19,17,2,3,3,0,0,0,0,330,167,163,125,70,55,75,39,36,4,2,2,35380,19102,16278
098,District-South,Total,6,25739,13719,12020,8,4,4,8,6,2,0,0,0,455,220,235,100,53,47,58,26,32,4,4,0,25106,13406,11700
098,District-South,Total,7,7684,4066,3618,32,27,5,4,3,1,0,0,0,787,422,365,41,18,23,17,8,9,2,2,0,6801,3586,3215
098,District-South,Total,8,4255,2144,2111,34,24,10,10,3,7,1,1,0,876,458,418,27,15,12,9,4,5,3,2,1,3295,1637,1658
098,District-South,Total,9,3159,1656,1503,30,22,8,8,3,5,0,0,0,870,452,418,30,19,11,11,9,2,3,2,1,2207,1149,1058
098,District-South,Total,10,4302,2216,2086,47,29,18,16,12,4,4,3,1,1124,586,538,49,35,14,23,15,8,5,2,3,3034,1534,1500
098,District-South,Total,11,3154,1640,1514,151,125,26,14,7,7,4,2,2,1187,600,587,58,34,24,16,7,9,4,4,0,1720,861,859
098,District-South,Total,12,3965,2062,1903,305,261,44,33,27,6,7,5,2,1638,792,846,144,98,46,16,10,6,5,3,2,1817,866,951
098,District-South,Total,13,3811,1945,1866,318,265,53,26,16,10,8,5,3,1867,865,1002,142,98,44,18,12,6,6,4,2,1426,680,746
098,District-South,Total,14,4857,2433,2424,536,441,95,66,48,18,22,19,3,2444,1084,1360,213,157,56,40,29,11,10,7,3,1526,648,878
098,District-South,Total,15,7134,3843,3291,1025,859,166,143,117,26,33,27,6,3499,1582,1917,501,365,136,73,54,19,28,26,2,1832,813,1019
098,District-South,Total,16,8603,4591,4012,1667,1398,269,197,158,39,58,48,10,4387,1847,2540,579,448,131,84,66,18,21,11,10,1610,615,995
098,District-South,Total,17,10617,5771,4846,2480,2157,323,286,227,59,96,83,13,5522,2174,3348,633,490,143,84,55,29,27,17,10,1489,568,921
098,District-South,Total,18,20951,11982,8969,6206,5548,658,639,526,113,188,158,30,9968,3680,6288,1410,1154,256,172,133,39,45,36,9,2323,747,1576
098,District-South,Total,19,17960,9773,8187,5589,4944,645,557,464,93,141,116,25,8919,2887,6032,1004,807,197,102,78,24,33,26,7,1615,451,1164
098,District-South,Rural,5-19,1210,657,553,191,172,19,28,26,2,4,2,2,354,135,219,36,33,3,6,4,2,0,0,0,591,285,306
098,District-South,Rural,5,240,132,108,0,0,0,0,0,0,0,0,0,5,2,3,2,2,0,0,0,0,0,0,0,233,128,105
098,District-South,Rural,6,152,85,67,0,0,0,0,0,0,0,0,0,5,3,2,0,0,0,0,0,0,0,0,0,147,82,65
098,District-South,Rural,7,36,20,16,0,0,0,0,0,0,0,0,0,1,0,1,0,0,0,1,0,1,0,0,0,34,20,14
098,District-South,Rural,8,31,13,18,0,0,0,0,0,0,0,0,0,7,4,3,0,0,0,0,0,0,0,0,0,24,9,15
098,District-South,Rural,9,13,5,8,0,0,0,0,0,0,0,0,0,4,1,3,0,0,0,0,0,0,0,0,0,9,4,5
098,District-South,Rural,10,42,26,16,1,1,0,0,0,0,0,0,0,17,9,8,2,2,0,0,0,0,0,0,0,22,14,8
098,District-South,Rural,11,21,9,12,0,0,0,0,0,0,0,0,0,6,2,4,1,1,0,0,0,0,0,0,0,14,6,8
098,District-South,Rural,12,33,14,19,2,2,0,0,0,0,0,0,0,19,10,9,0,0,0,1,1,0,0,0,0,11,1,10
098,District-South,Rural,13,41,22,19,4,3,1,0,0,0,0,0,0,25,13,12,3,3,0,0,0,0,0,0,0,9,3,6
098,District-South,Rural,14,56,24,32,7,5,2,0,0,0,0,0,0,34,15,19,1,1,0,0,0,0,0,0,0,14,3,11
098,District-South,Rural,15,65,31,34,9,9,0,4,4,0,0,0,0,36,14,22,2,1,1,1,1,0,0,0,0,13,2,11
098,District-South,Rural,16,97,50,47,30,25,5,6,5,1,0,0,0,42,14,28,2,2,0,1,1,0,0,0,0,16,3,13
098,District-South,Rural,17,102,53,49,29,26,3,2,2,0,2,2,0,51,16,35,4,3,1,0,0,0,0,0,0,14,4,10
098,District-South,Rural,18,171,112,59,70,66,4,12,11,1,1,0,1,60,21,39,9,9,0,0,0,0,0,0,0,19,5,14
098,District-South,Rural,19,110,61,49,39,35,4,4,4,0,1,0,1,42,11,31,10,9,1,2,1,1,0,0,0,12,1,11
098,District-South,Urban,5-19,160917,86584,74333,18256,15949,2307,1982,1594,388,558,465,93,43519,17681,25838,5020,3828,1192,792,541,251,200,148,52,90590,46378,44212
098,District-South,Urban,5,35696,19268,16428,19,17,2,3,3,0,0,0,0,325,165,160,123,68,55,75,39,36,4,2,2,35147,18974,16173
098,District-South,Urban,6,25587,13634,11953,8,4,4,8,6,2,0,0,0,450,217,233,100,53,47,58,26,32,4,4,0,24959,13324,11635
098,District-South,Urban,7,7648,4046,3602,32,27,5,4,3,1,0,0,0,786,422,364,41,18,23,16,8,8,2,2,0,6767,3566,3201
098,District-South,Urban,8,4224,2131,2093,34,24,10,10,3,7,1,1,0,869,454,415,27,15,12,9,4,5,3,2,1,3271,1628,1643
098,District-South,Urban,9,3146,1651,1495,30,22,8,8,3,5,0,0,0,866,451,415,30,19,11,11,9,2,3,2,1,2198,1145,1053
098,District-South,Urban,10,4260,2190,2070,46,28,18,16,12,4,4,3,1,1107,577,530,47,33,14,23,15,8,5,2,3,3012,1520,1492
098,District-South,Urban,11,3133,1631,1502,151,125,26,14,7,7,4,2,2,1181,598,583,57,33,24,16,7,9,4,4,0,1706,855,851
098,District-South,Urban,12,3932,2048,1884,303,259,44,33,27,6,7,5,2,1619,782,837,144,98,46,15,9,6,5,3,2,1806,865,941
098,District-South,Urban,13,3770,1923,1847,314,262,52,26,16,10,8,5,3,1842,852,990,139,95,44,18,12,6,6,4,2,1417,677,740
098,District-South,Urban,14,4801,2409,2392,529,436,93,66,48,18,22,19,3,2410,1069,1341,212,156,56,40,29,11,10,7,3,1512,645,867
098,District-South,Urban,15,7069,3812,3257,1016,850,166,139,113,26,33,27,6,3463,1568,1895,499,364,135,72,53,19,28,26,2,1819,811,1008
098,District-South,Urban,16,8506,4541,3965,1637,1373,264,191,153,38,58,48,10,4345,1833,2512,577,446,131,83,65,18,21,11,10,1594,612,982
098,District-South,Urban,17,10515,5718,4797,2451,2131,320,284,225,59,94,81,13,5471,2158,3313,629,487,142,84,55,29,27,17,10,1475,564,911
098,District-South,Urban,18,20780,11870,8910,6136,5482,654,627,515,112,187,158,29,9908,3659,6249,1401,1145,256,172,133,39,45,36,9,2304,742,1562
098,District-South,Urban,19,17850,9712,8138,5550,4909,641,553,460,93,140,116,24,8877,2876,6001,994,798,196,100,77,23,33,26,7,1603,450,1153
