468,District-Kachchh,Total,5-19,239853,110932,128921,40462,33974,6488,9361,4703,4658,2330,1089,1241,70060,17049,53011,10665,7541,3124,3398,1265,2133,724,223,501,102853,45088,57765
468,District-Kachchh,Total,5,35755,18715,17040,15,8,7,2,0,2,0,0,0,367,175,192,109,66,43,54,29,25,3,2,1,35205,18435,16770
468,District-Kachchh,Total,6,20082,10348,9734,15,15,0,5,3,2,0,0,0,630,321,309,64,38,26,42,19,23,0,0,0,19326,9952,9374
468,District-Kachchh,Total,7,8156,3945,4211,24,14,10,10,5,5,2,0,2,565,277,288,50,24,26,23,11,12,3,1,2,7479,3613,3866
468,District-Kachchh,Total,8,5969,2742,3227,33,28,5,20,7,13,4,2,2,712,338,374,68,40,28,35,18,17,5,2,3,5092,2307,2785
468,District-Kachchh,Total,9,4166,1750,2416,35,29,6,21,10,11,2,0,2,799,331,468,54,27,27,29,8,21,10,5,5,3216,1340,1876
468,District-Kachchh,Total,10,6418,2820,3598,82,63,19,44,22,22,14,4,10,1478,601,877,149,97,52,65,30,35,17,5,12,4569,1998,2571
468,District-Kachchh,Total,11,5390,2210,3180,269,209,60,95,41,54,28,11,17,1910,685,1225,181,123,58,86,35,51,17,10,7,2804,1096,1708
468,District-Kachchh,Total,12,8341,3233,5108,572,444,128,200,85,115,72,31,41,3480,1086,2394,330,203,127,141,59,82,33,17,16,3513,1308,2205
468,District-Kachchh,Total,13,9887,3356,6531,863,620,243,388,130,258,102,33,69,5029,1283,3746,410,268,142,174,60,114,33,9,24,2888,953,1935
468,District-Kachchh,Total,14,13831,4847,8984,1781,1296,485,755,300,455,237,90,147,7232,1767,5465,630,404,226,239,98,141,61,16,45,2896,876,2020
468,District-Kachchh,Total,15,18917,7544,11373,3383,2621,762,1142,508,634,329,158,171,8900,2195,6705,1244,876,368,391,157,234,94,30,64,3434,999,2435
468,District-Kachchh,Total,16,21261,9085,12176,5070,4063,1007,1460,691,769,352,163,189,9484,2301,7183,1359,961,398,440,168,272,97,26,71,2999,712,2287
468,District-Kachchh,Total,17,22563,10448,12115,6728,5604,1124,1591,834,757,370,175,195,9285,2074,7211,1432,1016,416,436,165,271,106,31,75,2615,549,2066
468,District-Kachchh,Total,18,31942,16080,15862,11113,9674,1439,2038,1147,891,455,240,215,10903,2127,8776,2724,2030,694,722,251,471,153,40,113,3834,571,3263
468,District-Kachchh,Total,19,27175,13809,13366,10479,9286,1193,1590,920,670,363,182,181,9286,1488,7798,1861,1368,493,521,157,364,92,29,63,2983,379,2604
468,District-Kachchh,Rural,5-19,172779,78283,94496,29993,24979,5014,8008,3856,4152,2079,935,1144,50315,11446,38869,7793,5427,2366,2746,919,1827,670,200,470,71175,30521,40654
468,District-Kachchh,Rural,5,24844,12962,11882,6,1,5,0,0,0,0,0,0,161,76,85,50,28,22,16,7,9,2,1,1,24609,12849,11760
468,District-Kachchh,Rural,6,13255,6806,6449,6,6,0,0,0,0,0,0,0,334,178,156,33,21,12,16,6,10,0,0,0,12866,6595,6271
468,District-Kachchh,Rural,7,5414,2561,2853,10,7,3,3,1,2,1,0,1,293,142,151,28,10,18,5,2,3,3,1,2,5071,2398,2673
468,District-Kachchh,Rural,8,3990,1770,2220,16,13,3,13,4,9,4,2,2,417,184,233,43,27,16,18,6,12,4,2,2,3475,1532,1943
468,District-Kachchh,Rural,9,2745,1103,1642,22,19,3,11,2,9,2,0,2,506,193,313,30,15,15,21,7,14,10,5,5,2143,862,1281
468,District-Kachchh,Rural,10,4365,1842,2523,62,50,12,36,16,20,14,4,10,1002,392,610,99,60,39,47,19,28,15,4,11,3090,1297,1793
468,District-Kachchh,Rural,11,3675,1437,2238,171,128,43,80,34,46,26,9,17,1277,423,854,137,91,46,64,23,41,16,10,6,1904,719,1185
468,District-Kachchh,Rural,12,5988,2210,3778,406,304,102,177,71,106,66,28,38,2502,737,1765,247,152,95,107,40,67,27,11,16,2456,867,1589
468,District-Kachchh,Rural,13,7416,2387,5029,642,450,192,336,105,231,97,31,66,3804,908,2896,322,205,117,143,45,98,31,7,24,2041,636,1405
468,District-Kachchh,Rural,14,10669,3608,7061,1410,997,413,669,247,422,223,83,140,5566,1265,4301,476,307,169,201,75,126,52,13,39,2072,621,1451
468,District-Kachchh,Rural,15,14586,5618,8968,2605,1984,621,1013,438,575,305,143,162,6865,1599,5266,927,640,287,317,120,197,91,29,62,2463,665,1798
468,District-Kachchh,Rural,16,16128,6789,9339,3870,3085,785,1286,589,697,315,140,175,7059,1637,5422,1004,709,295,352,117,235,95,26,69,2147,486,1661
468,District-Kachchh,Rural,17,16778,7620,9158,5036,4150,886,1332,671,661,332,151,181,6721,1406,5315,1027,716,311,371,132,239,96,28,68,1863,366,1497
468,District-Kachchh,Rural,18,23525,11742,11783,8196,7118,1078,1743,957,786,385,196,189,7600,1374,6226,2011,1471,540,625,203,422,143,36,107,2822,387,2435
468,District-Kachchh,Rural,19,19401,9828,9573,7535,6667,868,1309,721,588,309,148,161,6208,932,5276,1359,975,384,443,117,326,85,27,58,2153,241,1912
468,District-Kachchh,Urban,5-19,67074,32649,34425,10469,8995,1474,1353,847,506,251,154,97,19745,5603,14142,2872,2114,758,652,346,306,54,23,31,31678,14567,17111
468,District-Kachchh,Urban,5,10911,5753,5158,9,7,2,2,0,2,0,0,0,206,99,107,59,38,21,38,22,16,1,1,0,10596,5586,5010
468,District-Kachchh,Urban,6,6827,3542,3285,9,9,0,5,3,2,0,0,0,296,143,153,31,17,14,26,13,13,0,0,0,6460,3357,3103
468,District-Kachchh,Urban,7,2742,1384,1358,14,7,7,7,4,3,1,0,1,272,135,137,22,14,8,18,9,9,0,0,0,2408,1215,1193
468,District-Kachchh,Urban,8,1979,972,1007,17,15,2,7,3,4,0,0,0,295,154,141,25,13,12,17,12,5,1,0,1,1617,775,842
468,District-Kachchh,Urban,9,1421,647,774,13,10,3,10,8,2,0,0,0,293,138,155,24,12,12,8,1,7,0,0,0,1073,478,595
468,District-Kachchh,Urban,10,2053,978,1075,20,13,7,8,6,2,0,0,0,476,209,267,50,37,13,18,11,7,2,1,1,1479,701,778
468,District-Kachchh,Urban,11,1715,773,942,98,81,17,15,7,8,2,2,0,633,262,371,44,32,12,22,12,10,1,0,1,900,377,523
468,District-Kachchh,Urban,12,2353,1023,1330,166,140,26,23,14,9,6,3,3,978,349,629,83,51,32,34,19,15,6,6,0,1057,441,616
468,District-Kachchh,Urban,13,2471,969,1502,221,170,51,52,25,27,5,2,3,1225,375,850,88,63,25,31,15,16,2,2,0,847,317,530
468,District-Kachchh,Urban,14,3162,1239,1923,371,299,72,86,53,33,14,7,7,1666,502,1164,154,97,57,38,23,15,9,3,6,824,255,569
468,District-Kachchh,Urban,15,4331,1926,2405,778,637,141,129,70,59,24,15,9,2035,596,1439,317,236,81,74,37,37,3,1,2,971,334,637
468,District-Kachchh,Urban,16,5133,2296,2837,1200,978,222,174,102,72,37,23,14,2425,664,1761,355,252,103,88,51,37,2,0,2,852,226,626
468,District-Kachchh,Urban,17,5785,2828,2957,1692,1454,238,259,163,96,38,24,14,2564,668,1896,405,300,105,65,33,32,10,3,7,752,183,569
468,District-Kachchh,Urban,18,8417,4338,4079,2917,2556,361,295,190,105,70,44,26,3303,753,2550,713,559,154,97,48,49,10,4,6,1012,184,828
468,District-Kachchh,Urban,19,7774,3981,3793,2944,2619,325,281,199,82,54,34,20,3078,556,2522,502,393,109,78,40,38,7,2,5,830,138,692
469,District-Banas Kantha,Total,5-19,390775,169445,221330,64694,49525,15169,30375,12184,18191,4738,1785,2953,108247,27567,80680,15849,8153,7696,10421,2336,8085,1537,386,1151,154914,67509,87405
469,District-Banas Kantha,Total,5,61166,32111,29055,16,13,3,7,4,3,1,0,1,342,190,152,175,100,75,88,39,49,17,9,8,60520,31756,28764
469,District-Banas Kantha,Total,6,32267,16602,15665,13,12,1,6,5,1,3,0,3,807,395,412,93,51,42,70,27,43,14,7,7,31261,16105,15156
469,District-Banas Kantha,Total,7,11724,5524,6200,34,21,13,9,5,4,4,2,2,854,389,465,78,39,39,67,35,32,14,7,7,10664,5026,5638
469,District-Banas Kantha,Total,8,8136,3473,4663,65,35,30,42,16,26,10,3,7,1312,552,760,95,49,46,106,44,62,32,12,20,6474,2762,3712
469,District-Banas Kantha,Total,9,6004,2398,3606,91,51,40,59,17,42,20,7,13,1521,557,964,97,45,52,105,40,65,27,14,13,4084,1667,2417
469,District-Banas Kantha,Total,10,10081,3919,6162,268,145,123,229,66,163,83,27,56,3194,1129,2065,211,101,110,240,68,172,56,16,40,5800,2367,3433
469,District-Banas Kantha,Total,11,8596,3084,5512,546,354,192,424,153,271,99,37,62,3728,1191,2537,271,135,136,222,59,163,59,16,43,3247,1139,2108
469,District-Banas Kantha,Total,12,15219,5128,10091,1334,898,436,1067,294,773,265,93,172,7147,2068,5079,524,261,263,499,140,359,120,39,81,4263,1335,2928
469,District-Banas Kantha,Total,13,18038,5644,12394,1971,1234,737,1665,483,1182,425,134,291,9014,2322,6692,585,301,284,580,146,434,135,41,94,3663,983,2680
469,District-Banas Kantha,Total,14,23802,7910,15892,3660,2424,1236,2676,892,1784,553,180,373,11383,2792,8591,969,475,494,769,179,590,142,39,103,3650,929,2721
469,District-Banas Kantha,Total,15,34072,12776,21296,6552,4616,1936,4209,1582,2627,753,301,452,14670,3839,10831,1805,1002,803,1167,302,865,194,44,150,4722,1090,3632
469,District-Banas Kantha,Total,16,36990,14918,22072,9146,6872,2274,4888,1919,2969,709,279,430,14515,3607,10908,2045,1120,925,1370,311,1059,190,47,143,4127,763,3364
469,District-Banas Kantha,Total,17,34729,14987,19742,10083,7852,2231,4540,1986,2554,635,243,392,12698,2979,9719,2062,1109,953,1211,246,965,140,26,114,3360,546,2814
469,District-Banas Kantha,Total,18,52192,24296,27896,17780,14403,3377,6276,2917,3359,716,306,410,15723,3449,12274,3943,2055,1888,2277,450,1827,222,40,182,5255,676,4579
469,District-Banas Kantha,Total,19,37759,16675,21084,13135,10595,2540,4278,1845,2433,462,173,289,11339,2108,9231,2896,1310,1586,1650,250,1400,175,29,146,3824,365,3459
469,District-Banas Kantha,Rural,5-19,352765,151603,201162,59625,44942,14683,29448,11584,17864,4561,1677,2884,95375,24437,70938,14777,7300,7477,10133,2189,7944,1480,346,1134,137366,59128,78238
469,District-Banas Kantha,Rural,5,54486,28420,26066,15,12,3,6,3,3,1,0,1,280,155,125,148,82,66,74,32,42,15,7,8,53947,28129,25818
469,District-Banas Kantha,Rural,6,28051,14334,13717,11,10,1,5,4,1,3,0,3,693,332,361,84,48,36,60,20,40,13,6,7,27182,13914,13268
469,District-Banas Kantha,Rural,7,10452,4876,5576,30,19,11,8,4,4,4,2,2,757,345,412,71,34,37,63,32,31,13,6,7,9506,4434,5072
469,District-Banas Kantha,Rural,8,7297,3064,4233,58,30,28,42,16,26,9,3,6,1202,507,695,82,42,40,102,43,59,31,11,20,5771,2412,3359
469,District-Banas Kantha,Rural,9,5416,2132,3284,85,46,39,58,17,41,20,7,13,1387,506,881,88,37,51,103,39,64,26,13,13,3649,1467,2182
469,District-Banas Kantha,Rural,10,9212,3540,5672,253,132,121,223,65,158,79,24,55,2944,1035,1909,201,95,106,234,64,170,54,15,39,5224,2110,3114
469,District-Banas Kantha,Rural,11,7805,2754,5051,510,320,190,414,146,268,99,37,62,3411,1096,2315,245,112,133,213,55,158,58,16,42,2855,972,1883
469,District-Banas Kantha,Rural,12,14008,4636,9372,1250,822,428,1044,287,757,258,89,169,6613,1909,4704,474,227,247,492,136,356,117,37,80,3760,1129,2631
469,District-Banas Kantha,Rural,13,16735,5184,11551,1865,1144,721,1630,468,1162,423,132,291,8271,2127,6144,557,279,278,567,141,426,132,39,93,3290,854,2436
469,District-Banas Kantha,Rural,14,22076,7278,14798,3457,2255,1202,2619,861,1758,540,172,368,10374,2554,7820,904,420,484,756,177,579,134,33,101,3292,806,2486
469,District-Banas Kantha,Rural,15,31376,11694,19682,6127,4241,1886,4108,1523,2585,732,287,445,13221,3504,9717,1667,890,777,1134,278,856,188,42,146,4199,929,3270
469,District-Banas Kantha,Rural,16,33946,13619,20327,8524,6323,2201,4759,1834,2925,683,264,419,12832,3178,9654,1923,1017,906,1335,293,1042,184,42,142,3706,668,3038
469,District-Banas Kantha,Rural,17,31441,13504,17937,9287,7117,2170,4377,1877,2500,606,227,379,10932,2574,8358,1917,993,924,1186,238,948,135,22,113,3001,456,2545
469,District-Banas Kantha,Rural,18,46952,21783,25169,16287,13042,3245,6063,2762,3301,667,270,397,13226,2873,10353,3683,1841,1842,2203,411,1792,213,33,180,4610,551,4059
469,District-Banas Kantha,Rural,19,33512,14785,18727,11866,9429,2437,4092,1717,2375,437,163,274,9232,1742,7490,2733,1183,1550,1611,230,1381,167,24,143,3374,297,3077
469,District-Banas Kantha,Urban,5-19,38010,17842,20168,5069,4583,486,927,600,327,177,108,69,12872,3130,9742,1072,853,219,288,147,141,57,40,17,17548,8381,9167
469,District-Banas Kantha,Urban,5,6680,3691,2989,1,1,0,1,1,0,0,0,0,62,35,27,27,18,9,14,7,7,2,2,0,6573,3627,2946
469,District-Banas Kantha,Urban,6,4216,2268,1948,2,2,0,1,1,0,0,0,0,114,63,51,9,3,6,10,7,3,1,1,0,4079,2191,1888
469,District-Banas Kantha,Urban,7,1272,648,624,4,2,2,1,1,0,0,0,0,97,44,53,7,5,2,4,3,1,1,1,0,1158,592,566
469,District-Banas Kantha,Urban,8,839,409,430,7,5,2,0,0,0,1,0,1,110,45,65,13,7,6,4,1,3,1,1,0,703,350,353
469,District-Banas Kantha,Urban,9,588,266,322,6,5,1,1,0,1,0,0,0,134,51,83,9,8,1,2,1,1,1,1,0,435,200,235
469,District-Banas Kantha,Urban,10,869,379,490,15,13,2,6,1,5,4,3,1,250,94,156,10,6,4,6,4,2,2,1,1,576,257,319
469,District-Banas Kantha,Urban,11,791,330,461,36,34,2,10,7,3,0,0,0,317,95,222,26,23,3,9,4,5,1,0,1,392,167,225
469,District-Banas Kantha,Urban,12,1211,492,719,84,76,8,23,7,16,7,4,3,534,159,375,50,34,16,7,4,3,3,2,1,503,206,297
469,District-Banas Kantha,Urban,13,1303,460,843,106,90,16,35,15,20,2,2,0,743,195,548,28,22,6,13,5,8,3,2,1,373,129,244
469,District-Banas Kantha,Urban,14,1726,632,1094,203,169,34,57,31,26,13,8,5,1009,238,771,65,55,10,13,2,11,8,6,2,358,123,235
469,District-Banas Kantha,Urban,15,2696,1082,1614,425,375,50,101,59,42,21,14,7,1449,335,1114,138,112,26,33,24,9,6,2,4,523,161,362
469,District-Banas Kantha,Urban,16,3044,1299,1745,622,549,73,129,85,44,26,15,11,1683,429,1254,122,103,19,35,18,17,6,5,1,421,95,326
469,District-Banas Kantha,Urban,17,3288,1483,1805,796,735,61,163,109,54,29,16,13,1766,405,1361,145,116,29,25,8,17,5,4,1,359,90,269
469,District-Banas Kantha,Urban,18,5240,2513,2727,1493,1361,132,213,155,58,49,36,13,2497,576,1921,260,214,46,74,39,35,9,7,2,645,125,520
469,District-Banas Kantha,Urban,19,4247,1890,2357,1269,1166,103,186,128,58,25,10,15,2107,366,1741,163,127,36,39,20,19,8,5,3,450,68,382
470,District-Patan  ,Total,5-19,134617,60670,73947,24819,19363,5456,11740,4621,7119,2114,801,1313,38620,9607,29013,5170,2866,2304,2886,697,2189,469,134,335,48799,22581,26218
470,District-Patan  ,Total,5,20823,11129,9694,7,5,2,2,1,1,0,0,0,261,139,122,121,64,57,47,21,26,8,4,4,20377,10895,9482
470,District-Patan  ,Total,6,10676,5604,5072,9,7,2,2,0,2,4,2,2,418,247,171,52,37,15,22,9,13,7,4,3,10162,5298,4864
470,District-Patan  ,Total,7,3791,1885,1906,28,17,11,9,3,6,4,1,3,369,187,182,49,24,25,11,3,8,5,3,2,3316,1647,1669
470,District-Patan  ,Total,8,2431,1137,1294,32,13,19,13,6,7,8,3,5,455,197,258,45,23,22,11,4,7,5,1,4,1862,890,972
470,District-Patan  ,Total,9,1989,915,1074,46,26,20,21,11,10,10,4,6,518,234,284,38,22,16,16,6,10,7,5,2,1333,607,726
470,District-Patan  ,Total,10,3065,1355,1710,76,50,26,67,22,45,22,10,12,994,432,562,100,44,56,52,12,40,15,5,10,1739,780,959
470,District-Patan  ,Total,11,2873,1161,1712,271,194,77,149,57,92,45,19,26,1218,407,811,111,56,55,73,20,53,23,7,16,983,401,582
470,District-Patan  ,Total,12,4488,1689,2799,512,354,158,355,124,231,95,38,57,2052,628,1424,195,113,82,110,31,79,32,12,20,1137,389,748
470,District-Patan  ,Total,13,5440,1889,3551,702,467,235,541,168,373,126,37,89,2751,767,1984,217,114,103,145,31,114,30,10,20,928,295,633
470,District-Patan  ,Total,14,7659,2785,4874,1373,970,403,969,322,647,200,79,121,3671,933,2738,289,154,135,187,56,131,33,7,26,937,264,673
470,District-Patan  ,Total,15,11417,4588,6829,2525,1832,693,1508,567,941,302,101,201,4959,1286,3673,555,354,201,304,90,214,47,16,31,1217,342,875
470,District-Patan  ,Total,16,12420,5168,7252,3236,2490,746,1789,653,1136,309,115,194,4952,1169,3783,620,375,245,386,107,279,57,21,36,1071,238,833
470,District-Patan  ,Total,17,12823,5625,7198,3989,3139,850,1785,753,1032,310,116,194,4788,980,3808,644,359,285,351,90,261,54,13,41,902,175,727
470,District-Patan  ,Total,18,19530,8933,10597,6681,5413,1268,2558,1110,1448,395,159,236,6248,1195,5053,1256,685,571,675,127,548,71,13,58,1646,231,1415
470,District-Patan  ,Total,19,15192,6807,8385,5332,4386,946,1972,824,1148,284,117,167,4966,806,4160,878,442,436,496,90,406,75,13,62,1189,129,1060
470,District-Patan  ,Rural,5-19,112942,50101,62841,21859,16789,5070,11179,4228,6951,1950,691,1259,31364,7522,23842,4591,2444,2147,2730,621,2109,433,110,323,38836,17696,21140
470,District-Patan  ,Rural,5,17003,9023,7980,6,5,1,2,1,1,0,0,0,207,111,96,105,53,52,40,19,21,5,2,3,16638,8832,7806
470,District-Patan  ,Rural,6,8404,4371,4033,8,6,2,2,0,2,4,2,2,333,205,128,38,27,11,20,9,11,6,3,3,7993,4119,3874
470,District-Patan  ,Rural,7,2945,1431,1514,22,13,9,9,3,6,2,1,1,263,131,132,45,20,25,10,2,8,5,3,2,2589,1258,1331
470,District-Patan  ,Rural,8,1905,861,1044,27,12,15,13,6,7,7,2,5,340,142,198,40,19,21,9,3,6,5,1,4,1464,676,788
470,District-Patan  ,Rural,9,1609,727,882,40,25,15,20,10,10,10,4,6,403,170,233,34,20,14,16,6,10,7,5,2,1079,487,592
470,District-Patan  ,Rural,10,2493,1073,1420,69,44,25,64,20,44,21,10,11,822,343,479,87,33,54,50,11,39,14,4,10,1366,608,758
470,District-Patan  ,Rural,11,2392,927,1465,232,160,72,146,54,92,40,17,23,1015,319,696,100,49,51,71,20,51,22,6,16,766,302,464
470,District-Patan  ,Rural,12,3779,1406,2373,453,303,150,344,117,227,92,36,56,1692,518,1174,181,104,77,104,30,74,29,11,18,884,287,597
470,District-Patan  ,Rural,13,4688,1596,3092,627,408,219,519,154,365,124,37,87,2350,646,1704,196,100,96,136,30,106,29,9,20,707,212,495
470,District-Patan  ,Rural,14,6752,2413,4339,1259,877,382,946,310,636,189,71,118,3148,773,2375,257,133,124,177,49,128,33,7,26,743,193,550
470,District-Patan  ,Rural,15,9892,3913,5979,2293,1636,657,1457,532,925,285,88,197,4112,1029,3083,491,311,180,285,79,206,44,13,31,925,225,700
470,District-Patan  ,Rural,16,10797,4448,6349,2925,2231,694,1716,604,1112,289,102,187,4085,929,3156,548,317,231,364,94,270,53,18,35,817,153,664
470,District-Patan  ,Rural,17,10966,4732,6234,3501,2709,792,1678,678,1000,285,99,186,3839,734,3105,582,315,267,336,78,258,47,9,38,698,110,588
470,District-Patan  ,Rural,18,16607,7537,9070,5821,4649,1172,2424,1009,1415,351,130,221,4944,908,4036,1098,565,533,644,114,530,65,9,56,1260,153,1107
470,District-Patan  ,Rural,19,12710,5643,7067,4576,3711,865,1839,730,1109,251,92,159,3811,564,3247,789,378,411,468,77,391,69,10,59,907,81,826
470,District-Patan  ,Urban,5-19,21675,10569,11106,2960,2574,386,561,393,168,164,110,54,7256,2085,5171,579,422,157,156,76,80,36,24,12,9963,4885,5078
470,District-Patan  ,Urban,5,3820,2106,1714,1,0,1,0,0,0,0,0,0,54,28,26,16,11,5,7,2,5,3,2,1,3739,2063,1676
470,District-Patan  ,Urban,6,2272,1233,1039,1,1,0,0,0,0,0,0,0,85,42,43,14,10,4,2,0,2,1,1,0,2169,1179,990
470,District-Patan  ,Urban,7,846,454,392,6,4,2,0,0,0,2,0,2,106,56,50,4,4,0,1,1,0,0,0,0,727,389,338
470,District-Patan  ,Urban,8,526,276,250,5,1,4,0,0,0,1,1,0,115,55,60,5,4,1,2,1,1,0,0,0,398,214,184
470,District-Patan  ,Urban,9,380,188,192,6,1,5,1,1,0,0,0,0,115,64,51,4,2,2,0,0,0,0,0,0,254,120,134
470,District-Patan  ,Urban,10,572,282,290,7,6,1,3,2,1,1,0,1,172,89,83,13,11,2,2,1,1,1,1,0,373,172,201
470,District-Patan  ,Urban,11,481,234,247,39,34,5,3,3,0,5,2,3,203,88,115,11,7,4,2,0,2,1,1,0,217,99,118
470,District-Patan  ,Urban,12,709,283,426,59,51,8,11,7,4,3,2,1,360,110,250,14,9,5,6,1,5,3,1,2,253,102,151
470,District-Patan  ,Urban,13,752,293,459,75,59,16,22,14,8,2,0,2,401,121,280,21,14,7,9,1,8,1,1,0,221,83,138
470,District-Patan  ,Urban,14,907,372,535,114,93,21,23,12,11,11,8,3,523,160,363,32,21,11,10,7,3,0,0,0,194,71,123
470,District-Patan  ,Urban,15,1525,675,850,232,196,36,51,35,16,17,13,4,847,257,590,64,43,21,19,11,8,3,3,0,292,117,175
470,District-Patan  ,Urban,16,1623,720,903,311,259,52,73,49,24,20,13,7,867,240,627,72,58,14,22,13,9,4,3,1,254,85,169
470,District-Patan  ,Urban,17,1857,893,964,488,430,58,107,75,32,25,17,8,949,246,703,62,44,18,15,12,3,7,4,3,204,65,139
470,District-Patan  ,Urban,18,2923,1396,1527,860,764,96,134,101,33,44,29,15,1304,287,1017,158,120,38,31,13,18,6,4,2,386,78,308
470,District-Patan  ,Urban,19,2482,1164,1318,756,675,81,133,94,39,33,25,8,1155,242,913,89,64,25,28,13,15,6,3,3,282,48,234
471,District-Mahesana,Total,5-19,152985,71533,81452,31758,24629,7129,9699,4101,5598,1559,750,809,51025,12081,38944,3219,1947,1272,1308,429,879,170,66,104,54247,27530,26717
471,District-Mahesana,Total,5,26548,14709,11839,8,5,3,4,1,3,0,0,0,331,196,135,102,60,42,51,21,30,7,4,3,26045,14422,11623
471,District-Mahesana,Total,6,14655,8008,6647,19,13,6,6,3,3,0,0,0,658,353,305,69,45,24,49,21,28,4,2,2,13850,7571,6279
471,District-Mahesana,Total,7,3892,2020,1872,37,26,11,7,4,3,0,0,0,626,336,290,27,17,10,15,5,10,0,0,0,3180,1632,1548
471,District-Mahesana,Total,8,2080,1100,980,53,36,17,12,6,6,1,0,1,618,346,272,17,13,4,13,5,8,4,0,4,1362,694,668
471,District-Mahesana,Total,9,1767,900,867,32,19,13,19,9,10,2,2,0,703,355,348,18,11,7,16,5,11,2,0,2,975,499,476
471,District-Mahesana,Total,10,2498,1203,1295,96,65,31,36,18,18,8,4,4,948,421,527,53,39,14,26,10,16,9,3,6,1322,643,679
471,District-Mahesana,Total,11,2703,1202,1501,402,295,107,86,32,54,24,13,11,1332,474,858,70,44,26,31,12,19,5,2,3,753,330,423
471,District-Mahesana,Total,12,3880,1637,2243,637,463,174,218,106,112,29,14,15,2050,658,1392,134,83,51,48,16,32,15,6,9,749,291,458
471,District-Mahesana,Total,13,4847,1837,3010,898,622,276,345,112,233,77,30,47,2728,730,1998,117,69,48,55,26,29,13,5,8,614,243,371
471,District-Mahesana,Total,14,7229,2653,4576,1532,1070,462,640,192,448,136,45,91,4027,1004,3023,167,104,63,64,20,44,14,8,6,649,210,439
471,District-Mahesana,Total,15,11462,4650,6812,2923,2186,737,1041,400,641,207,98,109,5804,1342,4462,387,251,136,141,60,81,18,6,12,941,307,634
471,District-Mahesana,Total,16,13161,5492,7669,3918,2969,949,1381,577,804,216,108,108,6326,1338,4988,362,229,133,153,54,99,20,10,10,785,207,578
471,District-Mahesana,Total,17,15270,6644,8626,5040,3883,1157,1609,704,905,267,135,132,7057,1450,5607,403,259,144,144,55,89,13,6,7,737,152,585
471,District-Mahesana,Total,18,23350,10487,12863,8610,6842,1768,2353,1046,1307,319,163,156,9665,1720,7945,758,437,321,271,61,210,31,8,23,1343,210,1133
471,District-Mahesana,Total,19,19643,8991,10652,7553,6135,1418,1942,891,1051,273,138,135,8152,1358,6794,535,286,249,231,58,173,15,6,9,942,119,823
471,District-Mahesana,Rural,5-19,120795,55322,65473,27188,20755,6433,8647,3467,5180,1322,587,735,39757,8506,31251,2391,1358,1033,1023,293,730,126,43,83,40341,20313,20028
471,District-Mahesana,Rural,5,20706,11377,9329,4,2,2,3,0,3,0,0,0,199,113,86,64,37,27,36,14,22,6,3,3,20394,11208,9186
471,District-Mahesana,Rural,6,10766,5836,4930,13,9,4,3,2,1,0,0,0,448,230,218,45,30,15,29,13,16,4,2,2,10224,5550,4674
471,District-Mahesana,Rural,7,2765,1443,1322,24,18,6,4,4,0,0,0,0,401,227,174,14,9,5,10,3,7,0,0,0,2312,1182,1130
471,District-Mahesana,Rural,8,1381,700,681,33,21,12,7,2,5,1,0,1,392,215,177,12,11,1,12,4,8,4,0,4,920,447,473
471,District-Mahesana,Rural,9,1137,569,568,27,18,9,14,4,10,1,1,0,439,215,224,10,6,4,7,1,6,2,0,2,637,324,313
471,District-Mahesana,Rural,10,1738,814,924,87,57,30,30,14,16,6,3,3,665,276,389,33,24,9,19,8,11,7,3,4,891,429,462
471,District-Mahesana,Rural,11,1775,724,1051,269,181,88,62,19,43,17,8,9,893,292,601,46,25,21,20,8,12,5,2,3,463,189,274
471,District-Mahesana,Rural,12,2843,1131,1712,514,360,154,180,85,95,27,12,15,1502,438,1064,102,59,43,39,11,28,10,3,7,469,163,306
471,District-Mahesana,Rural,13,3813,1358,2455,768,517,251,301,92,209,64,22,42,2138,501,1637,88,50,38,45,20,25,9,3,6,400,153,247
471,District-Mahesana,Rural,14,5864,2063,3801,1349,923,426,581,162,419,117,35,82,3231,738,2493,118,69,49,49,12,37,14,8,6,405,116,289
471,District-Mahesana,Rural,15,9402,3680,5722,2563,1899,664,943,347,596,172,70,102,4725,981,3744,275,164,111,110,47,63,12,3,9,602,169,433
471,District-Mahesana,Rural,16,10910,4469,6441,3398,2539,859,1269,512,757,189,88,101,5130,997,4133,278,170,108,116,38,78,15,7,8,515,118,397
471,District-Mahesana,Rural,17,12579,5399,7180,4359,3309,1050,1451,599,852,229,110,119,5621,1058,4563,306,184,122,112,36,76,9,3,6,492,100,392
471,District-Mahesana,Rural,18,19230,8553,10677,7404,5805,1599,2076,875,1201,268,126,142,7660,1260,6400,601,333,268,231,41,190,19,3,16,971,110,861
471,District-Mahesana,Rural,19,15886,7206,8680,6376,5097,1279,1723,750,973,231,112,119,6313,965,5348,399,187,212,188,37,151,10,3,7,646,55,591
471,District-Mahesana,Urban,5-19,32190,16211,15979,4570,3874,696,1052,634,418,237,163,74,11268,3575,7693,828,589,239,285,136,149,44,23,21,13906,7217,6689
471,District-Mahesana,Urban,5,5842,3332,2510,4,3,1,1,1,0,0,0,0,132,83,49,38,23,15,15,7,8,1,1,0,5651,3214,2437
471,District-Mahesana,Urban,6,3889,2172,1717,6,4,2,3,1,2,0,0,0,210,123,87,24,15,9,20,8,12,0,0,0,3626,2021,1605
471,District-Mahesana,Urban,7,1127,577,550,13,8,5,3,0,3,0,0,0,225,109,116,13,8,5,5,2,3,0,0,0,868,450,418
471,District-Mahesana,Urban,8,699,400,299,20,15,5,5,4,1,0,0,0,226,131,95,5,2,3,1,1,0,0,0,0,442,247,195
471,District-Mahesana,Urban,9,630,331,299,5,1,4,5,5,0,1,1,0,264,140,124,8,5,3,9,4,5,0,0,0,338,175,163
471,District-Mahesana,Urban,10,760,389,371,9,8,1,6,4,2,2,1,1,283,145,138,20,15,5,7,2,5,2,0,2,431,214,217
471,District-Mahesana,Urban,11,928,478,450,133,114,19,24,13,11,7,5,2,439,182,257,24,19,5,11,4,7,0,0,0,290,141,149
471,District-Mahesana,Urban,12,1037,506,531,123,103,20,38,21,17,2,2,0,548,220,328,32,24,8,9,5,4,5,3,2,280,128,152
471,District-Mahesana,Urban,13,1034,479,555,130,105,25,44,20,24,13,8,5,590,229,361,29,19,10,10,6,4,4,2,2,214,90,124
471,District-Mahesana,Urban,14,1365,590,775,183,147,36,59,30,29,19,10,9,796,266,530,49,35,14,15,8,7,0,0,0,244,94,150
471,District-Mahesana,Urban,15,2060,970,1090,360,287,73,98,53,45,35,28,7,1079,361,718,112,87,25,31,13,18,6,3,3,339,138,201
471,District-Mahesana,Urban,16,2251,1023,1228,520,430,90,112,65,47,27,20,7,1196,341,855,84,59,25,37,16,21,5,3,2,270,89,181
471,District-Mahesana,Urban,17,2691,1245,1446,681,574,107,158,105,53,38,25,13,1436,392,1044,97,75,22,32,19,13,4,3,1,245,52,193
471,District-Mahesana,Urban,18,4120,1934,2186,1206,1037,169,277,171,106,51,37,14,2005,460,1545,157,104,53,40,20,20,12,5,7,372,100,272
471,District-Mahesana,Urban,19,3757,1785,1972,1177,1038,139,219,141,78,42,26,16,1839,393,1446,136,99,37,43,21,22,5,3,2,296,64,232
472,District-Sabar Kantha,Total,5-19,208748,99310,109438,33478,24381,9097,23022,10302,12720,5757,2533,3224,48486,14310,34176,7319,3755,3564,5321,1503,3818,2635,1056,1579,82730,41470,41260
472,District-Sabar Kantha,Total,5,37750,20159,17591,16,8,8,13,1,12,0,0,0,382,202,180,152,85,67,106,45,61,52,26,26,37029,19792,17237
472,District-Sabar Kantha,Total,6,21929,11667,10262,26,18,8,8,6,2,2,0,2,650,329,321,89,45,44,95,37,58,75,35,40,20984,11197,9787
472,District-Sabar Kantha,Total,7,7135,3672,3463,45,27,18,13,8,5,7,2,5,674,333,341,57,31,26,58,28,30,117,60,57,6164,3183,2981
472,District-Sabar Kantha,Total,8,4081,2088,1993,57,37,20,30,16,14,32,14,18,809,423,386,43,17,26,52,19,33,147,88,59,2911,1474,1437
472,District-Sabar Kantha,Total,9,3059,1460,1599,52,32,20,49,22,27,50,29,21,793,390,403,76,36,40,62,25,37,134,79,55,1843,847,996
472,District-Sabar Kantha,Total,10,4890,2380,2510,117,76,41,130,51,79,120,55,65,1224,579,645,113,65,48,151,68,83,193,87,106,2842,1399,1443
472,District-Sabar Kantha,Total,11,3912,1851,2061,382,259,123,233,87,146,162,78,84,1335,595,740,169,91,78,145,58,87,156,67,89,1330,616,714
472,District-Sabar Kantha,Total,12,5926,2671,3255,704,461,243,507,210,297,261,120,141,2199,887,1312,301,183,118,276,89,187,218,86,132,1460,635,825
472,District-Sabar Kantha,Total,13,6922,2920,4002,968,612,356,836,316,520,419,170,249,2739,993,1746,293,156,137,278,102,176,203,93,110,1186,478,708
472,District-Sabar Kantha,Total,14,9766,4000,5766,1793,1156,637,1455,572,883,506,210,296,3874,1189,2685,462,238,224,406,134,272,178,82,96,1092,419,673
472,District-Sabar Kantha,Total,15,15154,6774,8380,3318,2376,942,2610,1138,1472,688,298,390,5434,1703,3731,879,522,357,588,211,377,271,104,167,1366,422,944
472,District-Sabar Kantha,Total,16,17165,7544,9621,4230,3014,1216,3246,1480,1766,830,351,479,6035,1664,4371,856,460,396,605,174,431,247,76,171,1116,325,791
472,District-Sabar Kantha,Total,17,18876,8600,10276,5443,4037,1406,3745,1756,1989,825,367,458,6359,1572,4787,812,431,381,544,146,398,182,55,127,966,236,730
472,District-Sabar Kantha,Total,18,28711,13188,15523,8800,6605,2195,5671,2657,3014,1071,503,568,8627,1961,6666,1755,861,894,1104,240,864,295,82,213,1388,279,1109
472,District-Sabar Kantha,Total,19,23472,10336,13136,7527,5663,1864,4476,1982,2494,784,336,448,7352,1490,5862,1262,534,728,851,127,724,167,36,131,1053,168,885
472,District-Sabar Kantha,Rural,5-19,179913,84892,95021,29928,21448,8480,22016,9673,12343,5495,2351,3144,39103,11162,27941,6477,3208,3269,5041,1373,3668,2559,1011,1548,69294,34666,34628
472,District-Sabar Kantha,Rural,5,32580,17346,15234,12,4,8,10,1,9,0,0,0,309,165,144,121,64,57,99,42,57,51,25,26,31978,17045,14933
472,District-Sabar Kantha,Rural,6,18392,9647,8745,17,10,7,8,6,2,2,0,2,525,257,268,65,34,31,80,31,49,74,35,39,17621,9274,8347
472,District-Sabar Kantha,Rural,7,5833,3003,2830,36,25,11,12,8,4,7,2,5,522,256,266,43,25,18,52,25,27,117,60,57,5044,2602,2442
472,District-Sabar Kantha,Rural,8,3314,1705,1609,42,26,16,25,12,13,31,13,18,623,336,287,35,15,20,49,19,30,147,88,59,2362,1196,1166
472,District-Sabar Kantha,Rural,9,2524,1198,1326,40,25,15,46,21,25,48,28,20,629,292,337,62,27,35,57,24,33,133,79,54,1509,702,807
472,District-Sabar Kantha,Rural,10,4072,1973,2099,106,69,37,127,49,78,119,54,65,986,455,531,90,47,43,142,64,78,192,86,106,2310,1149,1161
472,District-Sabar Kantha,Rural,11,3303,1559,1744,323,218,105,222,80,142,158,76,82,1079,487,592,153,84,69,139,55,84,156,67,89,1073,492,581
472,District-Sabar Kantha,Rural,12,5010,2224,2786,624,398,226,484,204,280,255,116,139,1780,698,1082,266,155,111,256,79,177,216,85,131,1129,489,640
472,District-Sabar Kantha,Rural,13,5995,2526,3469,877,542,335,797,296,501,414,168,246,2245,812,1433,261,138,123,267,99,168,198,91,107,936,380,556
472,District-Sabar Kantha,Rural,14,8515,3470,5045,1624,1035,589,1407,545,862,490,205,285,3166,950,2216,401,204,197,393,129,264,174,79,95,860,323,537
472,District-Sabar Kantha,Rural,15,13308,5904,7404,3007,2138,869,2506,1072,1434,666,281,385,4480,1360,3120,765,447,318,557,195,362,264,101,163,1063,310,753
472,District-Sabar Kantha,Rural,16,15050,6596,8454,3816,2686,1130,3121,1408,1713,801,329,472,4879,1314,3565,755,397,358,579,159,420,236,68,168,863,235,628
472,District-Sabar Kantha,Rural,17,16491,7455,9036,4876,3561,1315,3563,1648,1915,787,339,448,5137,1198,3939,739,376,363,515,130,385,167,47,120,707,156,551
472,District-Sabar Kantha,Rural,18,25116,11398,13718,7867,5802,2065,5417,2475,2942,995,451,544,6880,1460,5420,1588,741,847,1041,208,833,277,71,206,1051,190,861
472,District-Sabar Kantha,Rural,19,20410,8888,11522,6661,4909,1752,4271,1848,2423,722,289,433,5863,1122,4741,1133,454,679,815,114,701,157,29,128,788,123,665
472,District-Sabar Kantha,Urban,5-19,28835,14418,14417,3550,2933,617,1006,629,377,262,182,80,9383,3148,6235,842,547,295,280,130,150,76,45,31,13436,6804,6632
472,District-Sabar Kantha,Urban,5,5170,2813,2357,4,4,0,3,0,3,0,0,0,73,37,36,31,21,10,7,3,4,1,1,0,5051,2747,2304
472,District-Sabar Kantha,Urban,6,3537,2020,1517,9,8,1,0,0,0,0,0,0,125,72,53,24,11,13,15,6,9,1,0,1,3363,1923,1440
472,District-Sabar Kantha,Urban,7,1302,669,633,9,2,7,1,0,1,0,0,0,152,77,75,14,6,8,6,3,3,0,0,0,1120,581,539
472,District-Sabar Kantha,Urban,8,767,383,384,15,11,4,5,4,1,1,1,0,186,87,99,8,2,6,3,0,3,0,0,0,549,278,271
472,District-Sabar Kantha,Urban,9,535,262,273,12,7,5,3,1,2,2,1,1,164,98,66,14,9,5,5,1,4,1,0,1,334,145,189
472,District-Sabar Kantha,Urban,10,818,407,411,11,7,4,3,2,1,1,1,0,238,124,114,23,18,5,9,4,5,1,1,0,532,250,282
472,District-Sabar Kantha,Urban,11,609,292,317,59,41,18,11,7,4,4,2,2,256,108,148,16,7,9,6,3,3,0,0,0,257,124,133
472,District-Sabar Kantha,Urban,12,916,447,469,80,63,17,23,6,17,6,4,2,419,189,230,35,28,7,20,10,10,2,1,1,331,146,185
472,District-Sabar Kantha,Urban,13,927,394,533,91,70,21,39,20,19,5,2,3,494,181,313,32,18,14,11,3,8,5,2,3,250,98,152
472,District-Sabar Kantha,Urban,14,1251,530,721,169,121,48,48,27,21,16,5,11,708,239,469,61,34,27,13,5,8,4,3,1,232,96,136
472,District-Sabar Kantha,Urban,15,1846,870,976,311,238,73,104,66,38,22,17,5,954,343,611,114,75,39,31,16,15,7,3,4,303,112,191
472,District-Sabar Kantha,Urban,16,2115,948,1167,414,328,86,125,72,53,29,22,7,1156,350,806,101,63,38,26,15,11,11,8,3,253,90,163
472,District-Sabar Kantha,Urban,17,2385,1145,1240,567,476,91,182,108,74,38,28,10,1222,374,848,73,55,18,29,16,13,15,8,7,259,80,179
472,District-Sabar Kantha,Urban,18,3595,1790,1805,933,803,130,254,182,72,76,52,24,1747,501,1246,167,120,47,63,32,31,18,11,7,337,89,248
472,District-Sabar Kantha,Urban,19,3062,1448,1614,866,754,10012,205,134,71,62,47,15,1489,368,1121,129,80,49,36,13,23,10,7,3,265,45,220
473,District-Gandhinagar,Total,5-19,105845,49181,56664,19591,15940,3651,6339,3328,3011,1128,586,542,38350,9000,29350,2193,1448,745,919,414,505,201,94,107,37124,18371,18753
473,District-Gandhinagar,Total,5,16914,9282,7632,12,10,2,6,1,5,1,0,1,401,212,189,110,74,36,96,51,45,7,3,4,16281,8931,7350
473,District-Gandhinagar,Total,6,9883,5529,4354,19,13,6,10,6,4,1,1,0,565,305,260,59,48,11,53,30,23,7,3,4,9169,5123,4046
473,District-Gandhinagar,Total,7,2872,1460,1412,49,34,15,11,4,7,1,0,1,541,289,252,43,27,16,4,2,2,2,0,2,2221,1104,1117
473,District-Gandhinagar,Total,8,1678,836,842,48,35,13,7,6,1,0,0,0,529,265,264,26,13,13,8,3,5,3,3,0,1057,511,546
473,District-Gandhinagar,Total,9,1373,676,697,51,35,16,8,5,3,4,2,2,543,265,278,22,12,10,5,4,1,3,2,1,737,351,386
473,District-Gandhinagar,Total,10,1985,998,987,70,50,20,26,13,13,9,7,2,757,370,387,40,27,13,13,6,7,5,2,3,1065,523,542
473,District-Gandhinagar,Total,11,2029,923,1106,244,189,55,77,41,36,13,8,5,976,365,611,51,30,21,17,7,10,5,2,3,646,281,365
473,District-Gandhinagar,Total,12,2824,1199,1625,404,305,99,116,60,56,32,11,21,1465,488,977,84,49,35,26,10,16,9,4,5,688,272,416
473,District-Gandhinagar,Total,13,3468,1258,2210,534,381,153,206,89,117,39,13,26,2018,535,1483,73,46,27,34,17,17,8,5,3,556,172,384
473,District-Gandhinagar,Total,14,5038,1835,3203,910,643,267,359,165,194,76,29,47,2937,696,2241,101,66,35,40,20,20,19,9,10,596,207,389
473,District-Gandhinagar,Total,15,7969,3100,4869,1683,1311,372,708,350,358,148,62,86,4266,926,3340,255,167,88,101,45,56,41,17,24,767,222,545
473,District-Gandhinagar,Total,16,8772,3539,5233,2225,1746,479,789,401,388,184,98,86,4588,920,3668,229,149,80,79,40,39,11,3,8,667,182,485
473,District-Gandhinagar,Total,17,10847,4820,6027,3163,2642,521,1100,594,506,176,102,74,5338,1091,4247,253,164,89,95,39,56,19,13,6,703,175,528
473,District-Gandhinagar,Total,18,16267,7376,8891,5299,4427,872,1549,857,692,251,139,112,7352,1308,6044,484,351,133,176,74,102,43,17,26,1113,203,910
473,District-Gandhinagar,Total,19,13926,6350,7576,4880,4119,761,1367,736,631,193,114,79,6074,965,5109,363,225,138,172,66,106,19,11,8,858,114,744
473,District-Gandhinagar,Rural,5-19,66113,29791,36322,14075,11219,2856,4994,2390,2604,826,379,447,24404,4957,19447,1235,738,497,501,174,327,87,34,53,19991,9900,10091
473,District-Gandhinagar,Rural,5,9919,5445,4474,8,6,2,3,0,3,1,0,1,222,120,102,50,29,21,37,17,20,6,3,3,9592,5270,4322
473,District-Gandhinagar,Rural,6,5269,2919,2350,12,9,3,3,2,1,0,0,0,332,180,152,28,25,3,12,7,5,6,3,3,4876,2693,2183
473,District-Gandhinagar,Rural,7,1413,723,690,22,16,6,6,3,3,1,0,1,253,132,121,21,12,9,1,1,0,0,0,0,1109,559,550
473,District-Gandhinagar,Rural,8,816,408,408,25,19,6,3,2,1,0,0,0,279,142,137,13,5,8,6,2,4,1,1,0,489,237,252
473,District-Gandhinagar,Rural,9,659,320,339,30,23,7,6,4,2,2,0,2,281,136,145,13,6,7,2,1,1,2,1,1,323,149,174
473,District-Gandhinagar,Rural,10,957,475,482,45,34,11,12,7,5,5,4,1,376,171,205,24,15,9,8,3,5,2,1,1,485,240,245
473,District-Gandhinagar,Rural,11,1119,499,620,164,128,36,56,27,29,8,4,4,558,188,370,32,17,15,5,2,3,3,1,2,293,132,161
473,District-Gandhinagar,Rural,12,1655,661,994,277,201,76,91,46,45,27,8,19,878,257,621,57,29,28,18,6,12,3,1,2,304,113,191
473,District-Gandhinagar,Rural,13,2203,761,1442,398,272,126,165,67,98,30,8,22,1308,309,999,45,26,19,18,7,11,2,1,1,237,71,166
473,District-Gandhinagar,Rural,14,3253,1121,2132,676,460,216,291,122,169,59,22,37,1894,394,1500,53,34,19,18,9,9,7,2,5,255,78,177
473,District-Gandhinagar,Rural,15,5422,2023,3399,1265,966,299,554,249,305,116,42,74,2892,548,2344,156,95,61,63,22,41,18,6,12,358,95,263
473,District-Gandhinagar,Rural,16,5985,2310,3675,1649,1265,384,634,289,345,131,64,67,3079,518,2561,129,83,46,46,20,26,4,0,4,313,71,242
473,District-Gandhinagar,Rural,17,7386,3206,4180,2338,1916,422,884,434,450,130,67,63,3500,626,2874,130,68,62,58,17,41,7,3,4,339,75,264
473,District-Gandhinagar,Rural,18,10859,4821,6038,3819,3144,675,1186,592,594,164,75,89,4720,729,3991,261,169,92,103,30,73,18,8,10,588,74,514
473,District-Gandhinagar,Rural,19,9198,4099,5099,3347,2760,587,1100,546,554,152,85,67,3832,507,3325,223,125,98,106,30,76,8,3,5,430,43,387
473,District-Gandhinagar,Urban,5-19,39732,19390,20342,5516,4721,795,1345,938,407,302,207,95,13946,4043,9903,958,710,248,418,240,178,114,60,54,17133,8471,8662
473,District-Gandhinagar,Urban,5,6995,3837,3158,4,4,0,3,1,2,0,0,0,179,92,87,60,45,15,59,34,25,1,0,1,6689,3661,3028
473,District-Gandhinagar,Urban,6,4614,2610,2004,7,4,3,7,4,3,1,1,0,233,125,108,31,23,8,41,23,18,1,0,1,4293,2430,1863
473,District-Gandhinagar,Urban,7,1459,737,722,27,18,9,5,1,4,0,0,0,288,157,131,22,15,7,3,1,2,2,0,2,1112,545,567
473,District-Gandhinagar,Urban,8,862,428,434,23,16,7,4,4,0,0,0,0,250,123,127,13,8,5,2,1,1,2,2,0,568,274,294
473,District-Gandhinagar,Urban,9,714,356,358,21,12,9,2,1,1,2,2,0,262,129,133,9,6,3,3,3,0,1,1,0,414,202,212
473,District-Gandhinagar,Urban,10,1028,523,505,25,16,9,14,6,8,4,3,1,381,199,182,16,12,4,5,3,2,3,1,2,580,283,297
473,District-Gandhinagar,Urban,11,910,424,486,80,61,19,21,14,7,5,4,1,418,177,241,19,13,6,12,5,7,2,1,1,353,149,204
473,District-Gandhinagar,Urban,12,1169,538,631,127,104,23,25,14,11,5,3,2,587,231,356,27,20,7,8,4,4,6,3,3,384,159,225
473,District-Gandhinagar,Urban,13,1265,497,768,136,109,27,41,22,19,9,5,4,710,226,484,28,20,8,16,10,6,6,4,2,319,101,218
473,District-Gandhinagar,Urban,14,1785,714,1071,234,183,51,68,43,25,17,7,10,1043,302,741,48,32,16,22,11,11,12,7,5,341,129,212
473,District-Gandhinagar,Urban,15,2547,1077,1470,418,345,73,154,101,53,32,20,12,1374,378,996,99,72,27,38,23,15,23,11,12,409,127,282
473,District-Gandhinagar,Urban,16,2787,1229,1558,576,481,95,155,112,43,53,34,19,1509,402,1107,100,66,34,33,20,13,7,3,4,354,111,243
473,District-Gandhinagar,Urban,17,3461,1614,1847,825,726,99,216,160,56,46,35,11,1838,465,1373,123,96,27,37,22,15,12,10,2,364,100,264
473,District-Gandhinagar,Urban,18,5408,2555,2853,1480,1283,197,363,265,98,87,64,23,2632,579,2053,223,182,41,73,44,29,25,9,16,525,129,396
473,District-Gandhinagar,Urban,19,4728,2251,2477,1533,1359,174,267,190,77,41,29,12,2242,458,1784,140,100,40,66,36,30,11,8,3,428,71,357
474,District-Ahmadabad,Total,5-19,567767,279703,288064,107710,90126,17584,21674,11472,10202,3893,1954,1939,190785,53925,136860,18492,12796,5696,6250,2615,3635,909,391,518,218054,106424,111630
474,District-Ahmadabad,Total,5,88981,48529,40452,592,509,83,95,47,48,12,8,4,3533,1650,1883,813,501,312,521,272,249,53,27,26,83362,45515,37847
474,District-Ahmadabad,Total,6,58496,31860,26636,540,474,66,115,63,52,10,6,4,4075,2005,2070,592,344,248,397,217,180,29,15,14,52738,28736,24002
474,District-Ahmadabad,Total,7,19140,9732,9408,724,580,144,123,77,46,11,6,5,2991,1302,1689,244,159,85,151,73,78,14,7,7,14882,7528,7354
474,District-Ahmadabad,Total,8,10867,5345,5522,595,486,109,105,61,44,10,4,6,2565,1105,1460,207,122,85,105,53,52,5,2,3,7275,3512,3763
474,District-Ahmadabad,Total,9,9695,4827,4868,654,530,124,132,80,52,13,8,5,2887,1273,1614,223,150,73,115,57,58,14,5,9,5657,2724,2933
474,District-Ahmadabad,Total,10,13404,6638,6766,950,737,213,196,106,90,33,12,21,4067,1767,2300,365,223,142,142,71,71,23,10,13,7628,3712,3916
474,District-Ahmadabad,Total,11,15756,7584,8172,2950,2470,480,436,208,228,61,34,27,6438,2170,4268,519,352,167,199,81,118,31,11,20,5122,2258,2864
474,District-Ahmadabad,Total,12,18049,8465,9584,3265,2734,531,600,279,321,112,50,62,8023,2659,5364,800,515,285,265,122,143,66,30,36,4918,2076,2842
474,District-Ahmadabad,Total,13,19076,8041,11035,3314,2558,756,856,355,501,209,93,116,9596,2889,6707,692,428,264,249,94,155,58,23,35,4102,1601,2501
474,District-Ahmadabad,Total,14,26555,11259,15296,5167,4031,1136,1484,631,853,299,128,171,13795,4031,9764,970,638,332,372,148,224,55,24,31,4413,1628,2785
474,District-Ahmadabad,Total,15,39029,17306,21723,8931,7045,1886,2384,1164,1220,511,243,268,19132,5485,13647,1918,1335,583,598,251,347,91,42,49,5464,1741,3723
474,District-Ahmadabad,Total,16,44406,20107,24299,11446,9145,2301,2967,1527,1440,524,243,281,22244,6244,16000,1781,1236,545,561,203,358,92,39,53,4791,1470,3321
474,District-Ahmadabad,Total,17,53374,25630,27744,16193,13488,2705,3417,1833,1584,661,332,329,25429,6756,18673,2244,1635,609,692,266,426,103,41,62,4635,1279,3356
474,District-Ahmadabad,Total,18,78012,38746,39266,26346,22660,3686,4752,2733,2019,749,394,355,34195,8093,26102,3901,2851,1050,1036,409,627,152,72,80,6881,1534,5347
474,District-Ahmadabad,Total,19,72927,35634,37293,26043,22679,3364,4012,2308,1704,678,393,285,31815,6496,25319,3223,2307,916,847,298,549,123,43,80,6186,1110,5076
474,District-Ahmadabad,Rural,5-19,133540,59754,73786,26463,20870,5593,11491,5080,6411,1970,733,1237,41284,9601,31683,4763,2728,2035,2748,773,1975,428,119,309,44393,19850,24543
474,District-Ahmadabad,Rural,5,18209,9638,8571,99,86,13,23,8,15,4,0,4,426,180,246,147,85,62,80,36,44,13,5,8,17417,9238,8179
474,District-Ahmadabad,Rural,6,9911,5116,4795,82,74,8,26,11,15,3,1,2,552,240,312,111,61,50,38,21,17,11,5,6,9088,4703,4385
474,District-Ahmadabad,Rural,7,3851,1894,1957,122,92,30,39,21,18,4,1,3,473,208,265,37,21,16,26,12,14,3,2,1,3147,1537,1610
474,District-Ahmadabad,Rural,8,2277,1005,1272,103,74,29,33,11,22,5,0,5,460,182,278,54,29,25,32,12,20,3,1,2,1587,696,891
474,District-Ahmadabad,Rural,9,1958,901,1057,117,95,22,49,25,24,6,2,4,530,213,317,61,41,20,36,11,25,7,2,5,1152,512,640
474,District-Ahmadabad,Rural,10,2845,1235,1610,181,134,47,74,32,42,17,6,11,829,313,516,94,51,43,55,20,35,14,4,10,1581,675,906
474,District-Ahmadabad,Rural,11,3132,1277,1855,422,325,97,175,55,120,28,13,15,1204,366,838,129,74,55,89,27,62,13,3,10,1072,414,658
474,District-Ahmadabad,Rural,12,4137,1654,2483,591,438,153,297,102,195,63,19,44,1744,515,1229,223,121,102,124,43,81,38,13,25,1057,403,654
474,District-Ahmadabad,Rural,13,5482,1880,3602,841,566,275,519,175,344,128,44,84,2695,652,2043,224,113,111,114,28,86,29,9,20,932,293,639
474,District-Ahmadabad,Rural,14,7967,2904,5063,1437,1023,414,938,347,591,191,67,124,3915,975,2940,279,151,128,201,64,137,29,7,22,977,270,707
474,District-Ahmadabad,Rural,15,11671,4600,7071,2701,1959,742,1432,594,838,308,117,191,5244,1254,3990,496,308,188,271,76,195,44,15,29,1175,277,898
474,District-Ahmadabad,Rural,16,12828,5290,7538,3415,2559,856,1685,737,948,294,112,182,5531,1285,4246,466,275,191,307,81,226,48,16,32,1082,225,857
474,District-Ahmadabad,Rural,17,14088,6262,7826,4268,3400,868,1864,871,993,340,127,213,5547,1181,4366,594,345,249,368,106,262,60,19,41,1047,213,834
474,District-Ahmadabad,Rural,18,19369,8844,10525,6577,5392,1185,2463,1198,1265,305,105,200,6754,1183,5571,988,581,407,544,130,414,62,12,50,1676,243,1433
474,District-Ahmadabad,Rural,19,15815,7254,8561,5507,4653,854,1874,893,981,274,119,155,5380,854,4526,860,472,388,463,106,357,54,6,48,1403,151,1252
474,District-Ahmadabad,Urban,5-19,434227,219949,214278,81247,69256,11991,10183,6392,3791,1923,1221,702,149501,44324,105177,13729,10068,3661,3502,1842,1660,481,272,209,173661,86574,87087
474,District-Ahmadabad,Urban,5,70772,38891,31881,493,423,70,72,39,33,8,8,0,3107,1470,1637,666,416,250,441,236,205,40,22,18,65945,36277,29668
474,District-Ahmadabad,Urban,6,48585,26744,21841,458,400,58,89,52,37,7,5,2,3523,1765,1758,481,283,198,359,196,163,18,10,8,43650,24033,19617
474,District-Ahmadabad,Urban,7,15289,7838,7451,602,488,114,84,56,28,7,5,2,2518,1094,1424,207,138,69,125,61,64,11,5,6,11735,5991,5744
474,District-Ahmadabad,Urban,8,8590,4340,4250,492,412,80,72,50,22,5,4,1,2105,923,1182,153,93,60,73,41,32,2,1,1,5688,2816,2872
474,District-Ahmadabad,Urban,9,7737,3926,3811,537,435,102,83,55,28,7,6,1,2357,1060,1297,162,109,53,79,46,33,7,3,4,4505,2212,2293
474,District-Ahmadabad,Urban,10,10559,5403,5156,769,603,166,122,74,48,16,6,10,3238,1454,1784,271,172,99,87,51,36,9,6,3,6047,3037,3010
474,District-Ahmadabad,Urban,11,12624,6307,6317,2528,2145,383,261,153,108,33,21,12,5234,1804,3430,390,278,112,110,54,56,18,8,10,4050,1844,2206
474,District-Ahmadabad,Urban,12,13912,6811,7101,2674,2296,378,303,177,126,49,31,18,6279,2144,4135,577,394,183,141,79,62,28,17,11,3861,1673,2188
474,District-Ahmadabad,Urban,13,13594,6161,7433,2473,1992,481,337,180,157,81,49,32,6901,2237,4664,468,315,153,135,66,69,29,14,15,3170,1308,1862
474,District-Ahmadabad,Urban,14,18588,8355,10233,3730,3008,722,546,284,262,108,61,47,9880,3056,6824,691,487,204,171,84,87,26,17,9,3436,1358,2078
474,District-Ahmadabad,Urban,15,27358,12706,14652,6230,5086,1144,952,570,382,203,126,77,13888,4231,9657,1422,1027,395,327,175,152,47,27,20,4289,1464,2825
474,District-Ahmadabad,Urban,16,31578,14817,16761,8031,6586,1445,1282,790,492,230,131,99,16713,4959,11754,1315,961,354,254,122,132,44,23,21,3709,1245,2464
474,District-Ahmadabad,Urban,17,39286,19368,19918,11925,10088,1837,1553,962,591,321,205,116,19882,5575,14307,1650,1290,360,324,160,164,43,22,21,3588,1066,2522
474,District-Ahmadabad,Urban,18,58643,29902,28741,19769,17268,2501,2289,1535,754,444,289,155,27441,6910,20531,2913,2270,643,492,279,213,90,60,30,5205,1291,3914
474,District-Ahmadabad,Urban,19,57112,28380,28732,20536,18026,2510,2138,1415,723,404,274,130,26435,5642,20793,2363,1835,528,384,192,192,69,37,32,4783,959,3824
475,District-Surendranagar,Total,5-19,189050,84924,104126,40824,29135,11689,17583,6216,11367,3253,1083,2170,49751,13035,36716,8323,4343,3980,3939,997,2942,654,162,492,64723,29953,34770
475,District-Surendranagar,Total,5,28020,14659,13361,11,8,3,5,0,5,0,0,0,313,157,156,111,73,38,61,29,32,12,7,5,27507,14385,13122
475,District-Surendranagar,Total,6,14521,7603,6918,13,9,4,4,3,1,3,2,1,567,302,265,58,36,22,41,24,17,10,5,5,13825,7222,6603
475,District-Surendranagar,Total,7,5026,2391,2635,19,10,9,5,2,3,4,2,2,391,164,227,34,18,16,27,8,19,5,3,2,4541,2184,2357
475,District-Surendranagar,Total,8,2958,1359,1599,35,27,8,12,4,8,5,1,4,473,223,250,39,17,22,32,12,20,9,4,5,2353,1071,1282
475,District-Surendranagar,Total,9,2346,1055,1291,56,31,25,22,7,15,5,2,3,579,249,330,45,21,24,30,9,21,8,2,6,1601,734,867
475,District-Surendranagar,Total,10,3536,1593,1943,111,70,41,81,27,54,15,4,11,983,404,579,83,49,34,59,24,35,18,5,13,2186,1010,1176
475,District-Surendranagar,Total,11,3291,1314,1977,297,197,100,145,45,100,41,16,25,1288,435,853,152,77,75,62,18,44,26,3,23,1280,523,757
475,District-Surendranagar,Total,12,5381,2060,3321,653,423,230,402,102,300,102,29,73,2345,753,1592,271,158,113,144,45,99,38,14,24,1426,536,890
475,District-Surendranagar,Total,13,7606,2704,4902,1206,684,522,824,258,566,203,75,128,3539,1050,2489,317,160,157,189,46,143,45,13,32,1283,418,865
475,District-Surendranagar,Total,14,11527,4200,7327,2463,1499,964,1502,442,1060,340,111,229,5093,1416,3677,519,262,257,273,69,204,42,14,28,1295,387,908
475,District-Surendranagar,Total,15,16423,6613,9810,4270,2796,1474,2350,756,1594,491,168,323,6298,1773,4525,991,538,453,441,120,321,93,26,67,1489,436,1053
475,District-Surendranagar,Total,16,18837,7776,11061,5944,4014,1930,2857,956,1901,486,169,317,6678,1647,5031,994,523,471,479,112,367,73,27,46,1326,328,998
475,District-Surendranagar,Total,17,20198,8939,11259,7101,5056,2045,2987,1123,1864,522,178,344,6679,1603,5076,1096,578,518,544,138,406,58,13,45,1211,250,961
475,District-Surendranagar,Total,18,26912,12482,14430,10061,7647,2414,3514,1371,2143,567,178,389,7875,1650,6225,2069,1100,969,877,217,660,116,18,98,1833,301,1532
475,District-Surendranagar,Total,19,22468,10176,12292,8584,6664,1920,2873,1120,1753,469,148,321,6650,1209,5441,1544,733,811,680,126,554,101,8,93,1567,168,1399
475,District-Surendranagar,Rural,5-19,147534,64850,82684,33367,23076,10291,16241,5437,10804,3014,935,2079,35779,9299,26480,6850,3345,3505,3574,811,2763,605,140,465,48104,21807,26297
475,District-Surendranagar,Rural,5,21248,10996,10252,8,5,3,3,0,3,0,0,0,213,105,108,79,50,29,46,20,26,7,4,3,20892,10812,10080
475,District-Surendranagar,Rural,6,10358,5310,5048,11,7,4,0,0,0,2,1,1,423,238,185,36,19,17,26,15,11,5,2,3,9855,5028,4827
475,District-Surendranagar,Rural,7,3714,1731,1983,13,5,8,5,2,3,3,2,1,289,121,168,23,12,11,23,7,16,4,2,2,3354,1580,1774
475,District-Surendranagar,Rural,8,2267,1002,1265,29,21,8,10,3,7,5,1,4,363,165,198,37,16,21,23,8,15,8,3,5,1792,785,1007
475,District-Surendranagar,Rural,9,1780,784,996,46,25,21,20,6,14,5,2,3,444,190,254,35,17,18,28,9,19,8,2,6,1194,533,661
475,District-Surendranagar,Rural,10,2785,1220,1565,99,61,38,74,24,50,15,4,11,787,324,463,69,39,30,51,18,33,17,5,12,1673,745,928
475,District-Surendranagar,Rural,11,2578,1016,1562,232,145,87,136,40,96,38,16,22,985,331,654,125,62,63,55,15,40,25,3,22,982,404,578
475,District-Surendranagar,Rural,12,4306,1611,2695,564,357,207,372,90,282,93,24,69,1820,581,1239,225,126,99,131,38,93,35,11,24,1066,384,682
475,District-Surendranagar,Rural,13,6271,2186,4085,1050,574,476,770,234,536,193,68,125,2817,822,1995,263,126,137,175,39,136,42,11,31,961,312,649
475,District-Surendranagar,Rural,14,9498,3389,6109,2153,1280,873,1408,397,1011,321,100,221,3924,1083,2841,436,206,230,256,57,199,39,14,25,961,252,709
475,District-Surendranagar,Rural,15,13440,5271,8169,3630,2311,1319,2225,679,1546,456,145,311,4730,1284,3446,827,428,399,404,101,303,89,23,66,1079,300,779
475,District-Surendranagar,Rural,16,15256,6137,9119,4944,3231,1713,2690,856,1834,446,147,299,4881,1166,3715,838,408,430,428,92,336,68,24,44,961,213,748
475,District-Surendranagar,Rural,17,15946,6948,8998,5808,4035,1773,2754,980,1774,484,157,327,4610,1080,3530,869,424,445,492,111,381,55,13,42,874,148,726
475,District-Surendranagar,Rural,18,20946,9579,11367,8045,5950,2095,3184,1172,2012,522,146,376,5271,1071,4200,1686,842,844,810,183,627,104,15,89,1324,200,1124
475,District-Surendranagar,Rural,19,17141,7670,9471,6735,5069,1666,2590,954,1636,431,122,309,4222,738,3484,1302,570,732,626,98,528,99,8,91,1136,111,1025
475,District-Surendranagar,Urban,5-19,41516,20074,21442,7457,6059,1398,1342,779,563,239,148,91,13972,3736,10236,1473,998,475,365,186,179,49,22,27,16619,8146,8473
475,District-Surendranagar,Urban,5,6772,3663,3109,3,3,0,2,0,2,0,0,0,100,52,48,32,23,9,15,9,6,5,3,2,6615,3573,3042
475,District-Surendranagar,Urban,6,4163,2293,1870,2,2,0,4,3,1,1,1,0,144,64,80,22,17,5,15,9,6,5,3,2,3970,2194,1776
475,District-Surendranagar,Urban,7,1312,660,652,6,5,1,0,0,0,1,0,1,102,43,59,11,6,5,4,1,3,1,1,0,1187,604,583
475,District-Surendranagar,Urban,8,691,357,334,6,6,0,2,1,1,0,0,0,110,58,52,2,1,1,9,4,5,1,1,0,561,286,275
475,District-Surendranagar,Urban,9,566,271,295,10,6,4,2,1,1,0,0,0,135,59,76,10,4,6,2,0,2,0,0,0,407,201,206
475,District-Surendranagar,Urban,10,751,373,378,12,9,3,7,3,4,0,0,0,196,80,116,14,10,4,8,6,2,1,0,1,513,265,248
475,District-Surendranagar,Urban,11,713,298,415,65,52,13,9,5,4,3,0,3,303,104,199,27,15,12,7,3,4,1,0,1,298,119,179
475,District-Surendranagar,Urban,12,1075,449,626,89,66,23,30,12,18,9,5,4,525,172,353,46,32,14,13,7,6,3,3,0,360,152,208
475,District-Surendranagar,Urban,13,1335,518,817,156,110,46,54,24,30,10,7,3,722,228,494,54,34,20,14,7,7,3,2,1,322,106,216
475,District-Surendranagar,Urban,14,2029,811,1218,310,219,91,94,45,49,19,11,8,1169,333,836,83,56,27,17,12,5,3,0,3,334,135,199
475,District-Surendranagar,Urban,15,2983,1342,1641,640,485,155,125,77,48,35,23,12,1568,489,1079,164,110,54,37,19,18,4,3,1,410,136,274
475,District-Surendranagar,Urban,16,3581,1639,1942,1000,783,217,167,100,67,40,22,18,1797,481,1316,156,115,41,51,20,31,5,3,2,365,115,250
475,District-Surendranagar,Urban,17,4252,1991,2261,1293,1021,272,233,143,90,38,21,17,2069,523,1546,227,154,73,52,27,25,3,0,3,337,102,235
475,District-Surendranagar,Urban,18,5966,2903,3063,2016,1697,319,330,199,131,45,32,13,2604,579,2025,383,258,125,67,34,33,12,3,9,509,101,408
475,District-Surendranagar,Urban,19,5327,2506,2821,1849,1595,254,283,166,117,38,26,12,2428,471,1957,242,163,79,54,28,26,2,0,2,431,57,374
476,District-Rajkot,Total,5-19,323607,161781,161826,80851,62404,18447,15170,6190,8980,2496,966,1530,93090,24643,68447,12032,7938,4094,2749,1121,1628,505,226,279,116714,58293,58421
476,District-Rajkot,Total,5,48869,26627,22242,53,39,14,14,8,6,7,6,1,1193,599,594,290,168,122,151,83,68,18,9,9,47143,25715,21428
476,District-Rajkot,Total,6,30247,16485,13762,56,45,11,20,13,7,1,0,1,1536,800,736,188,111,77,99,50,49,17,7,10,28330,15459,12871
476,District-Rajkot,Total,7,10095,5226,4869,112,84,28,23,17,6,0,0,0,1505,780,725,91,51,40,52,31,21,11,6,5,8301,4257,4044
476,District-Rajkot,Total,8,5969,2981,2988,109,82,27,26,9,17,5,2,3,1380,729,651,88,56,32,50,21,29,12,5,7,4299,2077,2222
476,District-Rajkot,Total,9,4992,2502,2490,117,82,35,34,11,23,10,5,5,1457,758,699,89,52,37,45,22,23,15,4,11,3225,1568,1657
476,District-Rajkot,Total,10,6724,3323,3401,184,120,64,46,26,20,10,2,8,1982,966,1016,201,128,73,69,28,41,25,18,7,4207,2035,2172
476,District-Rajkot,Total,11,6604,3208,3396,874,667,207,171,78,93,34,16,18,2547,1032,1515,252,153,99,90,24,66,33,13,20,2603,1225,1378
476,District-Rajkot,Total,12,9204,4215,4989,1527,1123,404,329,118,211,85,35,50,3956,1383,2573,492,310,182,128,62,66,32,17,15,2655,1167,1488
476,District-Rajkot,Total,13,11096,4632,6464,2199,1441,758,602,204,398,128,32,96,5299,1695,3604,476,287,189,139,51,88,29,14,15,2224,908,1316
476,District-Rajkot,Total,14,16321,6718,9603,4175,2742,1433,1184,396,788,216,77,139,7502,2089,5413,792,503,289,169,64,105,39,14,25,2244,833,1411
476,District-Rajkot,Total,15,23742,10823,12919,7501,5362,2139,1830,656,1174,335,132,203,9812,2698,7114,1350,910,440,301,121,180,51,20,31,2562,924,1638
476,District-Rajkot,Total,16,28626,13392,15234,10504,7756,2748,2249,908,1341,375,170,205,11580,2845,8735,1424,914,510,297,114,183,48,18,30,2149,667,1482
476,District-Rajkot,Total,17,32927,16148,16779,13486,10423,3063,2577,1050,1527,394,145,249,12716,2861,9855,1516,1026,490,288,104,184,49,24,25,1901,515,1386
476,District-Rajkot,Total,18,46239,24153,22086,20781,16738,4043,3316,1505,1811,488,177,311,15782,3031,12751,2715,1893,822,457,189,268,67,36,31,2633,584,2049
476,District-Rajkot,Total,19,41952,21348,20604,19173,15700,3473,2749,1191,1558,408,167,241,14843,2377,12466,2068,1376,692,414,157,257,59,21,38,2238,359,1879
476,District-Rajkot,Rural,5-19,154219,73619,80600,47570,34243,13327,11427,3812,7615,1797,542,1255,40727,9252,31475,5725,3232,2493,1690,503,1187,283,112,171,45000,21923,23077
476,District-Rajkot,Rural,5,20761,11094,9667,20,14,6,4,2,2,6,5,1,410,203,207,130,68,62,49,25,24,12,6,6,20130,10771,9359
476,District-Rajkot,Rural,6,11205,5918,5287,25,18,7,10,5,5,1,0,1,558,281,277,53,31,22,41,25,16,8,4,4,10509,5554,4955
476,District-Rajkot,Rural,7,3593,1826,1767,51,42,9,5,4,1,0,0,0,593,320,273,44,28,16,20,13,7,7,2,5,2873,1417,1456
476,District-Rajkot,Rural,8,2124,1047,1077,53,40,13,10,1,9,5,2,3,529,268,261,31,17,14,17,5,12,8,3,5,1471,711,760
476,District-Rajkot,Rural,9,1896,924,972,57,38,19,20,7,13,8,4,4,573,302,271,37,20,17,18,7,11,10,3,7,1173,543,630
476,District-Rajkot,Rural,10,2458,1172,1286,82,52,30,33,17,16,6,0,6,715,335,380,91,54,37,35,12,23,18,14,4,1478,688,790
476,District-Rajkot,Rural,11,2746,1228,1518,451,313,138,122,43,79,25,10,15,998,367,631,138,72,66,63,13,50,20,6,14,929,404,525
476,District-Rajkot,Rural,12,4181,1793,2388,855,578,277,234,65,169,60,19,41,1728,560,1168,257,139,118,86,35,51,17,5,12,944,392,552
476,District-Rajkot,Rural,13,5774,2241,3533,1407,857,550,508,148,360,100,22,78,2606,748,1858,240,126,114,94,28,66,17,6,11,802,306,496
476,District-Rajkot,Rural,14,9021,3556,5465,2846,1767,1079,979,286,693,182,58,124,3688,913,2775,403,231,172,112,32,80,19,8,11,792,261,531
476,District-Rajkot,Rural,15,13157,5727,7430,4844,3259,1585,1472,448,1024,268,93,175,4799,1169,3630,670,410,260,196,66,130,27,8,19,881,274,607
476,District-Rajkot,Rural,16,15605,7071,8534,6661,4673,1988,1722,588,1134,263,96,167,5307,1075,4232,704,390,314,203,51,152,22,8,14,723,190,533
476,District-Rajkot,Rural,17,17479,8200,9279,8092,5861,2231,1951,658,1293,273,71,202,5580,995,4585,723,399,324,194,47,147,28,12,16,638,157,481
476,District-Rajkot,Rural,18,23333,11635,11698,11579,8715,2864,2391,862,1529,335,90,245,6549,994,5555,1231,715,516,297,81,216,36,17,19,915,161,754
476,District-Rajkot,Rural,19,20886,10187,10699,10547,8016,2531,1966,678,1288,265,72,193,6094,722,5372,973,532,441,265,63,202,34,10,24,742,94,648
476,District-Rajkot,Urban,5-19,169388,88162,81226,33281,28161,5120,3743,2378,1365,699,424,275,52363,15391,36972,6307,4706,1601,1059,618,441,222,114,108,71714,36370,35344
476,District-Rajkot,Urban,5,28108,15533,12575,33,25,8,10,6,4,1,1,0,783,396,387,160,100,60,102,58,44,6,3,3,27013,14944,12069
476,District-Rajkot,Urban,6,19042,10567,8475,31,27,4,10,8,2,0,0,0,978,519,459,135,80,55,58,25,33,9,3,6,17821,9905,7916
476,District-Rajkot,Urban,7,6502,3400,3102,61,42,19,18,13,5,0,0,0,912,460,452,47,23,24,32,18,14,4,4,0,5428,2840,2588
476,District-Rajkot,Urban,8,3845,1934,1911,56,42,14,16,8,8,0,0,0,851,461,390,57,39,18,33,16,17,4,2,2,2828,1366,1462
476,District-Rajkot,Urban,9,3096,1578,1518,60,44,16,14,4,10,2,1,1,884,456,428,52,32,20,27,15,12,5,1,4,2052,1025,1027
476,District-Rajkot,Urban,10,4266,2151,2115,102,68,34,13,9,4,4,2,2,1267,631,636,110,74,36,34,16,18,7,4,3,2729,1347,1382
476,District-Rajkot,Urban,11,3858,1980,1878,423,354,69,49,35,14,9,6,3,1549,665,884,114,81,33,27,11,16,13,7,6,1674,821,853
476,District-Rajkot,Urban,12,5023,2422,2601,672,545,127,95,53,42,25,16,9,2228,823,1405,235,171,64,42,27,15,15,12,3,1711,775,936
476,District-Rajkot,Urban,13,5322,2391,2931,792,584,208,94,56,38,28,10,18,2693,947,1746,236,161,75,45,23,22,12,8,4,1422,602,820
476,District-Rajkot,Urban,14,7300,3162,4138,1329,975,354,205,110,95,34,19,15,3814,1176,2638,389,272,117,57,32,25,20,6,14,1452,572,880
476,District-Rajkot,Urban,15,10585,5096,5489,2657,2103,554,358,208,150,67,39,28,5013,1529,3484,680,500,180,105,55,50,24,12,12,1681,650,1031
476,District-Rajkot,Urban,16,13021,6321,6700,3843,3083,760,527,320,207,112,74,38,6273,1770,4503,720,524,196,94,63,31,26,10,16,1426,477,949
476,District-Rajkot,Urban,17,15448,7948,7500,5394,4562,832,626,392,234,121,74,47,7136,1866,5270,793,627,166,94,57,37,21,12,9,1263,358,905
476,District-Rajkot,Urban,18,22906,12518,10388,9202,8023,1179,925,643,282,153,87,66,9233,2037,7196,1484,1178,306,160,108,52,31,19,12,1718,423,1295
476,District-Rajkot,Urban,19,21066,11161,9905,8626,7684,942,783,513,270,143,95,48,8749,1655,7094,1095,844,251,149,94,55,25,11,14,1496,265,1231
477,District-Jamnagar,Total,5-19,227475,106947,120528,45063,35157,9906,13542,5216,8326,2396,815,1581,70966,19468,51498,9123,6346,2777,2857,1215,1642,469,177,292,83059,38553,44506
477,District-Jamnagar,Total,5,29637,15728,13909,20,18,2,6,4,2,1,0,1,569,299,270,199,112,87,92,50,42,13,4,9,28737,15241,13496
477,District-Jamnagar,Total,6,17132,9047,8085,27,17,10,9,5,4,3,2,1,918,495,423,151,92,59,86,48,38,7,3,4,15931,8385,7546
477,District-Jamnagar,Total,7,7168,3527,3641,69,44,25,24,17,7,3,2,1,961,489,472,82,42,40,49,23,26,6,4,2,5974,2906,3068
477,District-Jamnagar,Total,8,4866,2363,2503,58,39,19,18,7,11,3,2,1,1074,545,529,83,54,29,33,12,21,5,0,5,3592,1704,1888
477,District-Jamnagar,Total,9,4109,1973,2136,85,53,32,38,11,27,6,2,4,1095,559,536,73,37,36,43,23,20,10,6,4,2759,1282,1477
477,District-Jamnagar,Total,10,5506,2674,2832,129,85,44,54,22,32,14,2,12,1586,772,814,157,110,47,55,30,25,18,4,14,3493,1649,1844
477,District-Jamnagar,Total,11,5179,2342,2837,407,311,96,132,50,82,25,14,11,2053,829,1224,185,123,62,72,32,40,20,7,13,2285,976,1309
477,District-Jamnagar,Total,12,7509,3188,4321,736,552,184,335,116,219,70,25,45,3232,1115,2117,325,227,98,123,54,69,32,13,19,2656,1086,1570
477,District-Jamnagar,Total,13,9367,3541,5826,1185,775,410,622,180,442,158,50,108,4501,1294,3207,397,264,133,145,67,78,35,13,22,2324,898,1426
477,District-Jamnagar,Total,14,12968,4984,7984,2114,1458,656,1025,317,708,249,75,174,6369,1773,4596,561,390,171,201,78,123,38,16,22,2411,877,1534
477,District-Jamnagar,Total,15,18111,7442,10669,4073,2867,1206,1560,543,1017,308,97,211,8061,2193,5868,955,637,318,292,126,166,66,27,39,2796,952,1844
477,District-Jamnagar,Total,16,21556,9219,12337,5928,4409,1519,2059,745,1314,363,130,233,9211,2262,6949,1094,753,341,331,139,192,49,23,26,2521,758,1763
477,District-Jamnagar,Total,17,23743,10941,12802,7595,5883,1712,2273,923,1350,397,132,265,9652,2325,7327,1184,857,327,347,140,207,42,14,28,2253,667,1586
477,District-Jamnagar,Total,18,32499,16199,16300,11940,9801,2139,2890,1225,1665,427,160,267,11549,2543,9006,2098,1508,590,571,244,327,68,26,42,2956,692,2264
477,District-Jamnagar,Total,19,28125,13779,14346,10697,8845,1852,2497,1051,1446,369,122,247,10135,1975,8160,1579,1140,439,417,149,268,60,17,43,2371,480,1891
477,District-Jamnagar,Rural,5-19,130902,58956,71946,31945,23955,7990,10756,3495,7261,1941,575,1366,39728,8613,31115,5514,3670,1844,1808,610,1198,320,115,205,38890,17923,20967
477,District-Jamnagar,Rural,5,16228,8545,7683,5,4,1,3,3,0,1,0,1,255,135,120,79,44,35,28,14,14,9,2,7,15848,8343,7505
477,District-Jamnagar,Rural,6,8260,4310,3950,7,4,3,4,3,1,3,2,1,437,247,190,57,35,22,25,14,11,5,1,4,7722,4004,3718
477,District-Jamnagar,Rural,7,3092,1499,1593,22,13,9,11,7,4,2,1,1,332,158,174,43,24,19,14,3,11,4,2,2,2664,1291,1373
477,District-Jamnagar,Rural,8,2000,955,1045,23,14,9,4,0,4,1,0,1,410,204,206,39,30,9,11,2,9,5,0,5,1507,705,802
477,District-Jamnagar,Rural,9,1626,757,869,42,24,18,18,5,13,4,1,3,405,205,200,45,23,22,18,8,10,6,3,3,1088,488,600
477,District-Jamnagar,Rural,10,2373,1116,1257,60,36,24,33,13,20,8,0,8,659,299,360,89,62,27,30,17,13,14,3,11,1480,686,794
477,District-Jamnagar,Rural,11,2329,1013,1316,235,171,64,85,27,58,19,11,8,940,333,607,118,72,46,44,15,29,18,7,11,870,377,493
477,District-Jamnagar,Rural,12,3897,1527,2370,469,332,137,262,74,188,55,17,38,1713,509,1204,222,147,75,90,33,57,21,9,12,1065,406,659
477,District-Jamnagar,Rural,13,5470,1837,3633,854,529,325,514,125,389,127,39,88,2699,615,2084,270,175,95,104,44,60,26,10,16,876,300,576
477,District-Jamnagar,Rural,14,8022,2811,5211,1590,1050,540,864,234,630,213,55,158,3949,898,3051,352,236,116,128,39,89,25,10,15,901,289,612
477,District-Jamnagar,Rural,15,11263,4278,6985,2974,1999,975,1305,392,913,249,63,186,4848,1030,3818,614,393,221,203,68,135,43,21,22,1027,312,715
477,District-Jamnagar,Rural,16,13902,5700,8202,4408,3170,1238,1698,538,1160,299,99,200,5607,1112,4495,690,453,237,220,79,141,28,9,19,952,240,712
477,District-Jamnagar,Rural,17,15001,6601,8400,5517,4113,1404,1789,609,1180,325,98,227,5590,1017,4573,702,488,214,236,75,161,27,8,19,815,193,622
477,District-Jamnagar,Rural,18,20384,9866,10518,8461,6713,1748,2259,801,1458,341,105,236,6454,1058,5396,1287,868,419,385,126,259,49,20,29,1148,175,973
477,District-Jamnagar,Rural,19,17055,8141,8914,7278,5783,1495,1907,664,1243,294,84,210,5430,793,4637,907,620,287,272,73,199,40,10,30,927,114,813
477,District-Jamnagar,Urban,5-19,96573,47991,48582,13118,11202,1916,2786,1721,1065,455,240,215,31238,10855,20383,3609,2676,933,1049,605,444,149,62,87,44169,20630,23539
477,District-Jamnagar,Urban,5,13409,7183,6226,15,14,1,3,1,2,0,0,0,314,164,150,120,68,52,64,36,28,4,2,2,12889,6898,5991
477,District-Jamnagar,Urban,6,8872,4737,4135,20,13,7,5,2,3,0,0,0,481,248,233,94,57,37,61,34,27,2,2,0,8209,4381,3828
477,District-Jamnagar,Urban,7,4076,2028,2048,47,31,16,13,10,3,1,1,0,629,331,298,39,18,21,35,20,15,2,2,0,3310,1615,1695
477,District-Jamnagar,Urban,8,2866,1408,1458,35,25,10,14,7,7,2,2,0,664,341,323,44,24,20,22,10,12,0,0,0,2085,999,1086
477,District-Jamnagar,Urban,9,2483,1216,1267,43,29,14,20,6,14,2,1,1,690,354,336,28,14,14,25,15,10,4,3,1,1671,794,877
477,District-Jamnagar,Urban,10,3133,1558,1575,69,49,20,21,9,12,6,2,4,927,473,454,68,48,20,25,13,12,4,1,3,2013,963,1050
477,District-Jamnagar,Urban,11,2850,1329,1521,172,140,32,47,23,24,6,3,3,1113,496,617,67,51,16,28,17,11,2,0,2,1415,599,816
477,District-Jamnagar,Urban,12,3612,1661,1951,267,220,47,73,42,31,15,8,7,1519,606,913,103,80,23,33,21,12,11,4,7,1591,680,911
477,District-Jamnagar,Urban,13,3897,1704,2193,331,246,85,108,55,53,31,11,20,1802,679,1123,127,89,38,41,23,18,9,3,6,1448,598,850
477,District-Jamnagar,Urban,14,4946,2173,2773,524,408,116,161,83,78,36,20,16,2420,875,1545,209,154,55,73,39,34,13,6,7,1510,588,922
477,District-Jamnagar,Urban,15,6848,3164,3684,1099,868,231,255,151,104,59,34,25,3213,1163,2050,341,244,97,89,58,31,23,6,17,1769,640,1129
477,District-Jamnagar,Urban,16,7654,3519,4135,1520,1239,281,361,207,154,64,31,33,3604,1150,2454,404,300,104,111,60,51,21,14,7,1569,518,1051
477,District-Jamnagar,Urban,17,8742,4340,4402,2078,1770,308,484,314,170,72,34,38,4062,1308,2754,482,369,113,111,65,46,15,6,9,1438,474,964
477,District-Jamnagar,Urban,18,12115,6333,5782,3479,3088,391,631,424,207,86,55,31,5095,1485,3610,811,640,171,186,118,68,19,6,13,1808,517,1291
477,District-Jamnagar,Urban,19,11070,5638,5432,3419,3062,357,590,387,203,75,38,37,4705,1182,3523,672,520,152,145,76,69,20,7,13,1444,366,1078
478,District-Porbandar ,Total,5-19,56271,27237,29034,11334,8799,2535,3439,1652,1787,882,336,546,18580,5372,13208,1916,1295,621,657,280,377,156,58,98,19307,9445,9862
478,District-Porbandar ,Total,5,7459,3974,3485,12,12,0,2,1,1,0,0,0,138,63,75,35,22,13,30,20,10,4,2,2,7238,3854,3384
478,District-Porbandar ,Total,6,4835,2566,2269,5,5,0,1,0,1,1,1,0,229,112,117,25,14,11,22,15,7,3,1,2,4549,2418,2131
478,District-Porbandar ,Total,7,1801,919,882,19,13,6,1,1,0,0,0,0,313,154,159,17,12,5,6,2,4,2,1,1,1443,736,707
478,District-Porbandar ,Total,8,1171,601,570,16,13,3,7,6,1,2,2,0,325,177,148,14,7,7,11,7,4,5,1,4,791,388,403
478,District-Porbandar ,Total,9,947,486,461,13,7,6,2,1,1,1,1,0,320,170,150,18,11,7,2,1,1,9,5,4,582,290,292
478,District-Porbandar ,Total,10,1304,639,665,26,14,12,18,8,10,2,2,0,454,229,225,27,10,17,20,14,6,7,1,6,750,361,389
478,District-Porbandar ,Total,11,1237,568,669,115,88,27,22,12,10,7,2,5,570,233,337,38,22,16,15,4,11,5,1,4,465,206,259
478,District-Porbandar ,Total,12,1712,755,957,176,120,56,62,32,30,20,7,13,801,316,485,67,43,24,39,13,26,8,2,6,539,222,317
478,District-Porbandar ,Total,13,2083,872,1211,268,175,93,117,42,75,40,15,25,1089,371,718,84,57,27,38,12,26,16,6,10,431,194,237
478,District-Porbandar ,Total,14,3002,1229,1773,567,377,190,229,99,130,103,32,71,1509,454,1055,94,70,24,42,15,27,14,6,8,444,176,268
478,District-Porbandar ,Total,15,4335,1830,2505,916,642,274,387,181,206,122,38,84,2076,574,1502,226,167,59,82,30,52,22,12,10,504,186,318
478,District-Porbandar ,Total,16,5308,2380,2928,1445,1065,380,532,232,300,154,48,106,2402,689,1713,238,168,70,82,31,51,16,6,10,439,141,298
478,District-Porbandar ,Total,17,5933,2821,3112,1920,1495,425,654,325,329,159,78,81,2525,630,1895,239,158,81,71,28,43,12,4,8,353,103,250
478,District-Porbandar ,Total,18,7908,4013,3895,3006,2423,583,712,353,359,160,64,96,3009,697,2312,447,300,147,116,64,52,20,8,12,438,104,334
478,District-Porbandar ,Total,19,7236,3584,3652,2830,2350,480,693,359,334,111,46,65,2820,503,2317,347,234,113,81,24,57,13,2,11,341,66,275
478,District-Porbandar ,Rural,5-19,31063,14677,16386,7109,5330,1779,2671,1109,1562,745,256,489,8898,2215,6683,1213,827,386,427,149,278,117,40,77,9883,4751,5132
478,District-Porbandar ,Rural,5,3737,1960,1777,7,7,0,1,0,1,0,0,0,64,26,38,13,6,7,7,6,1,1,1,0,3644,1914,1730
478,District-Porbandar ,Rural,6,2294,1195,1099,3,3,0,1,0,1,1,1,0,99,53,46,12,7,5,6,4,2,2,1,1,2170,1126,1044
478,District-Porbandar ,Rural,7,913,462,451,5,3,2,0,0,0,0,0,0,141,72,69,9,7,2,3,1,2,2,1,1,753,378,375
478,District-Porbandar ,Rural,8,605,301,304,4,4,0,1,1,0,1,1,0,139,73,66,5,2,3,8,5,3,4,0,4,443,215,228
478,District-Porbandar ,Rural,9,519,271,248,5,3,2,1,0,1,1,1,0,146,75,71,13,8,5,2,1,1,8,4,4,343,179,164
478,District-Porbandar ,Rural,10,728,339,389,17,9,8,9,3,6,2,2,0,212,101,111,16,6,10,9,6,3,7,1,6,456,211,245
478,District-Porbandar ,Rural,11,619,285,334,50,38,12,18,10,8,5,0,5,237,96,141,28,16,12,8,1,7,5,1,4,268,123,145
478,District-Porbandar ,Rural,12,880,366,514,101,64,37,46,19,27,14,3,11,348,120,228,40,26,14,26,6,20,6,1,5,299,127,172
478,District-Porbandar ,Rural,13,1235,499,736,190,119,71,93,29,64,34,12,22,604,190,414,60,42,18,25,6,19,11,4,7,218,97,121
478,District-Porbandar ,Rural,14,1787,688,1099,379,243,136,190,70,120,91,27,64,791,203,588,61,45,16,28,5,23,10,5,5,237,90,147
478,District-Porbandar ,Rural,15,2639,1090,1549,617,421,196,315,133,182,105,33,72,1121,277,844,128,98,30,60,18,42,16,9,7,277,101,176
478,District-Porbandar ,Rural,16,3234,1409,1825,973,707,266,427,165,262,135,40,95,1256,292,964,160,118,42,61,20,41,12,3,9,210,64,146
478,District-Porbandar ,Rural,17,3467,1616,1851,1229,923,306,515,221,294,135,59,76,1205,236,969,158,112,46,45,16,29,8,3,5,172,46,126
478,District-Porbandar ,Rural,18,4469,2239,2230,1856,1442,414,551,244,307,126,43,83,1327,227,1100,287,188,99,80,39,41,13,4,9,229,52,177
478,District-Porbandar ,Rural,19,3937,1957,1980,1673,1344,329,503,214,289,95,34,61,1208,174,1034,223,146,77,59,15,44,12,2,10,164,28,136
478,District-Porbandar ,Urban,5-19,25208,12560,12648,4225,3469,756,768,543,225,137,80,57,9682,3157,6525,703,468,235,230,131,99,39,18,21,9424,4694,4730
478,District-Porbandar ,Urban,5,3722,2014,1708,5,5,0,1,1,0,0,0,0,74,37,37,22,16,6,23,14,9,3,1,2,3594,1940,1654
478,District-Porbandar ,Urban,6,2541,1371,1170,2,2,0,0,0,0,0,0,0,130,59,71,13,7,6,16,11,5,1,0,1,2379,1292,1087
478,District-Porbandar ,Urban,7,888,457,431,14,10,4,1,1,0,0,0,0,172,82,90,8,5,3,3,1,2,0,0,0,690,358,332
478,District-Porbandar ,Urban,8,566,300,266,12,9,3,6,5,1,1,1,0,186,104,82,9,5,4,3,2,1,1,1,0,348,173,175
478,District-Porbandar ,Urban,9,428,215,213,8,4,4,1,1,0,0,0,0,174,95,79,5,3,2,0,0,0,1,1,0,239,111,128
478,District-Porbandar ,Urban,10,576,300,276,9,5,4,9,5,4,0,0,0,242,128,114,11,4,7,11,8,3,0,0,0,294,150,144
478,District-Porbandar ,Urban,11,618,283,335,65,50,15,4,2,2,2,2,0,333,137,196,10,6,4,7,3,4,0,0,0,197,83,114
478,District-Porbandar ,Urban,12,832,389,443,75,56,19,16,13,3,6,4,2,453,196,257,27,17,10,13,7,6,2,1,1,240,95,145
478,District-Porbandar ,Urban,13,848,373,475,78,56,22,24,13,11,6,3,3,485,181,304,24,15,9,13,6,7,5,2,3,213,97,116
478,District-Porbandar ,Urban,14,1215,541,674,188,134,54,39,29,10,12,5,7,718,251,467,33,25,8,14,10,4,4,1,3,207,86,121
478,District-Porbandar ,Urban,15,1696,740,956,299,221,78,72,48,24,17,5,12,955,297,658,98,69,29,22,12,10,6,3,3,227,85,142
478,District-Porbandar ,Urban,16,2074,971,1103,472,358,114,105,67,38,19,8,11,1146,397,749,78,50,28,21,11,10,4,3,1,229,77,152
478,District-Porbandar ,Urban,17,2466,1205,1261,691,572,119,139,104,35,24,19,5,1320,394,926,81,46,35,26,12,14,4,1,3,181,57,124
478,District-Porbandar ,Urban,18,3439,1774,1665,1150,981,169,161,109,52,34,21,13,1682,470,1212,160,112,48,36,25,11,7,4,3,209,52,157
478,District-Porbandar ,Urban,19,3299,1627,1672,1157,1006,151,190,145,45,16,12,4,1612,329,1283,124,88,36,22,9,13,1,0,1,177,38,139
479,District-Junagadh,Total,5-19,229127,109603,119524,53918,40981,12937,14591,5119,9472,2872,962,1910,65886,17460,48426,8574,5365,3209,2328,751,1577,447,162,285,80511,38803,41708
479,District-Junagadh,Total,5,34271,18229,16042,16,9,7,5,4,1,0,0,0,662,339,323,190,122,68,85,48,37,13,4,9,33300,17703,15597
479,District-Junagadh,Total,6,20144,10622,9522,27,20,7,11,3,8,0,0,0,872,449,423,111,63,48,48,30,18,3,2,1,19072,10055,9017
479,District-Junagadh,Total,7,6551,3313,3238,41,32,9,14,6,8,0,0,0,994,513,481,56,35,21,24,13,11,10,1,9,5412,2713,2699
479,District-Junagadh,Total,8,3937,1939,1998,48,34,14,19,7,12,7,3,4,1008,491,517,48,30,18,25,12,13,4,1,3,2778,1361,1417
479,District-Junagadh,Total,9,3166,1543,1623,55,37,18,22,15,7,5,3,2,999,481,518,74,48,26,26,7,19,3,2,1,1982,950,1032
479,District-Junagadh,Total,10,4220,2076,2144,108,65,43,45,19,26,11,3,8,1393,693,700,105,68,37,51,28,23,16,6,10,2491,1194,1297
479,District-Junagadh,Total,11,4705,2190,2515,522,389,133,129,51,78,33,11,22,1998,826,1172,197,119,78,63,18,45,13,7,6,1750,769,981
479,District-Junagadh,Total,12,6462,2763,3699,952,674,278,286,89,197,66,22,44,2843,997,1846,348,207,141,105,35,70,25,13,12,1837,726,1111
479,District-Junagadh,Total,13,7942,3140,4802,1401,901,500,518,150,368,115,44,71,3942,1261,2681,331,177,154,107,24,83,25,8,17,1503,575,928
479,District-Junagadh,Total,14,12028,4758,7270,2699,1767,932,1018,303,715,231,75,156,5721,1653,4068,507,304,203,165,53,112,32,19,13,1655,584,1071
479,District-Junagadh,Total,15,17771,7602,10169,5125,3624,1501,1681,542,1139,367,136,231,7550,2024,5526,930,580,350,261,86,175,60,24,36,1797,586,1211
479,District-Junagadh,Total,16,21407,9391,12016,7148,5199,1949,2183,734,1449,444,148,296,8462,2051,6411,1082,659,423,267,85,182,58,17,41,1763,498,1265
479,District-Junagadh,Total,17,24403,11347,13056,9387,7155,2232,2559,904,1655,476,167,309,9128,1995,7133,1096,689,407,277,78,199,52,18,34,1428,341,1087
479,District-Junagadh,Total,18,33149,16521,16628,14081,11159,2922,3139,1204,1935,574,190,384,10779,2072,8707,2002,1296,706,464,127,337,69,23,46,2041,450,1591
479,District-Junagadh,Total,19,28971,14169,14802,12308,9916,2392,2962,1088,1874,543,160,383,9535,1615,7920,1497,968,529,360,107,253,64,17,47,1702,298,1404
479,District-Junagadh,Rural,5-19,157950,74957,82993,42049,30962,11087,12687,3977,8710,2526,748,1778,41624,10533,31091,5990,3545,2445,1745,468,1277,336,106,230,50993,24618,26375
479,District-Junagadh,Rural,5,23068,12242,10826,10,7,3,4,3,1,0,0,0,427,222,205,116,72,44,42,28,14,11,4,7,22458,11906,10552
479,District-Junagadh,Rural,6,12497,6574,5923,15,11,4,7,3,4,0,0,0,575,293,282,65,42,23,24,14,10,3,2,1,11808,6209,5599
479,District-Junagadh,Rural,7,3954,1995,1959,24,18,6,7,2,5,0,0,0,645,332,313,34,22,12,12,6,6,8,1,7,3224,1614,1610
479,District-Junagadh,Rural,8,2401,1197,1204,32,22,10,15,4,11,7,3,4,654,322,332,28,19,9,15,6,9,4,1,3,1646,820,826
479,District-Junagadh,Rural,9,1994,967,1027,37,23,14,18,11,7,5,3,2,676,323,353,41,29,12,9,3,6,2,1,1,1206,574,632
479,District-Junagadh,Rural,10,2718,1325,1393,80,48,32,33,13,20,10,3,7,939,473,466,77,48,29,27,13,14,13,4,9,1539,723,816
479,District-Junagadh,Rural,11,3009,1353,1656,389,275,114,96,27,69,28,8,20,1246,493,753,133,75,58,47,10,37,9,4,5,1061,461,600
479,District-Junagadh,Rural,12,4233,1777,2456,709,480,229,251,70,181,59,17,42,1791,630,1161,243,129,114,65,14,51,19,10,9,1096,427,669
479,District-Junagadh,Rural,13,5495,2155,3340,1131,703,428,449,116,333,107,37,70,2538,800,1738,236,118,118,81,15,66,18,5,13,935,361,574
479,District-Junagadh,Rural,14,8551,3357,5194,2190,1385,805,886,234,652,207,61,146,3768,1067,2701,356,199,157,117,34,83,24,15,9,1003,362,641
479,District-Junagadh,Rural,15,12870,5465,7405,4130,2843,1287,1482,439,1043,328,112,216,4988,1300,3688,653,384,269,205,58,147,43,18,25,1041,311,730
479,District-Junagadh,Rural,16,15476,6713,8763,5738,4049,1689,1926,583,1343,397,120,277,5380,1183,4197,749,430,319,210,52,158,46,12,34,1030,284,746
479,District-Junagadh,Rural,17,17541,8093,9448,7334,5432,1902,2246,704,1542,413,131,282,5687,1110,4577,770,459,311,229,56,173,39,10,29,823,191,632
479,District-Junagadh,Rural,18,23656,11774,11882,10869,8367,2502,2721,945,1776,483,135,348,6557,1124,5433,1430,878,552,375,85,290,48,10,38,1173,230,943
479,District-Junagadh,Rural,19,20487,9970,10517,9361,7299,2062,2546,823,1723,482,118,364,5753,861,4892,1059,641,418,287,74,213,49,9,40,950,145,805
479,District-Junagadh,Urban,5-19,71177,34646,36531,11869,10019,1850,1904,1142,762,346,214,132,24262,6927,17335,2584,1820,764,583,283,300,111,56,55,29518,14185,15333
479,District-Junagadh,Urban,5,11203,5987,5216,6,2,4,1,1,0,0,0,0,235,117,118,74,50,24,43,20,23,2,0,2,10842,5797,5045
479,District-Junagadh,Urban,6,7647,4048,3599,12,9,3,4,0,4,0,0,0,297,156,141,46,21,25,24,16,8,0,0,0,7264,3846,3418
479,District-Junagadh,Urban,7,2597,1318,1279,17,14,3,7,4,3,0,0,0,349,181,168,22,13,9,12,7,5,2,0,2,2188,1099,1089
479,District-Junagadh,Urban,8,1536,742,794,16,12,4,4,3,1,0,0,0,354,169,185,20,11,9,10,6,4,0,0,0,1132,541,591
479,District-Junagadh,Urban,9,1172,576,596,18,14,4,4,4,0,0,0,0,323,158,165,33,19,14,17,4,13,1,1,0,776,376,400
479,District-Junagadh,Urban,10,1502,751,751,28,17,11,12,6,6,1,0,1,454,220,234,28,20,8,24,15,9,3,2,1,952,471,481
479,District-Junagadh,Urban,11,1696,837,859,133,114,19,33,24,9,5,3,2,752,333,419,64,44,20,16,8,8,4,3,1,689,308,381
479,District-Junagadh,Urban,12,2229,986,1243,243,194,49,35,19,16,7,5,2,1052,367,685,105,78,27,40,21,19,6,3,3,741,299,442
479,District-Junagadh,Urban,13,2447,985,1462,270,198,72,69,34,35,8,7,1,1404,461,943,95,59,36,26,9,17,7,3,4,568,214,354
479,District-Junagadh,Urban,14,3477,1401,2076,509,382,127,132,69,63,24,14,10,1953,586,1367,151,105,46,48,19,29,8,4,4,652,222,430
479,District-Junagadh,Urban,15,4901,2137,2764,995,781,214,199,103,96,39,24,15,2562,724,1838,277,196,81,56,28,28,17,6,11,756,275,481
479,District-Junagadh,Urban,16,5931,2678,3253,1410,1150,260,257,151,106,47,28,19,3082,868,2214,333,229,104,57,33,24,12,5,7,733,214,519
479,District-Junagadh,Urban,17,6862,3254,3608,2053,1723,330,313,200,113,63,36,27,3441,885,2556,326,230,96,48,22,26,13,8,5,605,150,455
479,District-Junagadh,Urban,18,9493,4747,4746,3212,2792,420,418,259,159,91,55,36,4222,948,3274,572,418,154,89,42,47,21,13,8,868,220,648
479,District-Junagadh,Urban,19,8484,4199,4285,2947,2617,330,416,265,151,61,42,19,3782,754,3028,438,327,111,73,33,40,15,8,7,752,153,599
480,District-Amreli,Total,5-19,142661,66101,76560,35695,27093,8602,12576,3879,8697,2490,680,1810,38019,8593,29426,6494,3902,2592,2560,713,1847,477,159,318,44350,21082,23268
480,District-Amreli,Total,5,19509,10405,9104,20,16,4,4,0,4,0,0,0,401,213,188,103,63,40,69,37,32,9,7,2,18903,10069,8834
480,District-Amreli,Total,6,10000,5267,4733,17,12,5,13,4,9,1,0,1,526,274,252,59,38,21,35,20,15,8,3,5,9341,4916,4425
480,District-Amreli,Total,7,3297,1650,1647,27,19,8,14,2,12,5,3,2,396,203,193,38,23,15,25,10,15,10,2,8,2782,1388,1394
480,District-Amreli,Total,8,2239,1056,1183,32,20,12,14,3,11,4,1,3,401,194,207,48,29,19,31,12,19,14,6,8,1695,791,904
480,District-Amreli,Total,9,1775,826,949,48,34,14,30,13,17,7,4,3,403,187,216,47,28,19,25,3,22,14,5,9,1201,552,649
480,District-Amreli,Total,10,2547,1205,1342,99,71,28,50,13,37,20,6,14,613,265,348,107,59,48,71,29,42,16,6,10,1571,756,815
480,District-Amreli,Total,11,2620,1177,1443,362,277,85,134,43,91,24,10,14,896,336,560,144,86,58,85,25,60,25,14,11,950,386,564
480,District-Amreli,Total,12,3948,1674,2274,636,437,199,285,83,202,65,26,39,1486,504,982,268,155,113,116,37,79,34,11,23,1058,421,637
480,District-Amreli,Total,13,4928,1917,3011,1012,681,331,500,141,359,124,38,86,1983,546,1437,243,134,109,138,39,99,36,15,21,892,323,569
480,District-Amreli,Total,14,7663,2972,4691,1947,1305,642,910,265,645,193,51,142,3091,794,2297,409,228,181,174,38,136,32,9,23,907,282,625
480,District-Amreli,Total,15,12142,5159,6983,3671,2606,1065,1482,460,1022,315,106,209,4403,1063,3340,785,491,294,290,76,214,64,20,44,1132,337,795
480,District-Amreli,Total,16,14361,6009,8352,4814,3503,1311,1931,601,1330,372,86,286,5108,999,4109,834,485,349,266,78,188,55,15,40,981,242,739
480,District-Amreli,Total,17,16165,7358,8807,6036,4652,1384,2059,646,1413,411,107,304,5550,1080,4470,860,520,340,325,97,228,48,18,30,876,238,638
480,District-Amreli,Total,18,22488,10670,11818,9136,7241,1895,2759,878,1881,511,138,373,6841,1127,5714,1480,890,590,528,136,392,65,19,46,1168,241,927
480,District-Amreli,Total,19,18979,8756,10223,7838,6219,1619,2391,727,1664,438,104,334,5921,808,5113,1069,673,396,382,76,306,47,9,38,893,140,753
480,District-Amreli,Rural,5-19,109138,49459,59679,29473,21656,7817,11360,3285,8075,2228,577,1651,27175,5588,21587,5074,2928,2146,2178,554,1624,408,126,282,31242,14745,16497
480,District-Amreli,Rural,5,14441,7652,6789,14,10,4,3,0,3,0,0,0,319,175,144,79,44,35,51,26,25,8,7,1,13967,7390,6577
480,District-Amreli,Rural,6,7061,3686,3375,14,10,4,12,4,8,1,0,1,371,192,179,45,31,14,25,14,11,8,3,5,6585,3432,3153
480,District-Amreli,Rural,7,2263,1117,1146,16,11,5,13,2,11,5,3,2,261,135,126,27,15,12,18,5,13,8,2,6,1915,944,971
480,District-Amreli,Rural,8,1521,708,813,23,13,10,13,3,10,4,1,3,260,128,132,37,21,16,26,11,15,13,6,7,1145,525,620
480,District-Amreli,Rural,9,1218,553,665,39,27,12,27,12,15,7,4,3,276,130,146,39,23,16,22,2,20,13,5,8,795,350,445
480,District-Amreli,Rural,10,1793,837,956,84,59,25,47,11,36,18,4,14,423,174,249,85,50,35,60,27,33,15,5,10,1061,507,554
480,District-Amreli,Rural,11,1912,848,1064,307,234,73,123,40,83,19,9,10,610,218,392,118,68,50,73,21,52,23,12,11,639,246,393
480,District-Amreli,Rural,12,2958,1244,1714,536,356,180,263,72,191,62,25,37,1058,353,705,219,130,89,96,28,68,30,9,21,694,271,423
480,District-Amreli,Rural,13,3798,1425,2373,876,571,305,467,123,344,115,35,80,1427,356,1071,192,108,84,116,31,85,32,11,21,573,190,383
480,District-Amreli,Rural,14,6042,2279,3763,1667,1070,597,845,240,605,177,47,130,2271,547,1724,327,169,158,155,32,123,28,6,22,572,168,404
480,District-Amreli,Rural,15,9672,4004,5668,3140,2148,992,1358,408,950,283,92,191,3262,711,2551,608,370,238,239,60,179,54,17,37,728,198,530
480,District-Amreli,Rural,16,11442,4647,6795,4067,2862,1205,1747,512,1235,333,74,259,3732,621,3111,652,359,293,236,62,174,47,11,36,628,146,482
480,District-Amreli,Rural,17,12724,5654,7070,4982,3718,1264,1871,557,1314,362,86,276,3974,675,3299,665,382,283,274,75,199,35,13,22,561,148,413
480,District-Amreli,Rural,18,17580,8181,9399,7460,5755,1705,2447,715,1732,451,111,340,4793,683,4110,1140,648,492,459,105,354,54,12,42,776,152,624
480,District-Amreli,Rural,19,14713,6624,8089,6248,4812,1436,2124,586,1538,391,86,305,4138,490,3648,841,510,331,328,55,273,40,7,33,603,78,525
480,District-Amreli,Urban,5-19,33523,16642,16881,6222,5437,785,1216,594,622,262,103,159,10844,3005,7839,1420,974,446,382,159,223,69,33,36,13108,6337,6771
480,District-Amreli,Urban,5,5068,2753,2315,6,6,0,1,0,1,0,0,0,82,38,44,24,19,5,18,11,7,1,0,1,4936,2679,2257
480,District-Amreli,Urban,6,2939,1581,1358,3,2,1,1,0,1,0,0,0,155,82,73,14,7,7,10,6,4,0,0,0,2756,1484,1272
480,District-Amreli,Urban,7,1034,533,501,11,8,3,1,0,1,0,0,0,135,68,67,11,8,3,7,5,2,2,0,2,867,444,423
480,District-Amreli,Urban,8,718,348,370,9,7,2,1,0,1,0,0,0,141,66,75,11,8,3,5,1,4,1,0,1,550,266,284
480,District-Amreli,Urban,9,557,273,284,9,7,2,3,1,2,0,0,0,127,57,70,8,5,3,3,1,2,1,0,1,406,202,204
480,District-Amreli,Urban,10,754,368,386,15,12,3,3,2,1,2,2,0,190,91,99,22,9,13,11,2,9,1,1,0,510,249,261
480,District-Amreli,Urban,11,708,329,379,55,43,12,11,3,8,5,1,4,286,118,168,26,18,8,12,4,8,2,2,0,311,140,171
480,District-Amreli,Urban,12,990,430,560,100,81,19,22,11,11,3,1,2,428,151,277,49,25,24,20,9,11,4,2,2,364,150,214
480,District-Amreli,Urban,13,1130,492,638,136,110,26,33,18,15,9,3,6,556,190,366,51,26,25,22,8,14,4,4,0,319,133,186
480,District-Amreli,Urban,14,1621,693,928,280,235,45,65,25,40,16,4,12,820,247,573,82,59,23,19,6,13,4,3,1,335,114,221
480,District-Amreli,Urban,15,2470,1155,1315,531,458,73,124,52,72,32,14,18,1141,352,789,177,121,56,51,16,35,10,3,7,404,139,265
480,District-Amreli,Urban,16,2919,1362,1557,747,641,106,184,89,95,39,12,27,1376,378,998,182,126,56,30,16,14,8,4,4,353,96,257
480,District-Amreli,Urban,17,3441,1704,1737,1054,934,120,188,89,99,49,21,28,1576,405,1171,195,138,57,51,22,29,13,5,8,315,90,225
480,District-Amreli,Urban,18,4908,2489,2419,1676,1486,190,312,163,149,60,27,33,2048,444,1604,340,242,98,69,31,38,11,7,4,392,89,303
480,District-Amreli,Urban,19,4266,2132,2134,1590,1407,183,267,141,126,47,18,29,1783,318,1465,228,163,65,54,21,33,7,2,5,290,62,228
481,District-Bhavnagar,Total,5-19,326884,150052,176832,89145,62289,26856,21048,7299,13749,3322,1064,2258,93614,22754,70860,13162,7075,6087,4184,1119,3065,643,199,444,101766,48253,53513
481,District-Bhavnagar,Total,5,43963,23418,20545,59,49,10,19,10,9,3,0,3,941,473,468,247,137,110,144,84,60,25,16,9,42525,22649,19876
481,District-Bhavnagar,Total,6,24906,13124,11782,51,34,17,19,11,8,1,0,1,1263,632,631,137,83,54,97,41,56,16,7,9,23322,12316,11006
481,District-Bhavnagar,Total,7,9053,4376,4677,115,79,36,26,14,12,6,2,4,1525,738,787,83,53,30,49,29,20,11,3,8,7238,3458,3780
481,District-Bhavnagar,Total,8,5214,2484,2730,112,75,37,30,12,18,9,4,5,1456,722,734,78,47,31,33,16,17,14,5,9,3482,1603,1879
481,District-Bhavnagar,Total,9,4440,2089,2351,163,106,57,41,14,27,13,7,6,1567,751,816,90,51,39,41,15,26,13,5,8,2512,1140,1372
481,District-Bhavnagar,Total,10,6013,2821,3192,270,166,104,100,25,75,26,13,13,2172,989,1183,188,109,79,88,33,55,15,5,10,3154,1481,1673
481,District-Bhavnagar,Total,11,6866,2964,3902,1001,677,324,264,92,172,60,16,44,2916,1090,1826,278,137,141,108,37,71,35,16,19,2204,899,1305
481,District-Bhavnagar,Total,12,9663,3893,5770,1764,1104,660,587,172,415,125,32,93,4292,1447,2845,527,281,246,190,48,142,30,6,24,2148,803,1345
481,District-Bhavnagar,Total,13,12346,4655,7691,2706,1595,1111,951,252,699,226,72,154,5702,1685,4017,574,260,314,209,49,160,48,17,31,1930,725,1205
481,District-Bhavnagar,Total,14,18755,6951,11804,5345,3110,2235,1725,496,1229,307,99,208,8160,2069,6091,886,426,460,299,72,227,57,16,41,1976,663,1313
481,District-Bhavnagar,Total,15,28391,11453,16938,9687,6096,3591,2799,833,1966,505,152,353,10978,2759,8219,1490,772,718,485,120,365,78,23,55,2369,698,1671
481,District-Bhavnagar,Total,16,32385,13601,18784,12500,8246,4254,3251,1106,2145,529,173,356,11851,2531,9320,1608,817,791,479,119,360,70,31,39,2097,578,1519
481,District-Bhavnagar,Total,17,36367,16155,20212,15463,10797,4666,3500,1263,2237,518,176,342,12641,2422,10219,1732,920,812,533,121,412,64,19,45,1916,437,1479
481,District-Bhavnagar,Total,18,48083,23063,25020,21607,16111,5496,4315,1701,2614,563,183,380,15039,2624,12415,3015,1754,1261,797,193,604,101,18,83,2646,479,2167
481,District-Bhavnagar,Total,19,40439,19005,21434,18302,14044,4258,3421,1298,2123,431,135,296,13111,1822,11289,2229,1228,1001,632,142,490,66,12,54,2247,324,1923
481,District-Bhavnagar,Rural,5-19,214638,94690,119948,63420,42022,21398,17775,5390,12385,2810,817,1993,57035,13260,43775,9113,4224,4889,3301,638,2663,452,106,346,60732,28233,32499
481,District-Bhavnagar,Rural,5,27258,14285,12973,35,28,7,9,4,5,2,0,2,506,248,258,138,71,67,97,54,43,17,12,5,26454,13868,12586
481,District-Bhavnagar,Rural,6,14557,7483,7074,33,24,9,13,7,6,1,0,1,671,320,351,71,41,30,57,21,36,9,4,5,13702,7066,6636
481,District-Bhavnagar,Rural,7,5550,2645,2905,77,53,24,18,8,10,5,2,3,921,449,472,51,32,19,35,20,15,8,2,6,4435,2079,2356
481,District-Bhavnagar,Rural,8,3132,1446,1686,71,45,26,23,9,14,7,3,4,874,407,467,56,30,26,24,11,13,11,4,7,2066,937,1129
481,District-Bhavnagar,Rural,9,2749,1261,1488,103,61,42,33,8,25,10,6,4,1007,490,517,62,36,26,27,9,18,7,1,6,1500,650,850
481,District-Bhavnagar,Rural,10,3724,1668,2056,197,114,83,83,15,68,23,10,13,1355,601,754,133,72,61,63,17,46,11,3,8,1859,836,1023
481,District-Bhavnagar,Rural,11,4287,1763,2524,683,430,253,200,56,144,46,8,38,1771,644,1127,204,89,115,77,17,60,28,13,15,1278,506,772
481,District-Bhavnagar,Rural,12,6300,2339,3961,1274,728,546,512,126,386,111,30,81,2668,858,1810,371,167,204,148,26,122,26,6,20,1190,398,792
481,District-Bhavnagar,Rural,13,8379,2979,5400,1986,1093,893,843,207,636,197,62,135,3733,1064,2669,394,152,242,166,29,137,34,11,23,1026,361,665
481,District-Bhavnagar,Rural,14,13165,4665,8500,4006,2218,1788,1496,386,1110,259,79,180,5405,1327,4078,640,273,367,254,51,203,38,7,31,1067,324,743
481,District-Bhavnagar,Rural,15,19829,7709,12120,7282,4390,2892,2437,641,1796,434,117,317,6927,1660,5267,1062,482,580,381,71,310,53,10,43,1253,338,915
481,District-Bhavnagar,Rural,16,22602,9196,13406,9262,5849,3413,2782,850,1932,443,137,306,7437,1501,5936,1109,496,613,385,73,312,50,19,31,1134,271,863
481,District-Bhavnagar,Rural,17,24760,10618,14142,11129,7388,3741,2960,950,2010,429,126,303,7535,1312,6223,1217,563,654,423,66,357,40,6,34,1027,207,820
481,District-Bhavnagar,Rural,18,32084,14804,17280,15005,10680,4325,3563,1224,2339,486,142,344,8783,1425,7358,2051,996,1055,641,99,542,72,2,70,1483,236,1247
481,District-Bhavnagar,Rural,19,26262,11829,14433,12277,8921,3356,2803,899,1904,357,95,262,7442,954,6488,1554,724,830,523,74,449,48,6,42,1258,156,1102
481,District-Bhavnagar,Urban,5-19,112246,55362,56884,25725,20267,5458,3273,1909,1364,512,247,265,36579,9494,27085,4049,2851,1198,883,481,402,191,93,98,41034,20020,21014
481,District-Bhavnagar,Urban,5,16705,9133,7572,24,21,3,10,6,4,1,0,1,435,225,210,109,66,43,47,30,17,8,4,4,16071,8781,7290
481,District-Bhavnagar,Urban,6,10349,5641,4708,18,10,8,6,4,2,0,0,0,592,312,280,66,42,24,40,20,20,7,3,4,9620,5250,4370
481,District-Bhavnagar,Urban,7,3503,1731,1772,38,26,12,8,6,2,1,0,1,604,289,315,32,21,11,14,9,5,3,1,2,2803,1379,1424
481,District-Bhavnagar,Urban,8,2082,1038,1044,41,30,11,7,3,4,2,1,1,582,315,267,22,17,5,9,5,4,3,1,2,1416,666,750
481,District-Bhavnagar,Urban,9,1691,828,863,60,45,15,8,6,2,3,1,2,560,261,299,28,15,13,14,6,8,6,4,2,1012,490,522
481,District-Bhavnagar,Urban,10,2289,1153,1136,73,52,21,17,10,7,3,3,0,817,388,429,55,37,18,25,16,9,4,2,2,1295,645,650
481,District-Bhavnagar,Urban,11,2579,1201,1378,318,247,71,64,36,28,14,8,6,1145,446,699,74,48,26,31,20,11,7,3,4,926,393,533
481,District-Bhavnagar,Urban,12,3363,1554,1809,490,376,114,75,46,29,14,2,12,1624,589,1035,156,114,42,42,22,20,4,0,4,958,405,553
481,District-Bhavnagar,Urban,13,3967,1676,2291,720,502,218,108,45,63,29,10,19,1969,621,1348,180,108,72,43,20,23,14,6,8,904,364,540
481,District-Bhavnagar,Urban,14,5590,2286,3304,1339,892,447,229,110,119,48,20,28,2755,742,2013,246,153,93,45,21,24,19,9,10,909,339,570
481,District-Bhavnagar,Urban,15,8562,3744,4818,2405,1706,699,362,192,170,71,35,36,4051,1099,2952,428,290,138,104,49,55,25,13,12,1116,360,756
481,District-Bhavnagar,Urban,16,9783,4405,5378,3238,2397,841,469,256,213,86,36,50,4414,1030,3384,499,321,178,94,46,48,20,12,8,963,307,656
481,District-Bhavnagar,Urban,17,11607,5537,6070,4334,3409,925,540,313,227,89,50,39,5106,1110,3996,515,357,158,110,55,55,24,13,11,889,230,659
481,District-Bhavnagar,Urban,18,15999,8259,7740,6602,5431,1171,752,477,275,77,41,36,6256,1199,5057,964,758,206,156,94,62,29,16,13,1163,243,920
481,District-Bhavnagar,Urban,19,14177,7176,7001,6025,5123,902,618,399,219,74,40,34,5669,868,4801,675,504,171,109,68,41,18,6,12,989,168,821
482,District-Anand  ,Total,5-19,166696,79234,87462,31270,25739,5531,12331,5674,6657,1802,842,960,56687,14542,42145,3185,2000,1185,1650,603,1047,271,105,166,59500,29729,29771
482,District-Anand  ,Total,5,27141,14688,12453,24,18,6,12,6,6,1,0,1,496,250,246,154,88,66,89,41,48,9,4,5,26356,14281,12075
482,District-Anand  ,Total,6,16541,8886,7655,31,24,7,10,4,6,1,1,0,759,439,320,82,53,29,61,34,27,7,2,5,15590,8329,7261
482,District-Anand  ,Total,7,5056,2553,2503,51,36,15,15,3,12,2,1,1,879,442,437,42,25,17,26,13,13,3,2,1,4038,2031,2007
482,District-Anand  ,Total,8,2783,1382,1401,60,45,15,16,12,4,0,0,0,895,454,441,27,15,12,20,9,11,5,3,2,1760,844,916
482,District-Anand  ,Total,9,2347,1164,1183,68,54,14,27,15,12,4,1,3,898,443,455,28,16,12,17,2,15,4,3,1,1301,630,671
482,District-Anand  ,Total,10,3075,1530,1545,104,88,16,54,25,29,4,2,2,1120,577,543,44,25,19,41,12,29,8,2,6,1700,799,901
482,District-Anand  ,Total,11,3308,1586,1722,437,358,79,139,55,84,19,12,7,1531,623,908,82,52,30,40,10,30,16,10,6,1044,466,578
482,District-Anand  ,Total,12,4203,1922,2281,616,495,121,254,106,148,46,20,26,2065,755,1310,122,79,43,88,32,56,18,7,11,994,428,566
482,District-Anand  ,Total,13,5125,2041,3084,769,571,198,357,129,228,86,36,50,2818,853,1965,120,69,51,54,19,35,19,10,9,902,354,548
482,District-Anand  ,Total,14,7389,2857,4532,1352,1037,315,708,263,445,108,43,65,4061,1050,3011,163,93,70,105,34,71,16,7,9,876,330,546
482,District-Anand  ,Total,15,11848,5072,6776,2768,2198,570,1258,551,707,223,105,118,5923,1512,4411,381,252,129,169,72,97,36,15,21,1090,367,723
482,District-Anand  ,Total,16,13942,5979,7963,3642,2952,690,1637,755,882,259,116,143,6970,1594,5376,341,204,137,179,73,106,29,9,20,885,276,609
482,District-Anand  ,Total,17,17086,7704,9382,5118,4244,874,2021,940,1081,340,165,175,8214,1831,6383,372,238,134,166,66,100,26,10,16,829,210,619
482,District-Anand  ,Total,18,24280,11397,12883,8229,6894,1335,3081,1481,1600,370,176,194,10346,2031,8315,701,461,240,336,117,219,42,11,31,1175,226,949
482,District-Anand  ,Total,19,22572,10473,12099,8001,6725,1276,2742,1329,1413,339,164,175,9712,1688,8024,526,330,196,259,69,190,33,10,23,960,158,802
482,District-Anand  ,Rural,5-19,123438,58428,65010,24620,20161,4459,10754,4745,6009,1549,715,834,41205,10104,31101,2164,1317,847,1254,422,832,192,74,118,41700,20890,20810
482,District-Anand  ,Rural,5,19720,10719,9001,18,14,4,8,3,5,1,0,1,334,167,167,106,63,43,58,27,31,4,2,2,19191,10443,8748
482,District-Anand  ,Rural,6,11409,6083,5326,23,19,4,6,1,5,1,1,0,543,302,241,59,35,24,37,20,17,5,1,4,10735,5704,5031
482,District-Anand  ,Rural,7,3466,1742,1724,39,28,11,9,2,7,2,1,1,634,320,314,28,20,8,19,8,11,2,2,0,2733,1361,1372
482,District-Anand  ,Rural,8,1921,933,988,39,29,10,12,9,3,0,0,0,634,317,317,19,11,8,16,7,9,3,2,1,1198,558,640
482,District-Anand  ,Rural,9,1623,810,813,47,37,10,21,11,10,3,0,3,627,309,318,21,12,9,11,2,9,3,2,1,890,437,453
482,District-Anand  ,Rural,10,2186,1096,1090,78,67,11,44,22,22,3,1,2,819,420,399,31,17,14,29,8,21,4,1,3,1178,560,618
482,District-Anand  ,Rural,11,2343,1120,1223,343,285,58,116,43,73,18,11,7,1063,422,641,57,32,25,28,4,24,10,7,3,708,316,392
482,District-Anand  ,Rural,12,3018,1374,1644,464,375,89,214,82,132,39,17,22,1472,523,949,86,54,32,75,27,48,14,6,8,654,290,364
482,District-Anand  ,Rural,13,3790,1495,2295,606,453,153,312,105,207,67,27,40,2067,602,1465,90,51,39,38,13,25,13,7,6,597,237,360
482,District-Anand  ,Rural,14,5622,2127,3495,1063,810,253,631,229,402,98,38,60,3031,743,2288,112,64,48,87,23,64,11,4,7,589,216,373
482,District-Anand  ,Rural,15,9113,3888,5225,2204,1760,444,1106,471,635,196,94,102,4476,1090,3386,247,163,84,127,53,74,28,14,14,729,243,486
482,District-Anand  ,Rural,16,10654,4616,6038,2894,2332,562,1449,646,803,224,103,121,5109,1158,3951,242,143,99,132,54,78,25,6,19,579,174,405
482,District-Anand  ,Rural,17,12963,5803,7160,4046,3335,711,1759,791,968,295,138,157,5954,1213,4741,234,147,87,126,47,79,19,8,11,530,124,406
482,District-Anand  ,Rural,18,18597,8748,9849,6502,5401,1101,2694,1241,1453,317,147,170,7495,1407,6088,500,319,181,273,86,187,27,7,20,789,140,649
482,District-Anand  ,Rural,19,17013,7874,9139,6254,5216,1038,2373,1089,1284,285,137,148,6947,1111,5836,332,186,146,198,43,155,24,5,19,600,87,513
482,District-Anand  ,Urban,5-19,43258,20806,22452,6650,5578,1072,1577,929,648,253,127,126,15482,4438,11044,1021,683,338,396,181,215,79,31,48,17800,8839,8961
482,District-Anand  ,Urban,5,7421,3969,3452,6,4,2,4,3,1,0,0,0,162,83,79,48,25,23,31,14,17,5,2,3,7165,3838,3327
482,District-Anand  ,Urban,6,5132,2803,2329,8,5,3,4,3,1,0,0,0,216,137,79,23,18,5,24,14,10,2,1,1,4855,2625,2230
482,District-Anand  ,Urban,7,1590,811,779,12,8,4,6,1,5,0,0,0,245,122,123,14,5,9,7,5,2,1,0,1,1305,670,635
482,District-Anand  ,Urban,8,862,449,413,21,16,5,4,3,1,0,0,0,261,137,124,8,4,4,4,2,2,2,1,1,562,286,276
482,District-Anand  ,Urban,9,724,354,370,21,17,4,6,4,2,1,1,0,271,134,137,7,4,3,6,0,6,1,1,0,411,193,218
482,District-Anand  ,Urban,10,889,434,455,26,21,5,10,3,7,1,1,0,301,157,144,13,8,5,12,4,8,4,1,3,522,239,283
482,District-Anand  ,Urban,11,965,466,499,94,73,21,23,12,11,1,1,0,468,201,267,25,20,5,12,6,6,6,3,3,336,150,186
482,District-Anand  ,Urban,12,1185,548,637,152,120,32,40,24,16,7,3,4,593,232,361,36,25,11,13,5,8,4,1,3,340,138,202
482,District-Anand  ,Urban,13,1335,546,789,163,118,45,45,24,21,19,9,10,751,251,500,30,18,12,16,6,10,6,3,3,305,117,188
482,District-Anand  ,Urban,14,1767,730,1037,289,227,62,77,34,43,10,5,5,1030,307,723,51,29,22,18,11,7,5,3,2,287,114,173
482,District-Anand  ,Urban,15,2735,1184,1551,564,438,126,152,80,72,27,11,16,1447,422,1025,134,89,45,42,19,23,8,1,7,361,124,237
482,District-Anand  ,Urban,16,3288,1363,1925,748,620,128,188,109,79,35,13,22,1861,436,1425,99,61,38,47,19,28,4,3,1,306,102,204
482,District-Anand  ,Urban,17,4123,1901,2222,1072,909,163,262,149,113,45,27,18,2260,618,1642,138,91,47,40,19,21,7,2,5,299,86,213
482,District-Anand  ,Urban,18,5683,2649,3034,1727,1493,234,387,240,147,53,29,24,2851,624,2227,201,142,59,63,31,32,15,4,11,386,86,300
482,District-Anand  ,Urban,19,5559,2599,2960,1747,1509,238,369,240,129,54,27,27,2765,577,2188,194,144,50,61,26,35,9,5,4,360,71,289
483,District-Kheda,Total,5-19,195399,90940,104459,33221,26426,6795,18163,8589,9574,2342,1094,1248,68518,18626,49892,3430,2145,1285,2031,730,1301,261,107,154,67433,33223,34210
483,District-Kheda,Total,5,31886,17130,14756,120,99,21,41,25,16,9,6,3,898,436,462,234,145,89,117,59,58,17,11,6,30450,16349,14101
483,District-Kheda,Total,6,17420,9280,8140,76,65,11,31,19,12,8,5,3,1076,532,544,141,83,58,95,52,43,14,6,8,15979,8518,7461
483,District-Kheda,Total,7,5782,2874,2908,145,109,36,62,32,30,5,2,3,1378,632,746,68,40,28,36,15,21,7,5,2,4081,2039,2042
483,District-Kheda,Total,8,3488,1713,1775,124,92,32,60,31,29,3,2,1,1293,628,665,36,20,16,36,15,21,1,1,0,1935,924,1011
483,District-Kheda,Total,9,3082,1549,1533,111,73,38,33,16,17,5,3,2,1239,640,599,40,24,16,26,12,14,3,1,2,1625,780,845
483,District-Kheda,Total,10,4051,1942,2109,129,88,41,55,24,31,20,5,15,1645,775,870,57,36,21,35,13,22,3,1,2,2107,1000,1107
483,District-Kheda,Total,11,4417,2058,2359,530,411,119,214,101,113,33,16,17,2091,837,1254,99,59,40,60,22,38,10,5,5,1380,607,773
483,District-Kheda,Total,12,5304,2271,3033,657,499,158,337,144,193,50,13,37,2771,1001,1770,133,85,48,79,34,45,9,3,6,1268,492,776
483,District-Kheda,Total,13,6367,2561,3806,796,559,237,538,239,299,89,36,53,3586,1162,2424,133,73,60,70,25,45,18,6,12,1137,461,676
483,District-Kheda,Total,14,8928,3494,5434,1426,1050,376,952,388,564,151,65,86,4960,1389,3571,180,115,65,106,44,62,21,6,15,1132,437,695
483,District-Kheda,Total,15,14154,5753,8401,2890,2207,683,1765,774,991,268,101,167,7310,1931,5379,351,230,121,189,64,125,31,12,19,1350,434,916
483,District-Kheda,Total,16,16064,6680,9384,3756,2948,808,2312,1028,1284,345,159,186,7970,1949,6021,315,189,126,212,69,143,24,9,15,1130,329,801
483,District-Kheda,Total,17,19634,8642,10992,5276,4187,1089,2997,1455,1542,393,192,201,9232,2161,7071,380,238,142,229,82,147,28,15,13,1099,312,787
483,District-Kheda,Total,18,28463,12767,15696,8677,7023,1654,4535,2237,2298,527,268,259,12119,2374,9745,647,418,229,366,111,255,30,10,20,1562,326,1236
483,District-Kheda,Total,19,26359,12226,14133,8508,7016,1492,4231,2076,2155,436,221,215,10950,2179,8771,616,390,226,375,113,262,45,16,29,1198,215,983
483,District-Kheda,Rural,5-19,153865,70885,82980,28029,22047,5982,16875,7750,9125,2119,956,1163,52944,13540,39404,2304,1377,927,1674,530,1144,198,73,125,49722,24612,25110
483,District-Kheda,Rural,5,25067,13420,11647,89,74,15,31,20,11,9,6,3,623,310,313,188,110,78,102,52,50,13,8,5,24012,12840,11172
483,District-Kheda,Rural,6,12917,6794,6123,62,53,9,26,15,11,8,5,3,777,367,410,109,58,51,76,42,34,10,4,6,11849,6250,5599
483,District-Kheda,Rural,7,4075,2023,2052,105,77,28,57,28,29,4,1,3,978,441,537,49,26,23,27,11,16,5,4,1,2850,1435,1415
483,District-Kheda,Rural,8,2408,1173,1235,93,68,25,46,23,23,3,2,1,946,448,498,23,13,10,26,12,14,0,0,0,1271,607,664
483,District-Kheda,Rural,9,2129,1069,1060,82,53,29,26,11,15,1,1,0,905,462,443,22,14,8,17,9,8,3,1,2,1073,518,555
483,District-Kheda,Rural,10,2800,1354,1446,90,62,28,48,20,28,16,4,12,1171,550,621,29,19,10,23,8,15,3,1,2,1420,690,730
483,District-Kheda,Rural,11,3178,1447,1731,389,291,98,184,80,104,30,15,15,1526,604,922,66,39,27,49,16,33,8,4,4,926,398,528
483,District-Kheda,Rural,12,3928,1632,2296,537,403,134,304,124,180,42,8,34,2077,708,1369,96,58,38,62,23,39,9,3,6,801,305,496
483,District-Kheda,Rural,13,4979,1953,3026,668,463,205,496,208,288,87,35,52,2830,886,1944,89,45,44,54,17,37,13,4,9,742,295,447
483,District-Kheda,Rural,14,7116,2704,4412,1208,872,336,888,351,537,132,53,79,3905,1023,2882,124,76,48,88,35,53,13,3,10,758,291,467
483,District-Kheda,Rural,15,11485,4589,6896,2496,1895,601,1646,707,939,249,91,158,5825,1433,4392,228,148,80,160,45,115,27,9,18,854,261,593
483,District-Kheda,Rural,16,13132,5400,7732,3191,2478,713,2147,917,1230,317,142,175,6351,1459,4892,219,132,87,179,51,128,17,6,11,711,215,496
483,District-Kheda,Rural,17,15974,7002,8972,4496,3528,968,2810,1337,1473,351,166,185,7198,1581,5617,236,142,94,195,59,136,17,7,10,671,182,489
483,District-Kheda,Rural,18,23375,10421,12954,7412,5919,1493,4216,2019,2197,486,244,242,9462,1707,7755,437,263,174,309,73,236,24,5,19,1029,191,838
483,District-Kheda,Rural,19,21302,9904,11398,7111,5811,1300,3950,1890,2060,384,183,201,8370,1561,6809,389,234,155,307,77,230,36,14,22,755,134,621
483,District-Kheda,Urban,5-19,41534,20055,21479,5192,4379,813,1288,839,449,223,138,85,15574,5086,10488,1126,768,358,357,200,157,63,34,29,17711,8611,9100
483,District-Kheda,Urban,5,6819,3710,3109,31,25,6,10,5,5,0,0,0,275,126,149,46,35,11,15,7,8,4,3,1,6438,3509,2929
483,District-Kheda,Urban,6,4503,2486,2017,14,12,2,5,4,1,0,0,0,299,165,134,32,25,7,19,10,9,4,2,2,4130,2268,1862
483,District-Kheda,Urban,7,1707,851,856,40,32,8,5,4,1,1,1,0,400,191,209,19,14,5,9,4,5,2,1,1,1231,604,627
483,District-Kheda,Urban,8,1080,540,540,31,24,7,14,8,6,0,0,0,347,180,167,13,7,6,10,3,7,1,1,0,664,317,347
483,District-Kheda,Urban,9,953,480,473,29,20,9,7,5,2,4,2,2,334,178,156,18,10,8,9,3,6,0,0,0,552,262,290
483,District-Kheda,Urban,10,1251,588,663,39,26,13,7,4,3,4,1,3,474,225,249,28,17,11,12,5,7,0,0,0,687,310,377
483,District-Kheda,Urban,11,1239,611,628,141,120,21,30,21,9,3,1,2,565,233,332,33,20,13,11,6,5,2,1,1,454,209,245
483,District-Kheda,Urban,12,1376,639,737,120,96,24,33,20,13,8,5,3,694,293,401,37,27,10,17,11,6,0,0,0,467,187,280
483,District-Kheda,Urban,13,1388,608,780,128,96,32,42,31,11,2,1,1,756,276,480,44,28,16,16,8,8,5,2,3,395,166,229
483,District-Kheda,Urban,14,1812,790,1022,218,178,40,64,37,27,19,12,7,1055,366,689,56,39,17,18,9,9,8,3,5,374,146,228
483,District-Kheda,Urban,15,2669,1164,1505,394,312,82,119,67,52,19,10,9,1485,498,987,123,82,41,29,19,10,4,3,1,496,173,323
483,District-Kheda,Urban,16,2932,1280,1652,565,470,95,165,111,54,28,17,11,1619,490,1129,96,57,39,33,18,15,7,3,4,419,114,305
483,District-Kheda,Urban,17,3660,1640,2020,780,659,121,187,118,69,42,26,16,2034,580,1454,144,96,48,34,23,11,11,8,3,428,130,298
483,District-Kheda,Urban,18,5088,2346,2742,1265,1104,161,319,218,101,41,24,17,2657,667,1990,210,155,55,57,38,19,6,5,1,533,135,398
483,District-Kheda,Urban,19,5057,2322,2735,1397,1205,192,281,186,95,52,38,14,2580,618,1962,227,156,71,68,36,32,9,2,7,443,81,362
484,District-Panch Mahals,Total,5-19,225971,109505,116466,29077,23494,5583,35799,16223,19576,5311,2574,2737,49182,16890,32292,6545,3959,2586,9535,2818,6717,1360,533,827,89162,43014,46148
484,District-Panch Mahals,Total,5,39038,20240,18798,51,45,6,15,10,5,3,2,1,636,325,311,200,109,91,142,61,81,24,14,10,37967,19674,18293
484,District-Panch Mahals,Total,6,22199,11529,10670,30,29,1,26,14,12,6,2,4,839,443,396,114,64,50,112,63,49,20,13,7,21052,10901,10151
484,District-Panch Mahals,Total,7,8247,4156,4091,77,56,21,58,21,37,3,1,2,759,400,359,75,47,28,105,50,55,28,15,13,7142,3566,3576
484,District-Panch Mahals,Total,8,4637,2238,2399,67,53,14,65,29,36,5,2,3,855,420,435,57,39,18,91,37,54,38,21,17,3459,1637,1822
484,District-Panch Mahals,Total,9,3566,1723,1843,64,43,21,78,37,41,11,3,8,865,436,429,77,42,35,96,46,50,28,12,16,2347,1104,1243
484,District-Panch Mahals,Total,10,5140,2462,2678,107,66,41,144,59,85,43,20,23,1244,575,669,96,63,33,184,74,110,56,25,31,3266,1580,1686
484,District-Panch Mahals,Total,11,4646,2149,2497,327,233,94,420,189,231,86,43,43,1478,635,843,189,126,63,229,80,149,56,21,35,1861,822,1039
484,District-Panch Mahals,Total,12,6550,2966,3584,617,475,142,766,326,440,172,64,108,2328,992,1336,295,187,108,389,122,267,100,39,61,1883,761,1122
484,District-Panch Mahals,Total,13,7127,3031,4096,709,512,197,1161,457,704,226,98,128,2777,1027,1750,271,166,105,452,147,305,82,36,46,1449,588,861
484,District-Panch Mahals,Total,14,10391,4367,6024,1323,973,350,2079,838,1241,400,187,213,4045,1392,2653,390,226,164,601,194,407,115,44,71,1438,513,925
484,District-Panch Mahals,Total,15,16325,7543,8782,2622,2099,523,3695,1655,2040,692,324,368,5747,1984,3763,765,502,263,1020,372,648,166,69,97,1618,538,1080
484,District-Panch Mahals,Total,16,18712,8666,10046,3558,2849,709,4899,2208,2691,832,362,470,6129,1981,4148,706,451,255,1047,335,712,143,62,81,1398,418,980
484,District-Panch Mahals,Total,17,21340,10276,11064,4691,3811,880,5933,2797,3136,863,417,446,6501,2028,4473,816,498,318,1170,343,827,140,54,86,1226,328,898
484,District-Panch Mahals,Total,18,31199,15387,15812,7832,6445,1387,8799,4186,4613,1065,554,511,8092,2404,5688,1387,824,563,2085,533,1552,220,69,151,1719,372,1347
484,District-Panch Mahals,Total,19,26854,12772,14082,7002,5805,1197,7661,3397,4264,904,495,409,6887,1848,5039,1107,615,492,1812,361,1451,144,39,105,1337,212,1125
484,District-Panch Mahals,Rural,5-19,198878,96636,102242,26056,20782,5274,35036,15683,19353,5184,2484,2700,38153,13586,24567,5979,3551,2428,9346,2718,6628,1286,493,793,77838,37339,40499
484,District-Panch Mahals,Rural,5,34269,17721,16548,39,33,6,14,9,5,3,2,1,522,277,245,186,105,81,137,57,80,23,13,10,33345,17225,16120
484,District-Panch Mahals,Rural,6,19096,9817,9279,26,25,1,23,11,12,6,2,4,718,380,338,108,61,47,105,57,48,20,13,7,18090,9268,8822
484,District-Panch Mahals,Rural,7,7244,3618,3626,69,49,20,56,19,37,3,1,2,666,344,322,73,46,27,101,48,53,27,14,13,6249,3097,3152
484,District-Panch Mahals,Rural,8,4157,2006,2151,63,49,14,63,28,35,5,2,3,761,375,386,53,38,15,87,36,51,38,21,17,3087,1457,1630
484,District-Panch Mahals,Rural,9,3157,1511,1646,56,36,20,76,37,39,11,3,8,744,367,377,71,41,30,96,46,50,28,12,16,2075,969,1106
484,District-Panch Mahals,Rural,10,4603,2204,2399,97,57,40,142,58,84,42,20,22,1100,517,583,91,61,30,178,73,105,55,25,30,2898,1393,1505
484,District-Panch Mahals,Rural,11,4162,1925,2237,294,205,89,408,182,226,85,42,43,1249,548,701,178,118,60,226,79,147,55,20,35,1667,731,936
484,District-Panch Mahals,Rural,12,5781,2601,3180,546,416,130,736,309,427,169,62,107,1943,837,1106,276,172,104,380,115,265,95,36,59,1636,654,982
484,District-Panch Mahals,Rural,13,6318,2687,3631,611,431,180,1139,447,692,224,96,128,2296,873,1423,244,149,95,445,143,302,77,32,45,1282,516,766
484,District-Panch Mahals,Rural,14,9124,3896,5228,1197,872,325,2043,815,1228,381,178,203,3219,1162,2057,356,205,151,585,185,400,107,38,69,1236,441,795
484,District-Panch Mahals,Rural,15,14470,6794,7676,2366,1875,491,3617,1602,2015,674,310,364,4558,1664,2894,699,454,245,1009,365,644,159,67,92,1388,457,931
484,District-Panch Mahals,Rural,16,16595,7779,8816,3223,2552,671,4817,2150,2667,804,343,461,4733,1595,3138,636,398,238,1028,323,705,135,55,80,1219,363,856
484,District-Panch Mahals,Rural,17,18791,9124,9667,4228,3402,826,5799,2709,3090,839,397,442,4868,1535,3333,727,434,293,1148,331,817,131,47,84,1051,269,782
484,District-Panch Mahals,Rural,18,27699,13756,13943,7061,5724,1337,8621,4049,4572,1052,545,507,5970,1810,4160,1270,729,541,2042,512,1530,208,63,145,1475,324,1151
484,District-Panch Mahals,Rural,19,23412,11197,12215,6180,5056,1124,7482,3258,4224,886,481,405,4806,1302,3504,1011,540,471,1779,348,1431,128,37,91,1140,175,965
484,District-Panch Mahals,Urban,5-19,27093,12869,14224,3021,2712,309,763,540,223,127,90,37,11029,3304,7725,566,408,158,189,100,89,74,40,34,11324,5675,5649
484,District-Panch Mahals,Urban,5,4769,2519,2250,12,12,0,1,1,0,0,0,0,114,48,66,14,4,10,5,4,1,1,1,0,4622,2449,2173
484,District-Panch Mahals,Urban,6,3103,1712,1391,4,4,0,3,3,0,0,0,0,121,63,58,6,3,3,7,6,1,0,0,0,2962,1633,1329
484,District-Panch Mahals,Urban,7,1003,538,465,8,7,1,2,2,0,0,0,0,93,56,37,2,1,1,4,2,2,1,1,0,893,469,424
484,District-Panch Mahals,Urban,8,480,232,248,4,4,0,2,1,1,0,0,0,94,45,49,4,1,3,4,1,3,0,0,0,372,180,192
484,District-Panch Mahals,Urban,9,409,212,197,8,7,1,2,0,2,0,0,0,121,69,52,6,1,5,0,0,0,0,0,0,272,135,137
484,District-Panch Mahals,Urban,10,537,258,279,10,9,1,2,1,1,1,0,1,144,58,86,5,2,3,6,1,5,1,0,1,368,187,181
484,District-Panch Mahals,Urban,11,484,224,260,33,28,5,12,7,5,1,1,0,229,87,142,11,8,3,3,1,2,1,1,0,194,91,103
484,District-Panch Mahals,Urban,12,769,365,404,71,59,12,30,17,13,3,2,1,385,155,230,19,15,4,9,7,2,5,3,2,247,107,140
484,District-Panch Mahals,Urban,13,809,344,465,98,81,17,22,10,12,2,2,0,481,154,327,27,17,10,7,4,3,5,4,1,167,72,95
484,District-Panch Mahals,Urban,14,1267,471,796,126,101,25,36,23,13,19,9,10,826,230,596,34,21,13,16,9,7,8,6,2,202,72,130
484,District-Panch Mahals,Urban,15,1855,749,1106,256,224,32,78,53,25,18,14,4,1189,320,869,66,48,18,11,7,4,7,2,5,230,81,149
484,District-Panch Mahals,Urban,16,2117,887,1230,335,297,38,82,58,24,28,19,9,1396,386,1010,70,53,17,19,12,7,8,7,1,179,55,124
484,District-Panch Mahals,Urban,17,2549,1152,1397,463,409,54,134,88,46,24,20,4,1633,493,1140,89,64,25,22,12,10,9,7,2,175,59,116
484,District-Panch Mahals,Urban,18,3500,1631,1869,771,721,50,178,137,41,13,9,4,2122,594,1528,117,95,22,43,21,22,12,6,6,244,48,196
484,District-Panch Mahals,Urban,19,3442,1575,1867,822,749,73,179,139,40,18,14,4,2081,546,1535,96,75,21,33,13,20,16,2,14,197,37,160
485,District-Dohad  ,Total,5-19,273704,128090,145614,19005,13668,5337,31649,14468,17181,6917,3356,3561,31482,13533,17949,13239,6528,6711,26573,7886,18687,5173,1808,3365,139666,66843,72823
485,District-Dohad  ,Total,5,51437,26494,24943,25,23,2,34,17,17,3,1,2,397,199,198,304,172,132,335,160,175,64,27,37,50275,25895,24380
485,District-Dohad  ,Total,6,30505,15451,15054,26,20,6,28,18,10,4,0,4,526,273,253,178,103,75,241,120,121,92,40,52,29410,14877,14533
485,District-Dohad  ,Total,7,13898,6878,7020,44,31,13,68,27,41,22,12,10,755,386,369,158,78,80,216,81,135,72,30,42,12563,6233,6330
485,District-Dohad  ,Total,8,10012,4718,5294,55,32,23,69,26,43,28,19,9,990,494,496,138,77,61,286,111,175,100,49,51,8346,3910,4436
485,District-Dohad  ,Total,9,7056,3239,3817,55,30,25,106,40,66,40,19,21,1052,486,566,118,65,53,253,94,159,122,56,66,5310,2449,2861
485,District-Dohad  ,Total,10,10256,4847,5409,92,55,37,229,94,135,116,49,67,1722,842,880,224,122,102,545,242,303,250,111,139,7078,3332,3746
485,District-Dohad  ,Total,11,8328,3792,4536,329,248,81,543,250,293,187,89,98,1712,813,899,400,210,190,759,252,507,263,108,155,4135,1822,2313
485,District-Dohad  ,Total,12,11421,5159,6262,567,407,160,984,441,543,360,154,206,2632,1194,1438,557,329,228,1254,445,809,411,172,239,4656,2017,2639
485,District-Dohad  ,Total,13,10695,4681,6014,605,410,195,1274,516,758,430,203,227,2656,1251,1405,563,276,287,1359,438,921,394,156,238,3414,1431,1983
485,District-Dohad  ,Total,14,13344,5813,7531,1025,679,346,2233,957,1276,681,307,374,3114,1389,1725,815,422,393,1904,649,1255,421,147,274,3151,1263,1888
485,District-Dohad  ,Total,15,18672,8525,10147,1872,1233,639,3833,1791,2042,1032,505,527,3711,1662,2049,1360,758,602,2965,1045,1920,639,242,397,3260,1289,1971
485,District-Dohad  ,Total,16,19032,8580,10452,2424,1726,698,4495,2127,2368,1015,475,540,3471,1410,2061,1515,794,721,3034,988,2046,596,193,403,2482,867,1615
485,District-Dohad  ,Total,17,18238,8008,10230,2770,1984,786,4879,2184,2695,927,451,476,2756,1085,1671,1501,724,777,3108,898,2210,506,152,354,1791,530,1261
485,District-Dohad  ,Total,18,28056,12501,15555,4850,3652,1198,7166,3389,3777,1180,638,542,3444,1253,2191,2857,1356,1501,5607,1423,4184,731,206,525,2221,584,1637
485,District-Dohad  ,Total,19,22754,9404,13350,4266,3138,1128,5708,2591,3117,892,434,458,2544,796,1748,2551,1042,1509,4707,940,3767,512,119,393,1574,344,1230
485,District-Dohad  ,Rural,5-19,256297,119533,136764,17054,11998,5056,30960,14067,16893,6700,3241,3459,26679,11904,14775,12637,6134,6503,26124,7738,18386,5065,1767,3298,131078,62684,68394
485,District-Dohad  ,Rural,5,48044,24752,23292,22,20,2,32,16,16,2,1,1,341,168,173,292,162,130,321,152,169,61,26,35,46973,24207,22766
485,District-Dohad  ,Rural,6,28181,14245,13936,22,17,5,27,17,10,4,0,4,453,238,215,170,96,74,230,115,115,86,37,49,27189,13725,13464
485,District-Dohad  ,Rural,7,13055,6441,6614,38,27,11,64,23,41,20,10,10,694,349,345,154,77,77,211,80,131,70,30,40,11804,5845,5959
485,District-Dohad  ,Rural,8,9575,4502,5073,55,32,23,67,24,43,25,16,9,892,451,441,137,76,61,283,109,174,97,48,49,8019,3746,4273
485,District-Dohad  ,Rural,9,6732,3080,3652,52,29,23,104,39,65,39,18,21,963,447,516,114,63,51,248,93,155,119,53,66,5093,2338,2755
485,District-Dohad  ,Rural,10,9763,4621,5142,83,51,32,224,91,133,110,47,63,1580,781,799,221,120,101,531,233,298,246,110,136,6768,3188,3580
485,District-Dohad  ,Rural,11,7924,3600,4324,292,215,77,534,247,287,179,87,92,1553,744,809,392,206,186,747,248,499,255,105,150,3972,1748,2224
485,District-Dohad  ,Rural,12,10835,4886,5949,513,360,153,956,429,527,350,149,201,2375,1093,1282,532,310,222,1239,444,795,403,167,236,4467,1934,2533
485,District-Dohad  ,Rural,13,10112,4411,5701,533,353,180,1242,500,742,423,198,225,2369,1140,1229,539,260,279,1330,430,900,391,156,235,3285,1374,1911
485,District-Dohad  ,Rural,14,12548,5448,7100,934,607,327,2191,938,1253,663,298,365,2713,1234,1479,759,387,372,1876,642,1234,414,145,269,2998,1197,1801
485,District-Dohad  ,Rural,15,17604,8000,9604,1707,1103,604,3747,1741,2006,1002,486,516,3194,1455,1739,1299,720,579,2915,1021,1894,628,237,391,3112,1237,1875
485,District-Dohad  ,Rural,16,17857,8024,9833,2206,1540,666,4402,2071,2331,987,459,528,2903,1229,1674,1441,747,694,2991,975,2016,579,189,390,2348,814,1534
485,District-Dohad  ,Rural,17,16966,7363,9603,2484,1731,753,4764,2119,2645,901,438,463,2204,907,1297,1427,669,758,3051,877,2174,499,148,351,1636,474,1162
485,District-Dohad  ,Rural,18,26111,11534,14577,4332,3195,1137,7025,3300,3725,1143,619,524,2640,1034,1606,2720,1257,1463,5516,1390,4126,714,198,516,2021,541,1480
485,District-Dohad  ,Rural,19,20990,8626,12364,3781,2718,1063,5581,2512,3069,852,415,437,1805,634,1171,2440,984,1456,4635,929,3706,503,118,385,1393,316,1077
485,District-Dohad  ,Urban,5-19,17407,8557,8850,1951,1670,281,689,401,288,217,115,102,4803,1629,3174,602,394,208,449,148,301,108,41,67,8588,4159,4429
485,District-Dohad  ,Urban,5,3393,1742,1651,3,3,0,2,1,1,1,0,1,56,31,25,12,10,2,14,8,6,3,1,2,3302,1688,1614
485,District-Dohad  ,Urban,6,2324,1206,1118,4,3,1,1,1,0,0,0,0,73,35,38,8,7,1,11,5,6,6,3,3,2221,1152,1069
485,District-Dohad  ,Urban,7,843,437,406,6,4,2,4,4,0,2,2,0,61,37,24,4,1,3,5,1,4,2,0,2,759,388,371
485,District-Dohad  ,Urban,8,437,216,221,0,0,0,2,2,0,3,3,0,98,43,55,1,1,0,3,2,1,3,1,2,327,164,163
485,District-Dohad  ,Urban,9,324,159,165,3,1,2,2,1,1,1,1,0,89,39,50,4,2,2,5,1,4,3,3,0,217,111,106
485,District-Dohad  ,Urban,10,493,226,267,9,4,5,5,3,2,6,2,4,142,61,81,3,2,1,14,9,5,4,1,3,310,144,166
485,District-Dohad  ,Urban,11,404,192,212,37,33,4,9,3,6,8,2,6,159,69,90,8,4,4,12,4,8,8,3,5,163,74,89
485,District-Dohad  ,Urban,12,586,273,313,54,47,7,28,12,16,10,5,5,257,101,156,25,19,6,15,1,14,8,5,3,189,83,106
485,District-Dohad  ,Urban,13,583,270,313,72,57,15,32,16,16,7,5,2,287,111,176,24,16,8,29,8,21,3,0,3,129,57,72
485,District-Dohad  ,Urban,14,796,365,431,91,72,19,42,19,23,18,9,9,401,155,246,56,35,21,28,7,21,7,2,5,153,66,87
485,District-Dohad  ,Urban,15,1068,525,543,165,130,35,86,50,36,30,19,11,517,207,310,61,38,23,50,24,26,11,5,6,148,52,96
485,District-Dohad  ,Urban,16,1175,556,619,218,186,32,93,56,37,28,16,12,568,181,387,74,47,27,43,13,30,17,4,13,134,53,81
485,District-Dohad  ,Urban,17,1272,645,627,286,253,33,115,65,50,26,13,13,552,178,374,74,55,19,57,21,36,7,4,3,155,56,99
485,District-Dohad  ,Urban,18,1945,967,978,518,457,61,141,89,52,37,19,18,804,219,585,137,99,38,91,33,58,17,8,9,200,43,157
485,District-Dohad  ,Urban,19,1764,778,986,485,420,65,127,79,48,40,19,21,739,162,577,111,58,53,72,11,61,9,1,8,181,28,153
486,District-Vadodara,Total,5-19,343554,167405,176149,47775,38231,9544,23577,11675,11902,3895,1989,1906,92193,29722,62471,13818,8426,5392,14221,4817,9404,2455,945,1510,145620,71600,74020
486,District-Vadodara,Total,5,55765,29601,26164,119,101,18,40,17,23,4,1,3,1422,710,712,438,239,199,302,147,155,44,17,27,53396,28369,25027
486,District-Vadodara,Total,6,36477,19376,17101,87,67,20,39,18,21,6,4,2,1849,959,890,259,159,100,213,112,101,38,21,17,33986,18036,15950
486,District-Vadodara,Total,7,14469,7251,7218,173,128,45,55,30,25,15,9,6,1733,864,869,163,94,69,177,79,98,52,25,27,12101,6022,6079
486,District-Vadodara,Total,8,9228,4588,4640,140,111,29,66,26,40,28,18,10,1693,830,863,127,78,49,190,68,122,72,33,39,6912,3424,3488
486,District-Vadodara,Total,9,7326,3594,3732,158,111,47,87,47,40,36,18,18,1861,929,932,141,84,57,194,91,103,91,39,52,4758,2275,2483
486,District-Vadodara,Total,10,10044,4954,5090,250,161,89,220,102,118,68,30,38,2522,1238,1284,279,163,116,434,190,244,147,72,75,6124,2998,3126
486,District-Vadodara,Total,11,9920,4697,5223,949,730,219,408,192,216,131,60,71,3584,1497,2087,375,220,155,445,187,258,124,52,72,3904,1759,2145
486,District-Vadodara,Total,12,12342,5724,6618,1272,974,298,825,391,434,180,71,109,4520,1797,2723,568,332,236,743,299,444,172,82,90,4062,1778,2284
486,District-Vadodara,Total,13,12620,5495,7125,1412,1005,407,1089,461,628,224,104,120,5076,1878,3198,577,335,242,804,295,509,174,72,102,3264,1345,1919
486,District-Vadodara,Total,14,16336,7199,9137,2307,1667,640,1678,776,902,367,169,198,6665,2250,4415,877,539,338,1066,402,664,200,74,126,3176,1322,1854
486,District-Vadodara,Total,15,23124,10607,12517,4126,3119,1007,2732,1274,1458,474,223,251,8939,2936,6003,1523,979,544,1522,577,945,283,121,162,3525,1378,2147
486,District-Vadodara,Total,16,25305,11476,13829,5350,4100,1250,3149,1528,1621,534,261,273,10134,3062,7072,1531,943,588,1547,547,1000,252,96,156,2808,939,1869
486,District-Vadodara,Total,17,29586,13992,15594,7471,6008,1463,3623,1848,1775,580,310,270,11981,3477,8504,1699,1048,651,1665,535,1130,249,83,166,2318,683,1635
486,District-Vadodara,Total,18,41462,19970,21492,11818,9747,2071,5030,2629,2401,672,394,278,15252,3860,11392,2839,1753,1086,2619,730,1889,312,90,222,2920,767,2153
486,District-Vadodara,Total,19,39550,18881,20669,12143,10202,1941,4536,2336,2200,576,317,259,14962,3435,11527,2422,1460,962,2300,558,1742,245,68,177,2366,505,1861
486,District-Vadodara,Rural,5-19,223582,107220,116362,31435,24540,6895,21021,9914,11107,3357,1571,1786,51305,16482,34823,10369,6118,4251,13333,4292,9041,2298,859,1439,90464,43444,47020
486,District-Vadodara,Rural,5,32764,17041,15723,61,49,12,30,11,19,4,1,3,641,308,333,252,144,108,186,80,106,30,13,17,31560,16435,15125
486,District-Vadodara,Rural,6,19487,10114,9373,58,46,12,27,12,15,6,4,2,921,460,461,134,78,56,117,56,61,37,20,17,18187,9438,8749
486,District-Vadodara,Rural,7,9333,4549,4784,107,82,25,42,20,22,11,5,6,929,446,483,107,60,47,144,60,84,51,25,26,7942,3851,4091
486,District-Vadodara,Rural,8,6730,3326,3404,94,77,17,54,20,34,25,17,8,1019,499,520,87,54,33,178,64,114,69,30,39,5204,2565,2639
486,District-Vadodara,Rural,9,5240,2525,2715,82,62,20,77,41,36,35,17,18,1155,568,587,101,62,39,180,84,96,91,39,52,3519,1652,1867
486,District-Vadodara,Rural,10,7338,3567,3771,175,106,69,206,92,114,64,28,36,1685,822,863,213,125,88,409,173,236,139,69,70,4447,2152,2295
486,District-Vadodara,Rural,11,6808,3148,3660,471,329,142,350,160,190,119,53,66,2193,951,1242,283,160,123,419,170,249,119,50,69,2854,1275,1579
486,District-Vadodara,Rural,12,8915,4103,4812,755,545,210,749,348,401,174,69,105,2858,1168,1690,462,263,199,721,290,431,162,75,87,3034,1345,1689
486,District-Vadodara,Rural,13,9407,4110,5297,984,678,306,1023,428,595,213,96,117,3321,1266,2055,470,266,204,785,288,497,166,70,96,2445,1018,1427
486,District-Vadodara,Rural,14,12051,5296,6755,1655,1156,499,1573,701,872,340,147,193,4278,1470,2808,693,415,278,1021,377,644,191,68,123,2300,962,1338
486,District-Vadodara,Rural,15,16915,7729,9186,3017,2213,804,2521,1146,1375,442,205,237,5576,1806,3770,1180,748,432,1445,531,914,263,111,152,2471,969,1502
486,District-Vadodara,Rural,16,17845,8130,9715,3843,2869,974,2895,1359,1536,472,209,263,5870,1770,4100,1180,716,464,1465,490,975,233,85,148,1887,632,1255
486,District-Vadodara,Rural,17,19786,9384,10402,5098,4045,1053,3220,1567,1653,492,241,251,6470,1813,4657,1265,760,505,1563,470,1093,227,73,154,1451,415,1036
486,District-Vadodara,Rural,18,26856,12809,14047,7681,6208,1473,4400,2177,2223,523,273,250,7550,1714,5836,2118,1234,884,2504,658,1846,292,77,215,1788,468,1320
486,District-Vadodara,Rural,19,24107,11389,12718,7354,6075,1279,3854,1832,2022,437,206,231,6839,1421,5418,1824,1033,791,2196,501,1695,228,54,174,1375,267,1108
486,District-Vadodara,Urban,5-19,119972,60185,59787,16340,13691,2649,2556,1761,795,538,418,120,40888,13240,27648,3449,2308,1141,888,525,363,157,86,71,55156,28156,27000
486,District-Vadodara,Urban,5,23001,12560,10441,58,52,6,10,6,4,0,0,0,781,402,379,186,95,91,116,67,49,14,4,10,21836,11934,9902
486,District-Vadodara,Urban,6,16990,9262,7728,29,21,8,12,6,6,0,0,0,928,499,429,125,81,44,96,56,40,1,1,0,15799,8598,7201
486,District-Vadodara,Urban,7,5136,2702,2434,66,46,20,13,10,3,4,4,0,804,418,386,56,34,22,33,19,14,1,0,1,4159,2171,1988
486,District-Vadodara,Urban,8,2498,1262,1236,46,34,12,12,6,6,3,1,2,674,331,343,40,24,16,12,4,8,3,3,0,1708,859,849
486,District-Vadodara,Urban,9,2086,1069,1017,76,49,27,10,6,4,1,1,0,706,361,345,40,22,18,14,7,7,0,0,0,1239,623,616
486,District-Vadodara,Urban,10,2706,1387,1319,75,55,20,14,10,4,4,2,2,837,416,421,66,38,28,25,17,8,8,3,5,1677,846,831
486,District-Vadodara,Urban,11,3112,1549,1563,478,401,77,58,32,26,12,7,5,1391,546,845,92,60,32,26,17,9,5,2,3,1050,484,566
486,District-Vadodara,Urban,12,3427,1621,1806,517,429,88,76,43,33,6,2,4,1662,629,1033,106,69,37,22,9,13,10,7,3,1028,433,595
486,District-Vadodara,Urban,13,3213,1385,1828,428,327,101,66,33,33,11,8,3,1755,612,1143,107,69,38,19,7,12,8,2,6,819,327,492
486,District-Vadodara,Urban,14,4285,1903,2382,652,511,141,105,75,30,27,22,5,2387,780,1607,184,124,60,45,25,20,9,6,3,876,360,516
486,District-Vadodara,Urban,15,6209,2878,3331,1109,906,203,211,128,83,32,18,14,3363,1130,2233,343,231,112,77,46,31,20,10,10,1054,409,645
486,District-Vadodara,Urban,16,7460,3346,4114,1507,1231,276,254,169,85,62,52,10,4264,1292,2972,351,227,124,82,57,25,19,11,8,921,307,614
486,District-Vadodara,Urban,17,9800,4608,5192,2373,1963,410,403,281,122,88,69,19,5511,1664,3847,434,288,146,102,65,37,22,10,12,867,268,599
486,District-Vadodara,Urban,18,14606,7161,7445,4137,3539,598,630,452,178,149,121,28,7702,2146,5556,721,519,202,115,72,43,20,13,7,1132,299,833
486,District-Vadodara,Urban,19,15443,7492,7951,4789,4127,662,682,504,178,139,111,28,8123,2014,6109,598,427,171,104,57,47,17,14,3,991,238,753
487,District-Narmada,Total,5-19,56823,28194,28629,8900,6176,2724,9363,4334,5029,1472,739,733,12422,5172,7250,2126,1050,1076,2170,725,1445,363,129,234,20007,9869,10138
487,District-Narmada,Total,5,8247,4353,3894,27,21,6,16,10,6,3,2,1,158,87,71,58,31,27,45,27,18,12,6,6,7928,4169,3759
487,District-Narmada,Total,6,4859,2570,2289,8,5,3,10,7,3,1,1,0,191,108,83,43,27,16,26,11,15,11,5,6,4569,2406,2163
487,District-Narmada,Total,7,2024,1021,1003,33,23,10,24,13,11,1,1,0,248,120,128,21,5,16,16,11,5,5,2,3,1676,846,830
487,District-Narmada,Total,8,1171,590,581,15,7,8,16,11,5,3,2,1,229,134,95,26,17,9,20,9,11,3,1,2,859,409,450
487,District-Narmada,Total,9,1051,495,556,24,15,9,28,16,12,5,2,3,282,135,147,22,13,9,25,13,12,5,4,1,660,297,363
487,District-Narmada,Total,10,1394,692,702,39,26,13,41,15,26,18,11,7,392,221,171,32,18,14,41,16,25,20,7,13,811,378,433
487,District-Narmada,Total,11,1445,707,738,144,94,50,143,62,81,32,17,15,487,239,248,52,27,25,69,29,40,11,5,6,507,234,273
487,District-Narmada,Total,12,1895,889,1006,191,116,75,230,94,136,47,24,23,712,340,372,102,52,50,116,40,76,18,6,12,479,217,262
487,District-Narmada,Total,13,2248,1099,1149,284,195,89,381,170,211,89,47,42,910,420,490,71,35,36,100,47,53,22,11,11,391,174,217
487,District-Narmada,Total,14,3094,1504,1590,525,339,186,599,270,329,136,60,76,1114,532,582,145,76,69,149,56,93,30,13,17,396,158,238
487,District-Narmada,Total,15,4512,2165,2347,873,608,265,1119,500,619,189,88,101,1457,605,852,222,121,101,191,70,121,41,19,22,420,154,266
487,District-Narmada,Total,16,5100,2469,2631,1191,797,394,1326,584,742,226,113,113,1491,621,870,233,126,107,230,81,149,38,12,26,365,135,230
487,District-Narmada,Total,17,5683,2820,2863,1446,980,466,1638,790,848,227,123,104,1484,577,907,294,147,147,271,80,191,33,11,22,290,112,178
487,District-Narmada,Total,18,7253,3537,3716,2075,1491,584,1935,929,1006,256,129,127,1712,562,1150,430,192,238,429,115,314,51,13,38,365,106,259
487,District-Narmada,Total,19,6847,3283,3564,2025,1459,566,1857,863,994,239,119,120,1555,471,1084,375,163,212,442,120,322,63,14,49,291,74,217
487,District-Narmada,Rural,5-19,53150,26301,26849,8507,5838,2669,9194,4225,4969,1422,704,718,11192,4716,6476,2040,990,1050,2120,700,1420,348,119,229,18327,9009,9318
487,District-Narmada,Rural,5,7517,3967,3550,25,19,6,15,9,6,3,2,1,138,75,63,53,31,22,45,27,18,10,5,5,7228,3799,3429
487,District-Narmada,Rural,6,4356,2290,2066,7,4,3,10,7,3,1,1,0,172,99,73,40,24,16,24,10,14,10,4,6,4092,2141,1951
487,District-Narmada,Rural,7,1889,948,941,32,22,10,23,12,11,1,1,0,225,108,117,21,5,16,15,10,5,5,2,3,1567,788,779
487,District-Narmada,Rural,8,1110,561,549,14,6,8,15,11,4,3,2,1,220,132,88,26,17,9,20,9,11,3,1,2,809,383,426
487,District-Narmada,Rural,9,1005,472,533,23,15,8,27,16,11,5,2,3,270,128,142,22,13,9,25,13,12,5,4,1,628,281,347
487,District-Narmada,Rural,10,1320,647,673,39,26,13,38,13,25,18,11,7,373,208,165,31,17,14,41,16,25,20,7,13,760,349,411
487,District-Narmada,Rural,11,1377,669,708,139,90,49,142,61,81,31,17,14,462,226,236,50,26,24,66,26,40,10,4,6,477,219,258
487,District-Narmada,Rural,12,1802,850,952,185,112,73,226,91,135,46,24,22,663,321,342,99,50,49,114,40,74,18,6,12,451,206,245
487,District-Narmada,Rural,13,2151,1055,1096,276,187,89,378,168,210,89,47,42,852,395,457,71,35,36,98,46,52,22,11,11,365,166,199
487,District-Narmada,Rural,14,2940,1423,1517,506,324,182,587,263,324,135,59,76,1039,493,546,139,71,68,143,54,89,30,13,17,361,146,215
487,District-Narmada,Rural,15,4309,2072,2237,847,586,261,1103,490,613,184,85,99,1349,569,780,209,111,98,190,70,120,38,17,21,389,144,245
487,District-Narmada,Rural,16,4821,2318,2503,1135,751,384,1310,573,737,219,107,112,1334,554,780,227,122,105,225,78,147,35,9,26,336,124,212
487,District-Narmada,Rural,17,5387,2676,2711,1388,932,456,1616,775,841,218,117,101,1312,523,789,282,139,143,263,75,188,32,11,21,276,104,172
487,District-Narmada,Rural,18,6784,3297,3487,1972,1397,575,1881,896,985,247,123,124,1471,483,988,415,181,234,420,111,309,48,11,37,330,95,235
487,District-Narmada,Rural,19,6382,3056,3326,1919,1367,552,1823,840,983,222,106,116,1312,402,910,355,148,207,431,115,316,62,14,48,258,64,194
487,District-Narmada,Urban,5-19,3673,1893,1780,393,338,55,169,109,60,50,35,15,1230,456,774,86,60,26,50,25,25,15,10,5,1680,860,820
487,District-Narmada,Urban,5,730,386,344,2,2,0,1,1,0,0,0,0,20,12,8,5,0,5,0,0,0,2,1,1,700,370,330
487,District-Narmada,Urban,6,503,280,223,1,1,0,0,0,0,0,0,0,19,9,10,3,3,0,2,1,1,1,1,0,477,265,212
487,District-Narmada,Urban,7,135,73,62,1,1,0,1,1,0,0,0,0,23,12,11,0,0,0,1,1,0,0,0,0,109,58,51
487,District-Narmada,Urban,8,61,29,32,1,1,0,1,0,1,0,0,0,9,2,7,0,0,0,0,0,0,0,0,0,50,26,24
487,District-Narmada,Urban,9,46,23,23,1,0,1,1,0,1,0,0,0,12,7,5,0,0,0,0,0,0,0,0,0,32,16,16
487,District-Narmada,Urban,10,74,45,29,0,0,0,3,2,1,0,0,0,19,13,6,1,1,0,0,0,0,0,0,0,51,29,22
487,District-Narmada,Urban,11,68,38,30,5,4,1,1,1,0,1,0,1,25,13,12,2,1,1,3,3,0,1,1,0,30,15,15
487,District-Narmada,Urban,12,93,39,54,6,4,2,4,3,1,1,0,1,49,19,30,3,2,1,2,0,2,0,0,0,28,11,17
487,District-Narmada,Urban,13,97,44,53,8,8,0,3,2,1,0,0,0,58,25,33,0,0,0,2,1,1,0,0,0,26,8,18
487,District-Narmada,Urban,14,154,81,73,19,15,4,12,7,5,1,1,0,75,39,36,6,5,1,6,2,4,0,0,0,35,12,23
487,District-Narmada,Urban,15,203,93,110,26,22,4,16,10,6,5,3,2,108,36,72,13,10,3,1,0,1,3,2,1,31,10,21
487,District-Narmada,Urban,16,279,151,128,56,46,10,16,11,5,7,6,1,157,67,90,6,4,2,5,3,2,3,3,0,29,11,18
487,District-Narmada,Urban,17,296,144,152,58,48,10,22,15,7,9,6,3,172,54,118,12,8,4,8,5,3,1,0,1,14,8,6
487,District-Narmada,Urban,18,469,240,229,103,94,9,54,33,21,9,6,3,241,79,162,15,11,4,9,4,5,3,2,1,35,11,24
487,District-Narmada,Urban,19,465,227,238,106,92,14,34,23,11,17,13,4,243,69,174,20,15,5,11,5,6,1,0,1,33,10,23
488,District-Bharuch,Total,5-19,134034,66144,67890,24166,18376,5790,7190,3656,3534,1444,811,633,44865,15096,29769,4935,3073,1862,1732,764,968,333,188,145,49369,24180,25189
488,District-Bharuch,Total,5,20323,10652,9671,48,44,4,13,6,7,3,3,0,443,227,216,144,81,63,108,54,54,42,18,24,19522,10219,9303
488,District-Bharuch,Total,6,13765,7175,6590,24,17,7,9,7,2,3,2,1,648,316,332,123,70,53,83,47,36,28,15,13,12847,6701,6146
488,District-Bharuch,Total,7,4778,2481,2297,83,63,20,24,10,14,8,5,3,902,457,445,51,28,23,47,21,26,15,8,7,3648,1889,1759
488,District-Bharuch,Total,8,2747,1406,1341,83,56,27,16,5,11,3,2,1,898,452,446,52,35,17,24,14,10,5,4,1,1666,838,828
488,District-Bharuch,Total,9,2446,1208,1238,81,55,26,17,11,6,6,4,2,946,499,447,46,24,22,30,11,19,5,3,2,1315,601,714
488,District-Bharuch,Total,10,3008,1471,1537,97,55,42,38,20,18,14,10,4,1099,540,559,75,40,35,39,21,18,6,1,5,1640,784,856
488,District-Bharuch,Total,11,3404,1642,1762,395,303,92,120,59,61,16,9,7,1577,676,901,145,86,59,55,28,27,10,5,5,1086,476,610
488,District-Bharuch,Total,12,4113,1944,2169,587,432,155,156,72,84,32,18,14,1971,806,1165,200,113,87,82,38,44,11,5,6,1074,460,614
488,District-Bharuch,Total,13,4723,2171,2552,752,509,243,257,128,129,70,36,34,2469,959,1510,211,125,86,61,27,34,13,4,9,890,383,507
488,District-Bharuch,Total,14,6708,2957,3751,1356,926,430,438,178,260,122,65,57,3433,1237,2196,294,149,145,90,33,57,19,12,7,956,357,599
488,District-Bharuch,Total,15,9571,4371,5200,2186,1482,704,808,399,409,178,92,86,4623,1598,3025,505,329,176,164,65,99,22,14,8,1085,392,693
488,District-Bharuch,Total,16,11161,5204,5957,2950,2111,839,975,456,519,207,97,110,5383,1765,3618,548,347,201,177,87,90,37,25,12,884,316,568
488,District-Bharuch,Total,17,13170,6320,6850,3937,2955,982,1260,632,628,237,141,96,5972,1779,4193,649,407,242,209,95,114,36,27,9,870,284,586
488,District-Bharuch,Total,18,17254,8724,8530,5770,4611,1159,1542,834,708,285,173,112,7278,2015,5263,1026,677,349,294,118,176,46,23,23,1013,273,740
488,District-Bharuch,Total,19,16863,8418,8445,5817,4757,1060,1517,839,678,260,154,106,7223,1770,5453,866,562,304,269,105,164,38,24,14,873,207,666
488,District-Bharuch,Rural,5-19,95989,46890,49099,18928,13944,4984,6463,3139,3324,1271,687,584,31998,10662,21336,3870,2339,1531,1444,595,849,267,141,126,31748,15383,16365
488,District-Bharuch,Rural,5,13622,7068,6554,24,22,2,10,4,6,1,1,0,275,137,138,98,51,47,64,33,31,40,17,23,13110,6803,6307
488,District-Bharuch,Rural,6,8635,4402,4233,14,7,7,2,2,0,3,2,1,412,187,225,82,45,37,49,27,22,26,14,12,8047,4118,3929
488,District-Bharuch,Rural,7,2959,1509,1450,61,49,12,20,8,12,7,4,3,604,305,299,39,21,18,30,11,19,15,8,7,2183,1103,1080
488,District-Bharuch,Rural,8,1785,910,875,58,37,21,15,5,10,3,2,1,636,326,310,41,28,13,17,10,7,4,3,1,1011,499,512
488,District-Bharuch,Rural,9,1616,801,815,48,34,14,13,8,5,5,4,1,643,340,303,38,22,16,20,8,12,3,2,1,846,383,463
488,District-Bharuch,Rural,10,2023,989,1034,76,44,32,30,14,16,14,10,4,778,374,404,60,32,28,30,16,14,6,1,5,1029,498,531
488,District-Bharuch,Rural,11,2386,1142,1244,286,206,80,102,49,53,15,9,6,1102,473,629,119,72,47,49,23,26,8,5,3,705,305,400
488,District-Bharuch,Rural,12,2952,1401,1551,419,292,127,137,61,76,27,15,12,1457,610,847,151,88,63,73,33,40,9,3,6,679,299,380
488,District-Bharuch,Rural,13,3593,1621,1972,622,408,214,237,114,123,66,33,33,1861,700,1161,176,101,75,54,21,33,10,3,7,567,241,326
488,District-Bharuch,Rural,14,5198,2280,2918,1123,743,380,388,148,240,106,56,50,2605,944,1661,246,122,124,78,27,51,13,8,5,639,232,407
488,District-Bharuch,Rural,15,7483,3389,4094,1817,1187,630,738,357,381,167,85,82,3508,1184,2324,402,262,140,148,57,91,16,10,6,687,247,440
488,District-Bharuch,Rural,16,8664,4050,4614,2459,1713,746,889,399,490,190,90,100,3954,1290,2664,445,277,168,153,66,87,28,16,12,546,199,347
488,District-Bharuch,Rural,17,10009,4783,5226,3113,2277,836,1143,552,591,206,116,90,4256,1248,3008,519,310,209,182,77,105,28,21,7,562,182,380
488,District-Bharuch,Rural,18,12817,6440,6377,4445,3455,990,1394,716,678,240,138,102,5064,1370,3694,783,486,297,260,98,162,32,14,18,599,163,436
488,District-Bharuch,Rural,19,12247,6105,6142,4363,3470,893,1345,702,643,221,122,99,4843,1174,3669,671,422,249,237,88,149,29,16,13,538,111,427
488,District-Bharuch,Urban,5-19,38045,19254,18791,5238,4432,806,727,517,210,173,124,49,12867,4434,8433,1065,734,331,288,169,119,66,47,19,17621,8797,8824
488,District-Bharuch,Urban,5,6701,3584,3117,24,22,2,3,2,1,2,2,0,168,90,78,46,30,16,44,21,23,2,1,1,6412,3416,2996
488,District-Bharuch,Urban,6,5130,2773,2357,10,10,0,7,5,2,0,0,0,236,129,107,41,25,16,34,20,14,2,1,1,4800,2583,2217
488,District-Bharuch,Urban,7,1819,972,847,22,14,8,4,2,2,1,1,0,298,152,146,12,7,5,17,10,7,0,0,0,1465,786,679
488,District-Bharuch,Urban,8,962,496,466,25,19,6,1,0,1,0,0,0,262,126,136,11,7,4,7,4,3,1,1,0,655,339,316
488,District-Bharuch,Urban,9,830,407,423,33,21,12,4,3,1,1,0,1,303,159,144,8,2,6,10,3,7,2,1,1,469,218,251
488,District-Bharuch,Urban,10,985,482,503,21,11,10,8,6,2,0,0,0,321,166,155,15,8,7,9,5,4,0,0,0,611,286,325
488,District-Bharuch,Urban,11,1018,500,518,109,97,12,18,10,8,1,0,1,475,203,272,26,14,12,6,5,1,2,0,2,381,171,210
488,District-Bharuch,Urban,12,1161,543,618,168,140,28,19,11,8,5,3,2,514,196,318,49,25,24,9,5,4,2,2,0,395,161,234
488,District-Bharuch,Urban,13,1130,550,580,130,101,29,20,14,6,4,3,1,608,259,349,35,24,11,7,6,1,3,1,2,323,142,181
488,District-Bharuch,Urban,14,1510,677,833,233,183,50,50,30,20,16,9,7,828,293,535,48,27,21,12,6,6,6,4,2,317,125,192
488,District-Bharuch,Urban,15,2088,982,1106,369,295,74,70,42,28,11,7,4,1115,414,701,103,67,36,16,8,8,6,4,2,398,145,253
488,District-Bharuch,Urban,16,2497,1154,1343,491,398,93,86,57,29,17,7,10,1429,475,954,103,70,33,24,21,3,9,9,0,338,117,221
488,District-Bharuch,Urban,17,3161,1537,1624,824,678,146,117,80,37,31,25,6,1716,531,1185,130,97,33,27,18,9,8,6,2,308,102,206
488,District-Bharuch,Urban,18,4437,2284,2153,1325,1156,169,148,118,30,45,35,10,2214,645,1569,243,191,52,34,20,14,14,9,5,414,110,304
488,District-Bharuch,Urban,19,4616,2313,2303,1454,1287,167,172,137,35,39,32,7,2380,596,1784,195,140,55,32,17,15,9,8,1,335,96,239
489,District-The Dangs,Total,5-19,22645,11330,11315,5625,3341,2284,4148,1772,2376,460,225,235,3624,1646,1978,795,354,441,526,176,350,44,21,23,7423,3795,3628
489,District-The Dangs,Total,5,3760,1914,1846,3,2,1,3,2,1,0,0,0,84,40,44,43,23,20,14,7,7,2,1,1,3611,1839,1772
489,District-The Dangs,Total,6,2152,1123,1029,6,3,3,1,1,0,0,0,0,108,43,65,23,13,10,3,2,1,1,1,0,2010,1060,950
489,District-The Dangs,Total,7,553,275,278,13,6,7,4,1,3,2,0,2,61,31,30,5,2,3,6,3,3,0,0,0,462,232,230
489,District-The Dangs,Total,8,340,189,151,19,7,12,5,3,2,3,3,0,82,47,35,10,5,5,2,1,1,0,0,0,219,123,96
489,District-The Dangs,Total,9,363,198,165,17,13,4,11,6,5,3,1,2,96,58,38,12,8,4,6,2,4,2,1,1,216,109,107
489,District-The Dangs,Total,10,510,282,228,40,24,16,37,23,14,7,1,6,165,84,81,18,11,7,14,5,9,2,0,2,227,134,93
489,District-The Dangs,Total,11,659,351,308,127,89,38,105,43,62,20,12,8,226,118,108,43,20,23,20,9,11,2,2,0,116,58,58
489,District-The Dangs,Total,12,902,462,440,201,121,80,194,90,104,27,17,10,301,143,158,45,25,20,33,16,17,3,0,3,98,50,48
489,District-The Dangs,Total,13,960,513,447,231,137,94,224,108,116,38,19,19,323,176,147,38,20,18,24,9,15,3,3,0,79,41,38
489,District-The Dangs,Total,14,1346,671,675,368,203,165,340,151,189,54,25,29,416,209,207,35,18,17,31,16,15,6,2,4,96,47,49
489,District-The Dangs,Total,15,1753,897,856,597,368,229,500,240,260,55,30,25,375,159,216,90,45,45,51,26,25,8,2,6,77,27,50
489,District-The Dangs,Total,16,2037,1042,995,758,460,298,569,259,310,56,27,29,438,199,239,75,40,35,63,27,36,5,5,0,73,25,48
489,District-The Dangs,Total,17,2051,1001,1050,864,527,337,606,243,363,60,29,31,326,131,195,79,26,53,59,23,36,2,2,0,55,20,35
489,District-The Dangs,Total,18,2711,1249,1462,1166,695,471,818,324,494,73,31,42,346,117,229,136,46,90,117,17,100,2,0,2,53,19,34
489,District-The Dangs,Total,19,2548,1163,1385,1215,686,529,731,278,453,62,30,32,277,91,186,143,52,91,83,13,70,6,2,4,31,11,20
489,District-The Dangs,Rural,5-19,20861,10479,10382,5316,3092,2224,4054,1709,2345,434,208,226,3020,1471,1549,765,341,424,516,172,344,39,18,21,6717,3468,3249
489,District-The Dangs,Rural,5,3450,1745,1705,3,2,1,3,2,1,0,0,0,79,38,41,43,23,20,14,7,7,2,1,1,3306,1672,1634
489,District-The Dangs,Rural,6,1978,1036,942,6,3,3,1,1,0,0,0,0,100,42,58,22,13,9,3,2,1,1,1,0,1845,974,871
489,District-The Dangs,Rural,7,498,250,248,12,5,7,4,1,3,2,0,2,53,27,26,5,2,3,6,3,3,0,0,0,416,212,204
489,District-The Dangs,Rural,8,314,177,137,19,7,12,5,3,2,3,3,0,72,44,28,10,5,5,2,1,1,0,0,0,203,114,89
489,District-The Dangs,Rural,9,336,182,154,17,13,4,11,6,5,3,1,2,86,53,33,12,8,4,6,2,4,2,1,1,199,98,101
489,District-The Dangs,Rural,10,482,262,220,38,22,16,37,23,14,6,1,5,157,79,78,16,10,6,14,5,9,2,0,2,212,122,90
489,District-The Dangs,Rural,11,617,332,285,119,82,37,105,43,62,19,11,8,206,111,95,40,19,21,19,9,10,2,2,0,107,55,52
489,District-The Dangs,Rural,12,839,431,408,186,108,78,187,86,101,25,15,10,268,132,136,44,24,20,33,16,17,2,0,2,94,50,44
489,District-The Dangs,Rural,13,907,495,412,218,128,90,223,108,115,37,19,18,301,171,130,36,19,17,24,9,15,3,3,0,65,38,27
489,District-The Dangs,Rural,14,1251,636,615,352,190,162,333,146,187,51,22,29,368,197,171,33,17,16,31,16,15,6,2,4,77,46,31
489,District-The Dangs,Rural,15,1628,845,783,570,344,226,488,233,255,49,28,21,323,145,178,87,44,43,48,24,24,8,2,6,55,25,30
489,District-The Dangs,Rural,16,1863,968,895,724,434,290,556,251,305,53,26,27,349,168,181,69,36,33,63,27,36,4,4,0,45,22,23
489,District-The Dangs,Rural,17,1865,922,943,812,488,324,590,231,359,58,27,31,241,110,131,76,26,50,55,22,33,1,1,0,32,17,15
489,District-The Dangs,Rural,18,2496,1142,1354,1090,632,458,802,313,489,70,29,41,247,94,153,131,44,87,116,16,100,2,0,2,38,14,24
489,District-The Dangs,Rural,19,2337,1056,1281,1150,634,516,709,262,447,58,26,32,170,60,110,141,51,90,82,13,69,4,1,3,23,9,14
489,District-The Dangs,Urban,5-19,1784,851,933,309,249,60,94,63,31,26,17,9,604,175,429,30,13,17,10,4,6,5,3,2,706,327,379
489,District-The Dangs,Urban,5,310,169,141,0,0,0,0,0,0,0,0,0,5,2,3,0,0,0,0,0,0,0,0,0,305,167,138
489,District-The Dangs,Urban,6,174,87,87,0,0,0,0,0,0,0,0,0,8,1,7,1,0,1,0,0,0,0,0,0,165,86,79
489,District-The Dangs,Urban,7,55,25,30,1,1,0,0,0,0,0,0,0,8,4,4,0,0,0,0,0,0,0,0,0,46,20,26
489,District-The Dangs,Urban,8,26,12,14,0,0,0,0,0,0,0,0,0,10,3,7,0,0,0,0,0,0,0,0,0,16,9,7
489,District-The Dangs,Urban,9,27,16,11,0,0,0,0,0,0,0,0,0,10,5,5,0,0,0,0,0,0,0,0,0,17,11,6
489,District-The Dangs,Urban,10,28,20,8,2,2,0,0,0,0,1,0,1,8,5,3,2,1,1,0,0,0,0,0,0,15,12,3
489,District-The Dangs,Urban,11,42,19,23,8,7,1,0,0,0,1,1,0,20,7,13,3,1,2,1,0,1,0,0,0,9,3,6
489,District-The Dangs,Urban,12,63,31,32,15,13,2,7,4,3,2,2,0,33,11,22,1,1,0,0,0,0,1,0,1,4,0,4
489,District-The Dangs,Urban,13,53,18,35,13,9,4,1,0,1,1,0,1,22,5,17,2,1,1,0,0,0,0,0,0,14,3,11
489,District-The Dangs,Urban,14,95,35,60,16,13,3,7,5,2,3,3,0,48,12,36,2,1,1,0,0,0,0,0,0,19,1,18
489,District-The Dangs,Urban,15,125,52,73,27,24,3,12,7,5,6,2,4,52,14,38,3,1,2,3,2,1,0,0,0,22,2,20
489,District-The Dangs,Urban,16,174,74,100,34,26,8,13,8,5,3,1,2,89,31,58,6,4,2,0,0,0,1,1,0,28,3,25
489,District-The Dangs,Urban,17,186,79,107,52,39,13,16,12,4,2,2,0,85,21,64,3,0,3,4,1,3,1,1,0,23,3,20
489,District-The Dangs,Urban,18,215,107,108,76,63,13,16,11,5,3,2,1,99,23,76,5,2,3,1,1,0,0,0,0,15,5,10
489,District-The Dangs,Urban,19,211,107,104,65,52,13,22,16,6,4,4,0,107,31,76,2,1,1,1,0,1,2,1,1,8,2,6
490,District-Navsari  ,Total,5-19,86221,44657,41564,23306,16250,7056,5181,2652,2529,944,515,429,24559,8812,15747,2740,1549,1191,659,281,378,152,71,81,28680,14527,14153
490,District-Navsari  ,Total,5,13921,7341,6580,49,39,10,8,3,5,4,3,1,343,169,174,105,55,50,61,34,27,12,3,9,13339,7035,6304
490,District-Navsari  ,Total,6,8633,4516,4117,35,26,9,6,2,4,1,0,1,503,242,261,62,35,27,33,18,15,3,2,1,7990,4191,3799
490,District-Navsari  ,Total,7,2487,1260,1227,58,38,20,20,11,9,2,2,0,482,247,235,28,13,15,4,1,3,3,3,0,1890,945,945
490,District-Navsari  ,Total,8,1262,658,604,50,33,17,10,5,5,2,1,1,432,235,197,17,9,8,4,2,2,3,2,1,744,371,373
490,District-Navsari  ,Total,9,1072,563,509,47,28,19,9,4,5,1,1,0,438,224,214,16,11,5,5,3,2,1,1,0,555,291,264
490,District-Navsari  ,Total,10,1449,718,731,66,42,24,21,12,9,7,3,4,604,306,298,26,14,12,10,6,4,5,4,1,710,331,379
490,District-Navsari  ,Total,11,1899,994,905,389,301,88,61,28,33,8,3,5,841,375,466,73,42,31,19,7,12,8,3,5,500,235,265
490,District-Navsari  ,Total,12,2236,1113,1123,494,338,156,90,51,39,25,17,8,1060,457,603,131,65,66,24,8,16,12,5,7,400,172,228
490,District-Navsari  ,Total,13,2567,1309,1258,616,401,215,139,68,71,39,24,15,1240,550,690,106,60,46,26,11,15,5,2,3,396,193,203
490,District-Navsari  ,Total,14,3655,1773,1882,1103,671,432,234,123,111,63,33,30,1659,690,969,161,83,78,43,15,28,7,3,4,385,155,230
490,District-Navsari  ,Total,15,5570,2939,2631,2108,1345,763,450,250,200,97,63,34,2077,884,1193,335,185,150,75,30,45,14,5,9,414,177,237
490,District-Navsari  ,Total,16,7030,3646,3384,2937,1952,985,662,360,302,129,74,55,2552,920,1632,300,175,125,74,29,45,18,8,10,358,128,230
490,District-Navsari  ,Total,17,8726,4544,4182,3796,2653,1143,889,439,450,159,82,77,3134,1023,2111,357,200,157,61,22,39,18,11,7,312,114,198
490,District-Navsari  ,Total,18,12644,6716,5928,5767,4206,1561,1246,636,610,208,103,105,4347,1275,3072,560,331,229,116,56,60,30,11,19,370,98,272
490,District-Navsari  ,Total,19,13070,6567,6503,5791,4177,1614,1336,660,676,199,106,93,4847,1215,3632,463,271,192,104,39,65,13,8,5,317,91,226
490,District-Navsari  ,Rural,5-19,61630,31669,29961,17341,11479,5862,4629,2311,2318,786,419,367,17366,6632,10734,1955,1056,899,549,214,335,103,47,56,18901,9511,9390
490,District-Navsari  ,Rural,5,9470,4901,4569,39,29,10,6,1,5,1,0,1,235,111,124,77,39,38,42,24,18,9,2,7,9061,4695,4366
490,District-Navsari  ,Rural,6,5629,2932,2697,22,14,8,2,0,2,0,0,0,339,160,179,46,26,20,28,14,14,2,2,0,5190,2716,2474
490,District-Navsari  ,Rural,7,1643,830,813,43,28,15,18,9,9,1,1,0,354,185,169,22,12,10,4,1,3,3,3,0,1198,591,607
490,District-Navsari  ,Rural,8,860,443,417,37,22,15,6,2,4,2,1,1,327,174,153,13,7,6,4,2,2,3,2,1,468,233,235
490,District-Navsari  ,Rural,9,751,399,352,37,22,15,8,4,4,1,1,0,323,165,158,13,8,5,2,2,0,1,1,0,366,196,170
490,District-Navsari  ,Rural,10,1016,499,517,54,32,22,19,12,7,4,2,2,458,231,227,15,9,6,6,4,2,2,2,0,458,207,251
490,District-Navsari  ,Rural,11,1339,684,655,266,194,72,53,22,31,8,3,5,598,272,326,59,30,29,19,7,12,8,3,5,328,153,175
490,District-Navsari  ,Rural,12,1563,783,780,344,221,123,77,42,35,24,16,8,747,344,403,98,45,53,21,6,15,8,2,6,244,107,137
490,District-Navsari  ,Rural,13,1946,982,964,472,296,176,121,60,61,29,17,12,927,423,504,90,48,42,22,8,14,4,1,3,281,129,152
490,District-Navsari  ,Rural,14,2800,1386,1414,889,525,364,215,110,105,52,29,23,1239,550,689,117,58,59,37,12,25,5,2,3,246,100,146
490,District-Navsari  ,Rural,15,4200,2225,1975,1661,1013,648,392,213,179,75,50,25,1517,676,841,238,134,104,61,21,40,9,3,6,247,115,132
490,District-Navsari  ,Rural,16,5346,2773,2573,2301,1471,830,608,326,282,108,61,47,1831,687,1144,203,117,86,63,25,38,11,4,7,221,82,139
490,District-Navsari  ,Rural,17,6563,3385,3178,2905,1945,960,788,382,406,137,65,72,2203,756,1447,265,139,126,52,18,34,13,9,4,200,71,129
490,District-Navsari  ,Rural,18,9133,4797,4336,4138,2858,1280,1117,557,560,178,84,94,2981,971,2010,382,214,168,101,44,57,18,6,12,218,63,155
490,District-Navsari  ,Rural,19,9371,4650,4721,4133,2809,1324,1199,571,628,166,89,77,3287,927,2360,317,170,147,87,26,61,7,5,2,175,53,122
490,District-Navsari  ,Urban,5-19,24591,12988,11603,5965,4771,1194,552,341,211,158,96,62,7193,2180,5013,785,493,292,110,67,43,49,24,25,9779,5016,4763
490,District-Navsari  ,Urban,5,4451,2440,2011,10,10,0,2,2,0,3,3,0,108,58,50,28,16,12,19,10,9,3,1,2,4278,2340,1938
490,District-Navsari  ,Urban,6,3004,1584,1420,13,12,1,4,2,2,1,0,1,164,82,82,16,9,7,5,4,1,1,0,1,2800,1475,1325
490,District-Navsari  ,Urban,7,844,430,414,15,10,5,2,2,0,1,1,0,128,62,66,6,1,5,0,0,0,0,0,0,692,354,338
490,District-Navsari  ,Urban,8,402,215,187,13,11,2,4,3,1,0,0,0,105,61,44,4,2,2,0,0,0,0,0,0,276,138,138
490,District-Navsari  ,Urban,9,321,164,157,10,6,4,1,0,1,0,0,0,115,59,56,3,3,0,3,1,2,0,0,0,189,95,94
490,District-Navsari  ,Urban,10,433,219,214,12,10,2,2,0,2,3,1,2,146,75,71,11,5,6,4,2,2,3,2,1,252,124,128
490,District-Navsari  ,Urban,11,560,310,250,123,107,16,8,6,2,0,0,0,243,103,140,14,12,2,0,0,0,0,0,0,172,82,90
490,District-Navsari  ,Urban,12,673,330,343,150,117,33,13,9,4,1,1,0,313,113,200,33,20,13,3,2,1,4,3,1,156,65,91
490,District-Navsari  ,Urban,13,621,327,294,144,105,39,18,8,10,10,7,3,313,127,186,16,12,4,4,3,1,1,1,0,115,64,51
490,District-Navsari  ,Urban,14,855,387,468,214,146,68,19,13,6,11,4,7,420,140,280,44,25,19,6,3,3,2,1,1,139,55,84
490,District-Navsari  ,Urban,15,1370,714,656,447,332,115,58,37,21,22,13,9,560,208,352,97,51,46,14,9,5,5,2,3,167,62,105
490,District-Navsari  ,Urban,16,1684,873,811,636,481,155,54,34,20,21,13,8,721,233,488,97,58,39,11,4,7,7,4,3,137,46,91
490,District-Navsari  ,Urban,17,2163,1159,1004,891,708,183,101,57,44,22,17,5,931,267,664,92,61,31,9,4,5,5,2,3,112,43,69
490,District-Navsari  ,Urban,18,3511,1919,1592,1629,1348,281,129,79,50,30,19,11,1366,304,1062,178,117,61,15,12,3,12,5,7,152,35,117
490,District-Navsari  ,Urban,19,3699,1917,1782,1658,1368,290,137,89,48,33,17,16,1560,288,1272,146,101,45,17,13,4,6,3,3,142,38,104
491,District-Valsad,Total,5-19,128276,65086,63190,23178,16715,6463,7854,3952,3902,1799,947,852,29351,11368,17983,5134,2892,2242,5050,1823,3227,1140,385,755,54770,27004,27766
491,District-Valsad,Total,5,23593,12389,11204,38,30,8,15,6,9,2,0,2,479,238,241,197,119,78,152,74,78,13,6,7,22697,11916,10781
491,District-Valsad,Total,6,14595,7603,6992,32,21,11,18,9,9,3,1,2,687,345,342,98,52,46,87,44,43,14,7,7,13656,7124,6532
491,District-Valsad,Total,7,4871,2407,2464,55,35,20,30,14,16,4,2,2,721,362,359,49,31,18,56,25,31,7,5,2,3949,1933,2016
491,District-Valsad,Total,8,2661,1311,1350,53,33,20,20,9,11,6,4,2,699,340,359,32,12,20,60,26,34,12,7,5,1779,880,899
491,District-Valsad,Total,9,2364,1157,1207,57,31,26,38,15,23,4,1,3,724,361,363,55,32,23,55,23,32,13,5,8,1418,689,729
491,District-Valsad,Total,10,3125,1527,1598,76,42,34,57,31,26,12,5,7,936,459,477,56,35,21,90,36,54,27,9,18,1871,910,961
491,District-Valsad,Total,11,3329,1625,1704,416,299,117,142,70,72,32,19,13,1188,527,661,149,100,49,123,44,79,45,22,23,1234,544,690
491,District-Valsad,Total,12,3849,1807,2042,514,371,143,235,101,134,60,24,36,1420,628,792,172,90,82,206,69,137,62,25,37,1180,499,681
491,District-Valsad,Total,13,4064,1855,2209,604,402,202,266,126,140,105,44,61,1499,633,866,205,111,94,272,90,182,68,24,44,1045,425,620
491,District-Valsad,Total,14,5232,2496,2736,962,624,338,490,236,254,134,63,71,1905,807,1098,306,168,138,331,136,195,83,31,52,1021,431,590
491,District-Valsad,Total,15,7482,3701,3781,1715,1105,610,714,380,334,217,107,110,2458,1061,1397,562,316,246,537,221,316,128,46,82,1151,465,686
491,District-Valsad,Total,16,8680,4315,4365,2476,1675,801,929,473,456,236,116,120,2726,1083,1643,546,287,259,613,246,367,163,44,119,991,391,600
491,District-Valsad,Total,17,10883,5618,5265,3723,2616,1107,1224,623,601,254,151,103,3494,1342,2152,614,337,277,639,237,402,117,34,83,818,278,540
491,District-Valsad,Total,18,16734,8712,8022,6086,4533,1553,1846,957,889,371,212,159,5084,1660,3424,1125,656,469,938,305,633,207,70,137,1077,319,758
491,District-Valsad,Total,19,16814,8563,8251,6371,4898,1473,1830,902,928,359,198,161,5331,1522,3809,968,546,422,891,247,644,181,50,131,883,200,683
491,District-Valsad,Rural,5-19,85609,41330,44279,13446,8792,4654,6638,3178,3460,1553,768,785,17657,7002,10655,3776,1939,1837,4705,1641,3064,1082,350,732,36752,17660,19092
491,District-Valsad,Rural,5,15463,8025,7438,23,18,5,10,3,7,2,0,2,240,109,131,121,70,51,90,46,44,12,5,7,14965,7774,7191
491,District-Valsad,Rural,6,8953,4542,4411,22,15,7,9,6,3,3,1,2,375,190,185,54,25,29,46,22,24,10,4,6,8434,4279,4155
491,District-Valsad,Rural,7,3105,1511,1594,38,24,14,23,10,13,3,2,1,413,201,212,30,22,8,42,17,25,7,5,2,2549,1230,1319
491,District-Valsad,Rural,8,1768,859,909,30,19,11,17,8,9,5,3,2,439,209,230,16,3,13,56,24,32,12,7,5,1193,586,607
491,District-Valsad,Rural,9,1655,793,862,37,21,16,34,14,20,4,1,3,458,227,231,38,21,17,47,20,27,12,5,7,1025,484,541
491,District-Valsad,Rural,10,2168,1035,1133,39,16,23,42,22,20,12,5,7,601,288,313,36,21,15,82,32,50,26,9,17,1330,642,688
491,District-Valsad,Rural,11,2324,1104,1220,234,160,74,115,53,62,30,17,13,727,326,401,124,83,41,116,42,74,44,21,23,934,402,532
491,District-Valsad,Rural,12,2788,1235,1553,288,186,102,209,89,120,58,23,35,922,411,511,124,64,60,198,63,135,59,23,36,930,376,554
491,District-Valsad,Rural,13,3034,1334,1700,370,223,147,233,109,124,96,40,56,1005,437,568,172,88,84,254,83,171,65,22,43,839,332,507
491,District-Valsad,Rural,14,3838,1746,2092,612,361,251,434,201,233,123,55,68,1204,516,688,235,117,118,317,127,190,80,30,50,833,339,494
491,District-Valsad,Rural,15,5491,2623,2868,1141,676,465,623,324,299,194,91,103,1540,668,872,453,250,203,516,210,306,122,42,80,902,362,540
491,District-Valsad,Rural,16,6186,2945,3241,1548,968,580,818,404,414,209,101,108,1673,692,981,423,210,213,581,231,350,157,42,115,777,297,480
491,District-Valsad,Rural,17,7293,3535,3758,2222,1436,786,1024,499,525,214,116,98,2047,816,1231,459,227,232,599,214,385,112,31,81,616,196,420
491,District-Valsad,Rural,18,10871,5137,5734,3347,2230,1117,1540,747,793,302,164,138,2973,1013,1960,809,417,392,897,282,615,193,59,134,810,225,585
491,District-Valsad,Rural,19,10672,4906,5766,3495,2439,1056,1507,689,818,298,149,149,3040,899,2141,682,321,361,864,228,636,171,45,126,615,136,479
491,District-Valsad,Urban,5-19,42667,23756,18911,9732,7923,1809,1216,774,442,246,179,67,11694,4366,7328,1358,953,405,345,182,163,58,35,23,18018,9344,8674
491,District-Valsad,Urban,5,8130,4364,3766,15,12,3,5,3,2,0,0,0,239,129,110,76,49,27,62,28,34,1,1,0,7732,4142,3590
491,District-Valsad,Urban,6,5642,3061,2581,10,6,4,9,3,6,0,0,0,312,155,157,44,27,17,41,22,19,4,3,1,5222,2845,2377
491,District-Valsad,Urban,7,1766,896,870,17,11,6,7,4,3,1,0,1,308,161,147,19,9,10,14,8,6,0,0,0,1400,703,697
491,District-Valsad,Urban,8,893,452,441,23,14,9,3,1,2,1,1,0,260,131,129,16,9,7,4,2,2,0,0,0,586,294,292
491,District-Valsad,Urban,9,709,364,345,20,10,10,4,1,3,0,0,0,266,134,132,17,11,6,8,3,5,1,0,1,393,205,188
491,District-Valsad,Urban,10,957,492,465,37,26,11,15,9,6,0,0,0,335,171,164,20,14,6,8,4,4,1,0,1,541,268,273
491,District-Valsad,Urban,11,1005,521,484,182,139,43,27,17,10,2,2,0,461,201,260,25,17,8,7,2,5,1,1,0,300,142,158
491,District-Valsad,Urban,12,1061,572,489,226,185,41,26,12,14,2,1,1,498,217,281,48,26,22,8,6,2,3,2,1,250,123,127
491,District-Valsad,Urban,13,1030,521,509,234,179,55,33,17,16,9,4,5,494,196,298,33,23,10,18,7,11,3,2,1,206,93,113
491,District-Valsad,Urban,14,1394,750,644,350,263,87,56,35,21,11,8,3,701,291,410,71,51,20,14,9,5,3,1,2,188,92,96
491,District-Valsad,Urban,15,1991,1078,913,574,429,145,91,56,35,23,16,7,918,393,525,109,66,43,21,11,10,6,4,2,249,103,146
491,District-Valsad,Urban,16,2494,1370,1124,928,707,221,111,69,42,27,15,12,1053,391,662,123,77,46,32,15,17,6,2,4,214,94,120
491,District-Valsad,Urban,17,3590,2083,1507,1501,1180,321,200,124,76,40,35,5,1447,526,921,155,110,45,40,23,17,5,3,2,202,82,120
491,District-Valsad,Urban,18,5863,3575,2288,2739,2303,436,306,210,96,69,48,21,2111,647,1464,316,239,77,41,23,18,14,11,3,267,94,173
491,District-Valsad,Urban,19,6142,3657,2485,2876,2459,417,323,213,110,61,49,12,2291,623,1668,286,225,61,27,19,8,10,5,5,268,64,204
492,District-Surat,Total,5-19,550423,321137,229286,168777,146266,22511,12411,6835,5576,2394,1421,973,138030,40911,97119,23728,17867,5861,2890,1508,1382,542,317,225,201651,106012,95639
492,District-Surat,Total,5,84134,46338,37796,313,261,52,26,16,10,3,3,0,2332,1153,1179,449,258,191,249,128,121,16,13,3,80746,44506,36240
492,District-Surat,Total,6,59616,32933,26683,241,203,38,39,21,18,4,2,2,2938,1470,1468,332,193,139,157,86,71,17,13,4,55888,30945,24943
492,District-Surat,Total,7,20932,11377,9555,617,530,87,61,35,26,4,1,3,2883,1420,1463,222,140,82,79,44,35,5,3,2,17061,9204,7857
492,District-Surat,Total,8,11070,5910,5160,549,480,69,58,39,19,6,4,2,2766,1403,1363,176,116,60,55,22,33,9,7,2,7451,3839,3612
492,District-Surat,Total,9,8630,4673,3957,380,297,83,41,25,16,7,5,2,2602,1379,1223,159,95,64,38,25,13,11,7,4,5392,2840,2552
492,District-Surat,Total,10,11672,6274,5398,440,343,97,64,30,34,16,8,8,3593,1902,1691,294,193,101,93,60,33,21,13,8,7151,3725,3426
492,District-Surat,Total,11,12246,6554,5692,2192,1863,329,163,86,77,45,27,18,4976,2055,2921,463,324,139,81,46,35,12,5,7,4314,2148,2166
492,District-Surat,Total,12,14688,7851,6837,3146,2611,535,286,138,148,71,35,36,6489,2620,3869,767,531,236,107,59,48,28,16,12,3794,1841,1953
492,District-Surat,Total,13,15197,7633,7564,3531,2674,857,416,203,213,99,56,43,7227,2707,4520,810,570,240,133,62,71,31,16,15,2950,1345,1605
492,District-Surat,Total,14,20581,10625,9956,6223,4755,1468,706,351,355,178,102,76,9240,3217,6023,1208,857,351,171,84,87,28,12,16,2827,1247,1580
492,District-Surat,Total,15,31482,17760,13722,12133,9854,2279,1223,620,603,233,135,98,12023,3954,8069,2385,1775,610,296,146,150,60,41,19,3129,1235,1894
492,District-Surat,Total,16,39489,22851,16638,17501,14434,3067,1585,859,726,340,208,132,14458,4176,10282,2693,2000,693,263,140,123,57,32,25,2592,1002,1590
492,District-Surat,Total,17,50411,30941,19470,25597,22013,3584,2020,1112,908,346,197,149,16664,4213,12451,3151,2426,725,299,175,124,60,35,25,2274,770,1504
492,District-Surat,Total,18,87565,57432,30133,49631,44452,5179,2915,1735,1180,579,358,221,24762,5045,19717,5959,4746,1213,475,235,240,100,56,44,3144,805,2339
492,District-Surat,Total,19,82710,51985,30725,46283,41496,4787,2808,1565,1243,463,280,183,25077,4197,20880,4660,3643,1017,394,196,198,87,48,39,2938,560,2378
492,District-Surat,Rural,5-19,106733,55913,50820,31786,22125,9661,6073,2906,3167,963,492,471,27526,9472,18054,6451,3943,2508,1209,534,675,177,87,90,32548,16354,16194
492,District-Surat,Rural,5,13947,7211,6736,73,53,20,13,6,7,0,0,0,354,181,173,105,52,53,57,26,31,5,4,1,13340,6889,6451
492,District-Surat,Rural,6,8542,4482,4060,40,28,12,19,10,9,2,1,1,497,242,255,76,44,32,28,13,15,1,0,1,7879,4144,3735
492,District-Surat,Rural,7,3352,1725,1627,109,74,35,21,13,8,3,1,2,516,236,280,73,39,34,18,7,11,1,1,0,2611,1354,1257
492,District-Surat,Rural,8,2041,1027,1014,89,66,23,24,13,11,1,1,0,559,268,291,61,37,24,10,3,7,2,2,0,1295,637,658
492,District-Surat,Rural,9,1763,909,854,95,54,41,20,8,12,2,1,1,568,293,275,53,30,23,7,3,4,1,1,0,1017,519,498
492,District-Surat,Rural,10,2436,1323,1113,125,87,38,26,13,13,9,5,4,820,449,371,108,61,47,33,20,13,7,4,3,1308,684,624
492,District-Surat,Rural,11,2500,1317,1183,369,250,119,77,34,43,19,9,10,1056,514,542,165,104,61,31,14,17,5,1,4,778,391,387
492,District-Surat,Rural,12,3519,1829,1690,719,482,237,138,53,85,26,10,16,1538,699,839,264,155,109,52,31,21,5,2,3,777,397,380
492,District-Surat,Rural,13,4153,1992,2161,1042,606,436,235,107,128,46,21,25,1912,772,1140,290,177,113,75,32,43,17,8,9,536,269,267
492,District-Surat,Rural,14,5734,2774,2960,1930,1141,789,385,162,223,78,42,36,2299,893,1406,408,244,164,94,46,48,11,5,6,529,241,288
492,District-Surat,Rural,15,8343,4326,4017,3266,2111,1155,668,312,356,105,54,51,2810,1059,1751,733,470,263,157,76,81,19,11,8,585,233,352
492,District-Surat,Rural,16,9568,5005,4563,4197,2790,1407,843,433,410,139,76,63,3010,974,2036,769,471,298,119,56,63,20,12,8,471,193,278
492,District-Surat,Rural,17,10865,5829,5036,5087,3561,1526,974,469,505,138,66,72,3231,955,2276,880,563,317,132,64,68,20,9,11,403,142,261
492,District-Surat,Rural,18,15315,8373,6942,7493,5505,1988,1319,673,646,200,95,105,4147,1024,3123,1361,830,531,215,88,127,28,14,14,552,144,408
492,District-Surat,Rural,19,14655,7791,6864,7152,5317,1835,1311,600,711,195,110,85,4209,913,3296,1105,666,439,181,55,126,35,13,22,467,117,350
492,District-Surat,Urban,5-19,443690,265224,178466,136991,124141,12850,6338,3929,2409,1431,929,502,110504,31439,79065,17277,13924,3353,1681,974,707,365,230,135,169103,89658,79445
492,District-Surat,Urban,5,70187,39127,31060,240,208,32,13,10,3,3,3,0,1978,972,1006,344,206,138,192,102,90,11,9,2,67406,37617,29789
492,District-Surat,Urban,6,51074,28451,22623,201,175,26,20,11,9,2,1,1,2441,1228,1213,256,149,107,129,73,56,16,13,3,48009,26801,21208
492,District-Surat,Urban,7,17580,9652,7928,508,456,52,40,22,18,1,0,1,2367,1184,1183,149,101,48,61,37,24,4,2,2,14450,7850,6600
492,District-Surat,Urban,8,9029,4883,4146,460,414,46,34,26,8,5,3,2,2207,1135,1072,115,79,36,45,19,26,7,5,2,6156,3202,2954
492,District-Surat,Urban,9,6867,3764,3103,285,243,42,21,17,4,5,4,1,2034,1086,948,106,65,41,31,22,9,10,6,4,4375,2321,2054
492,District-Surat,Urban,10,9236,4951,4285,315,256,59,38,17,21,7,3,4,2773,1453,1320,186,132,54,60,40,20,14,9,5,5843,3041,2802
492,District-Surat,Urban,11,9746,5237,4509,1823,1613,210,86,52,34,26,18,8,3920,1541,2379,298,220,78,50,32,18,7,4,3,3536,1757,1779
492,District-Surat,Urban,12,11169,6022,5147,2427,2129,298,148,85,63,45,25,20,4951,1921,3030,503,376,127,55,28,27,23,14,9,3017,1444,1573
492,District-Surat,Urban,13,11044,5641,5403,2489,2068,421,181,96,85,53,35,18,5315,1935,3380,520,393,127,58,30,28,14,8,6,2414,1076,1338
492,District-Surat,Urban,14,14847,7851,6996,4293,3614,679,321,189,132,100,60,40,6941,2324,4617,800,613,187,77,38,39,17,7,10,2298,1006,1292
492,District-Surat,Urban,15,23139,13434,9705,8867,7743,1124,555,308,247,128,81,47,9213,2895,6318,1652,1305,347,139,70,69,41,30,11,2544,1002,1542
492,District-Surat,Urban,16,29921,17846,12075,13304,11644,1660,742,426,316,201,132,69,11448,3202,8246,1924,1529,395,144,84,60,37,20,17,2121,809,1312
492,District-Surat,Urban,17,39546,25112,14434,20510,18452,2058,1046,643,403,208,131,77,13433,3258,10175,2271,1863,408,167,111,56,40,26,14,1871,628,1243
492,District-Surat,Urban,18,72250,49059,23191,42138,38947,3191,1596,1062,534,379,263,116,20615,4021,16594,4598,3916,682,260,147,113,72,42,30,2592,661,1931
492,District-Surat,Urban,19,68055,44194,23861,39131,36179,2952,1497,965,532,268,170,98,20868,3284,17584,3555,2977,578,213,141,72,52,35,17,2471,443,2028
493,District-Tapi,Total,5-19,68366,34721,33645,15460,9436,6024,8514,3869,4645,1215,586,629,14687,6397,8290,4215,2235,1980,1759,765,994,370,176,194,22146,11257,10889
493,District-Tapi,Total,5,9127,4737,4390,30,22,8,13,9,4,0,0,0,207,116,91,111,61,50,62,21,41,10,5,5,8694,4503,4191
493,District-Tapi,Total,6,5604,2915,2689,21,13,8,12,7,5,1,0,1,247,117,130,66,35,31,34,14,20,11,2,9,5212,2727,2485
493,District-Tapi,Total,7,2315,1149,1166,49,28,21,25,16,9,4,1,3,410,197,213,57,30,27,32,10,22,7,5,2,1731,862,869
493,District-Tapi,Total,8,1509,757,752,43,23,20,15,6,9,2,1,1,473,245,228,43,21,22,17,9,8,6,5,1,910,447,463
493,District-Tapi,Total,9,1388,736,652,44,24,20,20,11,9,5,1,4,488,265,223,47,20,27,27,13,14,6,4,2,751,398,353
493,District-Tapi,Total,10,1822,974,848,58,39,19,32,19,13,10,5,5,670,341,329,78,41,37,43,18,25,17,10,7,914,501,413
493,District-Tapi,Total,11,1986,1077,909,241,157,84,117,56,61,26,14,12,809,423,386,126,61,65,56,27,29,12,8,4,599,331,268
493,District-Tapi,Total,12,2428,1261,1167,343,207,136,200,95,105,47,25,22,915,465,450,203,110,93,87,38,49,23,10,13,610,311,299
493,District-Tapi,Total,13,2757,1382,1375,517,297,220,323,146,177,68,31,37,1056,528,528,174,94,80,97,41,56,27,15,12,495,230,265
493,District-Tapi,Total,14,3645,1821,1824,897,520,377,538,245,293,92,43,49,1250,588,662,276,135,141,130,60,70,26,9,17,436,221,215
493,District-Tapi,Total,15,5163,2661,2502,1579,939,640,911,418,493,136,72,64,1398,637,761,459,282,177,183,76,107,47,25,22,450,212,238
493,District-Tapi,Total,16,6275,3235,3040,2118,1296,822,1265,586,679,186,97,89,1572,690,882,489,262,227,204,107,97,45,19,26,396,178,218
493,District-Tapi,Total,17,6766,3483,3283,2520,1570,950,1425,678,747,199,108,91,1550,599,951,520,299,221,190,90,100,42,18,24,320,121,199
493,District-Tapi,Total,18,8852,4389,4463,3503,2165,1338,1837,817,1020,209,90,119,1792,615,1177,820,426,394,303,127,176,49,25,24,339,124,215
493,District-Tapi,Total,19,8729,4144,4585,3497,2136,1361,1781,760,1021,230,98,132,1850,571,1279,746,358,388,294,114,180,42,16,26,289,91,198
493,District-Tapi,Rural,5-19,62213,31644,30569,14604,8779,5825,8223,3685,4538,1167,556,611,12567,5630,6937,4024,2107,1917,1690,729,961,349,161,188,19589,9997,9592
493,District-Tapi,Rural,5,8136,4217,3919,23,15,8,12,8,4,0,0,0,173,92,81,99,54,45,60,19,41,9,5,4,7760,4024,3736
493,District-Tapi,Rural,6,4911,2558,2353,16,8,8,12,7,5,1,0,1,209,98,111,62,32,30,30,14,16,10,2,8,4571,2397,2174
493,District-Tapi,Rural,7,2044,1015,1029,44,25,19,25,16,9,4,1,3,353,174,179,53,28,25,30,10,20,7,5,2,1528,756,772
493,District-Tapi,Rural,8,1343,673,670,37,19,18,14,5,9,2,1,1,424,215,209,40,20,20,16,8,8,6,5,1,804,400,404
493,District-Tapi,Rural,9,1257,667,590,41,22,19,20,11,9,5,1,4,443,241,202,44,18,26,24,11,13,6,4,2,674,359,315
493,District-Tapi,Rural,10,1654,890,764,56,37,19,32,19,13,10,5,5,596,303,293,72,40,32,40,17,23,16,10,6,832,459,373
493,District-Tapi,Rural,11,1775,971,804,227,145,82,113,55,58,25,14,11,701,380,321,121,57,64,53,25,28,12,8,4,523,287,236
493,District-Tapi,Rural,12,2235,1164,1071,327,196,131,192,88,104,45,24,21,820,426,394,195,104,91,82,35,47,20,7,13,554,284,270
493,District-Tapi,Rural,13,2529,1278,1251,491,279,212,309,138,171,63,28,35,947,486,461,166,90,76,94,40,54,27,15,12,432,202,230
493,District-Tapi,Rural,14,3365,1681,1684,863,500,363,524,238,286,87,41,46,1093,521,572,268,129,139,124,56,68,24,7,17,382,189,193
493,District-Tapi,Rural,15,4815,2487,2328,1510,884,626,885,403,482,130,67,63,1229,579,650,444,269,175,174,72,102,44,22,22,399,191,208
493,District-Tapi,Rural,16,5802,3003,2799,2001,1213,788,1227,560,667,180,92,88,1344,613,731,473,249,224,197,100,97,43,19,24,337,157,180
493,District-Tapi,Rural,17,6242,3215,3027,2394,1474,920,1369,638,731,193,104,89,1282,502,780,502,287,215,183,86,97,38,14,24,281,110,171
493,District-Tapi,Rural,18,8167,4056,4111,3321,2021,1300,1770,773,997,202,87,115,1466,521,945,782,401,381,298,126,172,46,23,23,282,104,178
493,District-Tapi,Rural,19,7938,3769,4169,3253,1941,1312,1719,726,993,220,91,129,1487,479,1008,703,329,374,285,110,175,41,15,26,230,78,152
493,District-Tapi,Urban,5-19,6153,3077,3076,856,657,199,291,184,107,48,30,18,2120,767,1353,191,128,63,69,36,33,21,15,6,2557,1260,1297
493,District-Tapi,Urban,5,991,520,471,7,7,0,1,1,0,0,0,0,34,24,10,12,7,5,2,2,0,1,0,1,934,479,455
493,District-Tapi,Urban,6,693,357,336,5,5,0,0,0,0,0,0,0,38,19,19,4,3,1,4,0,4,1,0,1,641,330,311
493,District-Tapi,Urban,7,271,134,137,5,3,2,0,0,0,0,0,0,57,23,34,4,2,2,2,0,2,0,0,0,203,106,97
493,District-Tapi,Urban,8,166,84,82,6,4,2,1,1,0,0,0,0,49,30,19,3,1,2,1,1,0,0,0,0,106,47,59
493,District-Tapi,Urban,9,131,69,62,3,2,1,0,0,0,0,0,0,45,24,21,3,2,1,3,2,1,0,0,0,77,39,38
493,District-Tapi,Urban,10,168,84,84,2,2,0,0,0,0,0,0,0,74,38,36,6,1,5,3,1,2,1,0,1,82,42,40
493,District-Tapi,Urban,11,211,106,105,14,12,2,4,1,3,1,0,1,108,43,65,5,4,1,3,2,1,0,0,0,76,44,32
493,District-Tapi,Urban,12,193,97,96,16,11,5,8,7,1,2,1,1,95,39,56,8,6,2,5,3,2,3,3,0,56,27,29
493,District-Tapi,Urban,13,228,104,124,26,18,8,14,8,6,5,3,2,109,42,67,8,4,4,3,1,2,0,0,0,63,28,35
493,District-Tapi,Urban,14,280,140,140,34,20,14,14,7,7,5,2,3,157,67,90,8,6,2,6,4,2,2,2,0,54,32,22
493,District-Tapi,Urban,15,348,174,174,69,55,14,26,15,11,6,5,1,169,58,111,15,13,2,9,4,5,3,3,0,51,21,30
493,District-Tapi,Urban,16,473,232,241,117,83,34,38,26,12,6,5,1,228,77,151,16,13,3,7,7,0,2,0,2,59,21,38
493,District-Tapi,Urban,17,524,268,256,126,96,30,56,40,16,6,4,2,268,97,171,18,12,6,7,4,3,4,4,0,39,11,28
493,District-Tapi,Urban,18,685,333,352,182,144,38,67,44,23,7,3,4,326,94,232,38,25,13,5,1,4,3,2,1,57,20,37
493,District-Tapi,Urban,19,791,375,416,244,195,49,62,34,28,10,7,3,363,92,271,43,29,14,9,4,5,1,1,0,59,13,46
