069,District-Panchkula,Total,5-19,33817,17824,15993,4508,3793,715,1142,740,402,292,168,124,7408,2489,4919,1858,1260,598,430,250,180,141,78,63,18038,9046,8992
069,District-Panchkula,Total,5,5947,3162,2785,15,8,7,4,3,1,1,1,0,107,57,50,55,25,30,31,16,15,3,3,0,5731,3049,2682
069,District-Panchkula,Total,6,4492,2403,2089,9,7,2,2,1,1,0,0,0,128,63,65,44,20,24,24,12,12,5,5,0,4280,2295,1985
069,District-Panchkula,Total,7,1675,877,798,14,10,4,6,4,2,0,0,0,127,55,72,25,14,11,5,0,5,6,2,4,1492,792,700
069,District-Panchkula,Total,8,1019,502,517,18,13,5,2,2,0,1,1,0,123,55,68,22,15,7,6,3,3,0,0,0,847,413,434
069,District-Panchkula,Total,9,1020,507,513,12,6,6,3,2,1,1,1,0,131,71,60,32,18,14,8,2,6,2,1,1,831,406,425
069,District-Panchkula,Total,10,1480,752,728,15,11,4,5,3,2,3,2,1,165,92,73,38,20,18,20,13,7,6,4,2,1228,607,621
069,District-Panchkula,Total,11,894,489,405,49,44,5,5,4,1,0,0,0,155,77,78,44,26,18,11,8,3,8,3,5,622,327,295
069,District-Panchkula,Total,12,893,463,430,87,70,17,17,11,6,3,2,1,237,105,132,61,38,23,16,6,10,5,0,5,467,231,236
069,District-Panchkula,Total,13,816,433,383,69,54,15,14,9,5,5,5,0,265,122,143,75,47,28,19,13,6,5,2,3,364,181,183
069,District-Panchkula,Total,14,1168,594,574,156,123,33,36,29,7,8,5,3,411,174,237,121,81,40,33,18,15,7,4,3,396,160,236
069,District-Panchkula,Total,15,1557,835,722,303,248,55,70,47,23,18,8,10,503,206,297,202,127,75,39,22,17,22,9,13,400,168,232
069,District-Panchkula,Total,16,1927,976,951,394,320,74,136,90,46,29,20,9,739,231,508,209,142,67,47,26,21,9,6,3,364,141,223
069,District-Panchkula,Total,17,2451,1280,1171,643,530,113,176,110,66,45,21,24,1022,306,716,219,171,48,48,29,19,16,13,3,282,100,182
069,District-Panchkula,Total,18,4292,2312,1980,1327,1127,200,334,206,128,96,55,41,1573,441,1132,431,317,114,66,46,20,37,21,16,428,99,329
069,District-Panchkula,Total,19,4186,2239,1947,1397,1222,175,332,219,113,82,47,35,1722,434,1288,280,199,81,57,36,21,10,5,5,306,77,229
069,District-Panchkula,Rural,5-19,17473,8977,8496,2422,2043,379,864,547,317,235,122,113,4129,1145,2984,908,586,322,213,134,79,82,51,31,8620,4349,4271
069,District-Panchkula,Rural,5,3017,1588,1429,5,3,2,2,1,1,1,1,0,38,23,15,18,6,12,7,6,1,3,3,0,2943,1545,1398
069,District-Panchkula,Rural,6,2223,1219,1004,4,4,0,1,1,0,0,0,0,47,20,27,19,8,11,3,2,1,5,5,0,2144,1179,965
069,District-Panchkula,Rural,7,805,432,373,5,4,1,2,2,0,0,0,0,42,23,19,10,6,4,2,0,2,3,0,3,741,397,344
069,District-Panchkula,Rural,8,448,214,234,6,5,1,1,1,0,1,1,0,47,19,28,12,7,5,2,0,2,0,0,0,379,181,198
069,District-Panchkula,Rural,9,467,241,226,6,3,3,0,0,0,1,1,0,43,23,20,17,10,7,3,0,3,1,1,0,396,203,193
069,District-Panchkula,Rural,10,643,324,319,7,4,3,1,0,1,2,1,1,67,38,29,18,7,11,10,7,3,6,4,2,532,263,269
069,District-Panchkula,Rural,11,405,212,193,22,20,2,2,2,0,0,0,0,68,32,36,27,18,9,7,6,1,3,1,2,276,133,143
069,District-Panchkula,Rural,12,382,203,179,33,30,3,11,5,6,3,2,1,105,51,54,29,17,12,6,2,4,2,0,2,193,96,97
069,District-Panchkula,Rural,13,353,176,177,22,15,7,7,6,1,3,3,0,114,53,61,44,27,17,11,8,3,3,1,2,149,63,86
069,District-Panchkula,Rural,14,586,301,285,79,59,20,21,18,3,5,3,2,217,91,126,66,43,23,19,12,7,6,3,3,173,72,101
069,District-Panchkula,Rural,15,739,372,367,147,122,25,43,30,13,13,7,6,267,84,183,82,52,30,18,10,8,9,4,5,160,63,97
069,District-Panchkula,Rural,16,1049,510,539,209,170,39,92,61,31,25,16,9,431,114,317,103,69,34,30,19,11,6,4,2,153,57,96
069,District-Panchkula,Rural,17,1423,715,708,361,308,53,141,85,56,37,15,22,618,151,467,115,91,24,28,16,12,12,10,2,111,39,72
069,District-Panchkula,Rural,18,2481,1244,1237,742,621,121,273,161,112,80,41,39,957,207,750,214,138,76,40,30,10,17,10,7,158,36,122
069,District-Panchkula,Rural,19,2452,1226,1226,774,675,99,267,174,93,64,31,33,1068,216,852,134,87,47,27,16,11,6,5,1,112,22,90
069,District-Panchkula,Urban,5-19,16344,8847,7497,2086,1750,336,278,193,85,57,46,11,3279,1344,1935,950,674,276,217,116,101,59,27,32,9418,4697,4721
069,District-Panchkula,Urban,5,2930,1574,1356,10,5,5,2,2,0,0,0,0,69,34,35,37,19,18,24,10,14,0,0,0,2788,1504,1284
069,District-Panchkula,Urban,6,2269,1184,1085,5,3,2,1,0,1,0,0,0,81,43,38,25,12,13,21,10,11,0,0,0,2136,1116,1020
069,District-Panchkula,Urban,7,870,445,425,9,6,3,4,2,2,0,0,0,85,32,53,15,8,7,3,0,3,3,2,1,751,395,356
069,District-Panchkula,Urban,8,571,288,283,12,8,4,1,1,0,0,0,0,76,36,40,10,8,2,4,3,1,0,0,0,468,232,236
069,District-Panchkula,Urban,9,553,266,287,6,3,3,3,2,1,0,0,0,88,48,40,15,8,7,5,2,3,1,0,1,435,203,232
069,District-Panchkula,Urban,10,837,428,409,8,7,1,4,3,1,1,1,0,98,54,44,20,13,7,10,6,4,0,0,0,696,344,352
069,District-Panchkula,Urban,11,489,277,212,27,24,3,3,2,1,0,0,0,87,45,42,17,8,9,4,2,2,5,2,3,346,194,152
069,District-Panchkula,Urban,12,511,260,251,54,40,14,6,6,0,0,0,0,132,54,78,32,21,11,10,4,6,3,0,3,274,135,139
069,District-Panchkula,Urban,13,463,257,206,47,39,8,7,3,4,2,2,0,151,69,82,31,20,11,8,5,3,2,1,1,215,118,97
069,District-Panchkula,Urban,14,582,293,289,77,64,13,15,11,4,3,2,1,194,83,111,55,38,17,14,6,8,1,1,0,223,88,135
069,District-Panchkula,Urban,15,818,463,355,156,126,30,27,17,10,5,1,4,236,122,114,120,75,45,21,12,9,13,5,8,240,105,135
069,District-Panchkula,Urban,16,878,466,412,185,150,35,44,29,15,4,4,0,308,117,191,106,73,33,17,7,10,3,2,1,211,84,127
069,District-Panchkula,Urban,17,1028,565,463,282,222,60,35,25,10,8,6,2,404,155,249,104,80,24,20,13,7,4,3,1,171,61,110
069,District-Panchkula,Urban,18,1811,1068,743,585,506,79,61,45,16,16,14,2,616,234,382,217,179,38,26,16,10,20,11,9,270,63,207
069,District-Panchkula,Urban,19,1734,1013,721,623,547,76,65,45,20,18,16,2,654,218,436,146,112,34,30,20,10,4,0,4,194,55,139
070,District-Ambala,Total,5-19,58794,31907,26887,7591,6823,768,1999,1609,390,484,378,106,19659,7248,12411,1712,1361,351,638,445,193,115,84,31,26596,13959,12637
070,District-Ambala,Total,5,10863,6035,4828,9,8,1,6,4,2,0,0,0,234,123,111,59,33,26,47,22,25,3,2,1,10505,5843,4662
070,District-Ambala,Total,6,7701,4181,3520,6,1,5,6,4,2,1,0,1,324,174,150,44,24,20,26,16,10,0,0,0,7294,3962,3332
070,District-Ambala,Total,7,2154,1168,986,11,9,2,7,4,3,1,1,0,324,188,136,14,9,5,16,8,8,1,1,0,1780,948,832
070,District-Ambala,Total,8,1260,686,574,8,5,3,7,6,1,2,1,1,298,173,125,12,6,6,9,8,1,2,2,0,922,485,437
070,District-Ambala,Total,9,934,513,421,17,13,4,4,3,1,0,0,0,247,134,113,23,19,4,8,5,3,1,1,0,634,338,296
070,District-Ambala,Total,10,1353,723,630,28,23,5,13,6,7,7,4,3,311,182,129,26,16,10,26,17,9,3,1,2,939,474,465
070,District-Ambala,Total,11,1079,601,478,72,62,10,18,11,7,3,2,1,389,209,180,33,23,10,19,13,6,3,1,2,542,280,262
070,District-Ambala,Total,12,1289,732,557,116,105,11,32,29,3,5,5,0,496,245,251,63,48,15,29,22,7,5,2,3,543,276,267
070,District-Ambala,Total,13,1272,646,626,118,97,21,36,24,12,12,9,3,586,259,327,68,52,16,23,17,6,5,2,3,424,186,238
070,District-Ambala,Total,14,1669,918,751,216,182,34,60,46,14,21,16,5,785,348,437,102,76,26,33,23,10,6,3,3,446,224,222
070,District-Ambala,Total,15,2671,1523,1148,454,392,62,118,100,18,18,15,3,1284,565,719,187,153,34,65,42,23,15,15,0,530,241,289
070,District-Ambala,Total,16,3818,2038,1780,757,669,88,194,162,32,61,50,11,2081,760,1321,185,147,38,67,46,21,13,10,3,460,194,266
070,District-Ambala,Total,17,4960,2671,2289,1104,976,128,301,249,52,84,65,19,2750,966,1784,222,186,36,55,43,12,16,10,6,428,176,252
070,District-Ambala,Total,18,8706,4630,4076,2154,1971,183,587,461,126,137,103,34,4703,1486,3217,380,322,58,114,88,26,17,16,1,614,183,431
070,District-Ambala,Total,19,9065,4842,4223,2521,2310,211,610,500,110,132,107,25,4847,1436,3411,294,247,47,101,75,26,25,18,7,535,149,386
070,District-Ambala,Rural,5-19,34567,18318,16249,4458,4072,386,1249,1024,225,358,271,87,12623,4241,8382,789,613,176,298,202,96,74,49,25,14718,7846,6872
070,District-Ambala,Rural,5,6387,3617,2770,4,3,1,3,2,1,0,0,0,133,75,58,30,19,11,11,6,5,1,1,0,6205,3511,2694
070,District-Ambala,Rural,6,4381,2382,1999,3,1,2,2,1,1,0,0,0,182,100,82,29,17,12,6,4,2,0,0,0,4159,2259,1900
070,District-Ambala,Rural,7,1148,649,499,7,7,0,1,0,1,0,0,0,156,100,56,8,6,2,2,1,1,1,1,0,973,534,439
070,District-Ambala,Rural,8,642,342,300,3,2,1,2,2,0,2,1,1,145,82,63,7,4,3,3,3,0,2,2,0,478,246,232
070,District-Ambala,Rural,9,456,247,209,7,6,1,0,0,0,0,0,0,117,59,58,11,9,2,3,1,2,0,0,0,318,172,146
070,District-Ambala,Rural,10,656,366,290,14,12,2,4,3,1,4,2,2,145,81,64,14,9,5,11,9,2,2,1,1,462,249,213
070,District-Ambala,Rural,11,506,280,226,34,29,5,8,5,3,3,2,1,191,98,93,15,11,4,8,4,4,3,1,2,244,130,114
070,District-Ambala,Rural,12,610,337,273,63,58,5,14,12,2,3,3,0,253,121,132,29,22,7,17,13,4,4,1,3,227,107,120
070,District-Ambala,Rural,13,644,316,328,55,46,9,22,15,7,7,6,1,328,134,194,30,22,8,12,7,5,5,2,3,185,84,101
070,District-Ambala,Rural,14,876,470,406,106,87,19,29,20,9,16,12,4,447,195,252,49,36,13,15,11,4,4,2,2,210,107,103
070,District-Ambala,Rural,15,1495,804,691,231,196,35,78,69,9,15,12,3,792,324,468,91,71,20,32,18,14,5,5,0,251,109,142
070,District-Ambala,Rural,16,2280,1156,1124,434,390,44,120,102,18,40,32,8,1353,452,901,88,71,17,30,15,15,8,6,2,207,88,119
070,District-Ambala,Rural,17,3124,1576,1548,656,585,71,177,151,26,65,47,18,1870,599,1271,96,78,18,26,19,7,12,6,6,222,91,131
070,District-Ambala,Rural,18,5524,2817,2707,1320,1233,87,381,303,78,107,78,29,3182,921,2261,169,138,31,65,49,16,10,9,1,290,86,204
070,District-Ambala,Rural,19,5838,2959,2879,1521,1417,104,408,339,69,96,76,20,3329,900,2429,123,100,23,57,42,15,17,12,5,287,73,214
070,District-Ambala,Urban,5-19,24227,13589,10638,3133,2751,382,750,585,165,126,107,19,7036,3007,4029,923,748,175,340,243,97,41,35,6,11878,6113,5765
070,District-Ambala,Urban,5,4476,2418,2058,5,5,0,3,2,1,0,0,0,101,48,53,29,14,15,36,16,20,2,1,1,4300,2332,1968
070,District-Ambala,Urban,6,3320,1799,1521,3,0,3,4,3,1,1,0,1,142,74,68,15,7,8,20,12,8,0,0,0,3135,1703,1432
070,District-Ambala,Urban,7,1006,519,487,4,2,2,6,4,2,1,1,0,168,88,80,6,3,3,14,7,7,0,0,0,807,414,393
070,District-Ambala,Urban,8,618,344,274,5,3,2,5,4,1,0,0,0,153,91,62,5,2,3,6,5,1,0,0,0,444,239,205
070,District-Ambala,Urban,9,478,266,212,10,7,3,4,3,1,0,0,0,130,75,55,12,10,2,5,4,1,1,1,0,316,166,150
070,District-Ambala,Urban,10,697,357,340,14,11,3,9,3,6,3,2,1,166,101,65,12,7,5,15,8,7,1,0,1,477,225,252
070,District-Ambala,Urban,11,573,321,252,38,33,5,10,6,4,0,0,0,198,111,87,18,12,6,11,9,2,0,0,0,298,150,148
070,District-Ambala,Urban,12,679,395,284,53,47,6,18,17,1,2,2,0,243,124,119,34,26,8,12,9,3,1,1,0,316,169,147
070,District-Ambala,Urban,13,628,330,298,63,51,12,14,9,5,5,3,2,258,125,133,38,30,8,11,10,1,0,0,0,239,102,137
070,District-Ambala,Urban,14,793,448,345,110,95,15,31,26,5,5,4,1,338,153,185,53,40,13,18,12,6,2,1,1,236,117,119
070,District-Ambala,Urban,15,1176,719,457,223,196,27,40,31,9,3,3,0,492,241,251,96,82,14,33,24,9,10,10,0,279,132,147
070,District-Ambala,Urban,16,1538,882,656,323,279,44,74,60,14,21,18,3,728,308,420,97,76,21,37,31,6,5,4,1,253,106,147
070,District-Ambala,Urban,17,1836,1095,741,448,391,57,124,98,26,19,18,1,880,367,513,126,108,18,29,24,5,4,4,0,206,85,121
070,District-Ambala,Urban,18,3182,1813,1369,834,738,96,206,158,48,30,25,5,1521,565,956,211,184,27,49,39,10,7,7,0,324,97,227
070,District-Ambala,Urban,19,3227,1883,1344,1000,893,107,202,161,41,36,31,5,1518,536,982,171,147,24,44,33,11,8,6,2,248,76,172
071,District-Yamunanagar,Total,5-19,79642,43008,36634,11154,10450,704,2473,2075,398,757,558,199,23371,7676,15695,3502,2950,552,939,553,386,272,171,101,37174,18575,18599
071,District-Yamunanagar,Total,5,14309,7787,6522,12,9,3,2,1,1,0,0,0,247,151,96,60,36,24,26,16,10,5,4,1,13957,7570,6387
071,District-Yamunanagar,Total,6,10126,5574,4552,3,3,0,2,1,1,0,0,0,290,157,133,41,25,16,22,12,10,5,2,3,9763,5374,4389
071,District-Yamunanagar,Total,7,2685,1458,1227,7,4,3,1,0,1,0,0,0,209,112,97,21,14,7,4,3,1,1,0,1,2442,1325,1117
071,District-Yamunanagar,Total,8,1560,794,766,9,8,1,2,1,1,0,0,0,206,120,86,25,14,11,10,4,6,2,1,1,1306,646,660
071,District-Yamunanagar,Total,9,1009,542,467,12,8,4,2,2,0,0,0,0,183,101,82,20,13,7,8,3,5,5,2,3,779,413,366
071,District-Yamunanagar,Total,10,1634,852,782,24,20,4,5,4,1,1,1,0,291,162,129,62,45,17,23,11,12,8,4,4,1220,605,615
071,District-Yamunanagar,Total,11,1232,621,611,74,70,4,16,11,5,6,6,0,369,163,206,56,40,16,20,11,9,7,2,5,684,318,366
071,District-Yamunanagar,Total,12,1750,917,833,153,134,19,34,28,6,3,2,1,556,241,315,107,74,33,49,31,18,13,7,6,835,400,435
071,District-Yamunanagar,Total,13,1755,871,884,166,142,24,46,39,7,19,11,8,727,297,430,95,72,23,44,23,21,13,7,6,645,280,365
071,District-Yamunanagar,Total,14,2817,1426,1391,330,293,37,97,70,27,33,22,11,1246,505,741,212,166,46,71,38,33,22,12,10,806,320,486
071,District-Yamunanagar,Total,15,4330,2345,1985,748,686,62,207,162,45,62,46,16,1886,720,1166,392,316,76,107,57,50,29,20,9,899,338,561
071,District-Yamunanagar,Total,16,6003,3210,2793,1225,1128,97,314,269,45,109,82,27,2870,986,1884,417,357,60,112,71,41,27,18,9,929,299,630
071,District-Yamunanagar,Total,17,6940,3701,3239,1626,1529,97,379,315,64,138,92,46,3368,1046,2322,451,399,52,118,72,46,35,24,11,825,224,601
071,District-Yamunanagar,Total,18,12416,6862,5554,3452,3285,167,691,586,105,192,149,43,5666,1519,4147,976,869,107,197,123,74,60,43,17,1182,288,894
071,District-Yamunanagar,Total,19,11076,6048,5028,3313,3131,182,675,586,89,194,147,47,5257,1396,3861,567,510,57,128,78,50,40,25,15,902,175,727
071,District-Yamunanagar,Rural,5-19,52077,27172,24905,7434,6967,467,1932,1609,323,591,406,185,15892,4616,11276,2112,1794,318,698,390,308,219,123,96,23199,11267,11932
071,District-Yamunanagar,Rural,5,9058,4873,4185,2,0,2,0,0,0,0,0,0,142,90,52,29,16,13,5,2,3,3,3,0,8877,4762,4115
071,District-Yamunanagar,Rural,6,6404,3496,2908,1,1,0,2,1,1,0,0,0,173,92,81,25,16,9,8,3,5,4,2,2,6191,3381,2810
071,District-Yamunanagar,Rural,7,1573,861,712,4,2,2,0,0,0,0,0,0,127,70,57,6,4,2,0,0,0,1,0,1,1435,785,650
071,District-Yamunanagar,Rural,8,892,456,436,4,4,0,2,1,1,0,0,0,121,76,45,10,6,4,7,2,5,2,1,1,746,366,380
071,District-Yamunanagar,Rural,9,574,312,262,9,7,2,1,1,0,0,0,0,107,54,53,9,7,2,6,2,4,5,2,3,437,239,198
071,District-Yamunanagar,Rural,10,907,459,448,16,14,2,2,2,0,0,0,0,173,94,79,28,20,8,19,7,12,7,3,4,662,319,343
071,District-Yamunanagar,Rural,11,704,331,373,35,34,1,12,8,4,4,4,0,229,97,132,28,20,8,15,8,7,7,2,5,374,158,216
071,District-Yamunanagar,Rural,12,1033,517,516,99,89,10,23,18,5,3,2,1,324,129,195,49,30,19,38,23,15,11,5,6,486,221,265
071,District-Yamunanagar,Rural,13,1078,478,600,91,76,15,33,26,7,16,8,8,448,161,287,50,42,8,36,17,19,10,4,6,394,144,250
071,District-Yamunanagar,Rural,14,1811,845,966,209,184,25,74,51,23,30,19,11,809,285,524,108,85,23,55,27,28,18,8,10,508,186,322
071,District-Yamunanagar,Rural,15,2896,1468,1428,494,444,50,161,124,37,47,31,16,1294,452,842,233,188,45,82,36,46,21,12,9,564,181,383
071,District-Yamunanagar,Rural,16,4183,2109,2074,837,765,72,257,215,42,81,54,27,2029,612,1417,266,228,38,85,51,34,21,12,9,607,172,435
071,District-Yamunanagar,Rural,17,4749,2402,2347,1092,1024,68,289,240,49,115,69,46,2338,640,1698,277,245,32,89,56,33,27,16,11,522,112,410
071,District-Yamunanagar,Rural,18,8572,4521,4051,2303,2203,100,542,456,86,147,111,36,3958,909,3049,636,569,67,150,90,60,48,33,15,788,150,638
071,District-Yamunanagar,Rural,19,7643,4044,3599,2238,2120,118,534,466,68,148,108,40,3620,855,2765,358,318,40,103,66,37,34,20,14,608,91,517
071,District-Yamunanagar,Urban,5-19,27565,15836,11729,3720,3483,237,541,466,75,166,152,14,7479,3060,4419,1390,1156,234,241,163,78,53,48,5,13975,7308,6667
071,District-Yamunanagar,Urban,5,5251,2914,2337,10,9,1,2,1,1,0,0,0,105,61,44,31,20,11,21,14,7,2,1,1,5080,2808,2272
071,District-Yamunanagar,Urban,6,3722,2078,1644,2,2,0,0,0,0,0,0,0,117,65,52,16,9,7,14,9,5,1,0,1,3572,1993,1579
071,District-Yamunanagar,Urban,7,1112,597,515,3,2,1,1,0,1,0,0,0,82,42,40,15,10,5,4,3,1,0,0,0,1007,540,467
071,District-Yamunanagar,Urban,8,668,338,330,5,4,1,0,0,0,0,0,0,85,44,41,15,8,7,3,2,1,0,0,0,560,280,280
071,District-Yamunanagar,Urban,9,435,230,205,3,1,2,1,1,0,0,0,0,76,47,29,11,6,5,2,1,1,0,0,0,342,174,168
071,District-Yamunanagar,Urban,10,727,393,334,8,6,2,3,2,1,1,1,0,118,68,50,34,25,9,4,4,0,1,1,0,558,286,272
071,District-Yamunanagar,Urban,11,528,290,238,39,36,3,4,3,1,2,2,0,140,66,74,28,20,8,5,3,2,0,0,0,310,160,150
071,District-Yamunanagar,Urban,12,717,400,317,54,45,9,11,10,1,0,0,0,232,112,120,58,44,14,11,8,3,2,2,0,349,179,170
071,District-Yamunanagar,Urban,13,677,393,284,75,66,9,13,13,0,3,3,0,279,136,143,45,30,15,8,6,2,3,3,0,251,136,115
071,District-Yamunanagar,Urban,14,1006,581,425,121,109,12,23,19,4,3,3,0,437,220,217,104,81,23,16,11,5,4,4,0,298,134,164
071,District-Yamunanagar,Urban,15,1434,877,557,254,242,12,46,38,8,15,15,0,592,268,324,159,128,31,25,21,4,8,8,0,335,157,178
071,District-Yamunanagar,Urban,16,1820,1101,719,388,363,25,57,54,3,28,28,0,841,374,467,151,129,22,27,20,7,6,6,0,322,127,195
071,District-Yamunanagar,Urban,17,2191,1299,892,534,505,29,90,75,15,23,23,0,1030,406,624,174,154,20,29,16,13,8,8,0,303,112,191
071,District-Yamunanagar,Urban,18,3844,2341,1503,1149,1082,67,149,130,19,45,38,7,1708,610,1098,340,300,40,47,33,14,12,10,2,394,138,256
071,District-Yamunanagar,Urban,19,3433,2004,1429,1075,1011,64,141,120,21,46,39,7,1637,541,1096,209,192,17,25,12,13,6,5,1,294,84,210
072,District-Kurukshetra,Total,5-19,56037,29731,26306,8816,7615,1201,2253,1328,925,787,383,404,13861,3975,9886,2749,1944,805,867,518,349,199,125,74,26505,13843,12662
072,District-Kurukshetra,Total,5,10521,5727,4794,6,5,1,0,0,0,0,0,0,149,80,69,65,35,30,16,9,7,5,1,4,10280,5597,4683
072,District-Kurukshetra,Total,6,7634,4199,3435,6,6,0,0,0,0,0,0,0,167,89,78,33,16,17,7,5,2,4,2,2,7417,4081,3336
072,District-Kurukshetra,Total,7,1963,1064,899,12,9,3,2,2,0,1,0,1,147,77,70,23,14,9,7,7,0,1,1,0,1770,954,816
072,District-Kurukshetra,Total,8,1122,616,506,21,15,6,2,0,2,1,1,0,108,55,53,34,18,16,13,9,4,6,5,1,937,513,424
072,District-Kurukshetra,Total,9,973,538,435,11,6,5,2,1,1,3,3,0,108,68,40,36,22,14,12,6,6,4,4,0,797,428,369
072,District-Kurukshetra,Total,10,1457,797,660,22,16,6,5,3,2,2,0,2,144,77,67,72,48,24,27,14,13,5,5,0,1180,634,546
072,District-Kurukshetra,Total,11,903,493,410,51,40,11,7,4,3,5,2,3,171,93,78,53,33,20,24,14,10,11,5,6,581,302,279
072,District-Kurukshetra,Total,12,1148,615,533,104,88,16,19,12,7,8,5,3,308,145,163,146,88,58,38,28,10,10,9,1,515,240,275
072,District-Kurukshetra,Total,13,1059,527,532,130,99,31,29,18,11,12,2,10,338,124,214,123,73,50,42,22,20,14,5,9,371,184,187
072,District-Kurukshetra,Total,14,1503,784,719,255,209,46,71,37,34,22,12,10,541,210,331,169,115,54,64,32,32,5,1,4,376,168,208
072,District-Kurukshetra,Total,15,2649,1465,1184,575,484,91,185,113,72,75,39,36,925,356,569,312,228,84,114,68,46,23,14,9,440,163,277
072,District-Kurukshetra,Total,16,3701,1955,1746,955,797,158,275,154,121,85,41,44,1518,478,1040,333,246,87,101,60,41,30,16,14,404,163,241
072,District-Kurukshetra,Total,17,4714,2434,2280,1356,1151,205,377,227,150,132,56,76,2038,544,1494,324,236,88,101,64,37,27,19,8,359,137,222
072,District-Kurukshetra,Total,18,8509,4457,4052,2695,2373,322,628,380,248,228,116,112,3542,836,2706,634,469,165,185,104,81,31,23,8,566,156,410
072,District-Kurukshetra,Total,19,8181,4060,4121,2617,2317,300,651,377,274,213,106,107,3657,743,2914,392,303,89,116,76,40,23,15,8,512,123,389
072,District-Kurukshetra,Rural,5-19,41461,21525,19936,7001,6017,984,1964,1092,872,718,328,390,10635,2643,7992,1853,1250,603,621,350,271,127,70,57,18542,9775,8767
072,District-Kurukshetra,Rural,5,7760,4226,3534,4,4,0,0,0,0,0,0,0,92,49,43,44,23,21,7,2,5,3,0,3,7610,4148,3462
072,District-Kurukshetra,Rural,6,5574,3110,2464,3,3,0,0,0,0,0,0,0,106,59,47,26,13,13,3,1,2,4,2,2,5432,3032,2400
072,District-Kurukshetra,Rural,7,1371,753,618,6,4,2,1,1,0,1,0,1,103,56,47,15,10,5,3,3,0,1,1,0,1241,678,563
072,District-Kurukshetra,Rural,8,716,392,324,16,13,3,2,0,2,1,1,0,77,37,40,24,14,10,9,6,3,5,4,1,582,317,265
072,District-Kurukshetra,Rural,9,660,369,291,7,4,3,2,1,1,2,2,0,82,52,30,21,13,8,6,3,3,2,2,0,538,292,246
072,District-Kurukshetra,Rural,10,942,500,442,15,10,5,3,1,2,2,0,2,91,50,41,51,33,18,20,12,8,2,2,0,758,392,366
072,District-Kurukshetra,Rural,11,581,328,253,34,26,8,4,2,2,4,1,3,115,67,48,34,21,13,19,11,8,9,5,4,362,195,167
072,District-Kurukshetra,Rural,12,722,387,335,77,65,12,17,10,7,6,3,3,203,87,116,110,63,47,26,21,5,5,5,0,278,133,145
072,District-Kurukshetra,Rural,13,671,317,354,88,67,21,21,13,8,12,2,10,231,77,154,76,42,34,32,17,15,9,3,6,202,96,106
072,District-Kurukshetra,Rural,14,1015,496,519,180,149,31,58,28,30,19,9,10,394,128,266,111,71,40,52,28,24,2,0,2,199,83,116
072,District-Kurukshetra,Rural,15,1858,976,882,431,359,72,149,84,65,68,35,33,674,222,452,203,141,62,94,53,41,13,6,7,226,76,150
072,District-Kurukshetra,Rural,16,2768,1398,1370,752,631,121,238,124,114,77,36,41,1164,316,848,216,153,63,70,39,31,16,6,10,235,93,142
072,District-Kurukshetra,Rural,17,3652,1779,1873,1092,921,171,320,181,139,122,48,74,1617,361,1256,213,151,62,61,37,24,20,13,7,207,67,140
072,District-Kurukshetra,Rural,18,6634,3337,3297,2153,1873,280,559,320,239,211,103,108,2795,575,2220,425,291,134,133,68,65,19,12,7,339,95,244
072,District-Kurukshetra,Rural,19,6537,3157,3380,2143,1888,255,590,327,263,193,88,105,2891,507,2384,284,211,73,86,49,37,17,9,8,333,78,255
072,District-Kurukshetra,Urban,5-19,14576,8206,6370,1815,1598,217,289,236,53,69,55,14,3226,1332,1894,896,694,202,246,168,78,72,55,17,7963,4068,3895
072,District-Kurukshetra,Urban,5,2761,1501,1260,2,1,1,0,0,0,0,0,0,57,31,26,21,12,9,9,7,2,2,1,1,2670,1449,1221
072,District-Kurukshetra,Urban,6,2060,1089,971,3,3,0,0,0,0,0,0,0,61,30,31,7,3,4,4,4,0,0,0,0,1985,1049,936
072,District-Kurukshetra,Urban,7,592,311,281,6,5,1,1,1,0,0,0,0,44,21,23,8,4,4,4,4,0,0,0,0,529,276,253
072,District-Kurukshetra,Urban,8,406,224,182,5,2,3,0,0,0,0,0,0,31,18,13,10,4,6,4,3,1,1,1,0,355,196,159
072,District-Kurukshetra,Urban,9,313,169,144,4,2,2,0,0,0,1,1,0,26,16,10,15,9,6,6,3,3,2,2,0,259,136,123
072,District-Kurukshetra,Urban,10,515,297,218,7,6,1,2,2,0,0,0,0,53,27,26,21,15,6,7,2,5,3,3,0,422,242,180
072,District-Kurukshetra,Urban,11,322,165,157,17,14,3,3,2,1,1,1,0,56,26,30,19,12,7,5,3,2,2,0,2,219,107,112
072,District-Kurukshetra,Urban,12,426,228,198,27,23,4,2,2,0,2,2,0,105,58,47,36,25,11,12,7,5,5,4,1,237,107,130
072,District-Kurukshetra,Urban,13,388,210,178,42,32,10,8,5,3,0,0,0,107,47,60,47,31,16,10,5,5,5,2,3,169,88,81
072,District-Kurukshetra,Urban,14,488,288,200,75,60,15,13,9,4,3,3,0,147,82,65,58,44,14,12,4,8,3,1,2,177,85,92
072,District-Kurukshetra,Urban,15,791,489,302,144,125,19,36,29,7,7,4,3,251,134,117,109,87,22,20,15,5,10,8,2,214,87,127
072,District-Kurukshetra,Urban,16,933,557,376,203,166,37,37,30,7,8,5,3,354,162,192,117,93,24,31,21,10,14,10,4,169,70,99
072,District-Kurukshetra,Urban,17,1062,655,407,264,230,34,57,46,11,10,8,2,421,183,238,111,85,26,40,27,13,7,6,1,152,70,82
072,District-Kurukshetra,Urban,18,1875,1120,755,542,500,42,69,60,9,17,13,4,747,261,486,209,178,31,52,36,16,12,11,1,227,61,166
072,District-Kurukshetra,Urban,19,1644,903,741,474,429,45,61,50,11,20,18,2,766,236,530,108,92,16,30,27,3,6,6,0,179,45,134
073,District-Kaithal,Total,5-19,68905,35439,33466,9249,8200,1049,3745,2536,1209,1118,568,550,18200,4898,13302,2353,1736,617,1258,681,577,313,126,187,32669,16694,15975
073,District-Kaithal,Total,5,13733,7590,6143,6,5,1,3,1,2,0,0,0,112,59,53,69,44,25,18,4,14,3,3,0,13522,7474,6048
073,District-Kaithal,Total,6,8773,4741,4032,5,4,1,1,1,0,0,0,0,172,79,93,40,25,15,21,10,11,2,1,1,8532,4621,3911
073,District-Kaithal,Total,7,2436,1278,1158,18,17,1,2,1,1,2,1,1,132,59,73,15,8,7,14,6,8,4,2,2,2249,1184,1065
073,District-Kaithal,Total,8,1169,623,546,7,3,4,5,4,1,0,0,0,127,61,66,18,12,6,8,6,2,3,1,2,1001,536,465
073,District-Kaithal,Total,9,1059,551,508,12,7,5,4,3,1,2,1,1,145,71,74,11,6,5,7,2,5,3,2,1,875,459,416
073,District-Kaithal,Total,10,1512,780,732,30,24,6,4,3,1,2,1,1,203,93,110,46,24,22,39,17,22,10,5,5,1178,613,565
073,District-Kaithal,Total,11,941,498,443,45,41,4,18,11,7,7,5,2,216,87,129,37,27,10,21,14,7,4,3,1,593,310,283
073,District-Kaithal,Total,12,1220,659,561,94,81,13,36,25,11,10,7,3,368,149,219,99,72,27,65,37,28,13,6,7,535,282,253
073,District-Kaithal,Total,13,1238,615,623,124,110,14,46,28,18,22,16,6,476,194,282,64,48,16,52,27,25,13,3,10,441,189,252
073,District-Kaithal,Total,14,1868,924,944,246,210,36,110,73,37,46,30,16,791,299,492,134,93,41,76,33,43,12,5,7,453,181,272
073,District-Kaithal,Total,15,3202,1606,1596,476,419,57,279,180,99,86,43,43,1335,460,875,239,188,51,142,74,68,42,20,22,603,222,381
073,District-Kaithal,Total,16,4805,2292,2513,931,838,93,431,284,147,145,71,74,2200,590,1610,266,204,62,169,96,73,42,13,29,621,196,425
073,District-Kaithal,Total,17,5826,2879,2947,1405,1247,158,619,423,196,182,103,79,2653,659,1994,310,227,83,123,78,45,32,17,15,502,125,377
073,District-Kaithal,Total,18,10970,5465,5505,2893,2563,330,1163,812,351,317,156,161,4746,1089,3657,584,450,134,318,184,134,72,26,46,877,185,692
073,District-Kaithal,Total,19,10153,4938,5215,2957,2631,326,1024,687,337,297,134,163,4524,949,3575,421,308,113,185,93,92,58,19,39,687,117,570
073,District-Kaithal,Rural,5-19,54777,27636,27141,7706,6781,925,3359,2196,1163,1000,473,527,14872,3677,11195,1748,1272,476,1123,583,540,277,97,180,24692,12557,12135
073,District-Kaithal,Rural,5,10764,5931,4833,5,5,0,3,1,2,0,0,0,86,46,40,55,37,18,10,1,9,3,3,0,10602,5838,4764
073,District-Kaithal,Rural,6,6676,3623,3053,4,4,0,1,1,0,0,0,0,140,67,73,26,17,9,14,6,8,2,1,1,6489,3527,2962
073,District-Kaithal,Rural,7,1806,950,856,13,12,1,2,1,1,2,1,1,95,45,50,12,8,4,12,4,8,4,2,2,1666,877,789
073,District-Kaithal,Rural,8,855,451,404,6,3,3,3,3,0,0,0,0,91,39,52,12,7,5,7,5,2,3,1,2,733,393,340
073,District-Kaithal,Rural,9,757,390,367,10,6,4,3,2,1,2,1,1,110,54,56,9,6,3,7,2,5,2,1,1,614,318,296
073,District-Kaithal,Rural,10,1125,560,565,26,21,5,2,1,1,2,1,1,156,65,91,37,16,21,37,15,22,10,5,5,855,436,419
073,District-Kaithal,Rural,11,671,346,325,37,33,4,13,6,7,4,3,1,163,58,105,30,23,7,21,14,7,4,3,1,399,206,193
073,District-Kaithal,Rural,12,918,494,424,78,67,11,34,23,11,10,7,3,282,113,169,71,51,20,61,35,26,12,6,6,370,192,178
073,District-Kaithal,Rural,13,921,452,469,98,86,12,43,26,17,21,15,6,373,153,220,47,37,10,47,23,24,12,2,10,280,110,170
073,District-Kaithal,Rural,14,1456,707,749,206,175,31,101,65,36,43,27,16,623,226,397,100,68,32,73,30,43,10,3,7,300,113,187
073,District-Kaithal,Rural,15,2574,1216,1358,380,332,48,251,158,93,77,34,43,1106,334,772,177,138,39,126,66,60,35,15,20,422,139,283
073,District-Kaithal,Rural,16,3977,1823,2154,780,700,80,387,243,144,131,59,72,1845,449,1396,191,145,46,155,85,70,38,11,27,450,131,319
073,District-Kaithal,Rural,17,4793,2286,2507,1162,1017,145,560,368,192,163,88,75,2185,497,1688,225,164,61,102,61,41,29,14,15,367,77,290
073,District-Kaithal,Rural,18,9060,4395,4665,2425,2135,290,1034,695,339,280,130,150,3907,809,3098,438,333,105,283,156,127,59,15,44,634,122,512
073,District-Kaithal,Rural,19,8424,4012,4412,2476,2185,291,922,603,319,265,107,158,3710,722,2988,318,222,96,168,80,88,54,15,39,511,78,433
073,District-Kaithal,Urban,5-19,14128,7803,6325,1543,1419,124,386,340,46,118,95,23,3328,1221,2107,605,464,141,135,98,37,36,29,7,7977,4137,3840
073,District-Kaithal,Urban,5,2969,1659,1310,1,0,1,0,0,0,0,0,0,26,13,13,14,7,7,8,3,5,0,0,0,2920,1636,1284
073,District-Kaithal,Urban,6,2097,1118,979,1,0,1,0,0,0,0,0,0,32,12,20,14,8,6,7,4,3,0,0,0,2043,1094,949
073,District-Kaithal,Urban,7,630,328,302,5,5,0,0,0,0,0,0,0,37,14,23,3,0,3,2,2,0,0,0,0,583,307,276
073,District-Kaithal,Urban,8,314,172,142,1,0,1,2,1,1,0,0,0,36,22,14,6,5,1,1,1,0,0,0,0,268,143,125
073,District-Kaithal,Urban,9,302,161,141,2,1,1,1,1,0,0,0,0,35,17,18,2,0,2,0,0,0,1,1,0,261,141,120
073,District-Kaithal,Urban,10,387,220,167,4,3,1,2,2,0,0,0,0,47,28,19,9,8,1,2,2,0,0,0,0,323,177,146
073,District-Kaithal,Urban,11,270,152,118,8,8,0,5,5,0,3,2,1,53,29,24,7,4,3,0,0,0,0,0,0,194,104,90
073,District-Kaithal,Urban,12,302,165,137,16,14,2,2,2,0,0,0,0,86,36,50,28,21,7,4,2,2,1,0,1,165,90,75
073,District-Kaithal,Urban,13,317,163,154,26,24,2,3,2,1,1,1,0,103,41,62,17,11,6,5,4,1,1,1,0,161,79,82
073,District-Kaithal,Urban,14,412,217,195,40,35,5,9,8,1,3,3,0,168,73,95,34,25,9,3,3,0,2,2,0,153,68,85
073,District-Kaithal,Urban,15,628,390,238,96,87,9,28,22,6,9,9,0,229,126,103,62,50,12,16,8,8,7,5,2,181,83,98
073,District-Kaithal,Urban,16,828,469,359,151,138,13,44,41,3,14,12,2,355,141,214,75,59,16,14,11,3,4,2,2,171,65,106
073,District-Kaithal,Urban,17,1033,593,440,243,230,13,59,55,4,19,15,4,468,162,306,85,63,22,21,17,4,3,3,0,135,48,87
073,District-Kaithal,Urban,18,1910,1070,840,468,428,40,129,117,12,37,26,11,839,280,559,146,117,29,35,28,7,13,11,2,243,63,180
073,District-Kaithal,Urban,19,1729,926,803,481,446,35,102,84,18,32,27,5,814,227,587,103,86,17,17,13,4,4,4,0,176,39,137
074,District-Karnal,Total,5-19,103466,54567,48899,11996,10569,1427,4740,3322,1418,1206,730,476,25600,7725,17875,5018,3550,1468,2376,1410,966,434,253,181,52096,27008,25088
074,District-Karnal,Total,5,18940,10510,8430,30,24,6,8,6,2,1,1,0,317,171,146,222,119,103,73,33,40,2,1,1,18287,10155,8132
074,District-Karnal,Total,6,12865,7058,5807,15,11,4,8,2,6,1,1,0,336,179,157,155,92,63,54,33,21,0,0,0,12296,6740,5556
074,District-Karnal,Total,7,4587,2417,2170,50,37,13,9,5,4,1,1,0,257,122,135,86,50,36,33,16,17,3,1,2,4148,2185,1963
074,District-Karnal,Total,8,2519,1308,1211,36,24,12,6,4,2,2,2,0,231,115,116,67,44,23,50,27,23,7,5,2,2120,1087,1033
074,District-Karnal,Total,9,2464,1277,1187,28,18,10,7,2,5,2,1,1,214,104,110,83,51,32,50,32,18,1,1,0,2079,1068,1011
074,District-Karnal,Total,10,4040,2158,1882,54,43,11,23,14,9,3,3,0,353,182,171,179,105,74,107,54,53,14,9,5,3307,1748,1559
074,District-Karnal,Total,11,2589,1412,1177,98,79,19,37,23,14,5,4,1,376,199,177,150,91,59,60,38,22,9,6,3,1854,972,882
074,District-Karnal,Total,12,2299,1250,1049,177,157,20,59,41,18,14,9,5,613,270,343,252,157,95,148,91,57,23,18,5,1013,507,506
074,District-Karnal,Total,13,2213,1133,1080,204,178,26,86,55,31,30,20,10,745,299,446,219,130,89,107,54,53,23,14,9,799,383,416
074,District-Karnal,Total,14,3116,1662,1454,366,318,48,180,127,53,33,21,12,1172,465,707,306,203,103,180,109,71,19,10,9,860,409,451
074,District-Karnal,Total,15,4775,2514,2261,680,580,100,328,221,107,110,67,43,1916,696,1220,501,375,126,215,137,78,46,22,24,979,416,563
074,District-Karnal,Total,16,6764,3437,3327,1258,1085,173,570,375,195,169,100,69,2874,885,1989,547,409,138,300,161,139,59,32,27,987,390,597
074,District-Karnal,Total,17,8077,4132,3945,1777,1578,199,764,553,211,210,124,86,3675,1043,2632,508,382,126,238,145,93,55,32,23,850,275,575
074,District-Karnal,Total,18,14640,7595,7045,3655,3268,387,1367,999,368,339,208,131,6377,1621,4756,995,765,230,420,272,148,108,68,40,1379,394,985
074,District-Karnal,Total,19,13578,6704,6874,3568,3169,399,1288,895,393,286,168,118,6144,1374,4770,748,577,171,341,208,133,65,34,31,1138,279,859
074,District-Karnal,Rural,5-19,77122,39908,37214,9110,8005,1105,4051,2785,1266,1007,572,435,19539,5392,14147,3538,2436,1102,1937,1111,826,325,173,152,37615,19434,18181
074,District-Karnal,Rural,5,14100,7823,6277,15,11,4,4,2,2,0,0,0,203,105,98,145,79,66,43,21,22,2,1,1,13688,7604,6084
074,District-Karnal,Rural,6,9306,5093,4213,8,6,2,5,2,3,1,1,0,217,120,97,95,64,31,41,26,15,0,0,0,8939,4874,4065
074,District-Karnal,Rural,7,3197,1696,1501,27,20,7,7,4,3,1,1,0,176,82,94,50,26,24,22,11,11,3,1,2,2911,1551,1360
074,District-Karnal,Rural,8,1764,916,848,23,15,8,5,3,2,1,1,0,138,67,71,52,35,17,41,22,19,7,5,2,1497,768,729
074,District-Karnal,Rural,9,1733,895,838,15,12,3,5,2,3,2,1,1,128,65,63,49,28,21,39,22,17,1,1,0,1494,764,730
074,District-Karnal,Rural,10,2955,1573,1382,35,27,8,17,12,5,3,3,0,222,108,114,127,70,57,95,46,49,12,8,4,2444,1299,1145
074,District-Karnal,Rural,11,1840,998,842,68,55,13,28,17,11,5,4,1,235,126,109,103,59,44,46,28,18,7,5,2,1348,704,644
074,District-Karnal,Rural,12,1582,843,739,120,107,13,49,33,16,12,8,4,385,156,229,196,114,82,134,83,51,15,10,5,671,332,339
074,District-Karnal,Rural,13,1523,750,773,148,128,20,72,48,24,25,15,10,526,199,327,151,83,68,93,44,49,13,5,8,495,228,267
074,District-Karnal,Rural,14,2245,1156,1089,276,239,37,155,108,47,28,17,11,859,309,550,223,143,80,153,89,64,15,7,8,536,244,292
074,District-Karnal,Rural,15,3507,1775,1732,492,422,70,281,183,98,86,50,36,1452,501,951,358,260,98,174,106,68,30,12,18,634,241,393
074,District-Karnal,Rural,16,5141,2511,2630,938,801,137,495,321,174,138,76,62,2246,639,1607,382,279,103,244,127,117,44,23,21,654,245,409
074,District-Karnal,Rural,17,6271,3089,3182,1367,1206,161,653,463,190,180,99,81,2906,755,2151,357,262,95,188,109,79,42,22,20,578,173,405
074,District-Karnal,Rural,18,11421,5728,5693,2821,2504,317,1178,843,335,282,161,121,5058,1178,3880,706,529,177,351,223,128,85,51,34,940,239,701
074,District-Karnal,Rural,19,10537,5062,5475,2757,2452,305,1097,744,353,243,135,108,4788,982,3806,544,405,139,273,154,119,49,22,27,786,168,618
074,District-Karnal,Urban,5-19,26344,14659,11685,2886,2564,322,689,537,152,199,158,41,6061,2333,3728,1480,1114,366,439,299,140,109,80,29,14481,7574,6907
074,District-Karnal,Urban,5,4840,2687,2153,15,13,2,4,4,0,1,1,0,114,66,48,77,40,37,30,12,18,0,0,0,4599,2551,2048
074,District-Karnal,Urban,6,3559,1965,1594,7,5,2,3,0,3,0,0,0,119,59,60,60,28,32,13,7,6,0,0,0,3357,1866,1491
074,District-Karnal,Urban,7,1390,721,669,23,17,6,2,1,1,0,0,0,81,40,41,36,24,12,11,5,6,0,0,0,1237,634,603
074,District-Karnal,Urban,8,755,392,363,13,9,4,1,1,0,1,1,0,93,48,45,15,9,6,9,5,4,0,0,0,623,319,304
074,District-Karnal,Urban,9,731,382,349,13,6,7,2,0,2,0,0,0,86,39,47,34,23,11,11,10,1,0,0,0,585,304,281
074,District-Karnal,Urban,10,1085,585,500,19,16,3,6,2,4,0,0,0,131,74,57,52,35,17,12,8,4,2,1,1,863,449,414
074,District-Karnal,Urban,11,749,414,335,30,24,6,9,6,3,0,0,0,141,73,68,47,32,15,14,10,4,2,1,1,506,268,238
074,District-Karnal,Urban,12,717,407,310,57,50,7,10,8,2,2,1,1,228,114,114,56,43,13,14,8,6,8,8,0,342,175,167
074,District-Karnal,Urban,13,690,383,307,56,50,6,14,7,7,5,5,0,219,100,119,68,47,21,14,10,4,10,9,1,304,155,149
074,District-Karnal,Urban,14,871,506,365,90,79,11,25,19,6,5,4,1,313,156,157,83,60,23,27,20,7,4,3,1,324,165,159
074,District-Karnal,Urban,15,1268,739,529,188,158,30,47,38,9,24,17,7,464,195,269,143,115,28,41,31,10,16,10,6,345,175,170
074,District-Karnal,Urban,16,1623,926,697,320,284,36,75,54,21,31,24,7,628,246,382,165,130,35,56,34,22,15,9,6,333,145,188
074,District-Karnal,Urban,17,1806,1043,763,410,372,38,111,90,21,30,25,5,769,288,481,151,120,31,50,36,14,13,10,3,272,102,170
074,District-Karnal,Urban,18,3219,1867,1352,834,764,70,189,156,33,57,47,10,1319,443,876,289,236,53,69,49,20,23,17,6,439,155,284
074,District-Karnal,Urban,19,3041,1642,1399,811,717,94,191,151,40,43,33,10,1356,392,964,204,172,32,68,54,14,16,12,4,352,111,241
075,District-Panipat,Total,5-19,98992,52210,46782,11289,9723,1566,3243,2277,966,926,609,317,22112,7663,14449,4986,3469,1517,1773,1041,732,384,217,167,54279,27211,27068
075,District-Panipat,Total,5,18622,10159,8463,5,2,3,4,2,2,0,0,0,231,130,101,104,66,38,75,43,32,4,3,1,18199,9913,8286
075,District-Panipat,Total,6,13745,7418,6327,5,4,1,12,7,5,0,0,0,278,150,128,100,65,35,66,37,29,7,4,3,13277,7151,6126
075,District-Panipat,Total,7,4894,2551,2343,17,10,7,10,6,4,0,0,0,286,146,140,55,28,27,26,12,14,2,1,1,4498,2348,2150
075,District-Panipat,Total,8,3409,1759,1650,16,10,6,7,4,3,6,5,1,335,175,160,65,36,29,27,19,8,10,4,6,2943,1506,1437
075,District-Panipat,Total,9,2094,1075,1019,16,8,8,9,5,4,0,0,0,282,148,134,54,30,24,19,10,9,4,1,3,1710,873,837
075,District-Panipat,Total,10,3152,1629,1523,39,30,9,20,13,7,5,4,1,407,212,195,125,72,53,55,34,21,14,5,9,2487,1259,1228
075,District-Panipat,Total,11,2057,1027,1030,103,89,14,27,19,8,8,3,5,433,197,236,98,62,36,38,24,14,12,6,6,1338,627,711
075,District-Panipat,Total,12,2910,1495,1415,198,166,32,46,30,16,26,18,8,773,351,422,244,159,85,80,52,28,17,11,6,1526,708,818
075,District-Panipat,Total,13,2525,1256,1269,234,191,43,59,37,22,30,16,14,846,376,470,188,121,67,73,42,31,23,14,9,1072,459,613
075,District-Panipat,Total,14,3550,1803,1747,415,350,65,128,81,47,29,12,17,1287,539,748,345,214,131,132,76,56,23,11,12,1191,520,671
075,District-Panipat,Total,15,4954,2534,2420,793,652,141,241,155,86,66,45,21,1843,721,1122,520,348,172,166,99,67,49,24,25,1276,490,786
075,District-Panipat,Total,16,6180,3193,2987,1168,980,188,382,263,119,119,77,42,2421,894,1527,626,401,225,206,125,81,53,34,19,1205,419,786
075,District-Panipat,Total,17,6791,3651,3140,1642,1383,259,455,317,138,137,91,46,2774,960,1814,589,442,147,186,119,67,38,30,8,970,309,661
075,District-Panipat,Total,18,13022,6952,6070,3477,3065,412,1008,739,269,272,189,83,5198,1438,3760,1149,885,264,373,215,158,75,42,33,1470,379,1091
075,District-Panipat,Total,19,11087,5708,5379,3161,2783,378,835,599,236,228,149,79,4718,1226,3492,724,540,184,251,134,117,53,27,26,1117,250,867
075,District-Panipat,Rural,5-19,52420,26984,25436,5094,4458,636,2207,1529,678,713,449,264,11916,3739,8177,2020,1365,655,1080,620,460,276,148,128,29114,14676,14438
075,District-Panipat,Rural,5,10747,5948,4799,0,0,0,2,1,1,0,0,0,95,58,37,25,17,8,26,18,8,2,1,1,10597,5853,4744
075,District-Panipat,Rural,6,7678,4159,3519,3,2,1,1,1,0,0,0,0,141,73,68,27,18,9,21,14,7,4,2,2,7481,4049,3432
075,District-Panipat,Rural,7,2384,1224,1160,11,6,5,2,1,1,0,0,0,111,54,57,15,10,5,9,5,4,2,1,1,2234,1147,1087
075,District-Panipat,Rural,8,1631,832,799,4,3,1,1,1,0,4,3,1,158,82,76,29,18,11,6,3,3,6,2,4,1423,720,703
075,District-Panipat,Rural,9,989,511,478,8,3,5,2,1,1,0,0,0,113,61,52,26,15,11,6,2,4,4,1,3,830,428,402
075,District-Panipat,Rural,10,1537,809,728,18,13,5,5,5,0,3,2,1,171,90,81,61,34,27,31,20,11,10,3,7,1238,642,596
075,District-Panipat,Rural,11,914,435,479,36,29,7,7,4,3,7,3,4,172,84,88,47,25,22,22,12,10,6,2,4,617,276,341
075,District-Panipat,Rural,12,1349,686,663,84,72,12,26,16,10,15,10,5,330,150,180,116,74,42,46,28,18,13,9,4,719,327,392
075,District-Panipat,Rural,13,1147,540,607,85,72,13,32,23,9,21,10,11,381,159,222,74,49,25,41,26,15,14,6,8,499,195,304
075,District-Panipat,Rural,14,1623,794,829,147,132,15,73,43,30,20,8,12,584,234,350,144,88,56,82,51,31,15,5,10,558,233,325
075,District-Panipat,Rural,15,2424,1165,1259,298,252,46,155,101,54,48,31,17,965,356,609,199,134,65,111,70,41,36,15,21,612,206,406
075,District-Panipat,Rural,16,3195,1576,1619,459,402,57,265,181,84,90,55,35,1365,471,894,263,170,93,140,83,57,42,27,15,571,187,384
075,District-Panipat,Rural,17,3501,1760,1741,713,616,97,299,200,99,98,63,35,1553,496,1057,236,169,67,112,67,45,24,18,6,466,131,335
075,District-Panipat,Rural,18,7147,3577,3570,1657,1474,183,722,525,197,227,153,74,3021,737,2284,471,340,131,261,143,118,58,36,22,730,169,561
075,District-Panipat,Rural,19,6154,2968,3186,1571,1382,189,615,426,189,180,111,69,2756,634,2122,287,204,83,166,78,88,40,20,20,539,113,426
075,District-Panipat,Urban,5-19,46572,25226,21346,6195,5265,930,1036,748,288,213,160,53,10196,3924,6272,2966,2104,862,693,421,272,108,69,39,25165,12535,12630
075,District-Panipat,Urban,5,7875,4211,3664,5,2,3,2,1,1,0,0,0,136,72,64,79,49,30,49,25,24,2,2,0,7602,4060,3542
075,District-Panipat,Urban,6,6067,3259,2808,2,2,0,11,6,5,0,0,0,137,77,60,73,47,26,45,23,22,3,2,1,5796,3102,2694
075,District-Panipat,Urban,7,2510,1327,1183,6,4,2,8,5,3,0,0,0,175,92,83,40,18,22,17,7,10,0,0,0,2264,1201,1063
075,District-Panipat,Urban,8,1778,927,851,12,7,5,6,3,3,2,2,0,177,93,84,36,18,18,21,16,5,4,2,2,1520,786,734
075,District-Panipat,Urban,9,1105,564,541,8,5,3,7,4,3,0,0,0,169,87,82,28,15,13,13,8,5,0,0,0,880,445,435
075,District-Panipat,Urban,10,1615,820,795,21,17,4,15,8,7,2,2,0,236,122,114,64,38,26,24,14,10,4,2,2,1249,617,632
075,District-Panipat,Urban,11,1143,592,551,67,60,7,20,15,5,1,0,1,261,113,148,51,37,14,16,12,4,6,4,2,721,351,370
075,District-Panipat,Urban,12,1561,809,752,114,94,20,20,14,6,11,8,3,443,201,242,128,85,43,34,24,10,4,2,2,807,381,426
075,District-Panipat,Urban,13,1378,716,662,149,119,30,27,14,13,9,6,3,465,217,248,114,72,42,32,16,16,9,8,1,573,264,309
075,District-Panipat,Urban,14,1927,1009,918,268,218,50,55,38,17,9,4,5,703,305,398,201,126,75,50,25,25,8,6,2,633,287,346
075,District-Panipat,Urban,15,2530,1369,1161,495,400,95,86,54,32,18,14,4,878,365,513,321,214,107,55,29,26,13,9,4,664,284,380
075,District-Panipat,Urban,16,2985,1617,1368,709,578,131,117,82,35,29,22,7,1056,423,633,363,231,132,66,42,24,11,7,4,634,232,402
075,District-Panipat,Urban,17,3290,1891,1399,929,767,162,156,117,39,39,28,11,1221,464,757,353,273,80,74,52,22,14,12,2,504,178,326
075,District-Panipat,Urban,18,5875,3375,2500,1820,1591,229,286,214,72,45,36,9,2177,701,1476,678,545,133,112,72,40,17,6,11,740,210,530
075,District-Panipat,Urban,19,4933,2740,2193,1590,1401,189,220,173,47,48,38,10,1962,592,1370,437,336,101,85,56,29,13,7,6,578,137,441
076,District-Sonipat,Total,5-19,87723,47179,40544,10643,8978,1665,4536,2899,1637,1310,765,545,20078,6897,13181,2907,2094,813,1552,868,684,496,270,226,46201,24408,21793
076,District-Sonipat,Total,5,19294,10753,8541,6,5,1,3,0,3,0,0,0,310,174,136,90,52,38,66,32,34,18,11,7,18801,10479,8322
076,District-Sonipat,Total,6,13491,7404,6087,12,9,3,2,2,0,1,0,1,366,194,172,76,45,31,69,36,33,7,5,2,12958,7113,5845
076,District-Sonipat,Total,7,3824,2057,1767,14,9,5,10,4,6,1,1,0,257,124,133,55,35,20,21,9,12,11,5,6,3455,1870,1585
076,District-Sonipat,Total,8,2053,1110,943,17,10,7,6,2,4,4,1,3,220,110,110,30,25,5,29,17,12,5,3,2,1742,942,800
076,District-Sonipat,Total,9,1352,732,620,13,7,6,5,2,3,1,1,0,204,109,95,26,13,13,29,16,13,5,0,5,1069,584,485
076,District-Sonipat,Total,10,1854,977,877,31,20,11,15,10,5,2,1,1,277,137,140,65,42,23,43,26,17,10,4,6,1411,737,674
076,District-Sonipat,Total,11,1326,654,672,77,55,22,29,13,16,16,11,5,377,166,211,48,26,22,22,12,10,13,4,9,744,367,377
076,District-Sonipat,Total,12,1736,901,835,156,129,27,58,39,19,10,7,3,547,240,307,104,71,33,54,26,28,29,13,16,778,376,402
076,District-Sonipat,Total,13,1728,892,836,172,147,25,91,59,32,21,10,11,648,284,364,99,63,36,51,28,23,31,15,16,615,286,329
076,District-Sonipat,Total,14,2371,1249,1122,317,257,60,152,98,54,45,19,26,880,390,490,144,106,38,90,44,46,36,18,18,707,317,390
076,District-Sonipat,Total,15,3824,2057,1767,629,538,91,307,216,91,99,64,35,1490,606,884,277,189,88,136,75,61,45,26,19,841,343,498
076,District-Sonipat,Total,16,5051,2677,2374,1027,855,172,480,310,170,158,105,53,2057,720,1337,343,243,100,171,95,76,62,36,26,753,313,440
076,District-Sonipat,Total,17,6161,3289,2872,1444,1223,221,729,469,260,199,119,80,2628,869,1759,330,256,74,166,99,67,60,37,23,605,217,388
076,District-Sonipat,Total,18,12289,6590,5699,3424,2891,533,1371,911,460,387,222,165,4982,1453,3529,682,530,152,377,233,144,98,55,43,968,295,673
076,District-Sonipat,Total,19,11369,5837,5532,3304,2823,481,1278,764,514,366,204,162,4835,1321,3514,538,398,140,228,120,108,66,38,28,754,169,585
076,District-Sonipat,Rural,5-19,62674,33220,29454,8036,6655,1381,3805,2335,1470,1079,580,499,14266,4571,9695,2091,1452,639,1233,653,580,396,194,202,31768,16780,14988
076,District-Sonipat,Rural,5,13779,7666,6113,6,5,1,1,0,1,0,0,0,204,108,96,50,32,18,44,20,24,17,10,7,13457,7491,5966
076,District-Sonipat,Rural,6,9453,5160,4293,4,3,1,2,2,0,1,0,1,257,139,118,46,24,22,29,14,15,7,5,2,9107,4973,4134
076,District-Sonipat,Rural,7,2537,1391,1146,10,8,2,4,2,2,1,1,0,148,66,82,39,28,11,12,5,7,8,4,4,2315,1277,1038
076,District-Sonipat,Rural,8,1360,726,634,14,7,7,6,2,4,3,1,2,144,70,74,19,17,2,24,12,12,4,2,2,1146,615,531
076,District-Sonipat,Rural,9,845,452,393,7,2,5,3,1,2,1,1,0,130,71,59,17,8,9,23,13,10,4,0,4,660,356,304
076,District-Sonipat,Rural,10,1225,637,588,23,16,7,13,8,5,2,1,1,173,83,90,47,30,17,36,20,16,9,4,5,922,475,447
076,District-Sonipat,Rural,11,867,426,441,47,32,15,20,6,14,14,9,5,247,108,139,39,19,20,16,9,7,12,4,8,472,239,233
076,District-Sonipat,Rural,12,1164,605,559,120,99,21,47,30,17,7,5,2,355,159,196,79,50,29,46,20,26,28,12,16,482,230,252
076,District-Sonipat,Rural,13,1139,573,566,113,93,20,76,49,27,18,8,10,436,187,249,70,44,26,41,22,19,27,11,16,358,159,199
076,District-Sonipat,Rural,14,1642,841,801,231,185,46,125,75,50,35,14,21,600,251,349,105,76,29,75,34,41,28,13,15,443,193,250
076,District-Sonipat,Rural,15,2649,1365,1284,451,380,71,250,167,83,77,46,31,1002,363,639,199,128,71,114,58,56,42,23,19,514,200,314
076,District-Sonipat,Rural,16,3658,1893,1765,765,630,135,393,248,145,128,82,46,1467,473,994,260,180,80,138,69,69,48,24,24,459,187,272
076,District-Sonipat,Rural,17,4509,2316,2193,1074,885,189,595,369,226,162,91,71,1894,582,1312,238,177,61,130,73,57,44,23,21,372,116,256
076,District-Sonipat,Rural,18,9292,4904,4388,2653,2206,447,1178,757,421,323,169,154,3656,1009,2647,494,369,125,314,186,128,70,33,37,604,175,429
076,District-Sonipat,Rural,19,8555,4265,4290,2518,2104,414,1092,619,473,307,152,155,3553,902,2651,389,270,119,191,98,93,48,26,22,457,94,363
076,District-Sonipat,Urban,5-19,25049,13959,11090,2607,2323,284,731,564,167,231,185,46,5812,2326,3486,816,642,174,319,215,104,100,76,24,14433,7628,6805
076,District-Sonipat,Urban,5,5515,3087,2428,0,0,0,2,0,2,0,0,0,106,66,40,40,20,20,22,12,10,1,1,0,5344,2988,2356
076,District-Sonipat,Urban,6,4038,2244,1794,8,6,2,0,0,0,0,0,0,109,55,54,30,21,9,40,22,18,0,0,0,3851,2140,1711
076,District-Sonipat,Urban,7,1287,666,621,4,1,3,6,2,4,0,0,0,109,58,51,16,7,9,9,4,5,3,1,2,1140,593,547
076,District-Sonipat,Urban,8,693,384,309,3,3,0,0,0,0,1,0,1,76,40,36,11,8,3,5,5,0,1,1,0,596,327,269
076,District-Sonipat,Urban,9,507,280,227,6,5,1,2,1,1,0,0,0,74,38,36,9,5,4,6,3,3,1,0,1,409,228,181
076,District-Sonipat,Urban,10,629,340,289,8,4,4,2,2,0,0,0,0,104,54,50,18,12,6,7,6,1,1,0,1,489,262,227
076,District-Sonipat,Urban,11,459,228,231,30,23,7,9,7,2,2,2,0,130,58,72,9,7,2,6,3,3,1,0,1,272,128,144
076,District-Sonipat,Urban,12,572,296,276,36,30,6,11,9,2,3,2,1,192,81,111,25,21,4,8,6,2,1,1,0,296,146,150
076,District-Sonipat,Urban,13,589,319,270,59,54,5,15,10,5,3,2,1,212,97,115,29,19,10,10,6,4,4,4,0,257,127,130
076,District-Sonipat,Urban,14,729,408,321,86,72,14,27,23,4,10,5,5,280,139,141,39,30,9,15,10,5,8,5,3,264,124,140
076,District-Sonipat,Urban,15,1175,692,483,178,158,20,57,49,8,22,18,4,488,243,245,78,61,17,22,17,5,3,3,0,327,143,184
076,District-Sonipat,Urban,16,1393,784,609,262,225,37,87,62,25,30,23,7,590,247,343,83,63,20,33,26,7,14,12,2,294,126,168
076,District-Sonipat,Urban,17,1652,973,679,370,338,32,134,100,34,37,28,9,734,287,447,92,79,13,36,26,10,16,14,2,233,101,132
076,District-Sonipat,Urban,18,2997,1686,1311,771,685,86,193,154,39,64,53,11,1326,444,882,188,161,27,63,47,16,28,22,6,364,120,244
076,District-Sonipat,Urban,19,2814,1572,1242,786,719,67,186,145,41,59,52,7,1282,419,863,149,128,21,37,22,15,18,12,6,297,75,222
077,District-Jind,Total,5-19,87049,44982,42067,12505,10334,2171,5706,2962,2744,1970,845,1125,19009,5677,13332,3025,2188,837,1752,870,882,458,184,274,42624,21922,20702
077,District-Jind,Total,5,18809,10192,8617,1,1,0,2,0,2,2,2,0,214,108,106,84,47,37,50,27,23,21,12,9,18435,9995,8440
077,District-Jind,Total,6,12428,6795,5633,8,3,5,2,2,0,0,0,0,262,135,127,57,33,24,29,14,15,13,7,6,12057,6601,5456
077,District-Jind,Total,7,3006,1622,1384,9,5,4,3,2,1,2,2,0,186,103,83,23,14,9,19,7,12,6,3,3,2758,1486,1272
077,District-Jind,Total,8,1626,839,787,20,10,10,3,2,1,2,1,1,193,90,103,22,14,8,21,12,9,7,3,4,1358,707,651
077,District-Jind,Total,9,975,505,470,14,10,4,2,1,1,1,1,0,174,88,86,8,5,3,29,11,18,6,2,4,741,387,354
077,District-Jind,Total,10,1468,803,665,34,24,10,7,7,0,3,2,1,241,133,108,47,33,14,27,13,14,11,4,7,1098,587,511
077,District-Jind,Total,11,1077,549,528,83,62,21,33,18,15,14,6,8,287,134,153,44,26,18,43,17,26,15,7,8,558,279,279
077,District-Jind,Total,12,1587,836,751,182,144,38,61,34,27,30,16,14,480,218,262,96,61,35,64,37,27,23,11,12,651,315,336
077,District-Jind,Total,13,1600,790,810,195,149,46,107,51,56,43,23,20,529,218,311,108,74,34,69,31,38,28,12,16,521,232,289
077,District-Jind,Total,14,2523,1256,1267,369,292,77,189,100,89,80,27,53,938,384,554,159,114,45,110,57,53,30,12,18,648,270,378
077,District-Jind,Total,15,4230,2094,2136,748,593,155,416,215,201,169,68,101,1599,596,1003,319,241,78,176,100,76,44,16,28,759,265,494
077,District-Jind,Total,16,5708,2828,2880,1253,1047,206,639,342,297,274,120,154,2184,647,1537,385,292,93,203,107,96,54,17,37,716,256,460
077,District-Jind,Total,17,6782,3338,3444,1831,1503,328,817,434,383,324,152,172,2588,675,1913,390,291,99,182,91,91,59,23,36,591,169,422
077,District-Jind,Total,18,13442,6857,6585,4057,3431,626,1804,966,838,565,245,320,4730,1133,3597,772,578,194,448,241,207,81,34,47,985,229,756
077,District-Jind,Total,19,11788,5678,6110,3701,3060,641,1621,788,833,461,180,281,4404,1015,3389,511,365,146,282,105,177,60,21,39,748,144,604
077,District-Jind,Rural,5-19,68838,35110,33728,10827,8781,2046,5222,2573,2649,1838,735,1103,14762,4088,10674,2476,1740,736,1474,665,809,384,137,247,31855,16391,15464
077,District-Jind,Rural,5,14647,7936,6711,1,1,0,2,0,2,2,2,0,155,83,72,69,37,32,26,17,9,20,11,9,14372,7785,6587
077,District-Jind,Rural,6,9316,5097,4219,8,3,5,2,2,0,0,0,0,178,89,89,42,26,16,16,7,9,12,6,6,9058,4964,4094
077,District-Jind,Rural,7,2261,1213,1048,9,5,4,2,1,1,2,2,0,145,76,69,17,11,6,14,7,7,6,3,3,2066,1108,958
077,District-Jind,Rural,8,1143,590,553,16,6,10,3,2,1,2,1,1,140,66,74,18,11,7,16,9,7,6,3,3,942,492,450
077,District-Jind,Rural,9,696,359,337,14,10,4,2,1,1,1,1,0,132,67,65,8,5,3,25,8,17,6,2,4,508,265,243
077,District-Jind,Rural,10,1010,553,457,31,22,9,6,6,0,3,2,1,174,95,79,36,24,12,23,9,14,8,4,4,729,391,338
077,District-Jind,Rural,11,776,391,385,72,54,18,31,17,14,13,5,8,212,96,116,37,21,16,38,13,25,12,5,7,361,180,181
077,District-Jind,Rural,12,1182,626,556,157,120,37,55,29,26,29,15,14,361,162,199,82,50,32,60,35,25,22,10,12,416,205,211
077,District-Jind,Rural,13,1192,567,625,152,110,42,96,42,54,39,19,20,391,159,232,91,59,32,58,22,36,23,9,14,342,147,195
077,District-Jind,Rural,14,1978,970,1008,324,252,72,168,85,83,76,26,50,721,276,445,131,93,38,95,47,48,26,10,16,437,181,256
077,District-Jind,Rural,15,3388,1637,1751,653,511,142,385,191,194,161,60,101,1239,431,808,252,183,69,150,78,72,39,13,26,509,170,339
077,District-Jind,Rural,16,4666,2249,2417,1090,893,197,587,301,286,259,109,150,1736,480,1256,305,221,84,169,80,89,42,9,33,478,156,322
077,District-Jind,Rural,17,5634,2703,2931,1572,1271,301,755,378,377,296,126,170,2059,494,1565,317,236,81,160,74,86,45,15,30,430,109,321
077,District-Jind,Rural,18,11237,5631,5606,3552,2960,592,1643,839,804,531,216,315,3726,801,2925,645,467,178,378,181,197,68,24,44,694,143,551
077,District-Jind,Rural,19,9712,4588,5124,3176,2563,613,1485,679,806,424,151,273,3393,713,2680,426,296,130,246,78,168,49,13,36,513,95,418
077,District-Jind,Urban,5-19,18211,9872,8339,1678,1553,125,484,389,95,132,110,22,4247,1589,2658,549,448,101,278,205,73,74,47,27,10769,5531,5238
077,District-Jind,Urban,5,4162,2256,1906,0,0,0,0,0,0,0,0,0,59,25,34,15,10,5,24,10,14,1,1,0,4063,2210,1853
077,District-Jind,Urban,6,3112,1698,1414,0,0,0,0,0,0,0,0,0,84,46,38,15,7,8,13,7,6,1,1,0,2999,1637,1362
077,District-Jind,Urban,7,745,409,336,0,0,0,1,1,0,0,0,0,41,27,14,6,3,3,5,0,5,0,0,0,692,378,314
077,District-Jind,Urban,8,483,249,234,4,4,0,0,0,0,0,0,0,53,24,29,4,3,1,5,3,2,1,0,1,416,215,201
077,District-Jind,Urban,9,279,146,133,0,0,0,0,0,0,0,0,0,42,21,21,0,0,0,4,3,1,0,0,0,233,122,111
077,District-Jind,Urban,10,458,250,208,3,2,1,1,1,0,0,0,0,67,38,29,11,9,2,4,4,0,3,0,3,369,196,173
077,District-Jind,Urban,11,301,158,143,11,8,3,2,1,1,1,1,0,75,38,37,7,5,2,5,4,1,3,2,1,197,99,98
077,District-Jind,Urban,12,405,210,195,25,24,1,6,5,1,1,1,0,119,56,63,14,11,3,4,2,2,1,1,0,235,110,125
077,District-Jind,Urban,13,408,223,185,43,39,4,11,9,2,4,4,0,138,59,79,17,15,2,11,9,2,5,3,2,179,85,94
077,District-Jind,Urban,14,545,286,259,45,40,5,21,15,6,4,1,3,217,108,109,28,21,7,15,10,5,4,2,2,211,89,122
077,District-Jind,Urban,15,842,457,385,95,82,13,31,24,7,8,8,0,360,165,195,67,58,9,26,22,4,5,3,2,250,95,155
077,District-Jind,Urban,16,1042,579,463,163,154,9,52,41,11,15,11,4,448,167,281,80,71,9,34,27,7,12,8,4,238,100,138
077,District-Jind,Urban,17,1148,635,513,259,232,27,62,56,6,28,26,2,529,181,348,73,55,18,22,17,5,14,8,6,161,60,101
077,District-Jind,Urban,18,2205,1226,979,505,471,34,161,127,34,34,29,5,1004,332,672,127,111,16,70,60,10,13,10,3,291,86,205
077,District-Jind,Urban,19,2076,1090,986,525,497,28,136,109,27,37,29,8,1011,302,709,85,69,16,36,27,9,11,8,3,235,49,186
078,District-Fatehabad,Total,5-19,70881,36423,34458,10980,9258,1722,3949,2119,1830,1285,546,739,14718,4050,10668,3878,2883,995,1741,849,892,585,209,376,33745,16509,17236
078,District-Fatehabad,Total,5,12844,6876,5968,9,6,3,2,1,1,0,0,0,175,91,84,33,25,8,31,15,16,2,1,1,12592,6737,5855
078,District-Fatehabad,Total,6,8952,4874,4078,7,5,2,1,0,1,1,1,0,204,103,101,31,14,17,10,6,4,10,8,2,8688,4737,3951
078,District-Fatehabad,Total,7,2813,1490,1323,10,9,1,2,1,1,2,1,1,140,72,68,22,15,7,17,11,6,12,9,3,2608,1372,1236
078,District-Fatehabad,Total,8,1439,718,721,9,7,2,1,1,0,1,1,0,120,58,62,19,11,8,7,2,5,5,4,1,1277,634,643
078,District-Fatehabad,Total,9,908,499,409,13,10,3,3,1,2,1,0,1,115,71,44,17,10,7,21,12,9,7,4,3,731,391,340
078,District-Fatehabad,Total,10,1344,703,641,11,8,3,9,3,6,4,3,1,166,87,79,66,39,27,24,14,10,9,5,4,1055,544,511
078,District-Fatehabad,Total,11,937,473,464,49,39,10,17,11,6,5,4,1,199,90,109,49,35,14,33,12,21,16,6,10,569,276,293
078,District-Fatehabad,Total,12,1402,720,682,114,90,24,50,26,24,20,10,10,345,154,191,125,82,43,73,38,35,22,15,7,653,305,348
078,District-Fatehabad,Total,13,1618,779,839,189,155,34,82,42,40,34,17,17,461,181,280,162,112,50,61,29,32,36,16,20,593,227,366
078,District-Fatehabad,Total,14,2333,1153,1180,350,295,55,152,89,63,55,29,26,772,280,492,217,149,68,88,42,46,43,14,29,656,255,401
078,District-Fatehabad,Total,15,3939,2012,1927,765,658,107,292,161,131,143,59,84,1239,380,859,427,316,111,184,106,78,72,34,38,817,298,519
078,District-Fatehabad,Total,16,5374,2613,2761,1178,980,198,566,305,261,180,84,96,1816,487,1329,514,395,119,226,112,114,77,27,50,817,223,594
078,District-Fatehabad,Total,17,6256,3099,3157,1703,1452,251,626,328,298,230,100,130,2218,534,1684,510,394,116,202,98,104,58,17,41,709,176,533
078,District-Fatehabad,Total,18,11268,5697,5571,3460,2938,522,1134,607,527,320,128,192,3636,789,2847,986,779,207,451,218,233,114,31,83,1167,207,960
078,District-Fatehabad,Total,19,9454,4717,4737,3113,2606,507,1012,543,469,289,109,180,3112,673,2439,700,507,193,313,134,179,102,18,84,813,127,686
078,District-Fatehabad,Rural,5-19,58988,29912,29076,9701,8085,1616,3695,1909,1786,1233,505,728,12042,3050,8992,3272,2384,888,1557,718,839,564,191,373,26924,13070,13854
078,District-Fatehabad,Rural,5,10636,5686,4950,7,5,2,1,1,0,0,0,0,138,71,67,24,20,4,22,9,13,2,1,1,10442,5579,4863
078,District-Fatehabad,Rural,6,7257,3919,3338,5,3,2,1,0,1,1,1,0,145,71,74,22,9,13,9,5,4,10,8,2,7064,3822,3242
078,District-Fatehabad,Rural,7,2187,1168,1019,6,6,0,2,1,1,2,1,1,101,47,54,13,9,4,15,9,6,11,8,3,2037,1087,950
078,District-Fatehabad,Rural,8,1084,540,544,3,2,1,1,1,0,1,1,0,91,42,49,12,6,6,7,2,5,5,4,1,964,482,482
078,District-Fatehabad,Rural,9,673,363,310,11,8,3,3,1,2,1,0,1,87,50,37,15,10,5,19,11,8,7,4,3,530,279,251
078,District-Fatehabad,Rural,10,997,504,493,9,8,1,8,2,6,4,3,1,133,67,66,52,30,22,23,14,9,8,4,4,760,376,384
078,District-Fatehabad,Rural,11,743,366,377,42,32,10,16,10,6,3,2,1,159,72,87,46,32,14,29,12,17,16,6,10,432,200,232
078,District-Fatehabad,Rural,12,1086,557,529,102,78,24,49,25,24,18,8,10,272,128,144,104,67,37,67,33,34,21,14,7,453,204,249
078,District-Fatehabad,Rural,13,1301,604,697,167,136,31,75,36,39,33,16,17,374,134,240,135,92,43,51,23,28,36,16,20,430,151,279
078,District-Fatehabad,Rural,14,1935,916,1019,316,265,51,145,85,60,54,28,26,637,203,434,188,128,60,73,31,42,41,12,29,481,164,317
078,District-Fatehabad,Rural,15,3327,1641,1686,675,574,101,270,142,128,138,55,83,1036,288,748,354,252,102,163,91,72,66,29,37,625,210,415
078,District-Fatehabad,Rural,16,4640,2191,2449,1036,850,186,536,280,256,173,80,93,1554,379,1175,432,323,109,204,94,110,75,26,49,630,159,471
078,District-Fatehabad,Rural,17,5408,2624,2784,1485,1254,231,588,297,291,224,96,128,1886,430,1456,433,325,108,179,81,98,55,14,41,558,127,431
078,District-Fatehabad,Rural,18,9645,4867,4778,3087,2599,488,1064,549,515,308,116,192,2927,582,2345,842,658,184,417,192,225,109,27,82,891,144,747
078,District-Fatehabad,Rural,19,8069,3966,4103,2750,2265,485,936,479,457,273,98,175,2502,486,2016,600,423,177,279,111,168,102,18,84,627,86,541
078,District-Fatehabad,Urban,5-19,11893,6511,5382,1279,1173,106,254,210,44,52,41,11,2676,1000,1676,606,499,107,184,131,53,21,18,3,6821,3439,3382
078,District-Fatehabad,Urban,5,2208,1190,1018,2,1,1,1,0,1,0,0,0,37,20,17,9,5,4,9,6,3,0,0,0,2150,1158,992
078,District-Fatehabad,Urban,6,1695,955,740,2,2,0,0,0,0,0,0,0,59,32,27,9,5,4,1,1,0,0,0,0,1624,915,709
078,District-Fatehabad,Urban,7,626,322,304,4,3,1,0,0,0,0,0,0,39,25,14,9,6,3,2,2,0,1,1,0,571,285,286
078,District-Fatehabad,Urban,8,355,178,177,6,5,1,0,0,0,0,0,0,29,16,13,7,5,2,0,0,0,0,0,0,313,152,161
078,District-Fatehabad,Urban,9,235,136,99,2,2,0,0,0,0,0,0,0,28,21,7,2,0,2,2,1,1,0,0,0,201,112,89
078,District-Fatehabad,Urban,10,347,199,148,2,0,2,1,1,0,0,0,0,33,20,13,14,9,5,1,0,1,1,1,0,295,168,127
078,District-Fatehabad,Urban,11,194,107,87,7,7,0,1,1,0,2,2,0,40,18,22,3,3,0,4,0,4,0,0,0,137,76,61
078,District-Fatehabad,Urban,12,316,163,153,12,12,0,1,1,0,2,2,0,73,26,47,21,15,6,6,5,1,1,1,0,200,101,99
078,District-Fatehabad,Urban,13,317,175,142,22,19,3,7,6,1,1,1,0,87,47,40,27,20,7,10,6,4,0,0,0,163,76,87
078,District-Fatehabad,Urban,14,398,237,161,34,30,4,7,4,3,1,1,0,135,77,58,29,21,8,15,11,4,2,2,0,175,91,84
078,District-Fatehabad,Urban,15,612,371,241,90,84,6,22,19,3,5,4,1,203,92,111,73,64,9,21,15,6,6,5,1,192,88,104
078,District-Fatehabad,Urban,16,734,422,312,142,130,12,30,25,5,7,4,3,262,108,154,82,72,10,22,18,4,2,1,1,187,64,123
078,District-Fatehabad,Urban,17,848,475,373,218,198,20,38,31,7,6,4,2,332,104,228,77,69,8,23,17,6,3,3,0,151,49,102
078,District-Fatehabad,Urban,18,1623,830,793,373,339,34,70,58,12,12,12,0,709,207,502,144,121,23,34,26,8,5,4,1,276,63,213
078,District-Fatehabad,Urban,19,1385,751,634,363,341,22,76,64,12,16,11,5,610,187,423,100,84,16,34,23,11,0,0,0,186,41,145
079,District-Sirsa,Total,5-19,97641,51897,45744,16403,14134,2269,4888,2647,2241,1418,566,852,20676,5891,14785,6588,4965,1623,2513,1337,1176,690,278,412,44465,22079,22386
079,District-Sirsa,Total,5,16452,8955,7497,9,7,2,3,3,0,0,0,0,308,159,149,89,40,49,33,18,15,3,0,3,16007,8728,7279
079,District-Sirsa,Total,6,11096,5999,5097,10,6,4,3,1,2,0,0,0,333,177,156,58,34,24,21,6,15,1,1,0,10670,5774,4896
079,District-Sirsa,Total,7,3421,1805,1616,20,17,3,7,5,2,1,0,1,204,105,99,41,23,18,14,10,4,4,3,1,3130,1642,1488
079,District-Sirsa,Total,8,2165,1122,1043,17,12,5,4,3,1,2,1,1,194,108,86,39,17,22,18,11,7,4,4,0,1887,966,921
079,District-Sirsa,Total,9,1428,738,690,25,12,13,2,1,1,4,3,1,199,114,85,60,38,22,12,6,6,2,0,2,1124,564,560
079,District-Sirsa,Total,10,2168,1184,984,51,33,18,12,9,3,8,5,3,271,147,124,119,82,37,45,26,19,15,9,6,1647,873,774
079,District-Sirsa,Total,11,1612,851,761,106,90,16,33,15,18,10,7,3,349,162,187,117,75,42,55,35,20,16,5,11,926,462,464
079,District-Sirsa,Total,12,2333,1243,1090,219,176,43,63,36,27,26,14,12,559,252,307,245,167,78,105,55,50,36,15,21,1080,528,552
079,District-Sirsa,Total,13,2656,1389,1267,322,267,55,103,63,40,54,28,26,788,336,452,275,190,85,115,65,50,43,20,23,956,420,536
079,District-Sirsa,Total,14,3596,1830,1766,521,437,84,205,120,85,76,38,38,1149,434,715,419,291,128,177,94,83,56,31,25,993,385,608
079,District-Sirsa,Total,15,5835,3220,2615,1141,998,143,421,261,160,153,78,75,1784,593,1191,744,571,173,297,176,121,100,46,54,1195,497,698
079,District-Sirsa,Total,16,7733,4126,3607,1939,1665,274,654,370,284,198,88,110,2485,738,1747,900,684,216,315,178,137,93,43,50,1149,360,789
079,District-Sirsa,Total,17,8498,4451,4047,2503,2151,352,762,418,344,219,75,144,2821,670,2151,845,680,165,305,172,133,82,26,56,961,259,702
079,District-Sirsa,Total,18,15715,8401,7314,5054,4406,648,1446,749,697,373,128,245,4894,1081,3813,1664,1324,340,605,300,305,134,45,89,1545,368,1177
079,District-Sirsa,Total,19,12933,6583,6350,4466,3857,609,1170,593,577,294,101,193,4338,815,3523,973,749,224,396,185,211,101,30,71,1195,253,942
079,District-Sirsa,Rural,5-19,75392,39594,35798,13660,11678,1982,4371,2233,2138,1269,447,822,15677,4059,11618,4972,3730,1242,2143,1065,1078,602,218,384,32698,16164,16534
079,District-Sirsa,Rural,5,12591,6839,5752,5,4,1,2,2,0,0,0,0,188,103,85,59,25,34,26,14,12,2,0,2,12309,6691,5618
079,District-Sirsa,Rural,6,8304,4452,3852,6,3,3,1,1,0,0,0,0,236,130,106,37,24,13,9,4,5,1,1,0,8014,4289,3725
079,District-Sirsa,Rural,7,2454,1296,1158,11,9,2,4,3,1,0,0,0,137,71,66,22,12,10,9,7,2,4,3,1,2267,1191,1076
079,District-Sirsa,Rural,8,1464,760,704,12,9,3,2,2,0,2,1,1,137,76,61,25,12,13,13,7,6,4,4,0,1269,649,620
079,District-Sirsa,Rural,9,939,480,459,19,10,9,0,0,0,4,3,1,127,73,54,35,22,13,9,4,5,1,0,1,744,368,376
079,District-Sirsa,Rural,10,1463,801,662,37,25,12,11,8,3,8,5,3,184,96,88,67,47,20,34,17,17,13,7,6,1109,596,513
079,District-Sirsa,Rural,11,1128,597,531,86,75,11,28,12,16,10,7,3,251,114,137,72,47,25,40,22,18,13,2,11,628,318,310
079,District-Sirsa,Rural,12,1644,859,785,165,133,32,57,30,27,22,10,12,398,181,217,166,113,53,91,46,45,31,13,18,714,333,381
079,District-Sirsa,Rural,13,1994,1040,954,260,214,46,84,50,34,48,24,24,589,244,345,205,145,60,98,53,45,37,16,21,673,294,379
079,District-Sirsa,Rural,14,2769,1392,1377,414,345,69,184,102,82,69,32,37,868,314,554,320,222,98,152,74,78,50,26,24,712,277,435
079,District-Sirsa,Rural,15,4548,2471,2077,928,815,113,380,230,150,139,66,73,1359,430,929,565,426,139,248,135,113,90,40,50,839,329,510
079,District-Sirsa,Rural,16,6187,3223,2964,1627,1387,240,592,318,274,172,71,101,1958,518,1440,689,521,168,270,143,127,80,34,46,799,231,568
079,District-Sirsa,Rural,17,6823,3493,3330,2094,1785,309,684,355,329,202,59,143,2180,439,1741,647,520,127,262,141,121,72,20,52,682,174,508
079,District-Sirsa,Rural,18,12587,6626,5961,4238,3661,577,1281,615,666,329,91,238,3711,734,2977,1286,1008,278,534,245,289,115,30,85,1093,242,851
079,District-Sirsa,Rural,19,10497,5265,5232,3758,3203,555,1061,505,556,264,78,186,3354,536,2818,777,586,191,348,153,195,89,22,67,846,182,664
079,District-Sirsa,Urban,5-19,22249,12303,9946,2743,2456,287,517,414,103,149,119,30,4999,1832,3167,1616,1235,381,370,272,98,88,60,28,11767,5915,5852
079,District-Sirsa,Urban,5,3861,2116,1745,4,3,1,1,1,0,0,0,0,120,56,64,30,15,15,7,4,3,1,0,1,3698,2037,1661
079,District-Sirsa,Urban,6,2792,1547,1245,4,3,1,2,0,2,0,0,0,97,47,50,21,10,11,12,2,10,0,0,0,2656,1485,1171
079,District-Sirsa,Urban,7,967,509,458,9,8,1,3,2,1,1,0,1,67,34,33,19,11,8,5,3,2,0,0,0,863,451,412
079,District-Sirsa,Urban,8,701,362,339,5,3,2,2,1,1,0,0,0,57,32,25,14,5,9,5,4,1,0,0,0,618,317,301
079,District-Sirsa,Urban,9,489,258,231,6,2,4,2,1,1,0,0,0,72,41,31,25,16,9,3,2,1,1,0,1,380,196,184
079,District-Sirsa,Urban,10,705,383,322,14,8,6,1,1,0,0,0,0,87,51,36,52,35,17,11,9,2,2,2,0,538,277,261
079,District-Sirsa,Urban,11,484,254,230,20,15,5,5,3,2,0,0,0,98,48,50,45,28,17,15,13,2,3,3,0,298,144,154
079,District-Sirsa,Urban,12,689,384,305,54,43,11,6,6,0,4,4,0,161,71,90,79,54,25,14,9,5,5,2,3,366,195,171
079,District-Sirsa,Urban,13,662,349,313,62,53,9,19,13,6,6,4,2,199,92,107,70,45,25,17,12,5,6,4,2,283,126,157
079,District-Sirsa,Urban,14,827,438,389,107,92,15,21,18,3,7,6,1,281,120,161,99,69,30,25,20,5,6,5,1,281,108,173
079,District-Sirsa,Urban,15,1287,749,538,213,183,30,41,31,10,14,12,2,425,163,262,179,145,34,49,41,8,10,6,4,356,168,188
079,District-Sirsa,Urban,16,1546,903,643,312,278,34,62,52,10,26,17,9,527,220,307,211,163,48,45,35,10,13,9,4,350,129,221
079,District-Sirsa,Urban,17,1675,958,717,409,366,43,78,63,15,17,16,1,641,231,410,198,160,38,43,31,12,10,6,4,279,85,194
079,District-Sirsa,Urban,18,3128,1775,1353,816,745,71,165,134,31,44,37,7,1183,347,836,378,316,62,71,55,16,19,15,4,452,126,326
079,District-Sirsa,Urban,19,2436,1318,1118,708,654,54,109,88,21,30,23,7,984,279,705,196,163,33,48,32,16,12,8,4,349,71,278
080,District-Hisar,Total,5-19,112044,58239,53805,16178,13152,3026,6476,3511,2965,2032,955,1077,23790,7391,16399,4702,3258,1444,2488,1248,1240,709,325,384,55669,28399,27270
080,District-Hisar,Total,5,22825,12518,10307,23,17,6,6,4,2,1,1,0,405,237,168,157,94,63,89,54,35,19,8,11,22125,12103,10022
080,District-Hisar,Total,6,15533,8397,7136,13,11,2,5,5,0,0,0,0,443,232,211,107,66,41,74,38,36,11,5,6,14880,8040,6840
080,District-Hisar,Total,7,4584,2401,2183,17,10,7,15,8,7,1,1,0,328,167,161,41,25,16,34,17,17,10,6,4,4138,2167,1971
080,District-Hisar,Total,8,2390,1286,1104,23,12,11,15,8,7,2,1,1,322,168,154,30,16,14,28,16,12,11,7,4,1959,1058,901
080,District-Hisar,Total,9,1755,943,812,15,11,4,9,3,6,1,1,0,247,137,110,25,13,12,23,12,11,9,2,7,1426,764,662
080,District-Hisar,Total,10,2583,1337,1246,38,24,14,19,12,7,4,2,2,353,184,169,72,39,33,51,18,33,30,13,17,2016,1045,971
080,District-Hisar,Total,11,1863,978,885,119,97,22,45,29,16,11,6,5,461,241,220,63,36,27,44,23,21,16,8,8,1104,538,566
080,District-Hisar,Total,12,2228,1181,1047,213,179,34,84,48,36,29,17,12,667,304,363,151,94,57,89,54,35,38,19,19,957,466,491
080,District-Hisar,Total,13,2246,1077,1169,265,204,61,112,56,56,45,24,21,782,314,468,157,103,54,101,50,51,30,11,19,754,315,439
080,District-Hisar,Total,14,3373,1597,1776,449,344,105,221,128,93,94,39,55,1249,466,783,267,183,84,151,68,83,46,20,26,896,349,547
080,District-Hisar,Total,15,5588,2715,2873,1019,811,208,496,290,206,190,82,108,1895,616,1279,504,354,150,273,131,142,75,34,41,1136,397,739
080,District-Hisar,Total,16,7227,3654,3573,1670,1380,290,724,398,326,250,120,130,2672,845,1827,575,399,176,295,149,146,66,27,39,975,336,639
080,District-Hisar,Total,17,8629,4361,4268,2364,1945,419,1061,571,490,287,129,158,3157,877,2280,549,410,139,278,154,124,76,28,48,857,247,610
080,District-Hisar,Total,18,16658,8583,8075,5180,4248,932,1931,1063,868,595,296,299,5645,1415,4230,1155,838,317,582,291,291,161,87,74,1409,345,1064
080,District-Hisar,Total,19,14562,7211,7351,4770,3859,911,1733,888,845,522,236,286,5164,1188,3976,849,588,261,376,173,203,111,50,61,1037,229,808
080,District-Hisar,Rural,5-19,80311,40968,39343,12877,10265,2612,5527,2754,2773,1804,783,1021,16345,4558,11787,3459,2338,1121,1897,846,1051,590,244,346,37812,19180,18632
080,District-Hisar,Rural,5,16250,8903,7347,11,9,2,5,4,1,0,0,0,255,151,104,98,61,37,53,32,21,16,7,9,15812,8639,7173
080,District-Hisar,Rural,6,10526,5624,4902,9,8,1,3,3,0,0,0,0,268,139,129,67,44,23,36,16,20,11,5,6,10132,5409,4723
080,District-Hisar,Rural,7,3025,1599,1426,12,9,3,10,5,5,1,1,0,188,94,94,26,15,11,26,12,14,10,6,4,2752,1457,1295
080,District-Hisar,Rural,8,1518,826,692,8,4,4,11,5,6,2,1,1,194,99,95,17,9,8,18,10,8,10,7,3,1258,691,567
080,District-Hisar,Rural,9,1091,591,500,11,10,1,7,2,5,1,1,0,148,78,70,13,6,7,11,5,6,8,2,6,892,487,405
080,District-Hisar,Rural,10,1659,866,793,25,13,12,14,8,6,3,1,2,219,114,105,48,27,21,27,8,19,28,12,16,1295,683,612
080,District-Hisar,Rural,11,1157,586,571,76,59,17,37,23,14,10,5,5,274,143,131,43,23,20,32,17,15,15,8,7,670,308,362
080,District-Hisar,Rural,12,1471,752,719,152,127,25,68,34,34,25,14,11,437,189,248,102,54,48,61,32,29,31,14,17,595,288,307
080,District-Hisar,Rural,13,1487,684,803,186,137,49,88,39,49,42,21,21,506,181,325,109,73,36,79,35,44,24,8,16,453,190,263
080,District-Hisar,Rural,14,2397,1076,1321,356,265,91,194,109,85,85,33,52,863,294,569,196,126,70,111,39,72,42,17,25,550,193,357
080,District-Hisar,Rural,15,4078,1864,2214,810,630,180,408,217,191,173,70,103,1343,362,981,357,248,109,223,98,125,63,25,38,701,214,487
080,District-Hisar,Rural,16,5428,2629,2799,1299,1055,244,633,331,302,224,96,128,1936,552,1384,445,298,147,225,104,121,52,18,34,614,175,439
080,District-Hisar,Rural,17,6512,3157,3355,1869,1514,355,913,452,461,258,109,149,2250,547,1703,400,288,112,214,102,112,63,19,44,545,126,419
080,District-Hisar,Rural,18,12700,6435,6265,4177,3359,818,1668,843,825,514,236,278,3965,909,3056,888,629,259,470,213,257,124,59,65,894,187,707
080,District-Hisar,Rural,19,11012,5376,5636,3876,3066,810,1468,679,789,466,195,271,3499,706,2793,650,437,213,311,123,188,93,37,56,649,133,516
080,District-Hisar,Urban,5-19,31733,17271,14462,3301,2887,414,949,757,192,228,172,56,7445,2833,4612,1243,920,323,591,402,189,119,81,38,17857,9219,8638
080,District-Hisar,Urban,5,6575,3615,2960,12,8,4,1,0,1,1,1,0,150,86,64,59,33,26,36,22,14,3,1,2,6313,3464,2849
080,District-Hisar,Urban,6,5007,2773,2234,4,3,1,2,2,0,0,0,0,175,93,82,40,22,18,38,22,16,0,0,0,4748,2631,2117
080,District-Hisar,Urban,7,1559,802,757,5,1,4,5,3,2,0,0,0,140,73,67,15,10,5,8,5,3,0,0,0,1386,710,676
080,District-Hisar,Urban,8,872,460,412,15,8,7,4,3,1,0,0,0,128,69,59,13,7,6,10,6,4,1,0,1,701,367,334
080,District-Hisar,Urban,9,664,352,312,4,1,3,2,1,1,0,0,0,99,59,40,12,7,5,12,7,5,1,0,1,534,277,257
080,District-Hisar,Urban,10,924,471,453,13,11,2,5,4,1,1,1,0,134,70,64,24,12,12,24,10,14,2,1,1,721,362,359
080,District-Hisar,Urban,11,706,392,314,43,38,5,8,6,2,1,1,0,187,98,89,20,13,7,12,6,6,1,0,1,434,230,204
080,District-Hisar,Urban,12,757,429,328,61,52,9,16,14,2,4,3,1,230,115,115,49,40,9,28,22,6,7,5,2,362,178,184
080,District-Hisar,Urban,13,759,393,366,79,67,12,24,17,7,3,3,0,276,133,143,48,30,18,22,15,7,6,3,3,301,125,176
080,District-Hisar,Urban,14,976,521,455,93,79,14,27,19,8,9,6,3,386,172,214,71,57,14,40,29,11,4,3,1,346,156,190
080,District-Hisar,Urban,15,1510,851,659,209,181,28,88,73,15,17,12,5,552,254,298,147,106,41,50,33,17,12,9,3,435,183,252
080,District-Hisar,Urban,16,1799,1025,774,371,325,46,91,67,24,26,24,2,736,293,443,130,101,29,70,45,25,14,9,5,361,161,200
080,District-Hisar,Urban,17,2117,1204,913,495,431,64,148,119,29,29,20,9,907,330,577,149,122,27,64,52,12,13,9,4,312,121,191
080,District-Hisar,Urban,18,3958,2148,1810,1003,889,114,263,220,43,81,60,21,1680,506,1174,267,209,58,112,78,34,37,28,9,515,158,357
080,District-Hisar,Urban,19,3550,1835,1715,894,793,101,265,209,56,56,41,15,1665,482,1183,199,151,48,65,50,15,18,13,5,388,96,292
081,District-Bhiwani,Total,5-19,88860,46545,42315,11411,9388,2023,6209,3355,2854,1862,876,986,20129,6607,13522,2472,1708,764,1598,830,768,489,229,260,44690,23552,21138
081,District-Bhiwani,Total,5,20693,11624,9069,15,11,4,7,4,3,1,1,0,255,135,120,79,51,28,52,27,25,26,13,13,20258,11382,8876
081,District-Bhiwani,Total,6,13045,7158,5887,9,6,3,8,3,5,0,0,0,331,174,157,54,30,24,46,24,22,13,7,6,12584,6914,5670
081,District-Bhiwani,Total,7,2969,1586,1383,18,11,7,4,1,3,0,0,0,223,109,114,25,14,11,13,7,6,1,1,0,2685,1443,1242
081,District-Bhiwani,Total,8,1484,767,717,18,14,4,4,2,2,2,2,0,209,109,100,31,14,17,13,5,8,3,3,0,1204,618,586
081,District-Bhiwani,Total,9,928,464,464,24,14,10,5,4,1,1,0,1,168,77,91,15,8,7,7,3,4,1,0,1,707,358,349
081,District-Bhiwani,Total,10,1585,867,718,23,17,6,18,9,9,1,0,1,263,155,108,27,14,13,27,12,15,11,7,4,1215,653,562
081,District-Bhiwani,Total,11,1053,538,515,69,55,14,36,20,16,6,4,2,275,134,141,45,26,19,22,13,9,9,1,8,591,285,306
081,District-Bhiwani,Total,12,1437,743,694,133,114,19,68,38,30,19,9,10,476,219,257,86,54,32,50,21,29,28,14,14,577,274,303
081,District-Bhiwani,Total,13,1451,697,754,166,132,34,84,47,37,26,6,20,534,211,323,75,43,32,69,36,33,24,14,10,473,208,265
081,District-Bhiwani,Total,14,2170,1050,1120,283,233,50,153,89,64,66,37,29,894,344,550,105,67,38,80,49,31,32,16,16,557,215,342
081,District-Bhiwani,Total,15,3938,2006,1932,645,533,112,403,246,157,139,78,61,1537,565,972,219,161,58,156,85,71,55,23,32,784,315,469
081,District-Bhiwani,Total,16,5457,2746,2711,1101,914,187,635,361,274,238,114,124,2248,767,1481,280,192,88,189,113,76,49,23,26,717,262,455
081,District-Bhiwani,Total,17,6690,3525,3165,1693,1441,252,964,544,420,271,139,132,2664,881,1783,291,207,84,199,100,99,50,19,31,558,194,364
081,District-Bhiwani,Total,18,13630,6848,6782,3664,3036,628,1924,1043,881,555,249,306,5322,1509,3813,669,501,168,341,185,156,113,55,58,1042,270,772
081,District-Bhiwani,Total,19,12330,5926,6404,3550,2857,693,1896,944,952,537,237,300,4730,1218,3512,471,326,145,334,150,184,74,33,41,738,161,577
081,District-Bhiwani,Rural,5-19,72233,37436,34797,9845,7951,1894,5691,2944,2747,1746,787,959,15573,4832,10741,1906,1251,655,1318,633,685,410,177,233,35744,18861,16883
081,District-Bhiwani,Rural,5,17323,9722,7601,8,6,2,5,2,3,1,1,0,176,96,80,66,43,23,42,21,21,24,12,12,17001,9541,7460
081,District-Bhiwani,Rural,6,10662,5814,4848,8,5,3,5,1,4,0,0,0,246,124,122,43,25,18,34,17,17,13,7,6,10313,5635,4678
081,District-Bhiwani,Rural,7,2292,1243,1049,13,8,5,3,1,2,0,0,0,161,79,82,18,8,10,5,2,3,1,1,0,2091,1144,947
081,District-Bhiwani,Rural,8,1038,526,512,13,10,3,2,1,1,2,2,0,145,71,74,24,11,13,11,3,8,2,2,0,839,426,413
081,District-Bhiwani,Rural,9,635,318,317,19,12,7,2,1,1,1,0,1,113,53,60,14,7,7,4,1,3,1,0,1,481,244,237
081,District-Bhiwani,Rural,10,1144,628,516,21,15,6,14,8,6,1,0,1,188,111,77,21,10,11,19,9,10,5,3,2,875,472,403
081,District-Bhiwani,Rural,11,737,375,362,55,43,12,30,15,15,6,4,2,178,91,87,31,14,17,18,10,8,7,1,6,412,197,215
081,District-Bhiwani,Rural,12,981,492,489,110,93,17,59,32,27,17,8,9,308,128,180,60,36,24,40,16,24,18,9,9,369,170,199
081,District-Bhiwani,Rural,13,1096,525,571,140,111,29,75,39,36,24,6,18,402,151,251,60,33,27,60,30,30,21,13,8,314,142,172
081,District-Bhiwani,Rural,14,1658,788,870,241,195,46,134,77,57,62,34,28,678,239,439,82,51,31,66,39,27,28,14,14,367,139,228
081,District-Bhiwani,Rural,15,3055,1492,1563,537,440,97,366,217,149,129,71,58,1185,399,786,156,106,50,120,58,62,43,17,26,519,184,335
081,District-Bhiwani,Rural,16,4396,2156,2240,935,755,180,577,310,267,221,99,122,1763,573,1190,216,143,73,157,90,67,43,19,24,484,167,317
081,District-Bhiwani,Rural,17,5508,2814,2694,1449,1214,235,888,481,407,260,129,131,2087,638,1449,218,144,74,165,71,94,44,15,29,397,122,275
081,District-Bhiwani,Rural,18,11362,5624,5738,3192,2597,595,1768,922,846,525,228,297,4235,1151,3084,516,369,147,289,147,142,95,39,56,742,171,571
081,District-Bhiwani,Rural,19,10346,4919,5427,3104,2447,657,1763,837,926,497,205,292,3708,928,2780,381,251,130,288,119,169,65,25,40,540,107,433
081,District-Bhiwani,Urban,5-19,16627,9109,7518,1566,1437,129,518,411,107,116,89,27,4556,1775,2781,566,457,109,280,197,83,79,52,27,8946,4691,4255
081,District-Bhiwani,Urban,5,3370,1902,1468,7,5,2,2,2,0,0,0,0,79,39,40,13,8,5,10,6,4,2,1,1,3257,1841,1416
081,District-Bhiwani,Urban,6,2383,1344,1039,1,1,0,3,2,1,0,0,0,85,50,35,11,5,6,12,7,5,0,0,0,2271,1279,992
081,District-Bhiwani,Urban,7,677,343,334,5,3,2,1,0,1,0,0,0,62,30,32,7,6,1,8,5,3,0,0,0,594,299,295
081,District-Bhiwani,Urban,8,446,241,205,5,4,1,2,1,1,0,0,0,64,38,26,7,3,4,2,2,0,1,1,0,365,192,173
081,District-Bhiwani,Urban,9,293,146,147,5,2,3,3,3,0,0,0,0,55,24,31,1,1,0,3,2,1,0,0,0,226,114,112
081,District-Bhiwani,Urban,10,441,239,202,2,2,0,4,1,3,0,0,0,75,44,31,6,4,2,8,3,5,6,4,2,340,181,159
081,District-Bhiwani,Urban,11,316,163,153,14,12,2,6,5,1,0,0,0,97,43,54,14,12,2,4,3,1,2,0,2,179,88,91
081,District-Bhiwani,Urban,12,456,251,205,23,21,2,9,6,3,2,1,1,168,91,77,26,18,8,10,5,5,10,5,5,208,104,104
081,District-Bhiwani,Urban,13,355,172,183,26,21,5,9,8,1,2,0,2,132,60,72,15,10,5,9,6,3,3,1,2,159,66,93
081,District-Bhiwani,Urban,14,512,262,250,42,38,4,19,12,7,4,3,1,216,105,111,23,16,7,14,10,4,4,2,2,190,76,114
081,District-Bhiwani,Urban,15,883,514,369,108,93,15,37,29,8,10,7,3,352,166,186,63,55,8,36,27,9,12,6,6,265,131,134
081,District-Bhiwani,Urban,16,1061,590,471,166,159,7,58,51,7,17,15,2,485,194,291,64,49,15,32,23,9,6,4,2,233,95,138
081,District-Bhiwani,Urban,17,1182,711,471,244,227,17,76,63,13,11,10,1,577,243,334,73,63,10,34,29,5,6,4,2,161,72,89
081,District-Bhiwani,Urban,18,2268,1224,1044,472,439,33,156,121,35,30,21,9,1087,358,729,153,132,21,52,38,14,18,16,2,300,99,201
081,District-Bhiwani,Urban,19,1984,1007,977,446,410,36,133,107,26,40,32,8,1022,290,732,90,75,15,46,31,15,9,8,1,198,54,144
082,District-Rohtak,Total,5-19,58458,31885,26573,6393,5596,797,2014,1462,552,467,349,118,13509,4948,8561,1609,1190,419,758,534,224,122,96,26,33586,17710,15876
082,District-Rohtak,Total,5,14828,8142,6686,9,8,1,0,0,0,0,0,0,222,112,110,83,45,38,24,16,8,1,1,0,14489,7960,6529
082,District-Rohtak,Total,6,10501,5744,4757,8,6,2,2,2,0,1,0,1,239,125,114,59,32,27,15,9,6,2,1,1,10175,5569,4606
082,District-Rohtak,Total,7,2410,1323,1087,9,7,2,1,0,1,0,0,0,159,78,81,20,10,10,9,7,2,0,0,0,2212,1221,991
082,District-Rohtak,Total,8,1203,625,578,8,4,4,0,0,0,0,0,0,148,75,73,15,10,5,9,7,2,0,0,0,1023,529,494
082,District-Rohtak,Total,9,630,324,306,7,4,3,0,0,0,0,0,0,93,52,41,13,8,5,13,9,4,1,1,0,503,250,253
082,District-Rohtak,Total,10,980,517,463,18,14,4,5,3,2,0,0,0,146,76,70,25,17,8,17,7,10,1,1,0,768,399,369
082,District-Rohtak,Total,11,623,324,299,53,40,13,12,8,4,1,1,0,171,72,99,24,19,5,13,6,7,2,1,1,347,177,170
082,District-Rohtak,Total,12,1034,535,499,113,98,15,22,16,6,2,0,2,334,135,199,49,32,17,30,18,12,4,3,1,480,233,247
082,District-Rohtak,Total,13,909,473,436,107,90,17,23,13,10,5,4,1,341,160,181,38,24,14,28,18,10,6,1,5,361,163,198
082,District-Rohtak,Total,14,1348,704,644,171,144,27,50,34,16,13,9,4,577,252,325,78,51,27,40,26,14,5,3,2,414,185,229
082,District-Rohtak,Total,15,2417,1373,1044,398,346,52,113,86,27,30,24,6,1015,451,564,158,121,37,87,65,22,12,10,2,604,270,334
082,District-Rohtak,Total,16,3199,1858,1341,649,577,72,224,174,50,47,43,4,1450,600,850,198,158,40,90,70,20,20,16,4,521,220,301
082,District-Rohtak,Total,17,3654,2079,1575,850,765,85,322,243,79,66,47,19,1717,648,1069,187,148,39,79,58,21,13,11,2,420,159,261
082,District-Rohtak,Total,18,7951,4365,3586,2128,1873,255,688,508,180,145,116,29,3639,1175,2464,388,304,84,190,133,57,30,24,6,743,232,511
082,District-Rohtak,Total,19,6771,3499,3272,1865,1620,245,552,375,177,157,105,52,3258,937,2321,274,211,63,114,85,29,25,23,2,526,143,383
082,District-Rohtak,Rural,5-19,34577,18522,16055,4181,3585,596,1656,1161,495,363,263,100,8183,2685,5498,848,574,274,468,302,166,62,48,14,18816,9904,8912
082,District-Rohtak,Rural,5,9071,4941,4130,7,7,0,0,0,0,0,0,0,116,61,55,57,31,26,15,11,4,1,1,0,8875,4830,4045
082,District-Rohtak,Rural,6,6208,3396,2812,5,4,1,2,2,0,1,0,1,139,73,66,34,17,17,8,6,2,0,0,0,6019,3294,2725
082,District-Rohtak,Rural,7,1218,673,545,5,4,1,1,0,1,0,0,0,84,40,44,13,7,6,3,1,2,0,0,0,1112,621,491
082,District-Rohtak,Rural,8,521,279,242,7,3,4,0,0,0,0,0,0,84,43,41,9,6,3,2,2,0,0,0,0,419,225,194
082,District-Rohtak,Rural,9,270,139,131,7,4,3,0,0,0,0,0,0,50,27,23,5,1,4,7,7,0,1,1,0,200,99,101
082,District-Rohtak,Rural,10,418,228,190,9,6,3,4,2,2,0,0,0,71,35,36,14,11,3,8,3,5,1,1,0,311,170,141
082,District-Rohtak,Rural,11,283,149,134,29,21,8,11,7,4,1,1,0,90,38,52,9,7,2,2,1,1,1,0,1,140,74,66
082,District-Rohtak,Rural,12,464,248,216,68,59,9,19,14,5,2,0,2,159,63,96,33,21,12,20,12,8,2,2,0,161,77,84
082,District-Rohtak,Rural,13,433,216,217,58,48,10,18,10,8,3,2,1,184,88,96,21,10,11,17,9,8,4,0,4,128,49,79
082,District-Rohtak,Rural,14,692,341,351,104,85,19,38,23,15,10,7,3,315,129,186,42,27,15,24,14,10,3,2,1,156,54,102
082,District-Rohtak,Rural,15,1372,743,629,247,208,39,94,68,26,20,15,5,613,257,356,77,58,19,55,35,20,5,4,1,261,98,163
082,District-Rohtak,Rural,16,1874,1027,847,392,342,50,181,138,43,38,35,3,871,300,571,98,74,24,62,46,16,9,8,1,223,84,139
082,District-Rohtak,Rural,17,2234,1206,1028,532,469,63,262,190,72,50,32,18,1052,346,706,95,70,25,51,34,17,6,5,1,186,60,126
082,District-Rohtak,Rural,18,5138,2757,2381,1433,1239,194,575,415,160,108,85,23,2303,687,1616,204,140,64,123,77,46,15,11,4,377,103,274
082,District-Rohtak,Rural,19,4381,2179,2202,1278,1086,192,451,292,159,130,86,44,2052,498,1554,137,94,43,71,44,27,14,13,1,248,66,182
082,District-Rohtak,Urban,5-19,23881,13363,10518,2212,2011,201,358,301,57,104,86,18,5326,2263,3063,761,616,145,290,232,58,60,48,12,14770,7806,6964
082,District-Rohtak,Urban,5,5757,3201,2556,2,1,1,0,0,0,0,0,0,106,51,55,26,14,12,9,5,4,0,0,0,5614,3130,2484
082,District-Rohtak,Urban,6,4293,2348,1945,3,2,1,0,0,0,0,0,0,100,52,48,25,15,10,7,3,4,2,1,1,4156,2275,1881
082,District-Rohtak,Urban,7,1192,650,542,4,3,1,0,0,0,0,0,0,75,38,37,7,3,4,6,6,0,0,0,0,1100,600,500
082,District-Rohtak,Urban,8,682,346,336,1,1,0,0,0,0,0,0,0,64,32,32,6,4,2,7,5,2,0,0,0,604,304,300
082,District-Rohtak,Urban,9,360,185,175,0,0,0,0,0,0,0,0,0,43,25,18,8,7,1,6,2,4,0,0,0,303,151,152
082,District-Rohtak,Urban,10,562,289,273,9,8,1,1,1,0,0,0,0,75,41,34,11,6,5,9,4,5,0,0,0,457,229,228
082,District-Rohtak,Urban,11,340,175,165,24,19,5,1,1,0,0,0,0,81,34,47,15,12,3,11,5,6,1,1,0,207,103,104
082,District-Rohtak,Urban,12,570,287,283,45,39,6,3,2,1,0,0,0,175,72,103,16,11,5,10,6,4,2,1,1,319,156,163
082,District-Rohtak,Urban,13,476,257,219,49,42,7,5,3,2,2,2,0,157,72,85,17,14,3,11,9,2,2,1,1,233,114,119
082,District-Rohtak,Urban,14,656,363,293,67,59,8,12,11,1,3,2,1,262,123,139,36,24,12,16,12,4,2,1,1,258,131,127
082,District-Rohtak,Urban,15,1045,630,415,151,138,13,19,18,1,10,9,1,402,194,208,81,63,18,32,30,2,7,6,1,343,172,171
082,District-Rohtak,Urban,16,1325,831,494,257,235,22,43,36,7,9,8,1,579,300,279,100,84,16,28,24,4,11,8,3,298,136,162
082,District-Rohtak,Urban,17,1420,873,547,318,296,22,60,53,7,16,15,1,665,302,363,92,78,14,28,24,4,7,6,1,234,99,135
082,District-Rohtak,Urban,18,2813,1608,1205,695,634,61,113,93,20,37,31,6,1336,488,848,184,164,20,67,56,11,15,13,2,366,129,237
082,District-Rohtak,Urban,19,2390,1320,1070,587,534,53,101,83,18,27,19,8,1206,439,767,137,117,20,43,41,2,11,10,1,278,77,201
083,District-Jhajjar,Total,5-19,46716,25345,21371,5121,4341,780,2358,1603,755,662,369,293,12969,4971,7998,1054,751,303,678,381,297,133,77,56,23741,12852,10889
083,District-Jhajjar,Total,5,10919,6085,4834,10,7,3,1,1,0,0,0,0,231,123,108,63,34,29,41,24,17,10,4,6,10563,5892,4671
083,District-Jhajjar,Total,6,7147,3979,3168,6,4,2,4,4,0,0,0,0,304,152,152,39,26,13,22,7,15,6,2,4,6766,3784,2982
083,District-Jhajjar,Total,7,1702,952,750,10,7,3,1,0,1,0,0,0,178,94,84,8,4,4,19,13,6,1,1,0,1485,833,652
083,District-Jhajjar,Total,8,893,494,399,11,3,8,3,2,1,0,0,0,177,94,83,19,11,8,13,5,8,1,0,1,669,379,290
083,District-Jhajjar,Total,9,635,352,283,14,9,5,3,3,0,0,0,0,142,75,67,12,8,4,4,3,1,3,3,0,457,251,206
083,District-Jhajjar,Total,10,922,504,418,11,9,2,6,5,1,1,1,0,180,108,72,17,8,9,26,17,9,2,0,2,679,356,323
083,District-Jhajjar,Total,11,696,391,305,58,49,9,18,11,7,3,0,3,218,118,100,17,12,5,21,13,8,3,1,2,358,187,171
083,District-Jhajjar,Total,12,879,476,403,102,85,17,33,19,14,13,7,6,300,146,154,37,29,8,25,12,13,6,4,2,363,174,189
083,District-Jhajjar,Total,13,813,452,361,84,71,13,38,25,13,11,10,1,332,145,187,36,26,10,30,18,12,6,3,3,276,154,122
083,District-Jhajjar,Total,14,1135,611,524,138,116,22,75,54,21,13,11,2,503,239,264,41,21,20,43,21,22,4,2,2,318,147,171
083,District-Jhajjar,Total,15,1824,1024,800,275,239,36,130,90,40,34,22,12,856,412,444,87,58,29,68,38,30,16,10,6,358,155,203
083,District-Jhajjar,Total,16,2499,1380,1119,443,373,70,236,171,65,76,40,36,1187,490,697,104,78,26,81,46,35,20,15,5,352,167,185
083,District-Jhajjar,Total,17,3206,1707,1499,617,518,99,346,237,109,92,49,43,1658,652,1006,126,90,36,72,44,28,16,11,5,279,106,173
083,District-Jhajjar,Total,18,6663,3520,3143,1560,1329,231,712,503,209,203,113,90,3322,1113,2209,267,206,61,122,78,44,27,16,11,450,162,288
083,District-Jhajjar,Total,19,6783,3418,3365,1782,1522,260,752,478,274,216,116,100,3381,1010,2371,181,140,41,91,42,49,12,5,7,368,105,263
083,District-Jhajjar,Rural,5-19,34593,18526,16067,4051,3379,672,2086,1384,702,610,324,286,9634,3476,6158,667,457,210,513,275,238,122,68,54,16910,9163,7747
083,District-Jhajjar,Rural,5,8303,4597,3706,5,3,2,1,1,0,0,0,0,148,75,73,44,21,23,33,20,13,9,4,5,8063,4473,3590
083,District-Jhajjar,Rural,6,5279,2948,2331,3,1,2,1,1,0,0,0,0,203,105,98,25,19,6,18,6,12,6,2,4,5023,2814,2209
083,District-Jhajjar,Rural,7,1190,673,517,9,6,3,0,0,0,0,0,0,123,70,53,6,3,3,16,10,6,0,0,0,1036,584,452
083,District-Jhajjar,Rural,8,552,303,249,9,3,6,3,2,1,0,0,0,113,57,56,10,5,5,11,3,8,1,0,1,405,233,172
083,District-Jhajjar,Rural,9,354,185,169,11,6,5,2,2,0,0,0,0,85,41,44,7,6,1,3,3,0,3,3,0,243,124,119
083,District-Jhajjar,Rural,10,542,297,245,10,8,2,5,4,1,1,1,0,99,61,38,12,4,8,16,9,7,2,0,2,397,210,187
083,District-Jhajjar,Rural,11,413,232,181,41,35,6,15,9,6,3,0,3,131,68,63,14,9,5,15,9,6,3,1,2,191,101,90
083,District-Jhajjar,Rural,12,528,294,234,79,67,12,27,14,13,10,4,6,188,92,96,24,19,5,15,7,8,6,4,2,179,87,92
083,District-Jhajjar,Rural,13,516,294,222,59,49,10,35,23,12,10,9,1,212,94,118,23,17,6,21,12,9,6,3,3,150,87,63
083,District-Jhajjar,Rural,14,728,403,325,102,85,17,64,45,19,12,10,2,333,159,174,26,14,12,29,12,17,3,1,2,159,77,82
083,District-Jhajjar,Rural,15,1259,686,573,203,176,27,113,75,38,32,21,11,611,282,329,50,31,19,49,25,24,16,10,6,185,66,119
083,District-Jhajjar,Rural,16,1866,1004,862,335,275,60,212,154,58,67,32,35,897,353,544,64,47,17,60,35,25,16,11,5,215,97,118
083,District-Jhajjar,Rural,17,2449,1255,1194,483,402,81,301,202,99,86,46,40,1263,457,806,73,50,23,56,33,23,15,10,5,172,55,117
083,District-Jhajjar,Rural,18,5241,2709,2532,1264,1061,203,621,427,194,189,99,90,2586,819,1767,182,134,48,95,58,37,24,14,10,280,97,183
083,District-Jhajjar,Rural,19,5373,2646,2727,1438,1202,236,686,425,261,200,102,98,2642,743,1899,107,78,29,76,33,43,12,5,7,212,58,154
083,District-Jhajjar,Urban,5-19,12123,6819,5304,1070,962,108,272,219,53,52,45,7,3335,1495,1840,387,294,93,165,106,59,11,9,2,6831,3689,3142
083,District-Jhajjar,Urban,5,2616,1488,1128,5,4,1,0,0,0,0,0,0,83,48,35,19,13,6,8,4,4,1,0,1,2500,1419,1081
083,District-Jhajjar,Urban,6,1868,1031,837,3,3,0,3,3,0,0,0,0,101,47,54,14,7,7,4,1,3,0,0,0,1743,970,773
083,District-Jhajjar,Urban,7,512,279,233,1,1,0,1,0,1,0,0,0,55,24,31,2,1,1,3,3,0,1,1,0,449,249,200
083,District-Jhajjar,Urban,8,341,191,150,2,0,2,0,0,0,0,0,0,64,37,27,9,6,3,2,2,0,0,0,0,264,146,118
083,District-Jhajjar,Urban,9,281,167,114,3,3,0,1,1,0,0,0,0,57,34,23,5,2,3,1,0,1,0,0,0,214,127,87
083,District-Jhajjar,Urban,10,380,207,173,1,1,0,1,1,0,0,0,0,81,47,34,5,4,1,10,8,2,0,0,0,282,146,136
083,District-Jhajjar,Urban,11,283,159,124,17,14,3,3,2,1,0,0,0,87,50,37,3,3,0,6,4,2,0,0,0,167,86,81
083,District-Jhajjar,Urban,12,351,182,169,23,18,5,6,5,1,3,3,0,112,54,58,13,10,3,10,5,5,0,0,0,184,87,97
083,District-Jhajjar,Urban,13,297,158,139,25,22,3,3,2,1,1,1,0,120,51,69,13,9,4,9,6,3,0,0,0,126,67,59
083,District-Jhajjar,Urban,14,407,208,199,36,31,5,11,9,2,1,1,0,170,80,90,15,7,8,14,9,5,1,1,0,159,70,89
083,District-Jhajjar,Urban,15,565,338,227,72,63,9,17,15,2,2,1,1,245,130,115,37,27,10,19,13,6,0,0,0,173,89,84
083,District-Jhajjar,Urban,16,633,376,257,108,98,10,24,17,7,9,8,1,290,137,153,40,31,9,21,11,10,4,4,0,137,70,67
083,District-Jhajjar,Urban,17,757,452,305,134,116,18,45,35,10,6,3,3,395,195,200,53,40,13,16,11,5,1,1,0,107,51,56
083,District-Jhajjar,Urban,18,1422,811,611,296,268,28,91,76,15,14,14,0,736,294,442,85,72,13,27,20,7,3,2,1,170,65,105
083,District-Jhajjar,Urban,19,1410,772,638,344,320,24,66,53,13,16,14,2,739,267,472,74,62,12,15,9,6,0,0,0,156,47,109
084,District-Mahendragarh,Total,5-19,46522,23877,22645,4254,3590,664,3299,1930,1369,1434,657,777,10625,3231,7394,783,491,292,726,340,386,359,156,203,25042,13482,11560
084,District-Mahendragarh,Total,5,11624,6623,5001,5,3,2,3,2,1,0,0,0,104,58,46,26,16,10,17,13,4,9,4,5,11460,6527,4933
084,District-Mahendragarh,Total,6,7743,4340,3403,4,2,2,0,0,0,0,0,0,141,70,71,18,11,7,8,4,4,1,1,0,7571,4252,3319
084,District-Mahendragarh,Total,7,1595,845,750,4,0,4,2,2,0,1,0,1,90,48,42,8,1,7,4,3,1,0,0,0,1486,791,695
084,District-Mahendragarh,Total,8,705,384,321,5,4,1,1,0,1,0,0,0,85,50,35,8,4,4,3,2,1,2,0,2,601,324,277
084,District-Mahendragarh,Total,9,504,277,227,4,1,3,1,1,0,0,0,0,79,48,31,9,6,3,5,3,2,3,1,2,403,217,186
084,District-Mahendragarh,Total,10,857,467,390,5,4,1,6,2,4,1,1,0,97,51,46,17,12,5,13,10,3,12,9,3,706,378,328
084,District-Mahendragarh,Total,11,628,332,296,27,24,3,20,6,14,8,5,3,147,75,72,12,10,2,17,9,8,7,3,4,390,200,190
084,District-Mahendragarh,Total,12,673,310,363,54,44,10,40,19,21,13,6,7,194,68,126,21,14,7,41,15,26,15,6,9,295,138,157
084,District-Mahendragarh,Total,13,708,318,390,59,46,13,46,25,21,17,9,8,245,87,158,29,19,10,25,13,12,22,8,14,265,111,154
084,District-Mahendragarh,Total,14,932,416,516,101,86,15,68,32,36,42,18,24,368,127,241,43,29,14,47,17,30,26,15,11,237,92,145
084,District-Mahendragarh,Total,15,1689,814,875,220,191,29,163,106,57,83,40,43,710,247,463,73,51,22,86,51,35,43,20,23,311,108,203
084,District-Mahendragarh,Total,16,2372,1116,1256,335,285,50,286,173,113,161,86,75,1086,352,734,83,50,33,72,35,37,50,24,26,299,111,188
084,District-Mahendragarh,Total,17,3182,1517,1665,584,501,83,464,290,174,198,88,110,1451,460,991,110,60,50,87,38,49,41,18,23,247,62,185
084,District-Mahendragarh,Total,18,6807,3123,3684,1379,1161,218,1048,623,425,462,212,250,3040,794,2246,194,120,74,178,89,89,78,28,50,428,96,332
084,District-Mahendragarh,Total,19,6503,2995,3508,1468,1238,230,1151,649,502,448,192,256,2788,696,2092,132,88,44,123,38,85,50,19,31,343,75,268
084,District-Mahendragarh,Rural,5-19,38926,19726,19200,3647,3024,623,3068,1733,1335,1343,583,760,9011,2642,6369,571,348,223,633,287,346,266,110,156,20387,10999,9388
084,District-Mahendragarh,Rural,5,9874,5644,4230,4,2,2,2,2,0,0,0,0,81,44,37,23,13,10,15,11,4,9,4,5,9740,5568,4172
084,District-Mahendragarh,Rural,6,6402,3585,2817,4,2,2,0,0,0,0,0,0,118,56,62,14,8,6,6,2,4,1,1,0,6259,3516,2743
084,District-Mahendragarh,Rural,7,1242,662,580,4,0,4,1,1,0,1,0,1,75,40,35,5,0,5,3,3,0,0,0,0,1153,618,535
084,District-Mahendragarh,Rural,8,498,266,232,3,2,1,1,0,1,0,0,0,74,41,33,4,2,2,2,2,0,2,0,2,412,219,193
084,District-Mahendragarh,Rural,9,368,206,162,3,1,2,1,1,0,0,0,0,66,43,23,5,3,2,4,3,1,3,1,2,286,154,132
084,District-Mahendragarh,Rural,10,615,335,280,4,4,0,6,2,4,1,1,0,81,41,40,12,9,3,12,9,3,10,7,3,489,262,227
084,District-Mahendragarh,Rural,11,470,247,223,23,21,2,20,6,14,7,4,3,111,54,57,9,8,1,17,9,8,4,2,2,279,143,136
084,District-Mahendragarh,Rural,12,477,219,258,45,38,7,36,17,19,13,6,7,150,54,96,13,9,4,37,14,23,11,4,7,172,77,95
084,District-Mahendragarh,Rural,13,553,249,304,52,41,11,43,22,21,17,9,8,191,62,129,21,16,5,23,12,11,18,5,13,188,82,106
084,District-Mahendragarh,Rural,14,738,316,422,87,73,14,66,30,36,38,14,24,307,102,205,29,19,10,43,15,28,15,7,8,153,56,97
084,District-Mahendragarh,Rural,15,1363,618,745,177,153,24,142,85,57,80,37,43,590,191,399,44,29,15,78,45,33,35,15,20,217,63,154
084,District-Mahendragarh,Rural,16,2003,900,1103,284,236,48,268,157,111,147,75,72,927,277,650,63,35,28,62,30,32,36,16,20,216,74,142
084,District-Mahendragarh,Rural,17,2716,1249,1467,486,408,78,428,262,166,186,78,108,1236,372,864,81,43,38,71,28,43,32,15,17,196,43,153
084,District-Mahendragarh,Rural,18,5876,2618,3258,1179,969,210,976,558,418,427,185,242,2606,663,1943,144,88,56,150,71,79,52,17,35,342,67,275
084,District-Mahendragarh,Rural,19,5731,2612,3119,1292,1074,218,1078,590,488,426,174,252,2398,602,1796,104,66,38,110,33,77,38,16,22,285,57,228
084,District-Mahendragarh,Urban,5-19,7596,4151,3445,607,566,41,231,197,34,91,74,17,1614,589,1025,212,143,69,93,53,40,93,46,47,4655,2483,2172
084,District-Mahendragarh,Urban,5,1750,979,771,1,1,0,1,0,1,0,0,0,23,14,9,3,3,0,2,2,0,0,0,0,1720,959,761
084,District-Mahendragarh,Urban,6,1341,755,586,0,0,0,0,0,0,0,0,0,23,14,9,4,3,1,2,2,0,0,0,0,1312,736,576
084,District-Mahendragarh,Urban,7,353,183,170,0,0,0,1,1,0,0,0,0,15,8,7,3,1,2,1,0,1,0,0,0,333,173,160
084,District-Mahendragarh,Urban,8,207,118,89,2,2,0,0,0,0,0,0,0,11,9,2,4,2,2,1,0,1,0,0,0,189,105,84
084,District-Mahendragarh,Urban,9,136,71,65,1,0,1,0,0,0,0,0,0,13,5,8,4,3,1,1,0,1,0,0,0,117,63,54
084,District-Mahendragarh,Urban,10,242,132,110,1,0,1,0,0,0,0,0,0,16,10,6,5,3,2,1,1,0,2,2,0,217,116,101
084,District-Mahendragarh,Urban,11,158,85,73,4,3,1,0,0,0,1,1,0,36,21,15,3,2,1,0,0,0,3,1,2,111,57,54
084,District-Mahendragarh,Urban,12,196,91,105,9,6,3,4,2,2,0,0,0,44,14,30,8,5,3,4,1,3,4,2,2,123,61,62
084,District-Mahendragarh,Urban,13,155,69,86,7,5,2,3,3,0,0,0,0,54,25,29,8,3,5,2,1,1,4,3,1,77,29,48
084,District-Mahendragarh,Urban,14,194,100,94,14,13,1,2,2,0,4,4,0,61,25,36,14,10,4,4,2,2,11,8,3,84,36,48
084,District-Mahendragarh,Urban,15,326,196,130,43,38,5,21,21,0,3,3,0,120,56,64,29,22,7,8,6,2,8,5,3,94,45,49
084,District-Mahendragarh,Urban,16,369,216,153,51,49,2,18,16,2,14,11,3,159,75,84,20,15,5,10,5,5,14,8,6,83,37,46
084,District-Mahendragarh,Urban,17,466,268,198,98,93,5,36,28,8,12,10,2,215,88,127,29,17,12,16,10,6,9,3,6,51,19,32
084,District-Mahendragarh,Urban,18,931,505,426,200,192,8,72,65,7,35,27,8,434,131,303,50,32,18,28,18,10,26,11,15,86,29,57
084,District-Mahendragarh,Urban,19,772,383,389,176,164,12,73,59,14,22,18,4,390,94,296,28,22,6,13,5,8,12,3,9,58,18,40
085,District-Rewari,Total,5-19,49532,26092,23440,4968,3988,980,2337,1253,1084,1076,497,579,9718,3078,6640,1369,885,484,587,312,275,181,100,81,29296,15979,13317
085,District-Rewari,Total,5,13115,7374,5741,4,3,1,1,1,0,0,0,0,83,44,39,35,17,18,21,7,14,6,2,4,12965,7300,5665
085,District-Rewari,Total,6,9326,5175,4151,2,1,1,1,0,1,0,0,0,113,69,44,29,17,12,16,9,7,4,2,2,9161,5077,4084
085,District-Rewari,Total,7,2246,1204,1042,3,2,1,1,1,0,2,1,1,98,51,47,9,2,7,4,4,0,2,1,1,2127,1142,985
085,District-Rewari,Total,8,1029,554,475,7,2,5,4,1,3,1,0,1,100,51,49,14,10,4,9,6,3,4,4,0,890,480,410
085,District-Rewari,Total,9,660,349,311,1,0,1,1,0,1,0,0,0,98,49,49,12,2,10,11,5,6,3,1,2,534,292,242
085,District-Rewari,Total,10,970,535,435,6,4,2,4,3,1,2,1,1,120,62,58,30,18,12,9,5,4,3,2,1,796,440,356
085,District-Rewari,Total,11,586,321,265,32,25,7,15,8,7,4,2,2,146,72,74,24,13,11,16,9,7,5,3,2,344,189,155
085,District-Rewari,Total,12,810,456,354,66,53,13,23,11,12,10,7,3,215,107,108,68,47,21,25,9,16,8,6,2,395,216,179
085,District-Rewari,Total,13,728,356,372,70,54,16,19,7,12,17,7,10,231,97,134,67,40,27,26,10,16,9,3,6,289,138,151
085,District-Rewari,Total,14,986,527,459,109,91,18,57,32,25,27,14,13,344,147,197,85,55,30,50,28,22,19,8,11,295,152,143
085,District-Rewari,Total,15,1545,856,689,255,213,42,116,75,41,66,32,34,574,249,325,154,111,43,64,32,32,15,9,6,301,135,166
085,District-Rewari,Total,16,2190,1112,1078,405,317,88,187,113,74,111,55,56,943,332,611,166,108,58,65,41,24,26,20,6,287,126,161
085,District-Rewari,Total,17,2848,1432,1416,618,509,109,339,194,145,144,72,72,1288,422,866,138,93,45,60,35,25,13,9,4,248,98,150
085,District-Rewari,Total,18,6326,3028,3298,1634,1310,324,774,407,367,336,164,172,2699,706,1993,348,227,121,131,79,52,36,18,18,368,117,251
085,District-Rewari,Total,19,6167,2813,3354,1756,1404,352,795,400,395,356,142,214,2666,620,2046,190,125,65,80,33,47,28,12,16,296,77,219
085,District-Rewari,Rural,5-19,35638,18505,17133,3552,2701,851,2130,1089,1041,1013,444,569,6882,2078,4804,848,515,333,486,252,234,147,72,75,20580,11354,9226
085,District-Rewari,Rural,5,9684,5494,4190,2,2,0,1,1,0,0,0,0,51,25,26,26,13,13,15,4,11,6,2,4,9583,5447,4136
085,District-Rewari,Rural,6,6853,3825,3028,1,1,0,0,0,0,0,0,0,75,47,28,15,10,5,9,3,6,4,2,2,6749,3762,2987
085,District-Rewari,Rural,7,1525,828,697,2,1,1,1,1,0,2,1,1,65,30,35,6,2,4,4,4,0,1,0,1,1444,789,655
085,District-Rewari,Rural,8,618,331,287,6,2,4,2,1,1,1,0,1,76,38,38,5,4,1,8,5,3,3,3,0,517,278,239
085,District-Rewari,Rural,9,404,224,180,1,0,1,1,0,1,0,0,0,64,38,26,8,1,7,10,5,5,2,1,1,318,179,139
085,District-Rewari,Rural,10,605,332,273,6,4,2,3,2,1,2,1,1,87,47,40,19,10,9,8,5,3,3,2,1,477,261,216
085,District-Rewari,Rural,11,369,212,157,17,13,4,10,5,5,3,1,2,92,49,43,15,8,7,15,9,6,4,3,1,213,124,89
085,District-Rewari,Rural,12,476,254,222,39,27,12,19,8,11,9,6,3,141,72,69,41,30,11,22,7,15,7,5,2,198,99,99
085,District-Rewari,Rural,13,456,218,238,53,39,14,16,4,12,17,7,10,146,60,86,45,24,21,18,7,11,8,2,6,153,75,78
085,District-Rewari,Rural,14,651,328,323,79,63,16,50,26,24,25,12,13,244,101,143,42,22,20,44,25,19,18,7,11,149,72,77
085,District-Rewari,Rural,15,1001,539,462,158,123,35,101,64,37,64,30,34,391,165,226,86,59,27,51,24,27,12,7,5,138,67,71
085,District-Rewari,Rural,16,1513,709,804,270,198,72,163,92,71,102,47,55,664,208,456,98,58,40,54,34,20,19,13,6,143,59,84
085,District-Rewari,Rural,17,2066,992,1074,434,340,94,306,168,138,138,67,71,901,276,625,87,57,30,48,27,21,12,9,3,140,48,92
085,District-Rewari,Rural,18,4695,2142,2553,1166,880,286,713,360,353,311,142,169,1941,484,1457,229,143,86,114,68,46,28,11,17,193,54,139
085,District-Rewari,Rural,19,4722,2077,2645,1318,1008,310,744,357,387,339,130,209,1944,438,1506,126,74,52,66,25,41,20,5,15,165,40,125
085,District-Rewari,Urban,5-19,13894,7587,6307,1416,1287,129,207,164,43,63,53,10,2836,1000,1836,521,370,151,101,60,41,34,28,6,8716,4625,4091
085,District-Rewari,Urban,5,3431,1880,1551,2,1,1,0,0,0,0,0,0,32,19,13,9,4,5,6,3,3,0,0,0,3382,1853,1529
085,District-Rewari,Urban,6,2473,1350,1123,1,0,1,1,0,1,0,0,0,38,22,16,14,7,7,7,6,1,0,0,0,2412,1315,1097
085,District-Rewari,Urban,7,721,376,345,1,1,0,0,0,0,0,0,0,33,21,12,3,0,3,0,0,0,1,1,0,683,353,330
085,District-Rewari,Urban,8,411,223,188,1,0,1,2,0,2,0,0,0,24,13,11,9,6,3,1,1,0,1,1,0,373,202,171
085,District-Rewari,Urban,9,256,125,131,0,0,0,0,0,0,0,0,0,34,11,23,4,1,3,1,0,1,1,0,1,216,113,103
085,District-Rewari,Urban,10,365,203,162,0,0,0,1,1,0,0,0,0,33,15,18,11,8,3,1,0,1,0,0,0,319,179,140
085,District-Rewari,Urban,11,217,109,108,15,12,3,5,3,2,1,1,0,54,23,31,9,5,4,1,0,1,1,0,1,131,65,66
085,District-Rewari,Urban,12,334,202,132,27,26,1,4,3,1,1,1,0,74,35,39,27,17,10,3,2,1,1,1,0,197,117,80
085,District-Rewari,Urban,13,272,138,134,17,15,2,3,3,0,0,0,0,85,37,48,22,16,6,8,3,5,1,1,0,136,63,73
085,District-Rewari,Urban,14,335,199,136,30,28,2,7,6,1,2,2,0,100,46,54,43,33,10,6,3,3,1,1,0,146,80,66
085,District-Rewari,Urban,15,544,317,227,97,90,7,15,11,4,2,2,0,183,84,99,68,52,16,13,8,5,3,2,1,163,68,95
085,District-Rewari,Urban,16,677,403,274,135,119,16,24,21,3,9,8,1,279,124,155,68,50,18,11,7,4,7,7,0,144,67,77
085,District-Rewari,Urban,17,782,440,342,184,169,15,33,26,7,6,5,1,387,146,241,51,36,15,12,8,4,1,0,1,108,50,58
085,District-Rewari,Urban,18,1631,886,745,468,430,38,61,47,14,25,22,3,758,222,536,119,84,35,17,11,6,8,7,1,175,63,112
085,District-Rewari,Urban,19,1445,736,709,438,396,42,51,43,8,17,12,5,722,182,540,64,51,13,14,8,6,8,7,1,131,37,94
086,District-Gurgaon,Total,5-19,88593,47902,40691,11469,9782,1687,2067,1381,686,706,497,209,18341,6498,11843,3882,2623,1259,865,462,403,253,164,89,51010,26495,24515
086,District-Gurgaon,Total,5,20361,11225,9136,6,3,3,8,6,2,0,0,0,391,198,193,122,72,50,79,44,35,1,1,0,19754,10901,8853
086,District-Gurgaon,Total,6,14741,8102,6639,10,8,2,3,1,2,1,1,0,468,257,211,82,49,33,58,31,27,3,2,1,14116,7753,6363
086,District-Gurgaon,Total,7,4403,2296,2107,11,6,5,9,5,4,0,0,0,304,172,132,43,27,16,26,13,13,5,3,2,4005,2070,1935
086,District-Gurgaon,Total,8,2465,1268,1197,15,9,6,3,3,0,0,0,0,325,174,151,42,25,17,25,12,13,4,0,4,2051,1045,1006
086,District-Gurgaon,Total,9,1780,922,858,24,12,12,6,4,2,2,0,2,246,128,118,42,23,19,17,9,8,1,0,1,1442,746,696
086,District-Gurgaon,Total,10,2576,1321,1255,32,20,12,7,4,3,2,1,1,378,192,186,61,34,27,29,16,13,4,0,4,2063,1054,1009
086,District-Gurgaon,Total,11,1614,806,808,104,85,19,14,8,6,7,5,2,394,182,212,65,36,29,21,7,14,11,8,3,998,475,523
086,District-Gurgaon,Total,12,2115,1087,1028,216,174,42,38,24,14,7,4,3,620,311,309,158,89,69,32,23,9,5,2,3,1039,460,579
086,District-Gurgaon,Total,13,1786,866,920,205,156,49,38,22,16,8,6,2,518,241,277,140,75,65,30,12,18,10,6,4,837,348,489
086,District-Gurgaon,Total,14,2298,1137,1161,337,256,81,44,24,20,19,14,5,868,385,483,216,116,100,38,19,19,16,12,4,760,311,449
086,District-Gurgaon,Total,15,3328,1798,1530,624,503,121,104,62,42,47,39,8,1218,518,700,371,234,137,63,32,31,17,12,5,884,398,486
086,District-Gurgaon,Total,16,4160,2234,1926,952,802,150,189,132,57,88,59,29,1679,642,1037,365,237,128,78,44,34,30,22,8,779,296,483
086,District-Gurgaon,Total,17,5055,2733,2322,1387,1151,236,274,188,86,90,67,23,2173,748,1425,435,303,132,78,45,33,34,22,12,584,209,375
086,District-Gurgaon,Total,18,11242,6252,4990,3706,3230,476,725,489,236,217,161,56,4398,1252,3146,987,733,254,180,97,83,72,41,31,957,249,708
086,District-Gurgaon,Total,19,10669,5855,4814,3840,3367,473,605,409,196,218,140,78,4361,1098,3263,753,570,183,111,58,53,40,33,7,741,180,561
086,District-Gurgaon,Rural,5-19,28359,14294,14065,3302,2837,465,1165,663,502,406,251,155,7447,2121,5326,486,349,137,234,94,140,72,37,35,15247,7942,7305
086,District-Gurgaon,Rural,5,6769,3812,2957,2,2,0,2,1,1,0,0,0,99,51,48,20,12,8,7,4,3,0,0,0,6639,3742,2897
086,District-Gurgaon,Rural,6,4548,2531,2017,1,0,1,0,0,0,0,0,0,138,73,65,11,8,3,3,2,1,0,0,0,4395,2448,1947
086,District-Gurgaon,Rural,7,1172,607,565,3,1,2,1,1,0,0,0,0,57,29,28,5,1,4,2,1,1,1,1,0,1103,573,530
086,District-Gurgaon,Rural,8,511,245,266,4,2,2,0,0,0,0,0,0,65,39,26,6,4,2,4,1,3,3,0,3,429,199,230
086,District-Gurgaon,Rural,9,396,205,191,4,2,2,1,0,1,0,0,0,41,24,17,6,3,3,2,1,1,0,0,0,342,175,167
086,District-Gurgaon,Rural,10,598,311,287,7,4,3,3,2,1,0,0,0,79,36,43,9,4,5,6,4,2,1,0,1,493,261,232
086,District-Gurgaon,Rural,11,363,158,205,19,15,4,6,3,3,2,1,1,111,42,69,9,3,6,4,2,2,3,1,2,209,91,118
086,District-Gurgaon,Rural,12,428,198,230,43,33,10,11,8,3,2,1,1,151,64,87,23,19,4,6,3,3,0,0,0,192,70,122
086,District-Gurgaon,Rural,13,427,184,243,45,38,7,14,7,7,2,2,0,154,62,92,13,7,6,8,2,6,3,2,1,188,64,124
086,District-Gurgaon,Rural,14,581,250,331,55,40,15,21,8,13,7,5,2,300,122,178,26,15,11,11,4,7,4,4,0,157,52,105
086,District-Gurgaon,Rural,15,930,414,516,124,103,21,58,26,32,21,15,6,431,155,276,55,38,17,19,3,16,2,1,1,220,73,147
086,District-Gurgaon,Rural,16,1372,643,729,247,219,28,93,59,34,55,32,23,689,220,469,49,38,11,35,14,21,5,4,1,199,57,142
086,District-Gurgaon,Rural,17,1831,817,1014,371,314,57,154,96,58,53,34,19,1009,283,726,42,29,13,28,12,16,11,5,6,163,44,119
086,District-Gurgaon,Rural,18,4275,1963,2312,1104,961,143,433,245,188,125,83,42,2098,486,1612,127,98,29,66,30,36,25,10,15,297,50,247
086,District-Gurgaon,Rural,19,4158,1956,2202,1273,1103,170,368,207,161,139,78,61,2025,435,1590,85,70,15,33,11,22,14,9,5,221,43,178
086,District-Gurgaon,Urban,5-19,60234,33608,26626,8167,6945,1222,902,718,184,300,246,54,10894,4377,6517,3396,2274,1122,631,368,263,181,127,54,35763,18553,17210
086,District-Gurgaon,Urban,5,13592,7413,6179,4,1,3,6,5,1,0,0,0,292,147,145,102,60,42,72,40,32,1,1,0,13115,7159,5956
086,District-Gurgaon,Urban,6,10193,5571,4622,9,8,1,3,1,2,1,1,0,330,184,146,71,41,30,55,29,26,3,2,1,9721,5305,4416
086,District-Gurgaon,Urban,7,3231,1689,1542,8,5,3,8,4,4,0,0,0,247,143,104,38,26,12,24,12,12,4,2,2,2902,1497,1405
086,District-Gurgaon,Urban,8,1954,1023,931,11,7,4,3,3,0,0,0,0,260,135,125,36,21,15,21,11,10,1,0,1,1622,846,776
086,District-Gurgaon,Urban,9,1384,717,667,20,10,10,5,4,1,2,0,2,205,104,101,36,20,16,15,8,7,1,0,1,1100,571,529
086,District-Gurgaon,Urban,10,1978,1010,968,25,16,9,4,2,2,2,1,1,299,156,143,52,30,22,23,12,11,3,0,3,1570,793,777
086,District-Gurgaon,Urban,11,1251,648,603,85,70,15,8,5,3,5,4,1,283,140,143,56,33,23,17,5,12,8,7,1,789,384,405
086,District-Gurgaon,Urban,12,1687,889,798,173,141,32,27,16,11,5,3,2,469,247,222,135,70,65,26,20,6,5,2,3,847,390,457
086,District-Gurgaon,Urban,13,1359,682,677,160,118,42,24,15,9,6,4,2,364,179,185,127,68,59,22,10,12,7,4,3,649,284,365
086,District-Gurgaon,Urban,14,1717,887,830,282,216,66,23,16,7,12,9,3,568,263,305,190,101,89,27,15,12,12,8,4,603,259,344
086,District-Gurgaon,Urban,15,2398,1384,1014,500,400,100,46,36,10,26,24,2,787,363,424,316,196,120,44,29,15,15,11,4,664,325,339
086,District-Gurgaon,Urban,16,2788,1591,1197,705,583,122,96,73,23,33,27,6,990,422,568,316,199,117,43,30,13,25,18,7,580,239,341
086,District-Gurgaon,Urban,17,3224,1916,1308,1016,837,179,120,92,28,37,33,4,1164,465,699,393,274,119,50,33,17,23,17,6,421,165,256
086,District-Gurgaon,Urban,18,6967,4289,2678,2602,2269,333,292,244,48,92,78,14,2300,766,1534,860,635,225,114,67,47,47,31,16,660,199,461
086,District-Gurgaon,Urban,19,6511,3899,2612,2567,2264,303,237,202,35,79,62,17,2336,663,1673,668,500,168,78,47,31,26,24,2,520,137,383
087,District-Mewat ,Total,5-19,210167,91563,118604,10089,9197,892,5298,3887,1411,1651,1026,625,33800,14340,19460,6083,3932,2151,4854,2044,2810,1729,532,1197,146663,56605,90058
087,District-Mewat ,Total,5,31369,16398,14971,4,4,0,2,2,0,0,0,0,180,93,87,70,37,33,45,24,21,14,8,6,31054,16230,14824
087,District-Mewat ,Total,6,25213,12685,12528,2,2,0,3,1,2,1,1,0,261,156,105,63,37,26,49,22,27,12,6,6,24822,12460,12362
087,District-Mewat ,Total,7,12670,5695,6975,5,2,3,4,1,3,1,1,0,298,141,157,46,21,25,26,10,16,8,5,3,12282,5514,6768
087,District-Mewat ,Total,8,10362,4258,6104,4,3,1,3,3,0,3,0,3,389,201,188,28,12,16,34,12,22,12,7,5,9889,4020,5869
087,District-Mewat ,Total,9,6896,2658,4238,9,5,4,6,6,0,6,4,2,465,222,243,28,10,18,34,9,25,21,3,18,6327,2399,3928
087,District-Mewat ,Total,10,9534,3603,5931,14,10,4,16,10,6,7,4,3,941,451,490,63,30,33,74,24,50,40,12,28,8379,3062,5317
087,District-Mewat ,Total,11,6632,2324,4308,56,44,12,44,21,23,26,15,11,1046,466,580,82,39,43,70,28,42,33,7,26,5275,1704,3571
087,District-Mewat ,Total,12,10021,3440,6581,156,135,21,118,67,51,65,29,36,2317,1019,1298,165,97,68,176,59,117,85,19,66,6939,2015,4924
087,District-Mewat ,Total,13,9400,3159,6241,199,164,35,160,104,56,73,29,44,2717,1071,1646,200,104,96,192,64,128,93,31,62,5766,1592,4174
087,District-Mewat ,Total,14,12686,4709,7977,444,374,70,366,224,142,157,94,63,4065,1743,2322,374,214,160,368,151,217,153,38,115,6759,1871,4888
087,District-Mewat ,Total,15,13698,5548,8150,824,735,89,539,382,157,210,124,86,4459,1992,2467,583,383,200,492,211,281,217,69,148,6374,1652,4722
087,District-Mewat ,Total,16,15356,6498,8858,1316,1191,125,795,579,216,282,177,105,4946,2175,2771,824,544,280,680,319,361,234,79,155,6279,1434,4845
087,District-Mewat ,Total,17,12756,5507,7249,1506,1384,122,828,616,212,207,128,79,3783,1568,2215,795,530,265,676,293,383,220,71,149,4741,917,3824
087,District-Mewat ,Total,18,20009,9132,10877,3115,2881,234,1436,1103,333,373,251,122,4955,1967,2988,1611,1132,479,1096,496,600,342,98,244,7081,1204,5877
087,District-Mewat ,Total,19,13565,5949,7616,2435,2263,172,978,768,210,240,169,71,2978,1075,1903,1151,742,409,842,322,520,245,79,166,4696,531,4165
087,District-Mewat ,Rural,5-19,193547,83510,110037,9213,8372,841,4945,3597,1348,1548,941,607,30364,12959,17405,5675,3586,2089,4605,1855,2750,1655,489,1166,135542,51711,83831
087,District-Mewat ,Rural,5,28607,14890,13717,3,3,0,2,2,0,0,0,0,152,74,78,65,34,31,42,23,19,14,8,6,28329,14746,13583
087,District-Mewat ,Rural,6,22965,11524,11441,2,2,0,3,1,2,1,1,0,229,134,95,58,34,24,44,20,24,11,5,6,22617,11327,11290
087,District-Mewat ,Rural,7,11720,5218,6502,5,2,3,4,1,3,1,1,0,248,113,135,42,18,24,25,9,16,8,5,3,11387,5069,6318
087,District-Mewat ,Rural,8,9647,3952,5695,3,2,1,3,3,0,3,0,3,327,169,158,27,12,15,32,10,22,10,6,4,9242,3750,5492
087,District-Mewat ,Rural,9,6390,2422,3968,8,5,3,4,4,0,6,4,2,404,195,209,27,10,17,32,8,24,20,2,18,5889,2194,3695
087,District-Mewat ,Rural,10,8904,3305,5599,13,9,4,14,8,6,7,4,3,853,403,450,55,24,31,70,21,49,40,12,28,7852,2824,5028
087,District-Mewat ,Rural,11,6117,2089,4028,49,37,12,41,20,21,23,12,11,933,402,531,71,34,37,68,27,41,33,7,26,4899,1550,3349
087,District-Mewat ,Rural,12,9323,3124,6199,142,121,21,111,61,50,63,28,35,2112,920,1192,144,81,63,162,47,115,81,16,65,6508,1850,4658
087,District-Mewat ,Rural,13,8753,2880,5873,183,149,34,152,98,54,66,23,43,2516,987,1529,184,89,95,186,60,126,90,30,60,5376,1444,3932
087,District-Mewat ,Rural,14,11847,4359,7488,418,350,68,348,212,136,152,89,63,3770,1622,2148,347,191,156,347,136,211,147,36,111,6318,1723,4595
087,District-Mewat ,Rural,15,12730,5092,7638,753,671,82,506,355,151,194,111,83,4103,1841,2262,532,338,194,468,193,275,207,62,145,5967,1521,4446
087,District-Mewat ,Rural,16,14253,5999,8254,1235,1116,119,748,543,205,266,164,102,4504,2002,2502,781,505,276,640,291,349,219,70,149,5860,1308,4552
087,District-Mewat ,Rural,17,11703,4993,6710,1364,1252,112,780,573,207,191,115,76,3363,1403,1960,738,480,258,647,269,378,210,66,144,4410,835,3575
087,District-Mewat ,Rural,18,18234,8304,9930,2848,2626,222,1328,1014,314,352,236,116,4292,1746,2546,1511,1046,465,1042,454,588,328,90,238,6533,1092,5441
087,District-Mewat ,Rural,19,12354,5359,6995,2187,2027,160,901,702,199,223,153,70,2558,948,1610,1093,690,403,800,287,513,237,74,163,4355,478,3877
087,District-Mewat ,Urban,5-19,16620,8053,8567,876,825,51,353,290,63,103,85,18,3436,1381,2055,408,346,62,249,189,60,74,43,31,11121,4894,6227
087,District-Mewat ,Urban,5,2762,1508,1254,1,1,0,0,0,0,0,0,0,28,19,9,5,3,2,3,1,2,0,0,0,2725,1484,1241
087,District-Mewat ,Urban,6,2248,1161,1087,0,0,0,0,0,0,0,0,0,32,22,10,5,3,2,5,2,3,1,1,0,2205,1133,1072
087,District-Mewat ,Urban,7,950,477,473,0,0,0,0,0,0,0,0,0,50,28,22,4,3,1,1,1,0,0,0,0,895,445,450
087,District-Mewat ,Urban,8,715,306,409,1,1,0,0,0,0,0,0,0,62,32,30,1,0,1,2,2,0,2,1,1,647,270,377
087,District-Mewat ,Urban,9,506,236,270,1,0,1,2,2,0,0,0,0,61,27,34,1,0,1,2,1,1,1,1,0,438,205,233
087,District-Mewat ,Urban,10,630,298,332,1,1,0,2,2,0,0,0,0,88,48,40,8,6,2,4,3,1,0,0,0,527,238,289
087,District-Mewat ,Urban,11,515,235,280,7,7,0,3,1,2,3,3,0,113,64,49,11,5,6,2,1,1,0,0,0,376,154,222
087,District-Mewat ,Urban,12,698,316,382,14,14,0,7,6,1,2,1,1,205,99,106,21,16,5,14,12,2,4,3,1,431,165,266
087,District-Mewat ,Urban,13,647,279,368,16,15,1,8,6,2,7,6,1,201,84,117,16,15,1,6,4,2,3,1,2,390,148,242
087,District-Mewat ,Urban,14,839,350,489,26,24,2,18,12,6,5,5,0,295,121,174,27,23,4,21,15,6,6,2,4,441,148,293
087,District-Mewat ,Urban,15,968,456,512,71,64,7,33,27,6,16,13,3,356,151,205,51,45,6,24,18,6,10,7,3,407,131,276
087,District-Mewat ,Urban,16,1103,499,604,81,75,6,47,36,11,16,13,3,442,173,269,43,39,4,40,28,12,15,9,6,419,126,293
087,District-Mewat ,Urban,17,1053,514,539,142,132,10,48,43,5,16,13,3,420,165,255,57,50,7,29,24,5,10,5,5,331,82,249
087,District-Mewat ,Urban,18,1775,828,947,267,255,12,108,89,19,21,15,6,663,221,442,100,86,14,54,42,12,14,8,6,548,112,436
087,District-Mewat ,Urban,19,1211,590,621,248,236,12,77,66,11,17,16,1,420,127,293,58,52,6,42,35,7,8,5,3,341,53,288
088,District-Faridabad,Total,5-19,124689,64236,60453,10627,9088,1539,2946,2088,858,586,472,114,31718,12436,19282,3962,2928,1034,2167,1226,941,331,234,97,72352,35764,36588
088,District-Faridabad,Total,5,23857,12943,10914,20,17,3,21,13,8,1,0,1,587,318,269,206,121,85,236,123,113,6,4,2,22780,12347,10433
088,District-Faridabad,Total,6,17153,9258,7895,15,12,3,13,7,6,3,2,1,655,360,295,135,79,56,219,104,115,12,10,2,16101,8684,7417
088,District-Faridabad,Total,7,6923,3533,3390,43,21,22,15,11,4,0,0,0,628,318,310,57,32,25,90,48,42,3,1,2,6087,3102,2985
088,District-Faridabad,Total,8,4624,2303,2321,56,36,20,18,12,6,1,1,0,635,318,317,60,37,23,76,32,44,4,1,3,3774,1866,1908
088,District-Faridabad,Total,9,3270,1686,1584,36,25,11,24,16,8,2,1,1,615,327,288,46,25,21,63,32,31,3,2,1,2481,1258,1223
088,District-Faridabad,Total,10,4335,2219,2116,67,45,22,28,14,14,5,3,2,851,441,410,69,41,28,110,63,47,7,5,2,3198,1607,1591
088,District-Faridabad,Total,11,3221,1590,1631,144,118,26,43,27,16,6,5,1,909,439,470,66,39,27,69,44,25,2,0,2,1982,918,1064
088,District-Faridabad,Total,12,3831,1898,1933,219,180,39,67,47,20,11,11,0,1210,568,642,111,79,32,105,51,54,13,7,6,2095,955,1140
088,District-Faridabad,Total,13,3615,1735,1880,234,189,45,85,52,33,8,5,3,1325,593,732,114,91,23,88,50,38,14,9,5,1747,746,1001
088,District-Faridabad,Total,14,4625,2240,2385,387,319,68,124,84,40,22,18,4,1780,795,985,166,124,42,103,52,51,20,16,4,2023,832,1191
088,District-Faridabad,Total,15,6022,3037,2985,701,575,126,217,145,72,39,34,5,2467,1066,1401,362,274,88,159,92,67,36,25,11,2041,826,1215
088,District-Faridabad,Total,16,7105,3594,3511,973,826,147,325,229,96,81,71,10,3105,1244,1861,422,326,96,146,86,60,42,30,12,2011,782,1229
088,District-Faridabad,Total,17,8131,4161,3970,1425,1233,192,406,303,103,93,72,21,3870,1434,2436,491,385,106,168,117,51,45,31,14,1633,586,1047
088,District-Faridabad,Total,18,14748,7524,7224,3091,2694,397,819,606,213,172,135,37,6863,2357,4506,952,730,222,310,202,108,79,56,23,2462,744,1718
088,District-Faridabad,Total,19,13229,6515,6714,3216,2798,418,741,522,219,142,114,28,6218,1858,4360,705,545,160,225,130,95,45,37,8,1937,511,1426
088,District-Faridabad,Rural,5-19,33395,15897,17498,2396,2057,339,916,664,252,259,195,64,8883,3096,5787,1039,650,389,560,312,248,166,109,57,19176,8814,10362
088,District-Faridabad,Rural,5,5925,3234,2691,3,3,0,3,2,1,0,0,0,106,68,38,37,20,17,15,11,4,1,0,1,5760,3130,2630
088,District-Faridabad,Rural,6,4018,2159,1859,3,2,1,2,0,2,1,1,0,123,66,57,28,16,12,21,9,12,7,6,1,3833,2059,1774
088,District-Faridabad,Rural,7,1617,820,797,7,2,5,3,3,0,0,0,0,98,50,48,17,8,9,14,8,6,2,1,1,1476,748,728
088,District-Faridabad,Rural,8,1258,604,654,5,3,2,5,4,1,0,0,0,122,61,61,19,7,12,9,4,5,1,0,1,1097,525,572
088,District-Faridabad,Rural,9,749,363,386,4,3,1,4,1,3,2,1,1,106,59,47,12,6,6,5,1,4,3,2,1,613,290,323
088,District-Faridabad,Rural,10,1019,467,552,13,6,7,4,1,3,4,3,1,161,76,85,18,9,9,18,11,7,4,3,1,797,358,439
088,District-Faridabad,Rural,11,781,346,435,23,18,5,8,3,5,1,1,0,181,96,85,27,14,13,14,8,6,1,0,1,526,206,320
088,District-Faridabad,Rural,12,1097,482,615,55,48,7,20,13,7,4,4,0,296,139,157,35,25,10,32,12,20,9,6,3,646,235,411
088,District-Faridabad,Rural,13,990,392,598,45,35,10,22,12,10,1,0,1,316,128,188,34,23,11,20,10,10,10,6,4,542,178,364
088,District-Faridabad,Rural,14,1377,568,809,84,70,14,46,34,12,8,5,3,504,203,301,40,23,17,37,16,21,10,7,3,648,210,438
088,District-Faridabad,Rural,15,1778,797,981,143,115,28,79,55,24,16,13,3,734,302,432,99,69,30,58,35,23,20,14,6,629,194,435
088,District-Faridabad,Rural,16,2178,968,1210,226,191,35,119,89,30,37,30,7,959,336,623,106,69,37,55,33,22,16,12,4,660,208,452
088,District-Faridabad,Rural,17,2393,1037,1356,312,266,46,110,86,24,39,28,11,1198,379,819,138,92,46,58,38,20,20,11,9,518,137,381
088,District-Faridabad,Rural,18,4464,1986,2478,735,650,85,273,198,75,87,63,24,2140,624,1516,236,149,87,120,71,49,43,28,15,830,203,627
088,District-Faridabad,Rural,19,3751,1674,2077,738,645,93,218,163,55,59,46,13,1839,509,1330,193,120,73,84,45,39,19,13,6,601,133,468
088,District-Faridabad,Urban,5-19,91294,48339,42955,8231,7031,1200,2030,1424,606,327,277,50,22835,9340,13495,2923,2278,645,1607,914,693,165,125,40,53176,26950,26226
088,District-Faridabad,Urban,5,17932,9709,8223,17,14,3,18,11,7,1,0,1,481,250,231,169,101,68,221,112,109,5,4,1,17020,9217,7803
088,District-Faridabad,Urban,6,13135,7099,6036,12,10,2,11,7,4,2,1,1,532,294,238,107,63,44,198,95,103,5,4,1,12268,6625,5643
088,District-Faridabad,Urban,7,5306,2713,2593,36,19,17,12,8,4,0,0,0,530,268,262,40,24,16,76,40,36,1,0,1,4611,2354,2257
088,District-Faridabad,Urban,8,3366,1699,1667,51,33,18,13,8,5,1,1,0,513,257,256,41,30,11,67,28,39,3,1,2,2677,1341,1336
088,District-Faridabad,Urban,9,2521,1323,1198,32,22,10,20,15,5,0,0,0,509,268,241,34,19,15,58,31,27,0,0,0,1868,968,900
088,District-Faridabad,Urban,10,3316,1752,1564,54,39,15,24,13,11,1,0,1,690,365,325,51,32,19,92,52,40,3,2,1,2401,1249,1152
088,District-Faridabad,Urban,11,2440,1244,1196,121,100,21,35,24,11,5,4,1,728,343,385,39,25,14,55,36,19,1,0,1,1456,712,744
088,District-Faridabad,Urban,12,2734,1416,1318,164,132,32,47,34,13,7,7,0,914,429,485,76,54,22,73,39,34,4,1,3,1449,720,729
088,District-Faridabad,Urban,13,2625,1343,1282,189,154,35,63,40,23,7,5,2,1009,465,544,80,68,12,68,40,28,4,3,1,1205,568,637
088,District-Faridabad,Urban,14,3248,1672,1576,303,249,54,78,50,28,14,13,1,1276,592,684,126,101,25,66,36,30,10,9,1,1375,622,753
088,District-Faridabad,Urban,15,4244,2240,2004,558,460,98,138,90,48,23,21,2,1733,764,969,263,205,58,101,57,44,16,11,5,1412,632,780
088,District-Faridabad,Urban,16,4927,2626,2301,747,635,112,206,140,66,44,41,3,2146,908,1238,316,257,59,91,53,38,26,18,8,1351,574,777
088,District-Faridabad,Urban,17,5738,3124,2614,1113,967,146,296,217,79,54,44,10,2672,1055,1617,353,293,60,110,79,31,25,20,5,1115,449,666
088,District-Faridabad,Urban,18,10284,5538,4746,2356,2044,312,546,408,138,85,72,13,4723,1733,2990,716,581,135,190,131,59,36,28,8,1632,541,1091
088,District-Faridabad,Urban,19,9478,4841,4637,2478,2153,325,523,359,164,83,68,15,4379,1349,3030,512,425,87,141,85,56,26,24,2,1336,378,958
089,District-Palwal ,Total,5-19,103894,48118,55776,6558,5830,728,3952,2731,1221,1502,848,654,21535,7695,13840,2635,1813,822,2505,1131,1374,906,298,608,64301,27772,36529
089,District-Palwal ,Total,5,19879,10678,9201,2,2,0,4,4,0,0,0,0,182,97,85,73,40,33,54,29,25,7,3,4,19557,10503,9054
089,District-Palwal ,Total,6,13542,7000,6542,3,3,0,4,2,2,1,1,0,220,120,100,49,32,17,43,24,19,7,6,1,13215,6812,6403
089,District-Palwal ,Total,7,5041,2440,2601,7,5,2,3,1,2,1,1,0,163,91,72,18,7,11,21,11,10,2,2,0,4826,2322,2504
089,District-Palwal ,Total,8,3403,1484,1919,5,4,1,5,3,2,0,0,0,225,97,128,16,14,2,15,6,9,7,4,3,3130,1356,1774
089,District-Palwal ,Total,9,2366,976,1390,11,9,2,3,3,0,1,0,1,219,121,98,18,11,7,15,8,7,5,2,3,2094,822,1272
089,District-Palwal ,Total,10,3263,1325,1938,7,4,3,9,5,4,6,1,5,411,199,212,30,18,12,39,17,22,15,1,14,2746,1080,1666
089,District-Palwal ,Total,11,2265,870,1395,40,36,4,29,14,15,7,5,2,425,198,227,36,19,17,39,11,28,17,6,11,1672,581,1091
089,District-Palwal ,Total,12,3339,1243,2096,78,64,14,62,41,21,35,17,18,851,360,491,81,52,29,87,37,50,39,12,27,2106,660,1446
089,District-Palwal ,Total,13,3247,1224,2023,98,86,12,80,53,27,50,29,21,981,429,552,80,48,32,93,37,56,60,17,43,1805,525,1280
089,District-Palwal ,Total,14,4553,1764,2789,192,162,30,171,113,58,104,50,54,1613,660,953,127,76,51,166,69,97,85,25,60,2095,609,1486
089,District-Palwal ,Total,15,5795,2494,3301,412,351,61,298,201,97,141,77,64,2108,876,1232,239,185,54,255,112,143,109,40,69,2233,652,1581
089,District-Palwal ,Total,16,7108,3114,3994,688,598,90,493,353,140,223,121,102,2752,1021,1731,314,233,81,281,138,143,121,40,81,2236,610,1626
089,District-Palwal ,Total,17,7047,3139,3908,903,803,100,584,414,170,221,126,95,2832,965,1867,345,243,102,281,137,144,106,35,71,1775,416,1359
089,District-Palwal ,Total,18,12983,5889,7094,2124,1899,225,1205,839,366,404,255,149,4865,1462,3403,746,529,217,625,294,331,174,64,110,2840,547,2293
089,District-Palwal ,Total,19,10063,4478,5585,1988,1804,184,1002,685,317,308,165,143,3688,999,2689,463,306,157,491,201,290,152,41,111,1971,277,1694
089,District-Palwal ,Rural,5-19,86179,38749,47430,5438,4818,620,3467,2327,1140,1388,746,642,17453,6126,11327,2201,1440,761,2216,897,1319,853,254,599,53163,22141,31022
089,District-Palwal ,Rural,5,16247,8686,7561,1,1,0,1,1,0,0,0,0,121,61,60,62,32,30,38,20,18,6,3,3,16018,8568,7450
089,District-Palwal ,Rural,6,10917,5567,5350,3,3,0,3,2,1,1,1,0,157,84,73,35,22,13,21,8,13,7,6,1,10690,5441,5249
089,District-Palwal ,Rural,7,4121,1961,2160,5,3,2,2,0,2,1,1,0,121,70,51,15,6,9,20,10,10,2,2,0,3955,1869,2086
089,District-Palwal ,Rural,8,2875,1184,1691,1,1,0,3,1,2,0,0,0,184,79,105,13,11,2,14,5,9,7,4,3,2653,1083,1570
089,District-Palwal ,Rural,9,1919,772,1147,7,7,0,3,3,0,1,0,1,161,87,74,14,7,7,11,6,5,4,1,3,1718,661,1057
089,District-Palwal ,Rural,10,2663,1014,1649,6,3,3,8,5,3,4,0,4,317,148,169,24,13,11,33,13,20,14,1,13,2257,831,1426
089,District-Palwal ,Rural,11,1926,673,1253,32,28,4,28,14,14,4,2,2,336,144,192,32,17,15,36,9,27,15,4,11,1443,455,988
089,District-Palwal ,Rural,12,2875,1002,1873,66,53,13,54,36,18,32,14,18,711,299,412,68,40,28,78,30,48,39,12,27,1827,518,1309
089,District-Palwal ,Rural,13,2791,981,1810,73,63,10,72,46,26,46,25,21,837,360,477,66,38,28,84,29,55,58,16,42,1555,404,1151
089,District-Palwal ,Rural,14,3971,1461,2510,157,129,28,157,99,58,99,46,53,1407,567,840,104,59,45,153,59,94,83,23,60,1811,479,1332
089,District-Palwal ,Rural,15,4923,2007,2916,348,297,51,262,169,93,136,72,64,1767,714,1053,199,148,51,225,88,137,103,34,69,1883,485,1398
089,District-Palwal ,Rural,16,6070,2540,3530,578,499,79,443,309,134,210,109,101,2331,835,1496,272,194,78,250,111,139,115,34,81,1871,449,1422
089,District-Palwal ,Rural,17,5837,2516,3321,736,651,85,507,349,158,206,113,93,2281,767,1514,278,184,94,254,115,139,99,29,70,1476,308,1168
089,District-Palwal ,Rural,18,10800,4804,5996,1795,1597,198,1056,716,340,365,219,146,3879,1169,2710,624,423,201,546,228,318,161,53,108,2374,399,1975
089,District-Palwal ,Rural,19,8244,3581,4663,1630,1483,147,868,577,291,283,144,139,2843,742,2101,395,246,149,453,166,287,140,32,108,1632,191,1441
089,District-Palwal ,Urban,5-19,17715,9369,8346,1120,1012,108,485,404,81,114,102,12,4082,1569,2513,434,373,61,289,234,55,53,44,9,11138,5631,5507
089,District-Palwal ,Urban,5,3632,1992,1640,1,1,0,3,3,0,0,0,0,61,36,25,11,8,3,16,9,7,1,0,1,3539,1935,1604
089,District-Palwal ,Urban,6,2625,1433,1192,0,0,0,1,0,1,0,0,0,63,36,27,14,10,4,22,16,6,0,0,0,2525,1371,1154
089,District-Palwal ,Urban,7,920,479,441,2,2,0,1,1,0,0,0,0,42,21,21,3,1,2,1,1,0,0,0,0,871,453,418
089,District-Palwal ,Urban,8,528,300,228,4,3,1,2,2,0,0,0,0,41,18,23,3,3,0,1,1,0,0,0,0,477,273,204
089,District-Palwal ,Urban,9,447,204,243,4,2,2,0,0,0,0,0,0,58,34,24,4,4,0,4,2,2,1,1,0,376,161,215
089,District-Palwal ,Urban,10,600,311,289,1,1,0,1,0,1,2,1,1,94,51,43,6,5,1,6,4,2,1,0,1,489,249,240
089,District-Palwal ,Urban,11,339,197,142,8,8,0,1,0,1,3,3,0,89,54,35,4,2,2,3,2,1,2,2,0,229,126,103
089,District-Palwal ,Urban,12,464,241,223,12,11,1,8,5,3,3,3,0,140,61,79,13,12,1,9,7,2,0,0,0,279,142,137
089,District-Palwal ,Urban,13,456,243,213,25,23,2,8,7,1,4,4,0,144,69,75,14,10,4,9,8,1,2,1,1,250,121,129
089,District-Palwal ,Urban,14,582,303,279,35,33,2,14,14,0,5,4,1,206,93,113,23,17,6,13,10,3,2,2,0,284,130,154
089,District-Palwal ,Urban,15,872,487,385,64,54,10,36,32,4,5,5,0,341,162,179,40,37,3,30,24,6,6,6,0,350,167,183
089,District-Palwal ,Urban,16,1038,574,464,110,99,11,50,44,6,13,12,1,421,186,235,42,39,3,31,27,4,6,6,0,365,161,204
089,District-Palwal ,Urban,17,1210,623,587,167,152,15,77,65,12,15,13,2,551,198,353,67,59,8,27,22,5,7,6,1,299,108,191
089,District-Palwal ,Urban,18,2183,1085,1098,329,302,27,149,123,26,39,36,3,986,293,693,122,106,16,79,66,13,13,11,2,466,148,318
089,District-Palwal ,Urban,19,1819,897,922,358,321,37,134,108,26,25,21,4,845,257,588,68,60,8,38,35,3,12,9,3,339,86,253
