023,District-Chamba,Total,5-19,37773,16742,21031,3652,2282,1370,7476,3037,4439,3992,1482,2510,4872,1793,3079,833,384,449,1408,383,1025,952,311,641,14588,7070,7518
023,District-Chamba,Total,5,7472,3812,3660,3,2,1,2,0,2,4,2,2,85,44,41,42,23,19,67,34,33,82,47,35,7187,3660,3527
023,District-Chamba,Total,6,4048,2060,1988,2,1,1,4,3,1,8,3,5,110,44,66,25,13,12,54,22,32,93,45,48,3752,1929,1823
023,District-Chamba,Total,7,1239,602,637,10,5,5,4,4,0,8,5,3,98,45,53,5,2,3,16,5,11,52,30,22,1046,506,540
023,District-Chamba,Total,8,618,274,344,7,3,4,1,1,0,11,4,7,77,41,36,10,6,4,18,8,10,37,13,24,457,198,259
023,District-Chamba,Total,9,465,197,268,17,10,7,5,2,3,7,4,3,78,27,51,10,2,8,18,7,11,19,10,9,311,135,176
023,District-Chamba,Total,10,634,265,369,15,7,8,16,3,13,18,2,16,100,48,52,20,6,14,38,10,28,33,8,25,394,181,213
023,District-Chamba,Total,11,675,244,431,43,23,20,61,21,40,74,21,53,150,69,81,22,11,11,36,6,30,28,7,21,261,86,175
023,District-Chamba,Total,12,861,288,573,58,28,30,122,37,85,112,28,84,225,84,141,32,19,13,71,13,58,47,12,35,194,67,127
023,District-Chamba,Total,13,1115,399,716,99,57,42,232,73,159,158,43,115,263,96,167,46,23,23,81,24,57,45,17,28,191,66,125
023,District-Chamba,Total,14,1490,475,1015,149,73,76,365,120,245,233,65,168,361,100,261,57,28,29,96,28,68,70,12,58,159,49,110
023,District-Chamba,Total,15,2138,837,1301,255,149,106,587,219,368,378,131,247,488,187,301,76,36,40,119,35,84,75,23,52,160,57,103
023,District-Chamba,Total,16,2684,1055,1629,371,212,159,866,330,536,500,189,311,514,182,332,87,34,53,141,37,104,82,24,58,123,47,76
023,District-Chamba,Total,17,3473,1469,2004,547,340,207,1260,506,754,620,240,380,631,245,386,80,40,40,142,37,105,78,22,56,115,39,76
023,District-Chamba,Total,18,5269,2290,2979,935,604,331,1926,839,1087,922,371,551,810,279,531,174,79,95,268,70,198,111,17,94,123,31,92
023,District-Chamba,Total,19,5592,2475,3117,1141,768,373,2025,879,1146,939,374,565,882,302,580,147,62,85,243,47,196,100,24,76,115,19,96
023,District-Chamba,Rural,5-19,36843,16238,20605,3569,2210,1359,7438,3005,4433,3975,1470,2505,4576,1651,2925,819,372,447,1402,380,1022,950,310,640,14114,6840,7274
023,District-Chamba,Rural,5,7236,3698,3538,3,2,1,2,0,2,4,2,2,79,40,39,42,23,19,66,33,33,82,47,35,6958,3551,3407
023,District-Chamba,Rural,6,3869,1963,1906,2,1,1,4,3,1,8,3,5,102,40,62,25,13,12,54,22,32,93,45,48,3581,1836,1745
023,District-Chamba,Rural,7,1219,600,619,10,5,5,4,4,0,8,5,3,94,45,49,5,2,3,16,5,11,52,30,22,1030,504,526
023,District-Chamba,Rural,8,606,267,339,7,3,4,1,1,0,11,4,7,75,39,36,10,6,4,18,8,10,37,13,24,447,193,254
023,District-Chamba,Rural,9,457,194,263,17,10,7,5,2,3,7,4,3,74,25,49,10,2,8,18,7,11,19,10,9,307,134,173
023,District-Chamba,Rural,10,618,257,361,15,7,8,16,3,13,18,2,16,94,44,50,20,6,14,38,10,28,33,8,25,384,177,207
023,District-Chamba,Rural,11,659,235,424,39,20,19,61,21,40,74,21,53,145,68,77,22,11,11,36,6,30,28,7,21,254,81,173
023,District-Chamba,Rural,12,844,280,564,55,27,28,122,37,85,112,28,84,219,82,137,32,19,13,71,13,58,47,12,35,186,62,124
023,District-Chamba,Rural,13,1097,390,707,95,53,42,231,72,159,157,43,114,253,92,161,46,23,23,81,24,57,45,17,28,189,66,123
023,District-Chamba,Rural,14,1466,461,1005,144,68,76,363,119,244,233,65,168,347,93,254,57,28,29,95,28,67,69,11,58,158,49,109
023,District-Chamba,Rural,15,2101,818,1283,248,143,105,585,217,368,375,130,245,467,178,289,75,36,39,119,35,84,75,23,52,157,56,101
023,District-Chamba,Rural,16,2642,1029,1613,368,210,158,861,325,536,499,188,311,489,169,320,86,33,53,139,36,103,81,24,57,119,44,75
023,District-Chamba,Rural,17,3403,1425,1978,537,330,207,1257,505,752,616,238,378,583,218,365,79,39,40,141,36,105,78,22,56,112,37,75
023,District-Chamba,Rural,18,5168,2227,2941,917,589,328,1914,829,1085,917,366,551,756,253,503,166,72,94,268,70,198,111,17,94,119,31,88
023,District-Chamba,Rural,19,5458,2394,3064,1112,742,370,2012,867,1145,936,371,565,799,265,534,144,59,85,242,47,195,100,24,76,113,19,94
023,District-Chamba,Urban,5-19,930,504,426,83,72,11,38,32,6,17,12,5,296,142,154,14,12,2,6,3,3,2,1,1,474,230,244
023,District-Chamba,Urban,5,236,114,122,0,0,0,0,0,0,0,0,0,6,4,2,0,0,0,1,1,0,0,0,0,229,109,120
023,District-Chamba,Urban,6,179,97,82,0,0,0,0,0,0,0,0,0,8,4,4,0,0,0,0,0,0,0,0,0,171,93,78
023,District-Chamba,Urban,7,20,2,18,0,0,0,0,0,0,0,0,0,4,0,4,0,0,0,0,0,0,0,0,0,16,2,14
023,District-Chamba,Urban,8,12,7,5,0,0,0,0,0,0,0,0,0,2,2,0,0,0,0,0,0,0,0,0,0,10,5,5
023,District-Chamba,Urban,9,8,3,5,0,0,0,0,0,0,0,0,0,4,2,2,0,0,0,0,0,0,0,0,0,4,1,3
023,District-Chamba,Urban,10,16,8,8,0,0,0,0,0,0,0,0,0,6,4,2,0,0,0,0,0,0,0,0,0,10,4,6
023,District-Chamba,Urban,11,16,9,7,4,3,1,0,0,0,0,0,0,5,1,4,0,0,0,0,0,0,0,0,0,7,5,2
023,District-Chamba,Urban,12,17,8,9,3,1,2,0,0,0,0,0,0,6,2,4,0,0,0,0,0,0,0,0,0,8,5,3
023,District-Chamba,Urban,13,18,9,9,4,4,0,1,1,0,1,0,1,10,4,6,0,0,0,0,0,0,0,0,0,2,0,2
023,District-Chamba,Urban,14,24,14,10,5,5,0,2,1,1,0,0,0,14,7,7,0,0,0,1,0,1,1,1,0,1,0,1
023,District-Chamba,Urban,15,37,19,18,7,6,1,2,2,0,3,1,2,21,9,12,1,0,1,0,0,0,0,0,0,3,1,2
023,District-Chamba,Urban,16,42,26,16,3,2,1,5,5,0,1,1,0,25,13,12,1,1,0,2,1,1,1,0,1,4,3,1
023,District-Chamba,Urban,17,70,44,26,10,10,0,3,1,2,4,2,2,48,27,21,1,1,0,1,1,0,0,0,0,3,2,1
023,District-Chamba,Urban,18,101,63,38,18,15,3,12,10,2,5,5,0,54,26,28,8,7,1,0,0,0,0,0,0,4,0,4
023,District-Chamba,Urban,19,134,81,53,29,26,3,13,12,1,3,3,0,83,37,46,3,3,0,1,0,1,0,0,0,2,0,2
024,District-Kangra,Total,5-19,53721,28135,25586,3821,3020,801,4609,2658,1951,2752,1321,1431,10395,4114,6281,788,481,307,525,270,255,419,196,223,30412,16075,14337
024,District-Kangra,Total,5,15242,8194,7048,16,11,5,13,6,7,5,2,3,214,101,113,58,27,31,33,18,15,81,46,35,14822,7983,6839
024,District-Kangra,Total,6,9957,5384,4573,6,3,3,4,1,3,6,2,4,254,131,123,36,25,11,30,17,13,88,52,36,9533,5153,4380
024,District-Kangra,Total,7,2235,1182,1053,23,21,2,17,7,10,8,4,4,267,136,131,11,9,2,12,7,5,27,13,14,1870,985,885
024,District-Kangra,Total,8,690,359,331,14,9,5,9,5,4,9,3,6,165,81,84,9,6,3,5,3,2,11,5,6,468,247,221
024,District-Kangra,Total,9,806,410,396,12,11,1,10,1,9,11,4,7,177,100,77,11,9,2,5,2,3,9,3,6,571,280,291
024,District-Kangra,Total,10,1292,638,654,14,9,5,17,9,8,15,6,9,201,115,86,16,9,7,11,3,8,17,5,12,1001,482,519
024,District-Kangra,Total,11,884,452,432,32,22,10,37,22,15,22,11,11,228,114,114,19,8,11,15,6,9,4,0,4,527,269,258
024,District-Kangra,Total,12,708,347,361,61,44,17,62,43,19,32,15,17,249,107,142,27,14,13,22,10,12,19,6,13,236,108,128
024,District-Kangra,Total,13,697,355,342,74,58,16,53,25,28,44,23,21,268,140,128,27,14,13,11,8,3,22,8,14,198,79,119
024,District-Kangra,Total,14,896,438,458,113,85,28,93,53,40,63,30,33,349,145,204,31,21,10,24,5,19,17,4,13,206,95,111
024,District-Kangra,Total,15,1363,679,684,182,134,48,173,101,72,131,68,63,486,198,288,91,57,34,60,26,34,24,10,14,216,85,131
024,District-Kangra,Total,16,1863,952,911,265,211,54,307,175,132,187,85,102,752,317,435,80,45,35,55,30,25,25,9,16,192,80,112
024,District-Kangra,Total,17,2993,1557,1436,476,378,98,593,352,241,374,171,203,1225,484,741,80,48,32,54,35,19,17,8,9,174,81,93
024,District-Kangra,Total,18,6093,3165,2928,1066,863,203,1333,777,556,746,370,376,2423,892,1531,167,107,60,108,55,53,34,18,16,216,83,133
024,District-Kangra,Total,19,8002,4023,3979,1467,1161,306,1888,1081,807,1099,527,572,3137,1053,2084,125,82,43,80,45,35,24,9,15,182,65,117
024,District-Kangra,Rural,5-19,50809,26475,24334,3480,2744,736,4499,2573,1926,2730,1304,1426,9726,3783,5943,665,400,265,468,238,230,397,185,212,28844,15248,13596
024,District-Kangra,Rural,5,14618,7849,6769,15,10,5,13,6,7,5,2,3,205,96,109,55,25,30,30,17,13,78,43,35,14217,7650,6567
024,District-Kangra,Rural,6,9461,5120,4341,4,2,2,4,1,3,6,2,4,240,125,115,33,22,11,30,17,13,86,52,34,9058,4899,4159
024,District-Kangra,Rural,7,2082,1107,975,15,14,1,16,6,10,7,3,4,247,128,119,10,8,2,9,5,4,23,12,11,1755,931,824
024,District-Kangra,Rural,8,628,324,304,11,6,5,9,5,4,9,3,6,154,76,78,8,6,2,5,3,2,11,5,6,421,220,201
024,District-Kangra,Rural,9,738,373,365,10,9,1,10,1,9,11,4,7,167,97,70,8,6,2,5,2,3,8,2,6,519,252,267
024,District-Kangra,Rural,10,1190,584,606,10,6,4,17,9,8,14,6,8,192,110,82,14,9,5,10,2,8,17,5,12,916,437,479
024,District-Kangra,Rural,11,798,410,388,26,19,7,36,21,15,22,11,11,199,99,100,16,6,10,13,6,7,3,0,3,483,248,235
024,District-Kangra,Rural,12,636,306,330,50,37,13,61,42,19,32,15,17,221,89,132,26,14,12,18,10,8,19,6,13,209,93,116
024,District-Kangra,Rural,13,640,321,319,68,54,14,53,25,28,44,23,21,243,123,120,22,10,12,9,6,3,22,8,14,179,72,107
024,District-Kangra,Rural,14,827,401,426,98,76,22,91,52,39,63,30,33,323,131,192,26,18,8,23,5,18,16,4,12,187,85,102
024,District-Kangra,Rural,15,1249,606,643,159,119,40,168,97,71,130,67,63,440,169,271,71,44,27,56,24,32,23,9,14,202,77,125
024,District-Kangra,Rural,16,1705,851,854,240,189,51,291,162,129,186,84,102,679,275,404,61,34,27,49,25,24,20,7,13,179,75,104
024,District-Kangra,Rural,17,2828,1450,1378,433,344,89,579,343,236,370,167,203,1157,444,713,68,41,27,44,28,16,16,7,9,161,76,85
024,District-Kangra,Rural,18,5768,2958,2810,972,783,189,1300,751,549,738,365,373,2292,833,1459,146,92,54,93,46,47,32,16,16,195,72,123
024,District-Kangra,Rural,19,7641,3815,3826,1369,1076,293,1851,1052,799,1093,522,571,2967,988,1979,101,65,36,74,42,32,23,9,14,163,61,102
024,District-Kangra,Urban,5-19,2912,1660,1252,341,276,65,110,85,25,22,17,5,669,331,338,123,81,42,57,32,25,22,11,11,1568,827,741
024,District-Kangra,Urban,5,624,345,279,1,1,0,0,0,0,0,0,0,9,5,4,3,2,1,3,1,2,3,3,0,605,333,272
024,District-Kangra,Urban,6,496,264,232,2,1,1,0,0,0,0,0,0,14,6,8,3,3,0,0,0,0,2,0,2,475,254,221
024,District-Kangra,Urban,7,153,75,78,8,7,1,1,1,0,1,1,0,20,8,12,1,1,0,3,2,1,4,1,3,115,54,61
024,District-Kangra,Urban,8,62,35,27,3,3,0,0,0,0,0,0,0,11,5,6,1,0,1,0,0,0,0,0,0,47,27,20
024,District-Kangra,Urban,9,68,37,31,2,2,0,0,0,0,0,0,0,10,3,7,3,3,0,0,0,0,1,1,0,52,28,24
024,District-Kangra,Urban,10,102,54,48,4,3,1,0,0,0,1,0,1,9,5,4,2,0,2,1,1,0,0,0,0,85,45,40
024,District-Kangra,Urban,11,86,42,44,6,3,3,1,1,0,0,0,0,29,15,14,3,2,1,2,0,2,1,0,1,44,21,23
024,District-Kangra,Urban,12,72,41,31,11,7,4,1,1,0,0,0,0,28,18,10,1,0,1,4,0,4,0,0,0,27,15,12
024,District-Kangra,Urban,13,57,34,23,6,4,2,0,0,0,0,0,0,25,17,8,5,4,1,2,2,0,0,0,0,19,7,12
024,District-Kangra,Urban,14,69,37,32,15,9,6,2,1,1,0,0,0,26,14,12,5,3,2,1,0,1,1,0,1,19,10,9
024,District-Kangra,Urban,15,114,73,41,23,15,8,5,4,1,1,1,0,46,29,17,20,13,7,4,2,2,1,1,0,14,8,6
024,District-Kangra,Urban,16,158,101,57,25,22,3,16,13,3,1,1,0,73,42,31,19,11,8,6,5,1,5,2,3,13,5,8
024,District-Kangra,Urban,17,165,107,58,43,34,9,14,9,5,4,4,0,68,40,28,12,7,5,10,7,3,1,1,0,13,5,8
024,District-Kangra,Urban,18,325,207,118,94,80,14,33,26,7,8,5,3,131,59,72,21,15,6,15,9,6,2,2,0,21,11,10
024,District-Kangra,Urban,19,361,208,153,98,85,13,37,29,8,6,5,1,170,65,105,24,17,7,6,3,3,1,0,1,19,4,15
025,District-Lahul & Spiti,Total,5-19,1472,835,637,221,120,101,125,76,49,117,75,42,159,75,84,123,104,19,39,33,6,4,4,0,684,348,336
025,District-Lahul & Spiti,Total,5,330,170,160,0,0,0,0,0,0,0,0,0,3,1,2,4,1,3,0,0,0,0,0,0,323,168,155
025,District-Lahul & Spiti,Total,6,218,106,112,1,1,0,0,0,0,0,0,0,10,6,4,2,1,1,1,0,1,0,0,0,204,98,106
025,District-Lahul & Spiti,Total,7,85,42,43,0,0,0,1,1,0,0,0,0,6,4,2,1,0,1,0,0,0,0,0,0,77,37,40
025,District-Lahul & Spiti,Total,8,26,14,12,0,0,0,0,0,0,0,0,0,3,3,0,0,0,0,0,0,0,0,0,0,23,11,12
025,District-Lahul & Spiti,Total,9,13,9,4,0,0,0,0,0,0,0,0,0,4,2,2,0,0,0,0,0,0,0,0,0,9,7,2
025,District-Lahul & Spiti,Total,10,20,11,9,0,0,0,1,1,0,2,2,0,5,2,3,0,0,0,0,0,0,0,0,0,12,6,6
025,District-Lahul & Spiti,Total,11,15,10,5,1,1,0,1,1,0,4,3,1,3,0,3,0,0,0,0,0,0,0,0,0,6,5,1
025,District-Lahul & Spiti,Total,12,26,16,10,4,4,0,2,1,1,4,3,1,9,5,4,2,0,2,0,0,0,0,0,0,5,3,2
025,District-Lahul & Spiti,Total,13,28,20,8,2,2,0,5,5,0,5,4,1,9,4,5,2,2,0,3,2,1,0,0,0,2,1,1
025,District-Lahul & Spiti,Total,14,59,45,14,8,4,4,8,5,3,14,13,1,4,2,2,18,18,0,1,1,0,0,0,0,6,2,4
025,District-Lahul & Spiti,Total,15,76,56,20,16,15,1,5,1,4,15,11,4,7,3,4,26,23,3,3,1,2,0,0,0,4,2,2
025,District-Lahul & Spiti,Total,16,83,60,23,24,13,11,11,8,3,9,6,3,14,9,5,22,21,1,0,0,0,1,1,0,2,2,0
025,District-Lahul & Spiti,Total,17,128,73,55,43,14,29,21,12,9,14,9,5,23,14,9,18,16,2,5,4,1,2,2,0,2,2,0
025,District-Lahul & Spiti,Total,18,155,89,66,47,28,19,30,20,10,26,12,14,27,10,17,12,8,4,9,9,0,0,0,0,4,2,2
025,District-Lahul & Spiti,Total,19,210,114,96,75,38,37,40,21,19,24,12,12,32,10,22,16,14,2,17,16,1,1,1,0,5,2,3
025,District-Lahul & Spiti,Rural,5-19,1472,835,637,221,120,101,125,76,49,117,75,42,159,75,84,123,104,19,39,33,6,4,4,0,684,348,336
025,District-Lahul & Spiti,Rural,5,330,170,160,0,0,0,0,0,0,0,0,0,3,1,2,4,1,3,0,0,0,0,0,0,323,168,155
025,District-Lahul & Spiti,Rural,6,218,106,112,1,1,0,0,0,0,0,0,0,10,6,4,2,1,1,1,0,1,0,0,0,204,98,106
025,District-Lahul & Spiti,Rural,7,85,42,43,0,0,0,1,1,0,0,0,0,6,4,2,1,0,1,0,0,0,0,0,0,77,37,40
025,District-Lahul & Spiti,Rural,8,26,14,12,0,0,0,0,0,0,0,0,0,3,3,0,0,0,0,0,0,0,0,0,0,23,11,12
025,District-Lahul & Spiti,Rural,9,13,9,4,0,0,0,0,0,0,0,0,0,4,2,2,0,0,0,0,0,0,0,0,0,9,7,2
025,District-Lahul & Spiti,Rural,10,20,11,9,0,0,0,1,1,0,2,2,0,5,2,3,0,0,0,0,0,0,0,0,0,12,6,6
025,District-Lahul & Spiti,Rural,11,15,10,5,1,1,0,1,1,0,4,3,1,3,0,3,0,0,0,0,0,0,0,0,0,6,5,1
025,District-Lahul & Spiti,Rural,12,26,16,10,4,4,0,2,1,1,4,3,1,9,5,4,2,0,2,0,0,0,0,0,0,5,3,2
025,District-Lahul & Spiti,Rural,13,28,20,8,2,2,0,5,5,0,5,4,1,9,4,5,2,2,0,3,2,1,0,0,0,2,1,1
025,District-Lahul & Spiti,Rural,14,59,45,14,8,4,4,8,5,3,14,13,1,4,2,2,18,18,0,1,1,0,0,0,0,6,2,4
025,District-Lahul & Spiti,Rural,15,76,56,20,16,15,1,5,1,4,15,11,4,7,3,4,26,23,3,3,1,2,0,0,0,4,2,2
025,District-Lahul & Spiti,Rural,16,83,60,23,24,13,11,11,8,3,9,6,3,14,9,5,22,21,1,0,0,0,1,1,0,2,2,0
025,District-Lahul & Spiti,Rural,17,128,73,55,43,14,29,21,12,9,14,9,5,23,14,9,18,16,2,5,4,1,2,2,0,2,2,0
025,District-Lahul & Spiti,Rural,18,155,89,66,47,28,19,30,20,10,26,12,14,27,10,17,12,8,4,9,9,0,0,0,0,4,2,2
025,District-Lahul & Spiti,Rural,19,210,114,96,75,38,37,40,21,19,24,12,12,32,10,22,16,14,2,17,16,1,1,1,0,5,2,3
025,District-Lahul & Spiti,Urban,5-19,0,0,0,0,0,0,0,0,0,0,0,0,0,0,0,0,0,0,0,0,0,0,0,0,0,0,0
025,District-Lahul & Spiti,Urban,5,0,0,0,0,0,0,0,0,0,0,0,0,0,0,0,0,0,0,0,0,0,0,0,0,0,0,0
025,District-Lahul & Spiti,Urban,6,0,0,0,0,0,0,0,0,0,0,0,0,0,0,0,0,0,0,0,0,0,0,0,0,0,0,0
025,District-Lahul & Spiti,Urban,7,0,0,0,0,0,0,0,0,0,0,0,0,0,0,0,0,0,0,0,0,0,0,0,0,0,0,0
025,District-Lahul & Spiti,Urban,8,0,0,0,0,0,0,0,0,0,0,0,0,0,0,0,0,0,0,0,0,0,0,0,0,0,0,0
025,District-Lahul & Spiti,Urban,9,0,0,0,0,0,0,0,0,0,0,0,0,0,0,0,0,0,0,0,0,0,0,0,0,0,0,0
025,District-Lahul & Spiti,Urban,10,0,0,0,0,0,0,0,0,0,0,0,0,0,0,0,0,0,0,0,0,0,0,0,0,0,0,0
025,District-Lahul & Spiti,Urban,11,0,0,0,0,0,0,0,0,0,0,0,0,0,0,0,0,0,0,0,0,0,0,0,0,0,0,0
025,District-Lahul & Spiti,Urban,12,0,0,0,0,0,0,0,0,0,0,0,0,0,0,0,0,0,0,0,0,0,0,0,0,0,0,0
025,District-Lahul & Spiti,Urban,13,0,0,0,0,0,0,0,0,0,0,0,0,0,0,0,0,0,0,0,0,0,0,0,0,0,0,0
025,District-Lahul & Spiti,Urban,14,0,0,0,0,0,0,0,0,0,0,0,0,0,0,0,0,0,0,0,0,0,0,0,0,0,0,0
025,District-Lahul & Spiti,Urban,15,0,0,0,0,0,0,0,0,0,0,0,0,0,0,0,0,0,0,0,0,0,0,0,0,0,0,0
025,District-Lahul & Spiti,Urban,16,0,0,0,0,0,0,0,0,0,0,0,0,0,0,0,0,0,0,0,0,0,0,0,0,0,0,0
025,District-Lahul & Spiti,Urban,17,0,0,0,0,0,0,0,0,0,0,0,0,0,0,0,0,0,0,0,0,0,0,0,0,0,0,0
025,District-Lahul & Spiti,Urban,18,0,0,0,0,0,0,0,0,0,0,0,0,0,0,0,0,0,0,0,0,0,0,0,0,0,0,0
025,District-Lahul & Spiti,Urban,19,0,0,0,0,0,0,0,0,0,0,0,0,0,0,0,0,0,0,0,0,0,0,0,0,0,0,0
026,District-Kullu,Total,5-19,24285,12150,12135,7724,4432,3292,2447,956,1491,1075,471,604,2390,1008,1382,718,383,335,182,72,110,248,109,139,9501,4719,4782
026,District-Kullu,Total,5,5217,2653,2564,2,1,1,1,0,1,2,1,1,78,42,36,36,18,18,18,9,9,30,13,17,5050,2569,2481
026,District-Kullu,Total,6,2953,1456,1497,5,2,3,1,0,1,4,3,1,113,56,57,29,14,15,14,7,7,34,19,15,2753,1355,1398
026,District-Kullu,Total,7,688,348,340,7,6,1,1,0,1,4,3,1,74,37,37,7,2,5,4,2,2,16,6,10,575,292,283
026,District-Kullu,Total,8,272,132,140,9,6,3,1,0,1,2,2,0,60,25,35,7,5,2,3,2,1,12,5,7,178,87,91
026,District-Kullu,Total,9,232,116,116,4,3,1,3,1,2,2,2,0,59,41,18,7,1,6,1,0,1,9,3,6,147,65,82
026,District-Kullu,Total,10,331,162,169,17,11,6,4,2,2,5,0,5,57,34,23,13,5,8,2,0,2,12,6,6,221,104,117
026,District-Kullu,Total,11,298,152,146,42,24,18,16,9,7,10,6,4,78,43,35,14,7,7,10,2,8,8,3,5,120,58,62
026,District-Kullu,Total,12,346,168,178,111,65,46,28,6,22,31,14,17,75,38,37,21,12,9,4,3,1,10,5,5,66,25,41
026,District-Kullu,Total,13,466,230,236,156,81,75,50,16,34,42,25,17,109,53,56,24,12,12,4,1,3,16,9,7,65,33,32
026,District-Kullu,Total,14,717,337,380,284,145,139,83,30,53,57,30,27,142,55,87,47,29,18,16,7,9,17,10,7,71,31,40
026,District-Kullu,Total,15,1067,541,526,479,266,213,152,65,87,102,43,59,172,84,88,65,38,27,14,7,7,21,7,14,62,31,31
026,District-Kullu,Total,16,1546,793,753,778,446,332,263,116,147,128,65,63,193,80,113,80,41,39,19,7,12,26,11,15,59,27,32
026,District-Kullu,Total,17,2265,1199,1066,1264,778,486,383,155,228,156,66,90,302,120,182,85,49,36,16,6,10,15,8,7,44,17,27
026,District-Kullu,Total,18,3881,1964,1917,2233,1283,950,703,303,400,259,106,153,430,157,273,162,86,76,30,12,18,15,2,13,49,15,34
026,District-Kullu,Total,19,4006,1899,2107,2333,1315,1018,758,253,505,271,105,166,448,143,305,121,64,57,27,7,20,7,2,5,41,10,31
026,District-Kullu,Rural,5-19,22601,11170,11431,7361,4126,3235,2409,927,1482,1057,457,600,2043,854,1189,629,306,323,178,68,110,241,105,136,8683,4327,4356
026,District-Kullu,Rural,5,4864,2467,2397,2,1,1,1,0,1,2,1,1,70,37,33,36,18,18,17,8,9,30,13,17,4706,2389,2317
026,District-Kullu,Rural,6,2720,1335,1385,5,2,3,1,0,1,4,3,1,105,50,55,27,12,15,13,6,7,33,18,15,2532,1244,1288
026,District-Kullu,Rural,7,643,327,316,7,6,1,1,0,1,4,3,1,70,34,36,7,2,5,4,2,2,15,6,9,535,274,261
026,District-Kullu,Rural,8,248,120,128,8,5,3,1,0,1,2,2,0,56,22,34,6,4,2,3,2,1,12,5,7,160,80,80
026,District-Kullu,Rural,9,206,105,101,4,3,1,3,1,2,2,2,0,53,36,17,7,1,6,1,0,1,9,3,6,127,59,68
026,District-Kullu,Rural,10,297,147,150,17,11,6,4,2,2,5,0,5,52,29,23,13,5,8,2,0,2,12,6,6,192,94,98
026,District-Kullu,Rural,11,260,130,130,40,24,16,15,8,7,10,6,4,69,38,31,11,4,7,10,2,8,8,3,5,97,45,52
026,District-Kullu,Rural,12,305,144,161,105,60,45,28,6,22,30,13,17,63,31,32,16,8,8,4,3,1,10,5,5,49,18,31
026,District-Kullu,Rural,13,430,209,221,150,77,73,49,15,34,42,25,17,94,46,48,21,9,12,4,1,3,16,9,7,54,27,27
026,District-Kullu,Rural,14,661,308,353,274,138,136,82,29,53,56,29,27,123,49,74,38,20,18,16,7,9,17,10,7,55,26,29
026,District-Kullu,Rural,15,990,494,496,459,250,209,150,63,87,99,41,58,153,75,78,58,32,26,14,7,7,20,6,14,37,20,17
026,District-Kullu,Rural,16,1460,737,723,745,420,325,261,114,147,127,64,63,172,72,100,72,34,38,18,6,12,24,9,15,41,18,23
026,District-Kullu,Rural,17,2127,1112,1015,1209,732,477,374,148,226,152,64,88,257,100,157,77,42,35,16,6,10,14,8,6,28,12,16
026,District-Kullu,Rural,18,3639,1795,1844,2112,1176,936,693,297,396,255,102,153,358,129,229,138,65,73,29,11,18,15,2,13,39,13,26
026,District-Kullu,Rural,19,3751,1740,2011,2224,1221,1003,746,244,502,267,102,165,348,106,242,102,50,52,27,7,20,6,2,4,31,8,23
026,District-Kullu,Urban,5-19,1684,980,704,363,306,57,38,29,9,18,14,4,347,154,193,89,77,12,4,4,0,7,4,3,818,392,426
026,District-Kullu,Urban,5,353,186,167,0,0,0,0,0,0,0,0,0,8,5,3,0,0,0,1,1,0,0,0,0,344,180,164
026,District-Kullu,Urban,6,233,121,112,0,0,0,0,0,0,0,0,0,8,6,2,2,2,0,1,1,0,1,1,0,221,111,110
026,District-Kullu,Urban,7,45,21,24,0,0,0,0,0,0,0,0,0,4,3,1,0,0,0,0,0,0,1,0,1,40,18,22
026,District-Kullu,Urban,8,24,12,12,1,1,0,0,0,0,0,0,0,4,3,1,1,1,0,0,0,0,0,0,0,18,7,11
026,District-Kullu,Urban,9,26,11,15,0,0,0,0,0,0,0,0,0,6,5,1,0,0,0,0,0,0,0,0,0,20,6,14
026,District-Kullu,Urban,10,34,15,19,0,0,0,0,0,0,0,0,0,5,5,0,0,0,0,0,0,0,0,0,0,29,10,19
026,District-Kullu,Urban,11,38,22,16,2,0,2,1,1,0,0,0,0,9,5,4,3,3,0,0,0,0,0,0,0,23,13,10
026,District-Kullu,Urban,12,41,24,17,6,5,1,0,0,0,1,1,0,12,7,5,5,4,1,0,0,0,0,0,0,17,7,10
026,District-Kullu,Urban,13,36,21,15,6,4,2,1,1,0,0,0,0,15,7,8,3,3,0,0,0,0,0,0,0,11,6,5
026,District-Kullu,Urban,14,56,29,27,10,7,3,1,1,0,1,1,0,19,6,13,9,9,0,0,0,0,0,0,0,16,5,11
026,District-Kullu,Urban,15,77,47,30,20,16,4,2,2,0,3,2,1,19,9,10,7,6,1,0,0,0,1,1,0,25,11,14
026,District-Kullu,Urban,16,86,56,30,33,26,7,2,2,0,1,1,0,21,8,13,8,7,1,1,1,0,2,2,0,18,9,9
026,District-Kullu,Urban,17,138,87,51,55,46,9,9,7,2,4,2,2,45,20,25,8,7,1,0,0,0,1,0,1,16,5,11
026,District-Kullu,Urban,18,242,169,73,121,107,14,10,6,4,4,4,0,72,28,44,24,21,3,1,1,0,0,0,0,10,2,8
026,District-Kullu,Urban,19,255,159,96,109,94,15,12,9,3,4,3,1,100,37,63,19,14,5,0,0,0,1,0,1,10,2,8
027,District-Mandi,Total,5-19,42843,21287,21556,6779,3865,2914,6091,2643,3448,2541,1082,1459,5373,2328,3045,600,344,256,492,201,291,426,193,233,20541,10631,9910
027,District-Mandi,Total,5,11816,6142,5674,6,4,2,4,2,2,7,2,5,226,110,116,44,24,20,75,36,39,121,62,59,11333,5902,5431
027,District-Mandi,Total,6,6825,3545,3280,2,1,1,9,5,4,6,1,5,287,142,145,27,15,12,59,34,25,131,63,68,6304,3284,3020
027,District-Mandi,Total,7,1345,696,649,11,3,8,11,4,7,3,2,1,171,76,95,14,7,7,19,11,8,24,12,12,1092,581,511
027,District-Mandi,Total,8,479,224,255,9,8,1,9,6,3,12,3,9,113,52,61,4,2,2,11,5,6,15,6,9,306,142,164
027,District-Mandi,Total,9,370,191,179,9,6,3,7,5,2,5,2,3,117,66,51,2,1,1,11,4,7,6,2,4,213,105,108
027,District-Mandi,Total,10,531,267,264,22,12,10,10,5,5,15,8,7,112,50,62,10,8,2,6,2,4,6,2,4,350,180,170
027,District-Mandi,Total,11,432,209,223,50,32,18,38,13,25,18,12,6,130,62,68,7,1,6,15,4,11,5,2,3,169,83,86
027,District-Mandi,Total,12,493,234,259,101,67,34,42,18,24,37,18,19,159,67,92,20,11,9,17,4,13,12,4,8,105,45,60
027,District-Mandi,Total,13,548,281,267,112,69,43,76,34,42,40,16,24,157,84,73,29,14,15,24,7,17,11,6,5,99,51,48
027,District-Mandi,Total,14,713,345,368,181,102,79,114,46,68,66,30,36,211,102,109,33,17,16,14,4,10,7,1,6,87,43,44
027,District-Mandi,Total,15,1196,602,594,323,191,132,242,121,121,130,60,70,292,142,150,59,35,24,29,11,18,13,2,11,108,40,68
027,District-Mandi,Total,16,1799,914,885,539,324,215,456,221,235,204,90,114,415,182,233,53,30,23,29,17,12,13,7,6,90,43,47
027,District-Mandi,Total,17,2998,1466,1532,950,553,397,834,378,456,388,177,211,615,260,355,59,35,24,33,10,23,20,7,13,99,46,53
027,District-Mandi,Total,18,5843,2819,3024,1992,1118,874,1784,804,980,663,273,390,1073,453,620,135,87,48,71,29,42,21,7,14,104,48,56
027,District-Mandi,Total,19,7455,3352,4103,2472,1375,1097,2455,981,1474,947,388,559,1295,480,815,104,57,47,79,23,56,21,10,11,82,38,44
027,District-Mandi,Rural,5-19,40858,20163,20695,6562,3674,2888,6043,2608,3435,2531,1074,1457,4933,2136,2797,521,285,236,471,189,282,426,193,233,19371,10004,9367
027,District-Mandi,Rural,5,11254,5837,5417,6,4,2,4,2,2,7,2,5,207,100,107,44,24,20,73,36,37,121,62,59,10792,5607,5185
027,District-Mandi,Rural,6,6415,3327,3088,2,1,1,9,5,4,6,1,5,271,136,135,27,15,12,59,34,25,131,63,68,5910,3072,2838
027,District-Mandi,Rural,7,1285,657,628,11,3,8,10,4,6,3,2,1,164,71,93,13,6,7,18,10,8,24,12,12,1042,549,493
027,District-Mandi,Rural,8,437,200,237,9,8,1,8,6,2,12,3,9,108,50,58,3,1,2,11,5,6,15,6,9,271,121,150
027,District-Mandi,Rural,9,336,172,164,9,6,3,7,5,2,5,2,3,108,60,48,2,1,1,10,4,6,6,2,4,189,92,97
027,District-Mandi,Rural,10,492,245,247,20,10,10,10,5,5,15,8,7,106,48,58,6,5,1,5,1,4,6,2,4,324,166,158
027,District-Mandi,Rural,11,409,197,212,49,32,17,37,12,25,18,12,6,122,57,65,5,1,4,15,4,11,5,2,3,158,77,81
027,District-Mandi,Rural,12,465,221,244,99,65,34,42,18,24,37,18,19,149,64,85,19,10,9,16,3,13,12,4,8,91,39,52
027,District-Mandi,Rural,13,508,256,252,102,60,42,74,32,42,40,16,24,148,80,68,24,11,13,20,6,14,11,6,5,89,45,44
027,District-Mandi,Rural,14,668,316,352,173,94,79,113,45,68,65,29,36,197,95,102,27,13,14,14,4,10,7,1,6,72,35,37
027,District-Mandi,Rural,15,1130,566,564,306,178,128,239,118,121,129,59,70,263,131,132,53,31,22,28,11,17,13,2,11,99,36,63
027,District-Mandi,Rural,16,1713,862,851,521,307,214,456,221,235,202,88,114,375,162,213,42,24,18,26,14,12,13,7,6,78,39,39
027,District-Mandi,Rural,17,2896,1399,1497,925,530,395,828,372,456,386,175,211,562,234,328,50,27,23,31,9,22,20,7,13,94,45,49
027,District-Mandi,Rural,18,5620,2677,2943,1912,1047,865,1770,794,976,660,272,388,986,415,571,116,72,44,68,26,42,21,7,14,87,44,43
027,District-Mandi,Rural,19,7230,3231,3999,2418,1329,1089,2436,969,1467,946,387,559,1167,433,734,90,44,46,77,22,55,21,10,11,75,37,38
027,District-Mandi,Urban,5-19,1985,1124,861,217,191,26,48,35,13,10,8,2,440,192,248,79,59,20,21,12,9,0,0,0,1170,627,543
027,District-Mandi,Urban,5,562,305,257,0,0,0,0,0,0,0,0,0,19,10,9,0,0,0,2,0,2,0,0,0,541,295,246
027,District-Mandi,Urban,6,410,218,192,0,0,0,0,0,0,0,0,0,16,6,10,0,0,0,0,0,0,0,0,0,394,212,182
027,District-Mandi,Urban,7,60,39,21,0,0,0,1,0,1,0,0,0,7,5,2,1,1,0,1,1,0,0,0,0,50,32,18
027,District-Mandi,Urban,8,42,24,18,0,0,0,1,0,1,0,0,0,5,2,3,1,1,0,0,0,0,0,0,0,35,21,14
027,District-Mandi,Urban,9,34,19,15,0,0,0,0,0,0,0,0,0,9,6,3,0,0,0,1,0,1,0,0,0,24,13,11
027,District-Mandi,Urban,10,39,22,17,2,2,0,0,0,0,0,0,0,6,2,4,4,3,1,1,1,0,0,0,0,26,14,12
027,District-Mandi,Urban,11,23,12,11,1,0,1,1,1,0,0,0,0,8,5,3,2,0,2,0,0,0,0,0,0,11,6,5
027,District-Mandi,Urban,12,28,13,15,2,2,0,0,0,0,0,0,0,10,3,7,1,1,0,1,1,0,0,0,0,14,6,8
027,District-Mandi,Urban,13,40,25,15,10,9,1,2,2,0,0,0,0,9,4,5,5,3,2,4,1,3,0,0,0,10,6,4
027,District-Mandi,Urban,14,45,29,16,8,8,0,1,1,0,1,1,0,14,7,7,6,4,2,0,0,0,0,0,0,15,8,7
027,District-Mandi,Urban,15,66,36,30,17,13,4,3,3,0,1,1,0,29,11,18,6,4,2,1,0,1,0,0,0,9,4,5
027,District-Mandi,Urban,16,86,52,34,18,17,1,0,0,0,2,2,0,40,20,20,11,6,5,3,3,0,0,0,0,12,4,8
027,District-Mandi,Urban,17,102,67,35,25,23,2,6,6,0,2,2,0,53,26,27,9,8,1,2,1,1,0,0,0,5,1,4
027,District-Mandi,Urban,18,223,142,81,80,71,9,14,10,4,3,1,2,87,38,49,19,15,4,3,3,0,0,0,0,17,4,13
027,District-Mandi,Urban,19,225,121,104,54,46,8,19,12,7,1,1,0,128,47,81,14,13,1,2,1,1,0,0,0,7,1,6
028,District-Hamirpur,Total,5-19,14620,7805,6815,1487,935,552,1070,529,541,513,224,289,1615,754,861,330,212,118,160,85,75,155,82,73,9290,4984,4306
028,District-Hamirpur,Total,5,4902,2619,2283,2,2,0,1,1,0,0,0,0,40,20,20,41,30,11,19,10,9,51,28,23,4748,2528,2220
028,District-Hamirpur,Total,6,3193,1761,1432,3,2,1,1,0,1,0,0,0,60,32,28,22,7,15,17,11,6,55,31,24,3035,1678,1357
028,District-Hamirpur,Total,7,514,278,236,8,4,4,1,0,1,0,0,0,58,36,22,4,2,2,6,4,2,4,4,0,433,228,205
028,District-Hamirpur,Total,8,210,109,101,5,2,3,1,1,0,1,0,1,47,27,20,4,3,1,2,0,2,4,1,3,146,75,71
028,District-Hamirpur,Total,9,259,150,109,7,3,4,1,0,1,0,0,0,41,25,16,9,6,3,5,3,2,1,0,1,195,113,82
028,District-Hamirpur,Total,10,332,182,150,15,11,4,3,2,1,0,0,0,44,27,17,7,4,3,3,0,3,5,0,5,255,138,117
028,District-Hamirpur,Total,11,151,77,74,14,7,7,8,3,5,2,0,2,30,20,10,2,2,0,1,0,1,3,2,1,91,43,48
028,District-Hamirpur,Total,12,159,84,75,28,14,14,10,3,7,6,4,2,45,29,16,10,3,7,6,4,2,2,0,2,52,27,25
028,District-Hamirpur,Total,13,174,86,88,30,20,10,14,8,6,7,4,3,46,19,27,10,3,7,6,1,5,1,1,0,60,30,30
028,District-Hamirpur,Total,14,203,109,94,48,28,20,18,9,9,10,2,8,57,27,30,14,11,3,9,6,3,2,1,1,45,25,20
028,District-Hamirpur,Total,15,327,185,142,79,56,23,41,22,19,19,9,10,64,35,29,24,14,10,20,7,13,5,3,2,75,39,36
028,District-Hamirpur,Total,16,374,216,158,99,69,30,67,39,28,39,23,16,89,43,46,32,21,11,10,4,6,7,5,2,31,12,19
028,District-Hamirpur,Total,17,648,373,275,187,132,55,111,68,43,76,38,38,197,99,98,20,12,8,17,11,6,2,0,2,38,13,25
028,District-Hamirpur,Total,18,1378,715,663,431,280,151,304,150,154,158,69,89,350,139,211,67,50,17,18,8,10,5,1,4,45,18,27
028,District-Hamirpur,Total,19,1796,861,935,531,305,226,489,223,266,195,75,120,447,176,271,64,44,20,21,16,5,8,5,3,41,17,24
028,District-Hamirpur,Rural,5-19,13605,7216,6389,1392,851,541,1037,500,537,507,220,287,1435,671,764,305,190,115,129,67,62,150,79,71,8650,4638,4012
028,District-Hamirpur,Rural,5,4586,2450,2136,2,2,0,1,1,0,0,0,0,31,16,15,39,28,11,18,9,9,51,28,23,4444,2366,2078
028,District-Hamirpur,Rural,6,3010,1657,1353,3,2,1,1,0,1,0,0,0,57,30,27,22,7,15,16,10,6,55,31,24,2856,1577,1279
028,District-Hamirpur,Rural,7,481,260,221,8,4,4,1,0,1,0,0,0,53,32,21,4,2,2,6,4,2,4,4,0,405,214,191
028,District-Hamirpur,Rural,8,193,99,94,5,2,3,1,1,0,1,0,1,45,25,20,4,3,1,2,0,2,4,1,3,131,67,64
028,District-Hamirpur,Rural,9,241,139,102,7,3,4,1,0,1,0,0,0,39,24,15,9,6,3,4,2,2,1,0,1,180,104,76
028,District-Hamirpur,Rural,10,295,160,135,15,11,4,3,2,1,0,0,0,36,22,14,7,4,3,3,0,3,3,0,3,228,121,107
028,District-Hamirpur,Rural,11,139,73,66,14,7,7,8,3,5,2,0,2,24,18,6,2,2,0,1,0,1,3,2,1,85,41,44
028,District-Hamirpur,Rural,12,142,74,68,26,12,14,8,2,6,6,4,2,40,26,14,10,3,7,5,4,1,2,0,2,45,23,22
028,District-Hamirpur,Rural,13,154,76,78,26,17,9,12,6,6,6,4,2,43,18,25,9,2,7,4,1,3,1,1,0,53,27,26
028,District-Hamirpur,Rural,14,183,96,87,46,26,20,16,8,8,10,2,8,49,23,26,14,11,3,9,6,3,2,1,1,37,19,18
028,District-Hamirpur,Rural,15,284,163,121,75,52,23,37,18,19,19,9,10,50,29,21,23,14,9,14,6,8,5,3,2,61,32,29
028,District-Hamirpur,Rural,16,340,190,150,91,61,30,65,37,28,38,22,16,79,37,42,31,20,11,9,3,6,5,3,2,22,7,15
028,District-Hamirpur,Rural,17,593,337,256,172,119,53,105,62,43,76,38,38,175,88,87,19,11,8,14,8,6,2,0,2,30,11,19
028,District-Hamirpur,Rural,18,1279,649,630,405,255,150,296,143,153,156,68,88,312,124,188,53,38,15,14,5,9,4,0,4,39,16,23
028,District-Hamirpur,Rural,19,1685,793,892,497,278,219,482,217,265,193,73,120,402,159,243,59,39,20,10,9,1,8,5,3,34,13,21
028,District-Hamirpur,Urban,5-19,1015,589,426,95,84,11,33,29,4,6,4,2,180,83,97,25,22,3,31,18,13,5,3,2,640,346,294
028,District-Hamirpur,Urban,5,316,169,147,0,0,0,0,0,0,0,0,0,9,4,5,2,2,0,1,1,0,0,0,0,304,162,142
028,District-Hamirpur,Urban,6,183,104,79,0,0,0,0,0,0,0,0,0,3,2,1,0,0,0,1,1,0,0,0,0,179,101,78
028,District-Hamirpur,Urban,7,33,18,15,0,0,0,0,0,0,0,0,0,5,4,1,0,0,0,0,0,0,0,0,0,28,14,14
028,District-Hamirpur,Urban,8,17,10,7,0,0,0,0,0,0,0,0,0,2,2,0,0,0,0,0,0,0,0,0,0,15,8,7
028,District-Hamirpur,Urban,9,18,11,7,0,0,0,0,0,0,0,0,0,2,1,1,0,0,0,1,1,0,0,0,0,15,9,6
028,District-Hamirpur,Urban,10,37,22,15,0,0,0,0,0,0,0,0,0,8,5,3,0,0,0,0,0,0,2,0,2,27,17,10
028,District-Hamirpur,Urban,11,12,4,8,0,0,0,0,0,0,0,0,0,6,2,4,0,0,0,0,0,0,0,0,0,6,2,4
028,District-Hamirpur,Urban,12,17,10,7,2,2,0,2,1,1,0,0,0,5,3,2,0,0,0,1,0,1,0,0,0,7,4,3
028,District-Hamirpur,Urban,13,20,10,10,4,3,1,2,2,0,1,0,1,3,1,2,1,1,0,2,0,2,0,0,0,7,3,4
028,District-Hamirpur,Urban,14,20,13,7,2,2,0,2,1,1,0,0,0,8,4,4,0,0,0,0,0,0,0,0,0,8,6,2
028,District-Hamirpur,Urban,15,43,22,21,4,4,0,4,4,0,0,0,0,14,6,8,1,0,1,6,1,5,0,0,0,14,7,7
028,District-Hamirpur,Urban,16,34,26,8,8,8,0,2,2,0,1,1,0,10,6,4,1,1,0,1,1,0,2,2,0,9,5,4
028,District-Hamirpur,Urban,17,55,36,19,15,13,2,6,6,0,0,0,0,22,11,11,1,1,0,3,3,0,0,0,0,8,2,6
028,District-Hamirpur,Urban,18,99,66,33,26,25,1,8,7,1,2,1,1,38,15,23,14,12,2,4,3,1,1,1,0,6,2,4
028,District-Hamirpur,Urban,19,111,68,43,34,27,7,7,6,1,2,2,0,45,17,28,5,5,0,11,7,4,0,0,0,7,4,3
029,District-Una,Total,5-19,26651,14462,12189,2561,2164,397,1676,1014,662,671,325,346,5082,2028,3054,942,635,307,288,146,142,111,40,71,15320,8110,7210
029,District-Una,Total,5,7105,3826,3279,1,1,0,0,0,0,1,1,0,43,18,25,19,11,8,8,2,6,9,3,6,7024,3790,3234
029,District-Una,Total,6,4940,2659,2281,1,1,0,0,0,0,0,0,0,53,26,27,16,8,8,6,2,4,4,2,2,4860,2620,2240
029,District-Una,Total,7,973,534,439,4,2,2,1,1,0,0,0,0,72,38,34,7,5,2,0,0,0,3,0,3,886,488,398
029,District-Una,Total,8,495,260,235,2,2,0,3,1,2,1,0,1,71,39,32,6,5,1,2,0,2,2,1,1,408,212,196
029,District-Una,Total,9,429,220,209,1,1,0,0,0,0,2,1,1,71,33,38,6,5,1,2,0,2,5,3,2,342,177,165
029,District-Una,Total,10,628,337,291,8,5,3,1,1,0,1,1,0,74,48,26,24,14,10,8,4,4,5,1,4,507,263,244
029,District-Una,Total,11,392,193,199,20,13,7,10,7,3,1,0,1,77,30,47,14,8,6,4,3,1,5,3,2,261,129,132
029,District-Una,Total,12,449,218,231,24,17,7,13,6,7,8,2,6,133,61,72,35,23,12,9,7,2,8,5,3,219,97,122
029,District-Una,Total,13,427,195,232,36,26,10,25,11,14,13,6,7,129,64,65,38,17,21,15,6,9,6,1,5,165,64,101
029,District-Una,Total,14,530,272,258,69,52,17,27,17,10,15,7,8,156,73,83,86,53,33,25,11,14,10,1,9,142,58,84
029,District-Una,Total,15,848,466,382,131,105,26,67,40,27,35,21,14,267,118,149,135,84,51,39,20,19,15,7,8,159,71,88
029,District-Una,Total,16,1063,621,442,207,175,32,114,68,46,51,36,15,439,199,240,112,77,35,28,13,15,12,4,8,100,49,51
029,District-Una,Total,17,1539,854,685,340,291,49,218,142,76,85,40,45,684,264,420,98,65,33,37,21,16,4,2,2,73,29,44
029,District-Una,Total,18,3131,1804,1327,782,683,99,520,317,203,192,101,91,1225,460,765,220,159,61,68,40,28,14,5,9,110,39,71
029,District-Una,Total,19,3702,2003,1699,935,790,145,677,403,274,266,109,157,1588,557,1031,126,101,25,37,17,20,9,2,7,64,24,40
029,District-Una,Rural,5-19,24081,12927,11154,2161,1824,337,1623,968,655,654,311,343,4631,1811,2820,674,441,233,268,130,138,107,39,68,13963,7403,6560
029,District-Una,Rural,5,6628,3570,3058,1,1,0,0,0,0,1,1,0,39,17,22,17,9,8,8,2,6,9,3,6,6553,3537,3016
029,District-Una,Rural,6,4579,2468,2111,1,1,0,0,0,0,0,0,0,47,22,25,15,8,7,6,2,4,4,2,2,4506,2433,2073
029,District-Una,Rural,7,867,470,397,3,1,2,1,1,0,0,0,0,67,35,32,4,2,2,0,0,0,3,0,3,789,431,358
029,District-Una,Rural,8,424,228,196,2,2,0,3,1,2,1,0,1,65,36,29,4,3,1,1,0,1,2,1,1,346,185,161
029,District-Una,Rural,9,361,183,178,0,0,0,0,0,0,2,1,1,62,31,31,1,1,0,2,0,2,5,3,2,289,147,142
029,District-Una,Rural,10,547,291,256,6,4,2,1,1,0,1,1,0,66,43,23,20,10,10,7,3,4,5,1,4,441,228,213
029,District-Una,Rural,11,327,158,169,17,11,6,10,7,3,1,0,1,63,27,36,6,3,3,4,3,1,5,3,2,221,104,117
029,District-Una,Rural,12,373,176,197,18,12,6,10,3,7,8,2,6,119,55,64,28,18,10,8,6,2,8,5,3,174,75,99
029,District-Una,Rural,13,356,160,196,26,18,8,24,10,14,13,6,7,112,57,55,28,13,15,15,6,9,6,1,5,132,49,83
029,District-Una,Rural,14,434,221,213,51,39,12,26,16,10,15,7,8,138,66,72,65,40,25,23,10,13,10,1,9,106,42,64
029,District-Una,Rural,15,707,383,324,94,76,18,64,38,26,35,21,14,239,108,131,99,59,40,37,18,19,14,7,7,125,56,69
029,District-Una,Rural,16,916,526,390,173,146,27,110,65,45,48,34,14,398,179,219,76,51,25,25,11,14,11,4,7,75,36,39
029,District-Una,Rural,17,1365,734,631,273,236,37,214,138,76,84,40,44,618,227,391,77,51,26,34,18,16,4,2,2,61,22,39
029,District-Una,Rural,18,2801,1562,1239,660,572,88,506,306,200,185,94,91,1130,403,727,151,110,41,63,36,27,13,4,9,93,37,56
029,District-Una,Rural,19,3396,1797,1599,836,705,131,654,382,272,260,104,156,1468,505,963,83,63,20,35,15,20,8,2,6,52,21,31
029,District-Una,Urban,5-19,2570,1535,1035,400,340,60,53,46,7,17,14,3,451,217,234,268,194,74,20,16,4,4,1,3,1357,707,650
029,District-Una,Urban,5,477,256,221,0,0,0,0,0,0,0,0,0,4,1,3,2,2,0,0,0,0,0,0,0,471,253,218
029,District-Una,Urban,6,361,191,170,0,0,0,0,0,0,0,0,0,6,4,2,1,0,1,0,0,0,0,0,0,354,187,167
029,District-Una,Urban,7,106,64,42,1,1,0,0,0,0,0,0,0,5,3,2,3,3,0,0,0,0,0,0,0,97,57,40
029,District-Una,Urban,8,71,32,39,0,0,0,0,0,0,0,0,0,6,3,3,2,2,0,1,0,1,0,0,0,62,27,35
029,District-Una,Urban,9,68,37,31,1,1,0,0,0,0,0,0,0,9,2,7,5,4,1,0,0,0,0,0,0,53,30,23
029,District-Una,Urban,10,81,46,35,2,1,1,0,0,0,0,0,0,8,5,3,4,4,0,1,1,0,0,0,0,66,35,31
029,District-Una,Urban,11,65,35,30,3,2,1,0,0,0,0,0,0,14,3,11,8,5,3,0,0,0,0,0,0,40,25,15
029,District-Una,Urban,12,76,42,34,6,5,1,3,3,0,0,0,0,14,6,8,7,5,2,1,1,0,0,0,0,45,22,23
029,District-Una,Urban,13,71,35,36,10,8,2,1,1,0,0,0,0,17,7,10,10,4,6,0,0,0,0,0,0,33,15,18
029,District-Una,Urban,14,96,51,45,18,13,5,1,1,0,0,0,0,18,7,11,21,13,8,2,1,1,0,0,0,36,16,20
029,District-Una,Urban,15,141,83,58,37,29,8,3,2,1,0,0,0,28,10,18,36,25,11,2,2,0,1,0,1,34,15,19
029,District-Una,Urban,16,147,95,52,34,29,5,4,3,1,3,2,1,41,20,21,36,26,10,3,2,1,1,0,1,25,13,12
029,District-Una,Urban,17,174,120,54,67,55,12,4,4,0,1,0,1,66,37,29,21,14,7,3,3,0,0,0,0,12,7,5
029,District-Una,Urban,18,330,242,88,122,111,11,14,11,3,7,7,0,95,57,38,69,49,20,5,4,1,1,1,0,17,2,15
029,District-Una,Urban,19,306,206,100,99,85,14,23,21,2,6,5,1,120,52,68,43,38,5,2,2,0,1,0,1,12,3,9
030,District-Bilaspur,Total,5-19,13924,7130,6794,1540,1100,440,1804,770,1034,820,310,510,1686,669,1017,148,91,57,82,36,46,64,26,38,7780,4128,3652
030,District-Bilaspur,Total,5,4067,2167,1900,2,1,1,2,1,1,1,0,1,27,11,16,22,9,13,17,8,9,23,8,15,3973,2129,1844
030,District-Bilaspur,Total,6,2288,1202,1086,1,1,0,3,0,3,0,0,0,50,28,22,8,3,5,6,2,4,13,8,5,2207,1160,1047
030,District-Bilaspur,Total,7,363,192,171,6,3,3,2,1,1,2,2,0,27,9,18,5,2,3,1,0,1,0,0,0,320,175,145
030,District-Bilaspur,Total,8,108,52,56,2,1,1,3,0,3,1,0,1,21,9,12,0,0,0,0,0,0,0,0,0,81,42,39
030,District-Bilaspur,Total,9,266,132,134,1,1,0,5,3,2,0,0,0,18,7,11,0,0,0,2,0,2,0,0,0,240,121,119
030,District-Bilaspur,Total,10,493,279,214,3,2,1,1,0,1,1,0,1,23,12,11,3,3,0,1,0,1,2,0,2,459,262,197
030,District-Bilaspur,Total,11,312,154,158,8,6,2,5,3,2,5,0,5,21,7,14,1,1,0,2,0,2,3,2,1,267,135,132
030,District-Bilaspur,Total,12,126,65,61,21,17,4,21,11,10,5,3,2,29,11,18,5,2,3,1,1,0,2,0,2,42,20,22
030,District-Bilaspur,Total,13,109,57,52,17,12,5,18,8,10,8,2,6,39,22,17,5,3,2,1,1,0,2,1,1,19,8,11
030,District-Bilaspur,Total,14,151,70,81,30,18,12,42,22,20,14,4,10,36,17,19,1,0,1,4,1,3,1,0,1,23,8,15
030,District-Bilaspur,Total,15,283,138,145,42,35,7,61,18,43,37,16,21,90,48,42,15,5,10,10,3,7,4,2,2,24,11,13
030,District-Bilaspur,Total,16,480,251,229,101,73,28,125,59,66,67,29,38,136,60,76,13,9,4,10,5,5,1,0,1,27,16,11
030,District-Bilaspur,Total,17,804,391,413,195,141,54,246,118,128,116,37,79,199,72,127,18,13,5,5,1,4,2,0,2,23,9,14
030,District-Bilaspur,Total,18,1731,854,877,482,349,133,529,225,304,231,95,136,405,138,267,29,24,5,12,7,5,7,3,4,36,13,23
030,District-Bilaspur,Total,19,2343,1126,1217,629,440,189,741,301,440,332,122,210,565,218,347,23,17,6,10,7,3,4,2,2,39,19,20
030,District-Bilaspur,Rural,5-19,13041,6608,6433,1417,986,431,1774,757,1017,812,305,507,1523,608,915,113,61,52,77,32,45,62,25,37,7263,3834,3429
030,District-Bilaspur,Rural,5,3833,2018,1815,2,1,1,2,1,1,1,0,1,24,10,14,19,7,12,17,8,9,23,8,15,3745,1983,1762
030,District-Bilaspur,Rural,6,2101,1097,1004,1,1,0,3,0,3,0,0,0,48,26,22,7,2,5,6,2,4,13,8,5,2023,1058,965
030,District-Bilaspur,Rural,7,338,177,161,4,2,2,2,1,1,2,2,0,26,9,17,5,2,3,1,0,1,0,0,0,298,161,137
030,District-Bilaspur,Rural,8,89,43,46,2,1,1,3,0,3,1,0,1,15,6,9,0,0,0,0,0,0,0,0,0,68,36,32
030,District-Bilaspur,Rural,9,250,125,125,1,1,0,5,3,2,0,0,0,15,7,8,0,0,0,2,0,2,0,0,0,227,114,113
030,District-Bilaspur,Rural,10,472,270,202,3,2,1,1,0,1,1,0,1,21,12,9,2,2,0,1,0,1,2,0,2,441,254,187
030,District-Bilaspur,Rural,11,301,149,152,7,5,2,5,3,2,5,0,5,19,5,14,1,1,0,1,0,1,3,2,1,260,133,127
030,District-Bilaspur,Rural,12,104,56,48,19,15,4,21,11,10,5,3,2,21,10,11,5,2,3,1,1,0,2,0,2,30,14,16
030,District-Bilaspur,Rural,13,94,48,46,13,8,5,18,8,10,8,2,6,35,21,14,2,1,1,0,0,0,1,0,1,17,8,9
030,District-Bilaspur,Rural,14,140,67,73,28,17,11,41,22,19,14,4,10,32,16,16,1,0,1,4,1,3,1,0,1,19,7,12
030,District-Bilaspur,Rural,15,258,123,135,33,26,7,61,18,43,37,16,21,78,43,35,12,4,8,10,3,7,4,2,2,23,11,12
030,District-Bilaspur,Rural,16,431,220,211,89,62,27,121,58,63,65,27,38,116,50,66,7,4,3,8,3,5,0,0,0,25,16,9
030,District-Bilaspur,Rural,17,751,359,392,177,124,53,242,116,126,113,35,78,179,68,111,11,6,5,5,1,4,2,0,2,22,9,13
030,District-Bilaspur,Rural,18,1634,788,846,441,308,133,516,219,297,229,94,135,375,127,248,23,18,5,12,7,5,7,3,4,31,12,19
030,District-Bilaspur,Rural,19,2245,1068,1177,597,413,184,733,297,436,331,122,209,519,198,321,18,12,6,9,6,3,4,2,2,34,18,16
030,District-Bilaspur,Urban,5-19,883,522,361,123,114,9,30,13,17,8,5,3,163,61,102,35,30,5,5,4,1,2,1,1,517,294,223
030,District-Bilaspur,Urban,5,234,149,85,0,0,0,0,0,0,0,0,0,3,1,2,3,2,1,0,0,0,0,0,0,228,146,82
030,District-Bilaspur,Urban,6,187,105,82,0,0,0,0,0,0,0,0,0,2,2,0,1,1,0,0,0,0,0,0,0,184,102,82
030,District-Bilaspur,Urban,7,25,15,10,2,1,1,0,0,0,0,0,0,1,0,1,0,0,0,0,0,0,0,0,0,22,14,8
030,District-Bilaspur,Urban,8,19,9,10,0,0,0,0,0,0,0,0,0,6,3,3,0,0,0,0,0,0,0,0,0,13,6,7
030,District-Bilaspur,Urban,9,16,7,9,0,0,0,0,0,0,0,0,0,3,0,3,0,0,0,0,0,0,0,0,0,13,7,6
030,District-Bilaspur,Urban,10,21,9,12,0,0,0,0,0,0,0,0,0,2,0,2,1,1,0,0,0,0,0,0,0,18,8,10
030,District-Bilaspur,Urban,11,11,5,6,1,1,0,0,0,0,0,0,0,2,2,0,0,0,0,1,0,1,0,0,0,7,2,5
030,District-Bilaspur,Urban,12,22,9,13,2,2,0,0,0,0,0,0,0,8,1,7,0,0,0,0,0,0,0,0,0,12,6,6
030,District-Bilaspur,Urban,13,15,9,6,4,4,0,0,0,0,0,0,0,4,1,3,3,2,1,1,1,0,1,1,0,2,0,2
030,District-Bilaspur,Urban,14,11,3,8,2,1,1,1,0,1,0,0,0,4,1,3,0,0,0,0,0,0,0,0,0,4,1,3
030,District-Bilaspur,Urban,15,25,15,10,9,9,0,0,0,0,0,0,0,12,5,7,3,1,2,0,0,0,0,0,0,1,0,1
030,District-Bilaspur,Urban,16,49,31,18,12,11,1,4,1,3,2,2,0,20,10,10,6,5,1,2,2,0,1,0,1,2,0,2
030,District-Bilaspur,Urban,17,53,32,21,18,17,1,4,2,2,3,2,1,20,4,16,7,7,0,0,0,0,0,0,0,1,0,1
030,District-Bilaspur,Urban,18,97,66,31,41,41,0,13,6,7,2,1,1,30,11,19,6,6,0,0,0,0,0,0,0,5,1,4
030,District-Bilaspur,Urban,19,98,58,40,32,27,5,8,4,4,1,0,1,46,20,26,5,5,0,1,1,0,0,0,0,5,1,4
031,District-Solan,Total,5-19,28941,15829,13112,6871,5248,1623,2459,1135,1324,785,304,481,4370,1616,2754,1153,759,394,314,156,158,138,69,69,12851,6542,6309
031,District-Solan,Total,5,6355,3297,3058,8,5,3,0,0,0,0,0,0,134,68,66,75,38,37,33,16,17,19,9,10,6086,3161,2925
031,District-Solan,Total,6,3831,1999,1832,7,6,1,6,4,2,4,2,2,129,69,60,48,18,30,21,10,11,28,16,12,3588,1874,1714
031,District-Solan,Total,7,988,492,496,12,5,7,3,2,1,2,0,2,111,54,57,20,9,11,11,4,7,5,1,4,824,417,407
031,District-Solan,Total,8,443,206,237,9,4,5,0,0,0,2,0,2,89,43,46,14,6,8,5,3,2,2,1,1,322,149,173
031,District-Solan,Total,9,469,235,234,19,11,8,3,1,2,1,0,1,94,53,41,10,4,6,2,2,0,3,1,2,337,163,174
031,District-Solan,Total,10,667,366,301,11,6,5,2,1,1,1,0,1,113,63,50,21,12,9,9,6,3,6,4,2,504,274,230
031,District-Solan,Total,11,449,240,209,43,33,10,11,4,7,4,1,3,99,53,46,26,14,12,7,4,3,5,1,4,254,130,124
031,District-Solan,Total,12,472,261,211,81,59,22,21,8,13,8,4,4,126,60,66,43,26,17,16,11,5,5,3,2,172,90,82
031,District-Solan,Total,13,456,223,233,78,62,16,30,19,11,13,4,9,144,56,88,37,16,21,10,4,6,5,1,4,139,61,78
031,District-Solan,Total,14,619,318,301,162,107,55,58,22,36,22,11,11,184,77,107,47,30,17,15,7,8,6,3,3,125,61,64
031,District-Solan,Total,15,967,480,487,296,207,89,94,45,49,47,12,35,252,95,157,100,59,41,29,12,17,12,3,9,137,47,90
031,District-Solan,Total,16,1406,782,624,509,371,138,226,111,115,72,32,40,339,126,213,124,86,38,31,15,16,10,6,4,95,35,60
031,District-Solan,Total,17,2106,1194,912,876,628,248,382,189,193,115,59,56,546,210,336,100,74,26,27,13,14,6,5,1,54,16,38
031,District-Solan,Total,18,4446,2714,1732,2176,1734,442,719,330,389,209,77,132,907,293,614,272,204,68,45,26,19,16,9,7,102,41,61
031,District-Solan,Total,19,5267,3022,2245,2584,2010,574,904,399,505,285,102,183,1103,296,807,216,163,53,53,23,30,10,6,4,112,23,89
031,District-Solan,Rural,5-19,23465,12330,11135,5280,3808,1472,2372,1067,1305,745,271,474,3596,1293,2303,792,472,320,271,129,142,115,51,64,10294,5239,5055
031,District-Solan,Rural,5,5313,2731,2582,8,5,3,0,0,0,0,0,0,104,50,54,62,33,29,28,12,16,19,9,10,5092,2622,2470
031,District-Solan,Rural,6,3047,1590,1457,7,6,1,5,3,2,4,2,2,106,56,50,40,13,27,14,6,8,28,16,12,2843,1488,1355
031,District-Solan,Rural,7,761,384,377,9,4,5,3,2,1,2,0,2,81,40,41,17,7,10,11,4,7,5,1,4,633,326,307
031,District-Solan,Rural,8,338,158,180,7,3,4,0,0,0,2,0,2,72,35,37,13,5,8,4,2,2,2,1,1,238,112,126
031,District-Solan,Rural,9,341,170,171,13,7,6,2,0,2,1,0,1,70,38,32,10,4,6,1,1,0,3,1,2,241,119,122
031,District-Solan,Rural,10,524,282,242,11,6,5,2,1,1,1,0,1,84,47,37,20,11,9,8,5,3,6,4,2,392,208,184
031,District-Solan,Rural,11,337,182,155,31,23,8,9,4,5,4,1,3,76,42,34,19,9,10,5,4,1,5,1,4,188,98,90
031,District-Solan,Rural,12,365,192,173,59,40,19,19,6,13,8,4,4,100,45,55,38,21,17,13,8,5,5,3,2,123,65,58
031,District-Solan,Rural,13,359,168,191,67,53,14,28,17,11,11,3,8,115,41,74,31,12,19,9,3,6,4,1,3,94,38,56
031,District-Solan,Rural,14,505,259,246,136,88,48,57,21,36,19,9,10,146,64,82,33,21,12,11,6,5,5,2,3,98,48,50
031,District-Solan,Rural,15,774,367,407,235,155,80,92,44,48,45,10,35,205,76,129,71,38,33,25,11,14,7,1,6,94,32,62
031,District-Solan,Rural,16,1144,610,534,402,284,118,218,106,112,67,29,38,272,94,178,83,56,27,27,13,14,6,3,3,69,25,44
031,District-Solan,Rural,17,1787,962,825,710,486,224,368,178,190,111,55,56,471,177,294,62,42,20,26,13,13,3,2,1,36,9,27
031,District-Solan,Rural,18,3602,2033,1569,1643,1238,405,701,314,387,195,65,130,766,239,527,170,118,52,40,22,18,12,5,7,75,32,43
031,District-Solan,Rural,19,4268,2242,2026,1942,1410,532,868,371,497,275,93,182,928,249,679,123,82,41,49,19,30,5,1,4,78,17,61
031,District-Solan,Urban,5-19,5476,3499,1977,1591,1440,151,87,68,19,40,33,7,774,323,451,361,287,74,43,27,16,23,18,5,2557,1303,1254
031,District-Solan,Urban,5,1042,566,476,0,0,0,0,0,0,0,0,0,30,18,12,13,5,8,5,4,1,0,0,0,994,539,455
031,District-Solan,Urban,6,784,409,375,0,0,0,1,1,0,0,0,0,23,13,10,8,5,3,7,4,3,0,0,0,745,386,359
031,District-Solan,Urban,7,227,108,119,3,1,2,0,0,0,0,0,0,30,14,16,3,2,1,0,0,0,0,0,0,191,91,100
031,District-Solan,Urban,8,105,48,57,2,1,1,0,0,0,0,0,0,17,8,9,1,1,0,1,1,0,0,0,0,84,37,47
031,District-Solan,Urban,9,128,65,63,6,4,2,1,1,0,0,0,0,24,15,9,0,0,0,1,1,0,0,0,0,96,44,52
031,District-Solan,Urban,10,143,84,59,0,0,0,0,0,0,0,0,0,29,16,13,1,1,0,1,1,0,0,0,0,112,66,46
031,District-Solan,Urban,11,112,58,54,12,10,2,2,0,2,0,0,0,23,11,12,7,5,2,2,0,2,0,0,0,66,32,34
031,District-Solan,Urban,12,107,69,38,22,19,3,2,2,0,0,0,0,26,15,11,5,5,0,3,3,0,0,0,0,49,25,24
031,District-Solan,Urban,13,97,55,42,11,9,2,2,2,0,2,1,1,29,15,14,6,4,2,1,1,0,1,0,1,45,23,22
031,District-Solan,Urban,14,114,59,55,26,19,7,1,1,0,3,2,1,38,13,25,14,9,5,4,1,3,1,1,0,27,13,14
031,District-Solan,Urban,15,193,113,80,61,52,9,2,1,1,2,2,0,47,19,28,29,21,8,4,1,3,5,2,3,43,15,28
031,District-Solan,Urban,16,262,172,90,107,87,20,8,5,3,5,3,2,67,32,35,41,30,11,4,2,2,4,3,1,26,10,16
031,District-Solan,Urban,17,319,232,87,166,142,24,14,11,3,4,4,0,75,33,42,38,32,6,1,0,1,3,3,0,18,7,11
031,District-Solan,Urban,18,844,681,163,533,496,37,18,16,2,14,12,2,141,54,87,102,86,16,5,4,1,4,4,0,27,9,18
031,District-Solan,Urban,19,999,780,219,642,600,42,36,28,8,10,9,1,175,47,128,93,81,12,4,4,0,5,5,0,34,6,28
032,District-Sirmaur,Total,5-19,32137,16490,15647,8285,5502,2783,3426,1472,1954,965,439,526,4749,1632,3117,917,533,384,409,180,229,279,125,154,13107,6607,6500
032,District-Sirmaur,Total,5,6957,3589,3368,3,2,1,2,1,1,2,0,2,56,28,28,116,69,47,53,23,30,68,36,32,6657,3430,3227
032,District-Sirmaur,Total,6,3737,1936,1801,5,1,4,2,1,1,0,0,0,79,38,41,56,26,30,33,17,16,60,34,26,3502,1819,1683
032,District-Sirmaur,Total,7,899,456,443,15,13,2,4,2,2,2,1,1,66,34,32,29,17,12,12,5,7,16,9,7,755,375,380
032,District-Sirmaur,Total,8,399,192,207,11,6,5,3,1,2,7,2,5,53,25,28,9,2,7,12,6,6,6,2,4,298,148,150
032,District-Sirmaur,Total,9,427,213,214,20,13,7,5,1,4,5,2,3,58,28,30,10,6,4,8,5,3,11,2,9,310,156,154
032,District-Sirmaur,Total,10,609,306,303,19,12,7,13,3,10,3,2,1,66,33,33,22,9,13,11,5,6,9,2,7,466,240,226
032,District-Sirmaur,Total,11,500,236,264,65,43,22,33,15,18,24,13,11,109,38,71,23,11,12,19,9,10,10,5,5,217,102,115
032,District-Sirmaur,Total,12,536,240,296,110,61,49,58,20,38,38,19,19,151,55,96,31,23,8,15,6,9,14,4,10,119,52,67
032,District-Sirmaur,Total,13,663,316,347,184,110,74,90,37,53,43,18,25,187,79,108,32,20,12,14,4,10,6,2,4,107,46,61
032,District-Sirmaur,Total,14,1022,479,543,336,205,131,151,62,89,54,23,31,289,108,181,45,21,24,27,9,18,11,6,5,109,45,64
032,District-Sirmaur,Total,15,1551,776,775,542,335,207,254,108,146,105,54,51,417,163,254,72,42,30,28,14,14,15,7,8,118,53,65
032,District-Sirmaur,Total,16,2105,1105,1000,890,580,310,390,191,199,100,42,58,501,180,321,85,46,39,24,14,10,10,4,6,105,48,57
032,District-Sirmaur,Total,17,2893,1507,1386,1275,871,404,521,225,296,141,63,78,736,250,486,75,50,25,29,15,14,9,3,6,107,30,77
032,District-Sirmaur,Total,18,4649,2455,2194,2258,1534,724,902,383,519,216,91,125,910,281,629,163,102,61,59,23,36,17,3,14,124,38,86
032,District-Sirmaur,Total,19,5190,2684,2506,2552,1716,836,998,422,576,225,109,116,1071,292,779,149,89,60,65,25,40,17,6,11,113,25,88
032,District-Sirmaur,Rural,5-19,29846,15167,14679,7973,5237,2736,3350,1414,1936,957,431,526,4222,1384,2838,832,472,360,381,157,224,271,119,152,11860,5953,5907
032,District-Sirmaur,Rural,5,6376,3293,3083,2,1,1,2,1,1,2,0,2,49,24,25,113,68,45,51,21,30,68,36,32,6089,3142,2947
032,District-Sirmaur,Rural,6,3324,1717,1607,5,1,4,2,1,1,0,0,0,68,33,35,54,26,28,32,17,15,60,34,26,3103,1605,1498
032,District-Sirmaur,Rural,7,818,419,399,15,13,2,4,2,2,2,1,1,58,31,27,27,15,12,11,4,7,16,9,7,685,344,341
032,District-Sirmaur,Rural,8,362,171,191,11,6,5,3,1,2,7,2,5,46,23,23,9,2,7,11,5,6,6,2,4,269,130,139
032,District-Sirmaur,Rural,9,386,190,196,20,13,7,5,1,4,5,2,3,47,23,24,8,5,3,7,4,3,11,2,9,283,140,143
032,District-Sirmaur,Rural,10,554,272,282,19,12,7,13,3,10,3,2,1,59,28,31,18,6,12,10,4,6,9,2,7,423,215,208
032,District-Sirmaur,Rural,11,462,216,246,62,40,22,30,13,17,24,13,11,95,33,62,21,11,10,19,9,10,10,5,5,201,92,109
032,District-Sirmaur,Rural,12,501,218,283,110,61,49,58,20,38,38,19,19,135,47,88,24,18,6,14,6,8,14,4,10,108,43,65
032,District-Sirmaur,Rural,13,623,291,332,180,107,73,89,36,53,43,18,25,172,70,102,29,19,10,13,3,10,6,2,4,91,36,55
032,District-Sirmaur,Rural,14,960,446,514,325,196,129,146,59,87,54,23,31,260,97,163,42,20,22,25,8,17,10,5,5,98,38,60
032,District-Sirmaur,Rural,15,1453,714,739,522,321,201,247,102,145,105,54,51,371,137,234,63,35,28,25,12,13,15,7,8,105,46,59
032,District-Sirmaur,Rural,16,1989,1027,962,857,553,304,381,184,197,98,40,58,451,154,297,75,38,37,24,14,10,9,3,6,94,41,53
032,District-Sirmaur,Rural,17,2756,1426,1330,1236,839,397,510,217,293,138,60,78,669,222,447,70,45,25,26,12,14,9,3,6,98,28,70
032,District-Sirmaur,Rural,18,4381,2274,2107,2167,1455,712,880,363,517,214,89,125,802,231,571,141,84,57,55,20,35,14,1,13,108,31,77
032,District-Sirmaur,Rural,19,4901,2493,2408,2442,1619,823,980,411,569,224,108,116,940,231,709,138,80,58,58,18,40,14,4,10,105,22,83
032,District-Sirmaur,Urban,5-19,2291,1323,968,312,265,47,76,58,18,8,8,0,527,248,279,85,61,24,28,23,5,8,6,2,1247,654,593
032,District-Sirmaur,Urban,5,581,296,285,1,1,0,0,0,0,0,0,0,7,4,3,3,1,2,2,2,0,0,0,0,568,288,280
032,District-Sirmaur,Urban,6,413,219,194,0,0,0,0,0,0,0,0,0,11,5,6,2,0,2,1,0,1,0,0,0,399,214,185
032,District-Sirmaur,Urban,7,81,37,44,0,0,0,0,0,0,0,0,0,8,3,5,2,2,0,1,1,0,0,0,0,70,31,39
032,District-Sirmaur,Urban,8,37,21,16,0,0,0,0,0,0,0,0,0,7,2,5,0,0,0,1,1,0,0,0,0,29,18,11
032,District-Sirmaur,Urban,9,41,23,18,0,0,0,0,0,0,0,0,0,11,5,6,2,1,1,1,1,0,0,0,0,27,16,11
032,District-Sirmaur,Urban,10,55,34,21,0,0,0,0,0,0,0,0,0,7,5,2,4,3,1,1,1,0,0,0,0,43,25,18
032,District-Sirmaur,Urban,11,38,20,18,3,3,0,3,2,1,0,0,0,14,5,9,2,0,2,0,0,0,0,0,0,16,10,6
032,District-Sirmaur,Urban,12,35,22,13,0,0,0,0,0,0,0,0,0,16,8,8,7,5,2,1,0,1,0,0,0,11,9,2
032,District-Sirmaur,Urban,13,40,25,15,4,3,1,1,1,0,0,0,0,15,9,6,3,1,2,1,1,0,0,0,0,16,10,6
032,District-Sirmaur,Urban,14,62,33,29,11,9,2,5,3,2,0,0,0,29,11,18,3,1,2,2,1,1,1,1,0,11,7,4
032,District-Sirmaur,Urban,15,98,62,36,20,14,6,7,6,1,0,0,0,46,26,20,9,7,2,3,2,1,0,0,0,13,7,6
032,District-Sirmaur,Urban,16,116,78,38,33,27,6,9,7,2,2,2,0,50,26,24,10,8,2,0,0,0,1,1,0,11,7,4
032,District-Sirmaur,Urban,17,137,81,56,39,32,7,11,8,3,3,3,0,67,28,39,5,5,0,3,3,0,0,0,0,9,2,7
032,District-Sirmaur,Urban,18,268,181,87,91,79,12,22,20,2,2,2,0,108,50,58,22,18,4,4,3,1,3,2,1,16,7,9
032,District-Sirmaur,Urban,19,289,191,98,110,97,13,18,11,7,1,1,0,131,61,70,11,9,2,7,7,0,3,2,1,8,3,5
033,District-Shimla,Total,5-19,33928,18019,15909,6199,4277,1922,2379,1045,1334,792,358,434,3623,1606,2017,1149,723,426,506,200,306,230,92,138,19050,9718,9332
033,District-Shimla,Total,5,9367,4818,4549,6,2,4,1,1,0,0,0,0,102,54,48,58,31,27,74,33,41,38,16,22,9088,4681,4407
033,District-Shimla,Total,6,6322,3276,3046,6,2,4,0,0,0,5,3,2,132,68,64,34,17,17,55,28,27,30,13,17,6060,3145,2915
033,District-Shimla,Total,7,2081,1048,1033,6,3,3,2,1,1,0,0,0,90,46,44,17,6,11,16,5,11,12,2,10,1938,985,953
033,District-Shimla,Total,8,533,254,279,8,6,2,6,3,3,2,1,1,90,46,44,14,7,7,6,4,2,7,2,5,400,185,215
033,District-Shimla,Total,9,422,209,213,8,6,2,5,1,4,3,1,2,86,47,39,8,4,4,9,3,6,5,3,2,298,144,154
033,District-Shimla,Total,10,486,233,253,10,5,5,6,2,4,2,1,1,73,35,38,23,9,14,11,2,9,8,4,4,353,175,178
033,District-Shimla,Total,11,469,241,228,81,54,27,24,12,12,6,1,5,114,53,61,24,15,9,15,6,9,4,2,2,201,98,103
033,District-Shimla,Total,12,453,249,204,113,76,37,25,12,13,10,5,5,119,67,52,37,24,13,19,6,13,15,4,11,115,55,60
033,District-Shimla,Total,13,473,246,227,119,84,35,53,26,27,18,8,10,125,57,68,44,30,14,17,4,13,10,4,6,87,33,54
033,District-Shimla,Total,14,694,355,339,224,130,94,68,36,32,28,8,20,178,85,93,66,38,28,30,9,21,17,8,9,83,41,42
033,District-Shimla,Total,15,977,559,418,343,247,96,136,61,75,44,23,21,223,110,113,98,60,38,34,16,18,14,5,9,85,37,48
033,District-Shimla,Total,16,1352,787,565,568,395,173,207,95,112,73,35,38,276,137,139,101,68,33,36,12,24,11,8,3,80,37,43
033,District-Shimla,Total,17,1942,1125,817,853,580,273,317,152,165,118,61,57,387,180,207,131,93,38,46,20,26,19,7,12,71,32,39
033,District-Shimla,Total,18,3790,2148,1642,1699,1188,511,676,297,379,214,94,120,746,304,442,269,188,81,73,32,41,19,5,14,94,40,54
033,District-Shimla,Total,19,4567,2471,2096,2155,1499,656,853,346,507,269,117,152,882,317,565,225,133,92,65,20,45,21,9,12,97,30,67
033,District-Shimla,Rural,5-19,26899,13839,13060,4941,3154,1787,2192,925,1267,743,326,417,2698,1179,1519,881,501,380,443,161,282,197,70,127,14804,7523,7281
033,District-Shimla,Rural,5,7392,3780,3612,5,2,3,1,1,0,0,0,0,71,30,41,51,28,23,57,24,33,33,13,20,7174,3682,3492
033,District-Shimla,Rural,6,4817,2484,2333,3,1,2,0,0,0,5,3,2,105,51,54,28,15,13,48,25,23,23,10,13,4605,2379,2226
033,District-Shimla,Rural,7,1622,812,810,6,3,3,2,1,1,0,0,0,74,35,39,16,5,11,13,3,10,11,1,10,1500,764,736
033,District-Shimla,Rural,8,436,205,231,6,4,2,6,3,3,2,1,1,72,36,36,14,7,7,5,3,2,6,2,4,325,149,176
033,District-Shimla,Rural,9,342,161,181,8,6,2,5,1,4,3,1,2,64,33,31,8,4,4,9,3,6,5,3,2,240,110,130
033,District-Shimla,Rural,10,383,179,204,8,3,5,6,2,4,1,1,0,57,26,31,20,8,12,10,2,8,7,4,3,274,133,141
033,District-Shimla,Rural,11,361,177,184,63,37,26,21,10,11,6,1,5,81,37,44,20,11,9,13,5,8,4,2,2,153,74,79
033,District-Shimla,Rural,12,363,185,178,90,54,36,21,9,12,10,5,5,83,43,40,34,22,12,19,6,13,15,4,11,91,42,49
033,District-Shimla,Rural,13,400,208,192,103,71,32,49,24,25,16,7,9,100,47,53,39,26,13,16,4,12,10,4,6,67,25,42
033,District-Shimla,Rural,14,572,281,291,185,100,85,60,28,32,28,8,20,131,63,68,55,29,26,30,9,21,16,7,9,67,37,30
033,District-Shimla,Rural,15,800,453,347,283,196,87,122,56,66,41,22,19,171,92,79,82,48,34,33,15,18,10,1,9,58,23,35
033,District-Shimla,Rural,16,1116,615,501,452,296,156,189,86,103,69,31,38,229,116,113,74,43,31,32,9,23,8,6,2,63,28,35
033,District-Shimla,Rural,17,1611,886,725,699,447,252,294,136,158,105,52,53,302,143,159,96,61,35,43,17,26,15,4,11,57,26,31
033,District-Shimla,Rural,18,3027,1586,1441,1331,853,478,628,265,363,199,84,115,547,216,331,179,111,68,60,22,38,17,4,13,66,31,35
033,District-Shimla,Rural,19,3657,1827,1830,1699,1081,618,788,303,485,258,110,148,611,211,400,165,83,82,55,14,41,17,5,12,64,20,44
033,District-Shimla,Urban,5-19,7029,4180,2849,1258,1123,135,187,120,67,49,32,17,925,427,498,268,222,46,63,39,24,33,22,11,4246,2195,2051
033,District-Shimla,Urban,5,1975,1038,937,1,0,1,0,0,0,0,0,0,31,24,7,7,3,4,17,9,8,5,3,2,1914,999,915
033,District-Shimla,Urban,6,1505,792,713,3,1,2,0,0,0,0,0,0,27,17,10,6,2,4,7,3,4,7,3,4,1455,766,689
033,District-Shimla,Urban,7,459,236,223,0,0,0,0,0,0,0,0,0,16,11,5,1,1,0,3,2,1,1,1,0,438,221,217
033,District-Shimla,Urban,8,97,49,48,2,2,0,0,0,0,0,0,0,18,10,8,0,0,0,1,1,0,1,0,1,75,36,39
033,District-Shimla,Urban,9,80,48,32,0,0,0,0,0,0,0,0,0,22,14,8,0,0,0,0,0,0,0,0,0,58,34,24
033,District-Shimla,Urban,10,103,54,49,2,2,0,0,0,0,1,0,1,16,9,7,3,1,2,1,0,1,1,0,1,79,42,37
033,District-Shimla,Urban,11,108,64,44,18,17,1,3,2,1,0,0,0,33,16,17,4,4,0,2,1,1,0,0,0,48,24,24
033,District-Shimla,Urban,12,90,64,26,23,22,1,4,3,1,0,0,0,36,24,12,3,2,1,0,0,0,0,0,0,24,13,11
033,District-Shimla,Urban,13,73,38,35,16,13,3,4,2,2,2,1,1,25,10,15,5,4,1,1,0,1,0,0,0,20,8,12
033,District-Shimla,Urban,14,122,74,48,39,30,9,8,8,0,0,0,0,47,22,25,11,9,2,0,0,0,1,1,0,16,4,12
033,District-Shimla,Urban,15,177,106,71,60,51,9,14,5,9,3,1,2,52,18,34,16,12,4,1,1,0,4,4,0,27,14,13
033,District-Shimla,Urban,16,236,172,64,116,99,17,18,9,9,4,4,0,47,21,26,27,25,2,4,3,1,3,2,1,17,9,8
033,District-Shimla,Urban,17,331,239,92,154,133,21,23,16,7,13,9,4,85,37,48,35,32,3,3,3,0,4,3,1,14,6,8
033,District-Shimla,Urban,18,763,562,201,368,335,33,48,32,16,15,10,5,199,88,111,90,77,13,13,10,3,2,1,1,28,9,19
033,District-Shimla,Urban,19,910,644,266,456,418,38,65,43,22,11,7,4,271,106,165,60,50,10,10,6,4,4,4,0,33,10,23
034,District-Kinnaur,Total,5-19,3763,2080,1683,1119,739,380,287,165,122,77,42,35,335,114,221,185,124,61,51,23,28,29,16,13,1680,857,823
034,District-Kinnaur,Total,5,895,461,434,1,1,0,0,0,0,0,0,0,5,2,3,13,5,8,8,4,4,9,8,1,859,441,418
034,District-Kinnaur,Total,6,569,293,276,0,0,0,2,2,0,1,1,0,11,7,4,10,7,3,11,3,8,6,4,2,528,269,259
034,District-Kinnaur,Total,7,178,97,81,1,1,0,1,1,0,0,0,0,7,3,4,2,1,1,3,2,1,2,1,1,162,88,74
034,District-Kinnaur,Total,8,44,23,21,1,0,1,1,0,1,0,0,0,6,5,1,2,2,0,4,1,3,0,0,0,30,15,15
034,District-Kinnaur,Total,9,23,10,13,5,1,4,0,0,0,0,0,0,6,3,3,0,0,0,0,0,0,0,0,0,12,6,6
034,District-Kinnaur,Total,10,46,24,22,4,3,1,3,1,2,0,0,0,9,4,5,1,0,1,2,1,1,1,0,1,26,15,11
034,District-Kinnaur,Total,11,48,23,25,15,10,5,3,2,1,2,2,0,6,0,6,4,2,2,2,1,1,1,0,1,15,6,9
034,District-Kinnaur,Total,12,45,22,23,12,6,6,0,0,0,3,3,0,15,8,7,4,2,2,0,0,0,2,0,2,9,3,6
034,District-Kinnaur,Total,13,64,31,33,24,17,7,12,6,6,0,0,0,12,2,10,7,3,4,5,3,2,0,0,0,4,0,4
034,District-Kinnaur,Total,14,64,38,26,27,20,7,8,4,4,2,1,1,18,9,9,6,3,3,1,0,1,0,0,0,2,1,1
034,District-Kinnaur,Total,15,114,65,49,47,34,13,20,14,6,4,3,1,21,5,16,10,6,4,3,1,2,3,0,3,6,2,4
034,District-Kinnaur,Total,16,167,101,66,93,63,30,28,16,12,7,3,4,19,5,14,14,11,3,0,0,0,0,0,0,6,3,3
034,District-Kinnaur,Total,17,292,161,131,169,102,67,46,26,20,8,4,4,46,15,31,15,9,6,2,1,1,2,2,0,4,2,2
034,District-Kinnaur,Total,18,544,316,228,307,197,110,80,49,31,25,12,13,68,17,51,47,35,12,6,3,3,0,0,0,11,3,8
034,District-Kinnaur,Total,19,670,415,255,413,284,129,83,44,39,25,13,12,86,29,57,50,38,12,4,3,1,3,1,2,6,3,3
034,District-Kinnaur,Rural,5-19,3763,2080,1683,1119,739,380,287,165,122,77,42,35,335,114,221,185,124,61,51,23,28,29,16,13,1680,857,823
034,District-Kinnaur,Rural,5,895,461,434,1,1,0,0,0,0,0,0,0,5,2,3,13,5,8,8,4,4,9,8,1,859,441,418
034,District-Kinnaur,Rural,6,569,293,276,0,0,0,2,2,0,1,1,0,11,7,4,10,7,3,11,3,8,6,4,2,528,269,259
034,District-Kinnaur,Rural,7,178,97,81,1,1,0,1,1,0,0,0,0,7,3,4,2,1,1,3,2,1,2,1,1,162,88,74
034,District-Kinnaur,Rural,8,44,23,21,1,0,1,1,0,1,0,0,0,6,5,1,2,2,0,4,1,3,0,0,0,30,15,15
034,District-Kinnaur,Rural,9,23,10,13,5,1,4,0,0,0,0,0,0,6,3,3,0,0,0,0,0,0,0,0,0,12,6,6
034,District-Kinnaur,Rural,10,46,24,22,4,3,1,3,1,2,0,0,0,9,4,5,1,0,1,2,1,1,1,0,1,26,15,11
034,District-Kinnaur,Rural,11,48,23,25,15,10,5,3,2,1,2,2,0,6,0,6,4,2,2,2,1,1,1,0,1,15,6,9
034,District-Kinnaur,Rural,12,45,22,23,12,6,6,0,0,0,3,3,0,15,8,7,4,2,2,0,0,0,2,0,2,9,3,6
034,District-Kinnaur,Rural,13,64,31,33,24,17,7,12,6,6,0,0,0,12,2,10,7,3,4,5,3,2,0,0,0,4,0,4
034,District-Kinnaur,Rural,14,64,38,26,27,20,7,8,4,4,2,1,1,18,9,9,6,3,3,1,0,1,0,0,0,2,1,1
034,District-Kinnaur,Rural,15,114,65,49,47,34,13,20,14,6,4,3,1,21,5,16,10,6,4,3,1,2,3,0,3,6,2,4
034,District-Kinnaur,Rural,16,167,101,66,93,63,30,28,16,12,7,3,4,19,5,14,14,11,3,0,0,0,0,0,0,6,3,3
034,District-Kinnaur,Rural,17,292,161,131,169,102,67,46,26,20,8,4,4,46,15,31,15,9,6,2,1,1,2,2,0,4,2,2
034,District-Kinnaur,Rural,18,544,316,228,307,197,110,80,49,31,25,12,13,68,17,51,47,35,12,6,3,3,0,0,0,11,3,8
034,District-Kinnaur,Rural,19,670,415,255,413,284,129,83,44,39,25,13,12,86,29,57,50,38,12,4,3,1,3,1,2,6,3,3
034,District-Kinnaur,Urban,5-19,0,0,0,0,0,0,0,0,0,0,0,0,0,0,0,0,0,0,0,0,0,0,0,0,0,0,0
034,District-Kinnaur,Urban,5,0,0,0,0,0,0,0,0,0,0,0,0,0,0,0,0,0,0,0,0,0,0,0,0,0,0,0
034,District-Kinnaur,Urban,6,0,0,0,0,0,0,0,0,0,0,0,0,0,0,0,0,0,0,0,0,0,0,0,0,0,0,0
034,District-Kinnaur,Urban,7,0,0,0,0,0,0,0,0,0,0,0,0,0,0,0,0,0,0,0,0,0,0,0,0,0,0,0
034,District-Kinnaur,Urban,8,0,0,0,0,0,0,0,0,0,0,0,0,0,0,0,0,0,0,0,0,0,0,0,0,0,0,0
034,District-Kinnaur,Urban,9,0,0,0,0,0,0,0,0,0,0,0,0,0,0,0,0,0,0,0,0,0,0,0,0,0,0,0
034,District-Kinnaur,Urban,10,0,0,0,0,0,0,0,0,0,0,0,0,0,0,0,0,0,0,0,0,0,0,0,0,0,0,0
034,District-Kinnaur,Urban,11,0,0,0,0,0,0,0,0,0,0,0,0,0,0,0,0,0,0,0,0,0,0,0,0,0,0,0
034,District-Kinnaur,Urban,12,0,0,0,0,0,0,0,0,0,0,0,0,0,0,0,0,0,0,0,0,0,0,0,0,0,0,0
034,District-Kinnaur,Urban,13,0,0,0,0,0,0,0,0,0,0,0,0,0,0,0,0,0,0,0,0,0,0,0,0,0,0,0
034,District-Kinnaur,Urban,14,0,0,0,0,0,0,0,0,0,0,0,0,0,0,0,0,0,0,0,0,0,0,0,0,0,0,0
034,District-Kinnaur,Urban,15,0,0,0,0,0,0,0,0,0,0,0,0,0,0,0,0,0,0,0,0,0,0,0,0,0,0,0
034,District-Kinnaur,Urban,16,0,0,0,0,0,0,0,0,0,0,0,0,0,0,0,0,0,0,0,0,0,0,0,0,0,0,0
034,District-Kinnaur,Urban,17,0,0,0,0,0,0,0,0,0,0,0,0,0,0,0,0,0,0,0,0,0,0,0,0,0,0,0
034,District-Kinnaur,Urban,18,0,0,0,0,0,0,0,0,0,0,0,0,0,0,0,0,0,0,0,0,0,0,0,0,0,0,0
034,District-Kinnaur,Urban,19,0,0,0,0,0,0,0,0,0,0,0,0,0,0,0,0,0,0,0,0,0,0,0,0,0,0,0
