01,State-JAMMU KASHMIR,Total,5-19,1041007,492209,548798,41233,34852,6381,42251,25783,16468,19239,9850,9389,132144,49777,82367,31870,20586,11284,46790,18886,27904,22119,7626,14493,705361,324849,380512,
01,State-JAMMU KASHMIR,Total,5,217612,115079,102533,54,42,12,59,27,32,12,4,8,2137,1185,952,1124,669,455,1280,630,650,298,136,162,212648,112386,100262,
01,State-JAMMU KASHMIR,Total,6,163133,85177,77956,52,34,18,61,30,31,8,4,4,2509,1342,1167,912,545,367,1248,639,609,308,154,154,158035,82429,75606,
01,State-JAMMU KASHMIR,Total,7,67093,33435,33658,85,56,29,70,32,38,19,7,12,2257,1169,1088,480,260,220,808,403,405,346,161,185,63028,31347,31681,
01,State-JAMMU KASHMIR,Total,8,44019,20802,23217,110,61,49,71,41,30,28,11,17,2220,1156,1064,545,332,213,762,361,401,502,228,274,39781,18612,21169,
01,State-JAMMU KASHMIR,Total,9,29246,13614,15632,121,75,46,97,54,43,37,18,19,2007,1028,979,468,272,196,750,334,416,416,176,240,25350,11657,13693,
01,State-JAMMU KASHMIR,Total,10,44574,20873,23701,170,110,60,166,82,84,73,37,36,2877,1368,1509,861,517,344,1358,620,738,778,318,460,38291,17821,20470,
01,State-JAMMU KASHMIR,Total,11,30894,13765,17129,542,449,93,389,208,181,171,85,86,3327,1480,1847,911,552,359,1487,593,894,812,278,534,23255,10120,13135,
01,State-JAMMU KASHMIR,Total,12,33081,13740,19341,990,826,164,815,439,376,400,193,207,4650,1989,2661,1356,876,480,2345,919,1426,1309,469,840,21216,8029,13187,
01,State-JAMMU KASHMIR,Total,13,29263,11730,17533,1074,875,199,1033,551,482,516,250,266,5043,1997,3046,1390,846,544,2420,954,1466,1268,432,836,16519,5825,10694,
01,State-JAMMU KASHMIR,Total,14,34988,14015,20973,1656,1312,344,1757,969,788,915,455,460,7128,2821,4307,1944,1206,738,3358,1296,2062,1661,590,1071,16569,5366,11203,
01,State-JAMMU KASHMIR,Total,15,49327,20094,29233,2993,2478,515,3452,2001,1451,1749,818,931,11346,4349,6997,3264,2136,1128,4943,1995,2948,2518,863,1655,19062,5454,13608,
01,State-JAMMU KASHMIR,Total,16,57436,23603,33833,4254,3534,720,5128,3039,2089,2521,1280,1241,15216,5578,9638,3667,2385,1282,5660,2212,3448,2578,848,1730,18412,4727,13685,
01,State-JAMMU KASHMIR,Total,17,57300,24870,32430,5823,4915,908,6387,3932,2455,2902,1513,1389,17016,6061,10955,3448,2283,1165,5005,1954,3051,2276,751,1525,14443,3461,10982,
01,State-JAMMU KASHMIR,Total,18,101996,44691,57305,11631,9971,1660,12035,7600,4435,5487,2878,2609,29569,9931,19638,6778,4588,2190,9111,3650,5461,4292,1414,2878,23093,4659,18434,
01,State-JAMMU KASHMIR,Total,19,81045,36721,44324,11678,10114,1564,10731,6778,3953,4401,2297,2104,24842,8323,16519,4722,3119,1603,6255,2326,3929,2757,808,1949,15659,2956,12703,
01,State-JAMMU KASHMIR,Rural,5-19,857456,397589,459867,30403,25605,4798,37096,22607,14489,17577,8967,8610,101026,36939,64087,25129,15637,9492,41590,16082,25508,20603,6946,13657,584032,264806,319226,
01,State-JAMMU KASHMIR,Rural,5,178447,94183,84264,34,25,9,41,20,21,11,3,8,1480,814,666,869,509,360,927,443,484,270,124,146,174815,92245,82570,
01,State-JAMMU KASHMIR,Rural,6,132910,68953,63957,29,21,8,38,21,17,8,4,4,1759,935,824,692,398,294,935,477,458,281,141,140,129168,66956,62212,
01,State-JAMMU KASHMIR,Rural,7,56049,27756,28293,60,39,21,48,20,28,13,5,8,1597,826,771,398,214,184,654,318,336,325,149,176,52954,26185,26769,
01,State-JAMMU KASHMIR,Rural,8,37224,17370,19854,63,31,32,49,30,19,23,10,13,1621,845,776,437,265,172,660,304,356,478,220,258,33893,15665,18228,
01,State-JAMMU KASHMIR,Rural,9,24304,11043,13261,74,43,31,72,41,31,33,15,18,1449,739,710,369,211,158,638,271,367,393,161,232,21276,9562,11714,
01,State-JAMMU KASHMIR,Rural,10,37027,16985,20042,103,63,40,132,66,66,65,32,33,2074,950,1124,696,409,287,1175,528,647,744,302,442,32038,14635,17403,
01,State-JAMMU KASHMIR,Rural,11,25677,11028,14649,355,289,66,311,162,149,156,75,81,2495,1089,1406,714,397,317,1297,499,798,772,259,513,19577,8258,11319,
01,State-JAMMU KASHMIR,Rural,12,27494,10935,16559,672,570,102,680,354,326,366,174,192,3521,1491,2030,1067,663,404,2102,795,1307,1223,419,804,17863,6469,11394,
01,State-JAMMU KASHMIR,Rural,13,24389,9292,15097,732,592,140,901,470,431,482,233,249,3893,1473,2420,1093,637,456,2193,825,1368,1191,394,797,13904,4668,9236,
01,State-JAMMU KASHMIR,Rural,14,28826,11014,17812,1175,936,239,1564,855,709,839,410,429,5483,2106,3377,1540,910,630,2988,1103,1885,1555,539,1016,13682,4155,9527,
01,State-JAMMU KASHMIR,Rural,15,40883,15906,24977,2222,1826,396,2991,1709,1282,1617,746,871,8811,3297,5514,2539,1608,931,4448,1709,2739,2351,787,1564,15904,4224,11680,
01,State-JAMMU KASHMIR,Rural,16,47772,18861,28911,3152,2602,550,4555,2709,1846,2317,1178,1139,11929,4215,7714,2904,1817,1087,5136,1921,3215,2409,772,1637,15370,3647,11723,
01,State-JAMMU KASHMIR,Rural,17,47102,19812,27290,4454,3746,708,5625,3458,2167,2660,1393,1267,13238,4575,8663,2721,1725,996,4520,1678,2842,2077,666,1411,11807,2571,9236,
01,State-JAMMU KASHMIR,Rural,18,84024,35786,48238,8801,7543,1258,10645,6745,3900,4960,2587,2373,22835,7421,15414,5420,3563,1857,8263,3201,5062,3972,1280,2692,19128,3446,15682,
01,State-JAMMU KASHMIR,Rural,19,65328,28665,36663,8477,7279,1198,9444,5947,3497,4027,2102,1925,18841,6163,12678,3670,2311,1359,5654,2010,3644,2562,733,1829,12653,2120,10533,
01,State-JAMMU KASHMIR,Urban,5-19,183551,94620,88931,10830,9247,1583,5155,3176,1979,1662,883,779,31118,12838,18280,6741,4949,1792,5200,2804,2396,1516,680,836,121329,60043,61286,
01,State-JAMMU KASHMIR,Urban,5,39165,20896,18269,20,17,3,18,7,11,1,1,0,657,371,286,255,160,95,353,187,166,28,12,16,37833,20141,17692,
01,State-JAMMU KASHMIR,Urban,6,30223,16224,13999,23,13,10,23,9,14,0,0,0,750,407,343,220,147,73,313,162,151,27,13,14,28867,15473,13394,
01,State-JAMMU KASHMIR,Urban,7,11044,5679,5365,25,17,8,22,12,10,6,2,4,660,343,317,82,46,36,154,85,69,21,12,9,10074,5162,4912,
01,State-JAMMU KASHMIR,Urban,8,6795,3432,3363,47,30,17,22,11,11,5,1,4,599,311,288,108,67,41,102,57,45,24,8,16,5888,2947,2941,
01,State-JAMMU KASHMIR,Urban,9,4942,2571,2371,47,32,15,25,13,12,4,3,1,558,289,269,99,61,38,112,63,49,23,15,8,4074,2095,1979,
01,State-JAMMU KASHMIR,Urban,10,7547,3888,3659,67,47,20,34,16,18,8,5,3,803,418,385,165,108,57,183,92,91,34,16,18,6253,3186,3067,
01,State-JAMMU KASHMIR,Urban,11,5217,2737,2480,187,160,27,78,46,32,15,10,5,832,391,441,197,155,42,190,94,96,40,19,21,3678,1862,1816,
01,State-JAMMU KASHMIR,Urban,12,5587,2805,2782,318,256,62,135,85,50,34,19,15,1129,498,631,289,213,76,243,124,119,86,50,36,3353,1560,1793,
01,State-JAMMU KASHMIR,Urban,13,4874,2438,2436,342,283,59,132,81,51,34,17,17,1150,524,626,297,209,88,227,129,98,77,38,39,2615,1157,1458,
01,State-JAMMU KASHMIR,Urban,14,6162,3001,3161,481,376,105,193,114,79,76,45,31,1645,715,930,404,296,108,370,193,177,106,51,55,2887,1211,1676,
01,State-JAMMU KASHMIR,Urban,15,8444,4188,4256,771,652,119,461,292,169,132,72,60,2535,1052,1483,725,528,197,495,286,209,167,76,91,3158,1230,1928,
01,State-JAMMU KASHMIR,Urban,16,9664,4742,4922,1102,932,170,573,330,243,204,102,102,3287,1363,1924,763,568,195,524,291,233,169,76,93,3042,1080,1962,
01,State-JAMMU KASHMIR,Urban,17,10198,5058,5140,1369,1169,200,762,474,288,242,120,122,3778,1486,2292,727,558,169,485,276,209,199,85,114,2636,890,1746,
01,State-JAMMU KASHMIR,Urban,18,17972,8905,9067,2830,2428,402,1390,855,535,527,291,236,6734,2510,4224,1358,1025,333,848,449,399,320,134,186,3965,1213,2752,
01,State-JAMMU KASHMIR,Urban,19,15717,8056,7661,3201,2835,366,1287,831,456,374,195,179,6001,2160,3841,1052,808,244,601,316,285,195,75,120,3006,836,2170,
02,State-HIMACHAL PRADESH,Total,5-19,314058,160964,153094,50259,33684,16575,33849,15500,18349,15100,6433,8667,44649,17737,26912,7886,4773,3113,4456,1785,2671,3055,1263,1792,154804,79789,75015,
02,State-HIMACHAL PRADESH,Total,5,79725,41748,37977,50,32,18,26,12,14,22,8,14,1013,499,514,528,286,242,405,193,212,531,276,255,77150,40442,36708,
02,State-HIMACHAL PRADESH,Total,6,48881,25677,23204,39,21,18,32,16,16,34,15,19,1288,647,641,313,154,159,307,153,154,542,287,255,46326,24384,21942,
02,State-HIMACHAL PRADESH,Total,7,11588,5967,5621,103,66,37,48,24,24,29,17,12,1047,518,529,122,62,60,100,45,55,161,78,83,9978,5157,4821,
02,State-HIMACHAL PRADESH,Total,8,4317,2099,2218,77,47,30,37,18,19,48,15,33,795,396,399,79,44,35,68,32,36,96,36,60,3117,1511,1606,
02,State-HIMACHAL PRADESH,Total,9,4181,2092,2089,103,66,37,44,15,29,36,16,20,809,432,377,73,38,35,63,26,37,68,27,41,2985,1472,1513,
02,State-HIMACHAL PRADESH,Total,10,6069,3070,2999,138,83,55,77,30,47,63,22,41,877,471,406,160,79,81,102,33,69,104,32,72,4548,2320,2228,
02,State-HIMACHAL PRADESH,Total,11,4625,2231,2394,414,268,146,247,112,135,172,70,102,1045,489,556,156,80,76,126,41,85,76,27,49,2389,1144,1245,
02,State-HIMACHAL PRADESH,Total,12,4674,2192,2482,724,458,266,404,165,239,294,118,176,1335,592,743,267,159,108,180,65,115,136,43,93,1334,592,742,
02,State-HIMACHAL PRADESH,Total,13,5220,2439,2781,931,598,333,658,268,390,391,153,238,1488,676,812,301,157,144,191,65,126,124,50,74,1136,472,664,
02,State-HIMACHAL PRADESH,Total,14,7158,3281,3877,1631,969,662,1035,426,609,578,224,354,1985,800,1185,451,269,182,262,88,174,158,46,112,1058,459,599,
02,State-HIMACHAL PRADESH,Total,15,10907,5384,5523,2735,1774,961,1832,815,1017,1047,451,596,2779,1188,1591,771,459,312,388,153,235,201,69,132,1154,475,679,
02,State-HIMACHAL PRADESH,Total,16,14922,7637,7285,4444,2932,1512,3060,1429,1631,1437,635,802,3687,1520,2167,803,489,314,383,154,229,198,79,119,910,399,511,
02,State-HIMACHAL PRADESH,Total,17,22081,11369,10712,7175,4808,2367,4932,2323,2609,2211,965,1246,5591,2213,3378,779,504,275,413,174,239,176,66,110,804,316,488,
02,State-HIMACHAL PRADESH,Total,18,40910,21333,19577,14408,9861,4547,9506,4494,5012,3861,1671,2190,9374,3423,5951,1717,1129,588,767,314,453,259,70,189,1018,371,647,
02,State-HIMACHAL PRADESH,Total,19,48800,24445,24355,17287,11701,5586,11911,5353,6558,4877,2053,2824,11536,3873,7663,1366,864,502,701,249,452,225,77,148,897,275,622,
02,State-HIMACHAL PRADESH,Rural,5-19,287283,145048,142235,45476,29473,16003,33149,14985,18164,14905,6286,8619,39877,15559,24318,6539,3728,2811,4178,1607,2571,2949,1196,1753,140210,72214,67996,
02,State-HIMACHAL PRADESH,Rural,5,73325,38324,35001,47,30,17,26,12,14,22,8,14,887,423,464,495,269,226,373,174,199,523,270,253,70952,37138,33814,
02,State-HIMACHAL PRADESH,Rural,6,44130,23157,20973,34,19,15,31,15,16,34,15,19,1170,582,588,290,141,149,290,144,146,532,283,249,41749,21958,19791,
02,State-HIMACHAL PRADESH,Rural,7,10379,5352,5027,89,56,33,46,23,23,28,16,12,947,467,480,111,52,59,92,39,53,155,76,79,8911,4623,4288,
02,State-HIMACHAL PRADESH,Rural,8,3831,1852,1979,69,40,29,36,18,18,48,15,33,717,356,361,73,39,34,64,29,35,95,36,59,2729,1319,1410,
02,State-HIMACHAL PRADESH,Rural,9,3694,1831,1863,94,59,35,43,14,29,36,16,20,709,379,330,63,30,33,59,23,36,67,26,41,2623,1284,1339,
02,State-HIMACHAL PRADESH,Rural,10,5438,2722,2716,128,75,53,77,30,47,61,22,39,781,415,366,141,66,75,96,28,68,101,32,69,4053,2054,1999,
02,State-HIMACHAL PRADESH,Rural,11,4116,1960,2156,364,229,135,236,105,131,172,70,102,902,424,478,127,61,66,119,40,79,75,27,48,2121,1004,1117,
02,State-HIMACHAL PRADESH,Rural,12,4169,1890,2279,647,393,254,392,155,237,293,117,176,1174,505,669,238,137,101,169,60,109,136,43,93,1120,480,640,
02,State-HIMACHAL PRADESH,Rural,13,4753,2178,2575,856,537,319,644,256,388,385,151,234,1336,601,735,260,131,129,179,59,120,122,49,73,971,394,577,
02,State-HIMACHAL PRADESH,Rural,14,6539,2939,3600,1495,866,629,1011,408,603,573,220,353,1768,708,1060,382,221,161,252,85,167,153,42,111,905,389,516,
02,State-HIMACHAL PRADESH,Rural,15,9936,4808,5128,2477,1565,912,1790,786,1004,1034,443,591,2465,1046,1419,643,370,273,367,144,223,189,61,128,971,393,578,
02,State-HIMACHAL PRADESH,Rural,16,13706,6828,6878,4055,2604,1451,2992,1382,1610,1415,616,799,3293,1322,1971,643,369,274,357,134,223,178,67,111,773,334,439,
02,State-HIMACHAL PRADESH,Rural,17,20537,10324,10213,6583,4303,2280,4838,2253,2585,2173,937,1236,5042,1950,3092,642,390,252,387,153,234,167,59,108,705,279,426,
02,State-HIMACHAL PRADESH,Rural,18,37618,18954,18664,12914,8501,4413,9314,4350,4964,3799,1623,2176,8419,2997,5422,1342,823,519,717,277,440,246,59,187,867,324,543,
02,State-HIMACHAL PRADESH,Rural,19,45112,21929,23183,15624,10196,5428,11673,5178,6495,4832,2017,2815,10267,3384,6883,1089,629,460,657,218,439,210,66,144,760,241,519,
02,State-HIMACHAL PRADESH,Urban,5-19,26775,15916,10859,4783,4211,572,700,515,185,195,147,48,4772,2178,2594,1347,1045,302,278,178,100,106,67,39,14594,7575,7019,
02,State-HIMACHAL PRADESH,Urban,5,6400,3424,2976,3,2,1,0,0,0,0,0,0,126,76,50,33,17,16,32,19,13,8,6,2,6198,3304,2894,
02,State-HIMACHAL PRADESH,Urban,6,4751,2520,2231,5,2,3,1,1,0,0,0,0,118,65,53,23,13,10,17,9,8,10,4,6,4577,2426,2151,
02,State-HIMACHAL PRADESH,Urban,7,1209,615,594,14,10,4,2,1,1,1,1,0,100,51,49,11,10,1,8,6,2,6,2,4,1067,534,533,
02,State-HIMACHAL PRADESH,Urban,8,486,247,239,8,7,1,1,0,1,0,0,0,78,40,38,6,5,1,4,3,1,1,0,1,388,192,196,
02,State-HIMACHAL PRADESH,Urban,9,487,261,226,9,7,2,1,1,0,0,0,0,100,53,47,10,8,2,4,3,1,1,1,0,362,188,174,
02,State-HIMACHAL PRADESH,Urban,10,631,348,283,10,8,2,0,0,0,2,0,2,96,56,40,19,13,6,6,5,1,3,0,3,495,266,229,
02,State-HIMACHAL PRADESH,Urban,11,509,271,238,50,39,11,11,7,4,0,0,0,143,65,78,29,19,10,7,1,6,1,0,1,268,140,128,
02,State-HIMACHAL PRADESH,Urban,12,505,302,203,77,65,12,12,10,2,1,1,0,161,87,74,29,22,7,11,5,6,0,0,0,214,112,102,
02,State-HIMACHAL PRADESH,Urban,13,467,261,206,75,61,14,14,12,2,6,2,4,152,75,77,41,26,15,12,6,6,2,1,1,165,78,87,
02,State-HIMACHAL PRADESH,Urban,14,619,342,277,136,103,33,24,18,6,5,4,1,217,92,125,69,48,21,10,3,7,5,4,1,153,70,83,
02,State-HIMACHAL PRADESH,Urban,15,971,576,395,258,209,49,42,29,13,13,8,5,314,142,172,128,89,39,21,9,12,12,8,4,183,82,101,
02,State-HIMACHAL PRADESH,Urban,16,1216,809,407,389,328,61,68,47,21,22,19,3,394,198,196,160,120,40,26,20,6,20,12,8,137,65,72,
02,State-HIMACHAL PRADESH,Urban,17,1544,1045,499,592,505,87,94,70,24,38,28,10,549,263,286,137,114,23,26,21,5,9,7,2,99,37,62,
02,State-HIMACHAL PRADESH,Urban,18,3292,2379,913,1494,1360,134,192,144,48,62,48,14,955,426,529,375,306,69,50,37,13,13,11,2,151,47,104,
02,State-HIMACHAL PRADESH,Urban,19,3688,2516,1172,1663,1505,158,238,175,63,45,36,9,1269,489,780,277,235,42,44,31,13,15,11,4,137,34,103,
03,State-PUNJAB,Total,5-19,1985099,1090930,894169,307019,267842,39177,76379,52252,24127,25222,15595,9627,593746,222546,371200,110487,87325,23162,32994,19815,13179,10049,5574,4475,829203,419981,409222,
03,State-PUNJAB,Total,5,290360,158224,132136,324,236,88,167,93,74,8,4,4,8003,4268,3735,2651,1640,1011,1987,1073,914,166,87,79,277054,150823,126231,
03,State-PUNJAB,Total,6,213266,116261,97005,283,195,88,205,113,92,8,5,3,8941,4774,4167,1977,1191,786,1662,899,763,141,71,70,200049,109013,91036,
03,State-PUNJAB,Total,7,74273,39546,34727,559,367,192,193,108,85,17,13,4,7325,3850,3475,1176,700,476,678,353,325,131,72,59,64194,34083,30111,
03,State-PUNJAB,Total,8,43953,23138,20815,611,413,198,203,118,85,27,15,12,7028,3709,3319,1130,687,443,517,280,237,151,82,69,34286,17834,16452,
03,State-PUNJAB,Total,9,33579,17632,15947,670,461,209,231,120,111,34,20,14,6999,3652,3347,1026,627,399,477,244,233,128,69,59,24014,12439,11575,
03,State-PUNJAB,Total,10,47974,25664,22310,1054,755,299,343,211,132,90,53,37,9486,4943,4543,2058,1339,719,813,461,352,288,150,138,33842,17752,16090,
03,State-PUNJAB,Total,11,39480,21033,18447,2738,2184,554,734,438,296,251,145,106,12009,5712,6297,2143,1475,668,835,457,378,281,155,126,20489,10467,10022,
03,State-PUNJAB,Total,12,54098,28907,25191,5174,4232,942,1390,842,548,515,296,219,18442,8387,10055,4169,2980,1189,1404,769,635,469,252,217,22535,11149,11386,
03,State-PUNJAB,Total,13,59464,30941,28523,6452,5222,1230,2021,1324,697,749,411,338,23908,10368,13540,4554,3296,1258,1564,906,658,566,300,266,19650,9114,10536,
03,State-PUNJAB,Total,14,83163,43860,39303,11730,9711,2019,3615,2314,1301,1376,818,558,35616,14800,20816,6955,5186,1769,2321,1334,987,796,458,338,20754,9239,11515,
03,State-PUNJAB,Total,15,124891,67998,56893,22365,18814,3551,6586,4376,2210,2482,1440,1042,51926,20594,31332,12495,9802,2693,3448,2050,1398,1303,770,533,24286,10152,14134,
03,State-PUNJAB,Total,16,156963,86051,70912,34195,29403,4792,9533,6382,3151,3456,2123,1333,68398,25546,42852,13871,11121,2750,3845,2391,1454,1283,709,574,22382,8376,14006,
03,State-PUNJAB,Total,17,183102,103046,80056,47326,41368,5958,12390,8624,3766,4178,2621,1557,82233,29558,52675,13821,11465,2356,3578,2312,1266,1146,630,516,18430,6468,11962,
03,State-PUNJAB,Total,18,300593,171638,128955,86819,77253,9566,20032,14056,5976,6332,4028,2304,127697,42464,85233,25083,21188,3895,5800,3714,2086,1906,1076,830,26924,7859,19065,
03,State-PUNJAB,Total,19,279940,156991,122949,86719,77228,9491,18736,13133,5603,5699,3603,2096,125735,39921,85814,17378,14628,2750,4065,2572,1493,1294,693,601,20314,5213,15101,
03,State-PUNJAB,Rural,5-19,1316563,711333,605230,207649,180894,26755,58699,39539,19160,21449,12610,8839,408692,144908,263784,70454,55299,15155,23205,13462,9743,8142,4191,3951,518273,260430,257843,
03,State-PUNJAB,Rural,5,187143,102032,85111,179,131,48,74,45,29,4,3,1,4571,2420,2151,1610,995,615,976,513,463,128,67,61,179601,97858,81743,
03,State-PUNJAB,Rural,6,134169,73214,60955,168,117,51,102,53,49,4,3,1,5359,2869,2490,1164,724,440,822,430,392,102,53,49,126448,68965,57483,
03,State-PUNJAB,Rural,7,45623,24387,21236,313,206,107,89,48,41,15,11,4,4173,2163,2010,700,427,273,363,193,170,112,61,51,39858,21278,18580,
03,State-PUNJAB,Rural,8,25419,13351,12068,348,233,115,103,66,37,19,12,7,4024,2102,1922,691,425,266,290,145,145,118,63,55,19826,10305,9521,
03,State-PUNJAB,Rural,9,19263,10075,9188,402,268,134,124,60,64,29,15,14,4004,2090,1914,615,371,244,280,143,137,99,50,49,13710,7078,6632,
03,State-PUNJAB,Rural,10,27809,14599,13210,645,460,185,196,120,76,78,41,37,5555,2829,2726,1233,798,435,467,257,210,232,112,120,19403,9982,9421,
03,State-PUNJAB,Rural,11,23531,12280,11251,1659,1317,342,452,260,192,211,113,98,7267,3349,3918,1341,905,436,558,295,263,213,111,102,11830,5930,5900,
03,State-PUNJAB,Rural,12,33450,17406,16044,3230,2599,631,977,584,393,443,242,201,11807,5202,6605,2622,1838,784,980,504,476,382,196,186,13009,6241,6768,
03,State-PUNJAB,Rural,13,38698,19549,19149,4141,3320,821,1525,986,539,645,331,314,16201,6733,9468,2916,2087,829,1140,644,496,461,228,233,11669,5220,6449,
03,State-PUNJAB,Rural,14,56263,28755,27508,7841,6465,1376,2786,1742,1044,1195,675,520,24722,9766,14956,4542,3336,1206,1727,948,779,643,336,307,12807,5487,7320,
03,State-PUNJAB,Rural,15,85184,44688,40496,14888,12444,2444,5082,3284,1798,2150,1171,979,36628,13734,22894,7985,6188,1797,2556,1445,1111,1067,589,478,14828,5833,8995,
03,State-PUNJAB,Rural,16,109855,58412,51443,23521,20190,3331,7570,4960,2610,3010,1765,1245,48819,17224,31595,9006,7145,1861,2880,1718,1162,1037,523,514,14012,4887,9125,
03,State-PUNJAB,Rural,17,128448,70497,57951,32613,28457,4156,9705,6665,3040,3572,2147,1425,58387,19902,38485,8941,7380,1561,2692,1663,1029,939,480,459,11599,3803,7796,
03,State-PUNJAB,Rural,18,207919,115589,92330,58750,52218,6532,15545,10746,4799,5282,3194,2088,89575,28101,61474,15951,13345,2606,4396,2701,1695,1546,796,750,16874,4488,12386,
03,State-PUNJAB,Rural,19,193789,106499,87290,58951,52469,6482,14369,9920,4449,4792,2887,1905,87600,26424,61176,11137,9335,1802,3078,1863,1215,1063,526,537,12799,3075,9724,
03,State-PUNJAB,Urban,5-19,668536,379597,288939,99370,86948,12422,17680,12713,4967,3773,2985,788,185054,77638,107416,40033,32026,8007,9789,6353,3436,1907,1383,524,310930,159551,151379,
03,State-PUNJAB,Urban,5,103217,56192,47025,145,105,40,93,48,45,4,1,3,3432,1848,1584,1041,645,396,1011,560,451,38,20,18,97453,52965,44488,
03,State-PUNJAB,Urban,6,79097,43047,36050,115,78,37,103,60,43,4,2,2,3582,1905,1677,813,467,346,840,469,371,39,18,21,73601,40048,33553,
03,State-PUNJAB,Urban,7,28650,15159,13491,246,161,85,104,60,44,2,2,0,3152,1687,1465,476,273,203,315,160,155,19,11,8,24336,12805,11531,
03,State-PUNJAB,Urban,8,18534,9787,8747,263,180,83,100,52,48,8,3,5,3004,1607,1397,439,262,177,227,135,92,33,19,14,14460,7529,6931,
03,State-PUNJAB,Urban,9,14316,7557,6759,268,193,75,107,60,47,5,5,0,2995,1562,1433,411,256,155,197,101,96,29,19,10,10304,5361,4943,
03,State-PUNJAB,Urban,10,20165,11065,9100,409,295,114,147,91,56,12,12,0,3931,2114,1817,825,541,284,346,204,142,56,38,18,14439,7770,6669,
03,State-PUNJAB,Urban,11,15949,8753,7196,1079,867,212,282,178,104,40,32,8,4742,2363,2379,802,570,232,277,162,115,68,44,24,8659,4537,4122,
03,State-PUNJAB,Urban,12,20648,11501,9147,1944,1633,311,413,258,155,72,54,18,6635,3185,3450,1547,1142,405,424,265,159,87,56,31,9526,4908,4618,
03,State-PUNJAB,Urban,13,20766,11392,9374,2311,1902,409,496,338,158,104,80,24,7707,3635,4072,1638,1209,429,424,262,162,105,72,33,7981,3894,4087,
03,State-PUNJAB,Urban,14,26900,15105,11795,3889,3246,643,829,572,257,181,143,38,10894,5034,5860,2413,1850,563,594,386,208,153,122,31,7947,3752,4195,
03,State-PUNJAB,Urban,15,39707,23310,16397,7477,6370,1107,1504,1092,412,332,269,63,15298,6860,8438,4510,3614,896,892,605,287,236,181,55,9458,4319,5139,
03,State-PUNJAB,Urban,16,47108,27639,19469,10674,9213,1461,1963,1422,541,446,358,88,19579,8322,11257,4865,3976,889,965,673,292,246,186,60,8370,3489,4881,
03,State-PUNJAB,Urban,17,54654,32549,22105,14713,12911,1802,2685,1959,726,606,474,132,23846,9656,14190,4880,4085,795,886,649,237,207,150,57,6831,2665,4166,
03,State-PUNJAB,Urban,18,92674,56049,36625,28069,25035,3034,4487,3310,1177,1050,834,216,38122,14363,23759,9132,7843,1289,1404,1013,391,360,280,80,10050,3371,6679,
03,State-PUNJAB,Urban,19,86151,50492,35659,27768,24759,3009,4367,3213,1154,907,716,191,38135,13497,24638,6241,5293,948,987,709,278,231,167,64,7515,2138,5377,
04,State-CHANDIGARH,Total,5-19,55387,32233,23154,11501,10143,1358,881,673,208,294,223,71,11745,4614,7131,4043,3060,983,372,242,130,84,63,21,26467,13215,13252,
04,State-CHANDIGARH,Total,5,9721,5175,4546,3,2,1,2,0,2,0,0,0,125,67,58,69,39,30,37,24,13,0,0,0,9485,5043,4442,
04,State-CHANDIGARH,Total,6,6821,3567,3254,6,5,1,0,0,0,0,0,0,157,76,81,47,32,15,22,17,5,1,1,0,6588,3436,3152,
04,State-CHANDIGARH,Total,7,2057,1083,974,11,9,2,3,1,2,0,0,0,151,83,68,23,15,8,4,1,3,0,0,0,1865,974,891,
04,State-CHANDIGARH,Total,8,1082,554,528,10,10,0,0,0,0,0,0,0,127,57,70,26,15,11,6,3,3,0,0,0,913,469,444,
04,State-CHANDIGARH,Total,9,1210,608,602,14,11,3,3,1,2,0,0,0,144,79,65,23,12,11,5,1,4,0,0,0,1021,504,517,
04,State-CHANDIGARH,Total,10,1490,769,721,33,21,12,2,1,1,0,0,0,217,115,102,44,25,19,9,7,2,4,3,1,1181,597,584,
04,State-CHANDIGARH,Total,11,1053,554,499,60,48,12,9,7,2,5,3,2,228,125,103,57,37,20,4,2,2,2,2,0,688,330,358,
04,State-CHANDIGARH,Total,12,1277,691,586,128,102,26,8,2,6,5,3,2,380,184,196,124,74,50,15,7,8,7,4,3,610,315,295,
04,State-CHANDIGARH,Total,13,1309,681,628,189,141,48,18,11,7,8,5,3,396,185,211,147,80,67,13,8,5,6,3,3,532,248,284,
04,State-CHANDIGARH,Total,14,1778,942,836,325,252,73,37,27,10,14,13,1,645,274,371,223,138,85,14,7,7,7,3,4,513,228,285,
04,State-CHANDIGARH,Total,15,2899,1703,1196,712,585,127,67,52,15,25,16,9,982,450,532,394,278,116,54,30,24,14,10,4,651,282,369,
04,State-CHANDIGARH,Total,16,3596,2147,1449,1059,888,171,107,77,30,36,30,6,1267,529,738,486,343,143,35,23,12,11,8,3,595,249,346,
04,State-CHANDIGARH,Total,17,4487,2868,1619,1611,1439,172,135,111,24,50,32,18,1595,633,962,547,429,118,44,29,15,10,10,0,495,185,310,
04,State-CHANDIGARH,Total,18,8633,5810,2823,3792,3442,350,253,207,46,82,68,14,2638,925,1713,1059,888,171,82,62,20,13,11,2,714,207,507,
04,State-CHANDIGARH,Total,19,7974,5081,2893,3548,3188,360,237,176,61,69,53,16,2693,832,1861,774,655,119,28,21,7,9,8,1,616,148,468,
04,State-CHANDIGARH,Rural,5-19,2282,1422,860,704,639,65,46,25,21,32,21,11,344,101,243,263,188,75,19,8,11,6,4,2,868,436,432,
04,State-CHANDIGARH,Rural,5,325,182,143,0,0,0,0,0,0,0,0,0,4,3,1,2,2,0,0,0,0,0,0,0,319,177,142,
04,State-CHANDIGARH,Rural,6,224,122,102,1,1,0,0,0,0,0,0,0,4,3,1,1,1,0,0,0,0,0,0,0,218,117,101,
04,State-CHANDIGARH,Rural,7,79,46,33,0,0,0,0,0,0,0,0,0,1,0,1,3,3,0,0,0,0,0,0,0,75,43,32,
04,State-CHANDIGARH,Rural,8,41,19,22,0,0,0,0,0,0,0,0,0,4,1,3,1,0,1,0,0,0,0,0,0,36,18,18,
04,State-CHANDIGARH,Rural,9,45,22,23,1,0,1,1,1,0,0,0,0,3,2,1,0,0,0,0,0,0,0,0,0,40,19,21,
04,State-CHANDIGARH,Rural,10,58,24,34,2,2,0,0,0,0,0,0,0,8,2,6,4,2,2,0,0,0,1,1,0,43,17,26,
04,State-CHANDIGARH,Rural,11,51,20,31,6,4,2,1,0,1,1,0,1,11,4,7,7,3,4,0,0,0,0,0,0,25,9,16,
04,State-CHANDIGARH,Rural,12,50,29,21,6,6,0,0,0,0,1,1,0,17,9,8,4,1,3,1,0,1,2,1,1,19,11,8,
04,State-CHANDIGARH,Rural,13,52,27,25,9,6,3,3,2,1,2,1,1,14,7,7,16,9,7,1,0,1,0,0,0,7,2,5,
04,State-CHANDIGARH,Rural,14,82,40,42,26,19,7,3,1,2,2,1,1,17,6,11,17,9,8,3,0,3,0,0,0,14,4,10,
04,State-CHANDIGARH,Rural,15,148,95,53,67,55,12,5,2,3,4,2,2,27,13,14,25,14,11,3,1,2,0,0,0,17,8,9,
04,State-CHANDIGARH,Rural,16,163,115,48,80,71,9,7,4,3,4,3,1,18,4,14,36,24,12,3,2,1,1,1,0,14,6,8,
04,State-CHANDIGARH,Rural,17,182,122,60,94,86,8,7,4,3,5,3,2,34,3,31,29,21,8,3,2,1,1,1,0,9,2,7,
04,State-CHANDIGARH,Rural,18,403,301,102,212,201,11,12,7,5,5,4,1,90,26,64,68,59,9,3,2,1,0,0,0,13,2,11,
04,State-CHANDIGARH,Rural,19,379,258,121,200,188,12,7,4,3,8,6,2,92,18,74,50,40,10,2,1,1,1,0,1,19,1,18,
04,State-CHANDIGARH,Urban,5-19,53105,30811,22294,10797,9504,1293,835,648,187,262,202,60,11401,4513,6888,3780,2872,908,353,234,119,78,59,19,25599,12779,12820,
04,State-CHANDIGARH,Urban,5,9396,4993,4403,3,2,1,2,0,2,0,0,0,121,64,57,67,37,30,37,24,13,0,0,0,9166,4866,4300,
04,State-CHANDIGARH,Urban,6,6597,3445,3152,5,4,1,0,0,0,0,0,0,153,73,80,46,31,15,22,17,5,1,1,0,6370,3319,3051,
04,State-CHANDIGARH,Urban,7,1978,1037,941,11,9,2,3,1,2,0,0,0,150,83,67,20,12,8,4,1,3,0,0,0,1790,931,859,
04,State-CHANDIGARH,Urban,8,1041,535,506,10,10,0,0,0,0,0,0,0,123,56,67,25,15,10,6,3,3,0,0,0,877,451,426,
04,State-CHANDIGARH,Urban,9,1165,586,579,13,11,2,2,0,2,0,0,0,141,77,64,23,12,11,5,1,4,0,0,0,981,485,496,
04,State-CHANDIGARH,Urban,10,1432,745,687,31,19,12,2,1,1,0,0,0,209,113,96,40,23,17,9,7,2,3,2,1,1138,580,558,
04,State-CHANDIGARH,Urban,11,1002,534,468,54,44,10,8,7,1,4,3,1,217,121,96,50,34,16,4,2,2,2,2,0,663,321,342,
04,State-CHANDIGARH,Urban,12,1227,662,565,122,96,26,8,2,6,4,2,2,363,175,188,120,73,47,14,7,7,5,3,2,591,304,287,
04,State-CHANDIGARH,Urban,13,1257,654,603,180,135,45,15,9,6,6,4,2,382,178,204,131,71,60,12,8,4,6,3,3,525,246,279,
04,State-CHANDIGARH,Urban,14,1696,902,794,299,233,66,34,26,8,12,12,0,628,268,360,206,129,77,11,7,4,7,3,4,499,224,275,
04,State-CHANDIGARH,Urban,15,2751,1608,1143,645,530,115,62,50,12,21,14,7,955,437,518,369,264,105,51,29,22,14,10,4,634,274,360,
04,State-CHANDIGARH,Urban,16,3433,2032,1401,979,817,162,100,73,27,32,27,5,1249,525,724,450,319,131,32,21,11,10,7,3,581,243,338,
04,State-CHANDIGARH,Urban,17,4305,2746,1559,1517,1353,164,128,107,21,45,29,16,1561,630,931,518,408,110,41,27,14,9,9,0,486,183,303,
04,State-CHANDIGARH,Urban,18,8230,5509,2721,3580,3241,339,241,200,41,77,64,13,2548,899,1649,991,829,162,79,60,19,13,11,2,701,205,496,
04,State-CHANDIGARH,Urban,19,7595,4823,2772,3348,3000,348,230,172,58,61,47,14,2601,814,1787,724,615,109,26,20,6,8,8,0,597,147,450,
05,State-UTTARAKHAND,Total,5-19,737167,372352,364815,97587,72693,24894,39996,22502,17494,13612,6754,6858,160804,53555,107249,25030,17882,7148,10234,5744,4490,2936,1413,1523,386968,191809,195159,
05,State-UTTARAKHAND,Total,5,147674,78340,69334,71,50,21,31,17,14,2,0,2,1164,602,562,950,518,432,605,294,311,143,67,76,144708,76792,67916,
05,State-UTTARAKHAND,Total,6,105770,55597,50173,65,51,14,26,18,8,9,6,3,1544,776,768,670,378,292,489,246,243,165,80,85,102802,54042,48760,
05,State-UTTARAKHAND,Total,7,31517,16204,15313,141,83,58,46,23,23,8,4,4,1667,793,874,349,203,146,202,102,100,78,37,41,29026,14959,14067,
05,State-UTTARAKHAND,Total,8,16889,8613,8276,135,85,50,50,26,24,11,6,5,1809,893,916,259,147,112,168,88,80,46,29,17,14411,7339,7072,
05,State-UTTARAKHAND,Total,9,13565,7050,6515,158,114,44,75,51,24,18,9,9,1803,867,936,229,133,96,154,72,82,45,21,24,11083,5783,5300,
05,State-UTTARAKHAND,Total,10,21574,11150,10424,263,181,82,143,71,72,52,27,25,2973,1484,1489,411,229,182,286,155,131,68,28,40,17378,8975,8403,
05,State-UTTARAKHAND,Total,11,14126,7176,6950,720,498,222,248,148,100,104,51,53,3432,1541,1891,433,282,151,228,111,117,74,37,37,8887,4508,4379,
05,State-UTTARAKHAND,Total,12,16844,8268,8576,1444,1079,365,534,326,208,219,120,99,6089,2612,3477,728,473,255,370,177,193,100,57,43,7360,3424,3936,
05,State-UTTARAKHAND,Total,13,17322,8063,9259,1847,1332,515,785,437,348,332,166,166,7093,2829,4264,795,515,280,396,195,201,124,56,68,5950,2533,3417,
05,State-UTTARAKHAND,Total,14,26287,12349,13938,3520,2641,879,1660,932,728,663,333,330,11579,4337,7242,1302,886,416,639,351,288,183,83,100,6741,2786,3955,
05,State-UTTARAKHAND,Total,15,38493,18023,20470,6725,5007,1718,3023,1742,1281,1184,583,601,16080,5501,10579,2442,1729,713,953,533,420,300,136,164,7786,2792,4994,
05,State-UTTARAKHAND,Total,16,49056,23102,25954,10126,7614,2512,4624,2609,2015,1639,800,839,20616,6601,14015,2928,2150,778,1141,687,454,352,160,192,7630,2481,5149,
05,State-UTTARAKHAND,Total,17,54090,26423,27667,14059,10455,3604,6077,3441,2636,2132,1097,1035,21116,6572,14544,2970,2227,743,1130,693,437,323,157,166,6283,1781,4502,
05,State-UTTARAKHAND,Total,18,98513,49995,48518,29674,22697,6977,11636,6818,4818,3736,1851,1885,34838,10141,24697,6168,4774,1394,2043,1236,807,530,270,260,9888,2208,7680,
05,State-UTTARAKHAND,Total,19,85447,41999,43448,28639,20806,7833,11038,5843,5195,3503,1701,1802,29001,8006,20995,4396,3238,1158,1430,804,626,405,195,210,7035,1406,5629,
05,State-UTTARAKHAND,Rural,5-19,524201,255378,268823,70255,48159,22096,34355,18012,16343,12235,5709,6526,108053,33529,74524,16387,10717,5670,7109,3532,3577,2287,966,1321,273520,134754,138766,
05,State-UTTARAKHAND,Rural,5,109808,57943,51865,45,28,17,17,8,9,2,0,2,755,377,378,711,382,329,384,176,208,134,62,72,107760,56910,50850,
05,State-UTTARAKHAND,Rural,6,76616,40034,36582,39,29,10,14,9,5,9,6,3,1015,515,500,498,285,213,331,163,168,152,74,78,74558,38953,35605,
05,State-UTTARAKHAND,Rural,7,22129,11383,10746,97,53,44,31,16,15,8,4,4,1025,500,525,251,142,109,137,69,68,70,32,38,20510,10567,9943,
05,State-UTTARAKHAND,Rural,8,11272,5700,5572,88,52,36,31,15,16,10,6,4,1152,555,597,174,93,81,105,53,52,41,26,15,9671,4900,4771,
05,State-UTTARAKHAND,Rural,9,9015,4611,4404,104,72,32,45,28,17,16,7,9,1099,518,581,161,89,72,108,46,62,38,17,21,7444,3834,3610,
05,State-UTTARAKHAND,Rural,10,14372,7371,7001,182,117,65,104,50,54,46,22,24,1818,901,917,283,149,134,181,95,86,60,23,37,11698,6014,5684,
05,State-UTTARAKHAND,Rural,11,9224,4536,4688,497,314,183,198,112,86,95,47,48,2163,920,1243,284,167,117,158,65,93,61,31,30,5768,2880,2888,
05,State-UTTARAKHAND,Rural,12,10893,5080,5813,1015,710,305,449,261,188,189,96,93,3935,1595,2340,484,285,199,251,110,141,87,48,39,4483,1975,2508,
05,State-UTTARAKHAND,Rural,13,11384,4925,6459,1281,846,435,646,330,316,294,144,150,4713,1749,2964,557,333,224,257,98,159,103,41,62,3533,1384,2149,
05,State-UTTARAKHAND,Rural,14,17846,7804,10042,2508,1747,761,1367,707,660,583,279,304,7889,2715,5174,850,532,318,420,194,226,145,59,86,4084,1571,2513,
05,State-UTTARAKHAND,Rural,15,26635,11628,15007,4819,3340,1479,2526,1344,1182,1044,484,560,11012,3453,7559,1653,1074,579,668,323,345,212,74,138,4701,1536,3165,
05,State-UTTARAKHAND,Rural,16,34677,15308,19369,7407,5260,2147,3974,2091,1883,1471,674,797,14191,4129,10062,1858,1260,598,809,443,366,257,99,158,4710,1352,3358,
05,State-UTTARAKHAND,Rural,17,38500,17668,20832,10289,7073,3216,5247,2788,2459,1910,915,995,14323,4169,10154,1871,1280,591,782,419,363,240,103,137,3838,921,2917,
05,State-UTTARAKHAND,Rural,18,70219,33398,36821,21359,15150,6209,9980,5456,4524,3356,1554,1802,23430,6320,17110,3928,2787,1141,1448,762,686,382,153,229,6336,1216,5120,
05,State-UTTARAKHAND,Rural,19,61611,27989,33622,20525,13368,7157,9726,4797,4929,3202,1471,1731,19533,5113,14420,2824,1859,965,1070,516,554,305,124,181,4426,741,3685,
05,State-UTTARAKHAND,Urban,5-19,212966,116974,95992,27332,24534,2798,5641,4490,1151,1377,1045,332,52751,20026,32725,8643,7165,1478,3125,2212,913,649,447,202,113448,57055,56393,
05,State-UTTARAKHAND,Urban,5,37866,20397,17469,26,22,4,14,9,5,0,0,0,409,225,184,239,136,103,221,118,103,9,5,4,36948,19882,17066,
05,State-UTTARAKHAND,Urban,6,29154,15563,13591,26,22,4,12,9,3,0,0,0,529,261,268,172,93,79,158,83,75,13,6,7,28244,15089,13155,
05,State-UTTARAKHAND,Urban,7,9388,4821,4567,44,30,14,15,7,8,0,0,0,642,293,349,98,61,37,65,33,32,8,5,3,8516,4392,4124,
05,State-UTTARAKHAND,Urban,8,5617,2913,2704,47,33,14,19,11,8,1,0,1,657,338,319,85,54,31,63,35,28,5,3,2,4740,2439,2301,
05,State-UTTARAKHAND,Urban,9,4550,2439,2111,54,42,12,30,23,7,2,2,0,704,349,355,68,44,24,46,26,20,7,4,3,3639,1949,1690,
05,State-UTTARAKHAND,Urban,10,7202,3779,3423,81,64,17,39,21,18,6,5,1,1155,583,572,128,80,48,105,60,45,8,5,3,5680,2961,2719,
05,State-UTTARAKHAND,Urban,11,4902,2640,2262,223,184,39,50,36,14,9,4,5,1269,621,648,149,115,34,70,46,24,13,6,7,3119,1628,1491,
05,State-UTTARAKHAND,Urban,12,5951,3188,2763,429,369,60,85,65,20,30,24,6,2154,1017,1137,244,188,56,119,67,52,13,9,4,2877,1449,1428,
05,State-UTTARAKHAND,Urban,13,5938,3138,2800,566,486,80,139,107,32,38,22,16,2380,1080,1300,238,182,56,139,97,42,21,15,6,2417,1149,1268,
05,State-UTTARAKHAND,Urban,14,8441,4545,3896,1012,894,118,293,225,68,80,54,26,3690,1622,2068,452,354,98,219,157,62,38,24,14,2657,1215,1442,
05,State-UTTARAKHAND,Urban,15,11858,6395,5463,1906,1667,239,497,398,99,140,99,41,5068,2048,3020,789,655,134,285,210,75,88,62,26,3085,1256,1829,
05,State-UTTARAKHAND,Urban,16,14379,7794,6585,2719,2354,365,650,518,132,168,126,42,6425,2472,3953,1070,890,180,332,244,88,95,61,34,2920,1129,1791,
05,State-UTTARAKHAND,Urban,17,15590,8755,6835,3770,3382,388,830,653,177,222,182,40,6793,2403,4390,1099,947,152,348,274,74,83,54,29,2445,860,1585,
05,State-UTTARAKHAND,Urban,18,28294,16597,11697,8315,7547,768,1656,1362,294,380,297,83,11408,3821,7587,2240,1987,253,595,474,121,148,117,31,3552,992,2560,
05,State-UTTARAKHAND,Urban,19,23836,14010,9826,8114,7438,676,1312,1046,266,301,230,71,9468,2893,6575,1572,1379,193,360,288,72,100,71,29,2609,665,1944,
06,State-HARYANA,Total,5-19,1772422,908969,863453,202202,173829,28373,75630,47715,27915,23531,12662,10869,400826,135384,265442,67127,47979,19148,33065,17330,15735,9299,4206,5093,960742,469864,490878,
06,State-HARYANA,Total,5,349804,191356,158448,206,155,51,90,58,32,7,6,1,5044,2718,2326,1844,1049,795,1124,596,528,168,89,79,341321,186685,154636,
06,State-HARYANA,Total,6,245247,132484,112763,158,114,44,82,46,36,11,7,4,6035,3215,2820,1314,772,542,899,459,440,125,77,48,236623,127794,108829,
06,State-HARYANA,Total,7,78001,40062,37939,309,207,102,114,64,50,17,11,6,4738,2432,2306,655,367,288,422,222,200,83,48,35,71663,36711,34952,
06,State-HARYANA,Total,8,47899,23500,24399,330,208,122,101,63,38,30,18,12,4770,2457,2313,616,365,251,423,221,202,99,58,41,41530,20110,21420,
06,State-HARYANA,Total,9,33640,16428,17212,318,195,123,101,63,38,28,17,11,4374,2315,2059,590,339,251,395,198,197,90,33,57,27744,13268,14476,
06,State-HARYANA,Total,10,49067,24053,25014,560,403,157,236,142,94,69,40,29,6569,3423,3146,1256,757,499,831,428,403,230,105,125,39316,18755,20561,
06,State-HARYANA,Total,11,33828,16142,17686,1509,1244,265,516,292,224,158,98,60,7513,3574,3939,1163,713,450,678,361,317,219,86,133,22072,9774,12298,
06,State-HARYANA,Total,12,44934,21200,23734,2950,2466,484,1030,641,389,359,202,157,12466,5607,6859,2469,1604,865,1381,722,659,437,199,238,23842,9759,14083,
06,State-HARYANA,Total,13,43383,19688,23695,3410,2781,629,1384,829,555,542,286,256,14415,6038,8377,2412,1555,857,1338,659,679,508,213,295,19374,7327,12047,
06,State-HARYANA,Total,14,60620,28354,32266,6152,5091,1061,2709,1684,1025,1005,535,470,22233,9186,13047,3830,2544,1286,2140,1066,1074,665,276,389,21886,7972,13914,
06,State-HARYANA,Total,15,87810,43870,43940,12685,10745,1940,5443,3514,1929,1978,1084,894,32643,12891,19752,6870,4984,1886,3344,1805,1539,1082,498,584,23765,8349,15416,
06,State-HARYANA,Total,16,113737,56651,57086,20617,17627,2990,8735,5607,3128,3084,1724,1360,45313,15884,29429,8056,5845,2211,3894,2118,1776,1177,548,629,22861,7298,15563,
06,State-HARYANA,Total,17,128654,65086,63568,28981,24973,4008,11593,7443,4150,3569,1915,1654,53128,16927,36201,8165,6133,2032,3702,2031,1671,1092,503,589,18424,5161,13263,
06,State-HARYANA,Total,18,242286,124082,118204,63229,54979,8250,22795,14600,8195,6688,3651,3037,94795,26636,68159,16570,12608,3962,7309,3968,3341,1939,891,1048,28961,6749,22212,
06,State-HARYANA,Total,19,213512,106013,107499,60788,52641,8147,20701,12669,8032,5986,3068,2918,86790,22081,64709,11317,8344,2973,5185,2476,2709,1385,582,803,21360,4152,17208,
06,State-HARYANA,Rural,5-19,1233547,614489,619058,143951,122531,21420,63370,38148,25222,20521,10205,10316,276128,85794,190334,43479,30130,13349,25307,12244,13063,7669,3059,4610,653122,312378,340744,
06,State-HARYANA,Rural,5,241539,132056,109483,100,79,21,42,26,16,4,4,0,2779,1517,1262,1046,591,455,502,273,229,144,75,69,236922,129491,107431,
06,State-HARYANA,Rural,6,164950,88683,76267,88,61,27,37,22,15,7,5,2,3518,1861,1657,724,439,285,359,175,184,109,66,43,160108,86054,74054,
06,State-HARYANA,Rural,7,50845,25917,24928,174,119,55,53,29,24,15,10,5,2561,1305,1256,360,198,162,218,112,106,69,40,29,47395,24104,23291,
06,State-HARYANA,Rural,8,31035,14735,16300,166,101,65,58,35,23,25,14,11,2673,1353,1320,354,208,146,246,116,130,83,50,33,27430,12858,14572,
06,State-HARYANA,Rural,9,21365,10044,11321,188,121,67,46,24,22,25,16,9,2414,1274,1140,328,183,145,235,108,127,78,27,51,18051,8291,9760,
06,State-HARYANA,Rural,10,31627,14869,16758,345,244,101,147,90,57,56,31,25,3844,1939,1905,770,441,329,556,268,288,195,86,109,25714,11770,13944,
06,State-HARYANA,Rural,11,21751,9777,11974,877,709,168,375,194,181,127,71,56,4479,2079,2400,738,433,305,482,240,242,178,63,115,14495,5988,8507,
06,State-HARYANA,Rural,12,29792,13179,16613,1897,1584,313,806,468,338,305,158,147,7921,3457,4464,1574,985,589,1065,519,546,368,157,211,15856,5851,10005,
06,State-HARYANA,Rural,13,29465,12436,17029,2173,1753,420,1096,634,462,471,230,241,9655,3833,5822,1549,972,577,1036,468,568,431,160,271,13054,4386,8668,
06,State-HARYANA,Rural,14,42576,18778,23798,4171,3427,744,2251,1343,908,893,450,443,15480,6050,9430,2479,1600,879,1709,793,916,568,207,361,15025,4908,10117,
06,State-HARYANA,Rural,15,61894,29142,32752,8680,7323,1357,4532,2810,1722,1734,882,852,22954,8453,14501,4368,3097,1271,2658,1325,1333,892,363,529,16076,4889,11187,
06,State-HARYANA,Rural,16,82697,39214,43483,14728,12505,2223,7399,4576,2823,2681,1389,1292,32689,10559,22130,5387,3821,1566,3135,1593,1542,950,387,563,15728,4384,11344,
06,State-HARYANA,Rural,17,93136,44779,48357,20704,17702,3002,9710,5946,3764,3131,1552,1579,37746,10912,26834,5304,3855,1449,2929,1463,1466,894,355,539,12718,2994,9724,
06,State-HARYANA,Rural,18,176385,86989,89396,45844,39408,6436,19266,11761,7505,5828,2945,2883,66943,17200,49743,10987,8059,2928,5941,2980,2961,1553,612,941,20023,4024,15999,
06,State-HARYANA,Rural,19,154490,73891,80599,43816,37395,6421,17552,10190,7362,5219,2448,2771,60472,14002,46470,7511,5248,2263,4236,1811,2425,1157,411,746,14527,2386,12141,
06,State-HARYANA,Urban,5-19,538875,294480,244395,58251,51298,6953,12260,9567,2693,3010,2457,553,124698,49590,75108,23648,17849,5799,7758,5086,2672,1630,1147,483,307620,157486,150134,
06,State-HARYANA,Urban,5,108265,59300,48965,106,76,30,48,32,16,3,2,1,2265,1201,1064,798,458,340,622,323,299,24,14,10,104399,57194,47205,
06,State-HARYANA,Urban,6,80297,43801,36496,70,53,17,45,24,21,4,2,2,2517,1354,1163,590,333,257,540,284,256,16,11,5,76515,41740,34775,
06,State-HARYANA,Urban,7,27156,14145,13011,135,88,47,61,35,26,2,1,1,2177,1127,1050,295,169,126,204,110,94,14,8,6,24268,12607,11661,
06,State-HARYANA,Urban,8,16864,8765,8099,164,107,57,43,28,15,5,4,1,2097,1104,993,262,157,105,177,105,72,16,8,8,14100,7252,6848,
06,State-HARYANA,Urban,9,12275,6384,5891,130,74,56,55,39,16,3,1,2,1960,1041,919,262,156,106,160,90,70,12,6,6,9693,4977,4716,
06,State-HARYANA,Urban,10,17440,9184,8256,215,159,56,89,52,37,13,9,4,2725,1484,1241,486,316,170,275,160,115,35,19,16,13602,6985,6617,
06,State-HARYANA,Urban,11,12077,6365,5712,632,535,97,141,98,43,31,27,4,3034,1495,1539,425,280,145,196,121,75,41,23,18,7577,3786,3791,
06,State-HARYANA,Urban,12,15142,8021,7121,1053,882,171,224,173,51,54,44,10,4545,2150,2395,895,619,276,316,203,113,69,42,27,7986,3908,4078,
06,State-HARYANA,Urban,13,13918,7252,6666,1237,1028,209,288,195,93,71,56,15,4760,2205,2555,863,583,280,302,191,111,77,53,24,6320,2941,3379,
06,State-HARYANA,Urban,14,18044,9576,8468,1981,1664,317,458,341,117,112,85,27,6753,3136,3617,1351,944,407,431,273,158,97,69,28,6861,3064,3797,
06,State-HARYANA,Urban,15,25916,14728,11188,4005,3422,583,911,704,207,244,202,42,9689,4438,5251,2502,1887,615,686,480,206,190,135,55,7689,3460,4229,
06,State-HARYANA,Urban,16,31040,17437,13603,5889,5122,767,1336,1031,305,403,335,68,12624,5325,7299,2669,2024,645,759,525,234,227,161,66,7133,2914,4219,
06,State-HARYANA,Urban,17,35518,20307,15211,8277,7271,1006,1883,1497,386,438,363,75,15382,6015,9367,2861,2278,583,773,568,205,198,148,50,5706,2167,3539,
06,State-HARYANA,Urban,18,65901,37093,28808,17385,15571,1814,3529,2839,690,860,706,154,27852,9436,18416,5583,4549,1034,1368,988,380,386,279,107,8938,2725,6213,
06,State-HARYANA,Urban,19,59022,32122,26900,16972,15246,1726,3149,2479,670,767,620,147,26318,8079,18239,3806,3096,710,949,665,284,228,171,57,6833,1766,5067,
07,State-NCT OF DELHI,Total,5-19,999242,550296,448946,130037,116249,13788,11965,9429,2536,3499,2841,658,260698,103732,156966,37792,30234,7558,4937,3499,1438,1179,891,288,549135,283421,265714,
07,State-NCT OF DELHI,Total,5,213924,115574,98350,126,102,24,8,6,2,1,1,0,1962,1022,940,769,440,329,293,151,142,15,8,7,210750,113844,96906,
07,State-NCT OF DELHI,Total,6,152973,82218,70755,97,74,23,16,10,6,1,1,0,2384,1192,1192,558,314,244,234,117,117,16,11,5,149667,80499,69168,
07,State-NCT OF DELHI,Total,7,43917,23229,20688,203,159,44,21,10,11,2,1,1,3302,1694,1608,261,157,104,95,44,51,7,5,2,40026,21159,18867,
07,State-NCT OF DELHI,Total,8,23143,12142,11001,178,136,42,29,13,16,4,4,0,3562,1824,1738,216,130,86,66,41,25,12,8,4,19076,9986,9090,
07,State-NCT OF DELHI,Total,9,18684,9846,8838,185,133,52,33,24,9,5,3,2,3484,1828,1656,198,123,75,67,39,28,12,6,6,14700,7690,7010,
07,State-NCT OF DELHI,Total,10,26869,14335,12534,307,227,80,55,36,19,19,15,4,5118,2719,2399,425,291,134,109,78,31,35,26,9,20801,10943,9858,
07,State-NCT OF DELHI,Total,11,18683,9892,8791,976,818,158,89,64,25,19,15,4,5837,2829,3008,474,341,133,96,54,42,19,14,5,11173,5757,5416,
07,State-NCT OF DELHI,Total,12,23009,12460,10549,1861,1587,274,221,170,51,69,54,15,8762,4225,4537,1089,818,271,162,110,52,49,35,14,10796,5461,5335,
07,State-NCT OF DELHI,Total,13,22166,11599,10567,2204,1837,367,231,177,54,62,47,15,9708,4466,5242,1143,847,296,174,110,64,51,37,14,8593,4078,4515,
07,State-NCT OF DELHI,Total,14,30890,16500,14390,4086,3476,610,433,343,90,178,134,44,14461,6603,7858,1910,1419,491,275,199,76,70,56,14,9477,4270,5207,
07,State-NCT OF DELHI,Total,15,45913,25760,20153,7983,6913,1070,872,686,186,261,205,56,21251,9583,11668,3842,3005,837,496,364,132,144,110,34,11064,4894,6170,
07,State-NCT OF DELHI,Total,16,58187,32659,25528,12588,11010,1578,1415,1087,328,405,332,73,28282,11848,16434,4511,3546,965,576,438,138,142,102,40,10268,4296,5972,
07,State-NCT OF DELHI,Total,17,70061,40114,29947,18392,16328,2064,1811,1451,360,559,459,100,34848,13955,20893,4928,4023,905,556,408,148,149,109,40,8818,3381,5437,
07,State-NCT OF DELHI,Total,18,135917,79478,56439,42754,38877,3877,3594,2865,729,1063,870,193,62352,22204,40148,10672,9065,1607,1059,824,235,286,226,60,14137,4547,9590,
07,State-NCT OF DELHI,Total,19,114906,64490,50416,38097,34572,3525,3137,2487,650,851,700,151,55385,17740,37645,6796,5715,1081,679,522,157,172,138,34,9789,2616,7173,
07,State-NCT OF DELHI,Rural,5-19,28652,15621,13031,3354,3056,298,419,337,82,133,110,23,7536,2801,4735,978,784,194,141,81,60,36,31,5,16055,8421,7634,
07,State-NCT OF DELHI,Rural,5,6347,3575,2772,5,5,0,0,0,0,0,0,0,37,22,15,20,14,6,3,2,1,1,1,0,6281,3531,2750,
07,State-NCT OF DELHI,Rural,6,4286,2394,1892,2,1,1,0,0,0,0,0,0,42,15,27,15,10,5,7,3,4,0,0,0,4220,2365,1855,
07,State-NCT OF DELHI,Rural,7,1196,658,538,6,6,0,0,0,0,0,0,0,56,33,23,5,4,1,3,1,2,0,0,0,1126,614,512,
07,State-NCT OF DELHI,Rural,8,633,348,285,8,7,1,0,0,0,0,0,0,77,39,38,3,2,1,3,2,1,0,0,0,542,298,244,
07,State-NCT OF DELHI,Rural,9,476,259,217,4,4,0,1,1,0,0,0,0,69,30,39,4,2,2,2,0,2,0,0,0,396,222,174,
07,State-NCT OF DELHI,Rural,10,776,409,367,5,4,1,1,1,0,0,0,0,124,69,55,9,8,1,2,2,0,0,0,0,635,325,310,
07,State-NCT OF DELHI,Rural,11,495,245,250,17,17,0,1,1,0,0,0,0,139,61,78,12,7,5,6,2,4,0,0,0,320,157,163,
07,State-NCT OF DELHI,Rural,12,631,320,311,39,33,6,6,6,0,3,2,1,239,114,125,18,11,7,2,2,0,1,1,0,323,151,172,
07,State-NCT OF DELHI,Rural,13,573,287,286,56,47,9,7,6,1,0,0,0,267,110,157,25,21,4,3,1,2,0,0,0,215,102,113,
07,State-NCT OF DELHI,Rural,14,841,411,430,96,85,11,8,6,2,5,5,0,403,168,235,38,26,12,3,1,2,3,3,0,285,117,168,
07,State-NCT OF DELHI,Rural,15,1311,697,614,192,174,18,31,27,4,6,6,0,606,265,341,90,65,25,11,8,3,7,5,2,368,147,221,
07,State-NCT OF DELHI,Rural,16,1608,846,762,314,274,40,52,42,10,17,17,0,786,294,492,119,91,28,16,10,6,2,2,0,302,116,186,
07,State-NCT OF DELHI,Rural,17,2042,1149,893,493,447,46,58,44,14,25,18,7,1032,407,625,147,123,24,15,7,8,8,6,2,264,97,167,
07,State-NCT OF DELHI,Rural,18,4010,2222,1788,1146,1058,88,140,107,33,36,27,9,1876,625,1251,299,248,51,43,29,14,10,9,1,460,119,341,
07,State-NCT OF DELHI,Rural,19,3427,1801,1626,971,894,77,114,96,18,41,35,6,1783,549,1234,174,152,22,22,11,11,4,4,0,318,60,258,
07,State-NCT OF DELHI,Urban,5-19,970590,534675,435915,126683,113193,13490,11546,9092,2454,3366,2731,635,253162,100931,152231,36814,29450,7364,4796,3418,1378,1143,860,283,533080,275000,258080,
07,State-NCT OF DELHI,Urban,5,207577,111999,95578,121,97,24,8,6,2,1,1,0,1925,1000,925,749,426,323,290,149,141,14,7,7,204469,110313,94156,
07,State-NCT OF DELHI,Urban,6,148687,79824,68863,95,73,22,16,10,6,1,1,0,2342,1177,1165,543,304,239,227,114,113,16,11,5,145447,78134,67313,
07,State-NCT OF DELHI,Urban,7,42721,22571,20150,197,153,44,21,10,11,2,1,1,3246,1661,1585,256,153,103,92,43,49,7,5,2,38900,20545,18355,
07,State-NCT OF DELHI,Urban,8,22510,11794,10716,170,129,41,29,13,16,4,4,0,3485,1785,1700,213,128,85,63,39,24,12,8,4,18534,9688,8846,
07,State-NCT OF DELHI,Urban,9,18208,9587,8621,181,129,52,32,23,9,5,3,2,3415,1798,1617,194,121,73,65,39,26,12,6,6,14304,7468,6836,
07,State-NCT OF DELHI,Urban,10,26093,13926,12167,302,223,79,54,35,19,19,15,4,4994,2650,2344,416,283,133,107,76,31,35,26,9,20166,10618,9548,
07,State-NCT OF DELHI,Urban,11,18188,9647,8541,959,801,158,88,63,25,19,15,4,5698,2768,2930,462,334,128,90,52,38,19,14,5,10853,5600,5253,
07,State-NCT OF DELHI,Urban,12,22378,12140,10238,1822,1554,268,215,164,51,66,52,14,8523,4111,4412,1071,807,264,160,108,52,48,34,14,10473,5310,5163,
07,State-NCT OF DELHI,Urban,13,21593,11312,10281,2148,1790,358,224,171,53,62,47,15,9441,4356,5085,1118,826,292,171,109,62,51,37,14,8378,3976,4402,
07,State-NCT OF DELHI,Urban,14,30049,16089,13960,3990,3391,599,425,337,88,173,129,44,14058,6435,7623,1872,1393,479,272,198,74,67,53,14,9192,4153,5039,
07,State-NCT OF DELHI,Urban,15,44602,25063,19539,7791,6739,1052,841,659,182,255,199,56,20645,9318,11327,3752,2940,812,485,356,129,137,105,32,10696,4747,5949,
07,State-NCT OF DELHI,Urban,16,56579,31813,24766,12274,10736,1538,1363,1045,318,388,315,73,27496,11554,15942,4392,3455,937,560,428,132,140,100,40,9966,4180,5786,
07,State-NCT OF DELHI,Urban,17,68019,38965,29054,17899,15881,2018,1753,1407,346,534,441,93,33816,13548,20268,4781,3900,881,541,401,140,141,103,38,8554,3284,5270,
07,State-NCT OF DELHI,Urban,18,131907,77256,54651,41608,37819,3789,3454,2758,696,1027,843,184,60476,21579,38897,10373,8817,1556,1016,795,221,276,217,59,13677,4428,9249,
07,State-NCT OF DELHI,Urban,19,111479,62689,48790,37126,33678,3448,3023,2391,632,810,665,145,53602,17191,36411,6622,5563,1059,657,511,146,168,134,34,9471,2556,6915,
08,State-RAJASTHAN,Total,5-19,7705215,3472550,4232665,964302,698562,265740,566014,255331,310683,172343,65939,106404,1194185,372895,821290,418607,174609,243998,340838,81839,258999,113858,27702,86156,3935068,1795673,2139395,
08,State-RAJASTHAN,Total,5,1331699,705151,626548,492,375,117,199,113,86,66,35,31,8673,4702,3971,5544,3044,2500,3169,1500,1669,1141,556,585,1312415,694826,617589,
08,State-RAJASTHAN,Total,6,1003702,516401,487301,460,346,114,218,103,115,59,29,30,10921,5649,5272,4437,2361,2076,2907,1357,1550,1504,676,828,983196,505880,477316,
08,State-RAJASTHAN,Total,7,342829,162011,180818,994,672,322,520,241,279,180,73,107,16581,8394,8187,2807,1303,1504,2289,906,1383,1612,596,1016,317846,149826,168020,
08,State-RAJASTHAN,Total,8,256090,110586,145504,1271,790,481,718,317,401,349,139,210,21913,10848,11065,3539,1453,2086,3438,1218,2220,2726,937,1789,222136,94884,127252,
08,State-RAJASTHAN,Total,9,155262,64388,90874,1239,693,546,1013,387,626,489,169,320,20168,9436,10732,3284,1332,1952,3306,1044,2262,2502,736,1766,123261,50591,72670,
08,State-RAJASTHAN,Total,10,265529,107371,158158,3233,1740,1493,3059,1113,1946,1820,674,1146,38474,17127,21347,8064,3269,4795,8799,2613,6186,6240,1890,4350,195840,78945,116895,
08,State-RAJASTHAN,Total,11,176094,67008,109086,6904,4280,2624,5410,2011,3399,2844,901,1943,39309,15826,23483,7476,2964,4512,8213,2209,6004,4937,1307,3630,101001,37510,63491,
08,State-RAJASTHAN,Total,12,285557,104890,180667,17968,11270,6698,15129,5609,9520,7098,2510,4588,71731,27133,44598,17474,7073,10401,18549,4934,13615,9857,2674,7183,127751,43687,84064,
08,State-RAJASTHAN,Total,13,268351,93089,175262,23541,13969,9572,21108,7523,13585,9622,3134,6488,77678,26649,51029,17696,6644,11052,18232,4383,13849,8511,2121,6390,91963,28666,63297,
08,State-RAJASTHAN,Total,14,357984,130039,227945,45583,28227,17356,39153,15092,24061,15599,5450,10149,105954,35059,70895,26862,10589,16273,26125,6583,19542,10234,2556,7678,88474,26483,61991,
08,State-RAJASTHAN,Total,15,501141,202257,298884,86846,58871,27975,64757,27941,36816,23004,8867,14137,137908,45337,92571,44936,20288,24648,38521,10467,28054,13019,3365,9654,92150,27121,65029,
08,State-RAJASTHAN,Total,16,578335,241912,336423,125844,88274,37570,86192,38719,47473,27003,10540,16463,152783,46408,106375,52321,23135,29186,42997,11071,31926,12876,3032,9844,78319,20733,57586,
08,State-RAJASTHAN,Total,17,514516,224846,289670,136767,100040,36727,79764,37046,42718,22804,8911,13893,131827,36585,95242,45650,19718,25932,34915,8239,26676,9360,2055,7305,53429,12252,41177,
08,State-RAJASTHAN,Total,18,997377,449330,548047,298734,225871,72863,150641,73449,77192,37830,15408,22422,212543,51991,160552,109389,45952,63437,78568,16921,61647,18329,3517,14812,91343,16221,75122,
08,State-RAJASTHAN,Total,19,670749,293271,377478,214426,163144,51282,98133,45667,52466,23576,9099,14477,147722,31751,115971,69128,25484,43644,50810,8394,42416,11010,1684,9326,55944,8048,47896,
08,State-RAJASTHAN,Rural,5-19,6280370,2769559,3510811,804868,560585,244283,532126,232633,299493,164633,61200,103433,848092,264013,584079,359744,132888,226856,322490,72253,250237,109475,25614,83861,3138942,1420373,1718569,
08,State-RAJASTHAN,Rural,5,1090052,574400,515652,349,251,98,157,81,76,61,31,30,5361,2899,2462,4402,2378,2024,2484,1147,1337,1097,531,566,1076141,567082,509059,
08,State-RAJASTHAN,Rural,6,814709,416541,398168,334,247,87,180,80,100,55,26,29,7033,3655,3378,3494,1820,1674,2338,1070,1268,1451,647,804,799824,408996,390828,
08,State-RAJASTHAN,Rural,7,275872,128332,147540,768,502,266,455,202,253,175,69,106,11982,6015,5967,2265,997,1268,1981,748,1233,1567,575,992,256679,119224,137455,
08,State-RAJASTHAN,Rural,8,207909,87220,120689,1016,612,404,639,266,373,339,134,205,16448,8082,8366,2970,1141,1829,3152,1044,2108,2669,912,1757,180676,75029,105647,
08,State-RAJASTHAN,Rural,9,123527,49068,74459,970,505,465,924,333,591,473,160,313,15202,6953,8249,2787,1050,1737,3035,905,2130,2434,708,1726,97702,38454,59248,
08,State-RAJASTHAN,Rural,10,215232,83171,132061,2710,1366,1344,2874,998,1876,1772,646,1126,30195,13094,17101,6973,2618,4355,8262,2335,5927,6074,1809,4265,156372,60305,96067,
08,State-RAJASTHAN,Rural,11,141627,50818,90809,5550,3189,2361,5090,1825,3265,2777,863,1914,30581,11923,18658,6457,2332,4125,7760,1960,5800,4792,1241,3551,78620,27485,51135,
08,State-RAJASTHAN,Rural,12,235551,81615,153936,14976,8831,6145,14401,5147,9254,6899,2385,4514,56900,20942,35958,15201,5563,9638,17668,4483,13185,9589,2540,7049,99917,31724,68193,
08,State-RAJASTHAN,Rural,13,221217,72390,148827,20077,11186,8891,20130,6916,13214,9348,2982,6366,60743,20200,40543,15378,5131,10247,17313,3937,13376,8245,2003,6242,69983,20035,49948,
08,State-RAJASTHAN,Rural,14,298417,103739,194678,39318,23171,16147,37418,14038,23380,15116,5164,9952,82314,26630,55684,23219,8177,15042,24860,5911,18949,9887,2384,7503,66285,18264,48021,
08,State-RAJASTHAN,Rural,15,415614,162090,253524,74094,48232,25862,61411,25773,35638,22146,8362,13784,103964,33494,70470,38414,15707,22707,36464,9355,27109,12460,3059,9401,66661,18108,48553,
08,State-RAJASTHAN,Rural,16,480636,196084,284552,107693,72885,34808,81657,35805,45852,25862,9865,15997,111660,33504,78156,44784,17713,27071,40823,9843,30980,12328,2781,9547,55829,13688,42141,
08,State-RAJASTHAN,Rural,17,415264,176886,238378,113584,80109,33475,74654,33609,41045,21636,8187,13449,89274,24168,65106,38492,14433,24059,32925,7169,25756,8869,1814,7055,35830,7397,28433,
08,State-RAJASTHAN,Rural,18,812677,359636,453041,249476,182418,67058,141054,66821,74233,35816,14125,21691,137493,33371,104122,94632,34828,59804,74943,15081,59862,17538,3151,14387,61725,9841,51884,
08,State-RAJASTHAN,Rural,19,532066,227569,304497,173953,127081,46872,91082,40739,50343,22158,8201,13957,88942,19083,69859,60276,19000,41276,48482,7265,41217,10475,1459,9016,36698,4741,31957,
08,State-RAJASTHAN,Urban,5-19,1424845,702991,721854,159434,137977,21457,33888,22698,11190,7710,4739,2971,346093,108882,237211,58863,41721,17142,18348,9586,8762,4383,2088,2295,796126,375300,420826,
08,State-RAJASTHAN,Urban,5,241647,130751,110896,143,124,19,42,32,10,5,4,1,3312,1803,1509,1142,666,476,685,353,332,44,25,19,236274,127744,108530,
08,State-RAJASTHAN,Urban,6,188993,99860,89133,126,99,27,38,23,15,4,3,1,3888,1994,1894,943,541,402,569,287,282,53,29,24,183372,96884,86488,
08,State-RAJASTHAN,Urban,7,66957,33679,33278,226,170,56,65,39,26,5,4,1,4599,2379,2220,542,306,236,308,158,150,45,21,24,61167,30602,30565,
08,State-RAJASTHAN,Urban,8,48181,23366,24815,255,178,77,79,51,28,10,5,5,5465,2766,2699,569,312,257,286,174,112,57,25,32,41460,19855,21605,
08,State-RAJASTHAN,Urban,9,31735,15320,16415,269,188,81,89,54,35,16,9,7,4966,2483,2483,497,282,215,271,139,132,68,28,40,25559,12137,13422,
08,State-RAJASTHAN,Urban,10,50297,24200,26097,523,374,149,185,115,70,48,28,20,8279,4033,4246,1091,651,440,537,278,259,166,81,85,39468,18640,20828,
08,State-RAJASTHAN,Urban,11,34467,16190,18277,1354,1091,263,320,186,134,67,38,29,8728,3903,4825,1019,632,387,453,249,204,145,66,79,22381,10025,12356,
08,State-RAJASTHAN,Urban,12,50006,23275,26731,2992,2439,553,728,462,266,199,125,74,14831,6191,8640,2273,1510,763,881,451,430,268,134,134,27834,11963,15871,
08,State-RAJASTHAN,Urban,13,47134,20699,26435,3464,2783,681,978,607,371,274,152,122,16935,6449,10486,2318,1513,805,919,446,473,266,118,148,21980,8631,13349,
08,State-RAJASTHAN,Urban,14,59567,26300,33267,6265,5056,1209,1735,1054,681,483,286,197,23640,8429,15211,3643,2412,1231,1265,672,593,347,172,175,22189,8219,13970,
08,State-RAJASTHAN,Urban,15,85527,40167,45360,12752,10639,2113,3346,2168,1178,858,505,353,33944,11843,22101,6522,4581,1941,2057,1112,945,559,306,253,25489,9013,16476,
08,State-RAJASTHAN,Urban,16,97699,45828,51871,18151,15389,2762,4535,2914,1621,1141,675,466,41123,12904,28219,7537,5422,2115,2174,1228,946,548,251,297,22490,7045,15445,
08,State-RAJASTHAN,Urban,17,99252,47960,51292,23183,19931,3252,5110,3437,1673,1168,724,444,42553,12417,30136,7158,5285,1873,1990,1070,920,491,241,250,17599,4855,12744,
08,State-RAJASTHAN,Urban,18,184700,89694,95006,49258,43453,5805,9587,6628,2959,2014,1283,731,75050,18620,56430,14757,11124,3633,3625,1840,1785,791,366,425,29618,6380,23238,
08,State-RAJASTHAN,Urban,19,138683,65702,72981,40473,36063,4410,7051,4928,2123,1418,898,520,58780,12668,46112,8852,6484,2368,2328,1129,1199,535,225,310,19246,3307,15939,
09,State-UTTAR PRADESH,Total,5-19,24240641,12396192,11844449,1747955,1495732,252223,1008762,716099,292663,297949,186633,111316,4921136,1891417,3029719,985107,715359,269748,670309,374410,295899,187577,92909,94668,14421846,6923633,7498213,
09,State-UTTAR PRADESH,Total,5,4207107,2239873,1967234,5263,4444,819,2157,1417,740,404,256,148,38641,19738,18903,41373,24347,17026,35491,18945,16546,5964,3173,2791,4077814,2167553,1910261,
09,State-UTTAR PRADESH,Total,6,3090485,1610351,1480134,3997,3206,791,2118,1303,815,420,258,162,48237,24700,23537,31026,17632,13394,28106,14546,13560,5132,2623,2509,2971449,1546083,1425366,
09,State-UTTAR PRADESH,Total,7,1312538,668212,644326,7457,5247,2210,3535,2051,1484,649,382,267,74659,37704,36955,18268,10492,7776,15971,8046,7925,3476,1686,1790,1188523,602604,585919,
09,State-UTTAR PRADESH,Total,8,1021312,514070,507242,7923,5516,2407,4113,2371,1742,879,502,377,92428,46938,45490,16642,9580,7062,15036,7544,7492,4162,2084,2078,880129,439535,440594,
09,State-UTTAR PRADESH,Total,9,670044,336543,333501,8045,5459,2586,4526,2617,1909,1067,557,510,86958,43653,43305,14419,8551,5868,12633,6580,6053,3436,1713,1723,538960,267413,271547,
09,State-UTTAR PRADESH,Total,10,1040717,528295,512422,12940,8930,4010,7679,4555,3124,2308,1316,992,148965,75615,73350,24318,15018,9300,20656,10923,9733,6596,3372,3224,817255,408566,408689,
09,State-UTTAR PRADESH,Total,11,681768,342027,339741,22042,17079,4963,12194,7698,4496,3677,2091,1586,146661,69715,76946,22872,14844,8028,18345,9572,8773,5726,2854,2872,450251,218174,232077,
09,State-UTTAR PRADESH,Total,12,905226,450444,454782,40729,32437,8292,23572,15164,8408,7979,4584,3395,247765,115000,132765,37310,25139,12171,28846,15298,13548,10146,5071,5075,508879,237751,271128,
09,State-UTTAR PRADESH,Total,13,773707,370258,403449,42194,33026,9168,26839,16822,10017,9934,5561,4373,253004,110180,142824,34669,23151,11518,26574,13749,12825,9048,4361,4687,371445,163408,208037,
09,State-UTTAR PRADESH,Total,14,1109821,532929,576892,81399,65185,16214,53833,34934,18899,19601,11291,8310,402902,167354,235548,58352,41407,16945,42210,23058,19152,13952,6945,7007,437572,182755,254817,
09,State-UTTAR PRADESH,Total,15,1513910,765667,748243,154969,129458,25511,99780,69167,30613,34021,20924,13097,547671,224978,322693,101771,76319,25452,67333,40112,27221,21465,11296,10169,486900,193413,293487,
09,State-UTTAR PRADESH,Total,16,1712788,851577,861211,214544,181053,33491,137122,95852,41270,44354,27105,17249,646642,241929,404713,114759,86641,28118,74760,43740,31020,22447,11307,11140,458160,163950,294210,
09,State-UTTAR PRADESH,Total,17,1518181,768861,749320,236988,203692,33296,142402,102023,40379,42237,26688,15549,569880,201103,368777,106116,81057,25059,66162,38435,27727,18866,9168,9698,335530,106695,228835,
09,State-UTTAR PRADESH,Total,18,2833723,1487966,1345757,537303,474792,62511,296080,220510,75570,80889,53247,27642,975821,321313,654508,222838,174640,48198,133576,78445,55131,35649,17577,18072,551567,147442,404125,
09,State-UTTAR PRADESH,Total,19,1849314,929119,920195,372162,326208,45954,192812,139615,53197,49530,31871,17659,640902,191497,449405,140374,106541,33833,84610,45417,39193,21512,9679,11833,347412,78291,269121,
09,State-UTTAR PRADESH,Rural,5-19,19144951,9687897,9457054,1376676,1178590,198086,887369,628001,259368,273855,168917,104938,3844074,1441538,2402536,707519,499016,208503,546925,293924,253001,163601,76837,86764,11344932,5401074,5943858,
09,State-UTTAR PRADESH,Rural,5,3520562,1872422,1648140,3296,2758,538,1546,1056,490,347,209,138,26888,13991,12897,33191,19323,13868,28187,14935,13252,5485,2919,2566,3421622,1817231,1604391,
09,State-UTTAR PRADESH,Rural,6,2532062,1317233,1214829,2563,2033,530,1513,943,570,359,212,147,35481,18326,17155,24651,13985,10666,21984,11259,10725,4674,2375,2299,2440837,1268100,1172737,
09,State-UTTAR PRADESH,Rural,7,1033842,523882,509960,5189,3586,1603,2622,1509,1113,569,321,248,54909,27932,26977,14034,7995,6039,12434,6117,6317,3101,1486,1615,940984,474936,466048,
09,State-UTTAR PRADESH,Rural,8,785009,391565,393444,5620,3843,1777,3143,1789,1354,771,435,336,69634,35369,34265,12798,7241,5557,11991,5879,6112,3709,1827,1882,677343,335182,342161,
09,State-UTTAR PRADESH,Rural,9,497868,246769,251099,5841,3883,1958,3471,1994,1477,925,471,454,64319,32200,32119,10596,6182,4414,9771,4981,4790,3047,1483,1564,399898,195575,204323,
09,State-UTTAR PRADESH,Rural,10,786148,393748,392400,9664,6555,3109,6241,3693,2548,2062,1149,913,113274,57104,56170,17956,10885,7071,16355,8475,7880,5860,2926,2934,614736,302961,311775,
09,State-UTTAR PRADESH,Rural,11,500805,246351,254454,16347,12609,3738,10099,6329,3770,3298,1834,1464,110927,52150,58777,16527,10410,6117,14466,7303,7163,5007,2386,2621,324134,153330,170804,
09,State-UTTAR PRADESH,Rural,12,676696,328553,348143,31200,24794,6406,20264,12952,7312,7393,4190,3203,193950,88665,105285,27197,17862,9335,23452,11971,11481,8914,4274,4640,364326,163845,200481,
09,State-UTTAR PRADESH,Rural,13,579082,269498,309584,32427,25214,7213,23229,14465,8764,9176,5038,4138,198831,84981,113850,24335,15646,8689,21389,10569,10820,7852,3618,4234,261843,109967,151876,
09,State-UTTAR PRADESH,Rural,14,846242,396426,449816,63762,50993,12769,47519,30646,16873,18193,10344,7849,321336,130419,190917,41026,28516,12510,34304,17978,16326,11990,5659,6331,308112,121871,186241,
09,State-UTTAR PRADESH,Rural,15,1191786,594329,597457,124533,104360,20173,88635,61285,27350,31709,19290,12419,443095,178719,264376,74279,54983,19296,55796,32441,23355,18786,9440,9346,354953,133811,221142,
09,State-UTTAR PRADESH,Rural,16,1344049,657228,686821,171851,145409,26442,121928,84996,36932,41078,24762,16316,518756,188928,329828,80754,59731,21023,61393,34724,26669,19390,9248,10142,328899,109430,219469,
09,State-UTTAR PRADESH,Rural,17,1176794,585344,591450,186629,160640,25989,125542,89643,35899,38774,24165,14609,444160,151384,292776,72768,53992,18776,53719,29735,23984,16182,7326,8856,239020,68459,170561,
09,State-UTTAR PRADESH,Rural,18,2246575,1162859,1083716,430776,380934,49842,263518,195740,67778,74299,48218,26081,765788,243176,522612,158978,120989,37989,111594,62548,49046,31018,14265,16753,410604,96989,313615,
09,State-UTTAR PRADESH,Rural,19,1427431,701690,725741,286978,250979,35999,168099,120961,47138,44902,28279,16623,482726,138194,344532,98429,71276,27153,70090,35009,35081,18586,7605,10981,257621,49387,208234,
09,State-UTTAR PRADESH,Urban,5-19,5095690,2708295,2387395,371279,317142,54137,121393,88098,33295,24094,17716,6378,1077062,449879,627183,277588,216343,61245,123384,80486,42898,23976,16072,7904,3076914,1522559,1554355,
09,State-UTTAR PRADESH,Urban,5,686545,367451,319094,1967,1686,281,611,361,250,57,47,10,11753,5747,6006,8182,5024,3158,7304,4010,3294,479,254,225,656192,350322,305870,
09,State-UTTAR PRADESH,Urban,6,558423,293118,265305,1434,1173,261,605,360,245,61,46,15,12756,6374,6382,6375,3647,2728,6122,3287,2835,458,248,210,530612,277983,252629,
09,State-UTTAR PRADESH,Urban,7,278696,144330,134366,2268,1661,607,913,542,371,80,61,19,19750,9772,9978,4234,2497,1737,3537,1929,1608,375,200,175,247539,127668,119871,
09,State-UTTAR PRADESH,Urban,8,236303,122505,113798,2303,1673,630,970,582,388,108,67,41,22794,11569,11225,3844,2339,1505,3045,1665,1380,453,257,196,202786,104353,98433,
09,State-UTTAR PRADESH,Urban,9,172176,89774,82402,2204,1576,628,1055,623,432,142,86,56,22639,11453,11186,3823,2369,1454,2862,1599,1263,389,230,159,139062,71838,67224,
09,State-UTTAR PRADESH,Urban,10,254569,134547,120022,3276,2375,901,1438,862,576,246,167,79,35691,18511,17180,6362,4133,2229,4301,2448,1853,736,446,290,202519,105605,96914,
09,State-UTTAR PRADESH,Urban,11,180963,95676,85287,5695,4470,1225,2095,1369,726,379,257,122,35734,17565,18169,6345,4434,1911,3879,2269,1610,719,468,251,126117,64844,61273,
09,State-UTTAR PRADESH,Urban,12,228530,121891,106639,9529,7643,1886,3308,2212,1096,586,394,192,53815,26335,27480,10113,7277,2836,5394,3327,2067,1232,797,435,144553,73906,70647,
09,State-UTTAR PRADESH,Urban,13,194625,100760,93865,9767,7812,1955,3610,2357,1253,758,523,235,54173,25199,28974,10334,7505,2829,5185,3180,2005,1196,743,453,109602,53441,56161,
09,State-UTTAR PRADESH,Urban,14,263579,136503,127076,17637,14192,3445,6314,4288,2026,1408,947,461,81566,36935,44631,17326,12891,4435,7906,5080,2826,1962,1286,676,129460,60884,68576,
09,State-UTTAR PRADESH,Urban,15,322124,171338,150786,30436,25098,5338,11145,7882,3263,2312,1634,678,104576,46259,58317,27492,21336,6156,11537,7671,3866,2679,1856,823,131947,59602,72345,
09,State-UTTAR PRADESH,Urban,16,368739,194349,174390,42693,35644,7049,15194,10856,4338,3276,2343,933,127886,53001,74885,34005,26910,7095,13367,9016,4351,3057,2059,998,129261,54520,74741,
09,State-UTTAR PRADESH,Urban,17,341387,183517,157870,50359,43052,7307,16860,12380,4480,3463,2523,940,125720,49719,76001,33348,27065,6283,12443,8700,3743,2684,1842,842,96510,38236,58274,
09,State-UTTAR PRADESH,Urban,18,587148,325107,262041,106527,93858,12669,32562,24770,7792,6590,5029,1561,210033,78137,131896,63860,53651,10209,21982,15897,6085,4631,3312,1319,140963,50453,90510,
09,State-UTTAR PRADESH,Urban,19,421883,227429,194454,85184,75229,9955,24713,18654,6059,4628,3592,1036,158176,53303,104873,41945,35265,6680,14520,10408,4112,2926,2074,852,89791,28904,60887,
10,State-BIHAR,Total,5-19,13700655,6942596,6758059,559974,477013,82961,396767,298999,97768,102366,68381,33985,1760445,776936,983509,591866,397920,193946,487777,267712,220065,144501,68123,76378,9656959,4587512,5069447,
10,State-BIHAR,Total,5,2500934,1299616,1201318,1367,1062,305,823,551,272,131,74,57,17491,9269,8222,22505,12578,9927,17553,9199,8354,3636,1877,1759,2437428,1265006,1172422,
10,State-BIHAR,Total,6,2117394,1081454,1035940,1141,833,308,872,542,330,168,96,72,24210,12659,11551,19439,10596,8843,15809,8179,7630,3627,1854,1773,2052128,1046695,1005433,
10,State-BIHAR,Total,7,918815,454662,464153,2370,1521,849,1288,730,558,249,138,111,37284,19089,18195,11280,6066,5214,9226,4441,4785,2706,1303,1403,854412,421374,433038,
10,State-BIHAR,Total,8,799602,387399,412203,3117,1978,1139,1722,1001,721,372,207,165,51802,26620,25182,12033,6375,5658,10362,5169,5193,3518,1669,1849,716676,344380,372296,
10,State-BIHAR,Total,9,484898,233510,251388,2934,1882,1052,1777,1025,752,438,229,209,41786,21490,20296,9561,5201,4360,8304,4090,4214,2898,1336,1562,417200,198257,218943,
10,State-BIHAR,Total,10,766405,372708,393697,4911,3212,1699,3231,1995,1236,1038,581,457,73139,38409,34730,16786,9524,7262,15478,7818,7660,6459,3003,3456,645363,308166,337197,
10,State-BIHAR,Total,11,427071,206394,220677,7623,5763,1860,4751,3177,1574,1338,806,532,57262,28978,28284,14696,8710,5986,12755,6435,6320,4711,2138,2573,323935,150387,173548,
10,State-BIHAR,Total,12,602995,290578,312417,15901,12572,3329,10320,7167,3153,3342,2056,1286,101419,50934,50485,25965,16281,9684,24033,12348,11685,9708,4476,5232,412307,184744,227563,
10,State-BIHAR,Total,13,412826,195710,217116,13927,11047,2880,9645,6663,2982,3323,2021,1302,86161,41974,44187,20337,12651,7686,18831,9690,9141,7365,3349,4016,253237,108315,144922,
10,State-BIHAR,Total,14,540232,267517,272715,26415,21796,4619,19766,14341,5425,6659,4225,2434,131858,63947,67911,33764,23088,10676,30340,16977,13363,11155,5354,5801,280275,117789,162486,
10,State-BIHAR,Total,15,729947,392291,337656,54636,47041,7595,39465,30355,9110,11858,8222,3636,183323,90306,93017,62207,45414,16793,51186,31165,20021,16534,8623,7911,310738,131165,179573,
10,State-BIHAR,Total,16,747014,405356,341658,69210,60140,9070,52229,40690,11539,14522,10069,4453,208436,96970,111466,65855,48710,17145,53723,33297,20426,16145,8403,7742,266894,107077,159817,
10,State-BIHAR,Total,17,577514,311197,266317,67091,58401,8690,49291,38406,10885,12734,8796,3938,170043,73220,96823,54188,39027,15161,43467,25835,17632,12024,6020,6004,168676,61492,107184,
10,State-BIHAR,Total,18,1253114,667096,586018,174486,152990,21496,122405,95651,26754,28412,19741,8671,343602,131197,212405,136880,98902,37978,105666,60179,45487,26412,12292,14120,315251,96144,219107,
10,State-BIHAR,Total,19,821894,377108,444786,114845,96775,18070,79182,56705,22477,17782,11120,6662,232629,71874,160755,86370,54797,31573,71044,32890,38154,17603,6426,11177,202439,46521,155918,
10,State-BIHAR,Rural,5-19,12538620,6331242,6207378,500067,424616,75451,373567,281097,92470,97895,64984,32911,1558276,691586,866690,544781,361446,183335,462779,251177,211602,139148,64697,74451,8862107,4191639,4670468,
10,State-BIHAR,Rural,5,2285953,1186099,1099854,1182,907,275,744,497,247,124,68,56,15090,8036,7054,20637,11535,9102,15910,8282,7628,3501,1799,1702,2228765,1154975,1073790,
10,State-BIHAR,Rural,6,1937144,987529,949615,1010,729,281,805,502,303,164,95,69,21308,11159,10149,17878,9724,8154,14450,7433,7017,3485,1780,1705,1878044,956107,921937,
10,State-BIHAR,Rural,7,846067,417889,428178,2105,1348,757,1164,655,509,239,134,105,33055,16944,16111,10541,5626,4915,8551,4098,4453,2605,1247,1358,787807,387837,399970,
10,State-BIHAR,Rural,8,738852,356597,382255,2788,1776,1012,1557,900,657,359,200,159,46400,23837,22563,11265,5929,5336,9688,4799,4889,3402,1600,1802,663393,317556,345837,
10,State-BIHAR,Rural,9,447350,214502,232848,2618,1671,947,1619,927,692,425,222,203,37353,19244,18109,8967,4861,4106,7788,3800,3988,2794,1278,1516,385786,182499,203287,
10,State-BIHAR,Rural,10,706411,341643,364768,4428,2898,1530,2954,1827,1127,991,554,437,65715,34555,31160,15600,8751,6849,14562,7297,7265,6235,2876,3359,595926,282885,313041,
10,State-BIHAR,Rural,11,392485,188638,203847,6740,5048,1692,4415,2953,1462,1281,770,511,50960,25865,25095,13680,8041,5639,12083,6040,6043,4568,2061,2507,298758,137860,160898,
10,State-BIHAR,Rural,12,554347,265166,289181,14148,11130,3018,9636,6661,2975,3207,1970,1237,90824,45857,44967,24026,14864,9162,22898,11651,11247,9391,4270,5121,380217,168763,211454,
10,State-BIHAR,Rural,13,379116,178271,200845,12374,9762,2612,9006,6191,2815,3196,1930,1266,77217,37738,39479,18779,11499,7280,17933,9109,8824,7110,3197,3913,233501,98845,134656,
10,State-BIHAR,Rural,14,493962,242986,250976,23462,19284,4178,18586,13444,5142,6379,4033,2346,118021,57514,60507,31046,20988,10058,28828,15962,12866,10747,5090,5657,256893,106671,150222,
10,State-BIHAR,Rural,15,669553,358620,310933,49043,42197,6846,37231,28636,8595,11364,7844,3520,164566,81644,82922,57296,41507,15789,48800,29475,19325,15904,8191,7713,285349,119126,166223,
10,State-BIHAR,Rural,16,681218,368767,312451,62011,53895,8116,49303,38453,10850,13921,9625,4296,185520,86805,98715,60294,44168,16126,51063,31384,19679,15527,7960,7567,243579,96477,147102,
10,State-BIHAR,Rural,17,522943,281018,241925,59800,51927,7873,46352,36073,10279,12182,8366,3816,149503,64692,84811,49424,35088,14336,41250,24212,17038,11532,5697,5835,152900,54963,97937,
10,State-BIHAR,Rural,18,1137075,603987,533088,156023,136420,19603,115558,90143,25415,27063,18666,8397,300699,115549,185150,125341,89235,36106,100840,56686,44154,25336,11573,13763,286215,85715,200500,
10,State-BIHAR,Rural,19,746144,339530,406614,102335,85624,16711,74637,53235,21402,17000,10507,6493,202045,62147,139898,80007,49630,30377,68135,30949,37186,17011,6078,10933,184974,41360,143614,
10,State-BIHAR,Urban,5-19,1162035,611354,550681,59907,52397,7510,23200,17902,5298,4471,3397,1074,202169,85350,116819,47085,36474,10611,24998,16535,8463,5353,3426,1927,794852,395873,398979,
10,State-BIHAR,Urban,5,214981,113517,101464,185,155,30,79,54,25,7,6,1,2401,1233,1168,1868,1043,825,1643,917,726,135,78,57,208663,110031,98632,
10,State-BIHAR,Urban,6,180250,93925,86325,131,104,27,67,40,27,4,1,3,2902,1500,1402,1561,872,689,1359,746,613,142,74,68,174084,90588,83496,
10,State-BIHAR,Urban,7,72748,36773,35975,265,173,92,124,75,49,10,4,6,4229,2145,2084,739,440,299,675,343,332,101,56,45,66605,33537,33068,
10,State-BIHAR,Urban,8,60750,30802,29948,329,202,127,165,101,64,13,7,6,5402,2783,2619,768,446,322,674,370,304,116,69,47,53283,26824,26459,
10,State-BIHAR,Urban,9,37548,19008,18540,316,211,105,158,98,60,13,7,6,4433,2246,2187,594,340,254,516,290,226,104,58,46,31414,15758,15656,
10,State-BIHAR,Urban,10,59994,31065,28929,483,314,169,277,168,109,47,27,20,7424,3854,3570,1186,773,413,916,521,395,224,127,97,49437,25281,24156,
10,State-BIHAR,Urban,11,34586,17756,16830,883,715,168,336,224,112,57,36,21,6302,3113,3189,1016,669,347,672,395,277,143,77,66,25177,12527,12650,
10,State-BIHAR,Urban,12,48648,25412,23236,1753,1442,311,684,506,178,135,86,49,10595,5077,5518,1939,1417,522,1135,697,438,317,206,111,32090,15981,16109,
10,State-BIHAR,Urban,13,33710,17439,16271,1553,1285,268,639,472,167,127,91,36,8944,4236,4708,1558,1152,406,898,581,317,255,152,103,19736,9470,10266,
10,State-BIHAR,Urban,14,46270,24531,21739,2953,2512,441,1180,897,283,280,192,88,13837,6433,7404,2718,2100,618,1512,1015,497,408,264,144,23382,11118,12264,
10,State-BIHAR,Urban,15,60394,33671,26723,5593,4844,749,2234,1719,515,494,378,116,18757,8662,10095,4911,3907,1004,2386,1690,696,630,432,198,25389,12039,13350,
10,State-BIHAR,Urban,16,65796,36589,29207,7199,6245,954,2926,2237,689,601,444,157,22916,10165,12751,5561,4542,1019,2660,1913,747,618,443,175,23315,10600,12715,
10,State-BIHAR,Urban,17,54571,30179,24392,7291,6474,817,2939,2333,606,552,430,122,20540,8528,12012,4764,3939,825,2217,1623,594,492,323,169,15776,6529,9247,
10,State-BIHAR,Urban,18,116039,63109,52930,18463,16570,1893,6847,5508,1339,1349,1075,274,42903,15648,27255,11539,9667,1872,4826,3493,1333,1076,719,357,29036,10429,18607,
10,State-BIHAR,Urban,19,75750,37578,38172,12510,11151,1359,4545,3470,1075,782,613,169,30584,9727,20857,6363,5167,1196,2909,1941,968,592,348,244,17465,5161,12304,
11,State-SIKKIM,Total,5-19,34757,18227,16530,8903,5951,2952,3362,1791,1571,1325,654,671,6993,2728,4265,1762,955,807,614,298,316,245,118,127,11553,5732,5821,
11,State-SIKKIM,Total,5,4381,2277,2104,3,2,1,4,1,3,0,0,0,77,30,47,37,20,17,29,16,13,6,3,3,4225,2205,2020,
11,State-SIKKIM,Total,6,3253,1677,1576,2,1,1,4,2,2,2,0,2,90,45,45,47,27,20,24,10,14,2,1,1,3082,1591,1491,
11,State-SIKKIM,Total,7,1060,504,556,21,14,7,4,3,1,2,2,0,107,44,63,17,14,3,16,6,10,3,2,1,890,419,471,
11,State-SIKKIM,Total,8,493,241,252,15,10,5,3,1,2,2,0,2,102,42,60,7,3,4,4,3,1,6,2,4,354,180,174,
11,State-SIKKIM,Total,9,731,374,357,14,6,8,8,4,4,3,2,1,119,56,63,17,10,7,5,2,3,9,2,7,556,292,264,
11,State-SIKKIM,Total,10,807,402,405,22,10,12,6,4,2,8,2,6,139,68,71,26,13,13,10,4,6,11,5,6,585,296,289,
11,State-SIKKIM,Total,11,653,342,311,76,52,24,35,22,13,16,6,10,169,80,89,35,23,12,19,8,11,7,2,5,296,149,147,
11,State-SIKKIM,Total,12,716,368,348,120,80,40,51,30,21,30,11,19,223,103,120,64,31,33,33,21,12,13,9,4,182,83,99,
11,State-SIKKIM,Total,13,984,538,446,201,136,65,101,59,42,43,25,18,318,171,147,76,41,35,28,12,16,22,12,10,195,82,113,
11,State-SIKKIM,Total,14,1455,782,673,421,278,143,161,101,60,77,43,34,390,178,212,148,75,73,41,21,20,20,10,10,197,76,121,
11,State-SIKKIM,Total,15,2129,1148,981,631,420,211,273,162,111,123,71,52,583,263,320,220,103,117,75,38,37,24,13,11,200,78,122,
11,State-SIKKIM,Total,16,2904,1525,1379,1037,656,381,420,225,195,189,101,88,756,319,437,227,116,111,69,34,35,20,9,11,186,65,121,
11,State-SIKKIM,Total,17,3751,2032,1719,1500,984,516,555,303,252,227,110,117,948,386,562,250,136,114,62,30,32,26,13,13,183,70,113,
11,State-SIKKIM,Total,18,5564,2996,2568,2350,1609,741,811,422,389,287,142,145,1428,481,947,328,200,128,105,43,62,41,20,21,214,79,135,
11,State-SIKKIM,Total,19,5876,3021,2855,2490,1693,797,926,452,474,316,139,177,1544,462,1082,263,143,120,94,50,44,35,15,20,208,67,141,
11,State-SIKKIM,Rural,5-19,27122,14475,12647,7257,4779,2478,3025,1562,1463,1250,605,645,4577,1845,2732,1220,716,504,509,262,247,217,102,115,9067,4604,4463,
11,State-SIKKIM,Rural,5,3517,1822,1695,3,2,1,4,1,3,0,0,0,56,21,35,31,19,12,25,13,12,6,3,3,3392,1763,1629,
11,State-SIKKIM,Rural,6,2590,1345,1245,2,1,1,4,2,2,2,0,2,56,29,27,42,26,16,15,5,10,1,0,1,2468,1282,1186,
11,State-SIKKIM,Rural,7,849,411,438,19,12,7,4,3,1,2,2,0,75,31,44,15,12,3,12,6,6,3,2,1,719,343,376,
11,State-SIKKIM,Rural,8,414,200,214,14,9,5,3,1,2,2,0,2,77,28,49,4,0,4,4,3,1,6,2,4,304,157,147,
11,State-SIKKIM,Rural,9,595,318,277,12,4,8,7,3,4,3,2,1,96,50,46,12,8,4,4,2,2,8,1,7,453,248,205,
11,State-SIKKIM,Rural,10,634,323,311,17,8,9,4,2,2,7,2,5,102,50,52,16,8,8,8,4,4,11,5,6,469,244,225,
11,State-SIKKIM,Rural,11,485,257,228,57,41,16,26,14,12,16,6,10,118,62,56,24,14,10,14,7,7,5,1,4,225,112,113,
11,State-SIKKIM,Rural,12,506,267,239,92,61,31,41,25,16,29,10,19,143,70,73,37,19,18,26,16,10,10,7,3,128,59,69,
11,State-SIKKIM,Rural,13,701,406,295,149,102,47,85,49,36,40,23,17,214,123,91,46,28,18,21,10,11,19,10,9,127,61,66,
11,State-SIKKIM,Rural,14,1084,626,458,323,224,99,144,89,55,71,39,32,263,124,139,99,61,38,36,20,16,17,8,9,131,61,70,
11,State-SIKKIM,Rural,15,1602,914,688,482,334,148,249,143,106,116,67,49,400,189,211,131,68,63,64,35,29,23,12,11,137,66,71,
11,State-SIKKIM,Rural,16,2229,1225,1004,846,545,301,375,195,180,180,95,85,489,218,271,152,89,63,54,29,25,17,8,9,116,46,70,
11,State-SIKKIM,Rural,17,2929,1620,1309,1233,794,439,510,272,238,215,101,114,604,252,352,169,108,61,58,29,29,24,13,11,116,51,65,
11,State-SIKKIM,Rural,18,4366,2365,2001,1927,1279,648,732,368,364,271,132,139,924,317,607,245,153,92,86,37,49,37,18,19,144,61,83,
11,State-SIKKIM,Rural,19,4621,2376,2245,2081,1363,718,837,395,442,296,126,170,960,281,679,197,103,94,82,46,36,30,12,18,138,50,88,
11,State-SIKKIM,Urban,5-19,7635,3752,3883,1646,1172,474,337,229,108,75,49,26,2416,883,1533,542,239,303,105,36,69,28,16,12,2486,1128,1358,
11,State-SIKKIM,Urban,5,864,455,409,0,0,0,0,0,0,0,0,0,21,9,12,6,1,5,4,3,1,0,0,0,833,442,391,
11,State-SIKKIM,Urban,6,663,332,331,0,0,0,0,0,0,0,0,0,34,16,18,5,1,4,9,5,4,1,1,0,614,309,305,
11,State-SIKKIM,Urban,7,211,93,118,2,2,0,0,0,0,0,0,0,32,13,19,2,2,0,4,0,4,0,0,0,171,76,95,
11,State-SIKKIM,Urban,8,79,41,38,1,1,0,0,0,0,0,0,0,25,14,11,3,3,0,0,0,0,0,0,0,50,23,27,
11,State-SIKKIM,Urban,9,136,56,80,2,2,0,1,1,0,0,0,0,23,6,17,5,2,3,1,0,1,1,1,0,103,44,59,
11,State-SIKKIM,Urban,10,173,79,94,5,2,3,2,2,0,1,0,1,37,18,19,10,5,5,2,0,2,0,0,0,116,52,64,
11,State-SIKKIM,Urban,11,168,85,83,19,11,8,9,8,1,0,0,0,51,18,33,11,9,2,5,1,4,2,1,1,71,37,34,
11,State-SIKKIM,Urban,12,210,101,109,28,19,9,10,5,5,1,1,0,80,33,47,27,12,15,7,5,2,3,2,1,54,24,30,
11,State-SIKKIM,Urban,13,283,132,151,52,34,18,16,10,6,3,2,1,104,48,56,30,13,17,7,2,5,3,2,1,68,21,47,
11,State-SIKKIM,Urban,14,371,156,215,98,54,44,17,12,5,6,4,2,127,54,73,49,14,35,5,1,4,3,2,1,66,15,51,
11,State-SIKKIM,Urban,15,527,234,293,149,86,63,24,19,5,7,4,3,183,74,109,89,35,54,11,3,8,1,1,0,63,12,51,
11,State-SIKKIM,Urban,16,675,300,375,191,111,80,45,30,15,9,6,3,267,101,166,75,27,48,15,5,10,3,1,2,70,19,51,
11,State-SIKKIM,Urban,17,822,412,410,267,190,77,45,31,14,12,9,3,344,134,210,81,28,53,4,1,3,2,0,2,67,19,48,
11,State-SIKKIM,Urban,18,1198,631,567,423,330,93,79,54,25,16,10,6,504,164,340,83,47,36,19,6,13,4,2,2,70,18,52,
11,State-SIKKIM,Urban,19,1255,645,610,409,330,79,89,57,32,20,13,7,584,181,403,66,40,26,12,4,8,5,3,2,70,17,53,
12,State-ARUNACHAL PRADESH,Total,5-19,135080,64660,70420,9332,5887,3445,2843,1522,1321,718,352,366,12029,5502,6527,11688,5245,6443,4943,1975,2968,1249,503,746,92278,43674,48604,
12,State-ARUNACHAL PRADESH,Total,5,23287,11738,11549,7,5,2,1,1,0,0,0,0,179,88,91,142,66,76,208,99,109,30,16,14,22720,11463,11257,
12,State-ARUNACHAL PRADESH,Total,6,18380,9082,9298,6,4,2,7,3,4,0,0,0,229,121,108,125,67,58,155,73,82,46,17,29,17812,8797,9015,
12,State-ARUNACHAL PRADESH,Total,7,10658,5157,5501,16,3,13,14,6,8,4,3,1,323,168,155,108,52,56,140,65,75,47,24,23,10006,4836,5170,
12,State-ARUNACHAL PRADESH,Total,8,8622,4029,4593,25,10,15,16,6,10,7,3,4,375,191,184,153,62,91,131,66,65,39,13,26,7876,3678,4198,
12,State-ARUNACHAL PRADESH,Total,9,6092,2957,3135,22,11,11,13,6,7,3,0,3,398,201,197,160,74,86,141,61,80,48,24,24,5307,2580,2727,
12,State-ARUNACHAL PRADESH,Total,10,7394,3509,3885,50,25,25,23,14,9,6,4,2,454,245,209,254,104,150,201,68,133,63,23,40,6343,3026,3317,
12,State-ARUNACHAL PRADESH,Total,11,5235,2430,2805,102,59,43,33,16,17,19,10,9,487,244,243,299,126,173,167,76,91,64,25,39,4064,1874,2190,
12,State-ARUNACHAL PRADESH,Total,12,5621,2547,3074,191,116,75,77,41,36,29,17,12,685,357,328,523,226,297,241,105,136,94,43,51,3781,1642,2139,
12,State-ARUNACHAL PRADESH,Total,13,4448,1994,2454,235,151,84,81,34,47,26,12,14,684,355,329,470,185,285,231,98,133,82,34,48,2639,1125,1514,
12,State-ARUNACHAL PRADESH,Total,14,5024,2299,2725,424,251,173,144,85,59,37,18,19,840,431,409,749,314,435,351,134,217,97,32,65,2382,1034,1348,
12,State-ARUNACHAL PRADESH,Total,15,6447,3095,3352,713,456,257,246,142,104,68,34,34,1044,531,513,1205,582,623,517,208,309,143,50,93,2511,1092,1419,
12,State-ARUNACHAL PRADESH,Total,16,6403,3053,3350,1008,642,366,334,197,137,97,54,43,1158,553,605,1242,568,674,499,191,308,108,45,63,1957,803,1154,
12,State-ARUNACHAL PRADESH,Total,17,6527,3194,3333,1283,833,450,421,260,161,94,47,47,1204,561,643,1448,683,765,496,194,302,103,45,58,1478,571,907,
12,State-ARUNACHAL PRADESH,Total,18,11102,5155,5947,2658,1682,976,752,390,362,181,85,96,2042,796,1246,2543,1154,1389,827,305,522,173,68,105,1926,675,1251,
12,State-ARUNACHAL PRADESH,Total,19,9840,4421,5419,2592,1639,953,681,321,360,147,65,82,1927,660,1267,2267,982,1285,638,232,406,112,44,68,1476,478,998,
12,State-ARUNACHAL PRADESH,Rural,5-19,116521,56059,60462,7498,4525,2973,2391,1241,1150,633,301,332,8895,4261,4634,10463,4701,5762,4422,1759,2663,1138,456,682,81081,38815,42266,
12,State-ARUNACHAL PRADESH,Rural,5,19882,10053,9829,3,2,1,1,1,0,0,0,0,144,75,69,125,56,69,163,79,84,28,15,13,19418,9825,9593,
12,State-ARUNACHAL PRADESH,Rural,6,15944,7861,8083,6,4,2,6,2,4,0,0,0,178,86,92,110,62,48,134,61,73,45,17,28,15465,7629,7836,
12,State-ARUNACHAL PRADESH,Rural,7,9578,4655,4923,12,1,11,9,5,4,4,3,1,252,130,122,97,48,49,121,59,62,43,22,21,9040,4387,4653,
12,State-ARUNACHAL PRADESH,Rural,8,7884,3712,4172,17,6,11,13,6,7,6,3,3,302,150,152,138,59,79,122,62,60,35,11,24,7251,3415,3836,
12,State-ARUNACHAL PRADESH,Rural,9,5562,2713,2849,18,9,9,11,5,6,3,0,3,335,173,162,142,70,72,126,52,74,44,22,22,4883,2382,2501,
12,State-ARUNACHAL PRADESH,Rural,10,6631,3168,3463,41,19,22,19,11,8,4,3,1,363,204,159,230,95,135,181,62,119,59,20,39,5734,2754,2980,
12,State-ARUNACHAL PRADESH,Rural,11,4657,2194,2463,81,48,33,28,14,14,16,9,7,402,210,192,266,117,149,148,67,81,62,25,37,3654,1704,1950,
12,State-ARUNACHAL PRADESH,Rural,12,4945,2260,2685,144,78,66,65,32,33,26,14,12,535,284,251,465,205,260,223,98,125,87,41,46,3400,1508,1892,
12,State-ARUNACHAL PRADESH,Rural,13,3859,1752,2107,175,112,63,67,30,37,23,12,11,542,285,257,410,168,242,204,84,120,78,33,45,2360,1028,1332,
12,State-ARUNACHAL PRADESH,Rural,14,4272,1992,2280,335,192,143,120,69,51,34,16,18,646,348,298,661,279,382,311,123,188,88,30,58,2077,935,1142,
12,State-ARUNACHAL PRADESH,Rural,15,5465,2673,2792,570,356,214,206,112,94,59,31,28,816,429,387,1042,516,526,462,186,276,128,44,84,2182,999,1183,
12,State-ARUNACHAL PRADESH,Rural,16,5310,2553,2757,806,490,316,277,158,119,85,48,37,881,432,449,1084,498,586,446,168,278,97,43,54,1634,716,918,
12,State-ARUNACHAL PRADESH,Rural,17,5408,2685,2723,1027,654,373,363,223,140,84,39,45,846,420,426,1287,607,680,453,181,272,96,44,52,1252,517,735,
12,State-ARUNACHAL PRADESH,Rural,18,9140,4204,4936,2148,1292,856,643,320,323,161,70,91,1406,566,840,2312,1034,1278,760,273,487,150,55,95,1560,594,966,
12,State-ARUNACHAL PRADESH,Rural,19,7984,3584,4400,2115,1262,853,563,253,310,128,53,75,1247,469,778,2094,887,1207,568,204,364,98,34,64,1171,422,749,
12,State-ARUNACHAL PRADESH,Urban,5-19,18559,8601,9958,1834,1362,472,452,281,171,85,51,34,3134,1241,1893,1225,544,681,521,216,305,111,47,64,11197,4859,6338,
12,State-ARUNACHAL PRADESH,Urban,5,3405,1685,1720,4,3,1,0,0,0,0,0,0,35,13,22,17,10,7,45,20,25,2,1,1,3302,1638,1664,
12,State-ARUNACHAL PRADESH,Urban,6,2436,1221,1215,0,0,0,1,1,0,0,0,0,51,35,16,15,5,10,21,12,9,1,0,1,2347,1168,1179,
12,State-ARUNACHAL PRADESH,Urban,7,1080,502,578,4,2,2,5,1,4,0,0,0,71,38,33,11,4,7,19,6,13,4,2,2,966,449,517,
12,State-ARUNACHAL PRADESH,Urban,8,738,317,421,8,4,4,3,0,3,1,0,1,73,41,32,15,3,12,9,4,5,4,2,2,625,263,362,
12,State-ARUNACHAL PRADESH,Urban,9,530,244,286,4,2,2,2,1,1,0,0,0,63,28,35,18,4,14,15,9,6,4,2,2,424,198,226,
12,State-ARUNACHAL PRADESH,Urban,10,763,341,422,9,6,3,4,3,1,2,1,1,91,41,50,24,9,15,20,6,14,4,3,1,609,272,337,
12,State-ARUNACHAL PRADESH,Urban,11,578,236,342,21,11,10,5,2,3,3,1,2,85,34,51,33,9,24,19,9,10,2,0,2,410,170,240,
12,State-ARUNACHAL PRADESH,Urban,12,676,287,389,47,38,9,12,9,3,3,3,0,150,73,77,58,21,37,18,7,11,7,2,5,381,134,247,
12,State-ARUNACHAL PRADESH,Urban,13,589,242,347,60,39,21,14,4,10,3,0,3,142,70,72,60,17,43,27,14,13,4,1,3,279,97,182,
12,State-ARUNACHAL PRADESH,Urban,14,752,307,445,89,59,30,24,16,8,3,2,1,194,83,111,88,35,53,40,11,29,9,2,7,305,99,206,
12,State-ARUNACHAL PRADESH,Urban,15,982,422,560,143,100,43,40,30,10,9,3,6,228,102,126,163,66,97,55,22,33,15,6,9,329,93,236,
12,State-ARUNACHAL PRADESH,Urban,16,1093,500,593,202,152,50,57,39,18,12,6,6,277,121,156,158,70,88,53,23,30,11,2,9,323,87,236,
12,State-ARUNACHAL PRADESH,Urban,17,1119,509,610,256,179,77,58,37,21,10,8,2,358,141,217,161,76,85,43,13,30,7,1,6,226,54,172,
12,State-ARUNACHAL PRADESH,Urban,18,1962,951,1011,510,390,120,109,70,39,20,15,5,636,230,406,231,120,111,67,32,35,23,13,10,366,81,285,
12,State-ARUNACHAL PRADESH,Urban,19,1856,837,1019,477,377,100,118,68,50,19,12,7,680,191,489,173,95,78,70,28,42,14,10,4,305,56,249,
13,State-NAGALAND,Total,5-19,178586,92466,86120,25703,14743,10960,10377,5450,4927,5403,2739,2664,25656,12223,13433,15815,8443,7372,6177,3116,3061,4765,2472,2293,84690,43280,41410,
13,State-NAGALAND,Total,5,23589,12287,11302,10,6,4,6,2,4,4,2,2,192,102,90,182,92,90,167,78,89,169,91,78,22859,11914,10945,
13,State-NAGALAND,Total,6,19164,9838,9326,14,11,3,13,7,6,10,5,5,241,123,118,179,90,89,175,90,85,239,125,114,18293,9387,8906,
13,State-NAGALAND,Total,7,10255,5360,4895,40,24,16,19,7,12,24,9,15,580,281,299,158,88,70,164,95,69,229,135,94,9041,4721,4320,
13,State-NAGALAND,Total,8,7296,3718,3578,44,25,19,35,22,13,39,17,22,672,353,319,171,98,73,197,92,105,271,127,144,5867,2984,2883,
13,State-NAGALAND,Total,9,6893,3524,3369,70,37,33,49,27,22,67,33,34,685,361,324,260,142,118,178,94,84,307,162,145,5277,2668,2609,
13,State-NAGALAND,Total,10,8035,4147,3888,116,66,50,82,40,42,99,52,47,909,487,422,391,212,179,372,186,186,422,212,210,5644,2892,2752,
13,State-NAGALAND,Total,11,6416,3260,3156,339,190,149,161,75,86,155,78,77,974,466,508,532,267,265,355,187,168,415,220,195,3485,1777,1708,
13,State-NAGALAND,Total,12,6929,3565,3364,606,345,261,281,137,144,235,119,116,1284,641,643,791,415,376,473,232,241,423,219,204,2836,1457,1379,
13,State-NAGALAND,Total,13,6656,3459,3197,759,436,323,384,197,187,244,112,132,1333,673,660,892,489,403,429,218,211,393,208,185,2222,1126,1096,
13,State-NAGALAND,Total,14,7920,4213,3707,1265,739,526,607,343,264,381,183,198,1651,835,816,1250,651,599,517,270,247,386,220,166,1863,972,891,
13,State-NAGALAND,Total,15,11205,5906,5299,2337,1364,973,1002,565,437,605,322,283,2431,1189,1242,1834,988,846,666,343,323,401,199,202,1929,936,993,
13,State-NAGALAND,Total,16,12641,6645,5996,3222,1877,1345,1355,717,638,763,408,355,2793,1337,1456,1978,1079,899,602,300,302,341,180,161,1587,747,840,
13,State-NAGALAND,Total,17,13610,7059,6551,4002,2306,1696,1666,868,798,785,387,398,3176,1466,1710,1939,1017,922,566,289,277,250,123,127,1226,603,623,
13,State-NAGALAND,Total,18,20088,10324,9764,6591,3707,2884,2539,1317,1222,1069,552,517,4533,2036,2497,2873,1569,1304,772,370,402,300,159,141,1411,614,797,
13,State-NAGALAND,Total,19,17889,9161,8728,6288,3610,2678,2178,1126,1052,923,460,463,4202,1873,2329,2385,1246,1139,544,272,272,219,92,127,1150,482,668,
13,State-NAGALAND,Rural,5-19,147560,76387,71173,21706,11757,9949,8910,4611,4299,4949,2486,2463,17282,8649,8633,14614,7608,7006,5497,2730,2767,4534,2340,2194,70068,36206,33862,
13,State-NAGALAND,Rural,5,19308,10142,9166,9,6,3,5,2,3,4,2,2,129,72,57,157,83,74,133,62,71,165,89,76,18706,9826,8880,
13,State-NAGALAND,Rural,6,15763,8157,7606,12,9,3,13,7,6,10,5,5,171,80,91,156,76,80,152,79,73,232,121,111,15017,7780,7237,
13,State-NAGALAND,Rural,7,8837,4620,4217,28,16,12,13,6,7,22,8,14,421,209,212,139,73,66,151,90,61,222,131,91,7841,4087,3754,
13,State-NAGALAND,Rural,8,6404,3256,3148,37,19,18,32,20,12,39,17,22,512,268,244,162,94,68,184,83,101,264,123,141,5174,2632,2542,
13,State-NAGALAND,Rural,9,5906,3019,2887,63,33,30,41,24,17,65,32,33,501,267,234,240,133,107,164,87,77,293,154,139,4539,2289,2250,
13,State-NAGALAND,Rural,10,6923,3604,3319,108,62,46,67,32,35,94,49,45,672,364,308,367,199,168,337,166,171,411,207,204,4867,2525,2342,
13,State-NAGALAND,Rural,11,5475,2811,2664,293,161,132,132,60,72,145,73,72,697,344,353,499,245,254,328,174,154,405,216,189,2976,1538,1438,
13,State-NAGALAND,Rural,12,5801,2974,2827,496,266,230,234,111,123,215,106,109,903,457,446,721,367,354,426,206,220,410,212,198,2396,1249,1147,
13,State-NAGALAND,Rural,13,5457,2840,2617,616,331,285,314,153,161,231,105,126,884,467,417,834,453,381,388,195,193,382,201,181,1808,935,873,
13,State-NAGALAND,Rural,14,6494,3462,3032,1056,591,465,506,287,219,350,165,185,1124,586,538,1166,601,565,461,239,222,366,209,157,1465,784,681,
13,State-NAGALAND,Rural,15,9215,4830,4385,1994,1106,888,863,476,387,567,300,267,1666,844,822,1697,892,805,598,304,294,373,187,186,1457,721,736,
13,State-NAGALAND,Rural,16,10396,5425,4971,2759,1518,1241,1177,607,570,688,365,323,1879,944,935,1825,970,855,538,262,276,315,164,151,1215,595,620,
13,State-NAGALAND,Rural,17,11094,5732,5362,3414,1865,1549,1457,754,703,713,349,364,2136,1063,1073,1809,922,887,491,244,247,228,109,119,846,426,420,
13,State-NAGALAND,Rural,18,16332,8305,8027,5573,2931,2642,2217,1127,1090,977,505,472,2983,1425,1558,2645,1399,1246,682,316,366,268,139,129,987,463,524,
13,State-NAGALAND,Rural,19,14155,7210,6945,5248,2843,2405,1839,945,894,829,405,424,2604,1259,1345,2197,1101,1096,464,223,241,200,78,122,774,356,418,
13,State-NAGALAND,Urban,5-19,31026,16079,14947,3997,2986,1011,1467,839,628,454,253,201,8374,3574,4800,1201,835,366,680,386,294,231,132,99,14622,7074,7548,
13,State-NAGALAND,Urban,5,4281,2145,2136,1,0,1,1,0,1,0,0,0,63,30,33,25,9,16,34,16,18,4,2,2,4153,2088,2065,
13,State-NAGALAND,Urban,6,3401,1681,1720,2,2,0,0,0,0,0,0,0,70,43,27,23,14,9,23,11,12,7,4,3,3276,1607,1669,
13,State-NAGALAND,Urban,7,1418,740,678,12,8,4,6,1,5,2,1,1,159,72,87,19,15,4,13,5,8,7,4,3,1200,634,566,
13,State-NAGALAND,Urban,8,892,462,430,7,6,1,3,2,1,0,0,0,160,85,75,9,4,5,13,9,4,7,4,3,693,352,341,
13,State-NAGALAND,Urban,9,987,505,482,7,4,3,8,3,5,2,1,1,184,94,90,20,9,11,14,7,7,14,8,6,738,379,359,
13,State-NAGALAND,Urban,10,1112,543,569,8,4,4,15,8,7,5,3,2,237,123,114,24,13,11,35,20,15,11,5,6,777,367,410,
13,State-NAGALAND,Urban,11,941,449,492,46,29,17,29,15,14,10,5,5,277,122,155,33,22,11,27,13,14,10,4,6,509,239,270,
13,State-NAGALAND,Urban,12,1128,591,537,110,79,31,47,26,21,20,13,7,381,184,197,70,48,22,47,26,21,13,7,6,440,208,232,
13,State-NAGALAND,Urban,13,1199,619,580,143,105,38,70,44,26,13,7,6,449,206,243,58,36,22,41,23,18,11,7,4,414,191,223,
13,State-NAGALAND,Urban,14,1426,751,675,209,148,61,101,56,45,31,18,13,527,249,278,84,50,34,56,31,25,20,11,9,398,188,210,
13,State-NAGALAND,Urban,15,1990,1076,914,343,258,85,139,89,50,38,22,16,765,345,420,137,96,41,68,39,29,28,12,16,472,215,257,
13,State-NAGALAND,Urban,16,2245,1220,1025,463,359,104,178,110,68,75,43,32,914,393,521,153,109,44,64,38,26,26,16,10,372,152,220,
13,State-NAGALAND,Urban,17,2516,1327,1189,588,441,147,209,114,95,72,38,34,1040,403,637,130,95,35,75,45,30,22,14,8,380,177,203,
13,State-NAGALAND,Urban,18,3756,2019,1737,1018,776,242,322,190,132,92,47,45,1550,611,939,228,170,58,90,54,36,32,20,12,424,151,273,
13,State-NAGALAND,Urban,19,3734,1951,1783,1040,767,273,339,181,158,94,55,39,1598,614,984,188,145,43,80,49,31,19,14,5,376,126,250,
14,State-MANIPUR,Total,5-19,194839,94113,100726,20603,12207,8396,9367,4029,5338,3391,1389,2002,28590,11963,16627,15088,7571,7517,6704,2726,3978,2507,988,1519,108589,53240,55349,
14,State-MANIPUR,Total,5,33035,16912,16123,27,17,10,11,7,4,3,0,3,386,189,197,428,224,204,344,169,175,77,49,28,31759,16257,15502,
14,State-MANIPUR,Total,6,24891,12789,12102,20,13,7,19,13,6,4,2,2,501,252,249,349,187,162,308,155,153,81,44,37,23609,12123,11486,
14,State-MANIPUR,Total,7,12237,6075,6162,54,28,26,18,7,11,10,2,8,692,374,318,287,143,144,190,89,101,68,32,36,10918,5400,5518,
14,State-MANIPUR,Total,8,8490,4206,4284,59,30,29,39,22,17,8,3,5,704,367,337,276,145,131,170,86,84,64,28,36,7170,3525,3645,
14,State-MANIPUR,Total,9,6429,3172,3257,65,37,28,25,14,11,13,6,7,667,315,352,298,137,161,162,73,89,68,30,38,5131,2560,2571,
14,State-MANIPUR,Total,10,7996,3952,4044,130,72,58,59,27,32,19,8,11,943,464,479,473,241,232,225,105,120,88,49,39,6059,2986,3073,
14,State-MANIPUR,Total,11,5990,2995,2995,241,150,91,105,57,48,38,23,15,942,470,472,506,252,254,245,117,128,89,43,46,3824,1883,1941,
14,State-MANIPUR,Total,12,6648,3114,3534,460,264,196,179,81,98,72,42,30,1291,573,718,704,335,369,299,135,164,124,53,71,3519,1631,1888,
14,State-MANIPUR,Total,13,6142,2975,3167,590,377,213,218,89,129,98,40,58,1335,617,718,669,347,322,330,161,169,141,58,83,2761,1286,1475,
14,State-MANIPUR,Total,14,7482,3539,3943,941,562,379,447,205,242,166,62,104,1694,799,895,1013,531,482,457,173,284,206,81,125,2558,1126,1432,
14,State-MANIPUR,Total,15,10073,4798,5275,1640,1017,623,756,350,406,335,155,180,2503,1122,1381,1433,745,688,582,213,369,235,86,149,2589,1110,1479,
14,State-MANIPUR,Total,16,11071,5175,5896,2111,1251,860,1020,465,555,389,181,208,2817,1190,1627,1629,810,819,670,276,394,250,94,156,2185,908,1277,
14,State-MANIPUR,Total,17,13059,5892,7167,3046,1787,1259,1455,629,826,533,210,323,3441,1327,2114,1699,843,856,711,253,458,260,89,171,1914,754,1160,
14,State-MANIPUR,Total,18,21638,9721,11917,5500,3230,2270,2566,1069,1497,901,349,552,5541,2059,3482,2943,1497,1446,1131,415,716,437,154,283,2619,948,1671,
14,State-MANIPUR,Total,19,19658,8798,10860,5719,3372,2347,2450,994,1456,802,306,496,5133,1845,3288,2381,1134,1247,880,306,574,319,98,221,1974,743,1231,
14,State-MANIPUR,Rural,5-19,154635,74898,79737,16812,9744,7068,7457,3213,4244,2732,1123,1609,20366,8691,11675,14196,7088,7108,6045,2486,3559,2264,908,1356,84763,41645,43118,
14,State-MANIPUR,Rural,5,24259,12435,11824,21,13,8,10,6,4,2,0,2,281,136,145,369,195,174,290,142,148,74,48,26,23212,11895,11317,
14,State-MANIPUR,Rural,6,18477,9506,8971,16,10,6,14,10,4,4,2,2,359,178,181,307,165,142,257,131,126,74,42,32,17446,8968,8478,
14,State-MANIPUR,Rural,7,9705,4843,4862,46,25,21,14,6,8,8,2,6,491,265,226,267,132,135,173,84,89,61,30,31,8645,4299,4346,
14,State-MANIPUR,Rural,8,6988,3476,3512,54,27,27,35,18,17,8,3,5,530,285,245,262,137,125,158,80,78,60,26,34,5881,2900,2981,
14,State-MANIPUR,Rural,9,5359,2639,2720,61,36,25,21,12,9,12,6,6,502,230,272,281,132,149,152,69,83,61,27,34,4269,2127,2142,
14,State-MANIPUR,Rural,10,6658,3283,3375,119,63,56,48,23,25,18,8,10,712,343,369,460,233,227,204,97,107,80,45,35,5017,2471,2546,
14,State-MANIPUR,Rural,11,5075,2536,2539,197,120,77,87,45,42,30,17,13,725,368,357,483,243,240,236,111,125,80,38,42,3237,1594,1643,
14,State-MANIPUR,Rural,12,5641,2657,2984,380,213,167,138,65,73,63,36,27,958,434,524,675,323,352,278,126,152,110,47,63,3039,1413,1626,
14,State-MANIPUR,Rural,13,5153,2509,2644,473,295,178,172,68,104,86,36,50,976,455,521,633,321,312,293,146,147,127,53,74,2393,1135,1258,
14,State-MANIPUR,Rural,14,6217,2936,3281,760,439,321,362,171,191,125,45,80,1230,580,650,945,487,458,421,165,256,182,75,107,2192,974,1218,
14,State-MANIPUR,Rural,15,8288,3951,4337,1318,797,521,627,286,341,269,129,140,1839,821,1018,1335,690,645,525,191,334,215,81,134,2160,956,1204,
14,State-MANIPUR,Rural,16,9202,4310,4892,1732,1006,726,831,377,454,318,146,172,2071,883,1188,1546,764,782,616,261,355,224,84,140,1864,789,1075,
14,State-MANIPUR,Rural,17,10652,4872,5780,2511,1436,1075,1166,498,668,438,172,266,2432,979,1453,1608,789,819,638,233,405,244,84,160,1615,681,934,
14,State-MANIPUR,Rural,18,17378,7913,9465,4506,2585,1921,2027,850,1177,725,286,439,3826,1456,2370,2767,1410,1357,1013,376,637,387,140,247,2127,810,1317,
14,State-MANIPUR,Rural,19,15583,7032,8551,4618,2679,1939,1905,778,1127,626,235,391,3434,1278,2156,2258,1067,1191,791,274,517,285,88,197,1666,633,1033,
14,State-MANIPUR,Urban,5-19,40204,19215,20989,3791,2463,1328,1910,816,1094,659,266,393,8224,3272,4952,892,483,409,659,240,419,243,80,163,23826,11595,12231,
14,State-MANIPUR,Urban,5,8776,4477,4299,6,4,2,1,1,0,1,0,1,105,53,52,59,29,30,54,27,27,3,1,2,8547,4362,4185,
14,State-MANIPUR,Urban,6,6414,3283,3131,4,3,1,5,3,2,0,0,0,142,74,68,42,22,20,51,24,27,7,2,5,6163,3155,3008,
14,State-MANIPUR,Urban,7,2532,1232,1300,8,3,5,4,1,3,2,0,2,201,109,92,20,11,9,17,5,12,7,2,5,2273,1101,1172,
14,State-MANIPUR,Urban,8,1502,730,772,5,3,2,4,4,0,0,0,0,174,82,92,14,8,6,12,6,6,4,2,2,1289,625,664,
14,State-MANIPUR,Urban,9,1070,533,537,4,1,3,4,2,2,1,0,1,165,85,80,17,5,12,10,4,6,7,3,4,862,433,429,
14,State-MANIPUR,Urban,10,1338,669,669,11,9,2,11,4,7,1,0,1,231,121,110,13,8,5,21,8,13,8,4,4,1042,515,527,
14,State-MANIPUR,Urban,11,915,459,456,44,30,14,18,12,6,8,6,2,217,102,115,23,9,14,9,6,3,9,5,4,587,289,298,
14,State-MANIPUR,Urban,12,1007,457,550,80,51,29,41,16,25,9,6,3,333,139,194,29,12,17,21,9,12,14,6,8,480,218,262,
14,State-MANIPUR,Urban,13,989,466,523,117,82,35,46,21,25,12,4,8,359,162,197,36,26,10,37,15,22,14,5,9,368,151,217,
14,State-MANIPUR,Urban,14,1265,603,662,181,123,58,85,34,51,41,17,24,464,219,245,68,44,24,36,8,28,24,6,18,366,152,214,
14,State-MANIPUR,Urban,15,1785,847,938,322,220,102,129,64,65,66,26,40,664,301,363,98,55,43,57,22,35,20,5,15,429,154,275,
14,State-MANIPUR,Urban,16,1869,865,1004,379,245,134,189,88,101,71,35,36,746,307,439,83,46,37,54,15,39,26,10,16,321,119,202,
14,State-MANIPUR,Urban,17,2407,1020,1387,535,351,184,289,131,158,95,38,57,1009,348,661,91,54,37,73,20,53,16,5,11,299,73,226,
14,State-MANIPUR,Urban,18,4260,1808,2452,994,645,349,539,219,320,176,63,113,1715,603,1112,176,87,89,118,39,79,50,14,36,492,138,354,
14,State-MANIPUR,Urban,19,4075,1766,2309,1101,693,408,545,216,329,176,71,105,1699,567,1132,123,67,56,89,32,57,34,10,24,308,110,198,
15,State-MIZORAM,Total,5-19,75413,36698,38715,17505,10793,6712,3518,1712,1806,1263,653,610,12132,4301,7831,3691,1684,2007,1125,349,776,417,156,261,35762,17050,18712,
15,State-MIZORAM,Total,5,14048,7087,6961,1,1,0,5,3,2,0,0,0,236,125,111,40,23,17,21,13,8,13,4,9,13732,6918,6814,
15,State-MIZORAM,Total,6,9443,4763,4680,2,1,1,1,1,0,1,1,0,229,119,110,46,25,21,13,3,10,16,9,7,9135,4604,4531,
15,State-MIZORAM,Total,7,3239,1541,1698,8,7,1,2,1,1,2,1,1,160,84,76,26,11,15,6,1,5,14,4,10,3021,1432,1589,
15,State-MIZORAM,Total,8,1998,905,1093,10,4,6,1,1,0,2,0,2,148,66,82,24,7,17,6,1,5,15,7,8,1792,819,973,
15,State-MIZORAM,Total,9,1545,730,815,15,8,7,0,0,0,2,1,1,155,84,71,32,8,24,8,4,4,5,3,2,1328,622,706,
15,State-MIZORAM,Total,10,1903,903,1000,19,11,8,7,3,4,4,2,2,159,89,70,52,22,30,18,7,11,22,12,10,1622,757,865,
15,State-MIZORAM,Total,11,1521,680,841,98,62,36,20,11,9,6,4,2,226,99,127,77,35,42,39,11,28,22,10,12,1033,448,585,
15,State-MIZORAM,Total,12,1557,666,891,172,109,63,36,15,21,14,3,11,314,133,181,126,63,63,45,13,32,30,9,21,820,321,499,
15,State-MIZORAM,Total,13,1680,704,976,260,154,106,61,26,35,36,15,21,411,145,266,186,76,110,69,19,50,38,17,21,619,252,367,
15,State-MIZORAM,Total,14,2367,1059,1308,583,318,265,163,78,85,65,35,30,651,269,382,240,104,136,91,36,55,48,18,30,526,201,325,
15,State-MIZORAM,Total,15,3744,1765,1979,1233,736,497,301,146,155,127,69,58,1044,405,639,405,183,222,133,34,99,43,15,28,458,177,281,
15,State-MIZORAM,Total,16,5235,2603,2632,2292,1390,902,422,209,213,180,93,87,1326,497,829,444,207,237,113,46,67,32,15,17,426,146,280,
15,State-MIZORAM,Total,17,6972,3547,3425,3235,2063,1172,658,319,339,235,132,103,1817,622,1195,503,241,262,116,38,78,26,9,17,382,123,259,
15,State-MIZORAM,Total,18,9665,4679,4986,4559,2812,1747,866,421,445,304,159,145,2518,753,1765,728,333,395,201,61,140,50,11,39,439,129,310,
15,State-MIZORAM,Total,19,10496,5066,5430,5018,3117,1901,975,478,497,285,138,147,2738,811,1927,762,346,416,246,62,184,43,13,30,429,101,328,
15,State-MIZORAM,Rural,5-19,50246,23997,26249,11700,7079,4621,1777,722,1055,610,267,343,5256,1837,3419,3459,1539,1920,1067,316,751,362,120,242,26015,12117,13898,
15,State-MIZORAM,Rural,5,8916,4449,4467,1,1,0,2,0,2,0,0,0,135,62,73,22,15,7,14,9,5,10,3,7,8732,4359,4373,
15,State-MIZORAM,Rural,6,6085,3058,3027,2,1,1,0,0,0,1,1,0,125,64,61,26,15,11,9,1,8,7,3,4,5915,2973,2942,
15,State-MIZORAM,Rural,7,2630,1237,1393,6,5,1,1,0,1,2,1,1,83,46,37,18,8,10,6,1,5,13,4,9,2501,1172,1329,
15,State-MIZORAM,Rural,8,1743,779,964,5,4,1,0,0,0,2,0,2,81,35,46,17,4,13,6,1,5,10,5,5,1622,730,892,
15,State-MIZORAM,Rural,9,1368,631,737,10,7,3,0,0,0,2,1,1,96,54,42,26,5,21,6,2,4,4,2,2,1224,560,664,
15,State-MIZORAM,Rural,10,1564,729,835,13,7,6,7,3,4,3,2,1,97,55,42,49,21,28,15,4,11,15,9,6,1365,628,737,
15,State-MIZORAM,Rural,11,1303,565,738,76,50,26,10,7,3,2,2,0,137,57,80,73,33,40,38,10,28,22,10,12,945,396,549,
15,State-MIZORAM,Rural,12,1304,535,769,115,73,42,19,6,13,9,2,7,198,81,117,125,62,63,43,12,31,26,6,20,769,293,476,
15,State-MIZORAM,Rural,13,1327,560,767,178,108,70,39,18,21,28,11,17,221,82,139,183,74,109,64,17,47,34,13,21,580,237,343,
15,State-MIZORAM,Rural,14,1766,759,1007,408,221,187,104,45,59,42,21,21,368,146,222,231,98,133,85,31,54,47,17,30,481,180,301,
15,State-MIZORAM,Rural,15,2575,1197,1378,859,507,352,199,92,107,69,37,32,482,190,292,387,169,218,132,34,98,40,12,28,407,156,251,
15,State-MIZORAM,Rural,16,3428,1672,1756,1614,960,654,231,99,132,87,36,51,567,200,367,420,192,228,107,42,65,29,13,16,373,130,243,
15,State-MIZORAM,Rural,17,4328,2204,2124,2233,1406,827,327,127,200,111,52,59,705,239,466,478,227,251,106,36,70,24,7,17,344,110,234,
15,State-MIZORAM,Rural,18,5725,2734,2991,2957,1770,1187,393,162,231,133,55,78,939,272,667,681,298,383,198,59,139,42,7,35,382,111,271,
15,State-MIZORAM,Rural,19,6184,2888,3296,3223,1959,1264,445,163,282,119,46,73,1022,254,768,723,318,405,238,57,181,39,9,30,375,82,293,
15,State-MIZORAM,Urban,5-19,25167,12701,12466,5805,3714,2091,1741,990,751,653,386,267,6876,2464,4412,232,145,87,58,33,25,55,36,19,9747,4933,4814,
15,State-MIZORAM,Urban,5,5132,2638,2494,0,0,0,3,3,0,0,0,0,101,63,38,18,8,10,7,4,3,3,1,2,5000,2559,2441,
15,State-MIZORAM,Urban,6,3358,1705,1653,0,0,0,1,1,0,0,0,0,104,55,49,20,10,10,4,2,2,9,6,3,3220,1631,1589,
15,State-MIZORAM,Urban,7,609,304,305,2,2,0,1,1,0,0,0,0,77,38,39,8,3,5,0,0,0,1,0,1,520,260,260,
15,State-MIZORAM,Urban,8,255,126,129,5,0,5,1,1,0,0,0,0,67,31,36,7,3,4,0,0,0,5,2,3,170,89,81,
15,State-MIZORAM,Urban,9,177,99,78,5,1,4,0,0,0,0,0,0,59,30,29,6,3,3,2,2,0,1,1,0,104,62,42,
15,State-MIZORAM,Urban,10,339,174,165,6,4,2,0,0,0,1,0,1,62,34,28,3,1,2,3,3,0,7,3,4,257,129,128,
15,State-MIZORAM,Urban,11,218,115,103,22,12,10,10,4,6,4,2,2,89,42,47,4,2,2,1,1,0,0,0,0,88,52,36,
15,State-MIZORAM,Urban,12,253,131,122,57,36,21,17,9,8,5,1,4,116,52,64,1,1,0,2,1,1,4,3,1,51,28,23,
15,State-MIZORAM,Urban,13,353,144,209,82,46,36,22,8,14,8,4,4,190,63,127,3,2,1,5,2,3,4,4,0,39,15,24,
15,State-MIZORAM,Urban,14,601,300,301,175,97,78,59,33,26,23,14,9,283,123,160,9,6,3,6,5,1,1,1,0,45,21,24,
15,State-MIZORAM,Urban,15,1169,568,601,374,229,145,102,54,48,58,32,26,562,215,347,18,14,4,1,0,1,3,3,0,51,21,30,
15,State-MIZORAM,Urban,16,1807,931,876,678,430,248,191,110,81,93,57,36,759,297,462,24,15,9,6,4,2,3,2,1,53,16,37,
15,State-MIZORAM,Urban,17,2644,1343,1301,1002,657,345,331,192,139,124,80,44,1112,383,729,25,14,11,10,2,8,2,2,0,38,13,25,
15,State-MIZORAM,Urban,18,3940,1945,1995,1602,1042,560,473,259,214,171,104,67,1579,481,1098,47,35,12,3,2,1,8,4,4,57,18,39,
15,State-MIZORAM,Urban,19,4312,2178,2134,1795,1158,637,530,315,215,166,92,74,1716,557,1159,39,28,11,8,5,3,4,4,0,54,19,35,
16,State-TRIPURA,Total,5-19,258106,124217,133889,28530,23347,5183,20062,11632,8430,6967,3858,3109,79750,26147,53603,5250,2687,2563,4769,1637,3132,1364,429,935,111414,54480,56934,
16,State-TRIPURA,Total,5,49944,25447,24497,25,23,2,12,8,4,3,1,2,375,189,186,126,68,58,136,67,69,34,18,16,49233,25073,24160,
16,State-TRIPURA,Total,6,32044,16471,15573,15,10,5,7,3,4,2,1,1,583,300,283,94,52,42,127,71,56,18,8,10,31198,16026,15172,
16,State-TRIPURA,Total,7,8808,4436,4372,29,20,9,20,10,10,1,1,0,893,449,444,54,27,27,51,30,21,11,6,5,7749,3893,3856,
16,State-TRIPURA,Total,8,4559,2273,2286,37,27,10,18,9,9,10,6,4,967,487,480,34,16,18,43,19,24,15,6,9,3435,1703,1732,
16,State-TRIPURA,Total,9,3591,1759,1832,43,27,16,32,17,15,9,3,6,1005,489,516,39,20,19,51,24,27,15,5,10,2397,1174,1223,
16,State-TRIPURA,Total,10,4863,2392,2471,49,31,18,76,43,33,26,10,16,1319,675,644,81,47,34,90,35,55,42,14,28,3180,1537,1643,
16,State-TRIPURA,Total,11,3944,1903,2041,224,175,49,142,71,71,49,26,23,1497,713,784,86,43,43,107,42,65,45,20,25,1794,813,981,
16,State-TRIPURA,Total,12,5219,2509,2710,426,327,99,275,148,127,78,36,42,2268,1067,1201,169,91,78,174,77,97,80,33,47,1749,730,1019,
16,State-TRIPURA,Total,13,5385,2648,2737,529,411,118,354,201,153,159,78,81,2580,1212,1368,146,76,70,187,59,128,71,25,46,1359,586,773,
16,State-TRIPURA,Total,14,7923,3898,4025,932,734,198,753,442,311,337,173,164,3864,1697,2167,318,176,142,266,98,168,97,30,67,1356,548,808,
16,State-TRIPURA,Total,15,12798,6334,6464,1853,1437,416,1498,902,596,575,349,226,6120,2582,3538,483,241,242,499,199,300,164,57,107,1606,567,1039,
16,State-TRIPURA,Total,16,17396,8752,8644,3004,2471,533,2320,1448,872,832,494,338,8479,3289,5190,576,291,285,546,182,364,160,53,107,1479,524,955,
16,State-TRIPURA,Total,17,23183,11601,11582,4586,3797,789,3361,2150,1211,1167,721,446,11263,3835,7428,698,394,304,587,211,376,192,50,142,1329,443,886,
16,State-TRIPURA,Total,18,38777,17059,21718,8029,6653,1376,5504,3135,2369,1878,1024,854,18869,4736,14133,1304,643,661,1038,306,732,218,51,167,1937,511,1426,
16,State-TRIPURA,Total,19,39672,16735,22937,8749,7204,1545,5690,3045,2645,1841,935,906,19668,4427,15241,1042,502,540,867,217,650,202,53,149,1613,352,1261,
16,State-TRIPURA,Rural,5-19,210088,100529,109559,22951,18436,4515,18099,10219,7880,6388,3440,2948,60775,19831,40944,4530,2235,2295,4582,1523,3059,1298,395,903,91465,44450,47015,
16,State-TRIPURA,Rural,5,40150,20474,19676,22,20,2,9,5,4,3,1,2,270,134,136,101,54,47,110,51,59,33,17,16,39602,20192,19410,
16,State-TRIPURA,Rural,6,25417,13016,12401,13,8,5,6,2,4,2,1,1,443,228,215,68,35,33,100,57,43,16,7,9,24769,12678,12091,
16,State-TRIPURA,Rural,7,7469,3755,3714,24,16,8,16,8,8,1,1,0,667,331,336,40,21,19,49,29,20,11,6,5,6661,3343,3318,
16,State-TRIPURA,Rural,8,3992,1978,2014,28,21,7,17,8,9,10,6,4,767,383,384,22,11,11,41,17,24,15,6,9,3092,1526,1566,
16,State-TRIPURA,Rural,9,3074,1497,1577,35,21,14,29,15,14,6,2,4,773,384,389,34,17,17,49,24,25,14,5,9,2134,1029,1105,
16,State-TRIPURA,Rural,10,4180,2013,2167,37,21,16,69,39,30,25,9,16,1041,517,524,69,38,31,86,33,53,41,13,28,2812,1343,1469,
16,State-TRIPURA,Rural,11,3311,1579,1732,173,132,41,122,59,63,43,22,21,1149,548,601,72,35,37,105,41,64,43,20,23,1604,722,882,
16,State-TRIPURA,Rural,12,4441,2102,2339,341,258,83,249,130,119,70,30,40,1823,867,956,134,67,67,167,71,96,79,33,46,1578,646,932,
16,State-TRIPURA,Rural,13,4546,2205,2341,421,325,96,329,187,142,148,71,77,2055,969,1086,121,62,59,183,56,127,67,22,45,1222,513,709,
16,State-TRIPURA,Rural,14,6594,3186,3408,736,573,163,690,398,292,317,159,158,3040,1321,1719,274,151,123,260,95,165,88,24,64,1189,465,724,
16,State-TRIPURA,Rural,15,10715,5225,5490,1488,1137,351,1370,805,565,531,313,218,4843,2034,2809,419,203,216,484,190,294,157,53,104,1423,490,933,
16,State-TRIPURA,Rural,16,14340,7152,7188,2440,1984,456,2099,1285,814,770,447,323,6557,2514,4043,511,247,264,531,174,357,157,53,104,1275,448,827,
16,State-TRIPURA,Rural,17,18777,9427,9350,3709,3022,687,3018,1894,1124,1061,647,414,8521,2932,5589,604,332,272,574,202,372,180,46,134,1110,352,758,
16,State-TRIPURA,Rural,18,31581,13773,17808,6541,5310,1231,4967,2736,2231,1719,907,812,14367,3532,10835,1142,539,603,1001,285,716,207,44,163,1637,420,1217,
16,State-TRIPURA,Rural,19,31501,13147,18354,6943,5588,1355,5109,2648,2461,1682,824,858,14459,3137,11322,919,423,496,842,198,644,190,46,144,1357,283,1074,
16,State-TRIPURA,Urban,5-19,48018,23688,24330,5579,4911,668,1963,1413,550,579,418,161,18975,6316,12659,720,452,268,187,114,73,66,34,32,19949,10030,9919,
16,State-TRIPURA,Urban,5,9794,4973,4821,3,3,0,3,3,0,0,0,0,105,55,50,25,14,11,26,16,10,1,1,0,9631,4881,4750,
16,State-TRIPURA,Urban,6,6627,3455,3172,2,2,0,1,1,0,0,0,0,140,72,68,26,17,9,27,14,13,2,1,1,6429,3348,3081,
16,State-TRIPURA,Urban,7,1339,681,658,5,4,1,4,2,2,0,0,0,226,118,108,14,6,8,2,1,1,0,0,0,1088,550,538,
16,State-TRIPURA,Urban,8,567,295,272,9,6,3,1,1,0,0,0,0,200,104,96,12,5,7,2,2,0,0,0,0,343,177,166,
16,State-TRIPURA,Urban,9,517,262,255,8,6,2,3,2,1,3,1,2,232,105,127,5,3,2,2,0,2,1,0,1,263,145,118,
16,State-TRIPURA,Urban,10,683,379,304,12,10,2,7,4,3,1,1,0,278,158,120,12,9,3,4,2,2,1,1,0,368,194,174,
16,State-TRIPURA,Urban,11,633,324,309,51,43,8,20,12,8,6,4,2,348,165,183,14,8,6,2,1,1,2,0,2,190,91,99,
16,State-TRIPURA,Urban,12,778,407,371,85,69,16,26,18,8,8,6,2,445,200,245,35,24,11,7,6,1,1,0,1,171,84,87,
16,State-TRIPURA,Urban,13,839,443,396,108,86,22,25,14,11,11,7,4,525,243,282,25,14,11,4,3,1,4,3,1,137,73,64,
16,State-TRIPURA,Urban,14,1329,712,617,196,161,35,63,44,19,20,14,6,824,376,448,44,25,19,6,3,3,9,6,3,167,83,84,
16,State-TRIPURA,Urban,15,2083,1109,974,365,300,65,128,97,31,44,36,8,1277,548,729,64,38,26,15,9,6,7,4,3,183,77,106,
16,State-TRIPURA,Urban,16,3056,1600,1456,564,487,77,221,163,58,62,47,15,1922,775,1147,65,44,21,15,8,7,3,0,3,204,76,128,
16,State-TRIPURA,Urban,17,4406,2174,2232,877,775,102,343,256,87,106,74,32,2742,903,1839,94,62,32,13,9,4,12,4,8,219,91,128,
16,State-TRIPURA,Urban,18,7196,3286,3910,1488,1343,145,537,399,138,159,117,42,4502,1204,3298,162,104,58,37,21,16,11,7,4,300,91,209,
16,State-TRIPURA,Urban,19,8171,3588,4583,1806,1616,190,581,397,184,159,111,48,5209,1290,3919,123,79,44,25,19,6,12,7,5,256,69,187,
17,State-MEGHALAYA,Total,5-19,317704,169797,147907,41356,26011,15345,12591,6806,5785,3367,1823,1544,38254,16174,22080,21810,13929,7881,10400,6011,4389,3484,2005,1479,186442,97038,89404,
17,State-MEGHALAYA,Total,5,50145,25756,24389,23,16,7,15,7,8,2,1,1,536,268,268,593,295,298,395,194,201,63,35,28,48518,24940,23578,
17,State-MEGHALAYA,Total,6,41161,21214,19947,30,20,10,17,10,7,8,5,3,665,337,328,535,270,265,370,191,179,89,45,44,39447,20336,19111,
17,State-MEGHALAYA,Total,7,24551,12837,11714,82,49,33,29,12,17,8,4,4,1005,505,500,404,213,191,273,129,144,108,54,54,22642,11871,10771,
17,State-MEGHALAYA,Total,8,16961,8981,7980,85,52,33,38,20,18,8,4,4,1167,580,587,334,181,153,234,118,116,91,53,38,15004,7973,7031,
17,State-MEGHALAYA,Total,9,13566,7256,6310,97,56,41,48,21,27,17,8,9,1150,593,557,357,180,177,278,157,121,121,66,55,11498,6175,5323,
17,State-MEGHALAYA,Total,10,14612,8000,6612,186,119,67,69,42,27,32,15,17,1478,780,698,444,242,202,302,171,131,154,85,69,11947,6546,5401,
17,State-MEGHALAYA,Total,11,11129,6209,4920,443,278,165,183,102,81,60,30,30,1666,848,818,591,372,219,355,215,140,170,92,78,7661,4272,3389,
17,State-MEGHALAYA,Total,12,10990,6254,4736,843,521,322,306,171,135,101,60,41,2166,1143,1023,798,523,275,506,309,197,200,117,83,6070,3410,2660,
17,State-MEGHALAYA,Total,13,10800,6264,4536,1315,851,464,453,268,185,161,94,67,2431,1293,1138,986,658,328,543,349,194,237,132,105,4674,2619,2055,
17,State-MEGHALAYA,Total,14,13174,7673,5501,2477,1652,825,814,486,328,259,166,93,3120,1590,1530,1459,1004,455,713,424,289,303,186,117,4029,2165,1864,
17,State-MEGHALAYA,Total,15,16447,9615,6832,4013,2675,1338,1239,721,518,377,239,138,3544,1682,1862,2183,1475,708,993,615,378,370,223,147,3728,1985,1743,
17,State-MEGHALAYA,Total,16,18746,10780,7966,5510,3580,1930,1714,997,717,476,271,205,3788,1658,2130,2647,1783,864,1100,716,384,394,255,139,3117,1520,1597,
17,State-MEGHALAYA,Total,17,20528,11474,9054,6876,4356,2520,2019,1132,887,510,289,221,4005,1599,2406,2961,1962,999,1187,695,492,374,225,149,2596,1216,1380,
17,State-MEGHALAYA,Total,18,27755,14332,13423,9617,5855,3762,2814,1463,1351,704,348,356,5739,1813,3926,3870,2522,1348,1586,918,668,446,250,196,2979,1163,1816,
17,State-MEGHALAYA,Total,19,27139,13152,13987,9759,5931,3828,2833,1354,1479,644,289,355,5794,1485,4309,3648,2249,1399,1565,810,755,364,187,177,2532,847,1685,
17,State-MEGHALAYA,Rural,5-19,291242,155603,135639,35916,21981,13935,11544,6113,5431,3093,1658,1435,31393,13386,18007,20753,13348,7405,10178,5882,4296,3438,1971,1467,174927,91264,83663,
17,State-MEGHALAYA,Rural,5,45923,23567,22356,20,13,7,14,6,8,2,1,1,441,225,216,568,282,286,378,187,191,63,35,28,44437,22818,21619,
17,State-MEGHALAYA,Rural,6,38001,19608,18393,26,17,9,14,7,7,7,5,2,538,275,263,519,261,258,359,183,176,89,45,44,36449,18815,17634,
17,State-MEGHALAYA,Rural,7,23436,12254,11182,76,44,32,24,10,14,7,3,4,855,430,425,399,209,190,270,128,142,108,54,54,21697,11376,10321,
17,State-MEGHALAYA,Rural,8,16336,8651,7685,81,50,31,34,18,16,8,4,4,1046,522,524,328,178,150,231,116,115,91,53,38,14517,7710,6807,
17,State-MEGHALAYA,Rural,9,12954,6917,6037,91,53,38,43,20,23,17,8,9,1006,516,490,347,174,173,276,156,120,121,66,55,11053,5924,5129,
17,State-MEGHALAYA,Rural,10,13943,7671,6272,180,116,64,61,38,23,32,15,17,1316,698,618,431,235,196,300,170,130,154,85,69,11469,6314,5155,
17,State-MEGHALAYA,Rural,11,10610,5942,4668,404,251,153,172,96,76,57,29,28,1493,764,729,576,364,212,352,212,140,170,92,78,7386,4134,3252,
17,State-MEGHALAYA,Rural,12,10314,5908,4406,745,460,285,281,160,121,99,59,40,1896,1004,892,769,508,261,500,305,195,195,114,81,5829,3298,2531,
17,State-MEGHALAYA,Rural,13,10058,5852,4206,1193,771,422,420,251,169,153,89,64,2111,1121,990,939,633,306,528,342,186,234,130,104,4480,2515,1965,
17,State-MEGHALAYA,Rural,14,12132,7108,5024,2235,1477,758,757,451,306,240,153,87,2685,1394,1291,1396,979,417,695,412,283,301,186,115,3823,2056,1767,
17,State-MEGHALAYA,Rural,15,14979,8831,6148,3633,2421,1212,1154,661,493,344,218,126,2960,1409,1551,2083,1427,656,971,604,367,364,218,146,3470,1873,1597,
17,State-MEGHALAYA,Rural,16,16863,9769,7094,4860,3144,1716,1585,919,666,435,249,186,3105,1351,1754,2517,1712,805,1081,704,377,387,250,137,2893,1440,1453,
17,State-MEGHALAYA,Rural,17,18271,10194,8077,6055,3763,2292,1859,1021,838,464,261,203,3177,1248,1929,2792,1870,922,1155,677,478,370,222,148,2399,1132,1267,
17,State-MEGHALAYA,Rural,18,24245,12410,11835,8204,4802,3402,2591,1306,1285,643,306,337,4431,1367,3064,3653,2405,1248,1555,897,658,435,242,193,2733,1085,1648,
17,State-MEGHALAYA,Rural,19,23177,10921,12256,8113,4599,3514,2535,1149,1386,585,258,327,4333,1062,3271,3436,2111,1325,1527,789,738,356,179,177,2292,774,1518,
17,State-MEGHALAYA,Urban,5-19,26462,14194,12268,5440,4030,1410,1047,693,354,274,165,109,6861,2788,4073,1057,581,476,222,129,93,46,34,12,11515,5774,5741,
17,State-MEGHALAYA,Urban,5,4222,2189,2033,3,3,0,1,1,0,0,0,0,95,43,52,25,13,12,17,7,10,0,0,0,4081,2122,1959,
17,State-MEGHALAYA,Urban,6,3160,1606,1554,4,3,1,3,3,0,1,0,1,127,62,65,16,9,7,11,8,3,0,0,0,2998,1521,1477,
17,State-MEGHALAYA,Urban,7,1115,583,532,6,5,1,5,2,3,1,1,0,150,75,75,5,4,1,3,1,2,0,0,0,945,495,450,
17,State-MEGHALAYA,Urban,8,625,330,295,4,2,2,4,2,2,0,0,0,121,58,63,6,3,3,3,2,1,0,0,0,487,263,224,
17,State-MEGHALAYA,Urban,9,612,339,273,6,3,3,5,1,4,0,0,0,144,77,67,10,6,4,2,1,1,0,0,0,445,251,194,
17,State-MEGHALAYA,Urban,10,669,329,340,6,3,3,8,4,4,0,0,0,162,82,80,13,7,6,2,1,1,0,0,0,478,232,246,
17,State-MEGHALAYA,Urban,11,519,267,252,39,27,12,11,6,5,3,1,2,173,84,89,15,8,7,3,3,0,0,0,0,275,138,137,
17,State-MEGHALAYA,Urban,12,676,346,330,98,61,37,25,11,14,2,1,1,270,139,131,29,15,14,6,4,2,5,3,2,241,112,129,
17,State-MEGHALAYA,Urban,13,742,412,330,122,80,42,33,17,16,8,5,3,320,172,148,47,25,22,15,7,8,3,2,1,194,104,90,
17,State-MEGHALAYA,Urban,14,1042,565,477,242,175,67,57,35,22,19,13,6,435,196,239,63,25,38,18,12,6,2,0,2,206,109,97,
17,State-MEGHALAYA,Urban,15,1468,784,684,380,254,126,85,60,25,33,21,12,584,273,311,100,48,52,22,11,11,6,5,1,258,112,146,
17,State-MEGHALAYA,Urban,16,1883,1011,872,650,436,214,129,78,51,41,22,19,683,307,376,130,71,59,19,12,7,7,5,2,224,80,144,
17,State-MEGHALAYA,Urban,17,2257,1280,977,821,593,228,160,111,49,46,28,18,828,351,477,169,92,77,32,18,14,4,3,1,197,84,113,
17,State-MEGHALAYA,Urban,18,3510,1922,1588,1413,1053,360,223,157,66,61,42,19,1308,446,862,217,117,100,31,21,10,11,8,3,246,78,168,
17,State-MEGHALAYA,Urban,19,3962,2231,1731,1646,1332,314,298,205,93,59,31,28,1461,423,1038,212,138,74,38,21,17,8,8,0,240,73,167,
18,State-ASSAM,Total,5-19,3444473,1787084,1657389,294316,244989,49327,205041,131758,73283,54098,32467,21631,769913,309042,460871,158140,113871,44269,114270,62456,51814,31895,16710,15185,1816800,875791,941009,
18,State-ASSAM,Total,5,540894,276594,264300,198,158,40,143,71,72,24,12,12,5350,2730,2620,2281,1320,961,2358,1199,1159,471,223,248,530069,270881,259188,
18,State-ASSAM,Total,6,390028,198228,191800,230,155,75,178,104,74,41,20,21,6605,3282,3323,1817,1037,780,1945,978,967,515,257,258,378697,192395,186302,
18,State-ASSAM,Total,7,189100,94992,94108,433,281,152,287,140,147,80,42,38,11299,5628,5671,1292,747,545,1330,674,656,495,265,230,173884,87215,86669,
18,State-ASSAM,Total,8,132805,66656,66149,532,347,185,410,216,194,80,37,43,12854,6478,6376,1220,711,509,1428,726,702,668,356,312,115613,57785,57828,
18,State-ASSAM,Total,9,97605,49291,48314,581,382,199,513,287,226,177,104,73,13629,6850,6779,1220,748,472,1527,810,717,767,420,347,79191,39690,39501,
18,State-ASSAM,Total,10,123832,63833,59999,1069,735,334,1039,601,438,341,201,140,20585,10602,9983,2366,1586,780,2847,1666,1181,1347,729,618,94238,47713,46525,
18,State-ASSAM,Total,11,95675,49752,45923,2579,1974,605,2082,1267,815,685,401,284,23142,11754,11388,2767,1875,892,2911,1636,1275,1342,781,561,60167,30064,30103,
18,State-ASSAM,Total,12,133205,71222,61983,6228,4943,1285,4717,3048,1669,1637,1030,607,39760,20064,19696,5883,4229,1654,5739,3321,2418,2337,1341,996,66904,33246,33658,
18,State-ASSAM,Total,13,127474,68046,59428,8394,6827,1567,6625,4350,2275,2107,1367,740,44066,21724,22342,6633,4785,1848,6153,3655,2498,2300,1341,959,51196,23997,27199,
18,State-ASSAM,Total,14,160200,87920,72280,15697,12952,2745,12238,8273,3965,3874,2445,1429,58467,28236,30231,10684,7919,2765,8823,5187,3636,2847,1601,1246,47570,21307,26263,
18,State-ASSAM,Total,15,214949,122070,92879,28685,24211,4474,20722,14315,6407,6146,3964,2182,75516,34776,40740,18573,14002,4571,13216,7985,5231,3694,2130,1564,48397,20687,27710,
18,State-ASSAM,Total,16,242469,137999,104470,38523,32756,5767,27970,19348,8622,7705,4979,2726,86949,37714,49235,21196,15958,5238,14241,8405,5836,3832,2077,1755,42053,16762,25291,
18,State-ASSAM,Total,17,239673,133767,105906,44564,37902,6662,30840,20773,10067,7819,4894,2925,88160,34868,53292,19772,14809,4963,13038,7525,5513,2982,1515,1467,32498,11481,21017,
18,State-ASSAM,Total,18,408566,207639,200927,78880,66197,12683,52510,33248,19262,12804,7443,5361,149066,47830,101236,35444,25675,9769,21704,11109,10595,4813,2292,2521,53345,13845,39500,
18,State-ASSAM,Total,19,347998,159075,188923,67723,55169,12554,44767,25717,19050,10578,5528,5050,134465,36506,97959,26992,18470,8522,17010,7580,9430,3485,1382,2103,42978,8723,34255,
18,State-ASSAM,Rural,5-19,3184714,1651896,1532818,261242,216574,44668,194778,124774,70004,51804,30769,21035,685443,276010,409433,150365,108518,41847,110923,60553,50370,31150,16293,14857,1699009,818405,880604,
18,State-ASSAM,Rural,5,495926,253413,242513,169,133,36,125,63,62,22,10,12,4780,2445,2335,2069,1196,873,2105,1070,1035,462,218,244,486194,248278,237916,
18,State-ASSAM,Rural,6,359202,182320,176882,201,133,68,154,93,61,37,17,20,5891,2935,2956,1660,939,721,1751,874,877,503,252,251,349005,177077,171928,
18,State-ASSAM,Rural,7,179188,89960,89228,369,235,134,255,121,134,78,41,37,10194,5062,5132,1227,705,522,1256,643,613,490,261,229,165319,82892,82427,
18,State-ASSAM,Rural,8,127177,63826,63351,463,307,156,368,201,167,79,36,43,11647,5889,5758,1165,685,480,1384,703,681,666,355,311,111405,55650,55755,
18,State-ASSAM,Rural,9,92899,46885,46014,509,340,169,463,258,205,173,103,70,12408,6223,6185,1164,716,448,1480,785,695,756,414,342,75946,38046,37900,
18,State-ASSAM,Rural,10,117188,60406,56782,930,652,278,969,559,410,329,192,137,18807,9692,9115,2218,1516,702,2759,1614,1145,1326,721,605,89850,45460,44390,
18,State-ASSAM,Rural,11,89951,46829,43122,2246,1733,513,1933,1183,750,642,373,269,20969,10693,10276,2604,1784,820,2811,1582,1229,1319,766,553,57427,28715,28712,
18,State-ASSAM,Rural,12,125435,67086,58349,5439,4318,1121,4463,2886,1577,1579,988,591,36456,18472,17984,5559,4042,1517,5580,3238,2342,2286,1319,967,64073,31823,32250,
18,State-ASSAM,Rural,13,119303,63778,55525,7385,6028,1357,6315,4146,2169,2009,1293,716,40221,19909,20312,6286,4569,1717,5984,3566,2418,2258,1318,940,48845,22949,25896,
18,State-ASSAM,Rural,14,149124,81940,67184,13924,11509,2415,11672,7896,3776,3748,2349,1399,53223,25745,27478,10117,7573,2544,8581,5060,3521,2774,1557,1217,45085,20251,24834,
18,State-ASSAM,Rural,15,199401,113497,85904,25768,21803,3965,19823,13682,6141,5916,3787,2129,68074,31387,36687,17633,13377,4256,12876,7782,5094,3589,2071,1518,45722,19608,26114,
18,State-ASSAM,Rural,16,224192,127841,96351,34606,29376,5230,26775,18474,8301,7424,4775,2649,77881,33791,44090,20220,15293,4927,13884,8187,5697,3748,2035,1713,39654,15910,23744,
18,State-ASSAM,Rural,17,218426,121991,96435,39609,33561,6048,29226,19627,9599,7438,4604,2834,77389,30565,46824,18819,14121,4698,12703,7306,5397,2897,1463,1434,30345,10744,19601,
18,State-ASSAM,Rural,18,373289,189219,184070,70091,58400,11691,49949,31499,18450,12235,7023,5212,131339,41901,89438,33839,24455,9384,21174,10800,10374,4682,2212,2470,49980,12929,37051,
18,State-ASSAM,Rural,19,314013,142905,171108,59533,48046,11487,42288,24086,18202,10095,5178,4917,116164,31301,84863,25785,17547,8238,16595,7343,9252,3394,1331,2063,40159,8073,32086,
18,State-ASSAM,Urban,5-19,259759,135188,124571,33074,28415,4659,10263,6984,3279,2294,1698,596,84470,33032,51438,7775,5353,2422,3347,1903,1444,745,417,328,117791,57386,60405,
18,State-ASSAM,Urban,5,44968,23181,21787,29,25,4,18,8,10,2,2,0,570,285,285,212,124,88,253,129,124,9,5,4,43875,22603,21272,
18,State-ASSAM,Urban,6,30826,15908,14918,29,22,7,24,11,13,4,3,1,714,347,367,157,98,59,194,104,90,12,5,7,29692,15318,14374,
18,State-ASSAM,Urban,7,9912,5032,4880,64,46,18,32,19,13,2,1,1,1105,566,539,65,42,23,74,31,43,5,4,1,8565,4323,4242,
18,State-ASSAM,Urban,8,5628,2830,2798,69,40,29,42,15,27,1,1,0,1207,589,618,55,26,29,44,23,21,2,1,1,4208,2135,2073,
18,State-ASSAM,Urban,9,4706,2406,2300,72,42,30,50,29,21,4,1,3,1221,627,594,56,32,24,47,25,22,11,6,5,3245,1644,1601,
18,State-ASSAM,Urban,10,6644,3427,3217,139,83,56,70,42,28,12,9,3,1778,910,868,148,70,78,88,52,36,21,8,13,4388,2253,2135,
18,State-ASSAM,Urban,11,5724,2923,2801,333,241,92,149,84,65,43,28,15,2173,1061,1112,163,91,72,100,54,46,23,15,8,2740,1349,1391,
18,State-ASSAM,Urban,12,7770,4136,3634,789,625,164,254,162,92,58,42,16,3304,1592,1712,324,187,137,159,83,76,51,22,29,2831,1423,1408,
18,State-ASSAM,Urban,13,8171,4268,3903,1009,799,210,310,204,106,98,74,24,3845,1815,2030,347,216,131,169,89,80,42,23,19,2351,1048,1303,
18,State-ASSAM,Urban,14,11076,5980,5096,1773,1443,330,566,377,189,126,96,30,5244,2491,2753,567,346,221,242,127,115,73,44,29,2485,1056,1429,
18,State-ASSAM,Urban,15,15548,8573,6975,2917,2408,509,899,633,266,230,177,53,7442,3389,4053,940,625,315,340,203,137,105,59,46,2675,1079,1596,
18,State-ASSAM,Urban,16,18277,10158,8119,3917,3380,537,1195,874,321,281,204,77,9068,3923,5145,976,665,311,357,218,139,84,42,42,2399,852,1547,
18,State-ASSAM,Urban,17,21247,11776,9471,4955,4341,614,1614,1146,468,381,290,91,10771,4303,6468,953,688,265,335,219,116,85,52,33,2153,737,1416,
18,State-ASSAM,Urban,18,35277,18420,16857,8789,7797,992,2561,1749,812,569,420,149,17727,5929,11798,1605,1220,385,530,309,221,131,80,51,3365,916,2449,
18,State-ASSAM,Urban,19,33985,16170,17815,8190,7123,1067,2479,1631,848,483,350,133,18301,5205,13096,1207,923,284,415,237,178,91,51,40,2819,650,2169,
19,State-WEST BENGAL,Total,5-19,8350035,4357432,3992603,966556,814693,151863,549913,379676,170237,183078,119390,63688,2512618,945061,1567557,289315,204907,84408,188315,103728,84587,62575,31231,31344,3597665,1758746,1838919,
19,State-WEST BENGAL,Total,5,1276198,655692,620506,949,778,171,438,243,195,85,49,36,15754,7838,7916,6693,3766,2927,4794,2410,2384,815,428,387,1246670,640180,606490,
19,State-WEST BENGAL,Total,6,883869,454507,429362,848,652,196,506,288,218,91,49,42,22877,11368,11509,4419,2526,1893,3695,1933,1762,671,330,341,850762,437361,413401,
19,State-WEST BENGAL,Total,7,314916,161019,153897,1401,971,430,707,376,331,157,96,61,26301,13196,13105,1985,1143,842,1821,945,876,428,211,217,282116,144081,138035,
19,State-WEST BENGAL,Total,8,194752,99809,94943,1596,1118,478,853,496,357,185,103,82,28807,14454,14353,1713,1026,687,1609,803,806,540,268,272,159449,81541,77908,
19,State-WEST BENGAL,Total,9,142788,73777,69011,1800,1177,623,1120,633,487,308,171,137,31134,15843,15291,1662,992,670,1595,832,763,577,297,280,104592,53832,50760,
19,State-WEST BENGAL,Total,10,206521,109425,97096,3260,2268,992,2035,1266,769,806,498,308,49490,26137,23353,3409,2154,1255,3031,1629,1402,1211,613,598,143279,74860,68419,
19,State-WEST BENGAL,Total,11,169672,91870,77802,8444,6738,1706,4617,2913,1704,1744,1103,641,59617,30739,28878,4272,2869,1403,3647,1987,1660,1491,772,719,85840,44749,41091,
19,State-WEST BENGAL,Total,12,252188,141174,111014,17595,14100,3495,10008,6669,3339,4160,2736,1424,100071,53231,46840,8937,6097,2840,6915,3861,3054,3056,1630,1426,101446,52850,48596,
19,State-WEST BENGAL,Total,13,263186,146607,116579,24033,19117,4916,14574,9840,4734,6281,4181,2100,117291,60824,56467,10049,6754,3295,8058,4468,3590,3335,1772,1563,79565,39651,39914,
19,State-WEST BENGAL,Total,14,374565,212044,162521,45698,36927,8771,28452,19746,8706,11642,7867,3775,168611,85120,83491,17532,12090,5442,12862,7360,5502,5074,2762,2312,84694,40172,44522,
19,State-WEST BENGAL,Total,15,532683,303449,229234,81402,67292,14110,50027,35816,14211,18893,12964,5929,233799,110568,123231,30085,21687,8398,19897,11712,8185,7478,4033,3445,91102,39377,51725,
19,State-WEST BENGAL,Total,16,662192,373055,289137,119110,100045,19065,72232,51934,20298,25719,17573,8146,289035,123469,165566,36993,26826,10167,24017,14334,9683,8207,4390,3817,86879,34484,52395,
19,State-WEST BENGAL,Total,17,726130,401036,325094,150513,128508,22005,86421,62115,24306,28715,19613,9102,322004,121063,200941,37113,27407,9706,22887,13304,9583,7428,3877,3551,71049,25149,45900,
19,State-WEST BENGAL,Total,18,1267670,635010,632660,273330,233540,39790,150552,104128,46424,46022,29421,16601,554125,156538,397587,70618,51494,19124,41446,22589,18857,12595,5844,6751,118982,31456,87526,
19,State-WEST BENGAL,Total,19,1082705,498958,583747,236577,201462,35115,127371,83213,44158,38270,22966,15304,493702,114673,379029,53835,38076,15759,32041,15561,16480,9669,4004,5665,91240,19003,72237,
19,State-WEST BENGAL,Rural,5-19,6276804,3284066,2992738,699763,600349,99414,465304,325277,140027,162927,105778,57149,1790969,657975,1132994,210601,150971,59630,158363,86741,71622,55482,27065,28417,2733395,1329910,1403485,
19,State-WEST BENGAL,Rural,5,964412,494496,469916,483,399,84,258,146,112,61,35,26,9033,4484,4549,4226,2353,1873,3116,1577,1539,570,289,281,946665,485213,461452,
19,State-WEST BENGAL,Rural,6,658304,337818,320486,460,358,102,316,178,138,69,34,35,13552,6720,6832,2716,1556,1160,2371,1226,1145,482,242,240,638338,327504,310834,
19,State-WEST BENGAL,Rural,7,241570,123287,118283,712,497,215,428,226,202,102,62,40,15757,7881,7876,1291,741,550,1271,644,627,352,180,172,221657,113056,108601,
19,State-WEST BENGAL,Rural,8,147558,75679,71879,900,637,263,543,318,225,139,72,67,17903,8947,8956,1122,661,461,1157,580,577,466,229,237,125328,64235,61093,
19,State-WEST BENGAL,Rural,9,104322,53984,50338,991,660,331,731,409,322,241,133,108,19558,10051,9507,1046,617,429,1168,621,547,482,244,238,80105,41249,38856,
19,State-WEST BENGAL,Rural,10,150335,79430,70905,1899,1370,529,1419,883,536,652,395,257,32446,17255,15191,2086,1335,751,2294,1220,1074,1032,512,520,108507,56460,52047,
19,State-WEST BENGAL,Rural,11,121338,65669,55669,5054,4105,949,3471,2240,1231,1466,917,549,39815,20816,18999,2804,1918,886,2849,1519,1330,1256,629,627,64623,33525,31098,
19,State-WEST BENGAL,Rural,12,186903,104663,82240,11433,9307,2126,8015,5366,2649,3628,2377,1251,71061,38343,32718,6027,4140,1887,5597,3118,2479,2699,1423,1276,78443,40589,37854,
19,State-WEST BENGAL,Rural,13,196524,110095,86429,16197,13194,3003,11993,8191,3802,5535,3662,1873,84854,44659,40195,7061,4777,2284,6730,3730,3000,2958,1555,1403,61196,30327,30869,
19,State-WEST BENGAL,Rural,14,282261,160924,121337,32006,26384,5622,23907,16794,7113,10293,6933,3360,123422,62976,60446,12587,8808,3779,10940,6224,4716,4508,2418,2090,64598,30387,34211,
19,State-WEST BENGAL,Rural,15,403007,231897,171110,58389,49382,9007,42289,30711,11578,16924,11633,5291,170479,80919,89560,22033,16142,5891,17020,10014,7006,6759,3593,3166,69114,29503,39611,
19,State-WEST BENGAL,Rural,16,503625,287054,216571,87453,74972,12481,61650,45041,16609,23021,15733,7288,210259,89298,120961,27541,20287,7254,20716,12323,8393,7352,3870,3482,65633,25530,40103,
19,State-WEST BENGAL,Rural,17,545264,304387,240877,110291,95927,14364,73138,53397,19741,25604,17471,8133,230343,84608,145735,27238,20397,6841,19628,11334,8294,6634,3375,3259,52388,17878,34510,
19,State-WEST BENGAL,Rural,18,961410,482744,478666,201884,175201,26683,128861,90151,38710,41024,26070,14954,400701,106230,294471,53004,39042,13962,35769,19320,16449,11243,5041,6202,88924,21689,67235,
19,State-WEST BENGAL,Rural,19,809971,371939,438032,171611,147956,23655,108285,71226,37059,34168,20251,13917,351786,74788,276998,39819,28197,11622,27737,13291,14446,8689,3465,5224,67876,12765,55111,
19,State-WEST BENGAL,Urban,5-19,2073231,1073366,999865,266793,214344,52449,84609,54399,30210,20151,13612,6539,721649,287086,434563,78714,53936,24778,29952,16987,12965,7093,4166,2927,864270,428836,435434,
19,State-WEST BENGAL,Urban,5,311786,161196,150590,466,379,87,180,97,83,24,14,10,6721,3354,3367,2467,1413,1054,1678,833,845,245,139,106,300005,154967,145038,
19,State-WEST BENGAL,Urban,6,225565,116689,108876,388,294,94,190,110,80,22,15,7,9325,4648,4677,1703,970,733,1324,707,617,189,88,101,212424,109857,102567,
19,State-WEST BENGAL,Urban,7,73346,37732,35614,689,474,215,279,150,129,55,34,21,10544,5315,5229,694,402,292,550,301,249,76,31,45,60459,31025,29434,
19,State-WEST BENGAL,Urban,8,47194,24130,23064,696,481,215,310,178,132,46,31,15,10904,5507,5397,591,365,226,452,223,229,74,39,35,34121,17306,16815,
19,State-WEST BENGAL,Urban,9,38466,19793,18673,809,517,292,389,224,165,67,38,29,11576,5792,5784,616,375,241,427,211,216,95,53,42,24487,12583,11904,
19,State-WEST BENGAL,Urban,10,56186,29995,26191,1361,898,463,616,383,233,154,103,51,17044,8882,8162,1323,819,504,737,409,328,179,101,78,34772,18400,16372,
19,State-WEST BENGAL,Urban,11,48334,26201,22133,3390,2633,757,1146,673,473,278,186,92,19802,9923,9879,1468,951,517,798,468,330,235,143,92,21217,11224,9993,
19,State-WEST BENGAL,Urban,12,65285,36511,28774,6162,4793,1369,1993,1303,690,532,359,173,29010,14888,14122,2910,1957,953,1318,743,575,357,207,150,23003,12261,10742,
19,State-WEST BENGAL,Urban,13,66662,36512,30150,7836,5923,1913,2581,1649,932,746,519,227,32437,16165,16272,2988,1977,1011,1328,738,590,377,217,160,18369,9324,9045,
19,State-WEST BENGAL,Urban,14,92304,51120,41184,13692,10543,3149,4545,2952,1593,1349,934,415,45189,22144,23045,4945,3282,1663,1922,1136,786,566,344,222,20096,9785,10311,
19,State-WEST BENGAL,Urban,15,129676,71552,58124,23013,17910,5103,7738,5105,2633,1969,1331,638,63320,29649,33671,8052,5545,2507,2877,1698,1179,719,440,279,21988,9874,12114,
19,State-WEST BENGAL,Urban,16,158567,86001,72566,31657,25073,6584,10582,6893,3689,2698,1840,858,78776,34171,44605,9452,6539,2913,3301,2011,1290,855,520,335,21246,8954,12292,
19,State-WEST BENGAL,Urban,17,180866,96649,84217,40222,32581,7641,13283,8718,4565,3111,2142,969,91661,36455,55206,9875,7010,2865,3259,1970,1289,794,502,292,18661,7271,11390,
19,State-WEST BENGAL,Urban,18,306260,152266,153994,71446,58339,13107,21691,13977,7714,4998,3351,1647,153424,50308,103116,17614,12452,5162,5677,3269,2408,1352,803,549,30058,9767,20291,
19,State-WEST BENGAL,Urban,19,272734,127019,145715,64966,53506,11460,19086,11987,7099,4102,2715,1387,141916,39885,102031,14016,9879,4137,4304,2270,2034,980,539,441,23364,6238,17126,
20,State-JHARKHAND,Total,5-19,3410184,1675215,1734969,203509,157563,45946,241077,152155,88922,77885,42166,35719,494796,202341,292455,129755,69528,60227,182174,73342,108832,67277,23367,43910,2013711,954753,1058958,
20,State-JHARKHAND,Total,5,681796,351366,330430,264,204,60,185,112,73,40,18,22,5307,2754,2553,3449,1817,1632,3496,1782,1714,1111,528,583,667944,344151,323793,
20,State-JHARKHAND,Total,6,523714,264691,259023,183,131,52,189,106,83,57,34,23,6947,3506,3441,2789,1485,1304,2991,1442,1549,1381,628,753,509177,257359,251818,
20,State-JHARKHAND,Total,7,191779,93545,98234,403,259,144,275,144,131,99,51,48,8693,4418,4275,1511,768,743,1929,915,1014,1230,556,674,177639,86434,91205,
20,State-JHARKHAND,Total,8,139668,66536,73132,513,314,199,426,242,184,208,101,107,10945,5589,5356,1551,775,776,2220,1021,1199,1562,686,876,122243,57808,64435,
20,State-JHARKHAND,Total,9,80364,37991,42373,473,280,193,490,253,237,250,128,122,9215,4613,4602,1237,662,575,1942,835,1107,1325,585,740,65432,30635,34797,
20,State-JHARKHAND,Total,10,121155,57908,63247,1035,623,412,1127,612,515,640,339,301,15814,8021,7793,2497,1348,1149,3961,1844,2117,2644,1110,1534,93437,44011,49426,
20,State-JHARKHAND,Total,11,70633,33143,37490,1954,1389,565,2054,1182,872,950,476,474,13672,6678,6994,2503,1263,1240,3623,1533,2090,1950,738,1212,43927,19884,24043,
20,State-JHARKHAND,Total,12,116804,54922,61882,4599,3371,1228,5345,3133,2212,2439,1270,1169,25878,12730,13148,5254,2759,2495,8371,3510,4861,4507,1751,2756,60411,26398,34013,
20,State-JHARKHAND,Total,13,91776,42503,49273,5009,3626,1383,6080,3591,2489,2826,1447,1379,24349,11629,12720,4550,2337,2213,7175,2947,4228,3546,1270,2276,38241,15656,22585,
20,State-JHARKHAND,Total,14,127934,61522,66412,9750,7256,2494,12851,7868,4983,5298,2897,2401,35636,16842,18794,7722,4170,3552,11634,4952,6682,5049,1876,3173,39994,15661,24333,
20,State-JHARKHAND,Total,15,191022,98949,92073,19241,14935,4306,24911,16428,8483,9237,5460,3777,50376,24198,26178,14135,8232,5903,19911,9147,10764,7507,2932,4575,45704,17617,28087,
20,State-JHARKHAND,Total,16,209024,107344,101680,25381,19771,5610,32455,21577,10878,10936,6326,4610,58047,25489,32558,15177,8669,6508,21239,9373,11866,7425,2733,4692,38364,13406,24958,
20,State-JHARKHAND,Total,17,187114,94002,93112,26999,21263,5736,32290,21157,11133,10118,5686,4432,53079,20843,32236,13561,7528,6033,18702,7647,11055,5835,1916,3919,26530,7962,18568,
20,State-JHARKHAND,Total,18,401131,193474,207657,62902,49743,13159,73188,46874,26314,20916,11330,9586,101438,34553,66885,32769,17659,15110,45137,17296,27841,13414,4005,9409,51367,12014,39353,
20,State-JHARKHAND,Total,19,276270,117319,158951,44803,34398,10405,49211,28876,20335,13871,6603,7268,75400,20478,54922,21050,10056,10994,29843,9098,20745,8791,2053,6738,33301,5757,27544,
20,State-JHARKHAND,Rural,5-19,2845769,1385283,1460486,160304,119981,40323,226267,140595,85672,74013,39288,34725,349964,145016,204948,113159,57892,55267,174253,68382,105871,65320,22275,43045,1682489,791854,890635,
20,State-JHARKHAND,Rural,5,566002,290358,275644,154,113,41,162,96,66,36,17,19,3593,1908,1685,2895,1503,1392,3092,1565,1527,1085,514,571,554985,284642,270343,
20,State-JHARKHAND,Rural,6,433772,217655,216117,117,79,38,171,98,73,53,31,22,4939,2494,2445,2333,1240,1093,2659,1282,1377,1358,614,744,422142,211817,210325,
20,State-JHARKHAND,Rural,7,164020,79432,84588,293,174,119,242,121,121,93,48,45,6851,3500,3351,1317,668,649,1793,835,958,1213,545,668,152218,73541,78677,
20,State-JHARKHAND,Rural,8,122067,57707,64360,406,237,169,383,214,169,201,96,105,8901,4554,4347,1361,673,688,2106,954,1152,1544,675,869,107165,50304,56861,
20,State-JHARKHAND,Rural,9,69491,32528,36963,385,219,166,450,225,225,242,122,120,7450,3709,3741,1119,586,533,1841,783,1058,1309,578,731,56695,26306,30389,
20,State-JHARKHAND,Rural,10,104779,49601,55178,859,509,350,1055,566,489,617,324,293,12868,6520,6348,2200,1171,1029,3797,1746,2051,2603,1091,1512,80780,37674,43106,
20,State-JHARKHAND,Rural,11,59789,27654,32135,1487,999,488,1929,1094,835,920,455,465,10510,5162,5348,2218,1087,1131,3488,1459,2029,1918,724,1194,37319,16674,20645,
20,State-JHARKHAND,Rural,12,100367,46441,53926,3560,2502,1058,5025,2911,2114,2342,1205,1137,20437,10099,10338,4622,2362,2260,8065,3342,4723,4410,1691,2719,51906,22329,29577,
20,State-JHARKHAND,Rural,13,77483,35303,42180,3923,2737,1186,5691,3318,2373,2714,1371,1343,18602,8966,9636,3995,1980,2015,6907,2787,4120,3464,1235,2229,32187,12909,19278,
20,State-JHARKHAND,Rural,14,108025,51204,56821,7761,5581,2180,12179,7354,4825,5089,2745,2344,27114,12839,14275,6774,3515,3259,11193,4682,6511,4915,1802,3113,33000,12686,20314,
20,State-JHARKHAND,Rural,15,161936,83279,78657,15538,11761,3777,23626,15427,8199,8880,5194,3686,37688,18323,19365,12413,7027,5386,19114,8626,10488,7271,2795,4476,37406,14126,23280,
20,State-JHARKHAND,Rural,16,174239,88870,85369,20494,15578,4916,30632,20119,10513,10463,5953,4510,41399,18298,23101,13214,7268,5946,20286,8726,11560,7172,2579,4593,30579,10349,20230,
20,State-JHARKHAND,Rural,17,151732,75590,76142,21187,16211,4976,30137,19437,10700,9559,5271,4288,35280,13834,21446,11730,6179,5551,17876,7104,10772,5614,1795,3819,20349,5759,14590,
20,State-JHARKHAND,Rural,18,330235,157466,172769,49798,38135,11663,68731,43319,25412,19769,10465,9304,67104,22531,44573,28538,14485,14053,43298,16087,27211,12958,3741,9217,40039,8703,31336,
20,State-JHARKHAND,Rural,19,221832,92195,129637,34342,25146,9196,45854,26296,19558,13035,5991,7044,47228,12279,34949,18430,8148,10282,28738,8404,20334,8486,1896,6590,25719,4035,21684,
20,State-JHARKHAND,Urban,5-19,564415,289932,274483,43205,37582,5623,14810,11560,3250,3872,2878,994,144832,57325,87507,16596,11636,4960,7921,4960,2961,1957,1092,865,331222,162899,168323,
20,State-JHARKHAND,Urban,5,115794,61008,54786,110,91,19,23,16,7,4,1,3,1714,846,868,554,314,240,404,217,187,26,14,12,112959,59509,53450,
20,State-JHARKHAND,Urban,6,89942,47036,42906,66,52,14,18,8,10,4,3,1,2008,1012,996,456,245,211,332,160,172,23,14,9,87035,45542,41493,
20,State-JHARKHAND,Urban,7,27759,14113,13646,110,85,25,33,23,10,6,3,3,1842,918,924,194,100,94,136,80,56,17,11,6,25421,12893,12528,
20,State-JHARKHAND,Urban,8,17601,8829,8772,107,77,30,43,28,15,7,5,2,2044,1035,1009,190,102,88,114,67,47,18,11,7,15078,7504,7574,
20,State-JHARKHAND,Urban,9,10873,5463,5410,88,61,27,40,28,12,8,6,2,1765,904,861,118,76,42,101,52,49,16,7,9,8737,4329,4408,
20,State-JHARKHAND,Urban,10,16376,8307,8069,176,114,62,72,46,26,23,15,8,2946,1501,1445,297,177,120,164,98,66,41,19,22,12657,6337,6320,
20,State-JHARKHAND,Urban,11,10844,5489,5355,467,390,77,125,88,37,30,21,9,3162,1516,1646,285,176,109,135,74,61,32,14,18,6608,3210,3398,
20,State-JHARKHAND,Urban,12,16437,8481,7956,1039,869,170,320,222,98,97,65,32,5441,2631,2810,632,397,235,306,168,138,97,60,37,8505,4069,4436,
20,State-JHARKHAND,Urban,13,14293,7200,7093,1086,889,197,389,273,116,112,76,36,5747,2663,3084,555,357,198,268,160,108,82,35,47,6054,2747,3307,
20,State-JHARKHAND,Urban,14,19909,10318,9591,1989,1675,314,672,514,158,209,152,57,8522,4003,4519,948,655,293,441,270,171,134,74,60,6994,2975,4019,
20,State-JHARKHAND,Urban,15,29086,15670,13416,3703,3174,529,1285,1001,284,357,266,91,12688,5875,6813,1722,1205,517,797,521,276,236,137,99,8298,3491,4807,
20,State-JHARKHAND,Urban,16,34785,18474,16311,4887,4193,694,1823,1458,365,473,373,100,16648,7191,9457,1963,1401,562,953,647,306,253,154,99,7785,3057,4728,
20,State-JHARKHAND,Urban,17,35382,18412,16970,5812,5052,760,2153,1720,433,559,415,144,17799,7009,10790,1831,1349,482,826,543,283,221,121,100,6181,2203,3978,
20,State-JHARKHAND,Urban,18,70896,36008,34888,13104,11608,1496,4457,3555,902,1147,865,282,34334,12022,22312,4231,3174,1057,1839,1209,630,456,264,192,11328,3311,8017,
20,State-JHARKHAND,Urban,19,54438,25124,29314,10461,9252,1209,3357,2580,777,836,612,224,28172,8199,19973,2620,1908,712,1105,694,411,305,157,148,7582,1722,5860,
21,State-ODISHA,Total,5-19,4165330,2013837,2151493,377806,296193,81613,459385,268271,191114,136182,71297,64885,1249306,485666,763640,113062,58644,54418,200460,67421,133039,57595,18322,39273,1571534,748023,823511,
21,State-ODISHA,Total,5,602943,311592,291351,441,368,73,239,138,101,62,31,31,6420,3213,3207,2718,1539,1179,2701,1342,1359,690,322,368,589672,304639,285033,
21,State-ODISHA,Total,6,361887,185509,176378,317,249,68,219,120,99,71,41,30,8955,4514,4441,1668,889,779,2015,993,1022,684,332,352,347958,178371,169587,
21,State-ODISHA,Total,7,142293,69178,73115,584,406,178,435,219,216,100,48,52,11182,5385,5797,970,505,465,1560,695,865,699,287,412,126763,61633,65130,
21,State-ODISHA,Total,8,93875,44863,49012,573,368,205,573,309,264,189,88,101,12819,6150,6669,873,426,447,1692,740,952,883,350,533,76273,36432,39841,
21,State-ODISHA,Total,9,67442,31922,35520,629,423,206,801,420,381,292,145,147,13441,6608,6833,916,459,457,1857,759,1098,975,395,580,48531,22713,25818,
21,State-ODISHA,Total,10,106139,50628,55511,1137,737,400,1831,984,847,864,432,432,23032,11356,11676,1677,916,761,3991,1658,2333,1977,796,1181,71630,33749,37881,
21,State-ODISHA,Total,11,85512,40149,45363,3002,2143,859,3855,1992,1863,1574,785,789,28833,13818,15015,1943,1021,922,4173,1579,2594,1901,748,1153,40231,18063,22168,
21,State-ODISHA,Total,12,136765,64285,72480,6262,4501,1761,9570,4968,4602,4014,1943,2071,52120,25285,26835,4043,2128,1915,9158,3421,5737,3773,1407,2366,47825,20632,27193,
21,State-ODISHA,Total,13,140756,65327,75429,8594,6048,2546,13859,7178,6681,5659,2761,2898,61354,28674,32680,4146,2093,2053,9190,3229,5961,3624,1245,2379,34330,14099,20231,
21,State-ODISHA,Total,14,202014,95268,106746,16769,11963,4806,26617,14304,12313,9953,4952,5001,91149,41774,49375,6506,3229,3277,13853,4869,8984,4821,1625,3196,32346,12552,19794,
21,State-ODISHA,Total,15,324701,154836,169865,34053,25165,8888,51186,28827,22359,17117,8859,8258,139459,59844,79615,13022,6810,6212,25262,9145,16117,7431,2579,4852,37171,13607,23564,
21,State-ODISHA,Total,16,379814,178845,200969,47278,35750,11528,66579,38020,28559,20835,10973,9862,167398,65760,101638,13907,7165,6742,25939,8924,17015,7092,2167,4925,30786,10086,20700,
21,State-ODISHA,Total,17,399000,186955,212045,58348,45316,13032,72900,42846,30054,21053,10956,10097,178452,64189,114263,13995,7188,6807,24091,7790,16301,6054,1687,4367,24107,6983,17124,
21,State-ODISHA,Total,18,632673,304721,327952,109106,88406,20700,119843,73088,46755,31680,17146,14534,251933,86015,165918,27277,14348,12929,44743,13852,30891,10267,2726,7541,37824,9140,28684,
21,State-ODISHA,Total,19,489516,229759,259757,90713,74350,16363,90878,54858,36020,22719,12137,10582,202759,63081,139678,19401,9928,9473,30235,8425,21810,6724,1656,5068,26087,5324,20763,
21,State-ODISHA,Rural,5-19,3664446,1759789,1904657,316711,245772,70939,437852,253712,184140,131241,68098,63143,1059207,410758,648449,98355,49492,48863,194068,64309,129759,56105,17641,38464,1370907,650007,720900,
21,State-ODISHA,Rural,5,524726,270617,254109,285,238,47,185,109,76,54,27,27,5157,2590,2567,2202,1228,974,2308,1115,1193,663,307,356,513872,265003,248869,
21,State-ODISHA,Rural,6,309424,157964,151460,235,190,45,180,93,87,67,39,28,7354,3669,3685,1331,697,634,1732,838,894,670,326,344,297855,152112,145743,
21,State-ODISHA,Rural,7,125452,60687,64765,430,293,137,389,198,191,98,46,52,8879,4270,4609,841,439,402,1456,644,812,691,281,410,112668,54516,58152,
21,State-ODISHA,Rural,8,83970,39964,44006,428,266,162,487,256,231,185,86,99,10615,5094,5521,759,369,390,1620,704,916,867,341,526,69009,32848,36161,
21,State-ODISHA,Rural,9,59747,28035,31712,483,319,164,732,381,351,282,140,142,11124,5465,5659,805,396,409,1785,719,1066,960,390,570,43576,20225,23351,
21,State-ODISHA,Rural,10,94106,44521,49585,913,581,332,1688,900,788,841,420,421,19402,9516,9886,1489,800,689,3862,1583,2279,1948,782,1166,63963,29939,34024,
21,State-ODISHA,Rural,11,75404,34970,40434,2429,1714,715,3633,1865,1768,1530,754,776,24322,11595,12727,1702,867,835,4054,1507,2547,1861,726,1135,35873,15942,19931,
21,State-ODISHA,Rural,12,121667,56583,65084,5150,3653,1497,9111,4684,4427,3872,1861,2011,44739,21685,23054,3562,1832,1730,8878,3284,5594,3694,1366,2328,42661,18218,24443,
21,State-ODISHA,Rural,13,125191,57625,67566,7149,4920,2229,13267,6818,6449,5478,2644,2834,52791,24784,28007,3608,1762,1846,8951,3117,5834,3553,1212,2341,30394,12368,18026,
21,State-ODISHA,Rural,14,180039,84359,95680,14033,9830,4203,25555,13663,11892,9629,4765,4864,78632,36123,42509,5670,2748,2922,13454,4697,8757,4707,1571,3136,28359,10962,17397,
21,State-ODISHA,Rural,15,290714,137509,153205,28857,21031,7826,48975,27393,21582,16552,8488,8064,120670,51752,68918,11376,5796,5580,24578,8799,15779,7238,2486,4752,32468,11764,20704,
21,State-ODISHA,Rural,16,338877,158188,180689,40205,30062,10143,63628,36059,27569,20138,10507,9631,144176,56256,87920,12058,6046,6012,25184,8572,16612,6898,2088,4810,26590,8598,17992,
21,State-ODISHA,Rural,17,352637,163948,188689,49284,37926,11358,69540,40519,29021,20302,10478,9824,151854,54201,97653,12165,6032,6133,23339,7432,15907,5851,1598,4253,20302,5762,14540,
21,State-ODISHA,Rural,18,557239,266161,291078,91638,73579,18059,114225,69147,45078,30443,16342,14101,211810,71604,140206,23833,12126,11707,43512,13268,30244,9972,2593,7379,31806,7502,24304,
21,State-ODISHA,Rural,19,425253,198658,226595,75192,61170,14022,86257,51627,34630,21770,11501,10269,167682,52154,115528,16954,8354,8600,29355,8030,21325,6532,1574,4958,21511,4248,17263,
21,State-ODISHA,Urban,5-19,500884,254048,246836,61095,50421,10674,21533,14559,6974,4941,3199,1742,190099,74908,115191,14707,9152,5555,6392,3112,3280,1490,681,809,200627,98016,102611,
21,State-ODISHA,Urban,5,78217,40975,37242,156,130,26,54,29,25,8,4,4,1263,623,640,516,311,205,393,227,166,27,15,12,75800,39636,36164,
21,State-ODISHA,Urban,6,52463,27545,24918,82,59,23,39,27,12,4,2,2,1601,845,756,337,192,145,283,155,128,14,6,8,50103,26259,23844,
21,State-ODISHA,Urban,7,16841,8491,8350,154,113,41,46,21,25,2,2,0,2303,1115,1188,129,66,63,104,51,53,8,6,2,14095,7117,6978,
21,State-ODISHA,Urban,8,9905,4899,5006,145,102,43,86,53,33,4,2,2,2204,1056,1148,114,57,57,72,36,36,16,9,7,7264,3584,3680,
21,State-ODISHA,Urban,9,7695,3887,3808,146,104,42,69,39,30,10,5,5,2317,1143,1174,111,63,48,72,40,32,15,5,10,4955,2488,2467,
21,State-ODISHA,Urban,10,12033,6107,5926,224,156,68,143,84,59,23,12,11,3630,1840,1790,188,116,72,129,75,54,29,14,15,7667,3810,3857,
21,State-ODISHA,Urban,11,10108,5179,4929,573,429,144,222,127,95,44,31,13,4511,2223,2288,241,154,87,119,72,47,40,22,18,4358,2121,2237,
21,State-ODISHA,Urban,12,15098,7702,7396,1112,848,264,459,284,175,142,82,60,7381,3600,3781,481,296,185,280,137,143,79,41,38,5164,2414,2750,
21,State-ODISHA,Urban,13,15565,7702,7863,1445,1128,317,592,360,232,181,117,64,8563,3890,4673,538,331,207,239,112,127,71,33,38,3936,1731,2205,
21,State-ODISHA,Urban,14,21975,10909,11066,2736,2133,603,1062,641,421,324,187,137,12517,5651,6866,836,481,355,399,172,227,114,54,60,3987,1590,2397,
21,State-ODISHA,Urban,15,33987,17327,16660,5196,4134,1062,2211,1434,777,565,371,194,18789,8092,10697,1646,1014,632,684,346,338,193,93,100,4703,1843,2860,
21,State-ODISHA,Urban,16,40937,20657,20280,7073,5688,1385,2951,1961,990,697,466,231,23222,9504,13718,1849,1119,730,755,352,403,194,79,115,4196,1488,2708,
21,State-ODISHA,Urban,17,46363,23007,23356,9064,7390,1674,3360,2327,1033,751,478,273,26598,9988,16610,1830,1156,674,752,358,394,203,89,114,3805,1221,2584,
21,State-ODISHA,Urban,18,75434,38560,36874,17468,14827,2641,5618,3941,1677,1237,804,433,40123,14411,25712,3444,2222,1222,1231,584,647,295,133,162,6018,1638,4380,
21,State-ODISHA,Urban,19,64263,31101,33162,15521,13180,2341,4621,3231,1390,949,636,313,35077,10927,24150,2447,1574,873,880,395,485,192,82,110,4576,1076,3500,
22,State-CHHATTISGARH,Total,5-19,2309594,1130128,1179466,360612,237775,122837,242189,119760,122429,73337,32830,40507,388729,157137,231592,97547,45352,52195,93987,30495,63492,30766,10102,20664,1022427,496677,525750,
22,State-CHHATTISGARH,Total,5,407409,209013,198396,82,56,26,24,16,8,11,3,8,1971,991,980,1248,666,582,963,466,497,503,235,268,402607,206580,196027,
22,State-CHHATTISGARH,Total,6,277452,140385,137067,110,67,43,49,25,24,18,7,11,3265,1656,1609,880,438,442,828,406,422,605,306,299,271697,137480,134217,
22,State-CHHATTISGARH,Total,7,98254,48309,49945,175,103,72,62,29,33,48,21,27,4089,2025,2064,604,298,306,623,269,354,578,259,319,92075,45305,46770,
22,State-CHHATTISGARH,Total,8,55080,26541,28539,220,124,96,121,70,51,81,35,46,5010,2569,2441,579,322,257,834,381,453,681,313,368,47554,22727,24827,
22,State-CHHATTISGARH,Total,9,35463,16893,18570,287,177,110,176,89,87,153,85,68,5156,2549,2607,624,335,289,858,389,469,744,307,437,27465,12962,14503,
22,State-CHHATTISGARH,Total,10,54256,26487,27769,657,421,236,598,317,281,408,205,203,8839,4550,4289,1424,770,654,1946,829,1117,1530,678,852,38854,18717,20137,
22,State-CHHATTISGARH,Total,11,37837,18060,19777,2243,1539,704,1480,743,737,782,366,416,9728,4856,4872,1603,784,819,1885,683,1202,1213,506,707,18903,8583,10320,
22,State-CHHATTISGARH,Total,12,60073,28597,31476,4749,3208,1541,3511,1745,1766,1740,821,919,16793,8492,8301,3591,1787,1804,4443,1705,2738,2305,858,1447,22941,9981,12960,
22,State-CHHATTISGARH,Total,13,58182,26913,31269,6104,3894,2210,4906,2335,2571,2410,1127,1283,18668,9109,9559,3636,1651,1985,4214,1434,2780,2081,736,1345,16163,6627,9536,
22,State-CHHATTISGARH,Total,14,85774,40697,45077,12707,8067,4640,10452,5180,5272,4306,2007,2299,27137,13060,14077,6101,2853,3248,6441,2245,4196,2672,921,1751,15958,6364,9594,
22,State-CHHATTISGARH,Total,15,137852,67814,70038,26748,17470,9278,20645,10569,10076,7687,3726,3961,38534,18335,20199,11261,5598,5663,11082,4013,7069,3810,1270,2540,18085,6833,11252,
22,State-CHHATTISGARH,Total,16,177912,86592,91320,43643,28330,15313,31848,15904,15944,10667,4850,5817,48506,21047,27459,12876,6179,6697,12275,4105,8170,3528,1111,2417,14569,5066,9503,
22,State-CHHATTISGARH,Total,17,196920,96243,100677,57389,37866,19523,39616,19734,19882,11917,5299,6618,51530,20127,31403,12122,5623,6499,11171,3522,7649,2844,827,2017,10331,3245,7086,
22,State-CHHATTISGARH,Total,18,340393,165768,174625,108498,72715,35783,69451,34902,34549,18311,8146,10165,79803,27498,52305,23951,11122,12829,21028,6294,14734,4562,1134,3428,14789,3957,10832,
22,State-CHHATTISGARH,Total,19,286737,131816,154921,97000,63738,33262,59250,28102,31148,14798,6132,8666,69700,20273,49427,17047,6926,10121,15396,3754,11642,3110,641,2469,10436,2250,8186,
22,State-CHHATTISGARH,Rural,5-19,1904284,915652,988632,295570,186454,109116,228397,110867,117530,69211,30193,39018,271140,108869,162271,86604,39141,47463,90571,29009,61562,29830,9651,20179,832961,401468,431493,
22,State-CHHATTISGARH,Rural,5,328311,167651,160660,55,34,21,22,14,8,11,3,8,1268,643,625,959,508,451,795,388,407,486,227,259,324715,165834,158881,
22,State-CHHATTISGARH,Rural,6,219288,110348,108940,81,48,33,40,22,18,18,7,11,2249,1135,1114,661,322,339,709,341,368,595,299,296,214935,108174,106761,
22,State-CHHATTISGARH,Rural,7,81548,39775,41773,127,71,56,57,28,29,45,19,26,2988,1477,1511,497,246,251,575,246,329,562,251,311,76697,37437,39260,
22,State-CHHATTISGARH,Rural,8,47480,22633,24847,155,82,73,112,63,49,80,35,45,3819,1939,1880,501,281,220,805,368,437,664,303,361,41344,19562,21782,
22,State-CHHATTISGARH,Rural,9,30430,14300,16130,217,126,91,155,78,77,145,80,65,3982,1944,2038,537,280,257,826,375,451,730,299,431,23838,11118,12720,
22,State-CHHATTISGARH,Rural,10,46419,22291,24128,513,313,200,556,290,266,399,200,199,6803,3452,3351,1285,685,600,1889,795,1094,1481,650,831,33493,15906,17587,
22,State-CHHATTISGARH,Rural,11,31854,14828,17026,1706,1111,595,1375,674,701,739,336,403,7256,3571,3685,1451,705,746,1830,657,1173,1186,492,694,16311,7282,9029,
22,State-CHHATTISGARH,Rural,12,51188,23794,27394,3735,2441,1294,3297,1605,1692,1655,769,886,12651,6301,6350,3209,1564,1645,4350,1667,2683,2250,830,1420,20041,8617,11424,
22,State-CHHATTISGARH,Rural,13,48981,21978,27003,4825,2947,1878,4633,2168,2465,2306,1072,1234,14035,6740,7295,3255,1432,1823,4075,1373,2702,2044,718,1326,13808,5528,8280,
22,State-CHHATTISGARH,Rural,14,72334,33367,38967,10313,6314,3999,9878,4819,5059,4134,1894,2240,20198,9556,10642,5498,2524,2974,6229,2150,4079,2606,891,1715,13478,5219,8259,
22,State-CHHATTISGARH,Rural,15,116626,55986,60640,22027,13952,8075,19492,9824,9668,7264,3428,3836,28330,13185,15145,10048,4933,5115,10695,3838,6857,3684,1217,2467,15086,5609,9477,
22,State-CHHATTISGARH,Rural,16,149660,70762,78898,35953,22435,13518,30126,14793,15333,10106,4478,5628,34866,14687,20179,11430,5374,6056,11855,3919,7936,3408,1057,2351,11916,4019,7897,
22,State-CHHATTISGARH,Rural,17,163799,77921,85878,47199,29920,17279,37323,18265,19058,11202,4824,6378,35647,13425,22222,10765,4863,5902,10781,3352,7429,2735,773,1962,8147,2499,5648,
22,State-CHHATTISGARH,Rural,18,282310,134462,147848,89082,57114,31968,65490,32284,33206,17229,7446,9783,53054,18012,35042,21326,9577,11749,20260,5965,14295,4406,1053,3353,11463,3011,8452,
22,State-CHHATTISGARH,Rural,19,234056,105556,128500,79582,49546,30036,55841,25940,29901,13878,5602,8276,43994,12802,31192,15182,5847,9335,14897,3575,11322,2993,591,2402,7689,1653,6036,
22,State-CHHATTISGARH,Urban,5-19,405310,214476,190834,65042,51321,13721,13792,8893,4899,4126,2637,1489,117589,48268,69321,10943,6211,4732,3416,1486,1930,936,451,485,189466,95209,94257,
22,State-CHHATTISGARH,Urban,5,79098,41362,37736,27,22,5,2,2,0,0,0,0,703,348,355,289,158,131,168,78,90,17,8,9,77892,40746,37146,
22,State-CHHATTISGARH,Urban,6,58164,30037,28127,29,19,10,9,3,6,0,0,0,1016,521,495,219,116,103,119,65,54,10,7,3,56762,29306,27456,
22,State-CHHATTISGARH,Urban,7,16706,8534,8172,48,32,16,5,1,4,3,2,1,1101,548,553,107,52,55,48,23,25,16,8,8,15378,7868,7510,
22,State-CHHATTISGARH,Urban,8,7600,3908,3692,65,42,23,9,7,2,1,0,1,1191,630,561,78,41,37,29,13,16,17,10,7,6210,3165,3045,
22,State-CHHATTISGARH,Urban,9,5033,2593,2440,70,51,19,21,11,10,8,5,3,1174,605,569,87,55,32,32,14,18,14,8,6,3627,1844,1783,
22,State-CHHATTISGARH,Urban,10,7837,4196,3641,144,108,36,42,27,15,9,5,4,2036,1098,938,139,85,54,57,34,23,49,28,21,5361,2811,2550,
22,State-CHHATTISGARH,Urban,11,5983,3232,2751,537,428,109,105,69,36,43,30,13,2472,1285,1187,152,79,73,55,26,29,27,14,13,2592,1301,1291,
22,State-CHHATTISGARH,Urban,12,8885,4803,4082,1014,767,247,214,140,74,85,52,33,4142,2191,1951,382,223,159,93,38,55,55,28,27,2900,1364,1536,
22,State-CHHATTISGARH,Urban,13,9201,4935,4266,1279,947,332,273,167,106,104,55,49,4633,2369,2264,381,219,162,139,61,78,37,18,19,2355,1099,1256,
22,State-CHHATTISGARH,Urban,14,13440,7330,6110,2394,1753,641,574,361,213,172,113,59,6939,3504,3435,603,329,274,212,95,117,66,30,36,2480,1145,1335,
22,State-CHHATTISGARH,Urban,15,21226,11828,9398,4721,3518,1203,1153,745,408,423,298,125,10204,5150,5054,1213,665,548,387,175,212,126,53,73,2999,1224,1775,
22,State-CHHATTISGARH,Urban,16,28252,15830,12422,7690,5895,1795,1722,1111,611,561,372,189,13640,6360,7280,1446,805,641,420,186,234,120,54,66,2653,1047,1606,
22,State-CHHATTISGARH,Urban,17,33121,18322,14799,10190,7946,2244,2293,1469,824,715,475,240,15883,6702,9181,1357,760,597,390,170,220,109,54,55,2184,746,1438,
22,State-CHHATTISGARH,Urban,18,58083,31306,26777,19416,15601,3815,3961,2618,1343,1082,700,382,26749,9486,17263,2625,1545,1080,768,329,439,156,81,75,3326,946,2380,
22,State-CHHATTISGARH,Urban,19,52681,26260,26421,17418,14192,3226,3409,2162,1247,920,530,390,25706,7471,18235,1865,1079,786,499,179,320,117,50,67,2747,597,2150,
23,State-MADHYA PRADESH,Total,5-19,7034773,3579540,3455233,989130,733311,255819,550032,308892,241140,147991,72936,75055,1284132,459659,824473,424167,219817,204350,271508,102889,168619,70778,27510,43268,3297035,1654526,1642509,
23,State-MADHYA PRADESH,Total,5,1269357,675437,593920,503,345,158,241,129,112,65,36,29,14138,7447,6691,7860,4308,3552,4775,2434,2341,1301,680,621,1240474,660058,580416,
23,State-MADHYA PRADESH,Total,6,896767,470376,426391,516,346,170,265,135,130,62,37,25,17878,9167,8711,5870,3163,2707,3909,1899,2010,1266,627,639,867001,455002,411999,
23,State-MADHYA PRADESH,Total,7,293546,150675,142871,1126,700,426,420,215,205,117,63,54,16843,8414,8429,3028,1606,1422,2171,1037,1134,1029,507,522,268812,138133,130679,
23,State-MADHYA PRADESH,Total,8,186836,94414,92422,1302,751,551,577,299,278,204,102,102,19525,9869,9656,3324,1749,1575,2564,1243,1321,1518,745,773,157822,79656,78166,
23,State-MADHYA PRADESH,Total,9,119200,59799,59401,1428,876,552,712,369,343,342,144,198,17638,8822,8816,3093,1630,1463,2479,1125,1354,1383,668,715,92125,46165,45960,
23,State-MADHYA PRADESH,Total,10,190390,96743,93647,3341,2086,1255,2012,1083,929,859,419,440,29127,14888,14239,7194,3930,3264,5815,2759,3056,3235,1500,1735,138807,70078,68729,
23,State-MADHYA PRADESH,Total,11,128516,64541,63975,8168,5714,2454,4214,2177,2037,1519,720,799,30616,14511,16105,7661,4098,3563,5520,2423,3097,2513,1140,1373,68305,33758,34547,
23,State-MADHYA PRADESH,Total,12,197513,98766,98747,18056,12633,5423,10387,5530,4857,3735,1874,1861,52888,24590,28298,17018,9361,7657,12760,5495,7265,5081,2299,2782,77588,36984,40604,
23,State-MADHYA PRADESH,Total,13,183349,88009,95340,21305,14315,6990,13525,6915,6610,4917,2309,2608,57121,25165,31956,16038,8170,7868,12005,4886,7119,4306,1822,2484,54132,24427,29705,
23,State-MADHYA PRADESH,Total,14,280693,135338,145355,43360,29194,14166,28634,14725,13909,9390,4441,4949,91082,37854,53228,26653,14209,12444,19031,7959,11072,5714,2450,3264,56829,24506,32323,
23,State-MADHYA PRADESH,Total,15,437372,221542,215830,84974,60350,24624,54602,30238,24364,17232,8652,8580,134599,54273,80326,45680,26021,19659,29750,12963,16787,7981,3400,4581,62554,25645,36909,
23,State-MADHYA PRADESH,Total,16,545807,274390,271417,125617,90994,34623,78621,43817,34804,22472,11071,11401,167180,60781,106399,53295,29538,23757,34428,14122,20306,8400,3316,5084,55794,20751,35043,
23,State-MADHYA PRADESH,Total,17,545190,275768,269422,146005,108434,37571,84515,48336,36179,23272,11520,11752,165975,55213,110762,48094,25516,22578,30068,11227,18841,6524,2329,4195,40737,13193,27544,
23,State-MADHYA PRADESH,Total,18,1001646,507190,494456,297458,227135,70323,153842,89102,64740,36519,18310,18209,264784,76656,188128,106812,54242,52570,62039,21116,40923,12073,3771,8302,68119,16858,51261,
23,State-MADHYA PRADESH,Total,19,758591,366552,392039,235971,179438,56533,117465,65822,51643,27286,13238,14048,204738,52009,152729,72547,32276,40271,44194,12201,31993,8454,2256,6198,47936,9312,38624,
23,State-MADHYA PRADESH,Rural,5-19,5558507,2789104,2769403,783721,560735,222986,502868,274812,228056,136418,64819,71599,870797,305115,565682,369465,180867,188598,253946,92469,161477,66675,25044,41631,2574617,1285243,1289374,
23,State-MADHYA PRADESH,Rural,5,999067,530323,468744,296,196,100,152,83,69,49,25,24,8667,4553,4114,6127,3351,2776,3759,1880,1879,1201,616,585,978816,519619,459197,
23,State-MADHYA PRADESH,Rural,6,688210,359215,328995,317,210,107,205,102,103,55,31,24,11768,6056,5712,4481,2385,2096,3077,1496,1581,1173,581,592,667134,348354,318780,
23,State-MADHYA PRADESH,Rural,7,229977,117432,112545,751,443,308,326,170,156,105,54,51,11238,5563,5675,2414,1262,1152,1843,872,971,987,481,506,212313,108587,103726,
23,State-MADHYA PRADESH,Rural,8,151327,75864,75463,956,534,422,482,237,245,185,88,97,13732,6916,6816,2840,1474,1366,2324,1126,1198,1466,713,753,129342,64776,64566,
23,State-MADHYA PRADESH,Rural,9,94261,46841,47420,1075,622,453,615,310,305,310,125,185,12302,6093,6209,2685,1399,1286,2265,1021,1244,1342,641,701,73667,36630,37037,
23,State-MADHYA PRADESH,Rural,10,152119,76398,75721,2647,1596,1051,1798,948,850,798,379,419,20528,10377,10151,6347,3386,2961,5449,2535,2914,3132,1447,1685,111420,55730,55690,
23,State-MADHYA PRADESH,Rural,11,99723,48942,50781,5907,3888,2019,3749,1868,1881,1415,651,764,20794,9761,11033,6741,3493,3248,5183,2214,2969,2418,1081,1337,53516,25986,27530,
23,State-MADHYA PRADESH,Rural,12,158151,77323,80828,13985,9293,4692,9475,4911,4564,3469,1707,1762,37058,17037,20021,15143,8045,7098,12060,5091,6969,4884,2181,2703,62077,29058,33019,
23,State-MADHYA PRADESH,Rural,13,144394,67384,77010,16694,10672,6022,12284,6045,6239,4567,2085,2482,39539,17104,22435,14143,6905,7238,11300,4483,6817,4092,1694,2398,41775,18396,23379,
23,State-MADHYA PRADESH,Rural,14,225422,105959,119463,34821,22426,12395,26390,13179,13211,8754,4016,4738,64964,26345,38619,23527,12065,11462,18007,7341,10666,5425,2279,3146,43534,18308,25226,
23,State-MADHYA PRADESH,Rural,15,354621,176047,178574,69078,47417,21661,50362,27239,23123,16013,7797,8216,96720,37937,58783,39946,21947,17999,27932,11854,16078,7521,3123,4398,47049,18733,28316,
23,State-MADHYA PRADESH,Rural,16,442395,218062,224333,102011,71552,30459,72448,39451,32997,20871,9931,10940,118625,41628,76997,46596,24639,21957,32433,12892,19541,7854,2989,4865,41557,14980,26577,
23,State-MADHYA PRADESH,Rural,17,431288,213629,217659,115642,83119,32523,77112,42973,34139,21387,10198,11189,112441,35848,76593,41496,20628,20868,28175,10040,18135,6056,2043,4013,28979,8780,20199,
23,State-MADHYA PRADESH,Rural,18,797890,396947,400943,236789,175196,61593,140590,79289,61301,33475,16129,17346,174650,48750,125900,93282,44069,49213,58381,18860,39521,11244,3262,7982,49479,11392,38087,
23,State-MADHYA PRADESH,Rural,19,589662,278738,310924,182752,133571,49181,106880,58007,48873,24965,11603,13362,127771,31147,96624,63697,25819,37878,41758,10764,30994,7880,1913,5967,33959,5914,28045,
23,State-MADHYA PRADESH,Urban,5-19,1476266,790436,685830,205409,172576,32833,47164,34080,13084,11573,8117,3456,413335,154544,258791,54702,38950,15752,17562,10420,7142,4103,2466,1637,722418,369283,353135,
23,State-MADHYA PRADESH,Urban,5,270290,145114,125176,207,149,58,89,46,43,16,11,5,5471,2894,2577,1733,957,776,1016,554,462,100,64,36,261658,140439,121219,
23,State-MADHYA PRADESH,Urban,6,208557,111161,97396,199,136,63,60,33,27,7,6,1,6110,3111,2999,1389,778,611,832,403,429,93,46,47,199867,106648,93219,
23,State-MADHYA PRADESH,Urban,7,63569,33243,30326,375,257,118,94,45,49,12,9,3,5605,2851,2754,614,344,270,328,165,163,42,26,16,56499,29546,26953,
23,State-MADHYA PRADESH,Urban,8,35509,18550,16959,346,217,129,95,62,33,19,14,5,5793,2953,2840,484,275,209,240,117,123,52,32,20,28480,14880,13600,
23,State-MADHYA PRADESH,Urban,9,24939,12958,11981,353,254,99,97,59,38,32,19,13,5336,2729,2607,408,231,177,214,104,110,41,27,14,18458,9535,8923,
23,State-MADHYA PRADESH,Urban,10,38271,20345,17926,694,490,204,214,135,79,61,40,21,8599,4511,4088,847,544,303,366,224,142,103,53,50,27387,14348,13039,
23,State-MADHYA PRADESH,Urban,11,28793,15599,13194,2261,1826,435,465,309,156,104,69,35,9822,4750,5072,920,605,315,337,209,128,95,59,36,14789,7772,7017,
23,State-MADHYA PRADESH,Urban,12,39362,21443,17919,4071,3340,731,912,619,293,266,167,99,15830,7553,8277,1875,1316,559,700,404,296,197,118,79,15511,7926,7585,
23,State-MADHYA PRADESH,Urban,13,38955,20625,18330,4611,3643,968,1241,870,371,350,224,126,17582,8061,9521,1895,1265,630,705,403,302,214,128,86,12357,6031,6326,
23,State-MADHYA PRADESH,Urban,14,55271,29379,25892,8539,6768,1771,2244,1546,698,636,425,211,26118,11509,14609,3126,2144,982,1024,618,406,289,171,118,13295,6198,7097,
23,State-MADHYA PRADESH,Urban,15,82751,45495,37256,15896,12933,2963,4240,2999,1241,1219,855,364,37879,16336,21543,5734,4074,1660,1818,1109,709,460,277,183,15505,6912,8593,
23,State-MADHYA PRADESH,Urban,16,103412,56328,47084,23606,19442,4164,6173,4366,1807,1601,1140,461,48555,19153,29402,6699,4899,1800,1995,1230,765,546,327,219,14237,5771,8466,
23,State-MADHYA PRADESH,Urban,17,113902,62139,51763,30363,25315,5048,7403,5363,2040,1885,1322,563,53534,19365,34169,6598,4888,1710,1893,1187,706,468,286,182,11758,4413,7345,
23,State-MADHYA PRADESH,Urban,18,203756,110243,93513,60669,51939,8730,13252,9813,3439,3044,2181,863,90134,27906,62228,13530,10173,3357,3658,2256,1402,829,509,320,18640,5466,13174,
23,State-MADHYA PRADESH,Urban,19,168929,87814,81115,53219,45867,7352,10585,7815,2770,2321,1635,686,76967,20862,56105,8850,6457,2393,2436,1437,999,574,343,231,13977,3398,10579,
24,State-GUJARAT,Total,5-19,5547777,2693862,2853915,1109102,867914,241188,386339,169981,216358,69225,30503,38722,1541079,437579,1103500,206421,126848,79573,118573,38351,80222,22460,8278,14182,2094578,1014408,1080170,
24,State-GUJARAT,Total,5,868037,463551,404486,1704,1414,290,420,209,211,60,35,25,17729,8857,8872,5194,3028,2166,3271,1642,1629,506,249,257,839153,448117,391036,
24,State-GUJARAT,Total,6,522139,277689,244450,1454,1187,267,458,252,206,68,32,36,24085,12306,11779,3268,1932,1336,2301,1191,1110,456,221,235,490049,260568,229481,
24,State-GUJARAT,Total,7,185113,93322,91791,2741,2083,658,735,378,357,119,57,62,23916,11712,12204,1888,1088,800,1361,626,735,414,201,213,153939,77177,76762,
24,State-GUJARAT,Total,8,112504,54964,57540,2551,1932,619,771,368,403,189,99,90,24422,11989,12433,1640,961,679,1350,561,789,518,263,255,81063,38791,42272,
24,State-GUJARAT,Total,9,90519,43699,46820,2604,1846,758,993,469,524,275,135,140,25675,12415,13260,1725,985,740,1332,560,772,560,275,285,57355,27014,30341,
24,State-GUJARAT,Total,10,127737,61317,66420,4084,2806,1278,2114,892,1222,722,300,422,37557,17477,20080,3178,1890,1288,2671,1144,1527,995,428,567,76416,36380,40036,
24,State-GUJARAT,Total,11,127348,59010,68338,15118,11662,3456,5072,2181,2891,1291,606,685,49705,19486,30219,4814,2875,1939,3224,1171,2053,1022,422,600,47102,20607,26495,
24,State-GUJARAT,Total,12,172537,75939,96598,23077,17138,5939,9906,3919,5987,2516,1015,1501,72555,26187,46368,7961,4786,3175,5418,1961,3457,1559,640,919,49545,20293,29252,
24,State-GUJARAT,Total,13,197496,80177,117319,30053,20418,9635,15396,5631,9765,3954,1570,2384,91567,29565,62002,8088,4655,3433,5932,1975,3957,1570,627,943,40936,15736,25200,
24,State-GUJARAT,Total,14,276793,112678,164115,54393,37292,17101,26926,10168,16758,6132,2443,3689,126226,37410,88816,12206,7143,5063,8127,2767,5360,1728,639,1089,41055,14816,26239,
24,State-GUJARAT,Total,15,408591,179654,228937,100027,72537,27490,44699,18532,26167,9175,3935,5240,168384,48783,119601,22708,14376,8332,12804,4559,8245,2665,1022,1643,48129,15910,32219,
24,State-GUJARAT,Total,16,469482,211764,257718,136215,101791,34424,55385,23753,31632,10212,4386,5826,186730,49717,137013,23818,14667,9151,13438,4464,8974,2490,873,1617,41194,12113,29081,
24,State-GUJARAT,Total,17,531792,253812,277980,178836,139654,39182,62911,28435,34476,10706,4819,5887,201153,50064,151089,26005,16309,9696,13924,4359,9565,2199,747,1452,36058,9425,26633,
24,State-GUJARAT,Total,18,773755,388988,384767,290645,237058,53587,86592,40858,45734,13041,6120,6921,258161,56808,201353,47134,29897,17237,23756,6669,17087,3293,1004,2289,51133,10574,40559,
24,State-GUJARAT,Total,19,683934,337298,346636,265600,219096,46504,73961,33936,40025,10765,4951,5814,233214,44803,188411,36794,22256,14538,19664,4702,14962,2485,667,1818,41451,6887,34564,
24,State-GUJARAT,Rural,5-19,3526536,1637882,1888654,701186,515823,185363,338620,140095,198525,59769,24604,35165,904180,247592,656588,137840,76186,61654,103609,30360,73249,19708,6797,12911,1261624,596425,665199,
24,State-GUJARAT,Rural,5,535957,281772,254185,688,539,149,258,117,141,41,18,23,7953,4007,3946,2939,1637,1302,1878,890,988,381,183,198,521819,274381,247438,
24,State-GUJARAT,Rural,6,294374,152800,141574,575,440,135,258,136,122,56,24,32,11867,6011,5856,1705,989,716,1232,606,626,372,173,199,278309,144421,133888,
24,State-GUJARAT,Rural,7,108415,53367,55048,1171,825,346,502,230,272,95,42,53,12563,6164,6399,1144,629,515,939,398,541,375,183,192,91626,44896,46730,
24,State-GUJARAT,Rural,8,69042,32759,36283,1167,785,382,550,225,325,164,81,83,13871,6733,7138,1038,592,446,1067,422,645,485,242,243,50700,23679,27021,
24,State-GUJARAT,Rural,9,55094,25685,29409,1307,850,457,778,338,440,243,113,130,14887,7040,7847,1119,620,499,1049,421,628,515,249,266,35196,16054,19142,
24,State-GUJARAT,Rural,10,80050,37116,42934,2372,1506,866,1766,698,1068,651,267,384,22852,10314,12538,2111,1188,923,2246,904,1342,919,391,528,47133,21848,25285,
24,State-GUJARAT,Rural,11,77414,34142,43272,7867,5518,2349,4234,1687,2547,1134,514,620,28660,11224,17436,3360,1852,1508,2790,945,1845,937,381,556,28432,12021,16411,
24,State-GUJARAT,Rural,12,112350,46868,65482,13906,9417,4489,8682,3230,5452,2267,875,1392,44977,15955,29022,5554,3098,2456,4832,1648,3184,1398,542,856,30734,12103,18631,
24,State-GUJARAT,Rural,13,135673,52427,83246,20405,12850,7555,13859,4831,9028,3593,1374,2219,59923,18701,41222,5781,3087,2694,5324,1692,3632,1418,549,869,25370,9343,16027,
24,State-GUJARAT,Rural,14,192769,74999,117770,38375,24684,13691,24311,8743,15568,5505,2100,3405,82083,23433,58650,8553,4582,3971,7326,2365,4961,1531,539,992,25085,8553,16532,
24,State-GUJARAT,Rural,15,284383,119943,164440,69780,47841,21939,40141,15894,24247,8174,3329,4845,108119,30034,78085,15558,9193,6365,11375,3804,7571,2347,860,1487,28889,8988,19901,
24,State-GUJARAT,Rural,16,321494,139405,182089,93372,66340,27032,49423,20154,29269,8920,3621,5299,114656,28997,85659,16332,9240,7092,12038,3707,8331,2195,710,1485,24558,6636,17922,
24,State-GUJARAT,Rural,17,349351,158929,190422,116029,85786,30243,55091,23526,31565,9172,3839,5333,116744,27161,89583,17271,9667,7604,12388,3523,8865,1890,575,1315,20766,4852,15914,
24,State-GUJARAT,Rural,18,492331,233266,259065,178040,137119,40921,75267,33292,41975,10839,4673,6166,142984,29517,113467,31050,17211,13839,21389,5339,16050,2805,729,2076,29957,5386,24571,
24,State-GUJARAT,Rural,19,417839,194404,223435,156132,121323,34809,63500,26994,36506,8915,3734,5181,122041,22301,99740,24325,12601,11724,17736,3696,14040,2140,491,1649,23050,3264,19786,
24,State-GUJARAT,Urban,5-19,2021241,1055980,965261,407916,352091,55825,47719,29886,17833,9456,5899,3557,636899,189987,446912,68581,50662,17919,14964,7991,6973,2752,1481,1271,832954,417983,414971,
24,State-GUJARAT,Urban,5,332080,181779,150301,1016,875,141,162,92,70,19,17,2,9776,4850,4926,2255,1391,864,1393,752,641,125,66,59,317334,173736,143598,
24,State-GUJARAT,Urban,6,227765,124889,102876,879,747,132,200,116,84,12,8,4,12218,6295,5923,1563,943,620,1069,585,484,84,48,36,211740,116147,95593,
24,State-GUJARAT,Urban,7,76698,39955,36743,1570,1258,312,233,148,85,24,15,9,11353,5548,5805,744,459,285,422,228,194,39,18,21,62313,32281,30032,
24,State-GUJARAT,Urban,8,43462,22205,21257,1384,1147,237,221,143,78,25,18,7,10551,5256,5295,602,369,233,283,139,144,33,21,12,30363,15112,15251,
24,State-GUJARAT,Urban,9,35425,18014,17411,1297,996,301,215,131,84,32,22,10,10788,5375,5413,606,365,241,283,139,144,45,26,19,22159,10960,11199,
24,State-GUJARAT,Urban,10,47687,24201,23486,1712,1300,412,348,194,154,71,33,38,14705,7163,7542,1067,702,365,425,240,185,76,37,39,29283,14532,14751,
24,State-GUJARAT,Urban,11,49934,24868,25066,7251,6144,1107,838,494,344,157,92,65,21045,8262,12783,1454,1023,431,434,226,208,85,41,44,18670,8586,10084,
24,State-GUJARAT,Urban,12,60187,29071,31116,9171,7721,1450,1224,689,535,249,140,109,27578,10232,17346,2407,1688,719,586,313,273,161,98,63,18811,8190,10621,
24,State-GUJARAT,Urban,13,61823,27750,34073,9648,7568,2080,1537,800,737,361,196,165,31644,10864,20780,2307,1568,739,608,283,325,152,78,74,15566,6393,9173,
24,State-GUJARAT,Urban,14,84024,37679,46345,16018,12608,3410,2615,1425,1190,627,343,284,44143,13977,30166,3653,2561,1092,801,402,399,197,100,97,15970,6263,9707,
24,State-GUJARAT,Urban,15,124208,59711,64497,30247,24696,5551,4558,2638,1920,1001,606,395,60265,18749,41516,7150,5183,1967,1429,755,674,318,162,156,19240,6922,12318,
24,State-GUJARAT,Urban,16,147988,72359,75629,42843,35451,7392,5962,3599,2363,1292,765,527,72074,20720,51354,7486,5427,2059,1400,757,643,295,163,132,16636,5477,11159,
24,State-GUJARAT,Urban,17,182441,94883,87558,62807,53868,8939,7820,4909,2911,1534,980,554,84409,22903,61506,8734,6642,2092,1536,836,700,309,172,137,15292,4573,10719,
24,State-GUJARAT,Urban,18,281424,155722,125702,112605,99939,12666,11325,7566,3759,2202,1447,755,115177,27291,87886,16084,12686,3398,2367,1330,1037,488,275,213,21176,5188,15988,
24,State-GUJARAT,Urban,19,266095,142894,123201,109468,97773,11695,10461,6942,3519,1850,1217,633,111173,22502,88671,12469,9655,2814,1928,1006,922,345,176,169,18401,3623,14778,
25,State-DAMAN & DIU,Total,5-19,23398,16412,6986,11089,10321,768,346,272,74,235,210,25,4266,1229,3037,1485,1267,218,67,45,22,41,36,5,5869,3032,2837,
25,State-DAMAN & DIU,Total,5,2676,1435,1241,3,2,1,0,0,0,0,0,0,33,14,19,10,4,6,3,3,0,1,0,1,2626,1412,1214,
25,State-DAMAN & DIU,Total,6,1790,981,809,2,2,0,0,0,0,0,0,0,75,39,36,4,3,1,5,1,4,0,0,0,1704,936,768,
25,State-DAMAN & DIU,Total,7,495,262,233,3,2,1,0,0,0,0,0,0,51,25,26,2,0,2,1,0,1,0,0,0,438,235,203,
25,State-DAMAN & DIU,Total,8,302,153,149,5,4,1,0,0,0,0,0,0,75,43,32,0,0,0,2,1,1,0,0,0,220,105,115,
25,State-DAMAN & DIU,Total,9,185,100,85,5,2,3,0,0,0,0,0,0,52,33,19,3,2,1,1,1,0,0,0,0,124,62,62,
25,State-DAMAN & DIU,Total,10,290,146,144,15,12,3,1,1,0,0,0,0,97,49,48,4,3,1,0,0,0,0,0,0,173,81,92,
25,State-DAMAN & DIU,Total,11,221,112,109,38,31,7,1,1,0,2,2,0,81,35,46,12,7,5,0,0,0,0,0,0,87,36,51,
25,State-DAMAN & DIU,Total,12,298,192,106,104,92,12,4,4,0,3,2,1,106,52,54,12,8,4,3,3,0,1,1,0,65,30,35,
25,State-DAMAN & DIU,Total,13,311,182,129,97,75,22,4,4,0,1,1,0,134,59,75,20,16,4,1,1,0,0,0,0,54,26,28,
25,State-DAMAN & DIU,Total,14,521,344,177,248,209,39,9,8,1,9,7,2,142,55,87,57,43,14,4,1,3,0,0,0,52,21,31,
25,State-DAMAN & DIU,Total,15,1005,692,313,518,455,63,14,12,2,22,22,0,274,85,189,110,87,23,6,4,2,1,1,0,60,26,34,
25,State-DAMAN & DIU,Total,16,1548,1088,460,898,791,107,32,27,5,16,13,3,421,134,287,125,94,31,10,7,3,2,2,0,44,20,24,
25,State-DAMAN & DIU,Total,17,2570,1899,671,1567,1451,116,66,47,19,25,21,4,628,162,466,216,183,33,5,4,1,9,9,0,54,22,32,
25,State-DAMAN & DIU,Total,18,5778,4705,1073,3995,3784,211,121,100,21,81,74,7,922,217,705,546,494,52,13,10,3,16,13,3,84,13,71,
25,State-DAMAN & DIU,Total,19,5408,4121,1287,3591,3409,182,94,68,26,76,68,8,1175,227,948,364,323,41,13,9,4,11,10,1,84,7,77,
25,State-DAMAN & DIU,Rural,5-19,4664,2561,2103,1523,1288,235,75,43,32,39,31,8,1535,372,1163,134,107,27,10,5,5,2,2,0,1346,713,633,
25,State-DAMAN & DIU,Rural,5,660,355,305,0,0,0,0,0,0,0,0,0,1,0,1,2,1,1,0,0,0,0,0,0,657,354,303,
25,State-DAMAN & DIU,Rural,6,406,217,189,1,1,0,0,0,0,0,0,0,10,4,6,0,0,0,1,0,1,0,0,0,394,212,182,
25,State-DAMAN & DIU,Rural,7,97,53,44,0,0,0,0,0,0,0,0,0,8,3,5,1,0,1,1,0,1,0,0,0,87,50,37,
25,State-DAMAN & DIU,Rural,8,53,26,27,0,0,0,0,0,0,0,0,0,17,9,8,0,0,0,0,0,0,0,0,0,36,17,19,
25,State-DAMAN & DIU,Rural,9,26,14,12,1,0,1,0,0,0,0,0,0,10,4,6,0,0,0,0,0,0,0,0,0,15,10,5,
25,State-DAMAN & DIU,Rural,10,61,26,35,2,1,1,0,0,0,0,0,0,27,8,19,0,0,0,0,0,0,0,0,0,32,17,15,
25,State-DAMAN & DIU,Rural,11,39,16,23,4,3,1,0,0,0,1,1,0,19,5,14,1,1,0,0,0,0,0,0,0,14,6,8,
25,State-DAMAN & DIU,Rural,12,53,28,25,13,9,4,0,0,0,0,0,0,23,9,14,2,1,1,1,1,0,0,0,0,14,8,6,
25,State-DAMAN & DIU,Rural,13,86,43,43,22,17,5,0,0,0,0,0,0,49,17,32,1,1,0,1,1,0,0,0,0,13,7,6,
25,State-DAMAN & DIU,Rural,14,95,59,36,35,32,3,1,1,0,0,0,0,42,17,25,8,5,3,0,0,0,0,0,0,9,4,5,
25,State-DAMAN & DIU,Rural,15,220,120,100,81,68,13,0,0,0,4,4,0,115,36,79,6,3,3,0,0,0,0,0,0,14,9,5,
25,State-DAMAN & DIU,Rural,16,368,183,185,163,120,43,5,2,3,2,2,0,183,51,132,6,3,3,0,0,0,0,0,0,9,5,4,
25,State-DAMAN & DIU,Rural,17,592,299,293,233,194,39,22,10,12,3,2,1,294,64,230,23,20,3,0,0,0,0,0,0,17,9,8,
25,State-DAMAN & DIU,Rural,18,918,574,344,486,420,66,27,19,8,16,14,2,324,72,252,45,41,4,3,3,0,1,1,0,16,4,12,
25,State-DAMAN & DIU,Rural,19,990,548,442,482,423,59,20,11,9,13,8,5,413,73,340,39,31,8,3,0,3,1,1,0,19,1,18,
25,State-DAMAN & DIU,Urban,5-19,18734,13851,4883,9566,9033,533,271,229,42,196,179,17,2731,857,1874,1351,1160,191,57,40,17,39,34,5,4523,2319,2204,
25,State-DAMAN & DIU,Urban,5,2016,1080,936,3,2,1,0,0,0,0,0,0,32,14,18,8,3,5,3,3,0,1,0,1,1969,1058,911,
25,State-DAMAN & DIU,Urban,6,1384,764,620,1,1,0,0,0,0,0,0,0,65,35,30,4,3,1,4,1,3,0,0,0,1310,724,586,
25,State-DAMAN & DIU,Urban,7,398,209,189,3,2,1,0,0,0,0,0,0,43,22,21,1,0,1,0,0,0,0,0,0,351,185,166,
25,State-DAMAN & DIU,Urban,8,249,127,122,5,4,1,0,0,0,0,0,0,58,34,24,0,0,0,2,1,1,0,0,0,184,88,96,
25,State-DAMAN & DIU,Urban,9,159,86,73,4,2,2,0,0,0,0,0,0,42,29,13,3,2,1,1,1,0,0,0,0,109,52,57,
25,State-DAMAN & DIU,Urban,10,229,120,109,13,11,2,1,1,0,0,0,0,70,41,29,4,3,1,0,0,0,0,0,0,141,64,77,
25,State-DAMAN & DIU,Urban,11,182,96,86,34,28,6,1,1,0,1,1,0,62,30,32,11,6,5,0,0,0,0,0,0,73,30,43,
25,State-DAMAN & DIU,Urban,12,245,164,81,91,83,8,4,4,0,3,2,1,83,43,40,10,7,3,2,2,0,1,1,0,51,22,29,
25,State-DAMAN & DIU,Urban,13,225,139,86,75,58,17,4,4,0,1,1,0,85,42,43,19,15,4,0,0,0,0,0,0,41,19,22,
25,State-DAMAN & DIU,Urban,14,426,285,141,213,177,36,8,7,1,9,7,2,100,38,62,49,38,11,4,1,3,0,0,0,43,17,26,
25,State-DAMAN & DIU,Urban,15,785,572,213,437,387,50,14,12,2,18,18,0,159,49,110,104,84,20,6,4,2,1,1,0,46,17,29,
25,State-DAMAN & DIU,Urban,16,1180,905,275,735,671,64,27,25,2,14,11,3,238,83,155,119,91,28,10,7,3,2,2,0,35,15,20,
25,State-DAMAN & DIU,Urban,17,1978,1600,378,1334,1257,77,44,37,7,22,19,3,334,98,236,193,163,30,5,4,1,9,9,0,37,13,24,
25,State-DAMAN & DIU,Urban,18,4860,4131,729,3509,3364,145,94,81,13,65,60,5,598,145,453,501,453,48,10,7,3,15,12,3,68,9,59,
25,State-DAMAN & DIU,Urban,19,4418,3573,845,3109,2986,123,74,57,17,63,60,3,762,154,608,325,292,33,10,9,1,10,9,1,65,6,59,
26,State-DADRA & NAGAR HAVELI,Total,5-19,30811,17004,13807,8611,7145,1466,1717,910,807,376,204,172,5068,1832,3236,1765,916,849,840,196,644,187,54,133,12247,5747,6500,
26,State-DADRA & NAGAR HAVELI,Total,5,5460,2839,2621,2,2,0,0,0,0,0,0,0,45,28,17,20,13,7,16,11,5,1,1,0,5376,2784,2592,
26,State-DADRA & NAGAR HAVELI,Total,6,3183,1645,1538,4,2,2,3,1,2,0,0,0,77,42,35,11,7,4,12,4,8,0,0,0,3076,1589,1487,
26,State-DADRA & NAGAR HAVELI,Total,7,967,505,462,5,4,1,0,0,0,0,0,0,98,51,47,4,2,2,7,3,4,2,1,1,851,444,407,
26,State-DADRA & NAGAR HAVELI,Total,8,524,232,292,6,3,3,1,0,1,2,1,1,135,61,74,3,1,2,8,3,5,3,2,1,366,161,205,
26,State-DADRA & NAGAR HAVELI,Total,9,400,170,230,6,3,3,2,0,2,2,0,2,124,54,70,3,2,1,6,2,4,6,2,4,251,107,144,
26,State-DADRA & NAGAR HAVELI,Total,10,575,253,322,15,5,10,8,2,6,3,1,2,147,64,83,12,8,4,22,4,18,10,4,6,358,165,193,
26,State-DADRA & NAGAR HAVELI,Total,11,505,236,269,55,41,14,10,5,5,2,0,2,202,99,103,20,11,9,13,3,10,4,1,3,199,76,123,
26,State-DADRA & NAGAR HAVELI,Total,12,650,251,399,74,53,21,51,11,40,6,2,4,242,101,141,44,20,24,25,7,18,18,1,17,190,56,134,
26,State-DADRA & NAGAR HAVELI,Total,13,778,316,462,128,79,49,49,23,26,13,1,12,307,124,183,60,25,35,26,2,24,8,4,4,187,58,129,
26,State-DADRA & NAGAR HAVELI,Total,14,1092,478,614,261,160,101,99,31,68,22,8,14,385,177,208,75,29,46,49,4,45,10,5,5,191,64,127,
26,State-DADRA & NAGAR HAVELI,Total,15,1566,717,849,458,296,162,152,67,85,29,11,18,487,202,285,153,63,90,74,17,57,14,5,9,199,56,143,
26,State-DADRA & NAGAR HAVELI,Total,16,2099,987,1112,728,507,221,201,80,121,48,18,30,555,205,350,208,79,129,122,32,90,21,4,17,216,62,154,
26,State-DADRA & NAGAR HAVELI,Total,17,2657,1547,1110,1231,995,236,254,128,126,65,42,23,536,194,342,257,114,143,103,26,77,25,4,21,186,44,142,
26,State-DADRA & NAGAR HAVELI,Total,18,5121,3375,1746,2718,2400,318,446,281,165,107,72,35,816,235,581,493,280,213,186,46,140,40,12,28,315,49,266,
26,State-DADRA & NAGAR HAVELI,Total,19,5234,3453,1781,2920,2595,325,441,281,160,77,48,29,912,195,717,402,262,140,171,32,139,25,8,17,286,32,254,
26,State-DADRA & NAGAR HAVELI,Rural,5-19,18114,8923,9191,4292,3220,1072,1432,696,736,302,138,164,2984,1161,1823,1236,501,735,763,160,603,186,53,133,6919,2994,3925,
26,State-DADRA & NAGAR HAVELI,Rural,5,2860,1461,1399,2,2,0,0,0,0,0,0,0,16,9,7,8,4,4,6,4,2,1,1,0,2827,1441,1386,
26,State-DADRA & NAGAR HAVELI,Rural,6,1511,746,765,3,2,1,2,1,1,0,0,0,36,17,19,5,4,1,7,3,4,0,0,0,1458,719,739,
26,State-DADRA & NAGAR HAVELI,Rural,7,501,253,248,4,3,1,0,0,0,0,0,0,56,28,28,2,0,2,1,0,1,2,1,1,436,221,215,
26,State-DADRA & NAGAR HAVELI,Rural,8,301,127,174,3,0,3,1,0,1,1,0,1,71,32,39,2,0,2,5,2,3,3,2,1,215,91,124,
26,State-DADRA & NAGAR HAVELI,Rural,9,257,106,151,4,2,2,2,0,2,2,0,2,76,35,41,2,1,1,4,2,2,6,2,4,161,64,97,
26,State-DADRA & NAGAR HAVELI,Rural,10,383,155,228,9,4,5,7,1,6,3,1,2,99,39,60,7,5,2,17,3,14,10,4,6,231,98,133,
26,State-DADRA & NAGAR HAVELI,Rural,11,351,146,205,30,17,13,9,4,5,2,0,2,143,69,74,14,7,7,12,2,10,4,1,3,137,46,91,
26,State-DADRA & NAGAR HAVELI,Rural,12,484,159,325,39,21,18,45,7,38,6,2,4,169,67,102,34,15,19,25,7,18,18,1,17,148,39,109,
26,State-DADRA & NAGAR HAVELI,Rural,13,590,206,384,73,35,38,44,19,25,13,1,12,231,88,143,50,18,32,26,2,24,8,4,4,145,39,106,
26,State-DADRA & NAGAR HAVELI,Rural,14,823,316,507,163,88,75,88,22,66,20,6,14,291,136,155,55,15,40,46,2,44,10,5,5,150,42,108,
26,State-DADRA & NAGAR HAVELI,Rural,15,1149,467,682,282,156,126,139,58,81,26,10,16,331,143,188,115,40,75,71,16,55,13,4,9,172,40,132,
26,State-DADRA & NAGAR HAVELI,Rural,16,1491,617,874,452,277,175,179,66,113,40,12,28,341,136,205,158,43,115,116,30,86,21,4,17,184,49,135,
26,State-DADRA & NAGAR HAVELI,Rural,17,1701,865,836,640,472,168,210,97,113,58,35,23,312,127,185,197,69,128,94,22,72,25,4,21,165,39,126,
26,State-DADRA & NAGAR HAVELI,Rural,18,2915,1651,1264,1253,1030,223,345,202,143,78,44,34,416,131,285,339,150,189,176,39,137,40,12,28,268,43,225,
26,State-DADRA & NAGAR HAVELI,Rural,19,2797,1648,1149,1335,1111,224,361,219,142,53,27,26,396,104,292,248,130,118,157,26,131,25,8,17,222,23,199,
26,State-DADRA & NAGAR HAVELI,Urban,5-19,12697,8081,4616,4319,3925,394,285,214,71,74,66,8,2084,671,1413,529,415,114,77,36,41,1,1,0,5328,2753,2575,
26,State-DADRA & NAGAR HAVELI,Urban,5,2600,1378,1222,0,0,0,0,0,0,0,0,0,29,19,10,12,9,3,10,7,3,0,0,0,2549,1343,1206,
26,State-DADRA & NAGAR HAVELI,Urban,6,1672,899,773,1,0,1,1,0,1,0,0,0,41,25,16,6,3,3,5,1,4,0,0,0,1618,870,748,
26,State-DADRA & NAGAR HAVELI,Urban,7,466,252,214,1,1,0,0,0,0,0,0,0,42,23,19,2,2,0,6,3,3,0,0,0,415,223,192,
26,State-DADRA & NAGAR HAVELI,Urban,8,223,105,118,3,3,0,0,0,0,1,1,0,64,29,35,1,1,0,3,1,2,0,0,0,151,70,81,
26,State-DADRA & NAGAR HAVELI,Urban,9,143,64,79,2,1,1,0,0,0,0,0,0,48,19,29,1,1,0,2,0,2,0,0,0,90,43,47,
26,State-DADRA & NAGAR HAVELI,Urban,10,192,98,94,6,1,5,1,1,0,0,0,0,48,25,23,5,3,2,5,1,4,0,0,0,127,67,60,
26,State-DADRA & NAGAR HAVELI,Urban,11,154,90,64,25,24,1,1,1,0,0,0,0,59,30,29,6,4,2,1,1,0,0,0,0,62,30,32,
26,State-DADRA & NAGAR HAVELI,Urban,12,166,92,74,35,32,3,6,4,2,0,0,0,73,34,39,10,5,5,0,0,0,0,0,0,42,17,25,
26,State-DADRA & NAGAR HAVELI,Urban,13,188,110,78,55,44,11,5,4,1,0,0,0,76,36,40,10,7,3,0,0,0,0,0,0,42,19,23,
26,State-DADRA & NAGAR HAVELI,Urban,14,269,162,107,98,72,26,11,9,2,2,2,0,94,41,53,20,14,6,3,2,1,0,0,0,41,22,19,
26,State-DADRA & NAGAR HAVELI,Urban,15,417,250,167,176,140,36,13,9,4,3,1,2,156,59,97,38,23,15,3,1,2,1,1,0,27,16,11,
26,State-DADRA & NAGAR HAVELI,Urban,16,608,370,238,276,230,46,22,14,8,8,6,2,214,69,145,50,36,14,6,2,4,0,0,0,32,13,19,
26,State-DADRA & NAGAR HAVELI,Urban,17,956,682,274,591,523,68,44,31,13,7,7,0,224,67,157,60,45,15,9,4,5,0,0,0,21,5,16,
26,State-DADRA & NAGAR HAVELI,Urban,18,2206,1724,482,1465,1370,95,101,79,22,29,28,1,400,104,296,154,130,24,10,7,3,0,0,0,47,6,41,
26,State-DADRA & NAGAR HAVELI,Urban,19,2437,1805,632,1585,1484,101,80,62,18,24,21,3,516,91,425,154,132,22,14,6,8,0,0,0,64,9,55,
27,State-MAHARASHTRA,Total,5-19,7221229,3679581,3541648,1660544,1120732,539812,291646,157906,133740,61921,32791,29130,1777216,614061,1163155,314455,168201,146254,68429,30237,38192,12330,5706,6624,3034688,1549947,1484741,
27,State-MAHARASHTRA,Total,5,1418592,752259,666333,2529,1721,808,648,340,308,73,50,23,45518,23696,21822,19231,10393,8838,6175,3183,2992,757,419,338,1343661,712457,631204,
27,State-MAHARASHTRA,Total,6,929749,489818,439931,1983,1255,728,682,355,327,77,39,38,51579,26272,25307,12313,6597,5716,4404,2268,2136,579,292,287,858132,452740,405392,
27,State-MAHARASHTRA,Total,7,282628,145825,136803,3915,2364,1551,691,382,309,94,52,42,38283,19614,18669,5040,2735,2305,1597,782,815,282,132,150,232726,119764,112962,
27,State-MAHARASHTRA,Total,8,133763,67180,66583,4124,2419,1705,701,347,354,100,50,50,34676,17604,17072,3412,1785,1627,1023,515,508,225,96,129,89502,44364,45138,
27,State-MAHARASHTRA,Total,9,110323,55634,54689,4565,2609,1956,821,426,395,132,73,59,35031,17969,17062,3438,1764,1674,1064,515,549,272,135,137,65000,32143,32857,
27,State-MAHARASHTRA,Total,10,160733,80726,80007,6820,3975,2845,1400,703,697,349,169,180,45827,23212,22615,6128,3151,2977,1837,879,958,470,230,240,97902,48407,49495,
27,State-MAHARASHTRA,Total,11,137026,68556,68470,19806,13208,6598,3351,1725,1626,686,354,332,51887,23990,27897,7416,3742,3674,1930,836,1094,469,212,257,51481,24489,26992,
27,State-MAHARASHTRA,Total,12,166111,81919,84192,31425,20624,10801,5666,2930,2736,1318,662,656,66451,29759,36692,12488,6224,6264,3002,1248,1754,743,322,421,45018,20150,24868,
27,State-MAHARASHTRA,Total,13,169697,81775,87922,36423,22774,13649,7072,3553,3519,1747,848,899,72644,31081,41563,11894,5961,5933,2801,1219,1582,651,280,371,36465,16059,20406,
27,State-MAHARASHTRA,Total,14,237967,115623,122344,64307,40496,23811,12656,6467,6189,3067,1522,1545,99311,40463,58848,17564,9029,8535,4033,1701,2332,848,350,498,36181,15595,20586,
27,State-MAHARASHTRA,Total,15,365600,184775,180825,119399,78733,40666,23058,12397,10661,5422,2943,2479,138375,53860,84515,31136,16969,14167,6292,2764,3528,1263,556,707,40655,16553,24102,
27,State-MAHARASHTRA,Total,16,481445,244427,237018,181379,121568,59811,35526,19584,15942,7849,4155,3694,181341,63569,117772,32592,18317,14275,6739,3017,3722,1211,589,622,34808,13628,21180,
27,State-MAHARASHTRA,Total,17,589323,302282,287041,245382,168868,76514,45718,25473,20245,9826,5325,4501,217956,68670,149286,33947,19382,14565,6553,2994,3559,1183,564,619,28758,11006,17752,
27,State-MAHARASHTRA,Total,18,1029881,523220,506661,469383,324386,144997,76851,42443,34408,16014,8632,7382,348220,93274,254946,65236,35734,29502,11501,4813,6688,1854,865,989,40822,13073,27749,
27,State-MAHARASHTRA,Total,19,1008391,485562,522829,469104,315732,153372,76805,40781,36024,15167,7917,7250,350117,81028,269089,52620,26418,26202,9478,3503,5975,1523,664,859,33577,9519,24058,
27,State-MAHARASHTRA,Rural,5-19,4346043,2157727,2188316,1143806,695527,448279,226500,112085,114415,46897,21756,25141,868734,296731,572003,226974,106176,120798,50391,19848,30543,9319,3754,5565,1773422,901850,871572,
27,State-MAHARASHTRA,Rural,5,847080,449089,397991,1374,865,509,288,146,142,50,32,18,20483,10744,9739,13061,7010,6051,3278,1690,1588,568,317,251,807978,428285,379693,
27,State-MAHARASHTRA,Rural,6,522720,273421,249299,1054,628,426,305,145,160,58,30,28,23995,12134,11861,8196,4328,3868,2246,1165,1081,432,215,217,486434,254776,231658,
27,State-MAHARASHTRA,Rural,7,161691,82289,79402,2263,1306,957,339,178,161,62,33,29,19140,9860,9280,3447,1819,1628,981,473,508,228,104,124,135231,68516,66715,
27,State-MAHARASHTRA,Rural,8,78048,38485,39563,2542,1418,1124,375,173,202,75,34,41,18527,9436,9091,2456,1236,1220,665,309,356,184,76,108,53224,25803,27421,
27,State-MAHARASHTRA,Rural,9,64119,31561,32558,2922,1587,1335,473,224,249,106,56,50,18975,9626,9349,2555,1250,1305,744,354,390,228,102,126,38116,18362,19754,
27,State-MAHARASHTRA,Rural,10,94906,46586,48320,4613,2506,2107,912,431,481,295,138,157,24930,12499,12431,4559,2216,2343,1333,607,726,410,192,218,57854,27997,29857,
27,State-MAHARASHTRA,Rural,11,79677,38771,40906,12243,7405,4838,2327,1090,1237,538,254,284,26558,12459,14099,5575,2594,2981,1467,600,867,387,164,223,30582,14205,16377,
27,State-MAHARASHTRA,Rural,12,100523,47554,52969,20702,12283,8419,4267,2032,2235,1015,450,565,34576,15445,19131,9530,4325,5205,2396,912,1484,614,236,378,27423,11871,15552,
27,State-MAHARASHTRA,Rural,13,103825,47922,55903,24811,13832,10979,5435,2490,2945,1445,639,806,38135,16264,21871,9154,4187,4967,2267,911,1356,523,196,327,22055,9403,12652,
27,State-MAHARASHTRA,Rural,14,148900,69522,79378,46208,26328,19880,9961,4672,5289,2462,1094,1368,51272,20584,30688,13565,6312,7253,3272,1253,2019,671,244,427,21489,9035,12454,
27,State-MAHARASHTRA,Rural,15,232617,114269,118348,86419,52416,34003,18247,9044,9203,4297,2116,2181,70391,27150,43241,23822,11812,12010,5044,2029,3015,979,377,602,23418,9325,14093,
27,State-MAHARASHTRA,Rural,16,309241,153448,155793,132700,82278,50422,28528,14620,13908,6156,2915,3241,91631,31240,60391,24441,12381,12060,5373,2173,3200,936,389,547,19476,7452,12024,
27,State-MAHARASHTRA,Rural,17,365046,181782,183264,171587,108208,63379,35793,18367,17426,7479,3591,3888,105322,31652,73670,24192,11940,12252,5003,1997,3006,853,342,511,14817,5685,9132,
27,State-MAHARASHTRA,Rural,18,630760,305854,324906,319622,198052,121570,59632,29856,29776,11699,5416,6283,163890,41797,122093,45659,20543,25116,9020,3195,5825,1268,467,801,19970,6528,13442,
27,State-MAHARASHTRA,Rural,19,606890,277174,329716,314746,186415,128331,59618,28617,31001,11160,4958,6202,160909,35841,125068,36762,14223,22539,7302,2180,5122,1038,333,705,15355,4607,10748,
27,State-MAHARASHTRA,Urban,5-19,2875186,1521854,1353332,516738,425205,91533,65146,45821,19325,15024,11035,3989,908482,317330,591152,87481,62025,25456,18038,10389,7649,3011,1952,1059,1261266,648097,613169,
27,State-MAHARASHTRA,Urban,5,571512,303170,268342,1155,856,299,360,194,166,23,18,5,25035,12952,12083,6170,3383,2787,2897,1493,1404,189,102,87,535683,284172,251511,
27,State-MAHARASHTRA,Urban,6,407029,216397,190632,929,627,302,377,210,167,19,9,10,27584,14138,13446,4117,2269,1848,2158,1103,1055,147,77,70,371698,197964,173734,
27,State-MAHARASHTRA,Urban,7,120937,63536,57401,1652,1058,594,352,204,148,32,19,13,19143,9754,9389,1593,916,677,616,309,307,54,28,26,97495,51248,46247,
27,State-MAHARASHTRA,Urban,8,55715,28695,27020,1582,1001,581,326,174,152,25,16,9,16149,8168,7981,956,549,407,358,206,152,41,20,21,36278,18561,17717,
27,State-MAHARASHTRA,Urban,9,46204,24073,22131,1643,1022,621,348,202,146,26,17,9,16056,8343,7713,883,514,369,320,161,159,44,33,11,26884,13781,13103,
27,State-MAHARASHTRA,Urban,10,65827,34140,31687,2207,1469,738,488,272,216,54,31,23,20897,10713,10184,1569,935,634,504,272,232,60,38,22,40048,20410,19638,
27,State-MAHARASHTRA,Urban,11,57349,29785,27564,7563,5803,1760,1024,635,389,148,100,48,25329,11531,13798,1841,1148,693,463,236,227,82,48,34,20899,10284,10615,
27,State-MAHARASHTRA,Urban,12,65588,34365,31223,10723,8341,2382,1399,898,501,303,212,91,31875,14314,17561,2958,1899,1059,606,336,270,129,86,43,17595,8279,9316,
27,State-MAHARASHTRA,Urban,13,65872,33853,32019,11612,8942,2670,1637,1063,574,302,209,93,34509,14817,19692,2740,1774,966,534,308,226,128,84,44,14410,6656,7754,
27,State-MAHARASHTRA,Urban,14,89067,46101,42966,18099,14168,3931,2695,1795,900,605,428,177,48039,19879,28160,3999,2717,1282,761,448,313,177,106,71,14692,6560,8132,
27,State-MAHARASHTRA,Urban,15,132983,70506,62477,32980,26317,6663,4811,3353,1458,1125,827,298,67984,26710,41274,7314,5157,2157,1248,735,513,284,179,105,17237,7228,10009,
27,State-MAHARASHTRA,Urban,16,172204,90979,81225,48679,39290,9389,6998,4964,2034,1693,1240,453,89710,32329,57381,8151,5936,2215,1366,844,522,275,200,75,15332,6176,9156,
27,State-MAHARASHTRA,Urban,17,224277,120500,103777,73795,60660,13135,9925,7106,2819,2347,1734,613,112634,37018,75616,9755,7442,2313,1550,997,553,330,222,108,13941,5321,8620,
27,State-MAHARASHTRA,Urban,18,399121,217366,181755,149761,126334,23427,17219,12587,4632,4315,3216,1099,184330,51477,132853,19577,15191,4386,2481,1618,863,586,398,188,20852,6545,14307,
27,State-MAHARASHTRA,Urban,19,401501,208388,193113,154358,129317,25041,17187,12164,5023,4007,2959,1048,189208,45187,144021,15858,12195,3663,2176,1323,853,485,331,154,18222,4912,13310,
28,State-ANDHRA PRADESH,Total,5-19,5749225,2744404,3004821,1352394,841238,511156,311961,153628,158333,56022,25276,30746,1193667,366097,827570,513134,238409,274725,137264,53485,83779,21316,8017,13299,2163467,1058254,1105213,
28,State-ANDHRA PRADESH,Total,5,864016,444597,419419,2015,1417,598,648,359,289,46,21,25,13052,6383,6669,8534,4581,3953,5233,2656,2577,432,198,234,834056,428982,405074,
28,State-ANDHRA PRADESH,Total,6,562848,290920,271928,1676,1190,486,603,336,267,51,26,25,16992,8470,8522,5908,3164,2744,4125,2080,2045,347,187,160,533146,275467,257679,
28,State-ANDHRA PRADESH,Total,7,219473,112230,107243,2908,1925,983,929,492,437,106,57,49,22812,11225,11587,4136,2151,1985,2018,962,1056,309,147,162,186255,95271,90984,
28,State-ANDHRA PRADESH,Total,8,125107,61467,63640,3222,2004,1218,1014,543,471,133,70,63,22695,10927,11768,4726,2255,2471,1883,850,1033,369,163,206,91065,44655,46410,
28,State-ANDHRA PRADESH,Total,9,101485,49624,51861,3892,2352,1540,1302,663,639,172,84,88,23141,11253,11888,5569,2503,3066,2218,998,1220,410,175,235,64781,31596,33185,
28,State-ANDHRA PRADESH,Total,10,139246,67121,72125,7087,3957,3130,2224,1071,1153,452,209,243,31617,15189,16428,11471,5265,6206,3757,1597,2160,852,359,493,81786,39474,42312,
28,State-ANDHRA PRADESH,Total,11,116143,53974,62169,13457,7643,5814,3676,1686,1990,809,354,455,33660,14904,18756,12472,5549,6923,3700,1528,2172,790,313,477,47579,21997,25582,
28,State-ANDHRA PRADESH,Total,12,167767,76159,91608,29772,16513,13259,7734,3546,4188,1672,755,917,48454,20336,28118,24431,10727,13704,6831,2717,4114,1412,511,901,47461,21054,26407,
28,State-ANDHRA PRADESH,Total,13,176034,79093,96941,40869,22245,18624,10590,4814,5776,2342,1046,1296,52959,21408,31551,24099,10419,13680,6550,2448,4102,1249,460,789,37376,16253,21123,
28,State-ANDHRA PRADESH,Total,14,244710,113284,131426,70481,40284,30197,17930,8382,9548,3608,1654,1954,69260,26470,42790,34734,16026,18708,9214,3656,5558,1676,636,1040,37807,16176,21631,
28,State-ANDHRA PRADESH,Total,15,377665,180848,196817,127243,76299,50944,31326,15363,15963,6102,2794,3308,100433,34744,65689,55952,28148,27804,13978,5843,8135,2371,986,1385,40260,16671,23589,
28,State-ANDHRA PRADESH,Total,16,452725,216691,236034,171600,105703,65897,40705,20205,20500,7780,3514,4266,124651,38458,86193,56617,28331,28286,13927,5877,8050,2203,842,1361,35242,13761,21481,
28,State-ANDHRA PRADESH,Total,17,499780,242602,257178,199883,128660,71223,45884,23734,22150,8324,3930,4394,144910,40803,104107,54270,27523,26747,13618,5550,8068,2022,805,1217,30869,11597,19272,
28,State-ANDHRA PRADESH,Total,18,911502,409810,501692,365341,230186,135155,79796,39309,40487,13332,5746,7586,252892,56940,195952,117306,52517,64789,27589,9509,18080,3715,1251,2464,51531,14352,37179,
28,State-ANDHRA PRADESH,Total,19,790724,345984,444740,312948,200860,112088,67600,33125,34475,11093,5016,6077,236139,48587,187552,92909,39250,53659,22623,7214,15409,3159,984,2175,44253,10948,33305,
28,State-ANDHRA PRADESH,Rural,5-19,4159165,1969708,2189457,1105232,660539,444693,258175,122063,136112,47217,19797,27420,718766,214219,504547,429962,187428,242534,109847,39132,70715,17852,6190,11662,1472114,720340,751774,
28,State-ANDHRA PRADESH,Rural,5,612012,314946,297066,1002,645,357,236,120,116,30,8,22,6780,3411,3369,5644,2919,2725,2479,1220,1259,345,152,193,595496,306471,289025,
28,State-ANDHRA PRADESH,Rural,6,383259,197626,185633,933,622,311,220,107,113,36,15,21,9817,4943,4874,3936,2049,1887,1883,926,957,295,158,137,366139,188806,177333,
28,State-ANDHRA PRADESH,Rural,7,149045,75654,73391,1603,994,609,391,190,201,81,40,41,11918,5882,6036,3074,1524,1550,1177,533,644,270,130,140,130531,66361,64170,
28,State-ANDHRA PRADESH,Rural,8,83737,40413,43324,1974,1131,843,487,225,262,107,52,55,12366,5971,6395,3785,1720,2065,1241,518,723,328,147,181,63449,30649,32800,
28,State-ANDHRA PRADESH,Rural,9,65659,31265,34394,2504,1380,1124,722,353,369,147,68,79,12498,6046,6452,4538,1949,2589,1506,611,895,370,157,213,43374,20701,22673,
28,State-ANDHRA PRADESH,Rural,10,93173,43514,49659,5341,2756,2585,1500,663,837,383,163,220,17967,8644,9323,9734,4256,5478,2839,1118,1721,768,311,457,54641,25603,29038,
28,State-ANDHRA PRADESH,Rural,11,76068,33991,42077,10096,5247,4849,2684,1128,1556,684,276,408,19008,8422,10586,10505,4365,6140,2829,1094,1735,683,249,434,29579,13210,16369,
28,State-ANDHRA PRADESH,Rural,12,120706,52869,67837,24212,12588,11624,6258,2733,3525,1464,631,833,29893,12528,17365,21198,8773,12425,5651,2095,3556,1232,413,819,30798,13108,17690,
28,State-ANDHRA PRADESH,Rural,13,126801,54731,72070,33313,16964,16349,8702,3724,4978,2033,858,1175,32620,12882,19738,20595,8388,12207,5425,1863,3562,1086,367,719,23027,9685,13342,
28,State-ANDHRA PRADESH,Rural,14,180886,81403,99483,58465,31774,26691,15077,6759,8318,3092,1329,1763,42762,16030,26732,29574,12787,16787,7703,2822,4881,1399,493,906,22814,9409,13405,
28,State-ANDHRA PRADESH,Rural,15,286068,134419,151649,105542,60869,44673,26425,12489,13936,5238,2280,2958,63939,21327,42612,47000,22437,24563,11741,4641,7100,1950,763,1187,24233,9613,14620,
28,State-ANDHRA PRADESH,Rural,16,345897,163451,182446,143497,85366,58131,34622,16571,18051,6666,2819,3847,79953,23315,56638,47685,22638,25047,11642,4565,7077,1822,625,1197,20010,7552,12458,
28,State-ANDHRA PRADESH,Rural,17,370088,179101,190987,163099,101474,61625,38132,19048,19084,7013,3097,3916,88380,23703,64677,44439,21119,23320,11188,4174,7014,1617,568,1049,16220,5918,10302,
28,State-ANDHRA PRADESH,Rural,18,693239,313063,380176,302734,184201,118533,67495,32125,35370,11167,4429,6738,155800,33954,121846,100208,42171,58037,23599,7474,16125,3113,945,2168,29123,7764,21359,
28,State-ANDHRA PRADESH,Rural,19,572527,253262,319265,250917,154528,96389,55224,25828,29396,9076,3732,5344,135065,27161,107904,78047,30333,47714,18944,5478,13466,2574,712,1862,22680,5490,17190,
28,State-ANDHRA PRADESH,Urban,5-19,1590060,774696,815364,247162,180699,66463,53786,31565,22221,8805,5479,3326,474901,151878,323023,83172,50981,32191,27417,14353,13064,3464,1827,1637,691353,337914,353439,
28,State-ANDHRA PRADESH,Urban,5,252004,129651,122353,1013,772,241,412,239,173,16,13,3,6272,2972,3300,2890,1662,1228,2754,1436,1318,87,46,41,238560,122511,116049,
28,State-ANDHRA PRADESH,Urban,6,179589,93294,86295,743,568,175,383,229,154,15,11,4,7175,3527,3648,1972,1115,857,2242,1154,1088,52,29,23,167007,86661,80346,
28,State-ANDHRA PRADESH,Urban,7,70428,36576,33852,1305,931,374,538,302,236,25,17,8,10894,5343,5551,1062,627,435,841,429,412,39,17,22,55724,28910,26814,
28,State-ANDHRA PRADESH,Urban,8,41370,21054,20316,1248,873,375,527,318,209,26,18,8,10329,4956,5373,941,535,406,642,332,310,41,16,25,27616,14006,13610,
28,State-ANDHRA PRADESH,Urban,9,35826,18359,17467,1388,972,416,580,310,270,25,16,9,10643,5207,5436,1031,554,477,712,387,325,40,18,22,21407,10895,10512,
28,State-ANDHRA PRADESH,Urban,10,46073,23607,22466,1746,1201,545,724,408,316,69,46,23,13650,6545,7105,1737,1009,728,918,479,439,84,48,36,27145,13871,13274,
28,State-ANDHRA PRADESH,Urban,11,40075,19983,20092,3361,2396,965,992,558,434,125,78,47,14652,6482,8170,1967,1184,783,871,434,437,107,64,43,18000,8787,9213,
28,State-ANDHRA PRADESH,Urban,12,47061,23290,23771,5560,3925,1635,1476,813,663,208,124,84,18561,7808,10753,3233,1954,1279,1180,622,558,180,98,82,16663,7946,8717,
28,State-ANDHRA PRADESH,Urban,13,49233,24362,24871,7556,5281,2275,1888,1090,798,309,188,121,20339,8526,11813,3504,2031,1473,1125,585,540,163,93,70,14349,6568,7781,
28,State-ANDHRA PRADESH,Urban,14,63824,31881,31943,12016,8510,3506,2853,1623,1230,516,325,191,26498,10440,16058,5160,3239,1921,1511,834,677,277,143,134,14993,6767,8226,
28,State-ANDHRA PRADESH,Urban,15,91597,46429,45168,21701,15430,6271,4901,2874,2027,864,514,350,36494,13417,23077,8952,5711,3241,2237,1202,1035,421,223,198,16027,7058,8969,
28,State-ANDHRA PRADESH,Urban,16,106828,53240,53588,28103,20337,7766,6083,3634,2449,1114,695,419,44698,15143,29555,8932,5693,3239,2285,1312,973,381,217,164,15232,6209,9023,
28,State-ANDHRA PRADESH,Urban,17,129692,63501,66191,36784,27186,9598,7752,4686,3066,1311,833,478,56530,17100,39430,9831,6404,3427,2430,1376,1054,405,237,168,14649,5679,8970,
28,State-ANDHRA PRADESH,Urban,18,218263,96747,121516,62607,45985,16622,12301,7184,5117,2165,1317,848,97092,22986,74106,17098,10346,6752,3990,2035,1955,602,306,296,22408,6588,15820,
28,State-ANDHRA PRADESH,Urban,19,218197,92722,125475,62031,46332,15699,12376,7297,5079,2017,1284,733,101074,21426,79648,14862,8917,5945,3679,1736,1943,585,272,313,21573,5458,16115,
29,State-KARNATAKA,Total,5-19,4727884,2360226,2367658,1097178,769980,327198,283331,150548,132783,46629,25760,20869,1090935,327049,763886,251737,132780,118957,79896,31518,48378,11656,5100,6556,1866522,917491,949031,
29,State-KARNATAKA,Total,5,850670,440287,410383,584,402,182,228,107,121,16,9,7,8925,4466,4459,6987,3835,3152,3659,1805,1854,363,182,181,829908,429481,400427,
29,State-KARNATAKA,Total,6,556368,287510,268858,612,403,209,305,165,140,29,12,17,14016,6974,7042,4617,2457,2160,2776,1388,1388,299,161,138,533714,275950,257764,
29,State-KARNATAKA,Total,7,155873,78856,77017,1140,672,468,366,198,168,32,21,11,19173,9584,9589,1767,960,807,908,453,455,168,78,90,132319,66890,65429,
29,State-KARNATAKA,Total,8,74988,36490,38498,1573,942,631,497,267,230,66,36,30,19882,9989,9893,1644,857,787,727,347,380,171,89,82,50428,23963,26465,
29,State-KARNATAKA,Total,9,62615,29856,32759,1892,1111,781,656,345,311,100,43,57,20503,9860,10643,1937,1016,921,826,361,465,164,70,94,36537,17050,19487,
29,State-KARNATAKA,Total,10,92127,44385,47742,3397,2025,1372,1169,570,599,214,101,113,26312,12875,13437,4209,2164,2045,1705,692,1013,360,171,189,54761,25787,28974,
29,State-KARNATAKA,Total,11,76456,35946,40510,8606,5479,3127,2394,1192,1202,436,245,191,28844,12881,15963,4773,2326,2447,1876,747,1129,354,143,211,29173,12933,16240,
29,State-KARNATAKA,Total,12,110937,51429,59508,19105,12289,6816,5601,2739,2862,979,483,496,40558,17091,23467,11103,5374,5729,3855,1474,2381,727,285,442,29009,11694,17315,
29,State-KARNATAKA,Total,13,114782,52941,61841,24198,15320,8878,7561,3702,3859,1400,733,667,45239,18216,27023,10518,5037,5481,3550,1265,2285,633,254,379,21683,8414,13269,
29,State-KARNATAKA,Total,14,176404,85407,90997,47099,30805,16294,14671,7419,7252,2551,1378,1173,64707,25186,39521,16966,8626,8340,5555,2184,3371,822,389,433,24033,9420,14613,
29,State-KARNATAKA,Total,15,259971,130883,129088,83446,56981,26465,25142,13434,11708,4251,2406,1845,87450,31119,56331,25419,13897,11522,7863,3282,4581,1172,534,638,25228,9230,15998,
29,State-KARNATAKA,Total,16,364568,185020,179548,135324,94696,40628,37550,20398,17152,6203,3418,2785,123375,38002,85373,29317,16380,12937,8899,3686,5213,1277,561,716,22623,7879,14744,
29,State-KARNATAKA,Total,17,414041,210341,203700,168170,119946,48224,44306,24299,20007,7496,4178,3318,140418,37459,102959,26576,14975,11601,7751,3251,4500,1126,536,590,18198,5697,12501,
29,State-KARNATAKA,Total,18,757249,377275,379974,319705,228635,91070,77107,41689,35418,12280,6900,5380,234896,51739,183157,61705,33175,28530,16885,6362,10523,2236,990,1246,32435,7785,24650,
29,State-KARNATAKA,Total,19,660835,313600,347235,282327,200274,82053,65778,34024,31754,10576,5797,4779,216637,41608,175029,44199,21701,22498,13061,4221,8840,1784,657,1127,26473,5318,21155,
29,State-KARNATAKA,Rural,5-19,3225303,1596263,1629040,788268,539471,248797,234595,118389,116206,35342,17564,17778,662674,194058,468616,197859,98951,98908,65492,24052,41440,9350,3799,5551,1231723,599979,631744,
29,State-KARNATAKA,Rural,5,561872,290592,271280,281,191,90,61,23,38,6,6,0,3970,1996,1974,4421,2433,1988,1670,821,849,292,142,150,551171,284980,266191,
29,State-KARNATAKA,Rural,6,359471,184969,174502,307,225,82,93,49,44,20,9,11,6813,3398,3415,2928,1517,1411,1237,621,616,261,143,118,347812,179007,168805,
29,State-KARNATAKA,Rural,7,99495,49714,49781,642,379,263,148,76,72,23,17,6,10034,5055,4979,1192,629,563,516,249,267,150,72,78,86790,43237,43553,
29,State-KARNATAKA,Rural,8,47930,22815,25115,924,548,376,248,131,117,51,29,22,10951,5527,5424,1184,601,583,480,228,252,152,79,73,33940,15672,18268,
29,State-KARNATAKA,Rural,9,39756,18425,21331,1222,690,532,380,192,188,82,34,48,11651,5557,6094,1434,716,718,606,250,356,143,60,83,24238,10926,13312,
29,State-KARNATAKA,Rural,10,59508,27748,31760,2365,1356,1009,811,372,439,180,81,99,15408,7362,8046,3333,1660,1673,1347,519,828,303,138,165,35761,16260,19501,
29,State-KARNATAKA,Rural,11,49077,22299,26778,5517,3289,2228,1806,855,951,352,185,167,16681,7409,9272,3746,1719,2027,1530,570,960,289,109,180,19156,8163,10993,
29,State-KARNATAKA,Rural,12,76857,34211,42646,13449,8158,5291,4512,2065,2447,801,369,432,24869,10270,14599,8996,4136,4860,3327,1221,2106,613,232,381,20290,7760,12530,
29,State-KARNATAKA,Rural,13,79942,35411,44531,17448,10389,7059,6270,2887,3383,1090,519,571,28337,11126,17211,8444,3800,4644,3102,1052,2050,526,194,332,14725,5444,9281,
29,State-KARNATAKA,Rural,14,127633,59791,67842,35278,22044,13234,12329,5895,6434,2074,1042,1032,42294,15956,26338,13762,6642,7120,4855,1795,3060,658,290,368,16383,6127,10256,
29,State-KARNATAKA,Rural,15,189138,93379,95759,62447,41241,21206,21239,10830,10409,3434,1807,1627,56687,19606,37081,20386,10724,9662,6818,2683,4135,963,423,540,17164,6065,11099,
29,State-KARNATAKA,Rural,16,266741,133553,133188,101857,69573,32284,31863,16576,15287,4905,2501,2404,80379,23833,56546,23594,12584,11010,7711,3022,4689,1042,429,613,15390,5035,10355,
29,State-KARNATAKA,Rural,17,289557,146521,143036,120959,84691,36268,36745,19162,17583,5674,2879,2795,86541,22321,64220,20614,11037,9577,6548,2574,3974,868,384,484,11608,3473,8135,
29,State-KARNATAKA,Rural,18,535810,267570,268240,231872,163007,68865,64363,33185,31178,9114,4561,4553,143760,31080,112680,49319,25124,24195,14567,5161,9406,1720,671,1049,21095,4781,16314,
29,State-KARNATAKA,Rural,19,442516,209265,233251,193700,133690,60010,53727,26091,27636,7536,3525,4011,124299,23562,100737,34506,15629,18877,11178,3286,7892,1370,433,937,16200,3049,13151,
29,State-KARNATAKA,Urban,5-19,1502581,763963,738618,308910,230509,78401,48736,32159,16577,11287,8196,3091,428261,132991,295270,53878,33829,20049,14404,7466,6938,2306,1301,1005,634799,317512,317287,
29,State-KARNATAKA,Urban,5,288798,149695,139103,303,211,92,167,84,83,10,3,7,4955,2470,2485,2566,1402,1164,1989,984,1005,71,40,31,278737,144501,134236,
29,State-KARNATAKA,Urban,6,196897,102541,94356,305,178,127,212,116,96,9,3,6,7203,3576,3627,1689,940,749,1539,767,772,38,18,20,185902,96943,88959,
29,State-KARNATAKA,Urban,7,56378,29142,27236,498,293,205,218,122,96,9,4,5,9139,4529,4610,575,331,244,392,204,188,18,6,12,45529,23653,21876,
29,State-KARNATAKA,Urban,8,27058,13675,13383,649,394,255,249,136,113,15,7,8,8931,4462,4469,460,256,204,247,119,128,19,10,9,16488,8291,8197,
29,State-KARNATAKA,Urban,9,22859,11431,11428,670,421,249,276,153,123,18,9,9,8852,4303,4549,503,300,203,220,111,109,21,10,11,12299,6124,6175,
29,State-KARNATAKA,Urban,10,32619,16637,15982,1032,669,363,358,198,160,34,20,14,10904,5513,5391,876,504,372,358,173,185,57,33,24,19000,9527,9473,
29,State-KARNATAKA,Urban,11,27379,13647,13732,3089,2190,899,588,337,251,84,60,24,12163,5472,6691,1027,607,420,346,177,169,65,34,31,10017,4770,5247,
29,State-KARNATAKA,Urban,12,34080,17218,16862,5656,4131,1525,1089,674,415,178,114,64,15689,6821,8868,2107,1238,869,528,253,275,114,53,61,8719,3934,4785,
29,State-KARNATAKA,Urban,13,34840,17530,17310,6750,4931,1819,1291,815,476,310,214,96,16902,7090,9812,2074,1237,837,448,213,235,107,60,47,6958,2970,3988,
29,State-KARNATAKA,Urban,14,48771,25616,23155,11821,8761,3060,2342,1524,818,477,336,141,22413,9230,13183,3204,1984,1220,700,389,311,164,99,65,7650,3293,4357,
29,State-KARNATAKA,Urban,15,70833,37504,33329,20999,15740,5259,3903,2604,1299,817,599,218,30763,11513,19250,5033,3173,1860,1045,599,446,209,111,98,8064,3165,4899,
29,State-KARNATAKA,Urban,16,97827,51467,46360,33467,25123,8344,5687,3822,1865,1298,917,381,42996,14169,28827,5723,3796,1927,1188,664,524,235,132,103,7233,2844,4389,
29,State-KARNATAKA,Urban,17,124484,63820,60664,47211,35255,11956,7561,5137,2424,1822,1299,523,53877,15138,38739,5962,3938,2024,1203,677,526,258,152,106,6590,2224,4366,
29,State-KARNATAKA,Urban,18,221439,109705,111734,87833,65628,22205,12744,8504,4240,3166,2339,827,91136,20659,70477,12386,8051,4335,2318,1201,1117,516,319,197,11340,3004,8336,
29,State-KARNATAKA,Urban,19,218319,104335,113984,88627,66584,22043,12051,7933,4118,3040,2272,768,92338,18046,74292,9693,6072,3621,1883,935,948,414,224,190,10273,2269,8004,
30,State-GOA,Total,5-19,61437,32309,29128,9904,7248,2656,2486,1530,956,823,544,279,16731,7057,9674,1880,1108,772,616,316,300,130,72,58,28867,14434,14433,
30,State-GOA,Total,5,13640,7060,6580,16,9,7,11,9,2,0,0,0,234,123,111,374,201,173,76,44,32,4,2,2,12925,6672,6253,
30,State-GOA,Total,6,9668,4920,4748,10,4,6,11,1,10,0,0,0,322,157,165,253,132,121,67,28,39,2,2,0,9003,4596,4407,
30,State-GOA,Total,7,2738,1419,1319,57,34,23,12,5,7,1,1,0,497,236,261,69,48,21,21,8,13,2,2,0,2079,1085,994,
30,State-GOA,Total,8,1234,638,596,63,36,27,9,5,4,2,1,1,433,243,190,21,10,11,11,4,7,5,1,4,690,338,352,
30,State-GOA,Total,9,1054,544,510,47,27,20,16,7,9,2,2,0,451,248,203,17,5,12,7,3,4,0,0,0,514,252,262,
30,State-GOA,Total,10,1330,644,686,57,29,28,14,10,4,2,2,0,501,251,250,34,19,15,19,8,11,2,0,2,701,325,376,
30,State-GOA,Total,11,1182,592,590,114,73,41,39,19,20,5,3,2,508,259,249,36,17,19,17,7,10,1,1,0,462,213,249,
30,State-GOA,Total,12,1233,637,596,177,124,53,48,30,18,10,6,4,600,299,301,37,24,13,22,9,13,6,2,4,333,143,190,
30,State-GOA,Total,13,1328,620,708,196,132,64,44,26,18,12,4,8,695,302,393,48,17,31,20,7,13,5,3,2,308,129,179,
30,State-GOA,Total,14,1591,758,833,253,165,88,77,46,31,19,15,4,844,355,489,49,27,22,31,14,17,6,1,5,312,135,177,
30,State-GOA,Total,15,2207,1113,1094,461,308,153,137,78,59,49,32,17,1116,485,631,91,50,41,37,19,18,9,4,5,307,137,170,
30,State-GOA,Total,16,2808,1442,1366,670,490,180,199,118,81,61,39,22,1434,603,831,107,55,52,38,25,13,7,2,5,292,110,182,
30,State-GOA,Total,17,4114,2144,1970,1157,808,349,347,202,145,137,94,43,2011,815,1196,147,93,54,57,29,28,12,5,7,246,98,148,
30,State-GOA,Total,18,7600,4184,3416,2735,2026,709,640,411,229,240,164,76,3185,1204,1981,310,201,109,95,50,45,37,24,13,358,104,254,
30,State-GOA,Total,19,9710,5594,4116,3891,2983,908,882,563,319,283,181,102,3900,1477,2423,287,209,78,98,61,37,32,23,9,337,97,240,
30,State-GOA,Rural,5-19,23200,11874,11326,3106,2051,1055,1121,624,497,421,254,167,6570,2867,3703,620,350,270,217,112,105,51,26,25,11094,5590,5504,
30,State-GOA,Rural,5,5368,2803,2565,6,3,3,0,0,0,0,0,0,81,42,39,142,75,67,17,10,7,1,0,1,5121,2673,2448,
30,State-GOA,Rural,6,3709,1855,1854,3,2,1,0,0,0,0,0,0,100,52,48,113,55,58,17,5,12,0,0,0,3476,1741,1735,
30,State-GOA,Rural,7,1052,544,508,17,10,7,5,4,1,0,0,0,191,85,106,31,21,10,3,0,3,0,0,0,805,424,381,
30,State-GOA,Rural,8,430,230,200,25,11,14,0,0,0,1,1,0,147,85,62,6,2,4,2,2,0,1,0,1,248,129,119,
30,State-GOA,Rural,9,358,189,169,20,11,9,3,3,0,1,1,0,153,79,74,8,2,6,1,0,1,0,0,0,172,93,79,
30,State-GOA,Rural,10,478,228,250,22,7,15,3,3,0,0,0,0,188,91,97,13,8,5,4,1,3,1,0,1,247,118,129,
30,State-GOA,Rural,11,399,199,200,31,18,13,14,6,8,3,2,1,172,91,81,13,5,8,5,1,4,1,1,0,160,75,85,
30,State-GOA,Rural,12,427,224,203,63,42,21,25,15,10,6,3,3,208,104,104,13,10,3,7,3,4,2,1,1,103,46,57,
30,State-GOA,Rural,13,454,215,239,45,28,17,17,11,6,8,3,5,251,121,130,10,2,8,8,3,5,2,0,2,113,47,66,
30,State-GOA,Rural,14,545,265,280,83,54,29,33,23,10,6,5,1,291,126,165,12,8,4,13,4,9,3,0,3,104,45,59,
30,State-GOA,Rural,15,773,374,399,138,85,53,57,26,31,19,12,7,416,183,233,24,14,10,14,5,9,3,3,0,102,46,56,
30,State-GOA,Rural,16,1066,538,528,207,148,59,92,51,41,38,20,18,581,252,329,29,16,13,15,11,4,4,0,4,100,40,60,
30,State-GOA,Rural,17,1665,839,826,409,258,151,162,86,76,71,49,22,848,369,479,49,29,20,26,11,15,4,1,3,96,36,60,
30,State-GOA,Rural,18,2857,1460,1397,869,579,290,303,159,144,108,66,42,1320,531,789,80,51,29,39,24,15,17,12,5,121,38,83,
30,State-GOA,Rural,19,3619,1911,1708,1168,795,373,407,237,170,160,92,68,1623,656,967,77,52,25,46,32,14,12,8,4,126,39,87,
30,State-GOA,Urban,5-19,38237,20435,17802,6798,5197,1601,1365,906,459,402,290,112,10161,4190,5971,1260,758,502,399,204,195,79,46,33,17773,8844,8929,
30,State-GOA,Urban,5,8272,4257,4015,10,6,4,11,9,2,0,0,0,153,81,72,232,126,106,59,34,25,3,2,1,7804,3999,3805,
30,State-GOA,Urban,6,5959,3065,2894,7,2,5,11,1,10,0,0,0,222,105,117,140,77,63,50,23,27,2,2,0,5527,2855,2672,
30,State-GOA,Urban,7,1686,875,811,40,24,16,7,1,6,1,1,0,306,151,155,38,27,11,18,8,10,2,2,0,1274,661,613,
30,State-GOA,Urban,8,804,408,396,38,25,13,9,5,4,1,0,1,286,158,128,15,8,7,9,2,7,4,1,3,442,209,233,
30,State-GOA,Urban,9,696,355,341,27,16,11,13,4,9,1,1,0,298,169,129,9,3,6,6,3,3,0,0,0,342,159,183,
30,State-GOA,Urban,10,852,416,436,35,22,13,11,7,4,2,2,0,313,160,153,21,11,10,15,7,8,1,0,1,454,207,247,
30,State-GOA,Urban,11,783,393,390,83,55,28,25,13,12,2,1,1,336,168,168,23,12,11,12,6,6,0,0,0,302,138,164,
30,State-GOA,Urban,12,806,413,393,114,82,32,23,15,8,4,3,1,392,195,197,24,14,10,15,6,9,4,1,3,230,97,133,
30,State-GOA,Urban,13,874,405,469,151,104,47,27,15,12,4,1,3,444,181,263,38,15,23,12,4,8,3,3,0,195,82,113,
30,State-GOA,Urban,14,1046,493,553,170,111,59,44,23,21,13,10,3,553,229,324,37,19,18,18,10,8,3,1,2,208,90,118,
30,State-GOA,Urban,15,1434,739,695,323,223,100,80,52,28,30,20,10,700,302,398,67,36,31,23,14,9,6,1,5,205,91,114,
30,State-GOA,Urban,16,1742,904,838,463,342,121,107,67,40,23,19,4,853,351,502,78,39,39,23,14,9,3,2,1,192,70,122,
30,State-GOA,Urban,17,2449,1305,1144,748,550,198,185,116,69,66,45,21,1163,446,717,98,64,34,31,18,13,8,4,4,150,62,88,
30,State-GOA,Urban,18,4743,2724,2019,1866,1447,419,337,252,85,132,98,34,1865,673,1192,230,150,80,56,26,30,20,12,8,237,66,171,
30,State-GOA,Urban,19,6091,3683,2408,2723,2188,535,475,326,149,123,89,34,2277,821,1456,210,157,53,52,29,23,20,15,5,211,58,153,
31,State-LAKSHADWEEP,Total,5-19,2389,1170,1219,51,43,8,97,72,25,58,43,15,1106,462,644,2,2,0,7,5,2,3,3,0,1065,540,525,
31,State-LAKSHADWEEP,Total,5,563,286,277,0,0,0,0,0,0,0,0,0,6,2,4,1,1,0,0,0,0,0,0,0,556,283,273,
31,State-LAKSHADWEEP,Total,6,262,139,123,0,0,0,0,0,0,0,0,0,9,7,2,0,0,0,4,3,1,0,0,0,249,129,120,
31,State-LAKSHADWEEP,Total,7,76,44,32,1,1,0,0,0,0,0,0,0,6,3,3,0,0,0,0,0,0,0,0,0,69,40,29,
31,State-LAKSHADWEEP,Total,8,17,7,10,0,0,0,0,0,0,0,0,0,6,1,5,0,0,0,0,0,0,0,0,0,11,6,5,
31,State-LAKSHADWEEP,Total,9,37,17,20,1,1,0,0,0,0,0,0,0,7,2,5,0,0,0,0,0,0,0,0,0,29,14,15,
31,State-LAKSHADWEEP,Total,10,59,23,36,0,0,0,1,1,0,0,0,0,14,2,12,0,0,0,0,0,0,0,0,0,44,20,24,
31,State-LAKSHADWEEP,Total,11,45,21,24,0,0,0,1,0,1,0,0,0,15,3,12,0,0,0,0,0,0,1,1,0,28,17,11,
31,State-LAKSHADWEEP,Total,12,25,14,11,2,0,2,2,2,0,0,0,0,15,10,5,0,0,0,0,0,0,0,0,0,6,2,4,
31,State-LAKSHADWEEP,Total,13,32,10,22,1,1,0,3,1,2,0,0,0,22,6,16,0,0,0,0,0,0,0,0,0,6,2,4,
31,State-LAKSHADWEEP,Total,14,40,16,24,3,3,0,0,0,0,1,1,0,26,11,15,0,0,0,0,0,0,0,0,0,10,1,9,
31,State-LAKSHADWEEP,Total,15,52,26,26,2,2,0,5,4,1,0,0,0,36,15,21,0,0,0,0,0,0,0,0,0,9,5,4,
31,State-LAKSHADWEEP,Total,16,114,47,67,3,3,0,7,6,1,0,0,0,95,34,61,0,0,0,0,0,0,0,0,0,9,4,5,
31,State-LAKSHADWEEP,Total,17,155,66,89,6,6,0,8,7,1,6,3,3,124,46,78,0,0,0,0,0,0,1,1,0,10,3,7,
31,State-LAKSHADWEEP,Total,18,370,185,185,12,10,2,32,23,9,14,12,2,294,133,161,1,1,0,2,1,1,0,0,0,15,5,10,
31,State-LAKSHADWEEP,Total,19,542,269,273,20,16,4,38,28,10,37,27,10,431,187,244,0,0,0,1,1,0,1,1,0,14,9,5,
31,State-LAKSHADWEEP,Rural,5-19,637,315,322,14,11,3,34,30,4,13,8,5,271,103,168,1,1,0,1,0,1,0,0,0,303,162,141,
31,State-LAKSHADWEEP,Rural,5,165,85,80,0,0,0,0,0,0,0,0,0,2,1,1,0,0,0,0,0,0,0,0,0,163,84,79,
31,State-LAKSHADWEEP,Rural,6,86,48,38,0,0,0,0,0,0,0,0,0,4,3,1,0,0,0,0,0,0,0,0,0,82,45,37,
31,State-LAKSHADWEEP,Rural,7,19,11,8,0,0,0,0,0,0,0,0,0,1,0,1,0,0,0,0,0,0,0,0,0,18,11,7,
31,State-LAKSHADWEEP,Rural,8,6,3,3,0,0,0,0,0,0,0,0,0,2,0,2,0,0,0,0,0,0,0,0,0,4,3,1,
31,State-LAKSHADWEEP,Rural,9,10,6,4,0,0,0,0,0,0,0,0,0,2,1,1,0,0,0,0,0,0,0,0,0,8,5,3,
31,State-LAKSHADWEEP,Rural,10,12,5,7,0,0,0,0,0,0,0,0,0,4,1,3,0,0,0,0,0,0,0,0,0,8,4,4,
31,State-LAKSHADWEEP,Rural,11,11,6,5,0,0,0,0,0,0,0,0,0,3,0,3,0,0,0,0,0,0,0,0,0,8,6,2,
31,State-LAKSHADWEEP,Rural,12,6,4,2,1,0,1,2,2,0,0,0,0,1,1,0,0,0,0,0,0,0,0,0,0,2,1,1,
31,State-LAKSHADWEEP,Rural,13,8,2,6,0,0,0,1,1,0,0,0,0,6,1,5,0,0,0,0,0,0,0,0,0,1,0,1,
31,State-LAKSHADWEEP,Rural,14,9,5,4,0,0,0,0,0,0,0,0,0,8,5,3,0,0,0,0,0,0,0,0,0,1,0,1,
31,State-LAKSHADWEEP,Rural,15,12,5,7,0,0,0,1,0,1,0,0,0,10,4,6,0,0,0,0,0,0,0,0,0,1,1,0,
31,State-LAKSHADWEEP,Rural,16,24,10,14,1,1,0,0,0,0,0,0,0,21,9,12,0,0,0,0,0,0,0,0,0,2,0,2,
31,State-LAKSHADWEEP,Rural,17,32,16,16,1,1,0,3,3,0,2,2,0,25,10,15,0,0,0,0,0,0,0,0,0,1,0,1,
31,State-LAKSHADWEEP,Rural,18,95,46,49,4,4,0,12,10,2,3,2,1,73,29,44,1,1,0,1,0,1,0,0,0,1,0,1,
31,State-LAKSHADWEEP,Rural,19,142,63,79,7,5,2,15,14,1,8,4,4,109,38,71,0,0,0,0,0,0,0,0,0,3,2,1,
31,State-LAKSHADWEEP,Urban,5-19,1752,855,897,37,32,5,63,42,21,45,35,10,835,359,476,1,1,0,6,5,1,3,3,0,762,378,384,
31,State-LAKSHADWEEP,Urban,5,398,201,197,0,0,0,0,0,0,0,0,0,4,1,3,1,1,0,0,0,0,0,0,0,393,199,194,
31,State-LAKSHADWEEP,Urban,6,176,91,85,0,0,0,0,0,0,0,0,0,5,4,1,0,0,0,4,3,1,0,0,0,167,84,83,
31,State-LAKSHADWEEP,Urban,7,57,33,24,1,1,0,0,0,0,0,0,0,5,3,2,0,0,0,0,0,0,0,0,0,51,29,22,
31,State-LAKSHADWEEP,Urban,8,11,4,7,0,0,0,0,0,0,0,0,0,4,1,3,0,0,0,0,0,0,0,0,0,7,3,4,
31,State-LAKSHADWEEP,Urban,9,27,11,16,1,1,0,0,0,0,0,0,0,5,1,4,0,0,0,0,0,0,0,0,0,21,9,12,
31,State-LAKSHADWEEP,Urban,10,47,18,29,0,0,0,1,1,0,0,0,0,10,1,9,0,0,0,0,0,0,0,0,0,36,16,20,
31,State-LAKSHADWEEP,Urban,11,34,15,19,0,0,0,1,0,1,0,0,0,12,3,9,0,0,0,0,0,0,1,1,0,20,11,9,
31,State-LAKSHADWEEP,Urban,12,19,10,9,1,0,1,0,0,0,0,0,0,14,9,5,0,0,0,0,0,0,0,0,0,4,1,3,
31,State-LAKSHADWEEP,Urban,13,24,8,16,1,1,0,2,0,2,0,0,0,16,5,11,0,0,0,0,0,0,0,0,0,5,2,3,
31,State-LAKSHADWEEP,Urban,14,31,11,20,3,3,0,0,0,0,1,1,0,18,6,12,0,0,0,0,0,0,0,0,0,9,1,8,
31,State-LAKSHADWEEP,Urban,15,40,21,19,2,2,0,4,4,0,0,0,0,26,11,15,0,0,0,0,0,0,0,0,0,8,4,4,
31,State-LAKSHADWEEP,Urban,16,90,37,53,2,2,0,7,6,1,0,0,0,74,25,49,0,0,0,0,0,0,0,0,0,7,4,3,
31,State-LAKSHADWEEP,Urban,17,123,50,73,5,5,0,5,4,1,4,1,3,99,36,63,0,0,0,0,0,0,1,1,0,9,3,6,
31,State-LAKSHADWEEP,Urban,18,275,139,136,8,6,2,20,13,7,11,10,1,221,104,117,0,0,0,1,1,0,0,0,0,14,5,9,
31,State-LAKSHADWEEP,Urban,19,400,206,194,13,11,2,23,14,9,29,23,6,322,149,173,0,0,0,1,1,0,1,1,0,11,7,4,
32,State-KERALA,Total,5-19,1090892,554321,536571,114592,93935,20657,37198,26494,10704,10184,7711,2473,349734,128365,221369,5083,3237,1846,2249,1176,1073,466,239,227,571386,293164,278222,
32,State-KERALA,Total,5,315232,161473,153759,169,129,40,64,34,30,3,1,2,4836,2356,2480,903,519,384,546,251,295,51,29,22,308660,158154,150506,
32,State-KERALA,Total,6,196336,100915,95421,118,79,39,56,30,26,9,6,3,6584,3218,3366,607,334,273,379,189,190,28,12,16,188555,97047,91508,
32,State-KERALA,Total,7,33467,17252,16215,245,161,84,90,54,36,13,7,6,7118,3472,3646,122,73,49,98,54,44,5,3,2,25776,13428,12348,
32,State-KERALA,Total,8,12663,6423,6240,225,132,93,91,48,43,13,10,3,6213,3116,3097,60,40,20,31,11,20,5,2,3,6025,3064,2961,
32,State-KERALA,Total,9,11646,5837,5809,261,164,97,102,49,53,9,3,6,6044,2929,3115,37,20,17,37,15,22,4,2,2,5152,2655,2497,
32,State-KERALA,Total,10,16350,8343,8007,256,158,98,119,49,70,14,8,6,6645,3329,3316,66,42,24,46,28,18,5,1,4,9199,4728,4471,
32,State-KERALA,Total,11,13560,6872,6688,864,647,217,261,148,113,54,33,21,7325,3393,3932,75,48,27,43,18,25,8,5,3,4930,2580,2350,
32,State-KERALA,Total,12,13357,6705,6652,1500,1163,337,419,256,163,124,76,48,7971,3490,4481,84,57,27,39,23,16,15,6,9,3205,1634,1571,
32,State-KERALA,Total,13,14761,7297,7464,1817,1370,447,564,356,208,132,73,59,8828,3783,5045,86,48,38,42,19,23,15,7,8,3277,1641,1636,
32,State-KERALA,Total,14,16306,8589,7717,2434,1868,566,709,461,248,203,136,67,9686,4375,5311,154,98,56,56,30,26,18,10,8,3046,1611,1435,
32,State-KERALA,Total,15,24381,13045,11336,3823,2894,929,1410,935,475,393,278,115,15179,7119,8060,314,199,115,109,51,58,29,16,13,3124,1553,1571,
32,State-KERALA,Total,16,37812,20039,17773,6686,5195,1491,2582,1764,818,783,605,178,24569,10808,13761,302,188,114,105,62,43,31,18,13,2754,1399,1355,
32,State-KERALA,Total,17,70953,36610,34343,15129,12345,2784,5359,3896,1463,1487,1177,310,45860,17597,28263,415,258,157,142,77,65,48,27,21,2513,1233,1280,
32,State-KERALA,Total,18,133932,66645,67287,32891,27285,5606,10681,7789,2892,2922,2236,686,83475,27189,56286,916,643,273,284,172,112,96,49,47,2667,1282,1385,
32,State-KERALA,Total,19,180136,88276,91860,48174,40345,7829,14691,10625,4066,4025,3062,963,109401,32191,77210,942,670,272,292,176,116,108,52,56,2503,1155,1348,
32,State-KERALA,Rural,5-19,601470,304076,297394,65849,52922,12927,22772,16058,6714,6371,4655,1716,193596,69711,123885,2821,1744,1077,1346,723,623,361,172,189,308354,158091,150263,
32,State-KERALA,Rural,5,170130,87043,83087,88,70,18,42,21,21,2,1,1,2482,1238,1244,468,265,203,301,150,151,30,17,13,166717,85281,81436,
32,State-KERALA,Rural,6,104849,53828,51021,52,37,15,37,19,18,4,4,0,3441,1682,1759,345,184,161,192,102,90,16,7,9,100762,51793,48969,
32,State-KERALA,Rural,7,18225,9467,8758,114,74,40,47,29,18,8,6,2,3732,1822,1910,63,38,25,53,31,22,5,3,2,14203,7464,6739,
32,State-KERALA,Rural,8,6830,3481,3349,120,73,47,54,28,26,5,3,2,3236,1617,1619,33,24,9,19,7,12,4,2,2,3359,1727,1632,
32,State-KERALA,Rural,9,6193,3138,3055,131,76,55,52,28,24,6,1,5,3173,1552,1621,18,10,8,18,8,10,3,1,2,2792,1462,1330,
32,State-KERALA,Rural,10,8804,4491,4313,138,87,51,63,28,35,10,5,5,3541,1780,1761,30,18,12,33,18,15,4,1,3,4985,2554,2431,
32,State-KERALA,Rural,11,7330,3727,3603,474,346,128,151,81,70,34,22,12,3895,1822,2073,34,21,13,26,11,15,2,1,1,2714,1423,1291,
32,State-KERALA,Rural,12,7322,3746,3576,809,639,170,260,167,93,82,50,32,4281,1884,2397,48,35,13,22,12,10,14,5,9,1806,954,852,
32,State-KERALA,Rural,13,8073,4020,4053,990,739,251,333,204,129,92,49,43,4790,2098,2692,53,29,24,26,13,13,10,3,7,1779,885,894,
32,State-KERALA,Rural,14,9035,4819,4216,1344,1024,320,447,279,168,140,94,46,5283,2452,2831,98,67,31,39,22,17,16,8,8,1668,873,795,
32,State-KERALA,Rural,15,13992,7434,6558,2240,1641,599,900,593,307,278,188,90,8542,3972,4570,191,113,78,72,36,36,23,11,12,1746,880,866,
32,State-KERALA,Rural,16,22306,11558,10748,3969,2996,973,1644,1099,545,518,385,133,14357,6130,8227,178,111,67,65,36,29,26,14,12,1549,787,762,
32,State-KERALA,Rural,17,41156,20802,20354,8954,7114,1840,3338,2407,931,961,732,229,26151,9655,16496,227,137,90,97,56,41,34,19,15,1394,682,712,
32,State-KERALA,Rural,18,76717,37659,39058,19268,15683,3585,6504,4682,1822,1761,1291,470,46891,14797,32094,511,337,174,191,107,84,85,41,44,1506,721,785,
32,State-KERALA,Rural,19,100508,48863,51645,27158,22323,4835,8900,6393,2507,2470,1824,646,59801,17210,42591,524,355,169,192,114,78,89,39,50,1374,605,769,
32,State-KERALA,Urban,5-19,489422,250245,239177,48743,41013,7730,14426,10436,3990,3813,3056,757,156138,58654,97484,2262,1493,769,903,453,450,105,67,38,263032,135073,127959,
32,State-KERALA,Urban,5,145102,74430,70672,81,59,22,22,13,9,1,0,1,2354,1118,1236,435,254,181,245,101,144,21,12,9,141943,72873,69070,
32,State-KERALA,Urban,6,91487,47087,44400,66,42,24,19,11,8,5,2,3,3143,1536,1607,262,150,112,187,87,100,12,5,7,87793,45254,42539,
32,State-KERALA,Urban,7,15242,7785,7457,131,87,44,43,25,18,5,1,4,3386,1650,1736,59,35,24,45,23,22,0,0,0,11573,5964,5609,
32,State-KERALA,Urban,8,5833,2942,2891,105,59,46,37,20,17,8,7,1,2977,1499,1478,27,16,11,12,4,8,1,0,1,2666,1337,1329,
32,State-KERALA,Urban,9,5453,2699,2754,130,88,42,50,21,29,3,2,1,2871,1377,1494,19,10,9,19,7,12,1,1,0,2360,1193,1167,
32,State-KERALA,Urban,10,7546,3852,3694,118,71,47,56,21,35,4,3,1,3104,1549,1555,36,24,12,13,10,3,1,0,1,4214,2174,2040,
32,State-KERALA,Urban,11,6230,3145,3085,390,301,89,110,67,43,20,11,9,3430,1571,1859,41,27,14,17,7,10,6,4,2,2216,1157,1059,
32,State-KERALA,Urban,12,6035,2959,3076,691,524,167,159,89,70,42,26,16,3690,1606,2084,36,22,14,17,11,6,1,1,0,1399,680,719,
32,State-KERALA,Urban,13,6688,3277,3411,827,631,196,231,152,79,40,24,16,4038,1685,2353,33,19,14,16,6,10,5,4,1,1498,756,742,
32,State-KERALA,Urban,14,7271,3770,3501,1090,844,246,262,182,80,63,42,21,4403,1923,2480,56,31,25,17,8,9,2,2,0,1378,738,640,
32,State-KERALA,Urban,15,10389,5611,4778,1583,1253,330,510,342,168,115,90,25,6637,3147,3490,123,86,37,37,15,22,6,5,1,1378,673,705,
32,State-KERALA,Urban,16,15506,8481,7025,2717,2199,518,938,665,273,265,220,45,10212,4678,5534,124,77,47,40,26,14,5,4,1,1205,612,593,
32,State-KERALA,Urban,17,29797,15808,13989,6175,5231,944,2021,1489,532,526,445,81,19709,7942,11767,188,121,67,45,21,24,14,8,6,1119,551,568,
32,State-KERALA,Urban,18,57215,28986,28229,13623,11602,2021,4177,3107,1070,1161,945,216,36584,12392,24192,405,306,99,93,65,28,11,8,3,1161,561,600,
32,State-KERALA,Urban,19,79628,39413,40215,21016,18022,2994,5791,4232,1559,1555,1238,317,49600,14981,34619,418,315,103,100,62,38,19,13,6,1129,550,579,
33,State-TAMIL NADU,Total,5-19,3374817,1706620,1668197,909058,587647,321411,186199,105086,81113,36493,20561,15932,1095801,413331,682470,73694,38275,35419,24041,11050,12991,3518,1606,1912,1046013,529064,516949,
33,State-TAMIL NADU,Total,5,528345,273203,255142,649,432,217,282,157,125,24,9,15,10492,5259,5233,3706,1993,1713,2985,1502,1483,160,82,78,510047,263769,246278,
33,State-TAMIL NADU,Total,6,295621,152773,142848,602,348,254,332,168,164,24,12,12,14940,7539,7401,2216,1204,1012,2062,1028,1034,92,48,44,275353,142426,132927,
33,State-TAMIL NADU,Total,7,84263,43101,41162,1189,711,478,571,299,272,48,26,22,19088,9478,9610,901,472,429,621,313,308,48,22,26,61797,31780,30017,
33,State-TAMIL NADU,Total,8,45725,23072,22653,1280,752,528,553,262,291,49,28,21,18424,9131,9293,656,352,304,372,173,199,47,31,16,24344,12343,12001,
33,State-TAMIL NADU,Total,9,40690,20707,19983,1485,873,612,636,304,332,62,31,31,19251,9821,9430,629,337,292,389,169,220,38,20,18,18200,9152,9048,
33,State-TAMIL NADU,Total,10,56410,28872,27538,2045,1229,816,794,401,393,119,64,55,22959,11741,11218,1132,599,533,507,239,268,53,27,26,28801,14572,14229,
33,State-TAMIL NADU,Total,11,51941,26307,25634,6180,4087,2093,1564,870,694,255,141,114,25608,12196,13412,1265,613,652,544,250,294,71,32,39,16454,8118,8336,
33,State-TAMIL NADU,Total,12,62648,31849,30799,11045,7105,3940,2600,1410,1190,460,250,210,32231,15077,17154,2052,1049,1003,668,312,356,116,58,58,13476,6588,6888,
33,State-TAMIL NADU,Total,13,75795,38572,37223,16213,10258,5955,3602,1992,1610,768,443,325,38980,18179,20801,2329,1145,1184,792,351,441,136,60,76,12975,6144,6831,
33,State-TAMIL NADU,Total,14,107768,56329,51439,30114,19083,11031,6319,3614,2705,1389,801,588,52272,24338,27934,3639,1897,1742,1063,489,574,192,81,111,12780,6026,6754,
33,State-TAMIL NADU,Total,15,188270,99677,88593,64409,41007,23402,13691,8003,5688,3045,1818,1227,83282,37570,45712,7196,3766,3430,1949,903,1046,353,152,201,14345,6458,7887,
33,State-TAMIL NADU,Total,16,246822,129929,116893,95988,61466,34522,19871,11620,8251,4205,2471,1734,105924,44423,61501,6690,3559,3131,1774,840,934,298,135,163,12072,5415,6657,
33,State-TAMIL NADU,Total,17,371004,191809,179195,153760,99908,53852,31459,17916,13543,6148,3566,2582,155023,58737,96286,9270,5096,4174,2343,1094,1249,440,210,230,12561,5282,7279,
33,State-TAMIL NADU,Total,18,573252,281904,291348,243921,157569,86352,49046,27569,21477,9604,5312,4292,235157,75883,159274,14878,7720,7158,3695,1612,2083,731,322,409,16220,5917,10303,
33,State-TAMIL NADU,Total,19,646263,308516,337747,280178,182819,97359,54879,30501,24378,10293,5589,4704,262170,73959,188211,17135,8473,8662,4277,1775,2502,743,326,417,16588,5074,11514,
33,State-TAMIL NADU,Rural,5-19,1976719,997133,979586,581713,363294,218419,138732,76333,62399,26423,14169,12254,594327,224372,369955,50282,24399,25883,16561,7273,9288,2662,1134,1528,566019,286159,279860,
33,State-TAMIL NADU,Rural,5,294129,152447,141682,316,199,117,133,70,63,8,3,5,4508,2268,2240,2277,1205,1072,1487,759,728,117,57,60,285283,147886,137397,
33,State-TAMIL NADU,Rural,6,151032,78059,72973,321,168,153,152,63,89,9,5,4,6936,3488,3448,1310,708,602,972,487,485,58,34,24,141274,73106,68168,
33,State-TAMIL NADU,Rural,7,43953,22560,21393,640,354,286,283,145,138,30,13,17,8491,4230,4261,554,291,263,323,157,166,38,17,21,33594,17353,16241,
33,State-TAMIL NADU,Rural,8,23106,11624,11482,699,370,329,262,129,133,36,19,17,8369,4178,4191,415,214,201,202,95,107,34,24,10,13089,6595,6494,
33,State-TAMIL NADU,Rural,9,20120,10189,9931,808,462,346,330,157,173,46,24,22,8693,4460,4233,411,217,194,217,93,124,31,17,14,9584,4759,4825,
33,State-TAMIL NADU,Rural,10,29087,14816,14271,1169,694,475,411,195,216,82,42,40,10554,5407,5147,727,361,366,300,133,167,42,17,25,15802,7967,7835,
33,State-TAMIL NADU,Rural,11,26369,13313,13056,3468,2171,1297,944,524,420,183,97,86,11839,5724,6115,852,386,466,340,141,199,48,17,31,8695,4253,4442,
33,State-TAMIL NADU,Rural,12,34177,17430,16747,6648,4054,2594,1741,965,776,323,173,150,16311,7827,8484,1443,687,756,467,212,255,92,46,46,7152,3466,3686,
33,State-TAMIL NADU,Rural,13,42031,21234,20797,9751,5920,3831,2435,1305,1130,539,307,232,20291,9539,10752,1624,739,885,571,240,331,109,49,60,6711,3135,3576,
33,State-TAMIL NADU,Rural,14,62923,32669,30254,18948,11551,7397,4584,2584,2000,963,536,427,28365,13312,15053,2589,1275,1314,777,346,431,145,53,92,6552,3012,3540,
33,State-TAMIL NADU,Rural,15,117092,61479,55613,41609,25785,15824,10266,5887,4379,2194,1266,928,48487,21853,26634,5044,2498,2546,1456,653,803,273,105,168,7763,3432,4331,
33,State-TAMIL NADU,Rural,16,153880,80057,73823,62258,38568,23690,14925,8565,6360,3043,1699,1344,61176,25413,35763,4603,2356,2247,1363,618,745,223,91,132,6289,2747,3542,
33,State-TAMIL NADU,Rural,17,231344,119136,112208,99737,63013,36724,23853,13260,10593,4419,2447,1972,88247,33415,54832,6307,3281,3026,1811,820,991,334,149,185,6636,2751,3885,
33,State-TAMIL NADU,Rural,18,356278,175036,181242,158028,98885,59143,37292,20329,16963,7078,3747,3331,131469,42706,88763,10213,4883,5330,2849,1156,1693,556,226,330,8793,3104,5689,
33,State-TAMIL NADU,Rural,19,391198,187084,204114,177313,111100,66213,41121,22155,18966,7470,3791,3679,140591,40552,100039,11913,5298,6615,3426,1363,2063,562,232,330,8802,2593,6209,
33,State-TAMIL NADU,Urban,5-19,1398098,709487,688611,327345,224353,102992,47467,28753,18714,10070,6392,3678,501474,188959,312515,23412,13876,9536,7480,3777,3703,856,472,384,479994,242905,237089,
33,State-TAMIL NADU,Urban,5,234216,120756,113460,333,233,100,149,87,62,16,6,10,5984,2991,2993,1429,788,641,1498,743,755,43,25,18,224764,115883,108881,
33,State-TAMIL NADU,Urban,6,144589,74714,69875,281,180,101,180,105,75,15,7,8,8004,4051,3953,906,496,410,1090,541,549,34,14,20,134079,69320,64759,
33,State-TAMIL NADU,Urban,7,40310,20541,19769,549,357,192,288,154,134,18,13,5,10597,5248,5349,347,181,166,298,156,142,10,5,5,28203,14427,13776,
33,State-TAMIL NADU,Urban,8,22619,11448,11171,581,382,199,291,133,158,13,9,4,10055,4953,5102,241,138,103,170,78,92,13,7,6,11255,5748,5507,
33,State-TAMIL NADU,Urban,9,20570,10518,10052,677,411,266,306,147,159,16,7,9,10558,5361,5197,218,120,98,172,76,96,7,3,4,8616,4393,4223,
33,State-TAMIL NADU,Urban,10,27323,14056,13267,876,535,341,383,206,177,37,22,15,12405,6334,6071,405,238,167,207,106,101,11,10,1,12999,6605,6394,
33,State-TAMIL NADU,Urban,11,25572,12994,12578,2712,1916,796,620,346,274,72,44,28,13769,6472,7297,413,227,186,204,109,95,23,15,8,7759,3865,3894,
33,State-TAMIL NADU,Urban,12,28471,14419,14052,4397,3051,1346,859,445,414,137,77,60,15920,7250,8670,609,362,247,201,100,101,24,12,12,6324,3122,3202,
33,State-TAMIL NADU,Urban,13,33764,17338,16426,6462,4338,2124,1167,687,480,229,136,93,18689,8640,10049,705,406,299,221,111,110,27,11,16,6264,3009,3255,
33,State-TAMIL NADU,Urban,14,44845,23660,21185,11166,7532,3634,1735,1030,705,426,265,161,23907,11026,12881,1050,622,428,286,143,143,47,28,19,6228,3014,3214,
33,State-TAMIL NADU,Urban,15,71178,38198,32980,22800,15222,7578,3425,2116,1309,851,552,299,34795,15717,19078,2152,1268,884,493,250,243,80,47,33,6582,3026,3556,
33,State-TAMIL NADU,Urban,16,92942,49872,43070,33730,22898,10832,4946,3055,1891,1162,772,390,44748,19010,25738,2087,1203,884,411,222,189,75,44,31,5783,2668,3115,
33,State-TAMIL NADU,Urban,17,139660,72673,66987,54023,36895,17128,7606,4656,2950,1729,1119,610,66776,25322,41454,2963,1815,1148,532,274,258,106,61,45,5925,2531,3394,
33,State-TAMIL NADU,Urban,18,216974,106868,110106,85893,58684,27209,11754,7240,4514,2526,1565,961,103688,33177,70511,4665,2837,1828,846,456,390,175,96,79,7427,2813,4614,
33,State-TAMIL NADU,Urban,19,255065,121432,133633,102865,71719,31146,13758,8346,5412,2823,1798,1025,121579,33407,88172,5222,3175,2047,851,412,439,181,94,87,7786,2481,5305,
34,State-PUDUCHERRY,Total,5-19,42163,20839,21324,7297,5309,1988,1040,714,326,301,190,111,16450,6009,10441,403,280,123,116,69,47,18,8,10,16538,8260,8278,
34,State-PUDUCHERRY,Total,5,8158,4063,4095,9,7,2,3,2,1,0,0,0,223,97,126,36,25,11,22,10,12,1,0,1,7864,3922,3942,
34,State-PUDUCHERRY,Total,6,5036,2614,2422,5,4,1,1,1,0,1,1,0,253,135,118,28,19,9,10,7,3,1,1,0,4737,2446,2291,
34,State-PUDUCHERRY,Total,7,1233,642,591,11,6,5,4,2,2,0,0,0,196,99,97,9,5,4,3,1,2,2,2,0,1008,527,481,
34,State-PUDUCHERRY,Total,8,597,291,306,19,10,9,5,2,3,0,0,0,163,80,83,3,0,3,2,0,2,0,0,0,405,199,206,
34,State-PUDUCHERRY,Total,9,541,287,254,8,5,3,4,3,1,1,1,0,194,95,99,6,4,2,3,2,1,1,1,0,324,176,148,
34,State-PUDUCHERRY,Total,10,758,391,367,16,11,5,4,2,2,0,0,0,199,100,99,11,9,2,5,2,3,0,0,0,523,267,256,
34,State-PUDUCHERRY,Total,11,625,314,311,60,47,13,12,6,6,3,3,0,264,116,148,8,6,2,2,1,1,0,0,0,276,135,141,
34,State-PUDUCHERRY,Total,12,654,344,310,116,84,32,13,8,5,3,1,2,344,158,186,12,8,4,5,3,2,2,1,1,159,81,78,
34,State-PUDUCHERRY,Total,13,678,363,315,130,98,32,19,12,7,5,4,1,386,182,204,9,7,2,1,0,1,0,0,0,128,60,68,
34,State-PUDUCHERRY,Total,14,943,502,441,182,130,52,38,29,9,12,7,5,542,242,300,13,10,3,5,5,0,0,0,0,151,79,72,
34,State-PUDUCHERRY,Total,15,1603,838,765,414,309,105,48,29,19,19,13,6,895,395,500,32,22,10,5,3,2,2,0,2,188,67,121,
34,State-PUDUCHERRY,Total,16,2442,1283,1159,646,472,174,109,69,40,39,24,15,1462,621,841,37,30,7,7,4,3,1,0,1,141,63,78,
34,State-PUDUCHERRY,Total,17,3896,1919,1977,1092,781,311,152,108,44,37,24,13,2408,911,1497,41,28,13,9,6,3,1,0,1,156,61,95,
34,State-PUDUCHERRY,Total,18,6772,3170,3602,2014,1462,552,279,194,85,82,45,37,4056,1302,2754,81,52,29,19,12,7,3,2,1,238,101,137,
34,State-PUDUCHERRY,Total,19,8227,3818,4409,2575,1883,692,349,247,102,99,67,32,4865,1476,3389,77,55,22,18,13,5,4,1,3,240,76,164,
34,State-PUDUCHERRY,Rural,5-19,15313,7526,7787,2735,1955,780,546,362,184,145,81,64,6628,2507,4121,127,79,48,49,26,23,5,1,4,5078,2515,2563,
34,State-PUDUCHERRY,Rural,5,2511,1234,1277,5,4,1,1,1,0,0,0,0,76,36,40,16,10,6,12,4,8,1,0,1,2400,1179,1221,
34,State-PUDUCHERRY,Rural,6,1449,759,690,4,3,1,0,0,0,0,0,0,69,38,31,9,8,1,3,1,2,0,0,0,1364,709,655,
34,State-PUDUCHERRY,Rural,7,401,197,204,8,5,3,1,0,1,0,0,0,73,36,37,2,2,0,1,0,1,0,0,0,316,154,162,
34,State-PUDUCHERRY,Rural,8,198,98,100,8,5,3,1,0,1,0,0,0,46,21,25,0,0,0,1,0,1,0,0,0,142,72,70,
34,State-PUDUCHERRY,Rural,9,180,106,74,3,2,1,2,2,0,1,1,0,67,37,30,1,1,0,1,1,0,0,0,0,105,62,43,
34,State-PUDUCHERRY,Rural,10,289,147,142,8,4,4,2,1,1,0,0,0,75,38,37,5,4,1,3,2,1,0,0,0,196,98,98,
34,State-PUDUCHERRY,Rural,11,228,120,108,15,13,2,7,4,3,2,2,0,93,42,51,2,1,1,2,1,1,0,0,0,107,57,50,
34,State-PUDUCHERRY,Rural,12,207,98,109,38,28,10,5,2,3,3,1,2,117,47,70,7,3,4,1,0,1,1,1,0,35,16,19,
34,State-PUDUCHERRY,Rural,13,240,135,105,49,38,11,11,7,4,2,1,1,131,62,69,3,2,1,1,0,1,0,0,0,43,25,18,
34,State-PUDUCHERRY,Rural,14,334,177,157,68,45,23,17,13,4,5,2,3,192,92,100,5,2,3,1,1,0,0,0,0,46,22,24,
34,State-PUDUCHERRY,Rural,15,567,283,284,119,90,29,27,14,13,3,2,1,343,151,192,9,7,2,3,2,1,1,0,1,62,17,45,
34,State-PUDUCHERRY,Rural,16,967,517,450,224,162,62,51,31,20,13,7,6,621,286,335,10,8,2,3,3,0,0,0,0,45,20,25,
34,State-PUDUCHERRY,Rural,17,1601,777,824,412,283,129,77,52,25,21,12,9,1017,395,622,15,8,7,5,2,3,0,0,0,54,25,29,
34,State-PUDUCHERRY,Rural,18,2752,1270,1482,780,546,234,141,93,48,40,21,19,1677,566,1111,24,10,14,5,4,1,0,0,0,85,30,55,
34,State-PUDUCHERRY,Rural,19,3389,1608,1781,994,727,267,203,142,61,55,32,23,2031,660,1371,19,13,6,7,5,2,2,0,2,78,29,49,
34,State-PUDUCHERRY,Urban,5-19,26850,13313,13537,4562,3354,1208,494,352,142,156,109,47,9822,3502,6320,276,201,75,67,43,24,13,7,6,11460,5745,5715,
34,State-PUDUCHERRY,Urban,5,5647,2829,2818,4,3,1,2,1,1,0,0,0,147,61,86,20,15,5,10,6,4,0,0,0,5464,2743,2721,
34,State-PUDUCHERRY,Urban,6,3587,1855,1732,1,1,0,1,1,0,1,1,0,184,97,87,19,11,8,7,6,1,1,1,0,3373,1737,1636,
34,State-PUDUCHERRY,Urban,7,832,445,387,3,1,2,3,2,1,0,0,0,123,63,60,7,3,4,2,1,1,2,2,0,692,373,319,
34,State-PUDUCHERRY,Urban,8,399,193,206,11,5,6,4,2,2,0,0,0,117,59,58,3,0,3,1,0,1,0,0,0,263,127,136,
34,State-PUDUCHERRY,Urban,9,361,181,180,5,3,2,2,1,1,0,0,0,127,58,69,5,3,2,2,1,1,1,1,0,219,114,105,
34,State-PUDUCHERRY,Urban,10,469,244,225,8,7,1,2,1,1,0,0,0,124,62,62,6,5,1,2,0,2,0,0,0,327,169,158,
34,State-PUDUCHERRY,Urban,11,397,194,203,45,34,11,5,2,3,1,1,0,171,74,97,6,5,1,0,0,0,0,0,0,169,78,91,
34,State-PUDUCHERRY,Urban,12,447,246,201,78,56,22,8,6,2,0,0,0,227,111,116,5,5,0,4,3,1,1,0,1,124,65,59,
34,State-PUDUCHERRY,Urban,13,438,228,210,81,60,21,8,5,3,3,3,0,255,120,135,6,5,1,0,0,0,0,0,0,85,35,50,
34,State-PUDUCHERRY,Urban,14,609,325,284,114,85,29,21,16,5,7,5,2,350,150,200,8,8,0,4,4,0,0,0,0,105,57,48,
34,State-PUDUCHERRY,Urban,15,1036,555,481,295,219,76,21,15,6,16,11,5,552,244,308,23,15,8,2,1,1,1,0,1,126,50,76,
34,State-PUDUCHERRY,Urban,16,1475,766,709,422,310,112,58,38,20,26,17,9,841,335,506,27,22,5,4,1,3,1,0,1,96,43,53,
34,State-PUDUCHERRY,Urban,17,2295,1142,1153,680,498,182,75,56,19,16,12,4,1391,516,875,26,20,6,4,4,0,1,0,1,102,36,66,
34,State-PUDUCHERRY,Urban,18,4020,1900,2120,1234,916,318,138,101,37,42,24,18,2379,736,1643,57,42,15,14,8,6,3,2,1,153,71,82,
34,State-PUDUCHERRY,Urban,19,4838,2210,2628,1581,1156,425,146,105,41,44,35,9,2834,816,2018,58,42,16,11,8,3,2,1,1,162,47,115,
35,State-ANDAMAN & NICOBAR ISLANDS,Total,5-19,17725,9139,8586,2320,1965,355,799,548,251,320,233,87,6602,2524,4078,345,230,115,85,53,32,16,10,6,7238,3576,3662,
35,State-ANDAMAN & NICOBAR ISLANDS,Total,5,3477,1743,1734,1,1,0,2,1,1,0,0,0,32,18,14,41,26,15,16,10,6,1,1,0,3384,1686,1698,
35,State-ANDAMAN & NICOBAR ISLANDS,Total,6,2303,1139,1164,3,3,0,1,1,0,0,0,0,73,31,42,31,19,12,14,11,3,0,0,0,2181,1074,1107,
35,State-ANDAMAN & NICOBAR ISLANDS,Total,7,550,295,255,6,4,2,0,0,0,0,0,0,49,25,24,6,4,2,3,1,2,0,0,0,486,261,225,
35,State-ANDAMAN & NICOBAR ISLANDS,Total,8,203,110,93,7,4,3,0,0,0,1,0,1,41,21,20,2,1,1,1,1,0,0,0,0,151,83,68,
35,State-ANDAMAN & NICOBAR ISLANDS,Total,9,245,119,126,1,1,0,3,2,1,1,0,1,47,26,21,1,1,0,1,0,1,0,0,0,191,89,102,
35,State-ANDAMAN & NICOBAR ISLANDS,Total,10,282,142,140,5,3,2,1,0,1,1,1,0,57,30,27,3,1,2,0,0,0,0,0,0,215,107,108,
35,State-ANDAMAN & NICOBAR ISLANDS,Total,11,271,157,114,23,20,3,5,4,1,3,3,0,94,41,53,4,3,1,3,2,1,1,1,0,138,83,55,
35,State-ANDAMAN & NICOBAR ISLANDS,Total,12,274,148,126,38,29,9,16,12,4,4,4,0,148,69,79,7,3,4,1,1,0,0,0,0,60,30,30,
35,State-ANDAMAN & NICOBAR ISLANDS,Total,13,299,171,128,54,43,11,9,8,1,11,4,7,167,86,81,4,4,0,3,1,2,1,0,1,50,25,25,
35,State-ANDAMAN & NICOBAR ISLANDS,Total,14,459,246,213,60,44,16,30,18,12,6,5,1,289,140,149,16,10,6,4,1,3,2,0,2,52,28,24,
35,State-ANDAMAN & NICOBAR ISLANDS,Total,15,742,385,357,121,96,25,55,34,21,25,18,7,443,191,252,33,21,12,5,3,2,1,1,0,59,21,38,
35,State-ANDAMAN & NICOBAR ISLANDS,Total,16,966,540,426,192,156,36,65,44,21,31,23,8,599,278,321,29,14,15,4,2,2,3,2,1,43,21,22,
35,State-ANDAMAN & NICOBAR ISLANDS,Total,17,1531,819,712,302,257,45,111,75,36,57,41,16,958,403,555,40,22,18,4,3,1,1,1,0,58,17,41,
35,State-ANDAMAN & NICOBAR ISLANDS,Total,18,2773,1384,1389,660,558,102,212,146,66,91,65,26,1653,540,1113,53,42,11,18,11,7,3,2,1,83,20,63,
35,State-ANDAMAN & NICOBAR ISLANDS,Total,19,3350,1741,1609,847,746,101,289,203,86,89,69,20,1952,625,1327,75,59,16,8,6,2,3,2,1,87,31,56,
35,State-ANDAMAN & NICOBAR ISLANDS,Rural,5-19,12169,6141,6028,1227,1038,189,614,426,188,292,208,84,4709,1783,2926,227,140,87,55,34,21,13,8,5,5032,2504,2528,
35,State-ANDAMAN & NICOBAR ISLANDS,Rural,5,2372,1190,1182,1,1,0,0,0,0,0,0,0,14,7,7,29,19,10,9,6,3,1,1,0,2318,1156,1162,
35,State-ANDAMAN & NICOBAR ISLANDS,Rural,6,1530,763,767,1,1,0,0,0,0,0,0,0,35,14,21,22,11,11,7,7,0,0,0,0,1465,730,735,
35,State-ANDAMAN & NICOBAR ISLANDS,Rural,7,402,220,182,4,3,1,0,0,0,0,0,0,24,15,9,5,3,2,2,0,2,0,0,0,367,199,168,
35,State-ANDAMAN & NICOBAR ISLANDS,Rural,8,150,79,71,5,4,1,0,0,0,1,0,1,22,10,12,1,0,1,0,0,0,0,0,0,121,65,56,
35,State-ANDAMAN & NICOBAR ISLANDS,Rural,9,176,84,92,0,0,0,3,2,1,1,0,1,28,13,15,0,0,0,1,0,1,0,0,0,143,69,74,
35,State-ANDAMAN & NICOBAR ISLANDS,Rural,10,198,99,99,3,3,0,1,0,1,1,1,0,39,19,20,2,0,2,0,0,0,0,0,0,152,76,76,
35,State-ANDAMAN & NICOBAR ISLANDS,Rural,11,208,113,95,11,9,2,5,4,1,3,3,0,70,25,45,2,2,0,2,1,1,1,1,0,114,68,46,
35,State-ANDAMAN & NICOBAR ISLANDS,Rural,12,192,103,89,15,11,4,14,10,4,4,4,0,105,51,54,6,3,3,0,0,0,0,0,0,48,24,24,
35,State-ANDAMAN & NICOBAR ISLANDS,Rural,13,199,109,90,27,22,5,5,5,0,11,4,7,116,59,57,3,3,0,2,1,1,0,0,0,35,15,20,
35,State-ANDAMAN & NICOBAR ISLANDS,Rural,14,324,171,153,29,20,9,19,11,8,6,5,1,212,102,110,14,9,5,3,1,2,2,0,2,39,23,16,
35,State-ANDAMAN & NICOBAR ISLANDS,Rural,15,514,254,260,64,48,16,44,27,17,21,15,6,322,132,190,22,13,9,2,1,1,1,1,0,38,17,21,
35,State-ANDAMAN & NICOBAR ISLANDS,Rural,16,682,377,305,105,87,18,51,33,18,29,22,7,438,208,230,22,11,11,4,2,2,2,1,1,31,13,18,
35,State-ANDAMAN & NICOBAR ISLANDS,Rural,17,1078,563,515,171,148,23,85,60,25,53,38,15,690,288,402,27,12,15,3,2,1,1,1,0,48,14,34,
35,State-ANDAMAN & NICOBAR ISLANDS,Rural,18,1896,908,988,354,296,58,169,120,49,84,58,26,1186,388,798,29,22,7,14,8,6,3,2,1,57,14,43,
35,State-ANDAMAN & NICOBAR ISLANDS,Rural,19,2248,1108,1140,437,385,52,218,154,64,78,58,20,1408,452,956,43,32,11,6,5,1,2,1,1,56,21,35,
35,State-ANDAMAN & NICOBAR ISLANDS,Urban,5-19,5556,2998,2558,1093,927,166,185,122,63,28,25,3,1893,741,1152,118,90,28,30,19,11,3,2,1,2206,1072,1134,
35,State-ANDAMAN & NICOBAR ISLANDS,Urban,5,1105,553,552,0,0,0,2,1,1,0,0,0,18,11,7,12,7,5,7,4,3,0,0,0,1066,530,536,
35,State-ANDAMAN & NICOBAR ISLANDS,Urban,6,773,376,397,2,2,0,1,1,0,0,0,0,38,17,21,9,8,1,7,4,3,0,0,0,716,344,372,
35,State-ANDAMAN & NICOBAR ISLANDS,Urban,7,148,75,73,2,1,1,0,0,0,0,0,0,25,10,15,1,1,0,1,1,0,0,0,0,119,62,57,
35,State-ANDAMAN & NICOBAR ISLANDS,Urban,8,53,31,22,2,0,2,0,0,0,0,0,0,19,11,8,1,1,0,1,1,0,0,0,0,30,18,12,
35,State-ANDAMAN & NICOBAR ISLANDS,Urban,9,69,35,34,1,1,0,0,0,0,0,0,0,19,13,6,1,1,0,0,0,0,0,0,0,48,20,28,
35,State-ANDAMAN & NICOBAR ISLANDS,Urban,10,84,43,41,2,0,2,0,0,0,0,0,0,18,11,7,1,1,0,0,0,0,0,0,0,63,31,32,
35,State-ANDAMAN & NICOBAR ISLANDS,Urban,11,63,44,19,12,11,1,0,0,0,0,0,0,24,16,8,2,1,1,1,1,0,0,0,0,24,15,9,
35,State-ANDAMAN & NICOBAR ISLANDS,Urban,12,82,45,37,23,18,5,2,2,0,0,0,0,43,18,25,1,0,1,1,1,0,0,0,0,12,6,6,
35,State-ANDAMAN & NICOBAR ISLANDS,Urban,13,100,62,38,27,21,6,4,3,1,0,0,0,51,27,24,1,1,0,1,0,1,1,0,1,15,10,5,
35,State-ANDAMAN & NICOBAR ISLANDS,Urban,14,135,75,60,31,24,7,11,7,4,0,0,0,77,38,39,2,1,1,1,0,1,0,0,0,13,5,8,
35,State-ANDAMAN & NICOBAR ISLANDS,Urban,15,228,131,97,57,48,9,11,7,4,4,3,1,121,59,62,11,8,3,3,2,1,0,0,0,21,4,17,
35,State-ANDAMAN & NICOBAR ISLANDS,Urban,16,284,163,121,87,69,18,14,11,3,2,1,1,161,70,91,7,3,4,0,0,0,1,1,0,12,8,4,
35,State-ANDAMAN & NICOBAR ISLANDS,Urban,17,453,256,197,131,109,22,26,15,11,4,3,1,268,115,153,13,10,3,1,1,0,0,0,0,10,3,7,
35,State-ANDAMAN & NICOBAR ISLANDS,Urban,18,877,476,401,306,262,44,43,26,17,7,7,0,467,152,315,24,20,4,4,3,1,0,0,0,26,6,20,
35,State-ANDAMAN & NICOBAR ISLANDS,Urban,19,1102,633,469,410,361,49,71,49,22,11,11,0,544,173,371,32,27,5,2,1,1,1,1,0,31,10,21,
