001,District-Kupwara,Total,5-19,90795,42671,48124,1348,1131,217,2139,1565,574,1038,773,265,9745,3555,6190,1470,872,598,2555,1403,1152,971,553,418,71529,32819,38710
001,District-Kupwara,Total,5,20413,10661,9752,10,8,2,4,3,1,5,1,4,124,70,54,141,80,61,201,93,108,24,12,12,19904,10394,9510
001,District-Kupwara,Total,6,15691,8159,7532,3,2,1,9,4,5,0,0,0,164,92,72,127,70,57,179,98,81,17,9,8,15192,7884,7308
001,District-Kupwara,Total,7,6902,3499,3403,9,4,5,11,2,9,1,1,0,214,119,95,66,36,30,99,53,46,11,4,7,6491,3280,3211
001,District-Kupwara,Total,8,4728,2191,2537,13,5,8,7,1,6,3,2,1,231,121,110,80,49,31,74,37,37,18,10,8,4302,1966,2336
001,District-Kupwara,Total,9,3265,1559,1706,19,14,5,6,5,1,4,4,0,221,108,113,59,39,20,58,35,23,19,10,9,2879,1344,1535
001,District-Kupwara,Total,10,5441,2639,2802,19,10,9,17,9,8,1,1,0,321,150,171,69,35,34,111,63,48,31,11,20,4872,2360,2512
001,District-Kupwara,Total,11,3507,1628,1879,46,39,7,28,20,8,12,7,5,338,163,175,67,38,29,96,51,45,35,25,10,2885,1285,1600
001,District-Kupwara,Total,12,3196,1368,1828,52,45,7,47,33,14,17,12,5,448,211,237,57,33,24,122,58,64,44,24,20,2409,952,1457
001,District-Kupwara,Total,13,2602,1119,1483,52,43,9,42,30,12,24,17,7,416,174,242,64,34,30,119,59,60,50,31,19,1835,731,1104
001,District-Kupwara,Total,14,2995,1176,1819,73,56,17,89,55,34,44,30,14,601,227,374,76,43,33,163,82,81,72,40,32,1877,643,1234
001,District-Kupwara,Total,15,3503,1379,2124,104,81,23,171,121,50,80,56,24,817,288,529,100,65,35,235,133,102,116,77,39,1880,558,1322
001,District-Kupwara,Total,16,3990,1489,2501,130,105,25,266,197,69,122,91,31,1145,382,763,96,56,40,258,138,120,124,73,51,1849,447,1402
001,District-Kupwara,Total,17,3443,1319,2124,141,118,23,316,222,94,132,94,38,1098,379,719,119,79,40,194,108,86,100,50,50,1343,269,1074
001,District-Kupwara,Total,18,6477,2529,3948,313,274,39,633,488,145,321,246,75,2091,608,1483,197,119,78,409,250,159,202,109,93,2311,435,1876
001,District-Kupwara,Total,19,4642,1956,2686,364,327,37,493,375,118,272,211,61,1516,463,1053,152,96,56,237,145,92,108,68,40,1500,271,1229
001,District-Kupwara,Rural,5-19,80906,37643,43263,1177,995,182,1937,1422,515,987,732,255,8669,3086,5583,1310,762,548,2324,1254,1070,944,533,411,63558,28859,34699
001,District-Kupwara,Rural,5,18084,9427,8657,10,8,2,4,3,1,5,1,4,108,61,47,127,71,56,167,74,93,21,11,10,17642,9198,8444
001,District-Kupwara,Rural,6,13813,7156,6657,3,2,1,8,3,5,0,0,0,142,78,64,116,62,54,153,83,70,16,8,8,13375,6920,6455
001,District-Kupwara,Rural,7,6105,3095,3010,8,3,5,8,1,7,1,1,0,182,102,80,59,31,28,89,47,42,11,4,7,5747,2906,2841
001,District-Kupwara,Rural,8,4196,1943,2253,12,5,7,5,0,5,3,2,1,201,104,97,58,31,27,66,31,35,17,10,7,3834,1760,2074
001,District-Kupwara,Rural,9,2868,1352,1516,15,10,5,5,4,1,3,3,0,194,95,99,47,30,17,50,32,18,19,10,9,2535,1168,1367
001,District-Kupwara,Rural,10,4810,2325,2485,14,6,8,14,8,6,1,1,0,256,115,141,61,33,28,100,56,44,28,9,19,4336,2097,2239
001,District-Kupwara,Rural,11,3105,1417,1688,38,31,7,25,17,8,11,7,4,295,138,157,59,32,27,84,44,40,35,25,10,2558,1123,1435
001,District-Kupwara,Rural,12,2807,1170,1637,42,38,4,38,26,12,17,12,5,393,178,215,53,30,23,109,54,55,44,24,20,2111,808,1303
001,District-Kupwara,Rural,13,2306,958,1348,38,32,6,39,27,12,23,16,7,360,147,213,57,32,25,112,55,57,49,30,19,1628,619,1009
001,District-Kupwara,Rural,14,2638,1014,1624,59,48,11,81,50,31,42,28,14,518,190,328,69,40,29,149,73,76,69,38,31,1651,547,1104
001,District-Kupwara,Rural,15,3191,1228,1963,82,65,17,159,113,46,75,52,23,730,250,480,87,55,32,224,124,100,114,75,39,1720,494,1226
001,District-Kupwara,Rural,16,3626,1327,2299,119,96,23,234,177,57,119,89,30,1037,342,695,87,49,38,240,127,113,122,72,50,1668,375,1293
001,District-Kupwara,Rural,17,3165,1183,1982,129,110,19,286,199,87,127,89,38,998,336,662,112,73,39,178,96,82,96,47,49,1239,233,1006
001,District-Kupwara,Rural,18,5965,2296,3669,291,256,35,576,450,126,304,232,72,1899,537,1362,182,109,73,383,228,155,197,104,93,2133,380,1753
001,District-Kupwara,Rural,19,4227,1752,2475,317,285,32,455,344,111,256,199,57,1356,413,943,136,84,52,220,130,90,106,66,40,1381,231,1150
001,District-Kupwara,Urban,5-19,9889,5028,4861,171,136,35,202,143,59,51,41,10,1076,469,607,160,110,50,231,149,82,27,20,7,7971,3960,4011
001,District-Kupwara,Urban,5,2329,1234,1095,0,0,0,0,0,0,0,0,0,16,9,7,14,9,5,34,19,15,3,1,2,2262,1196,1066
001,District-Kupwara,Urban,6,1878,1003,875,0,0,0,1,1,0,0,0,0,22,14,8,11,8,3,26,15,11,1,1,0,1817,964,853
001,District-Kupwara,Urban,7,797,404,393,1,1,0,3,1,2,0,0,0,32,17,15,7,5,2,10,6,4,0,0,0,744,374,370
001,District-Kupwara,Urban,8,532,248,284,1,0,1,2,1,1,0,0,0,30,17,13,22,18,4,8,6,2,1,0,1,468,206,262
001,District-Kupwara,Urban,9,397,207,190,4,4,0,1,1,0,1,1,0,27,13,14,12,9,3,8,3,5,0,0,0,344,176,168
001,District-Kupwara,Urban,10,631,314,317,5,4,1,3,1,2,0,0,0,65,35,30,8,2,6,11,7,4,3,2,1,536,263,273
001,District-Kupwara,Urban,11,402,211,191,8,8,0,3,3,0,1,0,1,43,25,18,8,6,2,12,7,5,0,0,0,327,162,165
001,District-Kupwara,Urban,12,389,198,191,10,7,3,9,7,2,0,0,0,55,33,22,4,3,1,13,4,9,0,0,0,298,144,154
001,District-Kupwara,Urban,13,296,161,135,14,11,3,3,3,0,1,1,0,56,27,29,7,2,5,7,4,3,1,1,0,207,112,95
001,District-Kupwara,Urban,14,357,162,195,14,8,6,8,5,3,2,2,0,83,37,46,7,3,4,14,9,5,3,2,1,226,96,130
001,District-Kupwara,Urban,15,312,151,161,22,16,6,12,8,4,5,4,1,87,38,49,13,10,3,11,9,2,2,2,0,160,64,96
001,District-Kupwara,Urban,16,364,162,202,11,9,2,32,20,12,3,2,1,108,40,68,9,7,2,18,11,7,2,1,1,181,72,109
001,District-Kupwara,Urban,17,278,136,142,12,8,4,30,23,7,5,5,0,100,43,57,7,6,1,16,12,4,4,3,1,104,36,68
001,District-Kupwara,Urban,18,512,233,279,22,18,4,57,38,19,17,14,3,192,71,121,15,10,5,26,22,4,5,5,0,178,55,123
001,District-Kupwara,Urban,19,415,204,211,47,42,5,38,31,7,16,12,4,160,50,110,16,12,4,17,15,2,2,2,0,119,40,79
002,District-Badgam,Total,5-19,90117,44145,45972,2206,1762,444,2413,1478,935,922,460,462,6884,2682,4202,2965,1739,1226,3700,1601,2099,1140,449,691,69887,33974,35913
002,District-Badgam,Total,5,19390,10580,8810,0,0,0,1,0,1,0,0,0,103,59,44,51,33,18,62,30,32,3,0,3,19170,10458,8712
002,District-Badgam,Total,6,15763,8450,7313,5,4,1,4,4,0,0,0,0,201,100,101,69,48,21,52,30,22,4,2,2,15428,8262,7166
002,District-Badgam,Total,7,6807,3529,3278,1,1,0,6,2,4,1,1,0,132,75,57,32,15,17,48,26,22,8,6,2,6579,3403,3176
002,District-Badgam,Total,8,5165,2632,2533,9,4,5,6,4,2,2,1,1,161,83,78,46,30,16,56,32,24,10,7,3,4875,2471,2404
002,District-Badgam,Total,9,3272,1644,1628,9,5,4,6,5,1,1,0,1,127,64,63,37,22,15,78,46,32,10,4,6,3004,1498,1506
002,District-Badgam,Total,10,4806,2370,2436,6,5,1,10,1,9,5,3,2,223,111,112,94,54,40,103,48,55,22,8,14,4343,2140,2203
002,District-Badgam,Total,11,3105,1470,1635,24,17,7,17,13,4,8,4,4,192,85,107,97,60,37,119,62,57,21,8,13,2627,1221,1406
002,District-Badgam,Total,12,3066,1389,1677,60,51,9,40,20,20,15,10,5,243,119,124,143,85,58,188,81,107,64,27,37,2313,996,1317
002,District-Badgam,Total,13,2456,1051,1405,57,44,13,48,33,15,15,9,6,269,101,168,111,60,51,202,86,116,46,20,26,1708,698,1010
002,District-Badgam,Total,14,3004,1227,1777,98,83,15,102,62,40,41,20,21,368,145,223,235,124,111,326,136,190,103,43,60,1731,614,1117
002,District-Badgam,Total,15,3560,1475,2085,164,129,35,210,110,100,87,37,50,626,254,372,319,188,131,360,157,203,135,50,85,1659,550,1109
002,District-Badgam,Total,16,4341,1783,2558,238,190,48,332,208,124,128,67,61,847,316,531,347,201,146,477,187,290,167,74,93,1805,540,1265
002,District-Badgam,Total,17,3890,1640,2250,323,250,73,369,212,157,148,77,71,829,312,517,335,186,149,384,156,228,148,48,100,1354,399,955
002,District-Badgam,Total,18,6744,2841,3903,627,498,129,728,457,271,290,148,142,1464,475,989,640,389,251,778,320,458,248,100,148,1969,454,1515
002,District-Badgam,Total,19,4748,2064,2684,585,481,104,534,347,187,181,83,98,1099,383,716,409,244,165,467,204,263,151,52,99,1322,270,1052
002,District-Badgam,Rural,5-19,83861,40913,42948,1947,1545,402,2291,1385,906,879,438,441,6211,2425,3786,2841,1651,1190,3551,1499,2052,1117,437,680,65024,31533,33491
002,District-Badgam,Rural,5,17940,9793,8147,0,0,0,1,0,1,0,0,0,94,52,42,46,31,15,58,29,29,3,0,3,17738,9681,8057
002,District-Badgam,Rural,6,14514,7798,6716,3,3,0,4,4,0,0,0,0,179,90,89,64,44,20,49,28,21,4,2,2,14211,7627,6584
002,District-Badgam,Rural,7,6358,3297,3061,1,1,0,6,2,4,0,0,0,122,67,55,30,14,16,44,23,21,8,6,2,6147,3184,2963
002,District-Badgam,Rural,8,4849,2462,2387,7,4,3,6,4,2,1,1,0,147,77,70,43,29,14,53,30,23,6,5,1,4586,2312,2274
002,District-Badgam,Rural,9,3043,1519,1524,8,4,4,6,5,1,1,0,1,116,56,60,36,21,15,65,36,29,10,4,6,2801,1393,1408
002,District-Badgam,Rural,10,4470,2178,2292,6,5,1,10,1,9,4,3,1,206,105,101,90,50,40,99,45,54,21,8,13,4034,1961,2073
002,District-Badgam,Rural,11,2892,1367,1525,19,12,7,16,12,4,8,4,4,178,78,100,93,56,37,108,53,55,21,8,13,2449,1144,1305
002,District-Badgam,Rural,12,2912,1321,1591,55,48,7,38,18,20,15,10,5,222,112,110,139,82,57,185,79,106,63,26,37,2195,946,1249
002,District-Badgam,Rural,13,2312,975,1337,49,37,12,46,31,15,14,8,6,255,96,159,107,58,49,191,77,114,46,20,26,1604,648,956
002,District-Badgam,Rural,14,2872,1177,1695,88,75,13,98,60,38,39,18,21,340,136,204,229,120,109,324,136,188,101,42,59,1653,590,1063
002,District-Badgam,Rural,15,3383,1390,1993,150,118,32,200,102,98,84,36,48,577,230,347,308,180,128,351,151,200,134,50,84,1579,523,1056
002,District-Badgam,Rural,16,4091,1678,2413,215,170,45,323,201,122,124,66,58,770,295,475,333,190,143,462,177,285,165,72,93,1699,507,1192
002,District-Badgam,Rural,17,3637,1518,2119,297,228,69,343,193,150,140,72,68,749,281,468,322,178,144,369,145,224,147,47,100,1270,374,896
002,District-Badgam,Rural,18,6289,2616,3673,556,440,116,690,428,262,278,141,137,1301,414,887,615,371,244,752,306,446,240,96,144,1857,420,1437
002,District-Badgam,Rural,19,4299,1824,2475,493,400,93,504,324,180,171,79,92,955,336,619,386,227,159,441,184,257,148,51,97,1201,223,978
002,District-Badgam,Urban,5-19,6256,3232,3024,259,217,42,122,93,29,43,22,21,673,257,416,124,88,36,149,102,47,23,12,11,4863,2441,2422
002,District-Badgam,Urban,5,1450,787,663,0,0,0,0,0,0,0,0,0,9,7,2,5,2,3,4,1,3,0,0,0,1432,777,655
002,District-Badgam,Urban,6,1249,652,597,2,1,1,0,0,0,0,0,0,22,10,12,5,4,1,3,2,1,0,0,0,1217,635,582
002,District-Badgam,Urban,7,449,232,217,0,0,0,0,0,0,1,1,0,10,8,2,2,1,1,4,3,1,0,0,0,432,219,213
002,District-Badgam,Urban,8,316,170,146,2,0,2,0,0,0,1,0,1,14,6,8,3,1,2,3,2,1,4,2,2,289,159,130
002,District-Badgam,Urban,9,229,125,104,1,1,0,0,0,0,0,0,0,11,8,3,1,1,0,13,10,3,0,0,0,203,105,98
002,District-Badgam,Urban,10,336,192,144,0,0,0,0,0,0,1,0,1,17,6,11,4,4,0,4,3,1,1,0,1,309,179,130
002,District-Badgam,Urban,11,213,103,110,5,5,0,1,1,0,0,0,0,14,7,7,4,4,0,11,9,2,0,0,0,178,77,101
002,District-Badgam,Urban,12,154,68,86,5,3,2,2,2,0,0,0,0,21,7,14,4,3,1,3,2,1,1,1,0,118,50,68
002,District-Badgam,Urban,13,144,76,68,8,7,1,2,2,0,1,1,0,14,5,9,4,2,2,11,9,2,0,0,0,104,50,54
002,District-Badgam,Urban,14,132,50,82,10,8,2,4,2,2,2,2,0,28,9,19,6,4,2,2,0,2,2,1,1,78,24,54
002,District-Badgam,Urban,15,177,85,92,14,11,3,10,8,2,3,1,2,49,24,25,11,8,3,9,6,3,1,0,1,80,27,53
002,District-Badgam,Urban,16,250,105,145,23,20,3,9,7,2,4,1,3,77,21,56,14,11,3,15,10,5,2,2,0,106,33,73
002,District-Badgam,Urban,17,253,122,131,26,22,4,26,19,7,8,5,3,80,31,49,13,8,5,15,11,4,1,1,0,84,25,59
002,District-Badgam,Urban,18,455,225,230,71,58,13,38,29,9,12,7,5,163,61,102,25,18,7,26,14,12,8,4,4,112,34,78
002,District-Badgam,Urban,19,449,240,209,92,81,11,30,23,7,10,4,6,144,47,97,23,17,6,26,20,6,3,1,2,121,47,74
003,District-Leh(Ladakh),Total,5-19,3915,2107,1808,481,387,94,241,147,94,44,29,15,557,269,288,186,82,104,115,36,79,24,9,15,2267,1148,1119
003,District-Leh(Ladakh),Total,5,924,486,438,1,0,1,0,0,0,0,0,0,18,7,11,18,9,9,6,3,3,1,1,0,880,466,414
003,District-Leh(Ladakh),Total,6,680,357,323,1,0,1,0,0,0,0,0,0,9,5,4,14,11,3,4,3,1,2,0,2,650,338,312
003,District-Leh(Ladakh),Total,7,247,117,130,1,0,1,0,0,0,1,1,0,12,5,7,4,2,2,4,0,4,0,0,0,225,109,116
003,District-Leh(Ladakh),Total,8,96,40,56,1,0,1,0,0,0,0,0,0,9,3,6,0,0,0,1,0,1,0,0,0,85,37,48
003,District-Leh(Ladakh),Total,9,96,39,57,0,0,0,1,1,0,0,0,0,17,10,7,4,0,4,0,0,0,1,0,1,73,28,45
003,District-Leh(Ladakh),Total,10,126,62,64,1,0,1,0,0,0,0,0,0,10,3,7,4,0,4,0,0,0,0,0,0,111,59,52
003,District-Leh(Ladakh),Total,11,87,47,40,11,8,3,4,0,4,2,2,0,10,7,3,9,4,5,2,0,2,0,0,0,49,26,23
003,District-Leh(Ladakh),Total,12,71,42,29,18,16,2,2,2,0,2,1,1,23,13,10,1,0,1,1,1,0,1,1,0,23,8,15
003,District-Leh(Ladakh),Total,13,83,43,40,19,16,3,5,3,2,4,2,2,21,6,15,4,1,3,5,2,3,1,0,1,24,13,11
003,District-Leh(Ladakh),Total,14,101,55,46,30,24,6,5,2,3,1,1,0,27,15,12,9,3,6,5,0,5,2,0,2,22,10,12
003,District-Leh(Ladakh),Total,15,146,71,75,20,14,6,18,12,6,3,2,1,52,27,25,14,2,12,14,4,10,1,0,1,24,10,14
003,District-Leh(Ladakh),Total,16,172,95,77,37,24,13,19,13,6,6,5,1,53,25,28,22,11,11,12,6,6,1,0,1,22,11,11
003,District-Leh(Ladakh),Total,17,232,134,98,57,47,10,33,16,17,4,3,1,75,40,35,22,10,12,14,4,10,4,3,1,23,11,12
003,District-Leh(Ladakh),Total,18,364,209,155,99,77,22,59,37,22,11,7,4,103,51,52,31,13,18,28,11,17,4,0,4,29,13,16
003,District-Leh(Ladakh),Total,19,490,310,180,185,161,24,95,61,34,10,5,5,118,52,66,30,16,14,19,2,17,6,4,2,27,9,18
003,District-Leh(Ladakh),Rural,5-19,3031,1589,1442,351,270,81,219,129,90,41,27,14,429,212,217,175,76,99,103,26,77,23,9,14,1690,840,850
003,District-Leh(Ladakh),Rural,5,701,367,334,1,0,1,0,0,0,0,0,0,16,7,9,17,9,8,6,3,3,1,1,0,660,347,313
003,District-Leh(Ladakh),Rural,6,519,264,255,1,0,1,0,0,0,0,0,0,8,4,4,13,10,3,2,1,1,2,0,2,493,249,244
003,District-Leh(Ladakh),Rural,7,187,89,98,1,0,1,0,0,0,1,1,0,7,3,4,4,2,2,4,0,4,0,0,0,170,83,87
003,District-Leh(Ladakh),Rural,8,70,29,41,1,0,1,0,0,0,0,0,0,6,3,3,0,0,0,1,0,1,0,0,0,62,26,36
003,District-Leh(Ladakh),Rural,9,72,28,44,0,0,0,1,1,0,0,0,0,9,6,3,4,0,4,0,0,0,1,0,1,57,21,36
003,District-Leh(Ladakh),Rural,10,84,41,43,1,0,1,0,0,0,0,0,0,6,1,5,4,0,4,0,0,0,0,0,0,73,40,33
003,District-Leh(Ladakh),Rural,11,67,33,34,11,8,3,4,0,4,2,2,0,7,5,2,8,3,5,2,0,2,0,0,0,33,15,18
003,District-Leh(Ladakh),Rural,12,51,34,17,16,14,2,2,2,0,2,1,1,16,10,6,1,0,1,1,1,0,1,1,0,12,5,7
003,District-Leh(Ladakh),Rural,13,70,35,35,17,14,3,5,3,2,4,2,2,17,5,12,4,1,3,4,1,3,1,0,1,18,9,9
003,District-Leh(Ladakh),Rural,14,83,41,42,23,19,4,5,2,3,1,1,0,19,8,11,9,3,6,5,0,5,2,0,2,19,8,11
003,District-Leh(Ladakh),Rural,15,121,58,63,18,13,5,15,9,6,3,2,1,39,22,17,14,2,12,14,4,10,1,0,1,17,6,11
003,District-Leh(Ladakh),Rural,16,141,81,60,29,20,9,18,13,5,6,5,1,39,22,17,21,10,11,9,3,6,1,0,1,18,8,10
003,District-Leh(Ladakh),Rural,17,201,111,90,52,42,10,29,12,17,3,2,1,62,32,30,19,8,11,14,4,10,4,3,1,18,8,10
003,District-Leh(Ladakh),Rural,18,296,159,137,77,55,22,53,32,21,10,6,4,78,37,41,29,12,17,25,9,16,3,0,3,21,8,13
003,District-Leh(Ladakh),Rural,19,368,219,149,103,85,18,87,55,32,9,5,4,100,47,53,28,16,12,16,0,16,6,4,2,19,7,12
003,District-Leh(Ladakh),Urban,5-19,884,518,366,130,117,13,22,18,4,3,2,1,128,57,71,11,6,5,12,10,2,1,0,1,577,308,269
003,District-Leh(Ladakh),Urban,5,223,119,104,0,0,0,0,0,0,0,0,0,2,0,2,1,0,1,0,0,0,0,0,0,220,119,101
003,District-Leh(Ladakh),Urban,6,161,93,68,0,0,0,0,0,0,0,0,0,1,1,0,1,1,0,2,2,0,0,0,0,157,89,68
003,District-Leh(Ladakh),Urban,7,60,28,32,0,0,0,0,0,0,0,0,0,5,2,3,0,0,0,0,0,0,0,0,0,55,26,29
003,District-Leh(Ladakh),Urban,8,26,11,15,0,0,0,0,0,0,0,0,0,3,0,3,0,0,0,0,0,0,0,0,0,23,11,12
003,District-Leh(Ladakh),Urban,9,24,11,13,0,0,0,0,0,0,0,0,0,8,4,4,0,0,0,0,0,0,0,0,0,16,7,9
003,District-Leh(Ladakh),Urban,10,42,21,21,0,0,0,0,0,0,0,0,0,4,2,2,0,0,0,0,0,0,0,0,0,38,19,19
003,District-Leh(Ladakh),Urban,11,20,14,6,0,0,0,0,0,0,0,0,0,3,2,1,1,1,0,0,0,0,0,0,0,16,11,5
003,District-Leh(Ladakh),Urban,12,20,8,12,2,2,0,0,0,0,0,0,0,7,3,4,0,0,0,0,0,0,0,0,0,11,3,8
003,District-Leh(Ladakh),Urban,13,13,8,5,2,2,0,0,0,0,0,0,0,4,1,3,0,0,0,1,1,0,0,0,0,6,4,2
003,District-Leh(Ladakh),Urban,14,18,14,4,7,5,2,0,0,0,0,0,0,8,7,1,0,0,0,0,0,0,0,0,0,3,2,1
003,District-Leh(Ladakh),Urban,15,25,13,12,2,1,1,3,3,0,0,0,0,13,5,8,0,0,0,0,0,0,0,0,0,7,4,3
003,District-Leh(Ladakh),Urban,16,31,14,17,8,4,4,1,0,1,0,0,0,14,3,11,1,1,0,3,3,0,0,0,0,4,3,1
003,District-Leh(Ladakh),Urban,17,31,23,8,5,5,0,4,4,0,1,1,0,13,8,5,3,2,1,0,0,0,0,0,0,5,3,2
003,District-Leh(Ladakh),Urban,18,68,50,18,22,22,0,6,5,1,1,1,0,25,14,11,2,1,1,3,2,1,1,0,1,8,5,3
003,District-Leh(Ladakh),Urban,19,122,91,31,82,76,6,8,6,2,1,0,1,18,5,13,2,0,2,3,2,1,0,0,0,8,2,6
004,District-Kargil,Total,5-19,7267,3260,4007,178,144,34,265,174,91,165,112,53,1067,386,681,70,39,31,173,46,127,149,59,90,5200,2300,2900
004,District-Kargil,Total,5,1946,940,1006,0,0,0,0,0,0,0,0,0,18,10,8,4,1,3,4,3,1,6,3,3,1914,923,991
004,District-Kargil,Total,6,1297,650,647,2,2,0,1,1,0,0,0,0,18,5,13,6,4,2,6,5,1,5,3,2,1259,630,629
004,District-Kargil,Total,7,543,286,257,1,1,0,0,0,0,0,0,0,34,20,14,4,3,1,1,1,0,2,1,1,501,260,241
004,District-Kargil,Total,8,236,111,125,0,0,0,0,0,0,0,0,0,18,8,10,2,2,0,1,0,1,3,2,1,212,99,113
004,District-Kargil,Total,9,151,66,85,0,0,0,2,2,0,1,1,0,16,9,7,2,2,0,7,1,6,4,1,3,119,50,69
004,District-Kargil,Total,10,229,119,110,2,2,0,1,1,0,1,0,1,28,16,12,2,1,1,4,2,2,2,1,1,189,96,93
004,District-Kargil,Total,11,161,80,81,6,5,1,2,0,2,3,1,2,32,14,18,1,1,0,2,1,1,2,0,2,113,58,55
004,District-Kargil,Total,12,141,55,86,6,5,1,7,3,4,3,2,1,31,12,19,5,3,2,2,0,2,5,2,3,82,28,54
004,District-Kargil,Total,13,114,51,63,6,4,2,4,3,1,3,3,0,24,11,13,4,2,2,9,3,6,4,1,3,60,24,36
004,District-Kargil,Total,14,173,69,104,11,11,0,15,7,8,9,7,2,38,14,24,1,1,0,7,1,6,10,4,6,82,24,58
004,District-Kargil,Total,15,278,90,188,14,11,3,14,9,5,6,6,0,85,32,53,4,3,1,18,3,15,14,6,8,123,20,103
004,District-Kargil,Total,16,314,100,214,16,14,2,19,10,9,11,6,5,108,33,75,10,5,5,9,1,8,19,8,11,122,23,99
004,District-Kargil,Total,17,396,160,236,21,18,3,41,27,14,32,21,11,151,55,96,3,2,1,18,3,15,13,5,8,117,29,88
004,District-Kargil,Total,18,635,217,418,26,19,7,71,51,20,46,29,17,234,69,165,8,2,6,47,11,36,31,14,17,172,22,150
004,District-Kargil,Total,19,653,266,387,67,52,15,88,60,28,50,36,14,232,78,154,14,7,7,38,11,27,29,8,21,135,14,121
004,District-Kargil,Rural,5-19,6775,3021,3754,148,120,28,255,171,84,162,110,52,1000,364,636,60,34,26,170,44,126,146,56,90,4834,2122,2712
004,District-Kargil,Rural,5,1816,876,940,0,0,0,0,0,0,0,0,0,15,10,5,4,1,3,3,2,1,6,3,3,1788,860,928
004,District-Kargil,Rural,6,1182,590,592,2,2,0,1,1,0,0,0,0,15,4,11,4,2,2,6,5,1,5,3,2,1149,573,576
004,District-Kargil,Rural,7,500,263,237,1,1,0,0,0,0,0,0,0,34,20,14,4,3,1,1,1,0,2,1,1,458,237,221
004,District-Kargil,Rural,8,214,102,112,0,0,0,0,0,0,0,0,0,17,8,9,2,2,0,1,0,1,3,2,1,191,90,101
004,District-Kargil,Rural,9,141,62,79,0,0,0,2,2,0,1,1,0,14,9,5,2,2,0,7,1,6,4,1,3,111,46,65
004,District-Kargil,Rural,10,220,113,107,2,2,0,1,1,0,1,0,1,28,16,12,2,1,1,4,2,2,2,1,1,180,90,90
004,District-Kargil,Rural,11,158,78,80,6,5,1,2,0,2,3,1,2,31,14,17,1,1,0,2,1,1,2,0,2,111,56,55
004,District-Kargil,Rural,12,132,50,82,5,4,1,6,3,3,3,2,1,29,11,18,4,3,1,2,0,2,5,2,3,78,25,53
004,District-Kargil,Rural,13,102,42,60,4,3,1,4,3,1,3,3,0,23,10,13,4,2,2,9,3,6,3,0,3,52,18,34
004,District-Kargil,Rural,14,163,63,100,8,8,0,15,7,8,9,7,2,37,13,24,1,1,0,7,1,6,9,3,6,77,23,54
004,District-Kargil,Rural,15,264,87,177,11,9,2,14,9,5,6,6,0,79,32,47,3,2,1,17,3,14,14,6,8,120,20,100
004,District-Kargil,Rural,16,291,95,196,15,13,2,17,10,7,11,6,5,99,31,68,9,5,4,9,1,8,18,7,11,113,22,91
004,District-Kargil,Rural,17,382,152,230,18,16,2,41,27,14,30,20,10,146,52,94,3,2,1,18,3,15,13,5,8,113,27,86
004,District-Kargil,Rural,18,599,206,393,22,16,6,71,51,20,45,28,17,212,62,150,6,2,4,47,11,36,31,14,17,165,22,143
004,District-Kargil,Rural,19,611,242,369,54,41,13,81,57,24,50,36,14,221,72,149,11,5,6,37,10,27,29,8,21,128,13,115
004,District-Kargil,Urban,5-19,492,239,253,30,24,6,10,3,7,3,2,1,67,22,45,10,5,5,3,2,1,3,3,0,366,178,188
004,District-Kargil,Urban,5,130,64,66,0,0,0,0,0,0,0,0,0,3,0,3,0,0,0,1,1,0,0,0,0,126,63,63
004,District-Kargil,Urban,6,115,60,55,0,0,0,0,0,0,0,0,0,3,1,2,2,2,0,0,0,0,0,0,0,110,57,53
004,District-Kargil,Urban,7,43,23,20,0,0,0,0,0,0,0,0,0,0,0,0,0,0,0,0,0,0,0,0,0,43,23,20
004,District-Kargil,Urban,8,22,9,13,0,0,0,0,0,0,0,0,0,1,0,1,0,0,0,0,0,0,0,0,0,21,9,12
004,District-Kargil,Urban,9,10,4,6,0,0,0,0,0,0,0,0,0,2,0,2,0,0,0,0,0,0,0,0,0,8,4,4
004,District-Kargil,Urban,10,9,6,3,0,0,0,0,0,0,0,0,0,0,0,0,0,0,0,0,0,0,0,0,0,9,6,3
004,District-Kargil,Urban,11,3,2,1,0,0,0,0,0,0,0,0,0,1,0,1,0,0,0,0,0,0,0,0,0,2,2,0
004,District-Kargil,Urban,12,9,5,4,1,1,0,1,0,1,0,0,0,2,1,1,1,0,1,0,0,0,0,0,0,4,3,1
004,District-Kargil,Urban,13,12,9,3,2,1,1,0,0,0,0,0,0,1,1,0,0,0,0,0,0,0,1,1,0,8,6,2
004,District-Kargil,Urban,14,10,6,4,3,3,0,0,0,0,0,0,0,1,1,0,0,0,0,0,0,0,1,1,0,5,1,4
004,District-Kargil,Urban,15,14,3,11,3,2,1,0,0,0,0,0,0,6,0,6,1,1,0,1,0,1,0,0,0,3,0,3
004,District-Kargil,Urban,16,23,5,18,1,1,0,2,0,2,0,0,0,9,2,7,1,0,1,0,0,0,1,1,0,9,1,8
004,District-Kargil,Urban,17,14,8,6,3,2,1,0,0,0,2,1,1,5,3,2,0,0,0,0,0,0,0,0,0,4,2,2
004,District-Kargil,Urban,18,36,11,25,4,3,1,0,0,0,1,1,0,22,7,15,2,0,2,0,0,0,0,0,0,7,0,7
004,District-Kargil,Urban,19,42,24,18,13,11,2,7,3,4,0,0,0,11,6,5,3,2,1,1,1,0,0,0,0,7,1,6
005,District-Punch,Total,5-19,42225,18473,23752,1064,861,203,2116,1372,744,1161,626,535,6172,2085,4087,707,396,311,1279,582,697,811,245,566,28915,12306,16609
005,District-Punch,Total,5,9564,5000,4564,1,1,0,2,1,1,1,1,0,72,28,44,52,26,26,19,10,9,14,5,9,9403,4928,4475
005,District-Punch,Total,6,6496,3259,3237,0,0,0,2,1,1,0,0,0,81,45,36,45,25,20,25,18,7,6,3,3,6337,3167,3170
005,District-Punch,Total,7,2692,1337,1355,4,3,1,4,1,3,1,1,0,130,63,67,22,13,9,9,6,3,4,2,2,2518,1248,1270
005,District-Punch,Total,8,1578,709,869,1,1,0,4,3,1,1,0,1,112,56,56,25,17,8,8,5,3,7,4,3,1420,623,797
005,District-Punch,Total,9,1070,442,628,1,1,0,4,0,4,2,1,1,106,48,58,17,9,8,7,3,4,6,3,3,927,377,550
005,District-Punch,Total,10,1492,623,869,4,4,0,6,4,2,3,2,1,163,72,91,44,21,23,15,8,7,19,5,14,1238,507,731
005,District-Punch,Total,11,1032,387,645,13,7,6,12,6,6,11,5,6,179,73,106,31,18,13,21,7,14,24,8,16,741,263,478
005,District-Punch,Total,12,1264,430,834,26,22,4,48,28,20,29,13,16,262,95,167,31,20,11,48,22,26,36,13,23,784,217,567
005,District-Punch,Total,13,1131,374,757,23,21,2,68,36,32,30,12,18,252,87,165,31,20,11,57,25,32,39,11,28,631,162,469
005,District-Punch,Total,14,1337,441,896,45,34,11,98,53,45,54,26,28,385,126,259,39,20,19,75,34,41,48,13,35,593,135,458
005,District-Punch,Total,15,2343,783,1560,96,75,21,158,90,68,129,62,67,718,249,469,63,31,32,151,66,85,106,30,76,922,180,742
005,District-Punch,Total,16,2407,839,1568,102,81,21,266,159,107,130,66,64,734,249,485,59,31,28,172,78,94,92,32,60,852,143,709
005,District-Punch,Total,17,2255,881,1374,143,121,22,316,214,102,159,94,65,730,234,496,48,29,19,160,62,98,83,20,63,616,107,509
005,District-Punch,Total,18,4315,1646,2669,321,255,66,587,400,187,328,184,144,1289,381,908,125,81,44,287,138,149,204,56,148,1174,151,1023
005,District-Punch,Total,19,3249,1322,1927,284,235,49,541,376,165,283,159,124,959,279,680,75,35,40,225,100,125,123,40,83,759,98,661
005,District-Punch,Rural,5-19,41000,17881,23119,978,788,190,2058,1333,725,1136,615,521,5846,1958,3888,698,389,309,1271,575,696,808,245,563,28205,11978,16227
005,District-Punch,Rural,5,9247,4846,4401,1,1,0,2,1,1,1,1,0,69,28,41,51,26,25,18,9,9,14,5,9,9091,4775,4316
005,District-Punch,Rural,6,6307,3159,3148,0,0,0,2,1,1,0,0,0,79,44,35,45,25,20,25,18,7,6,3,3,6150,3068,3082
005,District-Punch,Rural,7,2630,1303,1327,4,3,1,4,1,3,1,1,0,117,53,64,22,13,9,9,6,3,4,2,2,2469,1224,1245
005,District-Punch,Rural,8,1553,693,860,1,1,0,4,3,1,1,0,1,107,52,55,25,17,8,8,5,3,7,4,3,1400,611,789
005,District-Punch,Rural,9,1056,436,620,1,1,0,4,0,4,2,1,1,100,44,56,17,9,8,7,3,4,6,3,3,919,375,544
005,District-Punch,Rural,10,1464,607,857,4,4,0,5,3,2,3,2,1,159,68,91,44,21,23,15,8,7,19,5,14,1215,496,719
005,District-Punch,Rural,11,1015,384,631,12,7,5,12,6,6,11,5,6,171,71,100,31,18,13,21,7,14,24,8,16,733,262,471
005,District-Punch,Rural,12,1240,416,824,22,18,4,48,28,20,29,13,16,251,90,161,30,19,11,47,21,26,36,13,23,777,214,563
005,District-Punch,Rural,13,1110,362,748,21,19,2,68,36,32,30,12,18,244,83,161,31,20,11,56,24,32,39,11,28,621,157,464
005,District-Punch,Rural,14,1312,430,882,43,32,11,97,53,44,54,26,28,373,121,252,39,20,19,74,33,41,48,13,35,584,132,452
005,District-Punch,Rural,15,2279,761,1518,94,75,19,154,87,67,126,60,66,680,237,443,63,31,32,149,64,85,105,30,75,908,177,731
005,District-Punch,Rural,16,2350,812,1538,97,76,21,255,153,102,129,66,63,713,239,474,57,29,28,171,77,94,92,32,60,836,140,696
005,District-Punch,Rural,17,2181,845,1336,131,110,21,308,208,100,156,94,62,692,219,473,48,29,19,160,62,98,82,20,62,604,103,501
005,District-Punch,Rural,18,4151,1574,2577,298,237,61,567,388,179,316,178,138,1200,350,850,123,79,44,286,138,148,203,56,147,1158,148,1010
005,District-Punch,Rural,19,3105,1253,1852,249,204,45,528,365,163,277,156,121,891,259,632,72,33,39,225,100,125,123,40,83,740,96,644
005,District-Punch,Urban,5-19,1225,592,633,86,73,13,58,39,19,25,11,14,326,127,199,9,7,2,8,7,1,3,0,3,710,328,382
005,District-Punch,Urban,5,317,154,163,0,0,0,0,0,0,0,0,0,3,0,3,1,0,1,1,1,0,0,0,0,312,153,159
005,District-Punch,Urban,6,189,100,89,0,0,0,0,0,0,0,0,0,2,1,1,0,0,0,0,0,0,0,0,0,187,99,88
005,District-Punch,Urban,7,62,34,28,0,0,0,0,0,0,0,0,0,13,10,3,0,0,0,0,0,0,0,0,0,49,24,25
005,District-Punch,Urban,8,25,16,9,0,0,0,0,0,0,0,0,0,5,4,1,0,0,0,0,0,0,0,0,0,20,12,8
005,District-Punch,Urban,9,14,6,8,0,0,0,0,0,0,0,0,0,6,4,2,0,0,0,0,0,0,0,0,0,8,2,6
005,District-Punch,Urban,10,28,16,12,0,0,0,1,1,0,0,0,0,4,4,0,0,0,0,0,0,0,0,0,0,23,11,12
005,District-Punch,Urban,11,17,3,14,1,0,1,0,0,0,0,0,0,8,2,6,0,0,0,0,0,0,0,0,0,8,1,7
005,District-Punch,Urban,12,24,14,10,4,4,0,0,0,0,0,0,0,11,5,6,1,1,0,1,1,0,0,0,0,7,3,4
005,District-Punch,Urban,13,21,12,9,2,2,0,0,0,0,0,0,0,8,4,4,0,0,0,1,1,0,0,0,0,10,5,5
005,District-Punch,Urban,14,25,11,14,2,2,0,1,0,1,0,0,0,12,5,7,0,0,0,1,1,0,0,0,0,9,3,6
005,District-Punch,Urban,15,64,22,42,2,0,2,4,3,1,3,2,1,38,12,26,0,0,0,2,2,0,1,0,1,14,3,11
005,District-Punch,Urban,16,57,27,30,5,5,0,11,6,5,1,0,1,21,10,11,2,2,0,1,1,0,0,0,0,16,3,13
005,District-Punch,Urban,17,74,36,38,12,11,1,8,6,2,3,0,3,38,15,23,0,0,0,0,0,0,1,0,1,12,4,8
005,District-Punch,Urban,18,164,72,92,23,18,5,20,12,8,12,6,6,89,31,58,2,2,0,1,0,1,1,0,1,16,3,13
005,District-Punch,Urban,19,144,69,75,35,31,4,13,11,2,6,3,3,68,20,48,3,2,1,0,0,0,0,0,0,19,2,17
006,District-Rajouri,Total,5-19,59428,27743,31685,2366,1899,467,3913,2286,1627,2447,1113,1334,5849,2169,3680,1626,1044,582,4971,1728,3243,3808,1149,2659,34448,16355,18093
006,District-Rajouri,Total,5,12974,6875,6099,2,1,1,6,0,6,0,0,0,120,66,54,69,45,24,119,57,62,47,27,20,12611,6679,5932
006,District-Rajouri,Total,6,9096,4760,4336,0,0,0,3,2,1,0,0,0,133,69,64,55,30,25,152,84,68,76,40,36,8677,4535,4142
006,District-Rajouri,Total,7,3641,1733,1908,5,4,1,4,3,1,1,0,1,98,45,53,31,21,10,102,46,56,154,76,78,3246,1538,1708
006,District-Rajouri,Total,8,2382,1107,1275,2,1,1,7,4,3,4,2,2,93,49,44,25,15,10,117,57,60,216,94,122,1918,885,1033
006,District-Rajouri,Total,9,1380,601,779,5,4,1,8,3,5,9,3,6,77,41,36,22,13,9,95,47,48,145,55,90,1019,435,584
006,District-Rajouri,Total,10,2186,963,1223,6,3,3,14,8,6,16,8,8,109,49,60,54,33,21,192,81,111,256,101,155,1539,680,859
006,District-Rajouri,Total,11,1453,569,884,25,22,3,32,13,19,24,10,14,108,59,49,48,25,23,180,60,120,206,61,145,830,319,511
006,District-Rajouri,Total,12,1882,742,1140,54,44,10,82,40,42,67,32,35,188,73,115,77,50,27,316,123,193,299,81,218,799,299,500
006,District-Rajouri,Total,13,1668,600,1068,60,48,12,121,57,64,85,38,47,232,85,147,80,46,34,289,91,198,252,75,177,549,160,389
006,District-Rajouri,Total,14,2066,774,1292,98,67,31,184,95,89,147,63,84,335,115,220,121,80,41,352,105,247,303,84,219,526,165,361
006,District-Rajouri,Total,15,3148,1243,1905,195,159,36,373,199,174,282,115,167,536,205,331,178,124,54,537,178,359,391,99,292,656,164,492
006,District-Rajouri,Total,16,3570,1441,2129,261,203,58,513,302,211,367,154,213,699,235,464,180,112,68,583,191,392,371,92,279,596,152,444
006,District-Rajouri,Total,17,3209,1441,1768,339,270,69,560,353,207,349,158,191,751,267,484,161,102,59,429,128,301,224,57,167,396,106,290
006,District-Rajouri,Total,18,6140,2812,3328,686,557,129,1067,661,406,627,301,326,1284,458,826,338,221,117,934,317,617,536,143,393,668,154,514
006,District-Rajouri,Total,19,4633,2082,2551,628,516,112,939,546,393,469,229,240,1086,353,733,187,127,60,574,163,411,332,64,268,418,84,334
006,District-Rajouri,Rural,5-19,57539,26763,30776,2182,1737,445,3870,2262,1608,2427,1103,1324,5512,2045,3467,1581,1013,568,4880,1677,3203,3804,1145,2659,33283,15781,17502
006,District-Rajouri,Rural,5,12458,6600,5858,2,1,1,6,0,6,0,0,0,116,65,51,60,40,20,114,54,60,47,27,20,12113,6413,5700
006,District-Rajouri,Rural,6,8759,4591,4168,0,0,0,3,2,1,0,0,0,126,67,59,52,28,24,144,79,65,75,39,36,8359,4376,3983
006,District-Rajouri,Rural,7,3538,1685,1853,5,4,1,4,3,1,0,0,0,92,42,50,30,21,9,95,45,50,154,76,78,3158,1494,1664
006,District-Rajouri,Rural,8,2321,1070,1251,2,1,1,5,3,2,4,2,2,88,46,42,24,14,10,110,52,58,216,94,122,1872,858,1014
006,District-Rajouri,Rural,9,1347,583,764,5,4,1,8,3,5,8,3,5,75,39,36,22,13,9,88,42,46,145,55,90,996,424,572
006,District-Rajouri,Rural,10,2130,937,1193,5,2,3,13,8,5,16,8,8,97,42,55,53,32,21,186,77,109,256,101,155,1504,667,837
006,District-Rajouri,Rural,11,1412,548,864,20,18,2,31,13,18,24,10,14,103,56,47,47,24,23,173,57,116,205,60,145,809,310,499
006,District-Rajouri,Rural,12,1842,722,1120,50,41,9,80,39,41,67,32,35,182,72,110,74,47,27,309,118,191,299,81,218,781,292,489
006,District-Rajouri,Rural,13,1632,580,1052,51,40,11,119,56,63,85,38,47,224,82,142,79,46,33,285,88,197,252,75,177,537,155,382
006,District-Rajouri,Rural,14,2020,751,1269,91,61,30,183,94,89,145,61,84,321,111,210,120,80,40,346,102,244,302,83,219,512,159,353
006,District-Rajouri,Rural,15,3074,1204,1870,179,144,35,367,196,171,281,115,166,508,193,315,172,119,53,532,176,356,391,99,292,644,162,482
006,District-Rajouri,Rural,16,3474,1396,2078,242,187,55,508,300,208,363,152,211,660,220,440,178,110,68,577,188,389,371,92,279,575,147,428
006,District-Rajouri,Rural,17,3116,1393,1723,322,256,66,555,349,206,346,156,190,710,253,457,155,99,56,427,127,300,224,57,167,377,96,281
006,District-Rajouri,Rural,18,5961,2715,3246,643,521,122,1058,656,402,624,299,325,1202,424,778,332,216,116,922,311,611,535,142,393,645,146,499
006,District-Rajouri,Rural,19,4455,1988,2467,565,457,108,930,540,390,464,227,237,1008,333,675,183,124,59,572,161,411,332,64,268,401,82,319
006,District-Rajouri,Urban,5-19,1889,980,909,184,162,22,43,24,19,20,10,10,337,124,213,45,31,14,91,51,40,4,4,0,1165,574,591
006,District-Rajouri,Urban,5,516,275,241,0,0,0,0,0,0,0,0,0,4,1,3,9,5,4,5,3,2,0,0,0,498,266,232
006,District-Rajouri,Urban,6,337,169,168,0,0,0,0,0,0,0,0,0,7,2,5,3,2,1,8,5,3,1,1,0,318,159,159
006,District-Rajouri,Urban,7,103,48,55,0,0,0,0,0,0,1,0,1,6,3,3,1,0,1,7,1,6,0,0,0,88,44,44
006,District-Rajouri,Urban,8,61,37,24,0,0,0,2,1,1,0,0,0,5,3,2,1,1,0,7,5,2,0,0,0,46,27,19
006,District-Rajouri,Urban,9,33,18,15,0,0,0,0,0,0,1,0,1,2,2,0,0,0,0,7,5,2,0,0,0,23,11,12
006,District-Rajouri,Urban,10,56,26,30,1,1,0,1,0,1,0,0,0,12,7,5,1,1,0,6,4,2,0,0,0,35,13,22
006,District-Rajouri,Urban,11,41,21,20,5,4,1,1,0,1,0,0,0,5,3,2,1,1,0,7,3,4,1,1,0,21,9,12
006,District-Rajouri,Urban,12,40,20,20,4,3,1,2,1,1,0,0,0,6,1,5,3,3,0,7,5,2,0,0,0,18,7,11
006,District-Rajouri,Urban,13,36,20,16,9,8,1,2,1,1,0,0,0,8,3,5,1,0,1,4,3,1,0,0,0,12,5,7
006,District-Rajouri,Urban,14,46,23,23,7,6,1,1,1,0,2,2,0,14,4,10,1,0,1,6,3,3,1,1,0,14,6,8
006,District-Rajouri,Urban,15,74,39,35,16,15,1,6,3,3,1,0,1,28,12,16,6,5,1,5,2,3,0,0,0,12,2,10
006,District-Rajouri,Urban,16,96,45,51,19,16,3,5,2,3,4,2,2,39,15,24,2,2,0,6,3,3,0,0,0,21,5,16
006,District-Rajouri,Urban,17,93,48,45,17,14,3,5,4,1,3,2,1,41,14,27,6,3,3,2,1,1,0,0,0,19,10,9
006,District-Rajouri,Urban,18,179,97,82,43,36,7,9,5,4,3,2,1,82,34,48,6,5,1,12,6,6,1,1,0,23,8,15
006,District-Rajouri,Urban,19,178,94,84,63,59,4,9,6,3,5,2,3,78,20,58,4,3,1,2,2,0,0,0,0,17,2,15
007,District-Kathua,Total,5-19,43166,21088,22078,2437,2106,331,1807,1333,474,574,385,189,8005,2947,5058,1497,856,641,1170,430,740,479,187,292,27197,12844,14353
007,District-Kathua,Total,5,9384,5081,4303,0,0,0,2,1,1,0,0,0,84,45,39,53,36,17,34,15,19,11,6,5,9200,4978,4222
007,District-Kathua,Total,6,7028,3765,3263,0,0,0,1,1,0,1,0,1,105,46,59,41,20,21,29,19,10,10,6,4,6841,3673,3168
007,District-Kathua,Total,7,2665,1368,1297,4,2,2,1,0,1,0,0,0,80,37,43,18,7,11,24,11,13,5,3,2,2533,1308,1225
007,District-Kathua,Total,8,1329,601,728,2,2,0,1,1,0,1,0,1,70,30,40,18,10,8,15,7,8,3,0,3,1219,551,668
007,District-Kathua,Total,9,910,421,489,1,0,1,3,2,1,1,1,0,71,43,28,25,13,12,14,7,7,11,2,9,784,353,431
007,District-Kathua,Total,10,1073,439,634,5,0,5,2,0,2,4,1,3,73,30,43,28,16,12,24,8,16,16,5,11,921,379,542
007,District-Kathua,Total,11,891,376,515,24,21,3,5,4,1,4,3,1,126,53,73,36,18,18,30,8,22,18,7,11,648,262,386
007,District-Kathua,Total,12,1148,463,685,39,33,6,21,13,8,11,5,6,213,92,121,73,39,34,58,23,35,29,14,15,704,244,460
007,District-Kathua,Total,13,1132,444,688,55,47,8,35,21,14,23,15,8,283,113,170,62,35,27,65,19,46,24,4,20,585,190,395
007,District-Kathua,Total,14,1357,519,838,77,60,17,61,36,25,18,11,7,394,173,221,102,49,53,90,18,72,30,12,18,585,160,425
007,District-Kathua,Total,15,1967,821,1146,147,117,30,134,93,41,41,24,17,622,241,381,138,86,52,127,39,88,56,19,37,702,202,500
007,District-Kathua,Total,16,2400,1081,1319,255,217,38,199,136,63,70,40,30,901,337,564,175,101,74,132,49,83,52,27,25,616,174,442
007,District-Kathua,Total,17,2868,1337,1531,380,330,50,281,209,72,101,75,26,1195,428,767,165,97,68,156,50,106,57,24,33,533,124,409
007,District-Kathua,Total,18,4626,2200,2426,666,594,72,542,418,124,141,94,47,1879,644,1235,317,197,120,202,81,121,87,34,53,792,138,654
007,District-Kathua,Total,19,4388,2172,2216,782,683,99,519,398,121,158,116,42,1909,635,1274,246,132,114,170,76,94,70,24,46,534,108,426
007,District-Kathua,Rural,5-19,39328,18977,20351,2120,1821,299,1723,1260,463,556,369,187,7017,2530,4487,1411,790,621,1147,413,734,472,185,287,24882,11609,13273
007,District-Kathua,Rural,5,8395,4530,3865,0,0,0,2,1,1,0,0,0,65,32,33,48,31,17,33,14,19,11,6,5,8236,4446,3790
007,District-Kathua,Rural,6,6316,3381,2935,0,0,0,1,1,0,1,0,1,86,40,46,34,16,18,27,17,10,10,6,4,6157,3301,2856
007,District-Kathua,Rural,7,2459,1251,1208,4,2,2,1,0,1,0,0,0,67,31,36,15,6,9,24,11,13,5,3,2,2343,1198,1145
007,District-Kathua,Rural,8,1248,562,686,1,1,0,1,1,0,1,0,1,61,28,33,16,9,7,15,7,8,3,0,3,1150,516,634
007,District-Kathua,Rural,9,840,374,466,1,0,1,3,2,1,1,1,0,59,36,23,23,11,12,14,7,7,11,2,9,728,315,413
007,District-Kathua,Rural,10,1000,407,593,5,0,5,2,0,2,4,1,3,63,24,39,24,13,11,22,8,14,16,5,11,864,356,508
007,District-Kathua,Rural,11,839,345,494,20,18,2,5,4,1,4,3,1,113,46,67,36,18,18,28,7,21,18,7,11,615,242,373
007,District-Kathua,Rural,12,1082,429,653,30,25,5,21,13,8,10,4,6,191,84,107,72,38,34,57,22,35,29,14,15,672,229,443
007,District-Kathua,Rural,13,1069,412,657,43,38,5,32,18,14,23,15,8,252,101,151,62,35,27,65,19,46,24,4,20,568,182,386
007,District-Kathua,Rural,14,1273,477,796,67,51,16,57,34,23,18,11,7,350,154,196,99,46,53,90,18,72,30,12,18,562,151,411
007,District-Kathua,Rural,15,1831,753,1078,131,102,29,129,88,41,41,24,17,546,211,335,130,79,51,124,37,87,55,19,36,675,193,482
007,District-Kathua,Rural,16,2200,967,1233,213,181,32,191,128,63,70,40,30,797,283,514,171,99,72,132,49,83,50,25,25,576,162,414
007,District-Kathua,Rural,17,2632,1195,1437,335,288,47,274,202,72,97,71,26,1067,369,698,153,89,64,153,47,106,56,24,32,497,105,392
007,District-Kathua,Rural,18,4190,1961,2229,585,519,66,517,398,119,133,87,46,1627,545,1082,295,177,118,196,76,120,85,34,51,752,125,627
007,District-Kathua,Rural,19,3954,1933,2021,685,596,89,487,370,117,153,112,41,1673,546,1127,233,123,110,167,74,93,69,24,45,487,88,399
007,District-Kathua,Urban,5-19,3838,2111,1727,317,285,32,84,73,11,18,16,2,988,417,571,86,66,20,23,17,6,7,2,5,2315,1235,1080
007,District-Kathua,Urban,5,989,551,438,0,0,0,0,0,0,0,0,0,19,13,6,5,5,0,1,1,0,0,0,0,964,532,432
007,District-Kathua,Urban,6,712,384,328,0,0,0,0,0,0,0,0,0,19,6,13,7,4,3,2,2,0,0,0,0,684,372,312
007,District-Kathua,Urban,7,206,117,89,0,0,0,0,0,0,0,0,0,13,6,7,3,1,2,0,0,0,0,0,0,190,110,80
007,District-Kathua,Urban,8,81,39,42,1,1,0,0,0,0,0,0,0,9,2,7,2,1,1,0,0,0,0,0,0,69,35,34
007,District-Kathua,Urban,9,70,47,23,0,0,0,0,0,0,0,0,0,12,7,5,2,2,0,0,0,0,0,0,0,56,38,18
007,District-Kathua,Urban,10,73,32,41,0,0,0,0,0,0,0,0,0,10,6,4,4,3,1,2,0,2,0,0,0,57,23,34
007,District-Kathua,Urban,11,52,31,21,4,3,1,0,0,0,0,0,0,13,7,6,0,0,0,2,1,1,0,0,0,33,20,13
007,District-Kathua,Urban,12,66,34,32,9,8,1,0,0,0,1,1,0,22,8,14,1,1,0,1,1,0,0,0,0,32,15,17
007,District-Kathua,Urban,13,63,32,31,12,9,3,3,3,0,0,0,0,31,12,19,0,0,0,0,0,0,0,0,0,17,8,9
007,District-Kathua,Urban,14,84,42,42,10,9,1,4,2,2,0,0,0,44,19,25,3,3,0,0,0,0,0,0,0,23,9,14
007,District-Kathua,Urban,15,136,68,68,16,15,1,5,5,0,0,0,0,76,30,46,8,7,1,3,2,1,1,0,1,27,9,18
007,District-Kathua,Urban,16,200,114,86,42,36,6,8,8,0,0,0,0,104,54,50,4,2,2,0,0,0,2,2,0,40,12,28
007,District-Kathua,Urban,17,236,142,94,45,42,3,7,7,0,4,4,0,128,59,69,12,8,4,3,3,0,1,0,1,36,19,17
007,District-Kathua,Urban,18,436,239,197,81,75,6,25,20,5,8,7,1,252,99,153,22,20,2,6,5,1,2,0,2,40,13,27
007,District-Kathua,Urban,19,434,239,195,97,87,10,32,28,4,5,4,1,236,89,147,13,9,4,3,2,1,1,0,1,47,20,27
008,District-Baramula,Total,5-19,77410,35573,41837,2795,2377,418,2942,2109,833,1233,798,435,11175,3718,7457,1913,1155,758,2817,1514,1303,996,461,535,53539,23441,30098
008,District-Baramula,Total,5,16501,8683,7818,5,4,1,6,4,2,0,0,0,193,107,86,72,41,31,108,51,57,14,5,9,16103,8471,7632
008,District-Baramula,Total,6,11734,6108,5626,4,3,1,7,4,3,1,1,0,192,97,95,44,26,18,127,61,66,10,5,5,11349,5911,5438
008,District-Baramula,Total,7,4587,2279,2308,8,4,4,3,2,1,0,0,0,164,72,92,29,10,19,74,45,29,3,0,3,4306,2146,2160
008,District-Baramula,Total,8,2969,1403,1566,7,3,4,2,0,2,1,1,0,164,80,84,29,20,9,62,24,38,10,5,5,2694,1270,1424
008,District-Baramula,Total,9,1925,866,1059,6,5,1,3,2,1,3,1,2,129,65,64,23,13,10,55,19,36,8,4,4,1698,757,941
008,District-Baramula,Total,10,3101,1419,1682,12,9,3,11,7,4,4,4,0,201,90,111,32,18,14,68,31,37,11,5,6,2762,1255,1507
008,District-Baramula,Total,11,2221,957,1264,36,27,9,28,14,14,8,7,1,230,87,143,46,26,20,85,35,50,26,9,17,1762,752,1010
008,District-Baramula,Total,12,2302,926,1376,71,66,5,48,38,10,19,11,8,362,145,217,74,50,24,98,55,43,52,25,27,1578,536,1042
008,District-Baramula,Total,13,2042,766,1276,79,68,11,53,32,21,23,12,11,420,144,276,86,42,44,137,74,63,66,33,33,1178,361,817
008,District-Baramula,Total,14,2594,970,1624,120,97,23,113,72,41,50,32,18,594,207,387,103,59,44,187,98,89,65,31,34,1362,374,988
008,District-Baramula,Total,15,3891,1524,2367,222,186,36,250,183,67,120,70,50,1041,347,694,207,126,81,281,162,119,120,55,65,1650,395,1255
008,District-Baramula,Total,16,4716,1791,2925,299,246,53,378,259,119,178,106,72,1447,469,978,223,138,85,330,179,151,128,51,77,1733,343,1390
008,District-Baramula,Total,17,4435,1811,2624,387,322,65,435,318,117,177,119,58,1437,448,989,220,137,83,295,174,121,122,60,62,1362,233,1129
008,District-Baramula,Total,18,8394,3513,4881,820,704,116,898,667,231,383,252,131,2649,788,1861,441,269,172,552,317,235,231,108,123,2420,408,2012
008,District-Baramula,Total,19,5998,2557,3441,719,633,86,707,507,200,266,182,84,1952,572,1380,284,180,104,358,189,169,130,65,65,1582,229,1353
008,District-Baramula,Rural,5-19,68951,31270,37681,2229,1873,356,2698,1926,772,1186,755,431,9351,2997,6354,1669,953,716,2597,1368,1229,976,445,531,48245,20953,27292
008,District-Baramula,Rural,5,14692,7749,6943,3,2,1,5,4,1,0,0,0,161,94,67,59,33,26,91,46,45,14,5,9,14359,7565,6794
008,District-Baramula,Rural,6,10567,5515,5052,3,3,0,4,2,2,1,1,0,162,80,82,38,25,13,116,56,60,10,5,5,10233,5343,4890
008,District-Baramula,Rural,7,4132,2070,2062,8,4,4,1,0,1,0,0,0,138,63,75,24,9,15,70,43,27,3,0,3,3888,1951,1937
008,District-Baramula,Rural,8,2710,1269,1441,4,1,3,2,0,2,1,1,0,138,66,72,27,18,9,59,23,36,10,5,5,2469,1155,1314
008,District-Baramula,Rural,9,1729,773,956,5,5,0,2,1,1,3,1,2,111,55,56,18,10,8,49,17,32,8,4,4,1533,680,853
008,District-Baramula,Rural,10,2765,1253,1512,11,8,3,9,6,3,3,3,0,163,73,90,30,17,13,57,26,31,11,5,6,2481,1115,1366
008,District-Baramula,Rural,11,1992,834,1158,29,20,9,21,11,10,7,6,1,186,61,125,41,22,19,79,31,48,25,9,16,1604,674,930
008,District-Baramula,Rural,12,2063,788,1275,52,48,4,46,36,10,18,10,8,297,114,183,62,39,23,92,51,41,51,25,26,1445,465,980
008,District-Baramula,Rural,13,1848,664,1184,60,50,10,48,30,18,21,12,9,357,113,244,72,28,44,131,68,63,64,31,33,1095,332,763
008,District-Baramula,Rural,14,2306,833,1473,93,74,19,100,62,38,47,30,17,505,170,335,96,55,41,171,86,85,64,30,34,1230,326,904
008,District-Baramula,Rural,15,3412,1281,2131,178,151,27,218,156,62,116,67,49,883,288,595,175,99,76,253,141,112,120,55,65,1469,324,1145
008,District-Baramula,Rural,16,4218,1539,2679,246,196,50,348,236,112,173,101,72,1248,390,858,198,116,82,308,161,147,123,47,76,1574,292,1282
008,District-Baramula,Rural,17,3895,1527,2368,314,256,58,400,290,110,174,116,58,1198,354,844,189,112,77,266,152,114,122,60,62,1232,187,1045
008,District-Baramula,Rural,18,7429,3035,4394,666,571,95,842,627,215,370,239,131,2214,638,1576,380,213,167,523,293,230,226,103,123,2208,351,1857
008,District-Baramula,Rural,19,5193,2140,3053,557,484,73,652,465,187,252,168,84,1590,438,1152,260,157,103,332,174,158,125,61,64,1425,193,1232
008,District-Baramula,Urban,5-19,8459,4303,4156,566,504,62,244,183,61,47,43,4,1824,721,1103,244,202,42,220,146,74,20,16,4,5294,2488,2806
008,District-Baramula,Urban,5,1809,934,875,2,2,0,1,0,1,0,0,0,32,13,19,13,8,5,17,5,12,0,0,0,1744,906,838
008,District-Baramula,Urban,6,1167,593,574,1,0,1,3,2,1,0,0,0,30,17,13,6,1,5,11,5,6,0,0,0,1116,568,548
008,District-Baramula,Urban,7,455,209,246,0,0,0,2,2,0,0,0,0,26,9,17,5,1,4,4,2,2,0,0,0,418,195,223
008,District-Baramula,Urban,8,259,134,125,3,2,1,0,0,0,0,0,0,26,14,12,2,2,0,3,1,2,0,0,0,225,115,110
008,District-Baramula,Urban,9,196,93,103,1,0,1,1,1,0,0,0,0,18,10,8,5,3,2,6,2,4,0,0,0,165,77,88
008,District-Baramula,Urban,10,336,166,170,1,1,0,2,1,1,1,1,0,38,17,21,2,1,1,11,5,6,0,0,0,281,140,141
008,District-Baramula,Urban,11,229,123,106,7,7,0,7,3,4,1,1,0,44,26,18,5,4,1,6,4,2,1,0,1,158,78,80
008,District-Baramula,Urban,12,239,138,101,19,18,1,2,2,0,1,1,0,65,31,34,12,11,1,6,4,2,1,0,1,133,71,62
008,District-Baramula,Urban,13,194,102,92,19,18,1,5,2,3,2,0,2,63,31,32,14,14,0,6,6,0,2,2,0,83,29,54
008,District-Baramula,Urban,14,288,137,151,27,23,4,13,10,3,3,2,1,89,37,52,7,4,3,16,12,4,1,1,0,132,48,84
008,District-Baramula,Urban,15,479,243,236,44,35,9,32,27,5,4,3,1,158,59,99,32,27,5,28,21,7,0,0,0,181,71,110
008,District-Baramula,Urban,16,498,252,246,53,50,3,30,23,7,5,5,0,199,79,120,25,22,3,22,18,4,5,4,1,159,51,108
008,District-Baramula,Urban,17,540,284,256,73,66,7,35,28,7,3,3,0,239,94,145,31,25,6,29,22,7,0,0,0,130,46,84
008,District-Baramula,Urban,18,965,478,487,154,133,21,56,40,16,13,13,0,435,150,285,61,56,5,29,24,5,5,5,0,212,57,155
008,District-Baramula,Urban,19,805,417,388,162,149,13,55,42,13,14,14,0,362,134,228,24,23,1,26,15,11,5,4,1,157,36,121
009,District-Bandipore,Total,5-19,43636,19440,24196,1486,1177,309,1734,1053,681,849,441,408,3601,1272,2329,2703,1464,1239,4033,1645,2388,1587,492,1095,27643,11896,15747
009,District-Bandipore,Total,5,6991,3619,3372,1,1,0,2,2,0,1,1,0,56,30,26,50,27,23,82,42,40,14,6,8,6785,3510,3275
009,District-Bandipore,Total,6,5181,2637,2544,4,1,3,1,0,1,0,0,0,56,25,31,56,33,23,51,23,28,7,4,3,5006,2551,2455
009,District-Bandipore,Total,7,2602,1266,1336,3,2,1,1,0,1,2,0,2,78,45,33,33,20,13,57,31,26,11,3,8,2417,1165,1252
009,District-Bandipore,Total,8,2143,961,1182,3,0,3,2,1,1,1,0,1,90,47,43,43,27,16,67,35,32,18,9,9,1919,842,1077
009,District-Bandipore,Total,9,1453,680,773,6,4,2,4,3,1,2,1,1,70,35,35,42,24,18,61,34,27,21,13,8,1247,566,681
009,District-Bandipore,Total,10,2401,1106,1295,9,4,5,7,2,5,5,3,2,112,53,59,65,37,28,124,61,63,39,18,21,2040,928,1112
009,District-Bandipore,Total,11,1496,639,857,14,11,3,25,14,11,8,4,4,114,48,66,58,28,30,145,69,76,57,12,45,1075,453,622
009,District-Bandipore,Total,12,1700,677,1023,43,33,10,25,13,12,22,11,11,133,55,78,117,63,54,190,72,118,81,28,53,1089,402,687
009,District-Bandipore,Total,13,1492,581,911,50,34,16,52,26,26,24,13,11,160,68,92,130,62,68,208,87,121,89,32,57,779,259,520
009,District-Bandipore,Total,14,1814,669,1145,63,44,19,89,47,42,40,20,20,204,82,122,185,94,91,297,103,194,146,54,92,790,225,565
009,District-Bandipore,Total,15,2561,1011,1550,141,109,32,156,90,66,74,31,43,336,137,199,270,152,118,417,170,247,186,56,130,981,266,715
009,District-Bandipore,Total,16,2980,1103,1877,154,122,32,233,135,98,119,66,53,442,135,307,368,192,176,544,201,343,202,47,155,918,205,713
009,District-Bandipore,Total,17,2776,1129,1647,218,171,47,291,184,107,120,60,60,427,149,278,307,159,148,454,169,285,202,54,148,757,183,574
009,District-Bandipore,Total,18,4802,2018,2784,436,357,79,506,324,182,251,141,110,770,212,558,571,321,250,797,334,463,338,105,233,1133,224,909
009,District-Bandipore,Total,19,3244,1344,1900,341,284,57,340,212,128,180,90,90,553,151,402,408,225,183,539,214,325,176,51,125,707,117,590
009,District-Bandipore,Rural,5-19,38678,17148,21530,1230,965,265,1535,939,596,744,391,353,2987,1053,1934,2346,1281,1065,3707,1524,2183,1438,426,1012,24691,10569,14122
009,District-Bandipore,Rural,5,6124,3161,2963,1,1,0,2,2,0,1,1,0,47,26,21,45,23,22,74,37,37,12,6,6,5942,3065,2877
009,District-Bandipore,Rural,6,4597,2332,2265,2,0,2,1,0,1,0,0,0,40,17,23,51,31,20,49,21,28,6,3,3,4448,2260,2188
009,District-Bandipore,Rural,7,2317,1124,1193,2,1,1,1,0,1,2,0,2,65,35,30,31,18,13,53,31,22,9,2,7,2154,1037,1117
009,District-Bandipore,Rural,8,1930,848,1082,2,0,2,2,1,1,1,0,1,69,35,34,36,24,12,64,34,30,15,7,8,1741,747,994
009,District-Bandipore,Rural,9,1309,612,697,6,4,2,3,2,1,2,1,1,57,28,29,38,23,15,56,31,25,18,11,7,1129,512,617
009,District-Bandipore,Rural,10,2180,996,1184,8,4,4,7,2,5,4,2,2,87,42,45,59,32,27,113,58,55,36,16,20,1866,840,1026
009,District-Bandipore,Rural,11,1363,588,775,13,11,2,18,11,7,8,4,4,99,43,56,53,26,27,136,68,68,53,12,41,983,413,570
009,District-Bandipore,Rural,12,1529,607,922,35,26,9,25,13,12,20,10,10,113,47,66,94,50,44,176,68,108,72,23,49,994,370,624
009,District-Bandipore,Rural,13,1368,534,834,45,29,16,47,25,22,23,12,11,137,59,78,116,58,58,188,80,108,84,28,56,728,243,485
009,District-Bandipore,Rural,14,1635,589,1046,50,33,17,78,42,36,33,16,17,175,64,111,165,82,83,270,96,174,138,50,88,726,206,520
009,District-Bandipore,Rural,15,2274,900,1374,122,92,30,143,83,60,65,27,38,281,115,166,234,133,101,385,161,224,168,47,121,876,242,634
009,District-Bandipore,Rural,16,2640,960,1680,116,90,26,207,119,88,106,62,44,381,113,268,319,168,151,503,185,318,187,44,143,821,179,642
009,District-Bandipore,Rural,17,2421,981,1440,189,145,44,259,167,92,106,53,53,349,122,227,264,134,130,413,153,260,174,45,129,667,162,505
009,District-Bandipore,Rural,18,4221,1768,2453,359,295,64,444,285,159,217,123,94,646,185,461,500,289,211,735,308,427,307,91,216,1013,192,821
009,District-Bandipore,Rural,19,2770,1148,1622,280,234,46,298,187,111,156,80,76,441,122,319,341,190,151,492,193,299,159,41,118,603,101,502
009,District-Bandipore,Urban,5-19,4958,2292,2666,256,212,44,199,114,85,105,50,55,614,219,395,357,183,174,326,121,205,149,66,83,2952,1327,1625
009,District-Bandipore,Urban,5,867,458,409,0,0,0,0,0,0,0,0,0,9,4,5,5,4,1,8,5,3,2,0,2,843,445,398
009,District-Bandipore,Urban,6,584,305,279,2,1,1,0,0,0,0,0,0,16,8,8,5,2,3,2,2,0,1,1,0,558,291,267
009,District-Bandipore,Urban,7,285,142,143,1,1,0,0,0,0,0,0,0,13,10,3,2,2,0,4,0,4,2,1,1,263,128,135
009,District-Bandipore,Urban,8,213,113,100,1,0,1,0,0,0,0,0,0,21,12,9,7,3,4,3,1,2,3,2,1,178,95,83
009,District-Bandipore,Urban,9,144,68,76,0,0,0,1,1,0,0,0,0,13,7,6,4,1,3,5,3,2,3,2,1,118,54,64
009,District-Bandipore,Urban,10,221,110,111,1,0,1,0,0,0,1,1,0,25,11,14,6,5,1,11,3,8,3,2,1,174,88,86
009,District-Bandipore,Urban,11,133,51,82,1,0,1,7,3,4,0,0,0,15,5,10,5,2,3,9,1,8,4,0,4,92,40,52
009,District-Bandipore,Urban,12,171,70,101,8,7,1,0,0,0,2,1,1,20,8,12,23,13,10,14,4,10,9,5,4,95,32,63
009,District-Bandipore,Urban,13,124,47,77,5,5,0,5,1,4,1,1,0,23,9,14,14,4,10,20,7,13,5,4,1,51,16,35
009,District-Bandipore,Urban,14,179,80,99,13,11,2,11,5,6,7,4,3,29,18,11,20,12,8,27,7,20,8,4,4,64,19,45
009,District-Bandipore,Urban,15,287,111,176,19,17,2,13,7,6,9,4,5,55,22,33,36,19,17,32,9,23,18,9,9,105,24,81
009,District-Bandipore,Urban,16,340,143,197,38,32,6,26,16,10,13,4,9,61,22,39,49,24,25,41,16,25,15,3,12,97,26,71
009,District-Bandipore,Urban,17,355,148,207,29,26,3,32,17,15,14,7,7,78,27,51,43,25,18,41,16,25,28,9,19,90,21,69
009,District-Bandipore,Urban,18,581,250,331,77,62,15,62,39,23,34,18,16,124,27,97,71,32,39,62,26,36,31,14,17,120,32,88
009,District-Bandipore,Urban,19,474,196,278,61,50,11,42,25,17,24,10,14,112,29,83,67,35,32,47,21,26,17,10,7,104,16,88
010,District-Srinagar,Total,5-19,72786,36986,35800,4095,3440,655,1844,1037,807,367,191,176,11220,4519,6701,4018,3036,982,2423,1261,1162,554,243,311,48265,23259,25006
010,District-Srinagar,Total,5,13306,6990,6316,8,6,2,9,5,4,0,0,0,237,134,103,95,58,37,160,87,73,3,0,3,12794,6700,6094
010,District-Srinagar,Total,6,10762,5774,4988,7,4,3,7,1,6,0,0,0,265,144,121,107,80,27,133,59,74,6,4,2,10237,5482,4755
010,District-Srinagar,Total,7,4245,2191,2054,8,6,2,8,3,5,1,1,0,252,133,119,40,25,15,68,41,27,1,0,1,3867,1982,1885
010,District-Srinagar,Total,8,2764,1376,1388,19,15,4,13,7,6,1,0,1,222,108,114,46,30,16,46,27,19,3,0,3,2414,1189,1225
010,District-Srinagar,Total,9,2153,1110,1043,17,12,5,16,7,9,0,0,0,230,104,126,49,29,20,44,21,23,4,3,1,1793,934,859
010,District-Srinagar,Total,10,3192,1641,1551,31,22,9,11,4,7,3,1,2,299,153,146,108,68,40,80,42,38,7,4,3,2653,1347,1306
010,District-Srinagar,Total,11,2383,1275,1108,77,64,13,33,18,15,4,2,2,324,153,171,132,105,27,91,44,47,12,7,5,1710,882,828
010,District-Srinagar,Total,12,2424,1222,1202,119,90,29,55,30,25,7,3,4,378,164,214,179,137,42,105,50,55,21,7,14,1560,741,819
010,District-Srinagar,Total,13,2276,1121,1155,133,105,28,56,35,21,13,1,12,441,191,250,189,136,53,89,52,37,36,15,21,1319,586,733
010,District-Srinagar,Total,14,2755,1317,1438,174,128,46,61,31,30,13,6,7,569,229,340,260,201,59,176,87,89,42,20,22,1460,615,845
010,District-Srinagar,Total,15,3885,1937,1948,304,255,49,172,97,75,31,19,12,981,401,580,452,346,106,224,136,88,65,31,34,1656,652,1004
010,District-Srinagar,Total,16,4282,2065,2217,427,347,80,198,97,101,52,28,24,1192,472,720,482,361,121,260,135,125,70,34,36,1601,591,1010
010,District-Srinagar,Total,17,4424,2105,2319,546,459,87,285,162,123,49,23,26,1406,514,892,416,329,87,219,122,97,82,37,45,1421,459,962
010,District-Srinagar,Total,18,7494,3588,3906,1037,876,161,466,267,199,111,60,51,2342,868,1474,804,607,197,432,208,224,123,51,72,2179,651,1528
010,District-Srinagar,Total,19,6441,3274,3167,1188,1051,137,454,273,181,82,47,35,2082,751,1331,659,524,135,296,150,146,79,30,49,1601,448,1153
010,District-Srinagar,Rural,5-19,1469,650,819,52,51,1,64,27,37,27,10,17,155,55,100,49,38,11,84,33,51,53,17,36,985,419,566
010,District-Srinagar,Rural,5,340,174,166,0,0,0,0,0,0,0,0,0,2,1,1,2,0,2,0,0,0,0,0,0,336,173,163
010,District-Srinagar,Rural,6,185,101,84,0,0,0,0,0,0,0,0,0,1,1,0,1,0,1,1,0,1,0,0,0,182,100,82
010,District-Srinagar,Rural,7,57,25,32,0,0,0,0,0,0,0,0,0,0,0,0,0,0,0,0,0,0,0,0,0,57,25,32
010,District-Srinagar,Rural,8,25,13,12,0,0,0,0,0,0,0,0,0,1,1,0,0,0,0,0,0,0,1,0,1,23,12,11
010,District-Srinagar,Rural,9,21,12,9,0,0,0,0,0,0,0,0,0,1,1,0,0,0,0,2,2,0,0,0,0,18,9,9
010,District-Srinagar,Rural,10,32,15,17,0,0,0,0,0,0,1,0,1,0,0,0,0,0,0,1,1,0,0,0,0,30,14,16
010,District-Srinagar,Rural,11,38,15,23,1,1,0,1,1,0,0,0,0,3,3,0,1,0,1,2,1,1,0,0,0,30,9,21
010,District-Srinagar,Rural,12,33,12,21,0,0,0,3,1,2,0,0,0,3,0,3,1,1,0,1,0,1,3,1,2,22,9,13
010,District-Srinagar,Rural,13,42,18,24,1,1,0,1,1,0,1,0,1,8,6,2,1,1,0,3,2,1,4,2,2,23,5,18
010,District-Srinagar,Rural,14,53,16,37,0,0,0,6,2,4,0,0,0,7,3,4,1,1,0,2,0,2,2,2,0,35,8,27
010,District-Srinagar,Rural,15,99,48,51,5,5,0,6,3,3,1,0,1,16,6,10,9,9,0,8,4,4,7,2,5,47,19,28
010,District-Srinagar,Rural,16,125,46,79,8,8,0,8,3,5,2,1,1,23,7,16,9,8,1,10,4,6,10,2,8,55,13,42
010,District-Srinagar,Rural,17,100,33,67,8,8,0,7,0,7,5,3,2,16,6,10,3,2,1,12,4,8,9,4,5,40,6,34
010,District-Srinagar,Rural,18,188,65,123,11,10,1,19,9,10,8,2,6,47,16,31,8,6,2,28,8,20,12,4,8,55,10,45
010,District-Srinagar,Rural,19,131,57,74,18,18,0,13,7,6,9,4,5,27,4,23,13,10,3,14,7,7,5,0,5,32,7,25
010,District-Srinagar,Urban,5-19,71317,36336,34981,4043,3389,654,1780,1010,770,340,181,159,11065,4464,6601,3969,2998,971,2339,1228,1111,501,226,275,47280,22840,24440
010,District-Srinagar,Urban,5,12966,6816,6150,8,6,2,9,5,4,0,0,0,235,133,102,93,58,35,160,87,73,3,0,3,12458,6527,5931
010,District-Srinagar,Urban,6,10577,5673,4904,7,4,3,7,1,6,0,0,0,264,143,121,106,80,26,132,59,73,6,4,2,10055,5382,4673
010,District-Srinagar,Urban,7,4188,2166,2022,8,6,2,8,3,5,1,1,0,252,133,119,40,25,15,68,41,27,1,0,1,3810,1957,1853
010,District-Srinagar,Urban,8,2739,1363,1376,19,15,4,13,7,6,1,0,1,221,107,114,46,30,16,46,27,19,2,0,2,2391,1177,1214
010,District-Srinagar,Urban,9,2132,1098,1034,17,12,5,16,7,9,0,0,0,229,103,126,49,29,20,42,19,23,4,3,1,1775,925,850
010,District-Srinagar,Urban,10,3160,1626,1534,31,22,9,11,4,7,2,1,1,299,153,146,108,68,40,79,41,38,7,4,3,2623,1333,1290
010,District-Srinagar,Urban,11,2345,1260,1085,76,63,13,32,17,15,4,2,2,321,150,171,131,105,26,89,43,46,12,7,5,1680,873,807
010,District-Srinagar,Urban,12,2391,1210,1181,119,90,29,52,29,23,7,3,4,375,164,211,178,136,42,104,50,54,18,6,12,1538,732,806
010,District-Srinagar,Urban,13,2234,1103,1131,132,104,28,55,34,21,12,1,11,433,185,248,188,135,53,86,50,36,32,13,19,1296,581,715
010,District-Srinagar,Urban,14,2702,1301,1401,174,128,46,55,29,26,13,6,7,562,226,336,259,200,59,174,87,87,40,18,22,1425,607,818
010,District-Srinagar,Urban,15,3786,1889,1897,299,250,49,166,94,72,30,19,11,965,395,570,443,337,106,216,132,84,58,29,29,1609,633,976
010,District-Srinagar,Urban,16,4157,2019,2138,419,339,80,190,94,96,50,27,23,1169,465,704,473,353,120,250,131,119,60,32,28,1546,578,968
010,District-Srinagar,Urban,17,4324,2072,2252,538,451,87,278,162,116,44,20,24,1390,508,882,413,327,86,207,118,89,73,33,40,1381,453,928
010,District-Srinagar,Urban,18,7306,3523,3783,1026,866,160,447,258,189,103,58,45,2295,852,1443,796,601,195,404,200,204,111,47,64,2124,641,1483
010,District-Srinagar,Urban,19,6310,3217,3093,1170,1033,137,441,266,175,73,43,30,2055,747,1308,646,514,132,282,143,139,74,30,44,1569,441,1128
011,District-Ganderbal,Total,5-19,32056,14883,17173,902,694,208,1148,677,471,516,252,264,2825,1025,1800,1054,693,361,1609,744,865,733,349,384,23269,10449,12820
011,District-Ganderbal,Total,5,5514,2800,2714,0,0,0,3,0,3,0,0,0,70,43,27,31,18,13,73,31,42,14,6,8,5323,2702,2621
011,District-Ganderbal,Total,6,4840,2481,2359,0,0,0,0,0,0,1,1,0,48,29,19,33,20,13,56,31,25,10,7,3,4692,2393,2299
011,District-Ganderbal,Total,7,2282,1111,1171,6,6,0,4,2,2,0,0,0,59,27,32,24,13,11,35,12,23,16,7,9,2138,1044,1094
011,District-Ganderbal,Total,8,1792,905,887,7,4,3,2,1,1,1,1,0,54,28,26,32,18,14,38,23,15,24,21,3,1634,809,825
011,District-Ganderbal,Total,9,1252,608,644,4,2,2,6,4,2,1,1,0,52,26,26,26,19,7,34,14,20,9,4,5,1120,538,582
011,District-Ganderbal,Total,10,2083,1027,1056,2,1,1,12,6,6,2,1,1,85,33,52,47,32,15,55,33,22,25,15,10,1855,906,949
011,District-Ganderbal,Total,11,1391,657,734,17,16,1,14,8,6,2,1,1,87,40,47,55,38,17,73,39,34,26,14,12,1117,501,616
011,District-Ganderbal,Total,12,1138,484,654,29,25,4,30,15,15,12,5,7,113,32,81,41,31,10,82,41,41,31,18,13,800,317,483
011,District-Ganderbal,Total,13,1026,425,601,26,18,8,32,11,21,12,6,6,121,57,64,63,43,20,80,35,45,31,18,13,661,237,424
011,District-Ganderbal,Total,14,1113,460,653,42,31,11,44,30,14,20,9,11,181,69,112,53,35,18,114,55,59,44,18,26,615,213,402
011,District-Ganderbal,Total,15,1547,616,931,67,50,17,83,42,41,50,28,22,293,107,186,94,70,24,148,65,83,78,38,40,734,216,518
011,District-Ganderbal,Total,16,1693,692,1001,89,67,22,150,84,66,57,29,28,351,127,224,107,74,33,169,76,93,87,44,43,683,191,492
011,District-Ganderbal,Total,17,1557,636,921,125,97,28,159,95,64,77,32,45,335,109,226,125,84,41,159,74,85,71,29,42,506,116,390
011,District-Ganderbal,Total,18,2716,1133,1583,267,210,57,312,198,114,165,86,79,524,160,364,184,118,66,284,125,159,157,77,80,823,159,664
011,District-Ganderbal,Total,19,2112,848,1264,221,167,54,297,181,116,116,52,64,452,138,314,139,80,59,209,90,119,110,33,77,568,107,461
011,District-Ganderbal,Rural,5-19,28535,13164,15371,706,560,146,996,598,398,458,236,222,2445,889,1556,935,624,311,1500,708,792,683,336,347,20812,9213,11599
011,District-Ganderbal,Rural,5,4769,2392,2377,0,0,0,2,0,2,0,0,0,59,37,22,26,14,12,71,30,41,14,6,8,4597,2305,2292
011,District-Ganderbal,Rural,6,4150,2106,2044,0,0,0,0,0,0,1,1,0,42,23,19,31,19,12,54,29,25,10,7,3,4012,2027,1985
011,District-Ganderbal,Rural,7,2070,1008,1062,6,6,0,3,2,1,0,0,0,47,21,26,21,11,10,35,12,23,16,7,9,1942,949,993
011,District-Ganderbal,Rural,8,1657,837,820,6,4,2,2,1,1,1,1,0,44,23,21,29,18,11,38,23,15,24,21,3,1513,746,767
011,District-Ganderbal,Rural,9,1166,563,603,4,2,2,6,4,2,1,1,0,46,23,23,23,18,5,32,14,18,9,4,5,1045,497,548
011,District-Ganderbal,Rural,10,1878,919,959,0,0,0,8,5,3,2,1,1,68,25,43,44,31,13,55,33,22,25,15,10,1676,809,867
011,District-Ganderbal,Rural,11,1299,607,692,14,14,0,12,7,5,2,1,1,79,36,43,50,34,16,73,39,34,25,13,12,1044,463,581
011,District-Ganderbal,Rural,12,1051,445,606,28,24,4,24,13,11,11,5,6,101,27,74,36,29,7,76,39,37,29,18,11,746,290,456
011,District-Ganderbal,Rural,13,953,388,565,22,15,7,28,10,18,12,6,6,108,50,58,54,35,19,76,33,43,29,18,11,624,221,403
011,District-Ganderbal,Rural,14,995,403,592,29,22,7,37,25,12,17,9,8,162,62,100,44,31,13,103,49,54,41,18,23,562,187,375
011,District-Ganderbal,Rural,15,1416,567,849,54,43,11,76,38,38,46,26,20,256,95,161,84,65,19,140,63,77,74,36,38,686,201,485
011,District-Ganderbal,Rural,16,1528,627,901,73,55,18,131,74,57,52,28,24,310,118,192,94,66,28,155,73,82,82,42,40,631,171,460
011,District-Ganderbal,Rural,17,1359,558,801,94,75,19,137,85,52,65,29,36,285,95,190,110,75,35,144,68,76,65,26,39,459,105,354
011,District-Ganderbal,Rural,18,2397,1009,1388,211,173,38,275,178,97,145,81,64,443,133,310,169,110,59,256,116,140,140,73,67,758,145,613
011,District-Ganderbal,Rural,19,1847,735,1112,165,127,38,255,156,99,103,47,56,395,121,274,120,68,52,192,87,105,100,32,68,517,97,420
011,District-Ganderbal,Urban,5-19,3521,1719,1802,196,134,62,152,79,73,58,16,42,380,136,244,119,69,50,109,36,73,50,13,37,2457,1236,1221
011,District-Ganderbal,Urban,5,745,408,337,0,0,0,1,0,1,0,0,0,11,6,5,5,4,1,2,1,1,0,0,0,726,397,329
011,District-Ganderbal,Urban,6,690,375,315,0,0,0,0,0,0,0,0,0,6,6,0,2,1,1,2,2,0,0,0,0,680,366,314
011,District-Ganderbal,Urban,7,212,103,109,0,0,0,1,0,1,0,0,0,12,6,6,3,2,1,0,0,0,0,0,0,196,95,101
011,District-Ganderbal,Urban,8,135,68,67,1,0,1,0,0,0,0,0,0,10,5,5,3,0,3,0,0,0,0,0,0,121,63,58
011,District-Ganderbal,Urban,9,86,45,41,0,0,0,0,0,0,0,0,0,6,3,3,3,1,2,2,0,2,0,0,0,75,41,34
011,District-Ganderbal,Urban,10,205,108,97,2,1,1,4,1,3,0,0,0,17,8,9,3,1,2,0,0,0,0,0,0,179,97,82
011,District-Ganderbal,Urban,11,92,50,42,3,2,1,2,1,1,0,0,0,8,4,4,5,4,1,0,0,0,1,1,0,73,38,35
011,District-Ganderbal,Urban,12,87,39,48,1,1,0,6,2,4,1,0,1,12,5,7,5,2,3,6,2,4,2,0,2,54,27,27
011,District-Ganderbal,Urban,13,73,37,36,4,3,1,4,1,3,0,0,0,13,7,6,9,8,1,4,2,2,2,0,2,37,16,21
011,District-Ganderbal,Urban,14,118,57,61,13,9,4,7,5,2,3,0,3,19,7,12,9,4,5,11,6,5,3,0,3,53,26,27
011,District-Ganderbal,Urban,15,131,49,82,13,7,6,7,4,3,4,2,2,37,12,25,10,5,5,8,2,6,4,2,2,48,15,33
011,District-Ganderbal,Urban,16,165,65,100,16,12,4,19,10,9,5,1,4,41,9,32,13,8,5,14,3,11,5,2,3,52,20,32
011,District-Ganderbal,Urban,17,198,78,120,31,22,9,22,10,12,12,3,9,50,14,36,15,9,6,15,6,9,6,3,3,47,11,36
011,District-Ganderbal,Urban,18,319,124,195,56,37,19,37,20,17,20,5,15,81,27,54,15,8,7,28,9,19,17,4,13,65,14,51
011,District-Ganderbal,Urban,19,265,113,152,56,40,16,42,25,17,13,5,8,57,17,40,19,12,7,17,3,14,10,1,9,51,10,41
012,District-Pulwama,Total,5-19,38227,18179,20048,1395,1228,167,1855,1192,663,1193,552,641,5992,2032,3960,571,428,143,1258,623,635,975,343,632,24988,11781,13207
012,District-Pulwama,Total,5,8332,4392,3940,0,0,0,1,0,1,0,0,0,92,43,49,41,26,15,25,10,15,5,2,3,8168,4311,3857
012,District-Pulwama,Total,6,5842,3133,2709,2,2,0,1,1,0,3,2,1,115,59,56,21,11,10,31,18,13,5,3,2,5664,3037,2627
012,District-Pulwama,Total,7,2174,1112,1062,4,2,2,1,1,0,0,0,0,80,41,39,9,6,3,19,14,5,7,6,1,2054,1042,1012
012,District-Pulwama,Total,8,1494,728,766,1,1,0,1,0,1,2,1,1,88,40,48,9,5,4,18,8,10,11,5,6,1364,668,696
012,District-Pulwama,Total,9,925,453,472,2,0,2,1,0,1,1,1,0,75,34,41,5,5,0,20,3,17,13,4,9,808,406,402
012,District-Pulwama,Total,10,1497,729,768,7,5,2,4,4,0,5,3,2,120,58,62,13,6,7,27,15,12,24,7,17,1297,631,666
012,District-Pulwama,Total,11,986,484,502,26,25,1,19,11,8,6,4,2,117,59,58,13,7,6,33,20,13,33,15,18,739,343,396
012,District-Pulwama,Total,12,927,390,537,30,28,2,34,21,13,25,14,11,170,77,93,22,18,4,52,16,36,33,10,23,561,206,355
012,District-Pulwama,Total,13,870,351,519,33,31,2,41,24,17,14,4,10,179,61,118,27,17,10,54,20,34,45,16,29,477,178,299
012,District-Pulwama,Total,14,1142,464,678,52,43,9,85,54,31,49,25,24,260,104,156,32,22,10,78,34,44,63,22,41,523,160,363
012,District-Pulwama,Total,15,1793,766,1027,106,90,16,161,103,58,96,44,52,548,202,346,67,50,17,118,64,54,92,29,63,605,184,421
012,District-Pulwama,Total,16,2299,978,1321,168,149,19,239,156,83,147,77,70,740,245,495,53,47,6,156,89,67,100,30,70,696,185,511
012,District-Pulwama,Total,17,2292,962,1330,211,183,28,263,168,95,197,92,105,801,223,578,57,47,10,148,77,71,120,35,85,495,137,358
012,District-Pulwama,Total,18,4366,1823,2543,422,370,52,532,350,182,352,158,194,1481,436,1045,116,97,19,287,148,139,255,92,163,921,172,749
012,District-Pulwama,Total,19,3288,1414,1874,331,299,32,472,299,173,296,127,169,1126,350,776,86,64,22,192,87,105,169,67,102,616,121,495
012,District-Pulwama,Rural,5-19,33734,15806,17928,1179,1037,142,1657,1068,589,1092,502,590,5357,1753,3604,447,340,107,1084,535,549,895,305,590,22023,10266,11757
012,District-Pulwama,Rural,5,7222,3790,3432,0,0,0,1,0,1,0,0,0,76,32,44,35,23,12,21,9,12,5,2,3,7084,3724,3360
012,District-Pulwama,Rural,6,5086,2711,2375,1,1,0,1,1,0,3,2,1,96,49,47,18,8,10,21,11,10,5,3,2,4941,2636,2305
012,District-Pulwama,Rural,7,1937,979,958,4,2,2,1,1,0,0,0,0,62,30,32,9,6,3,13,10,3,4,3,1,1844,927,917
012,District-Pulwama,Rural,8,1335,648,687,0,0,0,1,0,1,2,1,1,76,36,40,8,5,3,15,8,7,9,4,5,1224,594,630
012,District-Pulwama,Rural,9,828,403,425,2,0,2,1,0,1,0,0,0,66,30,36,5,5,0,17,1,16,12,4,8,725,363,362
012,District-Pulwama,Rural,10,1331,637,694,7,5,2,3,3,0,5,3,2,105,49,56,9,3,6,21,12,9,19,6,13,1162,556,606
012,District-Pulwama,Rural,11,862,429,433,19,18,1,15,10,5,6,4,2,101,49,52,9,4,5,27,17,10,29,13,16,656,314,342
012,District-Pulwama,Rural,12,790,328,462,26,24,2,26,18,8,23,12,11,136,58,78,17,14,3,43,15,28,29,8,21,490,179,311
012,District-Pulwama,Rural,13,740,292,448,26,25,1,35,21,14,12,3,9,156,51,105,20,11,9,44,17,27,38,11,27,409,153,256
012,District-Pulwama,Rural,14,1001,407,594,40,34,6,81,52,29,40,19,21,230,93,137,25,18,7,68,30,38,55,18,37,462,143,319
012,District-Pulwama,Rural,15,1588,650,938,83,70,13,135,84,51,86,39,47,503,179,324,45,37,8,100,56,44,84,25,59,552,160,392
012,District-Pulwama,Rural,16,2048,842,1206,141,124,17,219,147,72,135,71,64,661,206,455,38,32,6,134,73,61,93,27,66,627,162,465
012,District-Pulwama,Rural,17,2080,850,1230,186,163,23,240,155,85,180,81,99,737,199,538,41,35,6,129,68,61,114,33,81,453,116,337
012,District-Pulwama,Rural,18,3911,1586,2325,364,319,45,468,303,165,320,146,174,1338,383,955,92,81,11,257,132,125,235,82,153,837,140,697
012,District-Pulwama,Rural,19,2975,1254,1721,280,252,28,430,273,157,280,121,159,1014,309,705,76,58,18,174,76,98,164,66,98,557,99,458
012,District-Pulwama,Urban,5-19,4493,2373,2120,216,191,25,198,124,74,101,50,51,635,279,356,124,88,36,174,88,86,80,38,42,2965,1515,1450
012,District-Pulwama,Urban,5,1110,602,508,0,0,0,0,0,0,0,0,0,16,11,5,6,3,3,4,1,3,0,0,0,1084,587,497
012,District-Pulwama,Urban,6,756,422,334,1,1,0,0,0,0,0,0,0,19,10,9,3,3,0,10,7,3,0,0,0,723,401,322
012,District-Pulwama,Urban,7,237,133,104,0,0,0,0,0,0,0,0,0,18,11,7,0,0,0,6,4,2,3,3,0,210,115,95
012,District-Pulwama,Urban,8,159,80,79,1,1,0,0,0,0,0,0,0,12,4,8,1,0,1,3,0,3,2,1,1,140,74,66
012,District-Pulwama,Urban,9,97,50,47,0,0,0,0,0,0,1,1,0,9,4,5,0,0,0,3,2,1,1,0,1,83,43,40
012,District-Pulwama,Urban,10,166,92,74,0,0,0,1,1,0,0,0,0,15,9,6,4,3,1,6,3,3,5,1,4,135,75,60
012,District-Pulwama,Urban,11,124,55,69,7,7,0,4,1,3,0,0,0,16,10,6,4,3,1,6,3,3,4,2,2,83,29,54
012,District-Pulwama,Urban,12,137,62,75,4,4,0,8,3,5,2,2,0,34,19,15,5,4,1,9,1,8,4,2,2,71,27,44
012,District-Pulwama,Urban,13,130,59,71,7,6,1,6,3,3,2,1,1,23,10,13,7,6,1,10,3,7,7,5,2,68,25,43
012,District-Pulwama,Urban,14,141,57,84,12,9,3,4,2,2,9,6,3,30,11,19,7,4,3,10,4,6,8,4,4,61,17,44
012,District-Pulwama,Urban,15,205,116,89,23,20,3,26,19,7,10,5,5,45,23,22,22,13,9,18,8,10,8,4,4,53,24,29
012,District-Pulwama,Urban,16,251,136,115,27,25,2,20,9,11,12,6,6,79,39,40,15,15,0,22,16,6,7,3,4,69,23,46
012,District-Pulwama,Urban,17,212,112,100,25,20,5,23,13,10,17,11,6,64,24,40,16,12,4,19,9,10,6,2,4,42,21,21
012,District-Pulwama,Urban,18,455,237,218,58,51,7,64,47,17,32,12,20,143,53,90,24,16,8,30,16,14,20,10,10,84,32,52
012,District-Pulwama,Urban,19,313,160,153,51,47,4,42,26,16,16,6,10,112,41,71,10,6,4,18,11,7,5,1,4,59,22,37
013,District-Shupiyan,Total,5-19,20538,9184,11354,1010,848,162,851,425,426,432,136,296,2978,953,2025,605,429,176,786,337,449,259,76,183,13617,5980,7637
013,District-Shupiyan,Total,5,4110,2088,2022,1,0,1,3,1,2,0,0,0,42,26,16,21,12,9,26,18,8,10,4,6,4007,2027,1980
013,District-Shupiyan,Total,6,3028,1564,1464,4,3,1,1,1,0,0,0,0,46,28,18,19,13,6,26,13,13,7,3,4,2925,1503,1422
013,District-Shupiyan,Total,7,1210,585,625,2,0,2,1,1,0,2,0,2,40,18,22,9,4,5,19,11,8,4,4,0,1133,547,586
013,District-Shupiyan,Total,8,815,412,403,2,2,0,1,1,0,0,0,0,29,19,10,8,4,4,14,6,8,4,2,2,757,378,379
013,District-Shupiyan,Total,9,460,235,225,8,4,4,3,1,2,0,0,0,37,16,21,7,2,5,18,12,6,3,2,1,384,198,186
013,District-Shupiyan,Total,10,830,401,429,2,0,2,5,2,3,1,0,1,56,21,35,10,8,2,21,13,8,6,3,3,729,354,375
013,District-Shupiyan,Total,11,468,202,266,13,11,2,7,4,3,2,1,1,51,20,31,12,8,4,19,7,12,4,2,2,360,149,211
013,District-Shupiyan,Total,12,561,238,323,23,19,4,18,11,7,4,3,1,73,32,41,27,21,6,43,16,27,9,2,7,364,134,230
013,District-Shupiyan,Total,13,520,202,318,27,22,5,17,10,7,8,1,7,108,42,66,25,21,4,30,13,17,6,4,2,299,89,210
013,District-Shupiyan,Total,14,703,270,433,41,34,7,38,15,23,18,6,12,173,69,104,26,18,8,44,19,25,17,7,10,346,102,244
013,District-Shupiyan,Total,15,1052,422,630,82,69,13,71,39,32,35,13,22,249,94,155,72,55,17,84,38,46,29,11,18,430,103,327
013,District-Shupiyan,Total,16,1304,502,802,125,102,23,100,56,44,53,16,37,398,119,279,80,55,25,97,42,55,30,8,22,421,104,317
013,District-Shupiyan,Total,17,1294,465,829,130,110,20,114,47,67,67,21,46,394,101,293,57,46,11,94,42,52,32,6,26,406,92,314
013,District-Shupiyan,Total,18,2501,938,1563,309,263,46,275,132,143,146,43,103,740,202,538,150,106,44,164,57,107,60,10,50,657,125,532
013,District-Shupiyan,Total,19,1682,660,1022,241,209,32,197,104,93,96,32,64,542,146,396,82,56,26,87,30,57,38,8,30,399,75,324
013,District-Shupiyan,Rural,5-19,19960,8890,11070,973,820,153,830,416,414,432,136,296,2883,915,1968,591,417,174,771,329,442,259,76,183,13221,5781,7440
013,District-Shupiyan,Rural,5,3986,2018,1968,1,0,1,3,1,2,0,0,0,38,24,14,19,10,9,25,18,7,10,4,6,3890,1961,1929
013,District-Shupiyan,Rural,6,2932,1518,1414,4,3,1,1,1,0,0,0,0,42,25,17,16,11,5,23,12,11,7,3,4,2839,1463,1376
013,District-Shupiyan,Rural,7,1175,565,610,2,0,2,1,1,0,2,0,2,35,15,20,9,4,5,19,11,8,4,4,0,1103,530,573
013,District-Shupiyan,Rural,8,787,399,388,2,2,0,1,1,0,0,0,0,27,18,9,8,4,4,14,6,8,4,2,2,731,366,365
013,District-Shupiyan,Rural,9,441,224,217,6,3,3,3,1,2,0,0,0,37,16,21,7,2,5,18,12,6,3,2,1,367,188,179
013,District-Shupiyan,Rural,10,796,386,410,1,0,1,5,2,3,1,0,1,50,17,33,10,8,2,20,13,7,6,3,3,703,343,360
013,District-Shupiyan,Rural,11,451,194,257,13,11,2,5,4,1,2,1,1,48,19,29,11,7,4,18,6,12,4,2,2,350,144,206
013,District-Shupiyan,Rural,12,541,228,313,22,19,3,18,11,7,4,3,1,71,31,40,27,21,6,42,16,26,9,2,7,348,125,223
013,District-Shupiyan,Rural,13,499,197,302,24,20,4,17,10,7,8,1,7,105,42,63,24,20,4,30,13,17,6,4,2,285,87,198
013,District-Shupiyan,Rural,14,689,260,429,39,32,7,38,15,23,18,6,12,169,67,102,26,18,8,44,19,25,17,7,10,338,96,242
013,District-Shupiyan,Rural,15,1028,411,617,79,67,12,70,38,32,35,13,22,240,90,150,71,54,17,84,38,46,29,11,18,420,100,320
013,District-Shupiyan,Rural,16,1274,487,787,121,99,22,97,55,42,53,16,37,390,115,275,78,53,25,97,42,55,30,8,22,408,99,309
013,District-Shupiyan,Rural,17,1260,451,809,127,107,20,109,46,63,67,21,46,384,98,286,55,45,10,90,40,50,32,6,26,396,88,308
013,District-Shupiyan,Rural,18,2462,916,1546,302,256,46,273,131,142,146,43,103,721,198,523,148,104,44,161,54,107,60,10,50,651,120,531
013,District-Shupiyan,Rural,19,1639,636,1003,230,201,29,189,99,90,96,32,64,526,140,386,82,56,26,86,29,57,38,8,30,392,71,321
013,District-Shupiyan,Urban,5-19,578,294,284,37,28,9,21,9,12,0,0,0,95,38,57,14,12,2,15,8,7,0,0,0,396,199,197
013,District-Shupiyan,Urban,5,124,70,54,0,0,0,0,0,0,0,0,0,4,2,2,2,2,0,1,0,1,0,0,0,117,66,51
013,District-Shupiyan,Urban,6,96,46,50,0,0,0,0,0,0,0,0,0,4,3,1,3,2,1,3,1,2,0,0,0,86,40,46
013,District-Shupiyan,Urban,7,35,20,15,0,0,0,0,0,0,0,0,0,5,3,2,0,0,0,0,0,0,0,0,0,30,17,13
013,District-Shupiyan,Urban,8,28,13,15,0,0,0,0,0,0,0,0,0,2,1,1,0,0,0,0,0,0,0,0,0,26,12,14
013,District-Shupiyan,Urban,9,19,11,8,2,1,1,0,0,0,0,0,0,0,0,0,0,0,0,0,0,0,0,0,0,17,10,7
013,District-Shupiyan,Urban,10,34,15,19,1,0,1,0,0,0,0,0,0,6,4,2,0,0,0,1,0,1,0,0,0,26,11,15
013,District-Shupiyan,Urban,11,17,8,9,0,0,0,2,0,2,0,0,0,3,1,2,1,1,0,1,1,0,0,0,0,10,5,5
013,District-Shupiyan,Urban,12,20,10,10,1,0,1,0,0,0,0,0,0,2,1,1,0,0,0,1,0,1,0,0,0,16,9,7
013,District-Shupiyan,Urban,13,21,5,16,3,2,1,0,0,0,0,0,0,3,0,3,1,1,0,0,0,0,0,0,0,14,2,12
013,District-Shupiyan,Urban,14,14,10,4,2,2,0,0,0,0,0,0,0,4,2,2,0,0,0,0,0,0,0,0,0,8,6,2
013,District-Shupiyan,Urban,15,24,11,13,3,2,1,1,1,0,0,0,0,9,4,5,1,1,0,0,0,0,0,0,0,10,3,7
013,District-Shupiyan,Urban,16,30,15,15,4,3,1,3,1,2,0,0,0,8,4,4,2,2,0,0,0,0,0,0,0,13,5,8
013,District-Shupiyan,Urban,17,34,14,20,3,3,0,5,1,4,0,0,0,10,3,7,2,1,1,4,2,2,0,0,0,10,4,6
013,District-Shupiyan,Urban,18,39,22,17,7,7,0,2,1,1,0,0,0,19,4,15,2,2,0,3,3,0,0,0,0,6,5,1
013,District-Shupiyan,Urban,19,43,24,19,11,8,3,8,5,3,0,0,0,16,6,10,0,0,0,1,1,0,0,0,0,7,4,3
014,District-Anantnag,Total,5-19,109570,52308,57262,2838,2434,404,4453,2329,2124,2993,1215,1778,10587,4081,6506,2415,1874,541,5524,2276,3248,3445,1152,2293,77315,36947,40368
014,District-Anantnag,Total,5,23675,12558,11117,4,2,2,8,4,4,1,0,1,180,98,82,180,113,67,141,72,69,73,30,43,23088,12239,10849
014,District-Anantnag,Total,6,18233,9401,8832,3,1,2,9,4,5,1,0,1,206,108,98,102,61,41,117,51,66,64,23,41,17731,9153,8578
014,District-Anantnag,Total,7,7937,3975,3962,6,6,0,8,4,4,4,1,3,232,110,122,58,29,29,96,45,51,43,17,26,7490,3763,3727
014,District-Anantnag,Total,8,5336,2570,2766,8,2,6,10,7,3,6,1,5,252,153,99,58,37,21,97,38,59,45,14,31,4860,2318,2542
014,District-Anantnag,Total,9,3518,1711,1807,11,6,5,17,7,10,2,1,1,186,105,81,37,23,14,95,44,51,43,17,26,3127,1508,1619
014,District-Anantnag,Total,10,5419,2654,2765,19,8,11,17,11,6,15,8,7,310,154,156,82,57,25,189,88,101,99,47,52,4688,2281,2407
014,District-Anantnag,Total,11,3614,1680,1934,40,30,10,49,30,19,32,14,18,379,172,207,70,50,20,203,86,117,114,33,81,2727,1265,1462
014,District-Anantnag,Total,12,3809,1667,2142,81,70,11,102,59,43,70,28,42,457,197,260,93,65,28,303,128,175,228,106,122,2475,1014,1461
014,District-Anantnag,Total,13,3128,1303,1825,81,65,16,89,52,37,78,33,45,473,177,296,86,68,18,309,144,165,189,61,128,1823,703,1120
014,District-Anantnag,Total,14,3608,1583,2025,122,100,22,179,88,91,157,74,83,666,271,395,146,118,28,420,200,220,249,101,148,1669,631,1038
014,District-Anantnag,Total,15,4924,2061,2863,226,195,31,362,189,173,271,109,162,951,358,593,244,199,45,648,275,373,413,136,277,1809,600,1209
014,District-Anantnag,Total,16,5644,2391,3253,316,275,41,579,310,269,417,175,242,1326,485,841,262,224,38,673,275,398,424,138,286,1647,509,1138
014,District-Anantnag,Total,17,5080,2175,2905,376,324,52,621,340,281,446,189,257,1274,464,810,239,196,43,615,231,384,379,124,255,1130,307,823
014,District-Anantnag,Total,18,9246,3866,5380,858,758,100,1341,691,650,828,318,510,2180,692,1488,492,417,75,999,382,617,655,195,460,1893,413,1480
014,District-Anantnag,Total,19,6399,2713,3686,687,592,95,1062,533,529,665,264,401,1515,537,978,266,217,49,619,217,402,427,110,317,1158,243,915
014,District-Anantnag,Rural,5-19,88755,41844,46911,2065,1774,291,3727,1888,1839,2501,996,1505,7581,2880,4701,2029,1593,436,4958,1963,2995,3061,997,2064,62833,29753,33080
014,District-Anantnag,Rural,5,18521,9823,8698,4,2,2,5,3,2,1,0,1,148,80,68,144,90,54,108,54,54,58,22,36,18053,9572,8481
014,District-Anantnag,Rural,6,14401,7394,7007,1,0,1,9,4,5,1,0,1,175,95,80,79,48,31,89,37,52,49,18,31,13998,7192,6806
014,District-Anantnag,Rural,7,6484,3257,3227,4,4,0,8,4,4,2,1,1,182,86,96,50,25,25,80,36,44,30,11,19,6128,3090,3038
014,District-Anantnag,Rural,8,4498,2144,2354,7,2,5,9,7,2,3,0,3,189,114,75,51,34,17,83,34,49,35,12,23,4121,1941,2180
014,District-Anantnag,Rural,9,3021,1448,1573,8,4,4,14,6,8,1,0,1,148,82,66,30,19,11,82,35,47,32,11,21,2706,1291,1415
014,District-Anantnag,Rural,10,4635,2242,2393,12,7,5,14,9,5,12,6,6,228,107,121,74,52,22,175,81,94,88,42,46,4032,1938,2094
014,District-Anantnag,Rural,11,3114,1415,1699,27,22,5,40,21,19,25,9,16,306,140,166,59,42,17,181,77,104,101,25,76,2375,1079,1296
014,District-Anantnag,Rural,12,3169,1330,1839,53,44,9,75,38,37,53,18,35,324,142,182,73,51,22,262,97,165,182,71,111,2147,869,1278
014,District-Anantnag,Rural,13,2655,1088,1567,51,43,8,74,41,33,71,27,44,363,130,233,71,57,14,273,124,149,173,57,116,1579,609,970
014,District-Anantnag,Rural,14,2934,1250,1684,86,72,14,139,66,73,131,60,71,473,185,288,114,96,18,371,169,202,224,91,133,1396,511,885
014,District-Anantnag,Rural,15,4030,1646,2384,158,133,25,299,150,149,231,92,139,678,257,421,202,173,29,582,238,344,375,123,252,1505,480,1025
014,District-Anantnag,Rural,16,4613,1913,2700,231,199,32,498,258,240,362,150,212,921,324,597,223,190,33,620,246,374,390,125,265,1368,421,947
014,District-Anantnag,Rural,17,4114,1721,2393,275,239,36,517,276,241,372,159,213,917,323,594,209,172,37,562,203,359,339,110,229,923,239,684
014,District-Anantnag,Rural,18,7473,3083,4390,642,565,77,1137,582,555,670,255,415,1509,470,1039,432,366,66,934,346,588,592,181,411,1557,318,1239
014,District-Anantnag,Rural,19,5093,2090,3003,506,438,68,889,423,466,566,219,347,1020,345,675,218,178,40,556,186,370,393,98,295,945,203,742
014,District-Anantnag,Urban,5-19,20815,10464,10351,773,660,113,726,441,285,492,219,273,3006,1201,1805,386,281,105,566,313,253,384,155,229,14482,7194,7288
014,District-Anantnag,Urban,5,5154,2735,2419,0,0,0,3,1,2,0,0,0,32,18,14,36,23,13,33,18,15,15,8,7,5035,2667,2368
014,District-Anantnag,Urban,6,3832,2007,1825,2,1,1,0,0,0,0,0,0,31,13,18,23,13,10,28,14,14,15,5,10,3733,1961,1772
014,District-Anantnag,Urban,7,1453,718,735,2,2,0,0,0,0,2,0,2,50,24,26,8,4,4,16,9,7,13,6,7,1362,673,689
014,District-Anantnag,Urban,8,838,426,412,1,0,1,1,0,1,3,1,2,63,39,24,7,3,4,14,4,10,10,2,8,739,377,362
014,District-Anantnag,Urban,9,497,263,234,3,2,1,3,1,2,1,1,0,38,23,15,7,4,3,13,9,4,11,6,5,421,217,204
014,District-Anantnag,Urban,10,784,412,372,7,1,6,3,2,1,3,2,1,82,47,35,8,5,3,14,7,7,11,5,6,656,343,313
014,District-Anantnag,Urban,11,500,265,235,13,8,5,9,9,0,7,5,2,73,32,41,11,8,3,22,9,13,13,8,5,352,186,166
014,District-Anantnag,Urban,12,640,337,303,28,26,2,27,21,6,17,10,7,133,55,78,20,14,6,41,31,10,46,35,11,328,145,183
014,District-Anantnag,Urban,13,473,215,258,30,22,8,15,11,4,7,6,1,110,47,63,15,11,4,36,20,16,16,4,12,244,94,150
014,District-Anantnag,Urban,14,674,333,341,36,28,8,40,22,18,26,14,12,193,86,107,32,22,10,49,31,18,25,10,15,273,120,153
014,District-Anantnag,Urban,15,894,415,479,68,62,6,63,39,24,40,17,23,273,101,172,42,26,16,66,37,29,38,13,25,304,120,184
014,District-Anantnag,Urban,16,1031,478,553,85,76,9,81,52,29,55,25,30,405,161,244,39,34,5,53,29,24,34,13,21,279,88,191
014,District-Anantnag,Urban,17,966,454,512,101,85,16,104,64,40,74,30,44,357,141,216,30,24,6,53,28,25,40,14,26,207,68,139
014,District-Anantnag,Urban,18,1773,783,990,216,193,23,204,109,95,158,63,95,671,222,449,60,51,9,65,36,29,63,14,49,336,95,241
014,District-Anantnag,Urban,19,1306,623,683,181,154,27,173,110,63,99,45,54,495,192,303,48,39,9,63,31,32,34,12,22,213,40,173
015,District-Kulgam,Total,5-19,36274,16527,19747,1262,1110,152,1759,860,899,1122,450,672,3867,1343,2524,785,582,203,1422,464,958,1312,401,911,24745,11317,13428
015,District-Kulgam,Total,5,7639,3914,3725,0,0,0,1,0,1,1,0,1,56,41,15,30,17,13,27,12,15,15,8,7,7509,3836,3673
015,District-Kulgam,Total,6,5559,2784,2775,2,0,2,0,0,0,0,0,0,63,33,30,15,8,7,34,15,19,15,10,5,5430,2718,2712
015,District-Kulgam,Total,7,2430,1157,1273,2,2,0,1,0,1,1,0,1,50,27,23,10,7,3,14,6,8,19,8,11,2333,1107,1226
015,District-Kulgam,Total,8,1472,702,770,1,0,1,2,1,1,2,0,2,49,24,25,9,2,7,11,5,6,22,8,14,1376,662,714
015,District-Kulgam,Total,9,1033,495,538,2,1,1,3,2,1,1,0,1,58,33,25,4,2,2,7,2,5,15,10,5,943,445,498
015,District-Kulgam,Total,10,1814,874,940,2,2,0,5,1,4,1,0,1,80,44,36,18,11,7,21,13,8,30,12,18,1657,791,866
015,District-Kulgam,Total,11,1173,524,649,5,5,0,17,8,9,12,6,6,94,37,57,26,14,12,32,7,25,30,11,19,957,436,521
015,District-Kulgam,Total,12,938,363,575,24,22,2,24,7,17,14,6,8,142,63,79,19,14,5,42,8,34,54,17,37,619,226,393
015,District-Kulgam,Total,13,906,356,550,37,33,4,28,10,18,34,16,18,128,44,84,28,23,5,71,21,50,57,13,44,523,196,327
015,District-Kulgam,Total,14,995,412,583,45,40,5,52,28,24,40,21,19,200,74,126,41,29,12,83,31,52,79,29,50,455,160,295
015,District-Kulgam,Total,15,1674,668,1006,99,89,10,145,74,71,95,36,59,339,118,221,70,53,17,156,52,104,148,56,92,622,190,432
015,District-Kulgam,Total,16,2014,787,1227,142,121,21,226,89,137,155,64,91,478,160,318,100,76,24,182,62,120,173,49,124,558,166,392
015,District-Kulgam,Total,17,2084,828,1256,180,155,25,280,125,155,158,75,83,525,166,359,91,72,19,192,67,125,148,48,100,510,120,390
015,District-Kulgam,Total,18,3622,1450,2172,361,324,37,515,256,259,325,124,201,867,263,604,191,148,43,305,90,215,320,84,236,738,161,577
015,District-Kulgam,Total,19,2921,1213,1708,360,316,44,460,259,201,283,102,181,738,216,522,133,106,27,245,73,172,187,38,149,515,103,412
015,District-Kulgam,Rural,5-19,31223,14196,17027,1062,922,140,1416,715,701,982,404,578,3133,1080,2053,708,522,186,1262,425,837,1215,376,839,21445,9752,11693
015,District-Kulgam,Rural,5,6520,3343,3177,0,0,0,1,0,1,1,0,1,50,40,10,27,15,12,24,10,14,13,6,7,6404,3272,3132
015,District-Kulgam,Rural,6,4712,2365,2347,1,0,1,0,0,0,0,0,0,57,29,28,15,8,7,29,14,15,14,10,4,4596,2304,2292
015,District-Kulgam,Rural,7,2119,1010,1109,1,1,0,1,0,1,0,0,0,38,22,16,9,7,2,12,5,7,19,8,11,2039,967,1072
015,District-Kulgam,Rural,8,1305,621,684,1,0,1,1,1,0,2,0,2,43,19,24,9,2,7,11,5,6,22,8,14,1216,586,630
015,District-Kulgam,Rural,9,916,434,482,0,0,0,3,2,1,1,0,1,49,30,19,4,2,2,7,2,5,15,10,5,837,388,449
015,District-Kulgam,Rural,10,1610,777,833,2,2,0,4,1,3,1,0,1,71,39,32,15,9,6,19,12,7,30,12,18,1468,702,766
015,District-Kulgam,Rural,11,1066,472,594,4,4,0,15,6,9,11,5,6,82,34,48,25,14,11,29,6,23,29,11,18,871,392,479
015,District-Kulgam,Rural,12,836,328,508,22,21,1,19,5,14,12,6,6,117,54,63,18,13,5,35,7,28,53,17,36,560,205,355
015,District-Kulgam,Rural,13,806,313,493,27,24,3,25,9,16,30,13,17,113,40,73,26,21,5,65,19,46,55,12,43,465,175,290
015,District-Kulgam,Rural,14,862,360,502,37,32,5,44,24,20,39,21,18,150,55,95,38,27,11,70,28,42,76,27,49,408,146,262
015,District-Kulgam,Rural,15,1436,552,884,79,69,10,110,59,51,84,31,53,276,88,188,63,48,15,138,49,89,139,52,87,547,156,391
015,District-Kulgam,Rural,16,1725,673,1052,117,97,20,182,74,108,129,56,73,379,122,257,87,66,21,166,57,109,162,48,114,503,153,350
015,District-Kulgam,Rural,17,1761,695,1066,159,136,23,229,108,121,139,69,70,412,127,285,77,59,18,169,58,111,133,45,88,443,93,350
015,District-Kulgam,Rural,18,3093,1224,1869,301,268,33,413,212,201,291,110,181,691,199,492,180,140,40,272,85,187,296,76,220,649,134,515
015,District-Kulgam,Rural,19,2456,1029,1427,311,268,43,369,214,155,242,93,149,605,182,423,115,91,24,216,68,148,159,34,125,439,79,360
015,District-Kulgam,Urban,5-19,5051,2331,2720,200,188,12,343,145,198,140,46,94,734,263,471,77,60,17,160,39,121,97,25,72,3300,1565,1735
015,District-Kulgam,Urban,5,1119,571,548,0,0,0,0,0,0,0,0,0,6,1,5,3,2,1,3,2,1,2,2,0,1105,564,541
015,District-Kulgam,Urban,6,847,419,428,1,0,1,0,0,0,0,0,0,6,4,2,0,0,0,5,1,4,1,0,1,834,414,420
015,District-Kulgam,Urban,7,311,147,164,1,1,0,0,0,0,1,0,1,12,5,7,1,0,1,2,1,1,0,0,0,294,140,154
015,District-Kulgam,Urban,8,167,81,86,0,0,0,1,0,1,0,0,0,6,5,1,0,0,0,0,0,0,0,0,0,160,76,84
015,District-Kulgam,Urban,9,117,61,56,2,1,1,0,0,0,0,0,0,9,3,6,0,0,0,0,0,0,0,0,0,106,57,49
015,District-Kulgam,Urban,10,204,97,107,0,0,0,1,0,1,0,0,0,9,5,4,3,2,1,2,1,1,0,0,0,189,89,100
015,District-Kulgam,Urban,11,107,52,55,1,1,0,2,2,0,1,1,0,12,3,9,1,0,1,3,1,2,1,0,1,86,44,42
015,District-Kulgam,Urban,12,102,35,67,2,1,1,5,2,3,2,0,2,25,9,16,1,1,0,7,1,6,1,0,1,59,21,38
015,District-Kulgam,Urban,13,100,43,57,10,9,1,3,1,2,4,3,1,15,4,11,2,2,0,6,2,4,2,1,1,58,21,37
015,District-Kulgam,Urban,14,133,52,81,8,8,0,8,4,4,1,0,1,50,19,31,3,2,1,13,3,10,3,2,1,47,14,33
015,District-Kulgam,Urban,15,238,116,122,20,20,0,35,15,20,11,5,6,63,30,33,7,5,2,18,3,15,9,4,5,75,34,41
015,District-Kulgam,Urban,16,289,114,175,25,24,1,44,15,29,26,8,18,99,38,61,13,10,3,16,5,11,11,1,10,55,13,42
015,District-Kulgam,Urban,17,323,133,190,21,19,2,51,17,34,19,6,13,113,39,74,14,13,1,23,9,14,15,3,12,67,27,40
015,District-Kulgam,Urban,18,529,226,303,60,56,4,102,44,58,34,14,20,176,64,112,11,8,3,33,5,28,24,8,16,89,27,62
015,District-Kulgam,Urban,19,465,184,281,49,48,1,91,45,46,41,9,32,133,34,99,18,15,3,29,5,24,28,4,24,76,24,52
016,District-Doda,Total,5-19,36214,15622,20592,1244,1101,143,1896,1104,792,793,373,420,3092,1052,2040,728,454,274,1455,402,1053,1271,254,1017,25735,10882,14853
016,District-Doda,Total,5,8695,4556,4139,3,3,0,1,1,0,0,0,0,42,21,21,17,7,10,20,11,9,10,5,5,8602,4508,4094
016,District-Doda,Total,6,6255,3054,3201,1,1,0,0,0,0,0,0,0,61,31,30,10,4,6,20,11,9,7,2,5,6156,3005,3151
016,District-Doda,Total,7,2586,1223,1363,0,0,0,0,0,0,1,0,1,51,25,26,6,1,5,5,2,3,3,1,2,2520,1194,1326
016,District-Doda,Total,8,1213,512,701,2,0,2,0,0,0,0,0,0,55,28,27,4,2,2,7,4,3,11,4,7,1134,474,660
016,District-Doda,Total,9,743,303,440,1,1,0,0,0,0,0,0,0,47,26,21,1,1,0,7,3,4,11,6,5,676,266,410
016,District-Doda,Total,10,942,366,576,1,1,0,5,1,4,2,0,2,66,28,38,8,5,3,13,2,11,20,9,11,827,320,507
016,District-Doda,Total,11,841,270,571,10,6,4,12,3,9,8,4,4,88,37,51,12,2,10,22,4,18,40,13,27,649,201,448
016,District-Doda,Total,12,968,310,658,22,21,1,39,16,23,15,7,8,118,38,80,19,11,8,46,12,34,76,13,63,633,192,441
016,District-Doda,Total,13,935,277,658,34,27,7,35,14,21,25,17,8,158,53,105,25,13,12,50,10,40,65,12,53,543,131,412
016,District-Doda,Total,14,1157,335,822,45,40,5,67,31,36,43,22,21,194,58,136,46,30,16,106,21,85,100,24,76,556,109,447
016,District-Doda,Total,15,1589,526,1063,87,72,15,142,82,60,50,24,26,254,102,152,73,46,27,155,59,96,139,22,117,689,119,570
016,District-Doda,Total,16,1855,593,1262,117,103,14,194,113,81,85,36,49,322,114,208,88,51,37,184,52,132,168,33,135,697,91,606
016,District-Doda,Total,17,2064,804,1260,193,176,17,325,193,132,124,49,75,403,151,252,109,64,45,191,57,134,142,28,114,577,86,491
016,District-Doda,Total,18,3136,1223,1913,309,280,29,464,280,184,206,100,106,576,181,395,174,129,45,329,89,240,269,52,217,809,112,697
016,District-Doda,Total,19,3235,1270,1965,419,370,49,612,370,242,234,114,120,657,159,498,136,88,48,300,65,235,210,30,180,667,74,593
016,District-Doda,Rural,5-19,34778,14851,19927,1138,1000,138,1885,1095,790,784,365,419,2869,969,1900,698,432,266,1447,398,1049,1268,253,1015,24689,10339,14350
016,District-Doda,Rural,5,8225,4292,3933,3,3,0,1,1,0,0,0,0,40,20,20,15,7,8,19,10,9,10,5,5,8137,4246,3891
016,District-Doda,Rural,6,5984,2903,3081,1,1,0,0,0,0,0,0,0,56,27,29,9,4,5,20,11,9,7,2,5,5891,2858,3033
016,District-Doda,Rural,7,2498,1187,1311,0,0,0,0,0,0,1,0,1,47,24,23,6,1,5,5,2,3,3,1,2,2436,1159,1277
016,District-Doda,Rural,8,1176,493,683,2,0,2,0,0,0,0,0,0,51,26,25,4,2,2,7,4,3,11,4,7,1101,457,644
016,District-Doda,Rural,9,721,294,427,1,1,0,0,0,0,0,0,0,41,25,16,1,1,0,7,3,4,11,6,5,660,258,402
016,District-Doda,Rural,10,909,350,559,1,1,0,5,1,4,2,0,2,59,25,34,8,5,3,13,2,11,20,9,11,801,307,494
016,District-Doda,Rural,11,821,260,561,10,6,4,12,3,9,8,4,4,83,35,48,12,2,10,22,4,18,40,13,27,634,193,441
016,District-Doda,Rural,12,946,297,649,20,20,0,39,16,23,15,7,8,113,35,78,19,11,8,46,12,34,76,13,63,618,183,435
016,District-Doda,Rural,13,910,263,647,32,25,7,35,14,21,25,17,8,152,49,103,23,12,11,49,10,39,65,12,53,529,124,405
016,District-Doda,Rural,14,1119,316,803,39,34,5,66,30,36,43,22,21,176,54,122,46,30,16,106,21,85,99,23,76,544,102,442
016,District-Doda,Rural,15,1535,496,1039,80,66,14,141,81,60,50,24,26,238,95,143,67,40,27,152,57,95,139,22,117,668,111,557
016,District-Doda,Rural,16,1805,568,1237,106,92,14,192,113,79,82,33,49,300,105,195,86,49,37,184,52,132,166,33,133,689,91,598
016,District-Doda,Rural,17,1992,763,1229,177,162,15,325,193,132,123,48,75,372,134,238,103,59,44,190,56,134,142,28,114,560,83,477
016,District-Doda,Rural,18,3010,1149,1861,274,245,29,461,277,184,202,97,105,526,166,360,167,123,44,328,89,239,269,52,217,783,100,683
016,District-Doda,Rural,19,3127,1220,1907,392,344,48,608,366,242,233,113,120,615,149,466,132,86,46,299,65,234,210,30,180,638,67,571
016,District-Doda,Urban,5-19,1436,771,665,106,101,5,11,9,2,9,8,1,223,83,140,30,22,8,8,4,4,3,1,2,1046,543,503
016,District-Doda,Urban,5,470,264,206,0,0,0,0,0,0,0,0,0,2,1,1,2,0,2,1,1,0,0,0,0,465,262,203
016,District-Doda,Urban,6,271,151,120,0,0,0,0,0,0,0,0,0,5,4,1,1,0,1,0,0,0,0,0,0,265,147,118
016,District-Doda,Urban,7,88,36,52,0,0,0,0,0,0,0,0,0,4,1,3,0,0,0,0,0,0,0,0,0,84,35,49
016,District-Doda,Urban,8,37,19,18,0,0,0,0,0,0,0,0,0,4,2,2,0,0,0,0,0,0,0,0,0,33,17,16
016,District-Doda,Urban,9,22,9,13,0,0,0,0,0,0,0,0,0,6,1,5,0,0,0,0,0,0,0,0,0,16,8,8
016,District-Doda,Urban,10,33,16,17,0,0,0,0,0,0,0,0,0,7,3,4,0,0,0,0,0,0,0,0,0,26,13,13
016,District-Doda,Urban,11,20,10,10,0,0,0,0,0,0,0,0,0,5,2,3,0,0,0,0,0,0,0,0,0,15,8,7
016,District-Doda,Urban,12,22,13,9,2,1,1,0,0,0,0,0,0,5,3,2,0,0,0,0,0,0,0,0,0,15,9,6
016,District-Doda,Urban,13,25,14,11,2,2,0,0,0,0,0,0,0,6,4,2,2,1,1,1,0,1,0,0,0,14,7,7
016,District-Doda,Urban,14,38,19,19,6,6,0,1,1,0,0,0,0,18,4,14,0,0,0,0,0,0,1,1,0,12,7,5
016,District-Doda,Urban,15,54,30,24,7,6,1,1,1,0,0,0,0,16,7,9,6,6,0,3,2,1,0,0,0,21,8,13
016,District-Doda,Urban,16,50,25,25,11,11,0,2,0,2,3,3,0,22,9,13,2,2,0,0,0,0,2,0,2,8,0,8
016,District-Doda,Urban,17,72,41,31,16,14,2,0,0,0,1,1,0,31,17,14,6,5,1,1,1,0,0,0,0,17,3,14
016,District-Doda,Urban,18,126,74,52,35,35,0,3,3,0,4,3,1,50,15,35,7,6,1,1,0,1,0,0,0,26,12,14
016,District-Doda,Urban,19,108,50,58,27,26,1,4,4,0,1,1,0,42,10,32,4,2,2,1,0,1,0,0,0,29,7,22
017,District-Ramban,Total,5-19,36118,14688,21430,810,729,81,808,623,185,287,201,86,3378,1475,1903,1123,772,351,1442,586,856,696,206,490,27574,10096,17478
017,District-Ramban,Total,5,6308,3239,3069,1,0,1,0,0,0,0,0,0,32,19,13,29,16,13,15,9,6,4,3,1,6227,3192,3035
017,District-Ramban,Total,6,4681,2284,2397,1,0,1,0,0,0,0,0,0,44,27,17,29,17,12,16,3,13,8,5,3,4583,2232,2351
017,District-Ramban,Total,7,2332,1055,1277,1,1,0,1,1,0,0,0,0,56,28,28,20,11,9,19,9,10,12,5,7,2223,1000,1223
017,District-Ramban,Total,8,1692,670,1022,2,0,2,0,0,0,1,1,0,76,47,29,23,10,13,21,9,12,17,6,11,1552,597,955
017,District-Ramban,Total,9,1121,374,747,3,0,3,0,0,0,2,0,2,57,27,30,14,4,10,16,1,15,13,4,9,1016,338,678
017,District-Ramban,Total,10,1565,591,974,3,2,1,1,1,0,0,0,0,77,34,43,28,14,14,28,4,24,14,6,8,1414,530,884
017,District-Ramban,Total,11,1358,486,872,16,15,1,3,3,0,1,1,0,132,69,63,28,14,14,40,12,28,30,8,22,1108,364,744
017,District-Ramban,Total,12,1566,531,1035,23,20,3,14,11,3,10,6,4,189,88,101,45,32,13,65,12,53,38,9,29,1182,353,829
017,District-Ramban,Total,13,1485,428,1057,15,11,4,29,19,10,11,7,4,212,84,128,39,22,17,77,33,44,38,9,29,1064,243,821
017,District-Ramban,Total,14,1640,536,1104,43,35,8,45,31,14,27,15,12,267,105,162,48,27,21,95,47,48,52,21,31,1063,255,808
017,District-Ramban,Total,15,2166,697,1469,57,51,6,58,43,15,29,21,8,352,155,197,110,81,29,133,55,78,89,32,57,1338,259,1079
017,District-Ramban,Total,16,2193,720,1473,80,76,4,85,65,20,32,27,5,387,168,219,113,83,30,156,62,94,85,17,68,1255,222,1033
017,District-Ramban,Total,17,1986,716,1270,104,95,9,110,85,25,45,35,10,388,163,225,125,90,35,167,69,98,68,15,53,979,164,815
017,District-Ramban,Total,18,3385,1313,2072,233,211,22,243,190,53,74,48,26,592,258,334,264,198,66,352,153,199,127,40,87,1500,215,1285
017,District-Ramban,Total,19,2640,1048,1592,228,212,16,219,174,45,55,40,15,517,203,314,208,153,55,242,108,134,101,26,75,1070,132,938
017,District-Ramban,Rural,5-19,35624,14433,21191,779,699,80,798,615,183,287,201,86,3242,1430,1812,1115,764,351,1440,584,856,696,206,490,27267,9934,17333
017,District-Ramban,Rural,5,6197,3176,3021,1,0,1,0,0,0,0,0,0,31,18,13,29,16,13,15,9,6,4,3,1,6117,3130,2987
017,District-Ramban,Rural,6,4607,2242,2365,1,0,1,0,0,0,0,0,0,43,26,17,29,17,12,16,3,13,8,5,3,4510,2191,2319
017,District-Ramban,Rural,7,2297,1037,1260,1,1,0,1,1,0,0,0,0,52,28,24,20,11,9,19,9,10,12,5,7,2192,982,1210
017,District-Ramban,Rural,8,1675,660,1015,2,0,2,0,0,0,1,1,0,73,46,27,23,10,13,21,9,12,17,6,11,1538,588,950
017,District-Ramban,Rural,9,1107,369,738,3,0,3,0,0,0,2,0,2,53,26,27,14,4,10,16,1,15,13,4,9,1006,334,672
017,District-Ramban,Rural,10,1557,588,969,3,2,1,1,1,0,0,0,0,76,34,42,28,14,14,28,4,24,14,6,8,1407,527,880
017,District-Ramban,Rural,11,1347,478,869,16,15,1,3,3,0,1,1,0,125,65,60,28,14,14,40,12,28,30,8,22,1104,360,744
017,District-Ramban,Rural,12,1552,526,1026,23,20,3,14,11,3,10,6,4,185,88,97,45,32,13,65,12,53,38,9,29,1172,348,824
017,District-Ramban,Rural,13,1470,421,1049,15,11,4,29,19,10,11,7,4,201,80,121,39,22,17,76,32,44,38,9,29,1061,241,820
017,District-Ramban,Rural,14,1623,526,1097,41,33,8,44,30,14,27,15,12,260,102,158,48,27,21,95,47,48,52,21,31,1056,251,805
017,District-Ramban,Rural,15,2146,689,1457,55,49,6,58,43,15,29,21,8,341,152,189,108,79,29,133,55,78,89,32,57,1333,258,1075
017,District-Ramban,Rural,16,2175,713,1462,79,75,4,84,64,20,32,27,5,376,164,212,112,82,30,156,62,94,85,17,68,1251,222,1029
017,District-Ramban,Rural,17,1952,696,1256,97,88,9,109,84,25,45,35,10,372,155,217,125,90,35,167,69,98,68,15,53,969,160,809
017,District-Ramban,Rural,18,3336,1292,2044,223,201,22,240,188,52,74,48,26,569,253,316,263,197,66,352,153,199,127,40,87,1488,212,1276
017,District-Ramban,Rural,19,2583,1020,1563,219,204,15,215,171,44,55,40,15,485,193,292,204,149,55,241,107,134,101,26,75,1063,130,933
017,District-Ramban,Urban,5-19,494,255,239,31,30,1,10,8,2,0,0,0,136,45,91,8,8,0,2,2,0,0,0,0,307,162,145
017,District-Ramban,Urban,5,111,63,48,0,0,0,0,0,0,0,0,0,1,1,0,0,0,0,0,0,0,0,0,0,110,62,48
017,District-Ramban,Urban,6,74,42,32,0,0,0,0,0,0,0,0,0,1,1,0,0,0,0,0,0,0,0,0,0,73,41,32
017,District-Ramban,Urban,7,35,18,17,0,0,0,0,0,0,0,0,0,4,0,4,0,0,0,0,0,0,0,0,0,31,18,13
017,District-Ramban,Urban,8,17,10,7,0,0,0,0,0,0,0,0,0,3,1,2,0,0,0,0,0,0,0,0,0,14,9,5
017,District-Ramban,Urban,9,14,5,9,0,0,0,0,0,0,0,0,0,4,1,3,0,0,0,0,0,0,0,0,0,10,4,6
017,District-Ramban,Urban,10,8,3,5,0,0,0,0,0,0,0,0,0,1,0,1,0,0,0,0,0,0,0,0,0,7,3,4
017,District-Ramban,Urban,11,11,8,3,0,0,0,0,0,0,0,0,0,7,4,3,0,0,0,0,0,0,0,0,0,4,4,0
017,District-Ramban,Urban,12,14,5,9,0,0,0,0,0,0,0,0,0,4,0,4,0,0,0,0,0,0,0,0,0,10,5,5
017,District-Ramban,Urban,13,15,7,8,0,0,0,0,0,0,0,0,0,11,4,7,0,0,0,1,1,0,0,0,0,3,2,1
017,District-Ramban,Urban,14,17,10,7,2,2,0,1,1,0,0,0,0,7,3,4,0,0,0,0,0,0,0,0,0,7,4,3
017,District-Ramban,Urban,15,20,8,12,2,2,0,0,0,0,0,0,0,11,3,8,2,2,0,0,0,0,0,0,0,5,1,4
017,District-Ramban,Urban,16,18,7,11,1,1,0,1,1,0,0,0,0,11,4,7,1,1,0,0,0,0,0,0,0,4,0,4
017,District-Ramban,Urban,17,34,20,14,7,7,0,1,1,0,0,0,0,16,8,8,0,0,0,0,0,0,0,0,0,10,4,6
017,District-Ramban,Urban,18,49,21,28,10,10,0,3,2,1,0,0,0,23,5,18,1,1,0,0,0,0,0,0,0,12,3,9
017,District-Ramban,Urban,19,57,28,29,9,8,1,4,3,1,0,0,0,32,10,22,4,4,0,1,1,0,0,0,0,7,2,5
018,District-Kishtwar,Total,5-19,23834,10244,13590,504,410,94,639,427,212,270,176,94,1518,653,865,1062,513,549,1355,488,867,840,298,542,17646,7279,10367
018,District-Kishtwar,Total,5,4474,2280,2194,1,1,0,0,0,0,1,0,1,33,19,14,10,4,6,9,3,6,3,1,2,4417,2252,2165
018,District-Kishtwar,Total,6,3273,1614,1659,2,2,0,0,0,0,0,0,0,48,26,22,6,2,4,11,5,6,3,2,1,3203,1577,1626
018,District-Kishtwar,Total,7,1657,771,886,1,1,0,0,0,0,0,0,0,27,14,13,3,1,2,6,3,3,12,4,8,1608,748,860
018,District-Kishtwar,Total,8,1204,532,672,2,1,1,1,1,0,1,1,0,30,20,10,9,2,7,4,1,3,7,5,2,1150,501,649
018,District-Kishtwar,Total,9,837,360,477,0,0,0,0,0,0,1,1,0,25,10,15,10,1,9,10,6,4,8,4,4,783,338,445
018,District-Kishtwar,Total,10,1268,499,769,4,3,1,3,1,2,1,0,1,35,13,22,28,12,16,34,12,22,33,16,17,1130,442,688
018,District-Kishtwar,Total,11,825,325,500,2,1,1,5,1,4,3,1,2,40,14,26,29,14,15,26,9,17,24,8,16,696,277,419
018,District-Kishtwar,Total,12,1014,357,657,15,11,4,10,5,5,7,3,4,71,38,33,71,35,36,56,20,36,66,27,39,718,218,500
018,District-Kishtwar,Total,13,846,289,557,10,6,4,19,12,7,11,6,5,53,21,32,49,24,25,60,23,37,61,24,37,583,173,410
018,District-Kishtwar,Total,14,900,298,602,15,12,3,29,22,7,21,7,14,87,44,43,58,28,30,98,21,77,71,18,53,521,146,375
018,District-Kishtwar,Total,15,1267,443,824,27,23,4,54,35,19,34,22,12,131,59,72,111,56,55,162,52,110,118,38,80,630,158,472
018,District-Kishtwar,Total,16,1290,480,810,48,35,13,82,48,34,30,18,12,156,71,85,135,68,67,167,60,107,84,31,53,588,149,439
018,District-Kishtwar,Total,17,1267,503,764,70,57,13,88,61,27,41,31,10,215,86,129,116,54,62,195,81,114,98,38,60,444,95,349
018,District-Kishtwar,Total,18,2039,802,1237,134,110,24,173,117,56,66,51,15,293,121,172,248,121,127,279,108,171,149,52,97,697,122,575
018,District-Kishtwar,Total,19,1673,691,982,173,147,26,175,124,51,53,35,18,274,97,177,179,91,88,238,84,154,103,30,73,478,83,395
018,District-Kishtwar,Rural,5-19,23302,9983,13319,494,401,93,629,418,211,269,175,94,1411,611,800,1048,503,545,1344,480,864,840,298,542,17267,7097,10170
018,District-Kishtwar,Rural,5,4338,2214,2124,1,1,0,0,0,0,1,0,1,33,19,14,10,4,6,9,3,6,3,1,2,4281,2186,2095
018,District-Kishtwar,Rural,6,3194,1574,1620,2,2,0,0,0,0,0,0,0,47,26,21,6,2,4,11,5,6,3,2,1,3125,1537,1588
018,District-Kishtwar,Rural,7,1632,758,874,1,1,0,0,0,0,0,0,0,27,14,13,3,1,2,6,3,3,12,4,8,1583,735,848
018,District-Kishtwar,Rural,8,1185,519,666,2,1,1,1,1,0,1,1,0,29,20,9,9,2,7,4,1,3,7,5,2,1132,488,644
018,District-Kishtwar,Rural,9,828,355,473,0,0,0,0,0,0,1,1,0,24,10,14,10,1,9,10,6,4,8,4,4,775,333,442
018,District-Kishtwar,Rural,10,1249,491,758,4,3,1,3,1,2,1,0,1,35,13,22,28,12,16,32,11,21,33,16,17,1113,435,678
018,District-Kishtwar,Rural,11,814,320,494,2,1,1,5,1,4,3,1,2,38,14,24,29,14,15,25,8,17,24,8,16,688,273,415
018,District-Kishtwar,Rural,12,1001,353,648,15,11,4,10,5,5,7,3,4,68,36,32,71,35,36,56,20,36,66,27,39,708,216,492
018,District-Kishtwar,Rural,13,832,286,546,10,6,4,19,12,7,11,6,5,49,19,30,49,24,25,59,23,36,61,24,37,574,172,402
018,District-Kishtwar,Rural,14,882,289,593,15,12,3,29,22,7,21,7,14,84,43,41,57,27,30,96,20,76,71,18,53,509,140,369
018,District-Kishtwar,Rural,15,1248,433,815,27,23,4,53,34,19,34,22,12,124,56,68,109,56,53,161,51,110,118,38,80,622,153,469
018,District-Kishtwar,Rural,16,1257,464,793,48,35,13,81,47,34,30,18,12,139,64,75,133,67,66,165,58,107,84,31,53,577,144,433
018,District-Kishtwar,Rural,17,1234,486,748,67,54,13,87,60,27,40,30,10,202,82,120,112,51,61,193,79,114,98,38,60,435,92,343
018,District-Kishtwar,Rural,18,1988,778,1210,132,108,24,170,115,55,66,51,15,264,108,156,246,119,127,279,108,171,149,52,97,682,117,565
018,District-Kishtwar,Rural,19,1620,663,957,168,143,25,171,120,51,53,35,18,248,87,161,176,88,88,238,84,154,103,30,73,463,76,387
018,District-Kishtwar,Urban,5-19,532,261,271,10,9,1,10,9,1,1,1,0,107,42,65,14,10,4,11,8,3,0,0,0,379,182,197
018,District-Kishtwar,Urban,5,136,66,70,0,0,0,0,0,0,0,0,0,0,0,0,0,0,0,0,0,0,0,0,0,136,66,70
018,District-Kishtwar,Urban,6,79,40,39,0,0,0,0,0,0,0,0,0,1,0,1,0,0,0,0,0,0,0,0,0,78,40,38
018,District-Kishtwar,Urban,7,25,13,12,0,0,0,0,0,0,0,0,0,0,0,0,0,0,0,0,0,0,0,0,0,25,13,12
018,District-Kishtwar,Urban,8,19,13,6,0,0,0,0,0,0,0,0,0,1,0,1,0,0,0,0,0,0,0,0,0,18,13,5
018,District-Kishtwar,Urban,9,9,5,4,0,0,0,0,0,0,0,0,0,1,0,1,0,0,0,0,0,0,0,0,0,8,5,3
018,District-Kishtwar,Urban,10,19,8,11,0,0,0,0,0,0,0,0,0,0,0,0,0,0,0,2,1,1,0,0,0,17,7,10
018,District-Kishtwar,Urban,11,11,5,6,0,0,0,0,0,0,0,0,0,2,0,2,0,0,0,1,1,0,0,0,0,8,4,4
018,District-Kishtwar,Urban,12,13,4,9,0,0,0,0,0,0,0,0,0,3,2,1,0,0,0,0,0,0,0,0,0,10,2,8
018,District-Kishtwar,Urban,13,14,3,11,0,0,0,0,0,0,0,0,0,4,2,2,0,0,0,1,0,1,0,0,0,9,1,8
018,District-Kishtwar,Urban,14,18,9,9,0,0,0,0,0,0,0,0,0,3,1,2,1,1,0,2,1,1,0,0,0,12,6,6
018,District-Kishtwar,Urban,15,19,10,9,0,0,0,1,1,0,0,0,0,7,3,4,2,0,2,1,1,0,0,0,0,8,5,3
018,District-Kishtwar,Urban,16,33,16,17,0,0,0,1,1,0,0,0,0,17,7,10,2,1,1,2,2,0,0,0,0,11,5,6
018,District-Kishtwar,Urban,17,33,17,16,3,3,0,1,1,0,1,1,0,13,4,9,4,3,1,2,2,0,0,0,0,9,3,6
018,District-Kishtwar,Urban,18,51,24,27,2,2,0,3,2,1,0,0,0,29,13,16,2,2,0,0,0,0,0,0,0,15,5,10
018,District-Kishtwar,Urban,19,53,28,25,5,4,1,4,4,0,0,0,0,26,10,16,3,3,0,0,0,0,0,0,0,15,7,8
019,District-Udhampur,Total,5-19,48559,23132,25427,3820,3167,653,4051,2163,1888,1132,479,653,5966,2091,3875,2077,1203,874,3550,1095,2455,1049,353,696,26914,12581,14333
019,District-Udhampur,Total,5,10013,5318,4695,3,3,0,0,0,0,1,0,1,100,60,40,26,18,8,28,14,14,11,7,4,9844,5216,4628
019,District-Udhampur,Total,6,6907,3598,3309,2,2,0,5,3,2,1,0,1,124,77,47,10,6,4,53,24,29,25,12,13,6687,3474,3213
019,District-Udhampur,Total,7,2618,1311,1307,0,0,0,5,3,2,1,0,1,110,60,50,15,8,7,42,14,28,18,10,8,2427,1216,1211
019,District-Udhampur,Total,8,1578,709,869,5,3,2,5,5,0,1,0,1,95,51,44,11,9,2,47,24,23,36,15,21,1378,602,776
019,District-Udhampur,Total,9,951,391,560,4,3,1,7,4,3,2,1,1,81,43,38,16,7,9,57,17,40,36,15,21,748,301,447
019,District-Udhampur,Total,10,1306,586,720,6,6,0,14,8,6,1,1,0,126,58,68,31,23,8,104,42,62,57,22,35,967,426,541
019,District-Udhampur,Total,11,1125,441,684,27,22,5,37,16,21,8,2,6,173,70,103,47,23,24,122,26,96,50,23,27,661,259,402
019,District-Udhampur,Total,12,1432,527,905,63,47,16,64,22,42,16,3,13,265,105,160,75,43,32,189,67,122,64,19,45,696,221,475
019,District-Udhampur,Total,13,1558,593,965,79,60,19,133,54,79,32,11,21,331,138,193,97,50,47,220,65,155,88,30,58,578,185,393
019,District-Udhampur,Total,14,1846,745,1101,144,105,39,192,93,99,60,23,37,445,199,246,119,63,56,264,81,183,100,31,69,522,150,372
019,District-Udhampur,Total,15,2496,1043,1453,280,230,50,359,170,189,117,39,78,550,194,356,221,116,105,355,97,258,102,37,65,512,160,352
019,District-Udhampur,Total,16,2936,1309,1627,401,336,65,493,250,243,174,86,88,614,225,389,258,143,115,433,133,300,94,30,64,469,106,363
019,District-Udhampur,Total,17,3410,1631,1779,632,517,115,682,373,309,198,91,107,714,209,505,274,170,104,404,132,272,95,36,59,411,103,308
019,District-Udhampur,Total,18,5369,2503,2866,1025,863,162,1038,560,478,294,129,165,1131,310,821,492,295,197,687,216,471,152,44,108,550,86,464
019,District-Udhampur,Total,19,5014,2427,2587,1149,970,179,1017,602,415,226,93,133,1107,292,815,385,229,156,545,143,402,121,22,99,464,76,388
019,District-Udhampur,Rural,5-19,44265,20781,23484,3450,2830,620,3964,2095,1869,1111,461,650,4959,1646,3313,2004,1148,856,3479,1040,2439,1031,339,692,24267,11222,13045
019,District-Udhampur,Rural,5,8908,4689,4219,0,0,0,0,0,0,1,0,1,59,35,24,23,17,6,25,12,13,11,7,4,8789,4618,4171
019,District-Udhampur,Rural,6,6110,3160,2950,1,1,0,1,0,1,1,0,1,82,55,27,8,5,3,45,20,25,25,12,13,5947,3067,2880
019,District-Udhampur,Rural,7,2370,1178,1192,0,0,0,4,3,1,1,0,1,77,43,34,14,8,6,40,13,27,16,8,8,2218,1103,1115
019,District-Udhampur,Rural,8,1439,632,807,3,2,1,4,4,0,1,0,1,67,34,33,10,8,2,45,22,23,36,15,21,1273,547,726
019,District-Udhampur,Rural,9,875,348,527,2,1,1,7,4,3,2,1,1,63,32,31,16,7,9,53,13,40,35,14,21,697,276,421
019,District-Udhampur,Rural,10,1204,537,667,4,4,0,13,8,5,1,1,0,99,46,53,30,22,8,103,42,61,57,22,35,897,392,505
019,District-Udhampur,Rural,11,1031,386,645,19,15,4,35,14,21,8,2,6,141,54,87,46,22,24,120,25,95,50,23,27,612,231,381
019,District-Udhampur,Rural,12,1322,468,854,51,36,15,63,21,42,16,3,13,221,83,138,74,42,32,184,62,122,64,19,45,649,202,447
019,District-Udhampur,Rural,13,1458,539,919,70,52,18,132,54,78,32,11,21,285,111,174,93,48,45,213,61,152,87,29,58,546,173,373
019,District-Udhampur,Rural,14,1718,673,1045,128,92,36,188,90,98,60,23,37,386,165,221,116,60,56,259,77,182,98,29,69,483,137,346
019,District-Udhampur,Rural,15,2348,964,1384,256,208,48,354,166,188,117,39,78,481,167,314,212,110,102,349,91,258,100,37,63,479,146,333
019,District-Udhampur,Rural,16,2744,1204,1540,370,308,62,486,245,241,170,83,87,530,183,347,249,135,114,425,125,300,92,29,63,422,96,326
019,District-Udhampur,Rural,17,3181,1520,1661,585,474,111,668,361,307,195,89,106,616,177,439,262,163,99,402,130,272,90,32,58,363,94,269
019,District-Udhampur,Rural,18,5002,2307,2695,947,792,155,1017,545,472,289,124,165,955,241,714,475,281,194,677,208,469,149,41,108,493,75,418
019,District-Udhampur,Rural,19,4555,2176,2379,1014,845,169,992,580,412,217,85,132,897,220,677,376,220,156,539,139,400,121,22,99,399,65,334
019,District-Udhampur,Urban,5-19,4294,2351,1943,370,337,33,87,68,19,21,18,3,1007,445,562,73,55,18,71,55,16,18,14,4,2647,1359,1288
019,District-Udhampur,Urban,5,1105,629,476,3,3,0,0,0,0,0,0,0,41,25,16,3,1,2,3,2,1,0,0,0,1055,598,457
019,District-Udhampur,Urban,6,797,438,359,1,1,0,4,3,1,0,0,0,42,22,20,2,1,1,8,4,4,0,0,0,740,407,333
019,District-Udhampur,Urban,7,248,133,115,0,0,0,1,0,1,0,0,0,33,17,16,1,0,1,2,1,1,2,2,0,209,113,96
019,District-Udhampur,Urban,8,139,77,62,2,1,1,1,1,0,0,0,0,28,17,11,1,1,0,2,2,0,0,0,0,105,55,50
019,District-Udhampur,Urban,9,76,43,33,2,2,0,0,0,0,0,0,0,18,11,7,0,0,0,4,4,0,1,1,0,51,25,26
019,District-Udhampur,Urban,10,102,49,53,2,2,0,1,0,1,0,0,0,27,12,15,1,1,0,1,0,1,0,0,0,70,34,36
019,District-Udhampur,Urban,11,94,55,39,8,7,1,2,2,0,0,0,0,32,16,16,1,1,0,2,1,1,0,0,0,49,28,21
019,District-Udhampur,Urban,12,110,59,51,12,11,1,1,1,0,0,0,0,44,22,22,1,1,0,5,5,0,0,0,0,47,19,28
019,District-Udhampur,Urban,13,100,54,46,9,8,1,1,0,1,0,0,0,46,27,19,4,2,2,7,4,3,1,1,0,32,12,20
019,District-Udhampur,Urban,14,128,72,56,16,13,3,4,3,1,0,0,0,59,34,25,3,3,0,5,4,1,2,2,0,39,13,26
019,District-Udhampur,Urban,15,148,79,69,24,22,2,5,4,1,0,0,0,69,27,42,9,6,3,6,6,0,2,0,2,33,14,19
019,District-Udhampur,Urban,16,192,105,87,31,28,3,7,5,2,4,3,1,84,42,42,9,8,1,8,8,0,2,1,1,47,10,37
019,District-Udhampur,Urban,17,229,111,118,47,43,4,14,12,2,3,2,1,98,32,66,12,7,5,2,2,0,5,4,1,48,9,39
019,District-Udhampur,Urban,18,367,196,171,78,71,7,21,15,6,5,5,0,176,69,107,17,14,3,10,8,2,3,3,0,57,11,46
019,District-Udhampur,Urban,19,459,251,208,135,125,10,25,22,3,9,8,1,210,72,138,9,9,0,6,4,2,0,0,0,65,11,54
020,District-Reasi,Total,5-19,36397,16229,20168,2012,1753,259,1891,848,1043,614,230,384,1578,550,1028,2308,1567,741,3823,837,2986,744,185,559,23427,10259,13168
020,District-Reasi,Total,5,6909,3596,3313,0,0,0,0,0,0,0,0,0,35,20,15,20,6,14,12,3,9,8,2,6,6834,3565,3269
020,District-Reasi,Total,6,5258,2637,2621,1,1,0,0,0,0,0,0,0,33,17,16,12,8,4,18,3,15,16,9,7,5178,2599,2579
020,District-Reasi,Total,7,2569,1176,1393,2,1,1,2,0,2,0,0,0,21,17,4,16,11,5,25,6,19,12,3,9,2491,1138,1353
020,District-Reasi,Total,8,1800,765,1035,1,1,0,0,0,0,0,0,0,29,10,19,30,21,9,31,5,26,30,12,18,1679,716,963
020,District-Reasi,Total,9,1209,482,727,3,2,1,2,2,0,4,1,3,32,15,17,34,23,11,51,7,44,23,8,15,1060,424,636
020,District-Reasi,Total,10,1594,641,953,3,1,2,6,2,4,3,1,2,42,19,23,52,34,18,102,33,69,60,19,41,1326,532,794
020,District-Reasi,Total,11,1168,459,709,13,10,3,13,5,8,9,3,6,51,17,34,50,35,15,116,27,89,51,13,38,865,349,516
020,District-Reasi,Total,12,1471,528,943,36,35,1,54,16,38,26,10,16,95,37,58,96,66,30,279,82,197,69,23,46,816,259,557
020,District-Reasi,Total,13,1159,402,757,38,33,5,60,28,32,29,11,18,72,29,43,108,72,36,242,61,181,68,14,54,542,154,388
020,District-Reasi,Total,14,1255,469,786,74,65,9,94,43,51,35,14,21,104,38,66,151,99,52,292,75,217,52,11,41,453,124,329
020,District-Reasi,Total,15,1777,657,1120,134,119,15,134,59,75,56,17,39,105,38,67,267,167,100,485,111,374,83,20,63,513,126,387
020,District-Reasi,Total,16,2050,800,1250,203,171,32,215,95,120,74,32,42,150,55,95,302,211,91,546,124,422,78,13,65,482,99,383
020,District-Reasi,Total,17,1923,818,1105,302,273,29,290,125,165,95,41,54,198,62,136,250,172,78,391,72,319,54,9,45,343,64,279
020,District-Reasi,Total,18,3455,1537,1918,577,506,71,534,266,268,161,61,100,312,86,226,548,392,156,719,144,575,90,13,77,514,69,445
020,District-Reasi,Total,19,2800,1262,1538,625,535,90,487,207,280,122,39,83,299,90,209,372,250,122,514,84,430,50,16,34,331,41,290
020,District-Reasi,Rural,5-19,35000,15492,19508,1873,1638,235,1835,808,1027,583,216,367,1311,434,877,2270,1544,726,3777,809,2968,719,173,546,22632,9870,12762
020,District-Reasi,Rural,5,6615,3437,3178,0,0,0,0,0,0,0,0,0,27,14,13,20,6,14,11,2,9,8,2,6,6549,3413,3136
020,District-Reasi,Rural,6,5042,2523,2519,1,1,0,0,0,0,0,0,0,21,10,11,12,8,4,18,3,15,16,9,7,4974,2492,2482
020,District-Reasi,Rural,7,2502,1139,1363,1,1,0,2,0,2,0,0,0,16,15,1,16,11,5,23,4,19,12,3,9,2432,1105,1327
020,District-Reasi,Rural,8,1759,744,1015,1,1,0,0,0,0,0,0,0,26,7,19,30,21,9,31,5,26,30,12,18,1641,698,943
020,District-Reasi,Rural,9,1183,465,718,3,2,1,1,1,0,4,1,3,27,12,15,34,23,11,50,7,43,23,8,15,1041,411,630
020,District-Reasi,Rural,10,1556,622,934,3,1,2,5,1,4,3,1,2,40,18,22,51,33,18,98,31,67,60,19,41,1296,518,778
020,District-Reasi,Rural,11,1146,448,698,12,9,3,13,5,8,9,3,6,45,14,31,50,35,15,115,27,88,51,13,38,851,342,509
020,District-Reasi,Rural,12,1419,506,913,31,30,1,52,15,37,26,10,16,79,33,46,96,66,30,275,81,194,67,22,45,793,249,544
020,District-Reasi,Rural,13,1121,388,733,37,32,5,58,27,31,28,11,17,67,25,42,106,71,35,237,60,177,68,14,54,520,148,372
020,District-Reasi,Rural,14,1196,440,756,67,60,7,90,40,50,34,13,21,82,31,51,149,97,52,290,74,216,52,11,41,432,114,318
020,District-Reasi,Rural,15,1715,624,1091,128,115,13,130,57,73,54,16,38,93,30,63,261,161,100,480,106,374,78,19,59,491,120,371
020,District-Reasi,Rural,16,1980,765,1215,191,162,29,209,91,118,70,30,40,128,45,83,297,210,87,543,122,421,72,10,62,470,95,375
020,District-Reasi,Rural,17,1829,769,1060,280,256,24,284,120,164,90,39,51,164,46,118,246,170,76,388,70,318,51,8,43,326,60,266
020,District-Reasi,Rural,18,3269,1435,1834,533,467,66,515,251,264,148,53,95,256,70,186,533,384,149,707,134,573,84,10,74,493,66,427
020,District-Reasi,Rural,19,2668,1187,1481,585,501,84,476,200,276,117,39,78,240,64,176,369,248,121,511,83,428,47,13,34,323,39,284
020,District-Reasi,Urban,5-19,1397,737,660,139,115,24,56,40,16,31,14,17,267,116,151,38,23,15,46,28,18,25,12,13,795,389,406
020,District-Reasi,Urban,5,294,159,135,0,0,0,0,0,0,0,0,0,8,6,2,0,0,0,1,1,0,0,0,0,285,152,133
020,District-Reasi,Urban,6,216,114,102,0,0,0,0,0,0,0,0,0,12,7,5,0,0,0,0,0,0,0,0,0,204,107,97
020,District-Reasi,Urban,7,67,37,30,1,0,1,0,0,0,0,0,0,5,2,3,0,0,0,2,2,0,0,0,0,59,33,26
020,District-Reasi,Urban,8,41,21,20,0,0,0,0,0,0,0,0,0,3,3,0,0,0,0,0,0,0,0,0,0,38,18,20
020,District-Reasi,Urban,9,26,17,9,0,0,0,1,1,0,0,0,0,5,3,2,0,0,0,1,0,1,0,0,0,19,13,6
020,District-Reasi,Urban,10,38,19,19,0,0,0,1,1,0,0,0,0,2,1,1,1,1,0,4,2,2,0,0,0,30,14,16
020,District-Reasi,Urban,11,22,11,11,1,1,0,0,0,0,0,0,0,6,3,3,0,0,0,1,0,1,0,0,0,14,7,7
020,District-Reasi,Urban,12,52,22,30,5,5,0,2,1,1,0,0,0,16,4,12,0,0,0,4,1,3,2,1,1,23,10,13
020,District-Reasi,Urban,13,38,14,24,1,1,0,2,1,1,1,0,1,5,4,1,2,1,1,5,1,4,0,0,0,22,6,16
020,District-Reasi,Urban,14,59,29,30,7,5,2,4,3,1,1,1,0,22,7,15,2,2,0,2,1,1,0,0,0,21,10,11
020,District-Reasi,Urban,15,62,33,29,6,4,2,4,2,2,2,1,1,12,8,4,6,6,0,5,5,0,5,1,4,22,6,16
020,District-Reasi,Urban,16,70,35,35,12,9,3,6,4,2,4,2,2,22,10,12,5,1,4,3,2,1,6,3,3,12,4,8
020,District-Reasi,Urban,17,94,49,45,22,17,5,6,5,1,5,2,3,34,16,18,4,2,2,3,2,1,3,1,2,17,4,13
020,District-Reasi,Urban,18,186,102,84,44,39,5,19,15,4,13,8,5,56,16,40,15,8,7,12,10,2,6,3,3,21,3,18
020,District-Reasi,Urban,19,132,75,57,40,34,6,11,7,4,5,0,5,59,26,33,3,2,1,3,1,2,3,3,0,8,2,6
021,District-Jammu,Total,5-19,75175,40443,34732,5922,5146,776,2934,2138,796,870,687,183,20964,8791,12173,1702,1213,489,1175,687,488,236,137,99,41372,21644,19728
021,District-Jammu,Total,5,16431,9063,7368,9,8,1,9,4,5,1,1,0,366,204,162,96,65,31,101,53,48,8,3,5,15841,8725,7116
021,District-Jammu,Total,6,12491,6982,5509,8,6,2,9,3,6,0,0,0,399,228,171,81,44,37,93,55,38,5,2,3,11896,6644,5252
021,District-Jammu,Total,7,3622,1962,1660,14,9,5,9,7,2,1,1,0,283,161,122,28,16,12,41,21,20,0,0,0,3246,1747,1499
021,District-Jammu,Total,8,1858,974,884,22,16,6,6,4,2,0,0,0,250,127,123,35,22,13,25,13,12,7,5,2,1513,787,726
021,District-Jammu,Total,9,1282,645,637,16,9,7,4,4,0,0,0,0,257,146,111,32,21,11,16,12,4,11,6,5,946,447,499
021,District-Jammu,Total,10,1871,964,907,22,19,3,12,8,4,0,0,0,291,156,135,41,31,10,41,21,20,6,3,3,1458,726,732
021,District-Jammu,Total,11,1376,701,675,89,80,9,24,15,9,3,3,0,394,178,216,36,21,15,28,18,10,6,0,6,796,386,410
021,District-Jammu,Total,12,1716,873,843,138,109,29,49,35,14,9,8,1,565,258,307,83,54,29,54,28,26,6,2,4,812,379,433
021,District-Jammu,Total,13,1543,807,736,138,120,18,63,39,24,16,14,2,568,257,311,72,48,24,45,30,15,11,8,3,630,291,339
021,District-Jammu,Total,14,2023,1036,987,220,181,39,103,67,36,22,18,4,842,380,462,82,55,27,72,39,33,13,7,6,669,289,380
021,District-Jammu,Total,15,3091,1537,1554,364,305,59,201,140,61,54,37,17,1425,601,824,162,104,58,115,63,52,32,20,12,738,267,471
021,District-Jammu,Total,16,4115,2127,1988,573,488,85,283,211,72,90,73,17,2218,929,1289,166,121,45,101,59,42,26,14,12,658,232,426
021,District-Jammu,Total,17,5190,2755,2435,792,692,100,463,347,116,143,103,40,2893,1192,1701,175,132,43,110,62,48,29,20,9,585,207,378
021,District-Jammu,Total,18,9837,5302,4535,1764,1546,218,856,636,220,283,231,52,5371,2097,3274,385,308,77,208,131,77,44,28,16,926,325,601
021,District-Jammu,Total,19,8729,4715,4014,1753,1558,195,843,618,225,248,198,50,4842,1877,2965,228,171,57,125,82,43,32,19,13,658,192,466
021,District-Jammu,Rural,5-19,45829,24323,21506,3416,2991,425,2209,1628,581,737,573,164,14148,5744,8404,896,611,285,563,310,253,117,65,52,23743,12401,11342
021,District-Jammu,Rural,5,9819,5466,4353,3,3,0,6,4,2,0,0,0,176,95,81,47,33,14,30,15,15,5,2,3,9552,5314,4238
021,District-Jammu,Rural,6,7397,4136,3261,2,2,0,2,1,1,0,0,0,189,111,78,42,22,20,26,16,10,3,1,2,7133,3983,3150
021,District-Jammu,Rural,7,2034,1085,949,5,4,1,2,1,1,1,1,0,146,89,57,19,11,8,13,6,7,0,0,0,1848,973,875
021,District-Jammu,Rural,8,967,515,452,7,6,1,4,3,1,0,0,0,125,62,63,22,15,7,12,4,8,5,4,1,792,421,371
021,District-Jammu,Rural,9,590,280,310,2,1,1,3,3,0,0,0,0,128,66,62,16,10,6,8,6,2,8,3,5,425,191,234
021,District-Jammu,Rural,10,855,426,429,7,5,2,7,4,3,0,0,0,139,73,66,29,20,9,14,6,8,2,1,1,657,317,340
021,District-Jammu,Rural,11,651,323,328,45,39,6,18,11,7,2,2,0,204,94,110,18,7,11,10,8,2,3,0,3,351,162,189
021,District-Jammu,Rural,12,887,444,443,62,50,12,31,21,10,8,7,1,317,149,168,55,34,21,34,17,17,4,2,2,376,164,212
021,District-Jammu,Rural,13,840,417,423,73,63,10,39,22,17,13,11,2,317,130,187,45,28,17,25,15,10,3,2,1,325,146,179
021,District-Jammu,Rural,14,1099,540,559,110,92,18,80,50,30,16,13,3,499,213,286,40,24,16,35,16,19,5,3,2,314,129,185
021,District-Jammu,Rural,15,1886,888,998,206,169,37,136,94,42,44,28,16,950,380,570,97,63,34,58,30,28,13,8,5,382,116,266
021,District-Jammu,Rural,16,2689,1320,1369,317,268,49,213,157,56,78,63,15,1572,628,944,86,61,25,53,27,26,11,6,5,359,110,249
021,District-Jammu,Rural,17,3507,1810,1697,481,421,60,356,270,86,121,88,33,2076,834,1242,84,58,26,61,31,30,13,8,5,315,100,215
021,District-Jammu,Rural,18,6730,3536,3194,1088,970,118,664,497,167,240,190,50,3871,1477,2394,191,149,42,113,69,44,23,13,10,540,171,369
021,District-Jammu,Rural,19,5878,3137,2741,1008,898,110,648,490,158,214,170,44,3439,1343,2096,105,76,29,71,44,27,19,12,7,374,104,270
021,District-Jammu,Urban,5-19,29346,16120,13226,2506,2155,351,725,510,215,133,114,19,6816,3047,3769,806,602,204,612,377,235,119,72,47,17629,9243,8386
021,District-Jammu,Urban,5,6612,3597,3015,6,5,1,3,0,3,1,1,0,190,109,81,49,32,17,71,38,33,3,1,2,6289,3411,2878
021,District-Jammu,Urban,6,5094,2846,2248,6,4,2,7,2,5,0,0,0,210,117,93,39,22,17,67,39,28,2,1,1,4763,2661,2102
021,District-Jammu,Urban,7,1588,877,711,9,5,4,7,6,1,0,0,0,137,72,65,9,5,4,28,15,13,0,0,0,1398,774,624
021,District-Jammu,Urban,8,891,459,432,15,10,5,2,1,1,0,0,0,125,65,60,13,7,6,13,9,4,2,1,1,721,366,355
021,District-Jammu,Urban,9,692,365,327,14,8,6,1,1,0,0,0,0,129,80,49,16,11,5,8,6,2,3,3,0,521,256,265
021,District-Jammu,Urban,10,1016,538,478,15,14,1,5,4,1,0,0,0,152,83,69,12,11,1,27,15,12,4,2,2,801,409,392
021,District-Jammu,Urban,11,725,378,347,44,41,3,6,4,2,1,1,0,190,84,106,18,14,4,18,10,8,3,0,3,445,224,221
021,District-Jammu,Urban,12,829,429,400,76,59,17,18,14,4,1,1,0,248,109,139,28,20,8,20,11,9,2,0,2,436,215,221
021,District-Jammu,Urban,13,703,390,313,65,57,8,24,17,7,3,3,0,251,127,124,27,20,7,20,15,5,8,6,2,305,145,160
021,District-Jammu,Urban,14,924,496,428,110,89,21,23,17,6,6,5,1,343,167,176,42,31,11,37,23,14,8,4,4,355,160,195
021,District-Jammu,Urban,15,1205,649,556,158,136,22,65,46,19,10,9,1,475,221,254,65,41,24,57,33,24,19,12,7,356,151,205
021,District-Jammu,Urban,16,1426,807,619,256,220,36,70,54,16,12,10,2,646,301,345,80,60,20,48,32,16,15,8,7,299,122,177
021,District-Jammu,Urban,17,1683,945,738,311,271,40,107,77,30,22,15,7,817,358,459,91,74,17,49,31,18,16,12,4,270,107,163
021,District-Jammu,Urban,18,3107,1766,1341,676,576,100,192,139,53,43,41,2,1500,620,880,194,159,35,95,62,33,21,15,6,386,154,232
021,District-Jammu,Urban,19,2851,1578,1273,745,660,85,195,128,67,34,28,6,1403,534,869,123,95,28,54,38,16,13,7,6,284,88,196
022,District-Samba,Total,5-19,17300,9284,8016,1058,948,110,552,443,109,217,171,46,5124,2129,2995,285,175,110,155,101,54,40,25,15,9869,5292,4577
022,District-Samba,Total,5,4119,2360,1759,4,4,0,1,1,0,0,0,0,64,35,29,18,11,7,8,3,5,0,0,0,4024,2306,1718
022,District-Samba,Total,6,3038,1726,1312,0,0,0,1,0,1,0,0,0,98,51,47,10,4,6,15,10,5,0,0,0,2914,1661,1253
022,District-Samba,Total,7,745,392,353,3,1,2,0,0,0,1,0,1,54,27,27,3,1,2,1,0,1,1,1,0,682,362,320
022,District-Samba,Total,8,375,192,183,0,0,0,1,0,1,0,0,0,43,24,19,3,0,3,2,1,1,0,0,0,326,167,159
022,District-Samba,Total,9,240,129,111,3,2,1,1,0,1,0,0,0,36,20,16,2,0,2,0,0,0,2,1,1,196,106,90
022,District-Samba,Total,10,338,160,178,4,3,1,3,1,2,0,0,0,50,23,27,3,1,2,2,0,2,1,1,0,275,131,144
022,District-Samba,Total,11,233,108,125,8,7,1,3,2,1,1,0,1,68,25,43,8,3,5,2,1,1,3,1,2,140,69,71
022,District-Samba,Total,12,347,158,189,18,14,4,2,1,1,0,0,0,111,45,66,8,6,2,6,4,2,3,1,2,199,87,112
022,District-Samba,Total,13,291,147,144,22,19,3,3,2,1,2,2,0,122,54,68,10,7,3,2,1,1,2,1,1,128,61,67
022,District-Samba,Total,14,410,190,220,24,22,2,12,7,5,6,5,1,194,77,117,11,8,3,14,9,5,0,0,0,149,62,87
022,District-Samba,Total,15,669,324,345,57,49,8,26,21,5,9,6,3,335,140,195,28,16,12,20,16,4,5,1,4,189,75,114
022,District-Samba,Total,16,871,437,434,73,62,11,59,46,13,24,18,6,508,227,281,41,24,17,19,13,6,3,3,0,144,44,100
022,District-Samba,Total,17,1225,620,605,153,130,23,65,56,9,40,30,10,777,309,468,34,26,8,16,14,2,5,5,0,135,50,85
022,District-Samba,Total,18,2333,1228,1105,341,319,22,195,154,41,78,67,11,1397,571,826,62,40,22,32,20,12,10,7,3,218,50,168
022,District-Samba,Total,19,2066,1113,953,348,316,32,180,152,28,56,43,13,1267,501,766,44,28,16,16,9,7,5,3,2,150,61,89
022,District-Samba,Rural,5-19,14913,7971,6942,854,768,86,500,409,91,196,152,44,4510,1863,2647,248,152,96,131,88,43,38,24,14,8436,4515,3921
022,District-Samba,Rural,5,3530,2020,1510,3,3,0,0,0,0,0,0,0,50,24,26,15,9,6,5,3,2,0,0,0,3457,1981,1476
022,District-Samba,Rural,6,2536,1434,1102,0,0,0,0,0,0,0,0,0,71,34,37,9,3,6,11,8,3,0,0,0,2445,1389,1056
022,District-Samba,Rural,7,648,351,297,1,0,1,0,0,0,1,0,1,44,23,21,3,1,2,0,0,0,1,1,0,598,326,272
022,District-Samba,Rural,8,325,167,158,0,0,0,1,0,1,0,0,0,36,20,16,3,0,3,2,1,1,0,0,0,283,146,137
022,District-Samba,Rural,9,202,109,93,2,1,1,0,0,0,0,0,0,31,18,13,2,0,2,0,0,0,2,1,1,165,89,76
022,District-Samba,Rural,10,292,138,154,3,2,1,3,1,2,0,0,0,39,18,21,3,1,2,0,0,0,1,1,0,243,115,128
022,District-Samba,Rural,11,194,87,107,5,4,1,3,2,1,1,0,1,57,20,37,7,2,5,2,1,1,3,1,2,116,57,59
022,District-Samba,Rural,12,289,133,156,12,9,3,2,1,1,0,0,0,92,37,55,6,6,0,5,3,2,3,1,2,169,76,93
022,District-Samba,Rural,13,246,120,126,16,13,3,1,1,0,2,2,0,100,44,56,10,7,3,2,1,1,2,1,1,113,51,62
022,District-Samba,Rural,14,353,159,194,22,20,2,8,5,3,5,4,1,167,66,101,9,7,2,13,8,5,0,0,0,129,49,80
022,District-Samba,Rural,15,579,276,303,47,40,7,24,19,5,9,6,3,292,124,168,25,13,12,14,10,4,4,1,3,164,63,101
022,District-Samba,Rural,16,778,384,394,58,51,7,54,44,10,21,15,6,456,199,257,39,22,17,17,12,5,3,3,0,130,38,92
022,District-Samba,Rural,17,1103,555,548,131,112,19,62,53,9,39,29,10,714,281,433,29,22,7,15,13,2,5,5,0,108,40,68
022,District-Samba,Rural,18,2064,1076,988,276,259,17,175,142,33,64,54,10,1266,515,751,54,35,19,30,19,11,9,6,3,190,46,144
022,District-Samba,Rural,19,1774,962,812,278,254,24,167,141,26,54,42,12,1095,440,655,34,24,10,15,9,6,5,3,2,126,49,77
022,District-Samba,Urban,5-19,2387,1313,1074,204,180,24,52,34,18,21,19,2,614,266,348,37,23,14,24,13,11,2,1,1,1433,777,656
022,District-Samba,Urban,5,589,340,249,1,1,0,1,1,0,0,0,0,14,11,3,3,2,1,3,0,3,0,0,0,567,325,242
022,District-Samba,Urban,6,502,292,210,0,0,0,1,0,1,0,0,0,27,17,10,1,1,0,4,2,2,0,0,0,469,272,197
022,District-Samba,Urban,7,97,41,56,2,1,1,0,0,0,0,0,0,10,4,6,0,0,0,1,0,1,0,0,0,84,36,48
022,District-Samba,Urban,8,50,25,25,0,0,0,0,0,0,0,0,0,7,4,3,0,0,0,0,0,0,0,0,0,43,21,22
022,District-Samba,Urban,9,38,20,18,1,1,0,1,0,1,0,0,0,5,2,3,0,0,0,0,0,0,0,0,0,31,17,14
022,District-Samba,Urban,10,46,22,24,1,1,0,0,0,0,0,0,0,11,5,6,0,0,0,2,0,2,0,0,0,32,16,16
022,District-Samba,Urban,11,39,21,18,3,3,0,0,0,0,0,0,0,11,5,6,1,1,0,0,0,0,0,0,0,24,12,12
022,District-Samba,Urban,12,58,25,33,6,5,1,0,0,0,0,0,0,19,8,11,2,0,2,1,1,0,0,0,0,30,11,19
022,District-Samba,Urban,13,45,27,18,6,6,0,2,1,1,0,0,0,22,10,12,0,0,0,0,0,0,0,0,0,15,10,5
022,District-Samba,Urban,14,57,31,26,2,2,0,4,2,2,1,1,0,27,11,16,2,1,1,1,1,0,0,0,0,20,13,7
022,District-Samba,Urban,15,90,48,42,10,9,1,2,2,0,0,0,0,43,16,27,3,3,0,6,6,0,1,0,1,25,12,13
022,District-Samba,Urban,16,93,53,40,15,11,4,5,2,3,3,3,0,52,28,24,2,2,0,2,1,1,0,0,0,14,6,8
022,District-Samba,Urban,17,122,65,57,22,18,4,3,3,0,1,1,0,63,28,35,5,4,1,1,1,0,0,0,0,27,10,17
022,District-Samba,Urban,18,269,152,117,65,60,5,20,12,8,14,13,1,131,56,75,8,5,3,2,1,1,1,1,0,28,4,24
022,District-Samba,Urban,19,292,151,141,70,62,8,13,11,2,2,1,1,172,61,111,10,4,6,1,0,1,0,0,0,24,12,12
