346,District-Garhwa ,Total,5-19,154002,75279,78723,3997,3208,789,10813,7002,3811,4529,2406,2123,16755,8080,8675,3046,1609,1437,9820,3761,6059,5175,1777,3398,99867,47436,52431
346,District-Garhwa ,Total,5,33401,17363,16038,1,0,1,6,2,4,3,1,2,136,83,53,105,51,54,126,61,65,75,34,41,32949,17131,15818
346,District-Garhwa ,Total,6,27234,13535,13699,0,0,0,16,9,7,1,1,0,202,109,93,90,49,41,128,54,74,154,76,78,26643,13237,13406
346,District-Garhwa ,Total,7,10421,5059,5362,10,7,3,10,1,9,15,8,7,644,337,307,45,21,24,89,42,47,146,62,84,9462,4581,4881
346,District-Garhwa ,Total,8,8583,3995,4588,17,7,10,32,19,13,39,19,20,981,516,465,50,18,32,144,66,78,174,68,106,7146,3282,3864
346,District-Garhwa ,Total,9,4175,1914,2261,11,6,5,32,11,21,36,19,17,687,356,331,30,16,14,91,37,54,131,54,77,3157,1415,1742
346,District-Garhwa ,Total,10,6685,3104,3581,23,11,12,64,28,36,94,55,39,1236,660,576,77,47,30,288,131,157,287,119,168,4616,2053,2563
346,District-Garhwa ,Total,11,3757,1743,2014,35,27,8,85,48,37,94,42,52,893,460,433,54,24,30,180,75,105,177,79,98,2239,988,1251
346,District-Garhwa ,Total,12,6028,2790,3238,102,82,20,268,154,114,184,93,91,1383,731,652,142,74,68,543,238,305,420,172,248,2986,1246,1740
346,District-Garhwa ,Total,13,4266,1909,2357,90,67,23,265,164,101,201,107,94,1040,541,499,106,54,52,428,179,249,305,108,197,1831,689,1142
346,District-Garhwa ,Total,14,5500,2517,2983,169,121,48,634,392,242,338,166,172,1282,641,641,187,103,84,664,266,398,397,142,255,1829,686,1143
346,District-Garhwa ,Total,15,7446,3781,3665,350,284,66,1062,743,319,552,307,245,1574,837,737,318,200,118,1031,480,551,581,204,377,1978,726,1252
346,District-Garhwa ,Total,16,8033,4054,3979,523,434,89,1436,983,453,701,385,316,1677,808,869,324,199,125,1211,498,713,551,191,360,1610,556,1054
346,District-Garhwa ,Total,17,6043,3035,3008,456,376,80,1388,944,444,483,261,222,1228,556,672,277,157,120,955,358,597,384,119,265,872,264,608
346,District-Garhwa ,Total,18,14172,6965,7207,1341,1106,235,3432,2289,1143,1124,622,502,2452,1021,1431,764,385,379,2473,875,1598,900,244,656,1686,423,1263
346,District-Garhwa ,Total,19,8258,3515,4743,869,680,189,2083,1215,868,664,320,344,1340,424,916,477,211,266,1469,401,1068,493,105,388,863,159,704
346,District-Garhwa ,Rural,5-19,147984,72097,75887,3748,2977,771,10565,6814,3751,4464,2364,2100,15515,7514,8001,2963,1543,1420,9713,3696,6017,5145,1762,3383,95871,45427,50444
346,District-Garhwa ,Rural,5,31992,16569,15423,1,0,1,6,2,4,3,1,2,129,78,51,104,50,54,126,61,65,75,34,41,31548,16343,15205
346,District-Garhwa ,Rural,6,26110,12953,13157,0,0,0,16,9,7,1,1,0,192,103,89,88,48,40,127,53,74,154,76,78,25532,12663,12869
346,District-Garhwa ,Rural,7,10078,4897,5181,9,6,3,10,1,9,15,8,7,598,320,278,44,20,24,87,40,47,146,62,84,9169,4440,4729
346,District-Garhwa ,Rural,8,8349,3878,4471,17,7,10,32,19,13,39,19,20,926,484,442,50,18,32,143,66,77,174,68,106,6968,3197,3771
346,District-Garhwa ,Rural,9,4051,1860,2191,11,6,5,32,11,21,36,19,17,651,336,315,29,15,14,90,36,54,131,54,77,3071,1383,1688
346,District-Garhwa ,Rural,10,6449,2982,3467,23,11,12,64,28,36,94,55,39,1172,618,554,75,46,29,283,127,156,286,118,168,4452,1979,2473
346,District-Garhwa ,Rural,11,3628,1676,1952,35,27,8,82,45,37,94,42,52,842,434,408,54,24,30,179,74,105,177,79,98,2165,951,1214
346,District-Garhwa ,Rural,12,5821,2674,3147,94,74,20,266,152,114,183,93,90,1319,689,630,139,71,68,536,234,302,419,171,248,2865,1190,1675
346,District-Garhwa ,Rural,13,4112,1841,2271,89,66,23,263,163,100,198,106,92,980,514,466,104,52,52,423,176,247,305,108,197,1750,656,1094
346,District-Garhwa ,Rural,14,5313,2411,2902,155,108,47,628,388,240,338,166,172,1212,603,609,180,97,83,662,264,398,394,141,253,1744,644,1100
346,District-Garhwa ,Rural,15,7200,3648,3552,332,267,65,1050,734,316,546,303,243,1481,789,692,313,196,117,1022,473,549,579,203,376,1877,683,1194
346,District-Garhwa ,Rural,16,7671,3852,3819,480,394,86,1404,954,450,689,378,311,1535,742,793,311,190,121,1195,490,705,549,190,359,1508,514,994
346,District-Garhwa ,Rural,17,5773,2901,2872,429,354,75,1346,913,433,472,254,218,1111,514,597,270,150,120,944,353,591,379,117,262,822,246,576
346,District-Garhwa ,Rural,18,13527,6619,6908,1256,1027,229,3330,2214,1116,1103,606,497,2180,919,1261,741,368,373,2441,856,1585,890,238,652,1586,391,1195
346,District-Garhwa ,Rural,19,7910,3336,4574,817,630,187,2036,1181,855,653,313,340,1187,371,816,461,198,263,1455,393,1062,487,103,384,814,147,667
346,District-Garhwa ,Urban,5-19,6018,3182,2836,249,231,18,248,188,60,65,42,23,1240,566,674,83,66,17,107,65,42,30,15,15,3996,2009,1987
346,District-Garhwa ,Urban,5,1409,794,615,0,0,0,0,0,0,0,0,0,7,5,2,1,1,0,0,0,0,0,0,0,1401,788,613
346,District-Garhwa ,Urban,6,1124,582,542,0,0,0,0,0,0,0,0,0,10,6,4,2,1,1,1,1,0,0,0,0,1111,574,537
346,District-Garhwa ,Urban,7,343,162,181,1,1,0,0,0,0,0,0,0,46,17,29,1,1,0,2,2,0,0,0,0,293,141,152
346,District-Garhwa ,Urban,8,234,117,117,0,0,0,0,0,0,0,0,0,55,32,23,0,0,0,1,0,1,0,0,0,178,85,93
346,District-Garhwa ,Urban,9,124,54,70,0,0,0,0,0,0,0,0,0,36,20,16,1,1,0,1,1,0,0,0,0,86,32,54
346,District-Garhwa ,Urban,10,236,122,114,0,0,0,0,0,0,0,0,0,64,42,22,2,1,1,5,4,1,1,1,0,164,74,90
346,District-Garhwa ,Urban,11,129,67,62,0,0,0,3,3,0,0,0,0,51,26,25,0,0,0,1,1,0,0,0,0,74,37,37
346,District-Garhwa ,Urban,12,207,116,91,8,8,0,2,2,0,1,0,1,64,42,22,3,3,0,7,4,3,1,1,0,121,56,65
346,District-Garhwa ,Urban,13,154,68,86,1,1,0,2,1,1,3,1,2,60,27,33,2,2,0,5,3,2,0,0,0,81,33,48
346,District-Garhwa ,Urban,14,187,106,81,14,13,1,6,4,2,0,0,0,70,38,32,7,6,1,2,2,0,3,1,2,85,42,43
346,District-Garhwa ,Urban,15,246,133,113,18,17,1,12,9,3,6,4,2,93,48,45,5,4,1,9,7,2,2,1,1,101,43,58
346,District-Garhwa ,Urban,16,362,202,160,43,40,3,32,29,3,12,7,5,142,66,76,13,9,4,16,8,8,2,1,1,102,42,60
346,District-Garhwa ,Urban,17,270,134,136,27,22,5,42,31,11,11,7,4,117,42,75,7,7,0,11,5,6,5,2,3,50,18,32
346,District-Garhwa ,Urban,18,645,346,299,85,79,6,102,75,27,21,16,5,272,102,170,23,17,6,32,19,13,10,6,4,100,32,68
346,District-Garhwa ,Urban,19,348,179,169,52,50,2,47,34,13,11,7,4,153,53,100,16,13,3,14,8,6,6,2,4,49,12,37
347,District-Chatra,Total,5-19,132803,64844,67959,5990,4657,1333,7678,4981,2697,1946,1123,823,19975,8807,11168,4390,2355,2035,7095,2966,4129,1758,681,1077,83971,39274,44697
347,District-Chatra,Total,5,25735,13116,12619,2,2,0,7,3,4,1,1,0,116,70,46,116,68,48,69,36,33,13,8,5,25411,12928,12483
347,District-Chatra,Total,6,21136,10558,10578,5,3,2,10,7,3,0,0,0,172,88,84,99,58,41,70,27,43,19,6,13,20761,10369,10392
347,District-Chatra,Total,7,7966,3795,4171,14,9,5,9,5,4,3,3,0,624,313,311,49,26,23,59,28,31,22,12,10,7186,3399,3787
347,District-Chatra,Total,8,6960,3217,3743,19,12,7,10,5,5,4,1,3,953,509,444,64,28,36,64,26,38,15,6,9,5831,2630,3201
347,District-Chatra,Total,9,3826,1788,2038,18,11,7,16,10,6,8,3,5,733,376,357,36,20,16,81,35,46,27,11,16,2907,1322,1585
347,District-Chatra,Total,10,6165,2935,3230,31,22,9,39,22,17,20,10,10,1235,623,612,86,50,36,178,77,101,79,44,35,4497,2087,2410
347,District-Chatra,Total,11,3395,1570,1825,43,31,12,75,40,35,25,14,11,890,443,447,80,40,40,146,66,80,50,14,36,2086,922,1164
347,District-Chatra,Total,12,5681,2780,2901,141,102,39,160,107,53,72,44,28,1429,772,657,172,95,77,361,161,200,105,37,68,3241,1462,1779
347,District-Chatra,Total,13,3982,1891,2091,128,103,25,202,118,84,81,40,41,1161,589,572,136,81,55,294,124,170,107,48,59,1873,788,1085
347,District-Chatra,Total,14,5252,2550,2702,261,210,51,438,267,171,143,80,63,1589,762,827,232,136,96,471,238,233,160,67,93,1958,790,1168
347,District-Chatra,Total,15,7430,3952,3478,590,464,126,852,585,267,237,144,93,2058,1047,1011,458,289,169,800,385,415,196,84,112,2239,954,1285
347,District-Chatra,Total,16,7484,3856,3628,787,637,150,1060,712,348,284,176,108,2142,933,1209,467,288,179,838,407,431,213,91,122,1693,612,1081
347,District-Chatra,Total,17,5863,2887,2976,719,564,155,963,664,299,228,143,85,1641,636,1005,385,225,160,708,294,414,165,60,105,1054,301,753
347,District-Chatra,Total,18,13691,6558,7133,1993,1564,429,2374,1595,779,536,308,228,3251,1110,2141,1284,649,635,1805,703,1102,372,130,242,2076,499,1577
347,District-Chatra,Total,19,8237,3391,4846,1239,923,316,1463,841,622,304,156,148,1981,536,1445,726,302,424,1151,359,792,215,63,152,1158,211,947
347,District-Chatra,Rural,5-19,127188,61873,65315,5636,4358,1278,7550,4876,2674,1910,1090,820,18721,8290,10431,4230,2237,1993,7012,2911,4101,1734,665,1069,80395,37446,42949
347,District-Chatra,Rural,5,24536,12474,12062,1,1,0,6,2,4,1,1,0,110,66,44,113,67,46,69,36,33,13,8,5,24223,12293,11930
347,District-Chatra,Rural,6,20105,10009,10096,5,3,2,10,7,3,0,0,0,165,85,80,98,57,41,66,26,40,19,6,13,19742,9825,9917
347,District-Chatra,Rural,7,7636,3629,4007,14,9,5,9,5,4,3,3,0,592,301,291,49,26,23,59,28,31,22,12,10,6888,3245,3643
347,District-Chatra,Rural,8,6693,3088,3605,19,12,7,9,4,5,4,1,3,902,485,417,62,28,34,63,25,38,15,6,9,5619,2527,3092
347,District-Chatra,Rural,9,3705,1730,1975,18,11,7,16,10,6,8,3,5,702,362,340,36,20,16,81,35,46,27,11,16,2817,1278,1539
347,District-Chatra,Rural,10,5969,2838,3131,31,22,9,39,22,17,19,9,10,1194,603,591,85,49,36,176,75,101,79,44,35,4346,2014,2332
347,District-Chatra,Rural,11,3283,1502,1781,43,31,12,74,40,34,24,13,11,844,415,429,77,37,40,145,65,80,49,13,36,2027,888,1139
347,District-Chatra,Rural,12,5492,2669,2823,133,96,37,159,106,53,70,42,28,1365,739,626,166,90,76,357,157,200,105,37,68,3137,1402,1735
347,District-Chatra,Rural,13,3817,1808,2009,117,94,23,197,115,82,80,39,41,1102,563,539,126,73,53,291,121,170,107,48,59,1797,755,1042
347,District-Chatra,Rural,14,5052,2443,2609,245,196,49,432,262,170,140,77,63,1518,728,790,222,128,94,461,233,228,156,63,93,1878,756,1122
347,District-Chatra,Rural,15,7161,3794,3367,557,436,121,841,575,266,233,142,91,1947,985,962,438,275,163,789,377,412,192,83,109,2164,921,1243
347,District-Chatra,Rural,16,7148,3679,3469,732,589,143,1037,693,344,282,175,107,2000,882,1118,445,271,174,828,401,427,211,90,121,1613,578,1035
347,District-Chatra,Rural,17,5639,2770,2869,689,543,146,943,645,298,224,139,85,1522,592,930,369,213,156,701,289,412,161,56,105,1030,293,737
347,District-Chatra,Rural,18,13093,6218,6875,1868,1455,413,2341,1569,772,524,296,228,2972,993,1979,1243,619,624,1783,688,1095,368,127,241,1994,471,1523
347,District-Chatra,Rural,19,7859,3222,4637,1164,860,304,1437,821,616,298,150,148,1786,491,1295,701,284,417,1143,355,788,210,61,149,1120,200,920
347,District-Chatra,Urban,5-19,5615,2971,2644,354,299,55,128,105,23,36,33,3,1254,517,737,160,118,42,83,55,28,24,16,8,3576,1828,1748
347,District-Chatra,Urban,5,1199,642,557,1,1,0,1,1,0,0,0,0,6,4,2,3,1,2,0,0,0,0,0,0,1188,635,553
347,District-Chatra,Urban,6,1031,549,482,0,0,0,0,0,0,0,0,0,7,3,4,1,1,0,4,1,3,0,0,0,1019,544,475
347,District-Chatra,Urban,7,330,166,164,0,0,0,0,0,0,0,0,0,32,12,20,0,0,0,0,0,0,0,0,0,298,154,144
347,District-Chatra,Urban,8,267,129,138,0,0,0,1,1,0,0,0,0,51,24,27,2,0,2,1,1,0,0,0,0,212,103,109
347,District-Chatra,Urban,9,121,58,63,0,0,0,0,0,0,0,0,0,31,14,17,0,0,0,0,0,0,0,0,0,90,44,46
347,District-Chatra,Urban,10,196,97,99,0,0,0,0,0,0,1,1,0,41,20,21,1,1,0,2,2,0,0,0,0,151,73,78
347,District-Chatra,Urban,11,112,68,44,0,0,0,1,0,1,1,1,0,46,28,18,3,3,0,1,1,0,1,1,0,59,34,25
347,District-Chatra,Urban,12,189,111,78,8,6,2,1,1,0,2,2,0,64,33,31,6,5,1,4,4,0,0,0,0,104,60,44
347,District-Chatra,Urban,13,165,83,82,11,9,2,5,3,2,1,1,0,59,26,33,10,8,2,3,3,0,0,0,0,76,33,43
347,District-Chatra,Urban,14,200,107,93,16,14,2,6,5,1,3,3,0,71,34,37,10,8,2,10,5,5,4,4,0,80,34,46
347,District-Chatra,Urban,15,269,158,111,33,28,5,11,10,1,4,2,2,111,62,49,20,14,6,11,8,3,4,1,3,75,33,42
347,District-Chatra,Urban,16,336,177,159,55,48,7,23,19,4,2,1,1,142,51,91,22,17,5,10,6,4,2,1,1,80,34,46
347,District-Chatra,Urban,17,224,117,107,30,21,9,20,19,1,4,4,0,119,44,75,16,12,4,7,5,2,4,4,0,24,8,16
347,District-Chatra,Urban,18,598,340,258,125,109,16,33,26,7,12,12,0,279,117,162,41,30,11,22,15,7,4,3,1,82,28,54
347,District-Chatra,Urban,19,378,169,209,75,63,12,26,20,6,6,6,0,195,45,150,25,18,7,8,4,4,5,2,3,38,11,27
348,District-Kodarma,Total,5-19,76141,36900,39241,4525,3782,743,4054,2461,1593,1552,659,893,13352,5094,8258,1795,1079,716,1829,758,1071,982,348,634,48052,22719,25333
348,District-Kodarma,Total,5,17486,8960,8526,4,4,0,1,1,0,1,1,0,94,51,43,51,32,19,35,22,13,49,20,29,17251,8829,8422
348,District-Kodarma,Total,6,13696,6957,6739,4,2,2,4,4,0,0,0,0,154,84,70,31,14,17,43,21,22,83,36,47,13377,6796,6581
348,District-Kodarma,Total,7,4420,2109,2311,3,2,1,5,2,3,7,3,4,388,199,189,20,8,12,16,9,7,54,28,26,3927,1858,2069
348,District-Kodarma,Total,8,3349,1613,1736,9,7,2,10,7,3,10,6,4,584,327,257,18,10,8,17,6,11,38,15,23,2663,1235,1428
348,District-Kodarma,Total,9,1665,814,851,8,5,3,5,1,4,7,4,3,417,215,202,13,8,5,11,7,4,17,8,9,1187,566,621
348,District-Kodarma,Total,10,2606,1199,1407,19,11,8,14,7,7,19,11,8,647,332,315,28,21,7,39,22,17,45,15,30,1795,780,1015
348,District-Kodarma,Total,11,1513,709,804,31,26,5,27,18,9,20,13,7,464,225,239,18,11,7,27,11,16,38,15,23,888,390,498
348,District-Kodarma,Total,12,2365,1086,1279,80,65,15,65,45,20,39,21,18,736,341,395,81,46,35,85,33,52,67,27,40,1212,508,704
348,District-Kodarma,Total,13,1732,803,929,64,59,5,51,37,14,43,20,23,581,285,296,64,36,28,71,27,44,53,19,34,805,320,485
348,District-Kodarma,Total,14,2096,980,1116,152,126,26,118,80,38,66,42,24,722,338,384,86,61,25,97,46,51,56,13,43,799,274,525
348,District-Kodarma,Total,15,3532,1869,1663,354,318,36,313,233,80,139,78,61,1192,571,621,200,137,63,203,109,94,116,50,66,1015,373,642
348,District-Kodarma,Total,16,3598,1900,1698,486,439,47,438,312,126,163,87,76,1280,532,748,186,122,64,192,97,95,69,32,37,784,279,505
348,District-Kodarma,Total,17,3788,1826,1962,636,546,90,591,378,213,216,106,110,1370,439,931,189,121,68,167,69,98,67,24,43,552,143,409
348,District-Kodarma,Total,18,8493,3875,4618,1587,1331,256,1415,853,562,442,162,280,2829,785,2044,519,296,223,487,173,314,133,34,99,1081,241,840
348,District-Kodarma,Total,19,5802,2200,3602,1088,841,247,997,483,514,380,105,275,1894,370,1524,291,156,135,339,106,233,97,12,85,716,127,589
348,District-Kodarma,Rural,5-19,63140,30372,32768,3754,3042,712,3810,2260,1550,1435,590,845,10238,3896,6342,1582,893,689,1748,701,1047,957,339,618,39616,18651,20965
348,District-Kodarma,Rural,5,14466,7405,7061,3,3,0,0,0,0,1,1,0,82,46,36,47,29,18,31,19,12,49,20,29,14253,7287,6966
348,District-Kodarma,Rural,6,11225,5677,5548,4,2,2,4,4,0,0,0,0,132,76,56,30,13,17,37,17,20,83,36,47,10935,5529,5406
348,District-Kodarma,Rural,7,3749,1780,1969,3,2,1,5,2,3,7,3,4,297,153,144,16,6,10,14,7,7,54,28,26,3353,1579,1774
348,District-Kodarma,Rural,8,2841,1359,1482,8,6,2,10,7,3,10,6,4,466,254,212,17,10,7,17,6,11,38,15,23,2275,1055,1220
348,District-Kodarma,Rural,9,1352,640,712,7,4,3,5,1,4,6,3,3,325,165,160,12,7,5,10,6,4,17,8,9,970,446,524
348,District-Kodarma,Rural,10,2189,1006,1183,15,8,7,13,6,7,19,11,8,521,269,252,25,18,7,37,21,16,45,15,30,1514,658,856
348,District-Kodarma,Rural,11,1190,545,645,23,19,4,24,15,9,20,13,7,333,156,177,17,11,6,27,11,16,37,14,23,709,306,403
348,District-Kodarma,Rural,12,1944,892,1052,64,50,14,62,43,19,37,19,18,564,265,299,68,36,32,78,29,49,66,26,40,1005,424,581
348,District-Kodarma,Rural,13,1393,632,761,51,46,5,48,36,12,40,18,22,429,204,225,57,31,26,71,27,44,52,19,33,645,251,394
348,District-Kodarma,Rural,14,1702,780,922,117,94,23,109,73,36,61,39,22,551,251,300,76,52,24,94,45,49,53,12,41,641,214,427
348,District-Kodarma,Rural,15,2927,1538,1389,285,253,32,294,215,79,129,72,57,910,440,470,176,116,60,195,101,94,110,48,62,828,293,535
348,District-Kodarma,Rural,16,3011,1595,1416,407,363,44,408,283,125,154,82,72,1010,416,594,162,100,62,187,93,94,68,31,37,615,227,388
348,District-Kodarma,Rural,17,3126,1494,1632,520,434,86,555,349,206,197,92,105,1048,333,715,163,100,63,155,62,93,64,22,42,424,102,322
348,District-Kodarma,Rural,18,7141,3234,3907,1337,1087,250,1333,785,548,406,143,263,2158,606,1552,457,236,221,471,163,308,127,33,94,852,181,671
348,District-Kodarma,Rural,19,4884,1795,3089,910,671,239,940,441,499,348,88,260,1412,262,1150,259,128,131,324,94,230,94,12,82,597,99,498
348,District-Kodarma,Urban,5-19,13001,6528,6473,771,740,31,244,201,43,117,69,48,3114,1198,1916,213,186,27,81,57,24,25,9,16,8436,4068,4368
348,District-Kodarma,Urban,5,3020,1555,1465,1,1,0,1,1,0,0,0,0,12,5,7,4,3,1,4,3,1,0,0,0,2998,1542,1456
348,District-Kodarma,Urban,6,2471,1280,1191,0,0,0,0,0,0,0,0,0,22,8,14,1,1,0,6,4,2,0,0,0,2442,1267,1175
348,District-Kodarma,Urban,7,671,329,342,0,0,0,0,0,0,0,0,0,91,46,45,4,2,2,2,2,0,0,0,0,574,279,295
348,District-Kodarma,Urban,8,508,254,254,1,1,0,0,0,0,0,0,0,118,73,45,1,0,1,0,0,0,0,0,0,388,180,208
348,District-Kodarma,Urban,9,313,174,139,1,1,0,0,0,0,1,1,0,92,50,42,1,1,0,1,1,0,0,0,0,217,120,97
348,District-Kodarma,Urban,10,417,193,224,4,3,1,1,1,0,0,0,0,126,63,63,3,3,0,2,1,1,0,0,0,281,122,159
348,District-Kodarma,Urban,11,323,164,159,8,7,1,3,3,0,0,0,0,131,69,62,1,0,1,0,0,0,1,1,0,179,84,95
348,District-Kodarma,Urban,12,421,194,227,16,15,1,3,2,1,2,2,0,172,76,96,13,10,3,7,4,3,1,1,0,207,84,123
348,District-Kodarma,Urban,13,339,171,168,13,13,0,3,1,2,3,2,1,152,81,71,7,5,2,0,0,0,1,0,1,160,69,91
348,District-Kodarma,Urban,14,394,200,194,35,32,3,9,7,2,5,3,2,171,87,84,10,9,1,3,1,2,3,1,2,158,60,98
348,District-Kodarma,Urban,15,605,331,274,69,65,4,19,18,1,10,6,4,282,131,151,24,21,3,8,8,0,6,2,4,187,80,107
348,District-Kodarma,Urban,16,587,305,282,79,76,3,30,29,1,9,5,4,270,116,154,24,22,2,5,4,1,1,1,0,169,52,117
348,District-Kodarma,Urban,17,662,332,330,116,112,4,36,29,7,19,14,5,322,106,216,26,21,5,12,7,5,3,2,1,128,41,87
348,District-Kodarma,Urban,18,1352,641,711,250,244,6,82,68,14,36,19,17,671,179,492,62,60,2,16,10,6,6,1,5,229,60,169
348,District-Kodarma,Urban,19,918,405,513,178,170,8,57,42,15,32,17,15,482,108,374,32,28,4,15,12,3,3,0,3,119,28,91
349,District-Giridih,Total,5-19,267550,128376,139174,14627,11695,2932,24770,15217,9553,9550,4607,4943,30415,11588,18827,6521,3740,2781,15312,5277,10035,7349,2003,5346,159006,74249,84757
349,District-Giridih,Total,5,57796,29905,27891,17,12,5,15,10,5,6,3,3,432,237,195,226,124,102,302,152,150,142,75,67,56656,29292,27364
349,District-Giridih,Total,6,42466,21348,21118,12,10,2,19,11,8,7,5,2,532,268,264,159,91,68,278,126,152,178,81,97,41281,20756,20525
349,District-Giridih,Total,7,14642,6999,7643,14,8,6,28,15,13,16,7,9,410,193,217,70,32,38,152,62,90,141,55,86,13811,6627,7184
349,District-Giridih,Total,8,10217,4598,5619,30,19,11,35,19,16,26,11,15,538,263,275,67,31,36,159,72,87,207,85,122,9155,4098,5057
349,District-Giridih,Total,9,5776,2592,3184,25,14,11,41,18,23,26,14,12,413,204,209,42,21,21,146,50,96,138,62,76,4945,2209,2736
349,District-Giridih,Total,10,8978,4132,4846,58,38,20,98,52,46,66,31,35,862,446,416,119,62,57,311,114,197,287,108,179,7177,3281,3896
349,District-Giridih,Total,11,4584,2050,2534,104,81,23,168,113,55,74,36,38,666,310,356,97,52,45,269,101,168,178,55,123,3028,1302,1726
349,District-Giridih,Total,12,7953,3497,4456,313,251,62,499,314,185,262,136,126,1480,673,807,239,143,96,673,268,405,475,162,313,4012,1550,2462
349,District-Giridih,Total,13,6085,2653,3432,306,237,69,530,334,196,305,157,148,1367,600,767,206,115,91,510,187,323,354,90,264,2507,933,1574
349,District-Giridih,Total,14,8598,4034,4564,616,494,122,1109,711,398,550,301,249,2224,1008,1216,300,158,142,797,325,472,490,144,346,2512,893,1619
349,District-Giridih,Total,15,14502,7668,6834,1408,1186,222,2419,1731,688,1145,685,460,3335,1562,1773,706,475,231,1613,719,894,774,269,505,3102,1041,2061
349,District-Giridih,Total,16,15429,7984,7445,1762,1478,284,3088,2089,999,1238,684,554,3750,1550,2200,737,466,271,1600,697,903,687,192,495,2567,828,1739
349,District-Giridih,Total,17,14485,6967,7518,1888,1535,353,3345,2073,1272,1278,633,645,3335,1217,2118,673,415,258,1546,495,1051,598,139,459,1822,460,1362
349,District-Giridih,Total,18,34258,15370,18888,4946,3928,1018,8090,4850,3240,2773,1231,1542,6836,2032,4804,1800,1034,766,4113,1257,2856,1617,337,1280,4083,701,3382
349,District-Giridih,Total,19,21781,8579,13202,3128,2404,724,5286,2877,2409,1778,673,1105,4235,1025,3210,1080,521,559,2843,652,2191,1083,149,934,2348,278,2070
349,District-Giridih,Rural,5-19,248607,118433,130174,13223,10392,2831,24257,14830,9427,9408,4505,4903,26358,10086,16272,5995,3269,2726,15081,5097,9984,7296,1961,5335,146989,68293,78696
349,District-Giridih,Rural,5,53815,27776,26039,15,12,3,15,10,5,6,3,3,388,216,172,210,113,97,298,149,149,142,75,67,52741,27198,25543
349,District-Giridih,Rural,6,39292,19656,19636,11,9,2,19,11,8,7,5,2,471,235,236,152,87,65,274,125,149,178,81,97,38180,19103,19077
349,District-Giridih,Rural,7,13686,6502,7184,12,8,4,28,15,13,16,7,9,374,179,195,68,30,38,149,61,88,141,55,86,12898,6147,6751
349,District-Giridih,Rural,8,9549,4279,5270,29,19,10,35,19,16,26,11,15,492,238,254,62,26,36,158,71,87,207,85,122,8540,3810,4730
349,District-Giridih,Rural,9,5340,2374,2966,25,14,11,40,17,23,26,14,12,386,188,198,41,20,21,143,48,95,138,62,76,4541,2011,2530
349,District-Giridih,Rural,10,8345,3806,4539,56,37,19,98,52,46,66,31,35,785,404,381,112,57,55,310,113,197,287,108,179,6631,3004,3627
349,District-Giridih,Rural,11,4255,1883,2372,95,73,22,165,110,55,74,36,38,582,271,311,94,49,45,266,100,166,177,55,122,2802,1189,1613
349,District-Giridih,Rural,12,7363,3179,4184,276,219,57,487,306,181,254,130,124,1316,589,727,221,126,95,658,257,401,469,157,312,3682,1395,2287
349,District-Giridih,Rural,13,5645,2411,3234,281,214,67,519,326,193,305,157,148,1202,514,688,189,100,89,508,185,323,354,90,264,2287,825,1462
349,District-Giridih,Rural,14,7973,3673,4300,535,418,117,1090,694,396,547,299,248,1973,874,1099,286,146,140,788,317,471,489,143,346,2265,782,1483
349,District-Giridih,Rural,15,13511,7093,6418,1297,1083,214,2368,1693,675,1124,669,455,2938,1379,1559,640,415,225,1581,693,888,765,261,504,2798,900,1898
349,District-Giridih,Rural,16,14238,7314,6924,1587,1312,275,3020,2036,984,1216,668,548,3231,1333,1898,666,403,263,1564,667,897,679,185,494,2275,710,1565
349,District-Giridih,Rural,17,13433,6419,7014,1705,1365,340,3272,2021,1251,1262,624,638,2866,1045,1821,617,364,253,1519,475,1044,592,136,456,1600,389,1211
349,District-Giridih,Rural,18,31758,14115,17643,4438,3453,985,7922,4716,3206,2724,1194,1530,5773,1752,4021,1631,880,751,4045,1202,2843,1600,323,1277,3625,595,3030
349,District-Giridih,Rural,19,20404,7953,12451,2861,2156,705,5179,2804,2375,1755,657,1098,3581,869,2712,1006,453,553,2820,634,2186,1078,145,933,2124,235,1889
349,District-Giridih,Urban,5-19,18943,9943,9000,1404,1303,101,513,387,126,142,102,40,4057,1502,2555,526,471,55,231,180,51,53,42,11,12017,5956,6061
349,District-Giridih,Urban,5,3981,2129,1852,2,0,2,0,0,0,0,0,0,44,21,23,16,11,5,4,3,1,0,0,0,3915,2094,1821
349,District-Giridih,Urban,6,3174,1692,1482,1,1,0,0,0,0,0,0,0,61,33,28,7,4,3,4,1,3,0,0,0,3101,1653,1448
349,District-Giridih,Urban,7,956,497,459,2,0,2,0,0,0,0,0,0,36,14,22,2,2,0,3,1,2,0,0,0,913,480,433
349,District-Giridih,Urban,8,668,319,349,1,0,1,0,0,0,0,0,0,46,25,21,5,5,0,1,1,0,0,0,0,615,288,327
349,District-Giridih,Urban,9,436,218,218,0,0,0,1,1,0,0,0,0,27,16,11,1,1,0,3,2,1,0,0,0,404,198,206
349,District-Giridih,Urban,10,633,326,307,2,1,1,0,0,0,0,0,0,77,42,35,7,5,2,1,1,0,0,0,0,546,277,269
349,District-Giridih,Urban,11,329,167,162,9,8,1,3,3,0,0,0,0,84,39,45,3,3,0,3,1,2,1,0,1,226,113,113
349,District-Giridih,Urban,12,590,318,272,37,32,5,12,8,4,8,6,2,164,84,80,18,17,1,15,11,4,6,5,1,330,155,175
349,District-Giridih,Urban,13,440,242,198,25,23,2,11,8,3,0,0,0,165,86,79,17,15,2,2,2,0,0,0,0,220,108,112
349,District-Giridih,Urban,14,625,361,264,81,76,5,19,17,2,3,2,1,251,134,117,14,12,2,9,8,1,1,1,0,247,111,136
349,District-Giridih,Urban,15,991,575,416,111,103,8,51,38,13,21,16,5,397,183,214,66,60,6,32,26,6,9,8,1,304,141,163
349,District-Giridih,Urban,16,1191,670,521,175,166,9,68,53,15,22,16,6,519,217,302,71,63,8,36,30,6,8,7,1,292,118,174
349,District-Giridih,Urban,17,1052,548,504,183,170,13,73,52,21,16,9,7,469,172,297,56,51,5,27,20,7,6,3,3,222,71,151
349,District-Giridih,Urban,18,2500,1255,1245,508,475,33,168,134,34,49,37,12,1063,280,783,169,154,15,68,55,13,17,14,3,458,106,352
349,District-Giridih,Urban,19,1377,626,751,267,248,19,107,73,34,23,16,7,654,156,498,74,68,6,23,18,5,5,4,1,224,43,181
350,District-Deoghar,Total,5-19,160973,77455,83518,10489,8722,1767,11352,8125,3227,3522,2135,1387,22914,7873,15041,5456,3057,2399,7038,3039,3999,2667,866,1801,97535,43638,53897
350,District-Deoghar,Total,5,34233,17543,16690,10,9,1,12,10,2,0,0,0,222,99,123,113,53,60,91,45,46,20,9,11,33765,17318,16447
350,District-Deoghar,Total,6,26441,13172,13269,6,6,0,3,1,2,2,2,0,316,167,149,107,51,56,84,51,33,21,12,9,25902,12882,13020
350,District-Deoghar,Total,7,7916,3712,4204,8,7,1,6,5,1,2,2,0,222,107,115,51,31,20,40,16,24,13,6,7,7574,3538,4036
350,District-Deoghar,Total,8,5321,2425,2896,9,8,1,6,4,2,5,5,0,312,151,161,46,26,20,44,19,25,28,7,21,4871,2205,2666
350,District-Deoghar,Total,9,2866,1286,1580,16,9,7,6,5,1,6,3,3,291,124,167,46,28,18,33,18,15,26,11,15,2442,1088,1354
350,District-Deoghar,Total,10,4652,2037,2615,44,23,21,31,21,10,16,10,6,489,215,274,93,47,46,103,43,60,84,29,55,3792,1649,2143
350,District-Deoghar,Total,11,2705,1180,1525,118,101,17,90,53,37,37,16,21,488,224,264,97,55,42,106,48,58,51,17,34,1718,666,1052
350,District-Deoghar,Total,12,4849,2110,2739,227,183,44,220,145,75,97,60,37,1071,467,604,220,132,88,293,130,163,152,56,96,2569,937,1632
350,District-Deoghar,Total,13,4054,1719,2335,248,198,50,271,176,95,137,78,59,1140,474,666,152,88,64,250,113,137,126,41,85,1730,551,1179
350,District-Deoghar,Total,14,5955,2734,3221,504,415,89,568,400,168,251,149,102,1868,773,1095,304,160,144,416,198,218,175,53,122,1869,586,1283
350,District-Deoghar,Total,15,8865,4657,4208,1035,865,170,1138,834,304,417,284,133,2585,1097,1488,583,391,192,747,398,349,267,125,142,2093,663,1430
350,District-Deoghar,Total,16,10016,5286,4730,1319,1117,202,1636,1278,358,525,346,179,2881,1115,1766,621,392,229,761,394,367,292,118,174,1981,526,1455
350,District-Deoghar,Total,17,8737,4441,4296,1324,1111,213,1547,1131,416,425,273,152,2441,837,1604,546,336,210,771,360,411,248,87,161,1435,306,1129
350,District-Deoghar,Total,18,20360,9604,10756,3420,2900,520,3514,2550,964,986,577,409,4935,1294,3641,1490,836,654,1967,784,1183,674,188,486,3374,475,2899
350,District-Deoghar,Total,19,14003,5549,8454,2201,1770,431,2304,1512,792,616,330,286,3653,729,2924,987,431,556,1332,422,910,490,107,383,2420,248,2172
350,District-Deoghar,Rural,5-19,143487,68670,74817,8921,7300,1621,11001,7844,3157,3455,2086,1369,18881,6539,12342,5000,2671,2329,6905,2954,3951,2638,853,1785,86686,38423,48263
350,District-Deoghar,Rural,5,29998,15269,14729,7,7,0,12,10,2,0,0,0,178,77,101,101,46,55,85,42,43,18,8,10,29597,15079,14518
350,District-Deoghar,Rural,6,23319,11544,11775,5,5,0,2,1,1,2,2,0,255,134,121,98,48,50,79,48,31,21,12,9,22857,11294,11563
350,District-Deoghar,Rural,7,7211,3380,3831,7,7,0,6,5,1,2,2,0,188,90,98,49,30,19,39,16,23,13,6,7,6907,3224,3683
350,District-Deoghar,Rural,8,4807,2175,2632,7,6,1,6,4,2,5,5,0,260,127,133,38,20,18,43,18,25,28,7,21,4420,1988,2432
350,District-Deoghar,Rural,9,2646,1177,1469,14,8,6,5,4,1,6,3,3,260,110,150,44,26,18,32,18,14,26,11,15,2259,997,1262
350,District-Deoghar,Rural,10,4218,1828,2390,37,22,15,30,21,9,16,10,6,431,185,246,85,42,43,103,43,60,84,29,55,3432,1476,1956
350,District-Deoghar,Rural,11,2439,1044,1395,91,76,15,90,53,37,35,16,19,415,190,225,90,48,42,104,47,57,51,17,34,1563,597,966
350,District-Deoghar,Rural,12,4404,1885,2519,180,142,38,208,138,70,96,59,37,923,404,519,199,116,83,286,127,159,150,54,96,2362,845,1517
350,District-Deoghar,Rural,13,3686,1555,2131,214,168,46,264,170,94,137,78,59,1001,419,582,138,77,61,243,108,135,125,41,84,1564,494,1070
350,District-Deoghar,Rural,14,5381,2456,2925,431,352,79,549,383,166,249,147,102,1614,672,942,282,144,138,405,192,213,174,52,122,1677,514,1163
350,District-Deoghar,Rural,15,8034,4223,3811,901,743,158,1111,814,297,406,277,129,2237,951,1286,533,343,190,732,389,343,260,123,137,1854,583,1271
350,District-Deoghar,Rural,16,9002,4781,4221,1146,964,182,1581,1232,349,519,340,179,2401,940,1461,581,359,222,746,381,365,289,115,174,1739,450,1289
350,District-Deoghar,Rural,17,7792,3977,3815,1131,937,194,1502,1093,409,418,270,148,1958,670,1288,508,303,205,759,355,404,246,86,160,1270,263,1007
350,District-Deoghar,Rural,18,18038,8487,9551,2876,2393,483,3403,2462,941,965,561,404,3855,1018,2837,1336,697,639,1935,760,1175,669,187,482,2999,409,2590
350,District-Deoghar,Rural,19,12512,4889,7623,1874,1470,404,2232,1454,778,599,316,283,2905,552,2353,918,372,546,1314,410,904,484,105,379,2186,210,1976
350,District-Deoghar,Urban,5-19,17486,8785,8701,1568,1422,146,351,281,70,67,49,18,4033,1334,2699,456,386,70,133,85,48,29,13,16,10849,5215,5634
350,District-Deoghar,Urban,5,4235,2274,1961,3,2,1,0,0,0,0,0,0,44,22,22,12,7,5,6,3,3,2,1,1,4168,2239,1929
350,District-Deoghar,Urban,6,3122,1628,1494,1,1,0,1,0,1,0,0,0,61,33,28,9,3,6,5,3,2,0,0,0,3045,1588,1457
350,District-Deoghar,Urban,7,705,332,373,1,0,1,0,0,0,0,0,0,34,17,17,2,1,1,1,0,1,0,0,0,667,314,353
350,District-Deoghar,Urban,8,514,250,264,2,2,0,0,0,0,0,0,0,52,24,28,8,6,2,1,1,0,0,0,0,451,217,234
350,District-Deoghar,Urban,9,220,109,111,2,1,1,1,1,0,0,0,0,31,14,17,2,2,0,1,0,1,0,0,0,183,91,92
350,District-Deoghar,Urban,10,434,209,225,7,1,6,1,0,1,0,0,0,58,30,28,8,5,3,0,0,0,0,0,0,360,173,187
350,District-Deoghar,Urban,11,266,136,130,27,25,2,0,0,0,2,0,2,73,34,39,7,7,0,2,1,1,0,0,0,155,69,86
350,District-Deoghar,Urban,12,445,225,220,47,41,6,12,7,5,1,1,0,148,63,85,21,16,5,7,3,4,2,2,0,207,92,115
350,District-Deoghar,Urban,13,368,164,204,34,30,4,7,6,1,0,0,0,139,55,84,14,11,3,7,5,2,1,0,1,166,57,109
350,District-Deoghar,Urban,14,574,278,296,73,63,10,19,17,2,2,2,0,254,101,153,22,16,6,11,6,5,1,1,0,192,72,120
350,District-Deoghar,Urban,15,831,434,397,134,122,12,27,20,7,11,7,4,348,146,202,50,48,2,15,9,6,7,2,5,239,80,159
350,District-Deoghar,Urban,16,1014,505,509,173,153,20,55,46,9,6,6,0,480,175,305,40,33,7,15,13,2,3,3,0,242,76,166
350,District-Deoghar,Urban,17,945,464,481,193,174,19,45,38,7,7,3,4,483,167,316,38,33,5,12,5,7,2,1,1,165,43,122
350,District-Deoghar,Urban,18,2322,1117,1205,544,507,37,111,88,23,21,16,5,1080,276,804,154,139,15,32,24,8,5,1,4,375,66,309
350,District-Deoghar,Urban,19,1491,660,831,327,300,27,72,58,14,17,14,3,748,177,571,69,59,10,18,12,6,6,2,4,234,38,196
351,District-Godda,Total,5-19,175293,86336,88957,6702,5437,1265,10231,7094,3137,3690,2003,1687,16330,7097,9233,5889,3471,2418,11580,5329,6251,5521,1982,3539,115350,53923,61427
351,District-Godda,Total,5,33101,16881,16220,6,4,2,12,7,5,2,2,0,178,106,72,152,84,68,127,65,62,33,18,15,32591,16595,15996
351,District-Godda,Total,6,27304,13781,13523,3,2,1,18,8,10,3,3,0,262,148,114,99,60,39,137,63,74,49,22,27,26733,13475,13258
351,District-Godda,Total,7,10625,5145,5480,7,5,2,22,10,12,1,0,1,264,138,126,51,31,20,110,56,54,69,30,39,10101,4875,5226
351,District-Godda,Total,8,10151,4792,5359,14,4,10,16,9,7,5,3,2,320,178,142,65,29,36,149,69,80,105,41,64,9477,4459,5018
351,District-Godda,Total,9,4785,2182,2603,2,1,1,25,15,10,9,3,6,252,145,107,53,29,24,100,42,58,89,39,50,4255,1908,2347
351,District-Godda,Total,10,8547,4053,4494,27,17,10,57,37,20,30,15,15,617,330,287,121,61,60,246,136,110,218,93,125,7231,3364,3867
351,District-Godda,Total,11,3960,1816,2144,41,31,10,89,59,30,31,17,14,439,208,231,76,30,46,219,94,125,143,62,81,2922,1315,1607
351,District-Godda,Total,12,7849,3590,4259,149,114,35,220,146,74,163,69,94,1141,554,587,234,126,108,480,224,256,404,149,255,5058,2208,2850
351,District-Godda,Total,13,4937,2226,2711,152,118,34,230,141,89,145,68,77,912,443,469,172,94,78,420,196,224,266,94,172,2640,1072,1568
351,District-Godda,Total,14,6748,3175,3573,349,269,80,552,367,185,276,127,149,1383,639,744,329,200,129,685,288,397,407,158,249,2767,1127,1640
351,District-Godda,Total,15,10677,5769,4908,739,598,141,1209,878,331,548,317,231,2070,1062,1008,735,511,224,1406,764,642,671,283,388,3299,1356,1943
351,District-Godda,Total,16,9726,5239,4487,896,728,168,1421,1032,389,556,331,225,1957,954,1003,687,462,225,1347,700,647,613,245,368,2249,787,1462
351,District-Godda,Total,17,7279,3919,3360,813,683,130,1235,900,335,416,249,167,1394,587,807,563,341,222,1111,560,551,474,182,292,1273,417,856
351,District-Godda,Total,18,18942,9479,9463,2256,1877,379,3331,2385,946,986,545,441,3231,1115,2116,1614,959,655,3229,1474,1755,1234,409,825,3061,715,2346
351,District-Godda,Total,19,10662,4289,6373,1248,986,262,1794,1100,694,519,254,265,1910,490,1420,938,454,484,1814,598,1216,746,157,589,1693,250,1443
351,District-Godda,Rural,5-19,170450,83866,86584,6389,5149,1240,10141,7018,3123,3676,1992,1684,15462,6755,8707,5752,3358,2394,11518,5290,6228,5504,1968,3536,112008,52336,59672
351,District-Godda,Rural,5,31825,16229,15596,6,4,2,12,7,5,2,2,0,165,98,67,145,81,64,126,64,62,33,18,15,31336,15955,15381
351,District-Godda,Rural,6,26354,13316,13038,3,2,1,18,8,10,3,3,0,254,143,111,96,59,37,134,62,72,49,22,27,25797,13017,12780
351,District-Godda,Rural,7,10372,5016,5356,7,5,2,22,10,12,1,0,1,253,130,123,50,30,20,109,56,53,69,30,39,9861,4755,5106
351,District-Godda,Rural,8,9989,4714,5275,14,4,10,16,9,7,5,3,2,312,172,140,63,28,35,148,68,80,105,41,64,9326,4389,4937
351,District-Godda,Rural,9,4707,2145,2562,2,1,1,24,14,10,9,3,6,245,142,103,53,29,24,100,42,58,89,39,50,4185,1875,2310
351,District-Godda,Rural,10,8404,3982,4422,23,15,8,57,37,20,30,15,15,598,320,278,118,60,58,245,135,110,218,93,125,7115,3307,3808
351,District-Godda,Rural,11,3872,1781,2091,38,28,10,89,59,30,31,17,14,428,203,225,75,29,46,217,94,123,143,62,81,2851,1289,1562
351,District-Godda,Rural,12,7691,3509,4182,139,105,34,217,143,74,163,69,94,1100,537,563,229,121,108,477,223,254,403,148,255,4963,2163,2800
351,District-Godda,Rural,13,4833,2167,2666,148,114,34,229,140,89,145,68,77,880,422,458,166,90,76,417,193,224,262,90,172,2586,1050,1536
351,District-Godda,Rural,14,6615,3107,3508,334,257,77,547,362,185,276,127,149,1343,625,718,318,189,129,683,286,397,407,158,249,2707,1103,1604
351,District-Godda,Rural,15,10485,5661,4824,715,574,141,1202,871,331,547,317,230,1983,1019,964,724,501,223,1403,762,641,667,280,387,3244,1337,1907
351,District-Godda,Rural,16,9477,5094,4383,850,687,163,1409,1023,386,554,329,225,1857,909,948,667,444,223,1339,694,645,612,244,368,2189,764,1425
351,District-Godda,Rural,17,7080,3806,3274,776,647,129,1229,895,334,413,248,165,1296,545,751,553,331,222,1107,557,550,473,181,292,1233,402,831
351,District-Godda,Rural,18,18419,9201,9218,2148,1776,372,3295,2354,941,981,540,441,3002,1042,1960,1580,931,649,3208,1459,1749,1229,406,823,2976,693,2283
351,District-Godda,Rural,19,10327,4138,6189,1186,930,256,1775,1086,689,516,251,265,1746,448,1298,915,435,480,1805,595,1210,745,156,589,1639,237,1402
351,District-Godda,Urban,5-19,4843,2470,2373,313,288,25,90,76,14,14,11,3,868,342,526,137,113,24,62,39,23,17,14,3,3342,1587,1755
351,District-Godda,Urban,5,1276,652,624,0,0,0,0,0,0,0,0,0,13,8,5,7,3,4,1,1,0,0,0,0,1255,640,615
351,District-Godda,Urban,6,950,465,485,0,0,0,0,0,0,0,0,0,8,5,3,3,1,2,3,1,2,0,0,0,936,458,478
351,District-Godda,Urban,7,253,129,124,0,0,0,0,0,0,0,0,0,11,8,3,1,1,0,1,0,1,0,0,0,240,120,120
351,District-Godda,Urban,8,162,78,84,0,0,0,0,0,0,0,0,0,8,6,2,2,1,1,1,1,0,0,0,0,151,70,81
351,District-Godda,Urban,9,78,37,41,0,0,0,1,1,0,0,0,0,7,3,4,0,0,0,0,0,0,0,0,0,70,33,37
351,District-Godda,Urban,10,143,71,72,4,2,2,0,0,0,0,0,0,19,10,9,3,1,2,1,1,0,0,0,0,116,57,59
351,District-Godda,Urban,11,88,35,53,3,3,0,0,0,0,0,0,0,11,5,6,1,1,0,2,0,2,0,0,0,71,26,45
351,District-Godda,Urban,12,158,81,77,10,9,1,3,3,0,0,0,0,41,17,24,5,5,0,3,1,2,1,1,0,95,45,50
351,District-Godda,Urban,13,104,59,45,4,4,0,1,1,0,0,0,0,32,21,11,6,4,2,3,3,0,4,4,0,54,22,32
351,District-Godda,Urban,14,133,68,65,15,12,3,5,5,0,0,0,0,40,14,26,11,11,0,2,2,0,0,0,0,60,24,36
351,District-Godda,Urban,15,192,108,84,24,24,0,7,7,0,1,0,1,87,43,44,11,10,1,3,2,1,4,3,1,55,19,36
351,District-Godda,Urban,16,249,145,104,46,41,5,12,9,3,2,2,0,100,45,55,20,18,2,8,6,2,1,1,0,60,23,37
351,District-Godda,Urban,17,199,113,86,37,36,1,6,5,1,3,1,2,98,42,56,10,10,0,4,3,1,1,1,0,40,15,25
351,District-Godda,Urban,18,523,278,245,108,101,7,36,31,5,5,5,0,229,73,156,34,28,6,21,15,6,5,3,2,85,22,63
351,District-Godda,Urban,19,335,151,184,62,56,6,19,14,5,3,3,0,164,42,122,23,19,4,9,3,6,1,1,0,54,13,41
352,District-Sahibganj,Total,5-19,152237,75721,76516,10418,7632,2786,5996,3444,2552,1837,945,892,12045,5155,6890,15734,8464,7270,9516,3866,5650,3269,1208,2061,93422,45007,48415
352,District-Sahibganj,Total,5,28260,14595,13665,11,9,2,2,1,1,1,0,1,210,111,99,134,71,63,103,65,38,45,21,24,27754,14317,13437
352,District-Sahibganj,Total,6,22470,11261,11209,6,3,3,3,0,3,3,2,1,219,113,106,125,64,61,74,36,38,41,16,25,21999,11027,10972
352,District-Sahibganj,Total,7,9329,4634,4695,15,9,6,5,2,3,1,1,0,237,123,114,76,39,37,76,37,39,56,29,27,8863,4394,4469
352,District-Sahibganj,Total,8,7198,3505,3693,19,14,5,9,7,2,1,0,1,227,116,111,97,45,52,87,41,46,71,39,32,6687,3243,3444
352,District-Sahibganj,Total,9,4138,1987,2151,12,8,4,15,8,7,3,1,2,220,120,100,92,50,42,102,39,63,61,28,33,3633,1733,1900
352,District-Sahibganj,Total,10,6584,3182,3402,85,38,47,31,16,15,15,7,8,409,218,191,219,112,107,222,96,126,123,47,76,5480,2648,2832
352,District-Sahibganj,Total,11,3767,1781,1986,101,58,43,47,22,25,23,15,8,346,181,165,313,146,167,197,81,116,111,43,68,2629,1235,1394
352,District-Sahibganj,Total,12,5952,2894,3058,232,143,89,162,91,71,75,40,35,704,359,345,634,325,309,451,221,230,236,84,152,3458,1631,1827
352,District-Sahibganj,Total,13,4608,2225,2383,308,213,95,205,108,97,86,39,47,723,401,322,605,301,304,449,180,269,198,76,122,2034,907,1127
352,District-Sahibganj,Total,14,6331,3232,3099,603,420,183,400,227,173,181,106,75,1023,525,498,1086,602,484,674,296,378,285,115,170,2079,941,1138
352,District-Sahibganj,Total,15,8994,4816,4178,1109,771,338,695,436,259,248,136,112,1305,660,645,1905,1096,809,1092,500,592,388,176,212,2252,1041,1211
352,District-Sahibganj,Total,16,9263,5005,4258,1429,1051,378,855,521,334,275,148,127,1385,657,728,2005,1189,816,1167,535,632,403,167,236,1744,737,1007
352,District-Sahibganj,Total,17,7953,4155,3798,1423,1103,320,784,499,285,224,126,98,1198,480,718,1794,977,817,1016,437,579,290,108,182,1224,425,799
352,District-Sahibganj,Total,18,16146,7900,8246,3024,2315,709,1711,959,752,429,221,208,2142,691,1451,4007,2200,1807,2188,849,1339,588,171,417,2057,494,1563
352,District-Sahibganj,Total,19,11244,4549,6695,2041,1477,564,1072,547,525,272,103,169,1697,400,1297,2642,1247,1395,1618,453,1165,373,88,285,1529,234,1295
352,District-Sahibganj,Rural,5-19,136924,67948,68976,9066,6479,2587,5591,3148,2443,1743,890,853,8889,3995,4894,14755,7824,6931,9153,3658,5495,3187,1183,2004,84540,40771,43769
352,District-Sahibganj,Rural,5,25399,13095,12304,5,4,1,2,1,1,1,0,1,136,78,58,118,60,58,100,62,38,44,21,23,24993,12869,12124
352,District-Sahibganj,Rural,6,20350,10186,10164,4,2,2,3,0,3,2,1,1,170,89,81,115,59,56,69,33,36,40,16,24,19947,9986,9961
352,District-Sahibganj,Rural,7,8498,4217,4281,10,4,6,5,2,3,1,1,0,185,95,90,68,35,33,72,34,38,56,29,27,8101,4017,4084
352,District-Sahibganj,Rural,8,6678,3248,3430,15,11,4,9,7,2,1,0,1,179,94,85,90,40,50,86,40,46,71,39,32,6227,3017,3210
352,District-Sahibganj,Rural,9,3790,1815,1975,9,5,4,12,6,6,3,1,2,179,97,82,85,47,38,95,36,59,61,28,33,3346,1595,1751
352,District-Sahibganj,Rural,10,6006,2895,3111,75,28,47,27,13,14,15,7,8,326,175,151,199,104,95,215,95,120,122,47,75,5027,2426,2601
352,District-Sahibganj,Rural,11,3407,1603,1804,82,45,37,44,21,23,21,13,8,272,149,123,293,133,160,192,79,113,109,41,68,2394,1122,1272
352,District-Sahibganj,Rural,12,5419,2618,2801,202,119,83,155,85,70,74,39,35,583,299,284,590,300,290,436,213,223,230,82,148,3149,1481,1668
352,District-Sahibganj,Rural,13,4133,1971,2162,262,176,86,191,99,92,84,38,46,573,325,248,570,282,288,432,171,261,192,74,118,1829,806,1023
352,District-Sahibganj,Rural,14,5743,2929,2814,524,353,171,386,217,169,173,101,72,847,449,398,1021,565,456,648,277,371,273,112,161,1871,855,1016
352,District-Sahibganj,Rural,15,8157,4359,3798,989,671,318,663,411,252,238,130,108,1018,544,474,1794,1015,779,1051,473,578,377,174,203,2027,941,1086
352,District-Sahibganj,Rural,16,8302,4503,3799,1252,908,344,793,474,319,270,146,124,1047,537,510,1894,1111,783,1104,499,605,391,161,230,1551,667,884
352,District-Sahibganj,Rural,17,6948,3612,3336,1217,923,294,716,443,273,210,117,93,801,327,474,1692,911,781,982,414,568,284,107,177,1046,370,676
352,District-Sahibganj,Rural,18,14275,6961,7314,2643,1978,665,1584,872,712,404,208,196,1484,493,991,3753,2023,1730,2093,801,1292,574,165,409,1740,421,1319
352,District-Sahibganj,Rural,19,9819,3936,5883,1777,1252,525,1001,497,504,246,88,158,1089,244,845,2473,1139,1334,1578,431,1147,363,87,276,1292,198,1094
352,District-Sahibganj,Urban,5-19,15313,7773,7540,1352,1153,199,405,296,109,94,55,39,3156,1160,1996,979,640,339,363,208,155,82,25,57,8882,4236,4646
352,District-Sahibganj,Urban,5,2861,1500,1361,6,5,1,0,0,0,0,0,0,74,33,41,16,11,5,3,3,0,1,0,1,2761,1448,1313
352,District-Sahibganj,Urban,6,2120,1075,1045,2,1,1,0,0,0,1,1,0,49,24,25,10,5,5,5,3,2,1,0,1,2052,1041,1011
352,District-Sahibganj,Urban,7,831,417,414,5,5,0,0,0,0,0,0,0,52,28,24,8,4,4,4,3,1,0,0,0,762,377,385
352,District-Sahibganj,Urban,8,520,257,263,4,3,1,0,0,0,0,0,0,48,22,26,7,5,2,1,1,0,0,0,0,460,226,234
352,District-Sahibganj,Urban,9,348,172,176,3,3,0,3,2,1,0,0,0,41,23,18,7,3,4,7,3,4,0,0,0,287,138,149
352,District-Sahibganj,Urban,10,578,287,291,10,10,0,4,3,1,0,0,0,83,43,40,20,8,12,7,1,6,1,0,1,453,222,231
352,District-Sahibganj,Urban,11,360,178,182,19,13,6,3,1,2,2,2,0,74,32,42,20,13,7,5,2,3,2,2,0,235,113,122
352,District-Sahibganj,Urban,12,533,276,257,30,24,6,7,6,1,1,1,0,121,60,61,44,25,19,15,8,7,6,2,4,309,150,159
352,District-Sahibganj,Urban,13,475,254,221,46,37,9,14,9,5,2,1,1,150,76,74,35,19,16,17,9,8,6,2,4,205,101,104
352,District-Sahibganj,Urban,14,588,303,285,79,67,12,14,10,4,8,5,3,176,76,100,65,37,28,26,19,7,12,3,9,208,86,122
352,District-Sahibganj,Urban,15,837,457,380,120,100,20,32,25,7,10,6,4,287,116,171,111,81,30,41,27,14,11,2,9,225,100,125
352,District-Sahibganj,Urban,16,961,502,459,177,143,34,62,47,15,5,2,3,338,120,218,111,78,33,63,36,27,12,6,6,193,70,123
352,District-Sahibganj,Urban,17,1005,543,462,206,180,26,68,56,12,14,9,5,397,153,244,102,66,36,34,23,11,6,1,5,178,55,123
352,District-Sahibganj,Urban,18,1871,939,932,381,337,44,127,87,40,25,13,12,658,198,460,254,177,77,95,48,47,14,6,8,317,73,244
352,District-Sahibganj,Urban,19,1425,613,812,264,225,39,71,50,21,26,15,11,608,156,452,169,108,61,40,22,18,10,1,9,237,36,201
353,District-Pakur,Total,5-19,142427,71093,71334,9045,6123,2922,6268,3791,2477,1726,945,781,9940,4228,5712,12511,6168,6343,9338,3773,5565,2975,1176,1799,90624,44889,45735
353,District-Pakur,Total,5,24385,12426,11959,3,3,0,4,2,2,0,0,0,103,51,52,141,73,68,98,51,47,16,9,7,24020,12237,11783
353,District-Pakur,Total,6,21555,10917,10638,2,0,2,4,2,2,0,0,0,135,78,57,106,64,42,85,32,53,34,14,20,21189,10727,10462
353,District-Pakur,Total,7,9776,4884,4892,5,4,1,6,3,3,4,0,4,143,83,60,70,32,38,91,44,47,40,12,28,9417,4706,4711
353,District-Pakur,Total,8,8006,3977,4029,18,8,10,11,6,5,5,2,3,213,107,106,84,47,37,124,53,71,61,24,37,7490,3730,3760
353,District-Pakur,Total,9,4672,2306,2366,12,8,4,19,11,8,12,7,5,163,98,65,57,29,28,105,37,68,68,26,42,4236,2090,2146
353,District-Pakur,Total,10,7217,3706,3511,49,22,27,32,15,17,22,11,11,381,203,178,160,93,67,215,99,116,137,60,77,6221,3203,3018
353,District-Pakur,Total,11,3820,1908,1912,66,41,25,68,38,30,29,16,13,349,173,176,145,74,71,219,82,137,120,42,78,2824,1442,1382
353,District-Pakur,Total,12,6171,3146,3025,190,124,66,201,113,88,62,34,28,787,410,377,454,220,234,493,200,293,277,122,155,3707,1923,1784
353,District-Pakur,Total,13,4469,2353,2116,261,158,103,232,141,91,99,58,41,678,382,296,373,167,206,402,189,213,217,86,131,2207,1172,1035
353,District-Pakur,Total,14,6009,3127,2882,577,347,230,517,315,202,184,99,85,985,505,480,777,395,382,656,306,350,278,135,143,2035,1025,1010
353,District-Pakur,Total,15,8119,4408,3711,1006,689,317,876,550,326,262,167,95,1176,589,587,1322,728,594,1119,554,565,388,165,223,1970,966,1004
353,District-Pakur,Total,16,8780,4714,4066,1377,940,437,984,644,340,283,168,115,1192,544,648,1737,916,821,1228,591,637,351,155,196,1628,756,872
353,District-Pakur,Total,17,6176,3226,2950,1094,782,312,738,503,235,199,118,81,803,316,487,1372,716,656,860,386,474,204,82,122,906,323,583
353,District-Pakur,Total,18,14629,6677,7952,2755,1916,839,1672,990,682,348,177,171,1702,471,1231,3658,1767,1891,2256,762,1494,510,174,336,1728,420,1308
353,District-Pakur,Total,19,8643,3318,5325,1630,1081,549,904,458,446,217,88,129,1130,218,912,2055,847,1208,1387,387,1000,274,70,204,1046,169,877
353,District-Pakur,Rural,5-19,133107,66409,66698,8374,5663,2711,6127,3713,2414,1690,923,767,8748,3695,5053,11701,5787,5914,9119,3689,5430,2950,1162,1788,84398,41777,42621
353,District-Pakur,Rural,5,22933,11709,11224,3,3,0,4,2,2,0,0,0,92,47,45,135,69,66,97,51,46,16,9,7,22586,11528,11058
353,District-Pakur,Rural,6,20147,10218,9929,2,0,2,3,2,1,0,0,0,125,73,52,103,62,41,84,31,53,34,14,20,19796,10036,9760
353,District-Pakur,Rural,7,9202,4589,4613,5,4,1,6,3,3,4,0,4,138,78,60,67,31,36,89,43,46,40,12,28,8853,4418,4435
353,District-Pakur,Rural,8,7471,3714,3757,18,8,10,11,6,5,5,2,3,201,101,100,80,44,36,123,53,70,61,24,37,6972,3476,3496
353,District-Pakur,Rural,9,4379,2152,2227,12,8,4,19,11,8,12,7,5,153,91,62,52,28,24,104,37,67,68,26,42,3959,1944,2015
353,District-Pakur,Rural,10,6769,3462,3307,48,21,27,31,15,16,22,11,11,350,188,162,153,89,64,210,96,114,136,60,76,5819,2982,2837
353,District-Pakur,Rural,11,3565,1779,1786,64,39,25,66,38,28,29,16,13,328,161,167,138,70,68,217,82,135,120,42,78,2603,1331,1272
353,District-Pakur,Rural,12,5780,2946,2834,184,120,64,195,110,85,61,34,27,734,386,348,432,213,219,480,196,284,275,121,154,3419,1766,1653
353,District-Pakur,Rural,13,4172,2198,1974,254,154,100,228,138,90,93,53,40,619,344,275,355,161,194,394,187,207,214,86,128,2015,1075,940
353,District-Pakur,Rural,14,5620,2916,2704,545,327,218,506,312,194,181,98,83,880,443,437,731,375,356,647,302,345,275,133,142,1855,926,929
353,District-Pakur,Rural,15,7571,4116,3455,940,642,298,857,539,318,256,164,92,1043,518,525,1242,690,552,1086,544,542,386,165,221,1761,854,907
353,District-Pakur,Rural,16,8210,4406,3804,1301,891,410,970,633,337,281,166,115,1027,464,563,1641,865,776,1187,573,614,345,149,196,1458,665,793
353,District-Pakur,Rural,17,5732,2999,2733,1005,724,281,726,497,229,191,115,76,686,259,427,1286,669,617,836,379,457,202,80,122,800,276,524
353,District-Pakur,Rural,18,13491,6128,7363,2496,1738,758,1625,961,664,342,173,169,1405,364,1041,3358,1632,1726,2208,737,1471,505,171,334,1552,352,1200
353,District-Pakur,Rural,19,8065,3077,4988,1497,984,513,880,446,434,213,84,129,967,178,789,1928,789,1139,1357,378,979,273,70,203,950,148,802
353,District-Pakur,Urban,5-19,9320,4684,4636,671,460,211,141,78,63,36,22,14,1192,533,659,810,381,429,219,84,135,25,14,11,6226,3112,3114
353,District-Pakur,Urban,5,1452,717,735,0,0,0,0,0,0,0,0,0,11,4,7,6,4,2,1,0,1,0,0,0,1434,709,725
353,District-Pakur,Urban,6,1408,699,709,0,0,0,1,0,1,0,0,0,10,5,5,3,2,1,1,1,0,0,0,0,1393,691,702
353,District-Pakur,Urban,7,574,295,279,0,0,0,0,0,0,0,0,0,5,5,0,3,1,2,2,1,1,0,0,0,564,288,276
353,District-Pakur,Urban,8,535,263,272,0,0,0,0,0,0,0,0,0,12,6,6,4,3,1,1,0,1,0,0,0,518,254,264
353,District-Pakur,Urban,9,293,154,139,0,0,0,0,0,0,0,0,0,10,7,3,5,1,4,1,0,1,0,0,0,277,146,131
353,District-Pakur,Urban,10,448,244,204,1,1,0,1,0,1,0,0,0,31,15,16,7,4,3,5,3,2,1,0,1,402,221,181
353,District-Pakur,Urban,11,255,129,126,2,2,0,2,0,2,0,0,0,21,12,9,7,4,3,2,0,2,0,0,0,221,111,110
353,District-Pakur,Urban,12,391,200,191,6,4,2,6,3,3,1,0,1,53,24,29,22,7,15,13,4,9,2,1,1,288,157,131
353,District-Pakur,Urban,13,297,155,142,7,4,3,4,3,1,6,5,1,59,38,21,18,6,12,8,2,6,3,0,3,192,97,95
353,District-Pakur,Urban,14,389,211,178,32,20,12,11,3,8,3,1,2,105,62,43,46,20,26,9,4,5,3,2,1,180,99,81
353,District-Pakur,Urban,15,548,292,256,66,47,19,19,11,8,6,3,3,133,71,62,80,38,42,33,10,23,2,0,2,209,112,97
353,District-Pakur,Urban,16,570,308,262,76,49,27,14,11,3,2,2,0,165,80,85,96,51,45,41,18,23,6,6,0,170,91,79
353,District-Pakur,Urban,17,444,227,217,89,58,31,12,6,6,8,3,5,117,57,60,86,47,39,24,7,17,2,2,0,106,47,59
353,District-Pakur,Urban,18,1138,549,589,259,178,81,47,29,18,6,4,2,297,107,190,300,135,165,48,25,23,5,3,2,176,68,108
353,District-Pakur,Urban,19,578,241,337,133,97,36,24,12,12,4,4,0,163,40,123,127,58,69,30,9,21,1,0,1,96,21,75
354,District-Dhanbad,Total,5-19,232175,116228,115947,13799,12242,1557,11113,8437,2676,3531,2130,1401,56306,22338,33968,6119,4454,1665,6562,3477,3085,2089,789,1300,132656,62361,70295
354,District-Dhanbad,Total,5,43690,22871,20819,53,44,9,16,12,4,4,2,2,665,334,331,252,139,113,211,106,105,33,15,18,42456,22219,20237
354,District-Dhanbad,Total,6,32348,16696,15652,28,23,5,13,8,5,3,2,1,760,408,352,190,106,84,179,82,97,29,16,13,31146,16051,15095
354,District-Dhanbad,Total,7,10391,5234,5157,55,48,7,24,16,8,2,2,0,636,296,340,81,41,40,79,41,38,20,8,12,9494,4782,4712
354,District-Dhanbad,Total,8,7141,3523,3618,43,30,13,19,12,7,1,1,0,638,342,296,76,40,36,67,33,34,19,11,8,6278,3054,3224
354,District-Dhanbad,Total,9,4424,2105,2319,30,19,11,25,17,8,7,5,2,583,294,289,62,36,26,70,35,35,17,7,10,3630,1692,1938
354,District-Dhanbad,Total,10,6949,3437,3512,77,57,20,50,28,22,17,10,7,1060,517,543,102,61,41,97,56,41,57,20,37,5489,2688,2801
354,District-Dhanbad,Total,11,4560,2233,2327,184,159,25,116,74,42,39,21,18,1135,511,624,107,69,38,123,66,57,40,14,26,2816,1319,1497
354,District-Dhanbad,Total,12,7190,3539,3651,376,313,63,232,161,71,66,39,27,2112,996,1116,213,150,63,201,95,106,96,47,49,3894,1738,2156
354,District-Dhanbad,Total,13,6315,2963,3352,339,290,49,262,182,80,91,55,36,2255,1004,1251,209,144,65,221,99,122,83,22,61,2855,1167,1688
354,District-Dhanbad,Total,14,9436,4528,4908,645,559,86,534,406,128,174,99,75,3703,1650,2053,348,253,95,396,197,199,123,50,73,3513,1314,2199
354,District-Dhanbad,Total,15,13615,6856,6759,1094,972,122,983,750,233,328,191,137,5520,2486,3034,586,434,152,642,353,289,236,93,143,4226,1577,2649
354,District-Dhanbad,Total,16,16243,8167,8076,1553,1368,185,1431,1106,325,477,311,166,7003,2953,4050,694,505,189,818,459,359,241,102,139,4026,1363,2663
354,District-Dhanbad,Total,17,15699,7937,7762,1866,1666,200,1512,1180,332,503,304,199,7024,2768,4256,663,516,147,713,418,295,226,73,153,3192,1012,2180
354,District-Dhanbad,Total,18,30803,15456,15347,4171,3746,425,3295,2545,750,1020,632,388,12864,4691,8173,1530,1194,336,1603,891,712,504,191,313,5816,1566,4250
354,District-Dhanbad,Total,19,23371,10683,12688,3285,2948,337,2601,1940,661,799,456,343,10348,3088,7260,1006,766,240,1142,546,596,365,120,245,3825,819,3006
354,District-Dhanbad,Rural,5-19,100566,48757,51809,5641,4953,688,7780,5652,2128,2729,1470,1259,21086,7994,13092,2456,1633,823,4470,2017,2453,1669,514,1155,54735,24524,30211
354,District-Dhanbad,Rural,5,18981,9844,9137,15,12,3,8,5,3,2,1,1,241,126,115,90,50,40,83,41,42,23,10,13,18519,9599,8920
354,District-Dhanbad,Rural,6,13175,6685,6490,8,7,1,8,6,2,2,1,1,272,155,117,54,30,24,63,28,35,22,10,12,12746,6448,6298
354,District-Dhanbad,Rural,7,4215,2044,2171,17,14,3,11,6,5,1,1,0,253,118,135,28,13,15,35,13,22,17,6,11,3853,1873,1980
354,District-Dhanbad,Rural,8,2734,1294,1440,15,10,5,8,5,3,1,1,0,241,137,104,25,11,14,34,14,20,16,8,8,2394,1108,1286
354,District-Dhanbad,Rural,9,1727,799,928,9,4,5,14,9,5,7,5,2,203,105,98,35,21,14,37,15,22,12,4,8,1410,636,774
354,District-Dhanbad,Rural,10,2706,1273,1433,32,24,8,32,18,14,13,7,6,355,178,177,39,20,19,55,26,29,47,14,33,2133,986,1147
354,District-Dhanbad,Rural,11,1779,824,955,71,57,14,75,45,30,30,15,15,412,197,215,37,19,18,86,42,44,36,11,25,1032,438,594
354,District-Dhanbad,Rural,12,2983,1363,1620,152,128,24,157,102,55,54,29,25,794,361,433,76,50,26,142,61,81,78,35,43,1530,597,933
354,District-Dhanbad,Rural,13,2717,1160,1557,116,89,27,167,107,60,68,35,33,885,399,486,82,54,28,157,59,98,74,20,54,1168,397,771
354,District-Dhanbad,Rural,14,4102,1831,2271,235,194,41,368,269,99,138,68,70,1471,647,824,127,77,50,266,113,153,100,35,65,1397,428,969
354,District-Dhanbad,Rural,15,6168,2932,3236,438,377,61,692,505,187,269,144,125,2208,975,1233,223,149,74,451,215,236,195,64,131,1692,503,1189
354,District-Dhanbad,Rural,16,7487,3663,3824,660,593,67,1026,748,278,374,221,153,2741,1126,1615,265,180,85,589,277,312,193,69,124,1639,449,1190
354,District-Dhanbad,Rural,17,7004,3425,3579,759,667,92,1057,788,269,378,203,175,2578,960,1618,284,200,84,503,256,247,184,46,138,1261,305,956
354,District-Dhanbad,Rural,18,14067,6922,7145,1734,1544,190,2338,1752,586,795,445,350,4647,1555,3092,644,459,185,1147,543,604,390,116,274,2372,508,1864
354,District-Dhanbad,Rural,19,10721,4698,6023,1380,1233,147,1819,1287,532,597,294,303,3785,955,2830,447,300,147,822,314,508,282,66,216,1589,249,1340
354,District-Dhanbad,Urban,5-19,131609,67471,64138,8158,7289,869,3333,2785,548,802,660,142,35220,14344,20876,3663,2821,842,2092,1460,632,420,275,145,77921,37837,40084
354,District-Dhanbad,Urban,5,24709,13027,11682,38,32,6,8,7,1,2,1,1,424,208,216,162,89,73,128,65,63,10,5,5,23937,12620,11317
354,District-Dhanbad,Urban,6,19173,10011,9162,20,16,4,5,2,3,1,1,0,488,253,235,136,76,60,116,54,62,7,6,1,18400,9603,8797
354,District-Dhanbad,Urban,7,6176,3190,2986,38,34,4,13,10,3,1,1,0,383,178,205,53,28,25,44,28,16,3,2,1,5641,2909,2732
354,District-Dhanbad,Urban,8,4407,2229,2178,28,20,8,11,7,4,0,0,0,397,205,192,51,29,22,33,19,14,3,3,0,3884,1946,1938
354,District-Dhanbad,Urban,9,2697,1306,1391,21,15,6,11,8,3,0,0,0,380,189,191,27,15,12,33,20,13,5,3,2,2220,1056,1164
354,District-Dhanbad,Urban,10,4243,2164,2079,45,33,12,18,10,8,4,3,1,705,339,366,63,41,22,42,30,12,10,6,4,3356,1702,1654
354,District-Dhanbad,Urban,11,2781,1409,1372,113,102,11,41,29,12,9,6,3,723,314,409,70,50,20,37,24,13,4,3,1,1784,881,903
354,District-Dhanbad,Urban,12,4207,2176,2031,224,185,39,75,59,16,12,10,2,1318,635,683,137,100,37,59,34,25,18,12,6,2364,1141,1223
354,District-Dhanbad,Urban,13,3598,1803,1795,223,201,22,95,75,20,23,20,3,1370,605,765,127,90,37,64,40,24,9,2,7,1687,770,917
354,District-Dhanbad,Urban,14,5334,2697,2637,410,365,45,166,137,29,36,31,5,2232,1003,1229,221,176,45,130,84,46,23,15,8,2116,886,1230
354,District-Dhanbad,Urban,15,7447,3924,3523,656,595,61,291,245,46,59,47,12,3312,1511,1801,363,285,78,191,138,53,41,29,12,2534,1074,1460
354,District-Dhanbad,Urban,16,8756,4504,4252,893,775,118,405,358,47,103,90,13,4262,1827,2435,429,325,104,229,182,47,48,33,15,2387,914,1473
354,District-Dhanbad,Urban,17,8695,4512,4183,1107,999,108,455,392,63,125,101,24,4446,1808,2638,379,316,63,210,162,48,42,27,15,1931,707,1224
354,District-Dhanbad,Urban,18,16736,8534,8202,2437,2202,235,957,793,164,225,187,38,8217,3136,5081,886,735,151,456,348,108,114,75,39,3444,1058,2386
354,District-Dhanbad,Urban,19,12650,5985,6665,1905,1715,190,782,653,129,202,162,40,6563,2133,4430,559,466,93,320,232,88,83,54,29,2236,570,1666
355,District-Bokaro,Total,5-19,162178,79829,82349,8174,7223,951,10106,7630,2476,4073,2465,1608,33907,13184,20723,3293,2063,1230,5162,2383,2779,2441,818,1623,95022,44063,50959
355,District-Bokaro,Total,5,35048,18401,16647,34,28,6,10,6,4,1,0,1,385,185,200,112,60,52,108,56,52,28,11,17,34370,18055,16315
355,District-Bokaro,Total,6,25288,12978,12310,11,8,3,7,6,1,1,1,0,465,234,231,70,45,25,62,29,33,17,7,10,24655,12648,12007
355,District-Bokaro,Total,7,7555,3726,3829,24,20,4,8,6,2,4,3,1,348,186,162,37,14,23,33,15,18,12,9,3,7089,3473,3616
355,District-Bokaro,Total,8,3993,1897,2096,22,16,6,10,5,5,1,1,0,349,175,174,21,12,9,36,16,20,13,7,6,3541,1665,1876
355,District-Bokaro,Total,9,2446,1149,1297,16,11,5,9,6,3,6,4,2,282,146,136,12,10,2,24,10,14,19,6,13,2078,956,1122
355,District-Bokaro,Total,10,3662,1706,1956,14,9,5,22,13,9,15,11,4,500,261,239,29,12,17,47,29,18,29,13,16,3006,1358,1648
355,District-Bokaro,Total,11,2455,1113,1342,69,54,15,50,33,17,21,14,7,572,269,303,47,28,19,53,22,31,40,17,23,1603,676,927
355,District-Bokaro,Total,12,4018,1840,2178,144,125,19,149,96,53,73,42,31,1130,539,591,116,56,60,167,79,88,70,32,38,2169,871,1298
355,District-Bokaro,Total,13,3830,1695,2135,184,160,24,195,150,45,99,60,39,1346,604,742,95,43,52,158,73,85,93,29,64,1660,576,1084
355,District-Bokaro,Total,14,5594,2595,2999,306,266,40,383,284,99,210,134,76,2053,980,1073,175,103,72,249,101,148,172,61,111,2046,666,1380
355,District-Bokaro,Total,15,8505,4181,4324,625,571,54,868,677,191,402,259,143,3052,1404,1648,345,193,152,547,241,306,233,80,153,2433,756,1677
355,District-Bokaro,Total,16,10386,5189,5197,917,816,101,1207,969,238,493,321,172,4123,1763,2360,357,224,133,593,278,315,331,120,211,2365,698,1667
355,District-Bokaro,Total,17,11438,5631,5807,1235,1098,137,1571,1193,378,624,392,232,4610,1776,2834,413,275,138,668,319,349,291,81,210,2026,497,1529
355,District-Bokaro,Total,18,20722,10139,10583,2457,2181,276,3115,2375,740,1182,706,476,7781,2681,5100,830,573,257,1388,672,716,612,210,402,3357,741,2616
355,District-Bokaro,Total,19,17238,7589,9649,2116,1860,256,2502,1811,691,941,517,424,6911,1981,4930,634,415,219,1029,443,586,481,135,346,2624,427,2197
355,District-Bokaro,Rural,5-19,97771,47296,50475,4552,3972,580,8145,5980,2165,3439,2007,1432,16765,6486,10279,2021,1190,831,4330,1841,2489,2171,686,1485,56348,25134,31214
355,District-Bokaro,Rural,5,21119,11019,10100,7,5,2,4,2,2,1,0,1,156,74,82,62,32,30,65,29,36,26,10,16,20798,10867,9931
355,District-Bokaro,Rural,6,14211,7089,7122,5,4,1,4,4,0,1,1,0,222,107,115,30,22,8,39,21,18,16,7,9,13894,6923,6971
355,District-Bokaro,Rural,7,4323,2059,2264,9,8,1,4,3,1,2,1,1,154,79,75,16,6,10,24,10,14,11,8,3,4103,1944,2159
355,District-Bokaro,Rural,8,2313,1056,1257,9,7,2,7,4,3,1,1,0,169,86,83,16,9,7,28,10,18,13,7,6,2070,932,1138
355,District-Bokaro,Rural,9,1387,612,775,7,6,1,6,4,2,5,3,2,138,70,68,4,3,1,15,6,9,17,5,12,1195,515,680
355,District-Bokaro,Rural,10,2118,935,1183,8,5,3,20,11,9,12,9,3,266,132,134,18,10,8,36,19,17,21,10,11,1737,739,998
355,District-Bokaro,Rural,11,1416,607,809,34,26,8,37,23,14,19,13,6,291,132,159,24,13,11,36,17,19,35,17,18,940,366,574
355,District-Bokaro,Rural,12,2459,1056,1403,73,63,10,110,68,42,56,32,24,614,285,329,73,34,39,139,60,79,58,25,33,1336,489,847
355,District-Bokaro,Rural,13,2325,983,1342,87,78,9,150,111,39,86,51,35,697,302,395,56,22,34,129,58,71,80,24,56,1040,337,703
355,District-Bokaro,Rural,14,3513,1570,1943,166,139,27,310,232,78,179,111,68,1128,537,591,102,57,45,200,76,124,151,47,104,1277,371,906
355,District-Bokaro,Rural,15,5509,2635,2874,324,291,33,712,544,168,344,218,126,1686,793,893,210,112,98,456,182,274,218,71,147,1559,424,1135
355,District-Bokaro,Rural,16,6634,3303,3331,527,471,56,1010,801,209,426,267,159,2150,918,1232,225,130,95,506,223,283,296,104,192,1494,389,1105
355,District-Bokaro,Rural,17,7159,3540,3619,726,649,77,1272,942,330,531,321,210,2312,912,1400,256,154,102,565,245,320,261,70,191,1236,247,989
355,District-Bokaro,Rural,18,12895,6279,6616,1400,1227,173,2516,1851,665,1002,575,427,3675,1220,2455,523,337,186,1189,526,663,546,172,374,2044,371,1673
355,District-Bokaro,Rural,19,10390,4553,5837,1170,993,177,1983,1380,603,774,404,370,3107,839,2268,406,249,157,903,359,544,422,109,313,1625,220,1405
355,District-Bokaro,Urban,5-19,64407,32533,31874,3622,3251,371,1961,1650,311,634,458,176,17142,6698,10444,1272,873,399,832,542,290,270,132,138,38674,18929,19745
355,District-Bokaro,Urban,5,13929,7382,6547,27,23,4,6,4,2,0,0,0,229,111,118,50,28,22,43,27,16,2,1,1,13572,7188,6384
355,District-Bokaro,Urban,6,11077,5889,5188,6,4,2,3,2,1,0,0,0,243,127,116,40,23,17,23,8,15,1,0,1,10761,5725,5036
355,District-Bokaro,Urban,7,3232,1667,1565,15,12,3,4,3,1,2,2,0,194,107,87,21,8,13,9,5,4,1,1,0,2986,1529,1457
355,District-Bokaro,Urban,8,1680,841,839,13,9,4,3,1,2,0,0,0,180,89,91,5,3,2,8,6,2,0,0,0,1471,733,738
355,District-Bokaro,Urban,9,1059,537,522,9,5,4,3,2,1,1,1,0,144,76,68,8,7,1,9,4,5,2,1,1,883,441,442
355,District-Bokaro,Urban,10,1544,771,773,6,4,2,2,2,0,3,2,1,234,129,105,11,2,9,11,10,1,8,3,5,1269,619,650
355,District-Bokaro,Urban,11,1039,506,533,35,28,7,13,10,3,2,1,1,281,137,144,23,15,8,17,5,12,5,0,5,663,310,353
355,District-Bokaro,Urban,12,1559,784,775,71,62,9,39,28,11,17,10,7,516,254,262,43,22,21,28,19,9,12,7,5,833,382,451
355,District-Bokaro,Urban,13,1505,712,793,97,82,15,45,39,6,13,9,4,649,302,347,39,21,18,29,15,14,13,5,8,620,239,381
355,District-Bokaro,Urban,14,2081,1025,1056,140,127,13,73,52,21,31,23,8,925,443,482,73,46,27,49,25,24,21,14,7,769,295,474
355,District-Bokaro,Urban,15,2996,1546,1450,301,280,21,156,133,23,58,41,17,1366,611,755,135,81,54,91,59,32,15,9,6,874,332,542
355,District-Bokaro,Urban,16,3752,1886,1866,390,345,45,197,168,29,67,54,13,1973,845,1128,132,94,38,87,55,32,35,16,19,871,309,562
355,District-Bokaro,Urban,17,4279,2091,2188,509,449,60,299,251,48,93,71,22,2298,864,1434,157,121,36,103,74,29,30,11,19,790,250,540
355,District-Bokaro,Urban,18,7827,3860,3967,1057,954,103,599,524,75,180,131,49,4106,1461,2645,307,236,71,199,146,53,66,38,28,1313,370,943
355,District-Bokaro,Urban,19,6848,3036,3812,946,867,79,519,431,88,167,113,54,3804,1142,2662,228,166,62,126,84,42,59,26,33,999,207,792
356,District-Lohardaga,Total,5-19,45512,22594,22918,3824,2729,1095,5674,3147,2527,1858,887,971,4012,1671,2341,1780,823,957,3181,1112,2069,1052,362,690,24131,11863,12268
356,District-Lohardaga,Total,5,9802,5053,4749,2,2,0,2,0,2,0,0,0,38,19,19,60,34,26,34,12,22,49,21,28,9617,4965,4652
356,District-Lohardaga,Total,6,7506,3711,3795,7,6,1,3,3,0,2,0,2,65,32,33,42,19,23,40,23,17,59,25,34,7288,3603,3685
356,District-Lohardaga,Total,7,2476,1209,1267,6,5,1,6,4,2,3,3,0,83,45,38,22,14,8,22,12,10,46,21,25,2288,1105,1183
356,District-Lohardaga,Total,8,1353,673,680,11,7,4,12,5,7,6,5,1,87,51,36,17,8,9,32,15,17,52,34,18,1136,548,588
356,District-Lohardaga,Total,9,784,394,390,3,2,1,3,2,1,7,4,3,95,50,45,12,7,5,21,12,9,32,10,22,611,307,304
356,District-Lohardaga,Total,10,1134,548,586,16,10,6,22,13,9,12,8,4,137,72,65,31,17,14,56,29,27,47,20,27,813,379,434
356,District-Lohardaga,Total,11,730,354,376,39,26,13,41,19,22,38,15,23,123,59,64,40,27,13,59,23,36,43,13,30,347,172,175
356,District-Lohardaga,Total,12,1207,623,584,88,66,22,130,77,53,63,29,34,210,115,95,80,38,42,143,54,89,76,27,49,417,217,200
356,District-Lohardaga,Total,13,986,479,507,86,60,26,158,79,79,67,35,32,211,102,109,58,33,25,134,50,84,53,19,34,219,101,118
356,District-Lohardaga,Total,14,1628,774,854,185,133,52,359,182,177,126,60,66,305,149,156,108,53,55,231,83,148,69,27,42,245,87,158
356,District-Lohardaga,Total,15,2423,1214,1209,348,249,99,536,296,240,207,110,97,402,196,206,161,81,80,371,129,242,96,33,63,302,120,182
356,District-Lohardaga,Total,16,3220,1622,1598,552,379,173,883,502,381,295,144,151,502,215,287,206,95,111,419,153,266,109,34,75,254,100,154
356,District-Lohardaga,Total,17,2709,1363,1346,522,383,139,782,452,330,235,106,129,425,170,255,189,93,96,342,100,242,64,18,46,150,41,109
356,District-Lohardaga,Total,18,5951,2929,3022,1213,871,342,1729,965,764,515,249,266,783,255,528,478,187,291,796,283,513,164,44,120,273,75,198
356,District-Lohardaga,Total,19,3603,1648,1955,746,530,216,1008,548,460,282,119,163,546,141,405,276,117,159,481,134,347,93,16,77,171,43,128
356,District-Lohardaga,Rural,5-19,42126,20851,21275,3425,2401,1024,5527,3043,2484,1802,851,951,3203,1404,1799,1641,730,911,3111,1072,2039,1028,350,678,22389,11000,11389
356,District-Lohardaga,Rural,5,9100,4680,4420,1,1,0,2,0,2,0,0,0,34,19,15,55,30,25,34,12,22,49,21,28,8925,4597,4328
356,District-Lohardaga,Rural,6,6965,3441,3524,3,3,0,3,3,0,2,0,2,57,27,30,38,18,20,40,23,17,57,24,33,6765,3343,3422
356,District-Lohardaga,Rural,7,2370,1159,1211,6,5,1,5,3,2,3,3,0,76,40,36,21,14,7,21,12,9,46,21,25,2192,1061,1131
356,District-Lohardaga,Rural,8,1296,640,656,11,7,4,12,5,7,6,5,1,86,51,35,17,8,9,30,14,16,52,34,18,1082,516,566
356,District-Lohardaga,Rural,9,740,370,370,3,2,1,3,2,1,7,4,3,85,44,41,12,7,5,21,12,9,31,9,22,578,290,288
356,District-Lohardaga,Rural,10,1055,508,547,14,8,6,21,12,9,12,8,4,124,65,59,29,17,12,55,28,27,47,20,27,753,350,403
356,District-Lohardaga,Rural,11,681,323,358,35,22,13,41,19,22,38,15,23,109,52,57,35,23,12,59,23,36,43,13,30,321,156,165
356,District-Lohardaga,Rural,12,1126,581,545,80,60,20,127,75,52,61,28,33,185,105,80,71,33,38,140,52,88,76,27,49,386,201,185
356,District-Lohardaga,Rural,13,892,432,460,74,52,22,155,77,78,64,34,30,179,91,88,50,26,24,130,49,81,49,17,32,191,86,105
356,District-Lohardaga,Rural,14,1480,698,782,162,115,47,352,177,175,121,57,64,248,126,122,92,43,49,226,79,147,68,27,41,211,74,137
356,District-Lohardaga,Rural,15,2248,1125,1123,312,218,94,524,286,238,204,109,95,338,173,165,147,72,75,363,125,238,93,32,61,267,110,157
356,District-Lohardaga,Rural,16,2973,1479,1494,494,332,162,857,482,375,285,136,149,416,189,227,188,80,108,414,148,266,103,31,72,216,81,135
356,District-Lohardaga,Rural,17,2474,1242,1232,469,340,129,761,438,323,227,101,126,313,127,186,178,88,90,332,94,238,63,17,46,131,37,94
356,District-Lohardaga,Rural,18,5461,2682,2779,1093,774,319,1682,935,747,501,240,261,574,193,381,446,163,283,778,272,506,158,41,117,229,64,165
356,District-Lohardaga,Rural,19,3265,1491,1774,668,462,206,982,529,453,271,111,160,379,102,277,262,108,154,468,129,339,93,16,77,142,34,108
356,District-Lohardaga,Urban,5-19,3386,1743,1643,399,328,71,147,104,43,56,36,20,809,267,542,139,93,46,70,40,30,24,12,12,1742,863,879
356,District-Lohardaga,Urban,5,702,373,329,1,1,0,0,0,0,0,0,0,4,0,4,5,4,1,0,0,0,0,0,0,692,368,324
356,District-Lohardaga,Urban,6,541,270,271,4,3,1,0,0,0,0,0,0,8,5,3,4,1,3,0,0,0,2,1,1,523,260,263
356,District-Lohardaga,Urban,7,106,50,56,0,0,0,1,1,0,0,0,0,7,5,2,1,0,1,1,0,1,0,0,0,96,44,52
356,District-Lohardaga,Urban,8,57,33,24,0,0,0,0,0,0,0,0,0,1,0,1,0,0,0,2,1,1,0,0,0,54,32,22
356,District-Lohardaga,Urban,9,44,24,20,0,0,0,0,0,0,0,0,0,10,6,4,0,0,0,0,0,0,1,1,0,33,17,16
356,District-Lohardaga,Urban,10,79,40,39,2,2,0,1,1,0,0,0,0,13,7,6,2,0,2,1,1,0,0,0,0,60,29,31
356,District-Lohardaga,Urban,11,49,31,18,4,4,0,0,0,0,0,0,0,14,7,7,5,4,1,0,0,0,0,0,0,26,16,10
356,District-Lohardaga,Urban,12,81,42,39,8,6,2,3,2,1,2,1,1,25,10,15,9,5,4,3,2,1,0,0,0,31,16,15
356,District-Lohardaga,Urban,13,94,47,47,12,8,4,3,2,1,3,1,2,32,11,21,8,7,1,4,1,3,4,2,2,28,15,13
356,District-Lohardaga,Urban,14,148,76,72,23,18,5,7,5,2,5,3,2,57,23,34,16,10,6,5,4,1,1,0,1,34,13,21
356,District-Lohardaga,Urban,15,175,89,86,36,31,5,12,10,2,3,1,2,64,23,41,14,9,5,8,4,4,3,1,2,35,10,25
356,District-Lohardaga,Urban,16,247,143,104,58,47,11,26,20,6,10,8,2,86,26,60,18,15,3,5,5,0,6,3,3,38,19,19
356,District-Lohardaga,Urban,17,235,121,114,53,43,10,21,14,7,8,5,3,112,43,69,11,5,6,10,6,4,1,1,0,19,4,15
356,District-Lohardaga,Urban,18,490,247,243,120,97,23,47,30,17,14,9,5,209,62,147,32,24,8,18,11,7,6,3,3,44,11,33
356,District-Lohardaga,Urban,19,338,157,181,78,68,10,26,19,7,11,8,3,167,39,128,14,9,5,13,5,8,0,0,0,29,9,20
357,District-Purbi Singhbhum,Total,5-19,175636,88160,87476,13069,11029,2040,12012,7830,4182,3952,2332,1620,38299,14700,23599,4683,2883,1800,6193,2563,3630,1948,689,1259,95480,46134,49346
357,District-Purbi Singhbhum,Total,5,36425,18876,17549,1,0,1,6,3,3,0,0,0,430,212,218,106,59,47,110,55,55,16,8,8,35756,18539,17217
357,District-Purbi Singhbhum,Total,6,26347,13623,12724,11,11,0,4,2,2,1,0,1,533,265,268,72,44,28,69,38,31,15,8,7,25642,13255,12387
357,District-Purbi Singhbhum,Total,7,8391,4159,4232,15,10,5,7,4,3,1,1,0,573,288,285,30,14,16,34,21,13,11,6,5,7720,3815,3905
357,District-Purbi Singhbhum,Total,8,4959,2338,2621,19,14,5,12,6,6,0,0,0,612,291,321,29,14,15,38,16,22,25,10,15,4224,1987,2237
357,District-Purbi Singhbhum,Total,9,3160,1519,1641,16,12,4,19,12,7,6,2,4,624,320,304,22,15,7,37,12,25,9,4,5,2427,1142,1285
357,District-Purbi Singhbhum,Total,10,4427,2185,2242,37,28,9,33,23,10,11,4,7,953,490,463,68,38,30,77,30,47,40,14,26,3208,1558,1650
357,District-Purbi Singhbhum,Total,11,3041,1431,1610,95,81,14,73,42,31,30,16,14,948,469,479,69,38,31,74,32,42,36,8,28,1716,745,971
357,District-Purbi Singhbhum,Total,12,4709,2240,2469,219,182,37,161,87,74,69,36,33,1604,763,841,149,81,68,191,84,107,85,28,57,2231,979,1252
357,District-Purbi Singhbhum,Total,13,4389,2139,2250,264,212,52,267,154,113,125,69,56,1675,815,860,149,84,65,180,76,104,89,25,64,1640,704,936
357,District-Purbi Singhbhum,Total,14,5962,2973,2989,497,393,104,527,326,201,214,125,89,2342,1111,1231,239,141,98,355,154,201,117,41,76,1671,682,989
357,District-Purbi Singhbhum,Total,15,9419,5062,4357,1138,931,207,1092,708,384,424,255,169,3476,1695,1781,475,293,182,642,303,339,203,86,117,1969,791,1178
357,District-Purbi Singhbhum,Total,16,11082,6001,5081,1539,1275,264,1640,1102,538,533,349,184,4210,1862,2348,583,371,212,773,337,436,249,104,145,1555,601,954
357,District-Purbi Singhbhum,Total,17,11259,5899,5360,1769,1508,261,1677,1159,518,572,375,197,4433,1696,2737,538,338,200,750,321,429,230,85,145,1290,417,873
357,District-Purbi Singhbhum,Total,18,22977,11335,11642,3982,3421,561,3623,2403,1220,1072,624,448,8421,2647,5774,1251,808,443,1631,666,965,459,153,306,2538,613,1925
357,District-Purbi Singhbhum,Total,19,19089,8380,10709,3467,2951,516,2871,1799,1072,894,476,418,7465,1776,5689,903,545,358,1232,418,814,364,109,255,1893,306,1587
357,District-Purbi Singhbhum,Rural,5-19,99361,48562,50799,5560,4423,1137,10668,6775,3893,3656,2094,1562,18523,7253,11270,2295,1185,1110,5623,2217,3406,1843,633,1210,51193,23982,27211
357,District-Purbi Singhbhum,Rural,5,19792,10073,9719,0,0,0,4,2,2,0,0,0,144,76,68,53,27,26,76,40,36,13,6,7,19502,9922,9580
357,District-Purbi Singhbhum,Rural,6,13720,6913,6807,2,2,0,3,1,2,0,0,0,176,81,95,31,21,10,38,22,16,15,8,7,13455,6778,6677
357,District-Purbi Singhbhum,Rural,7,4432,2148,2284,4,2,2,6,3,3,1,1,0,322,165,157,15,5,10,24,14,10,9,4,5,4051,1954,2097
357,District-Purbi Singhbhum,Rural,8,2688,1222,1466,3,2,1,9,5,4,0,0,0,354,165,189,15,7,8,29,10,19,24,10,14,2254,1023,1231
357,District-Purbi Singhbhum,Rural,9,1800,840,960,9,6,3,16,9,7,6,2,4,379,177,202,9,4,5,31,9,22,8,3,5,1342,630,712
357,District-Purbi Singhbhum,Rural,10,2532,1199,1333,11,10,1,28,19,9,11,4,7,575,300,275,31,12,19,61,20,41,38,13,25,1777,821,956
357,District-Purbi Singhbhum,Rural,11,1716,773,943,24,18,6,64,34,30,29,15,14,523,257,266,34,18,16,65,28,37,34,8,26,943,395,548
357,District-Purbi Singhbhum,Rural,12,2725,1229,1496,70,50,20,145,77,68,63,33,30,891,430,461,67,32,35,171,74,97,81,26,55,1237,507,730
357,District-Purbi Singhbhum,Rural,13,2616,1214,1402,110,81,29,221,121,100,112,60,52,929,467,462,73,36,37,159,60,99,82,23,59,930,366,564
357,District-Purbi Singhbhum,Rural,14,3603,1754,1849,220,157,63,466,281,185,200,114,86,1274,624,650,97,44,53,330,141,189,107,37,70,909,356,553
357,District-Purbi Singhbhum,Rural,15,5812,3036,2776,503,396,107,981,623,358,395,230,165,1829,905,924,250,139,111,583,266,317,186,77,109,1085,400,685
357,District-Purbi Singhbhum,Rural,16,6910,3645,3265,729,563,166,1483,975,508,500,319,181,2151,961,1190,280,151,129,705,298,407,235,93,142,827,285,542
357,District-Purbi Singhbhum,Rural,17,6542,3414,3128,743,608,135,1459,987,472,530,343,187,2000,800,1200,263,143,120,691,284,407,221,78,143,635,171,464
357,District-Purbi Singhbhum,Rural,18,13515,6442,7073,1698,1379,319,3240,2084,1156,983,558,425,3785,1129,2656,597,313,284,1513,593,920,437,142,295,1262,244,1018
357,District-Purbi Singhbhum,Rural,19,10958,4660,6298,1434,1149,285,2543,1554,989,826,415,411,3191,716,2475,480,233,247,1147,358,789,353,105,248,984,130,854
357,District-Purbi Singhbhum,Urban,5-19,76275,39598,36677,7509,6606,903,1344,1055,289,296,238,58,19776,7447,12329,2388,1698,690,570,346,224,105,56,49,44287,22152,22135
357,District-Purbi Singhbhum,Urban,5,16633,8803,7830,1,0,1,2,1,1,0,0,0,286,136,150,53,32,21,34,15,19,3,2,1,16254,8617,7637
357,District-Purbi Singhbhum,Urban,6,12627,6710,5917,9,9,0,1,1,0,1,0,1,357,184,173,41,23,18,31,16,15,0,0,0,12187,6477,5710
357,District-Purbi Singhbhum,Urban,7,3959,2011,1948,11,8,3,1,1,0,0,0,0,251,123,128,15,9,6,10,7,3,2,2,0,3669,1861,1808
357,District-Purbi Singhbhum,Urban,8,2271,1116,1155,16,12,4,3,1,2,0,0,0,258,126,132,14,7,7,9,6,3,1,0,1,1970,964,1006
357,District-Purbi Singhbhum,Urban,9,1360,679,681,7,6,1,3,3,0,0,0,0,245,143,102,13,11,2,6,3,3,1,1,0,1085,512,573
357,District-Purbi Singhbhum,Urban,10,1895,986,909,26,18,8,5,4,1,0,0,0,378,190,188,37,26,11,16,10,6,2,1,1,1431,737,694
357,District-Purbi Singhbhum,Urban,11,1325,658,667,71,63,8,9,8,1,1,1,0,425,212,213,35,20,15,9,4,5,2,0,2,773,350,423
357,District-Purbi Singhbhum,Urban,12,1984,1011,973,149,132,17,16,10,6,6,3,3,713,333,380,82,49,33,20,10,10,4,2,2,994,472,522
357,District-Purbi Singhbhum,Urban,13,1773,925,848,154,131,23,46,33,13,13,9,4,746,348,398,76,48,28,21,16,5,7,2,5,710,338,372
357,District-Purbi Singhbhum,Urban,14,2359,1219,1140,277,236,41,61,45,16,14,11,3,1068,487,581,142,97,45,25,13,12,10,4,6,762,326,436
357,District-Purbi Singhbhum,Urban,15,3607,2026,1581,635,535,100,111,85,26,29,25,4,1647,790,857,225,154,71,59,37,22,17,9,8,884,391,493
357,District-Purbi Singhbhum,Urban,16,4172,2356,1816,810,712,98,157,127,30,33,30,3,2059,901,1158,303,220,83,68,39,29,14,11,3,728,316,412
357,District-Purbi Singhbhum,Urban,17,4717,2485,2232,1026,900,126,218,172,46,42,32,10,2433,896,1537,275,195,80,59,37,22,9,7,2,655,246,409
357,District-Purbi Singhbhum,Urban,18,9462,4893,4569,2284,2042,242,383,319,64,89,66,23,4636,1518,3118,654,495,159,118,73,45,22,11,11,1276,369,907
357,District-Purbi Singhbhum,Urban,19,8131,3720,4411,2033,1802,231,328,245,83,68,61,7,4274,1060,3214,423,312,111,85,60,25,11,4,7,909,176,733
358,District-Palamu,Total,5-19,191725,92705,99020,6146,4993,1153,10658,7322,3336,3687,2280,1407,22928,9348,13580,5003,2804,2199,9919,4389,5530,4038,1570,2468,129346,59999,69347
358,District-Palamu,Total,5,41987,21500,20487,11,9,2,10,7,3,4,3,1,349,167,182,248,146,102,292,161,131,81,45,36,40992,20962,20030
358,District-Palamu,Total,6,32297,16228,16069,10,8,2,11,5,6,4,1,3,447,218,229,213,117,96,243,115,128,91,35,56,31278,15729,15549
358,District-Palamu,Total,7,11902,5725,6177,31,22,9,14,7,7,0,0,0,395,203,192,101,48,53,131,68,63,55,31,24,11175,5346,5829
358,District-Palamu,Total,8,9512,4437,5075,21,13,8,25,13,12,6,2,4,505,239,266,134,72,62,121,50,71,63,31,32,8637,4017,4620
358,District-Palamu,Total,9,4683,2185,2498,17,13,4,22,12,10,8,3,5,373,190,183,98,51,47,131,56,75,68,43,25,3966,1817,2149
358,District-Palamu,Total,10,7356,3478,3878,35,20,15,43,28,15,20,12,8,624,326,298,143,84,59,233,121,112,131,59,72,6127,2828,3299
358,District-Palamu,Total,11,4067,1923,2144,57,42,15,97,59,38,37,23,14,525,256,269,129,66,63,194,106,88,103,44,59,2925,1327,1598
358,District-Palamu,Total,12,6735,3015,3720,150,113,37,220,143,77,90,59,31,1096,534,562,205,108,97,432,182,250,237,85,152,4305,1791,2514
358,District-Palamu,Total,13,4574,1952,2622,115,82,33,228,147,81,100,54,46,927,409,518,171,80,91,349,146,203,171,66,105,2513,968,1545
358,District-Palamu,Total,14,6325,2865,3460,215,168,47,483,340,143,204,119,85,1502,671,831,247,143,104,538,257,281,323,134,189,2813,1033,1780
358,District-Palamu,Total,15,9893,4916,4977,525,443,82,1063,766,297,357,216,141,2415,1152,1263,465,276,189,997,523,474,464,198,266,3607,1342,2265
358,District-Palamu,Total,16,10514,5135,5379,713,588,125,1358,966,392,560,368,192,2971,1276,1695,455,266,189,1086,529,557,428,173,255,2943,969,1974
358,District-Palamu,Total,17,8553,4108,4445,766,630,136,1350,938,412,451,282,169,2299,876,1423,448,268,180,937,405,532,340,134,206,1962,575,1387
358,District-Palamu,Total,18,20278,9787,10491,2075,1738,337,3495,2448,1047,1154,741,413,5140,1871,3269,1168,667,501,2548,1085,1463,915,335,580,3783,902,2881
358,District-Palamu,Total,19,13049,5451,7598,1405,1104,301,2239,1443,796,692,397,295,3360,960,2400,778,412,366,1687,585,1102,568,157,411,2320,393,1927
358,District-Palamu,Rural,5-19,175964,84580,91384,5387,4342,1045,10069,6874,3195,3520,2144,1376,19698,8019,11679,4478,2434,2044,9507,4142,5365,3924,1494,2430,119381,55131,64250
358,District-Palamu,Rural,5,38459,19667,18792,9,7,2,10,7,3,4,3,1,300,141,159,208,119,89,260,143,117,79,43,36,37589,19204,18385
358,District-Palamu,Rural,6,29583,14846,14737,8,7,1,10,5,5,4,1,3,385,190,195,164,90,74,216,104,112,91,35,56,28705,14414,14291
358,District-Palamu,Rural,7,11031,5292,5739,24,16,8,14,7,7,0,0,0,334,173,161,85,42,43,116,60,56,54,30,24,10404,4964,5440
358,District-Palamu,Rural,8,8819,4097,4722,19,11,8,20,9,11,6,2,4,436,198,238,87,49,38,111,48,63,62,30,32,8078,3750,4328
358,District-Palamu,Rural,9,4366,2012,2354,13,11,2,20,11,9,8,3,5,327,165,162,85,41,44,118,49,69,68,43,25,3727,1689,2038
358,District-Palamu,Rural,10,6841,3210,3631,27,16,11,37,23,14,18,10,8,550,288,262,102,58,44,226,116,110,131,59,72,5750,2640,3110
358,District-Palamu,Rural,11,3752,1749,2003,45,33,12,89,55,34,34,21,13,442,217,225,119,62,57,184,98,86,101,42,59,2738,1221,1517
358,District-Palamu,Rural,12,6237,2756,3481,124,90,34,195,129,66,84,53,31,969,474,495,179,91,88,415,172,243,233,83,150,4038,1664,2374
358,District-Palamu,Rural,13,4220,1770,2450,96,67,29,211,137,74,96,52,44,809,352,457,156,72,84,334,137,197,168,64,104,2350,889,1461
358,District-Palamu,Rural,14,5832,2608,3224,192,152,40,459,321,138,195,112,83,1311,573,738,230,130,100,524,250,274,318,130,188,2603,940,1663
358,District-Palamu,Rural,15,9104,4490,4614,449,380,69,1002,725,277,341,200,141,2146,1017,1129,440,257,183,960,500,460,445,185,260,3321,1226,2095
358,District-Palamu,Rural,16,9606,4638,4968,625,516,109,1289,912,377,532,347,185,2601,1106,1495,408,230,178,1034,488,546,421,167,254,2696,872,1824
358,District-Palamu,Rural,17,7750,3692,4058,668,550,118,1274,877,397,435,267,168,1932,734,1198,411,236,175,901,384,517,328,126,202,1801,518,1283
358,District-Palamu,Rural,18,18499,8845,9654,1843,1525,318,3315,2296,1019,1104,699,405,4373,1590,2783,1077,588,489,2460,1034,1426,876,312,564,3451,801,2650
358,District-Palamu,Rural,19,11865,4908,6957,1245,961,284,2124,1360,764,659,374,285,2783,801,1982,727,369,358,1648,559,1089,549,145,404,2130,339,1791
358,District-Palamu,Urban,5-19,15761,8125,7636,759,651,108,589,448,141,167,136,31,3230,1329,1901,525,370,155,412,247,165,114,76,38,9965,4868,5097
358,District-Palamu,Urban,5,3528,1833,1695,2,2,0,0,0,0,0,0,0,49,26,23,40,27,13,32,18,14,2,2,0,3403,1758,1645
358,District-Palamu,Urban,6,2714,1382,1332,2,1,1,1,0,1,0,0,0,62,28,34,49,27,22,27,11,16,0,0,0,2573,1315,1258
358,District-Palamu,Urban,7,871,433,438,7,6,1,0,0,0,0,0,0,61,30,31,16,6,10,15,8,7,1,1,0,771,382,389
358,District-Palamu,Urban,8,693,340,353,2,2,0,5,4,1,0,0,0,69,41,28,47,23,24,10,2,8,1,1,0,559,267,292
358,District-Palamu,Urban,9,317,173,144,4,2,2,2,1,1,0,0,0,46,25,21,13,10,3,13,7,6,0,0,0,239,128,111
358,District-Palamu,Urban,10,515,268,247,8,4,4,6,5,1,2,2,0,74,38,36,41,26,15,7,5,2,0,0,0,377,188,189
358,District-Palamu,Urban,11,315,174,141,12,9,3,8,4,4,3,2,1,83,39,44,10,4,6,10,8,2,2,2,0,187,106,81
358,District-Palamu,Urban,12,498,259,239,26,23,3,25,14,11,6,6,0,127,60,67,26,17,9,17,10,7,4,2,2,267,127,140
358,District-Palamu,Urban,13,354,182,172,19,15,4,17,10,7,4,2,2,118,57,61,15,8,7,15,9,6,3,2,1,163,79,84
358,District-Palamu,Urban,14,493,257,236,23,16,7,24,19,5,9,7,2,191,98,93,17,13,4,14,7,7,5,4,1,210,93,117
358,District-Palamu,Urban,15,789,426,363,76,63,13,61,41,20,16,16,0,269,135,134,25,19,6,37,23,14,19,13,6,286,116,170
358,District-Palamu,Urban,16,908,497,411,88,72,16,69,54,15,28,21,7,370,170,200,47,36,11,52,41,11,7,6,1,247,97,150
358,District-Palamu,Urban,17,803,416,387,98,80,18,76,61,15,16,15,1,367,142,225,37,32,5,36,21,15,12,8,4,161,57,104
358,District-Palamu,Urban,18,1779,942,837,232,213,19,180,152,28,50,42,8,767,281,486,91,79,12,88,51,37,39,23,16,332,101,231
358,District-Palamu,Urban,19,1184,543,641,160,143,17,115,83,32,33,23,10,577,159,418,51,43,8,39,26,13,19,12,7,190,54,136
359,District-Latehar,Total,5-19,91765,43583,48182,3634,2657,977,7200,4368,2832,2353,1245,1108,8859,4039,4820,3188,1433,1755,7881,2866,5015,2684,880,1804,55966,26095,29871
359,District-Latehar,Total,5,17858,9041,8817,1,1,0,5,2,3,0,0,0,115,55,60,86,49,37,188,91,97,33,14,19,17430,8829,8601
359,District-Latehar,Total,6,14293,7173,7120,3,3,0,3,2,1,0,0,0,209,115,94,74,43,31,142,65,77,50,25,25,13812,6920,6892
359,District-Latehar,Total,7,5202,2548,2654,5,4,1,5,3,2,6,5,1,178,96,82,48,16,32,100,44,56,45,23,22,4815,2357,2458
359,District-Latehar,Total,8,4615,2160,2455,15,9,6,15,7,8,5,2,3,225,116,109,31,18,13,113,53,60,61,20,41,4150,1935,2215
359,District-Latehar,Total,9,2413,1122,1291,10,3,7,18,6,12,7,3,4,194,93,101,29,12,17,104,49,55,51,29,22,2000,927,1073
359,District-Latehar,Total,10,3872,1774,2098,17,12,5,35,15,20,28,15,13,383,190,193,82,43,39,160,65,95,89,39,50,3078,1395,1683
359,District-Latehar,Total,11,2097,940,1157,37,25,12,69,40,29,33,13,20,291,148,143,69,34,35,162,73,89,81,33,48,1355,574,781
359,District-Latehar,Total,12,3866,1699,2167,94,73,21,207,112,95,104,54,50,689,339,350,146,62,84,379,146,233,193,78,115,2054,835,1219
359,District-Latehar,Total,13,2694,1177,1517,123,74,49,214,123,91,109,52,57,527,256,271,102,44,58,301,115,186,154,59,95,1164,454,710
359,District-Latehar,Total,14,3968,1775,2193,195,136,59,497,283,214,196,113,83,792,385,407,184,83,101,600,231,369,242,77,165,1262,467,795
359,District-Latehar,Total,15,5352,2564,2788,375,265,110,846,526,320,320,175,145,990,505,485,374,185,189,894,372,522,280,96,184,1273,440,833
359,District-Latehar,Total,16,5835,2761,3074,494,360,134,1089,677,412,378,203,175,1109,527,582,362,174,188,973,347,626,351,122,229,1079,351,728
359,District-Latehar,Total,17,4485,2100,2385,508,376,132,899,569,330,268,152,116,823,360,463,333,133,200,792,266,526,239,68,171,623,176,447
359,District-Latehar,Total,18,9591,4456,5135,1066,812,254,2092,1320,772,553,299,254,1495,585,910,789,342,447,1867,648,1219,511,136,375,1218,314,904
359,District-Latehar,Total,19,5624,2293,3331,691,504,187,1206,683,523,346,159,187,839,269,570,479,195,284,1106,301,805,304,61,243,653,121,532
359,District-Latehar,Rural,5-19,87585,41476,46109,3449,2494,955,7051,4270,2781,2323,1223,1100,8058,3696,4362,3025,1340,1685,7727,2770,4957,2641,855,1786,53311,24828,28483
359,District-Latehar,Rural,5,17007,8591,8416,1,1,0,5,2,3,0,0,0,106,49,57,84,48,36,183,87,96,32,13,19,16596,8391,8205
359,District-Latehar,Rural,6,13610,6824,6786,2,2,0,3,2,1,0,0,0,192,105,87,71,41,30,139,64,75,50,25,25,13153,6585,6568
359,District-Latehar,Rural,7,4986,2447,2539,4,3,1,4,2,2,6,5,1,164,92,72,46,15,31,99,44,55,45,23,22,4618,2263,2355
359,District-Latehar,Rural,8,4440,2064,2376,15,9,6,13,5,8,5,2,3,211,108,103,30,18,12,112,53,59,60,19,41,3994,1850,2144
359,District-Latehar,Rural,9,2331,1081,1250,10,3,7,18,6,12,7,3,4,189,89,100,29,12,17,104,49,55,51,29,22,1923,890,1033
359,District-Latehar,Rural,10,3722,1702,2020,17,12,5,34,14,20,28,15,13,364,180,184,81,42,39,158,64,94,89,39,50,2951,1336,1615
359,District-Latehar,Rural,11,1995,891,1104,32,21,11,69,40,29,33,13,20,266,131,135,67,33,34,161,73,88,80,32,48,1287,548,739
359,District-Latehar,Rural,12,3706,1623,2083,88,67,21,200,105,95,102,53,49,657,322,335,138,59,79,370,140,230,190,76,114,1961,801,1160
359,District-Latehar,Rural,13,2590,1126,1464,118,70,48,211,122,89,108,51,57,497,242,255,100,42,58,297,112,185,151,56,95,1108,431,677
359,District-Latehar,Rural,14,3820,1701,2119,184,127,57,487,279,208,195,112,83,752,367,385,172,75,97,591,223,368,240,76,164,1199,442,757
359,District-Latehar,Rural,15,5154,2458,2696,362,253,109,835,521,314,316,173,143,925,468,457,353,174,179,877,358,519,272,94,178,1214,417,797
359,District-Latehar,Rural,16,5577,2632,2945,463,335,128,1075,669,406,374,200,174,1006,480,526,350,169,181,954,336,618,342,116,226,1013,327,686
359,District-Latehar,Rural,17,4230,1956,2274,481,351,130,872,545,327,264,148,116,723,319,404,315,118,197,768,251,517,234,65,169,573,159,414
359,District-Latehar,Rural,18,9106,4216,4890,1008,760,248,2054,1294,760,543,291,252,1298,508,790,747,321,426,1827,626,1201,507,134,373,1122,282,840
359,District-Latehar,Rural,19,5311,2164,3147,664,480,184,1171,664,507,342,157,185,708,236,472,442,173,269,1087,290,797,298,58,240,599,106,493
359,District-Latehar,Urban,5-19,4180,2107,2073,185,163,22,149,98,51,30,22,8,801,343,458,163,93,70,154,96,58,43,25,18,2655,1267,1388
359,District-Latehar,Urban,5,851,450,401,0,0,0,0,0,0,0,0,0,9,6,3,2,1,1,5,4,1,1,1,0,834,438,396
359,District-Latehar,Urban,6,683,349,334,1,1,0,0,0,0,0,0,0,17,10,7,3,2,1,3,1,2,0,0,0,659,335,324
359,District-Latehar,Urban,7,216,101,115,1,1,0,1,1,0,0,0,0,14,4,10,2,1,1,1,0,1,0,0,0,197,94,103
359,District-Latehar,Urban,8,175,96,79,0,0,0,2,2,0,0,0,0,14,8,6,1,0,1,1,0,1,1,1,0,156,85,71
359,District-Latehar,Urban,9,82,41,41,0,0,0,0,0,0,0,0,0,5,4,1,0,0,0,0,0,0,0,0,0,77,37,40
359,District-Latehar,Urban,10,150,72,78,0,0,0,1,1,0,0,0,0,19,10,9,1,1,0,2,1,1,0,0,0,127,59,68
359,District-Latehar,Urban,11,102,49,53,5,4,1,0,0,0,0,0,0,25,17,8,2,1,1,1,0,1,1,1,0,68,26,42
359,District-Latehar,Urban,12,160,76,84,6,6,0,7,7,0,2,1,1,32,17,15,8,3,5,9,6,3,3,2,1,93,34,59
359,District-Latehar,Urban,13,104,51,53,5,4,1,3,1,2,1,1,0,30,14,16,2,2,0,4,3,1,3,3,0,56,23,33
359,District-Latehar,Urban,14,148,74,74,11,9,2,10,4,6,1,1,0,40,18,22,12,8,4,9,8,1,2,1,1,63,25,38
359,District-Latehar,Urban,15,198,106,92,13,12,1,11,5,6,4,2,2,65,37,28,21,11,10,17,14,3,8,2,6,59,23,36
359,District-Latehar,Urban,16,258,129,129,31,25,6,14,8,6,4,3,1,103,47,56,12,5,7,19,11,8,9,6,3,66,24,42
359,District-Latehar,Urban,17,255,144,111,27,25,2,27,24,3,4,4,0,100,41,59,18,15,3,24,15,9,5,3,2,50,17,33
359,District-Latehar,Urban,18,485,240,245,58,52,6,38,26,12,10,8,2,197,77,120,42,21,21,40,22,18,4,2,2,96,32,64
359,District-Latehar,Urban,19,313,129,184,27,24,3,35,19,16,4,2,2,131,33,98,37,22,15,19,11,8,6,3,3,54,15,39
360,District-Hazaribagh,Total,5-19,161785,80568,81217,9353,7481,1872,13153,8020,5133,3880,1965,1915,29296,11594,17702,3378,2044,1334,5548,2278,3270,1720,577,1143,95457,46609,48848
360,District-Hazaribagh,Total,5,36455,18812,17643,4,2,2,9,8,1,0,0,0,245,137,108,147,67,80,141,73,68,55,26,29,35854,18499,17355
360,District-Hazaribagh,Total,6,27503,13932,13571,7,5,2,7,5,2,1,0,1,316,135,181,101,51,50,147,79,68,50,19,31,26874,13638,13236
360,District-Hazaribagh,Total,7,8819,4362,4457,20,8,12,14,11,3,1,0,1,629,315,314,31,15,16,65,38,27,24,15,9,8035,3960,4075
360,District-Hazaribagh,Total,8,5806,2847,2959,22,14,8,16,7,9,8,3,5,817,388,429,36,21,15,55,25,30,40,15,25,4812,2374,2438
360,District-Hazaribagh,Total,9,3141,1519,1622,20,12,8,17,7,10,5,3,2,666,331,335,21,11,10,52,27,25,38,12,26,2322,1116,1206
360,District-Hazaribagh,Total,10,4629,2268,2361,39,29,10,49,33,16,22,11,11,1043,492,551,58,31,27,86,47,39,65,30,35,3267,1595,1672
360,District-Hazaribagh,Total,11,2694,1295,1399,60,48,12,82,55,27,36,13,23,777,376,401,55,32,23,74,34,40,45,17,28,1565,720,845
360,District-Hazaribagh,Total,12,4540,2214,2326,183,135,48,212,129,83,104,54,50,1459,712,747,116,68,48,214,89,125,101,46,55,2151,981,1170
360,District-Hazaribagh,Total,13,3610,1698,1912,149,114,35,250,153,97,96,38,58,1283,632,651,106,65,41,186,75,111,85,24,61,1455,597,858
360,District-Hazaribagh,Total,14,4892,2470,2422,335,273,62,475,316,159,184,120,64,1815,856,959,138,85,53,271,126,145,117,44,73,1557,650,907
360,District-Hazaribagh,Total,15,7690,4189,3501,716,602,114,1058,721,337,382,234,148,2698,1316,1382,354,249,105,531,262,269,187,71,116,1764,734,1030
360,District-Hazaribagh,Total,16,8996,4826,4170,1005,852,153,1523,1053,470,538,320,218,3311,1430,1881,368,250,118,595,281,314,168,57,111,1488,583,905
360,District-Hazaribagh,Total,17,9102,4503,4599,1261,990,271,1820,1145,675,553,275,278,3304,1227,2077,359,240,119,600,244,356,148,40,108,1057,342,715
360,District-Hazaribagh,Total,18,19940,9781,10159,3211,2602,609,4432,2696,1736,1144,570,574,6375,2094,4281,911,554,357,1505,601,904,346,104,242,2016,560,1456
360,District-Hazaribagh,Total,19,13968,5852,8116,2321,1795,526,3189,1681,1508,806,324,482,4558,1153,3405,577,305,272,1026,277,749,251,57,194,1240,260,980
360,District-Hazaribagh,Rural,5-19,144198,71317,72881,8110,6347,1763,12650,7598,5052,3753,1861,1892,24081,9469,14612,3023,1756,1267,5363,2155,3208,1690,558,1132,85528,41573,43955
360,District-Hazaribagh,Rural,5,32695,16848,15847,4,2,2,9,8,1,0,0,0,205,111,94,131,61,70,133,69,64,55,26,29,32158,16571,15587
360,District-Hazaribagh,Rural,6,24706,12431,12275,6,4,2,7,5,2,1,0,1,272,118,154,92,46,46,140,72,68,50,19,31,24138,12167,11971
360,District-Hazaribagh,Rural,7,8018,3949,4069,20,8,12,13,10,3,1,0,1,566,279,287,31,15,16,63,37,26,23,14,9,7301,3586,3715
360,District-Hazaribagh,Rural,8,5259,2561,2698,18,10,8,14,6,8,8,3,5,704,334,370,33,19,14,52,24,28,39,14,25,4391,2151,2240
360,District-Hazaribagh,Rural,9,2827,1361,1466,18,10,8,17,7,10,5,3,2,592,294,298,20,10,10,50,27,23,38,12,26,2087,998,1089
360,District-Hazaribagh,Rural,10,4165,2043,2122,31,24,7,46,30,16,22,11,11,912,430,482,53,29,24,82,44,38,65,30,35,2954,1445,1509
360,District-Hazaribagh,Rural,11,2375,1134,1241,55,44,11,78,51,27,36,13,23,649,311,338,48,29,19,71,32,39,44,17,27,1394,637,757
360,District-Hazaribagh,Rural,12,4038,1944,2094,152,109,43,203,122,81,100,53,47,1245,601,644,103,58,45,208,88,120,98,43,55,1929,870,1059
360,District-Hazaribagh,Rural,13,3194,1486,1708,127,94,33,245,148,97,96,38,58,1077,535,542,93,56,37,178,70,108,82,23,59,1296,522,774
360,District-Hazaribagh,Rural,14,4230,2116,2114,278,227,51,455,298,157,174,112,62,1478,690,788,121,70,51,258,117,141,116,43,73,1350,559,791
360,District-Hazaribagh,Rural,15,6827,3713,3114,602,502,100,1026,694,332,371,225,146,2263,1111,1152,331,231,100,508,247,261,183,69,114,1543,634,909
360,District-Hazaribagh,Rural,16,7827,4181,3646,859,718,141,1448,989,459,507,295,212,2692,1168,1524,329,218,111,558,253,305,164,55,109,1270,485,785
360,District-Hazaribagh,Rural,17,8001,3924,4077,1100,845,255,1758,1094,664,540,264,276,2673,980,1693,306,191,115,583,232,351,143,37,106,898,281,617
360,District-Hazaribagh,Rural,18,17605,8516,9089,2811,2234,577,4256,2544,1712,1111,542,569,5078,1603,3475,813,465,348,1471,577,894,342,102,240,1723,449,1274
360,District-Hazaribagh,Rural,19,12431,5110,7321,2029,1516,513,3075,1592,1483,781,302,479,3675,904,2771,519,258,261,1008,266,742,248,54,194,1096,218,878
360,District-Hazaribagh,Urban,5-19,17587,9251,8336,1243,1134,109,503,422,81,127,104,23,5215,2125,3090,355,288,67,185,123,62,30,19,11,9929,5036,4893
360,District-Hazaribagh,Urban,5,3760,1964,1796,0,0,0,0,0,0,0,0,0,40,26,14,16,6,10,8,4,4,0,0,0,3696,1928,1768
360,District-Hazaribagh,Urban,6,2797,1501,1296,1,1,0,0,0,0,0,0,0,44,17,27,9,5,4,7,7,0,0,0,0,2736,1471,1265
360,District-Hazaribagh,Urban,7,801,413,388,0,0,0,1,1,0,0,0,0,63,36,27,0,0,0,2,1,1,1,1,0,734,374,360
360,District-Hazaribagh,Urban,8,547,286,261,4,4,0,2,1,1,0,0,0,113,54,59,3,2,1,3,1,2,1,1,0,421,223,198
360,District-Hazaribagh,Urban,9,314,158,156,2,2,0,0,0,0,0,0,0,74,37,37,1,1,0,2,0,2,0,0,0,235,118,117
360,District-Hazaribagh,Urban,10,464,225,239,8,5,3,3,3,0,0,0,0,131,62,69,5,2,3,4,3,1,0,0,0,313,150,163
360,District-Hazaribagh,Urban,11,319,161,158,5,4,1,4,4,0,0,0,0,128,65,63,7,3,4,3,2,1,1,0,1,171,83,88
360,District-Hazaribagh,Urban,12,502,270,232,31,26,5,9,7,2,4,1,3,214,111,103,13,10,3,6,1,5,3,3,0,222,111,111
360,District-Hazaribagh,Urban,13,416,212,204,22,20,2,5,5,0,0,0,0,206,97,109,13,9,4,8,5,3,3,1,2,159,75,84
360,District-Hazaribagh,Urban,14,662,354,308,57,46,11,20,18,2,10,8,2,337,166,171,17,15,2,13,9,4,1,1,0,207,91,116
360,District-Hazaribagh,Urban,15,863,476,387,114,100,14,32,27,5,11,9,2,435,205,230,23,18,5,23,15,8,4,2,2,221,100,121
360,District-Hazaribagh,Urban,16,1169,645,524,146,134,12,75,64,11,31,25,6,619,262,357,39,32,7,37,28,9,4,2,2,218,98,120
360,District-Hazaribagh,Urban,17,1101,579,522,161,145,16,62,51,11,13,11,2,631,247,384,53,49,4,17,12,5,5,3,2,159,61,98
360,District-Hazaribagh,Urban,18,2335,1265,1070,400,368,32,176,152,24,33,28,5,1297,491,806,98,89,9,34,24,10,4,2,2,293,111,182
360,District-Hazaribagh,Urban,19,1537,742,795,292,279,13,114,89,25,25,22,3,883,249,634,58,47,11,18,11,7,3,3,0,144,42,102
361,District-Ramgarh,Total,5-19,74236,38013,36223,6239,5342,897,3505,2450,1055,1202,759,443,17276,6962,10314,1836,1117,719,1365,710,655,504,209,295,42309,20464,21845
361,District-Ramgarh,Total,5,16189,8372,7817,5,4,1,1,0,1,0,0,0,98,48,50,53,36,17,17,9,8,3,1,2,16012,8274,7738
361,District-Ramgarh,Total,6,11885,6203,5682,0,0,0,2,1,1,0,0,0,128,67,61,42,23,19,16,12,4,4,0,4,11693,6100,5593
361,District-Ramgarh,Total,7,3631,1792,1839,3,1,2,4,3,1,0,0,0,136,73,63,13,10,3,6,4,2,8,6,2,3461,1695,1766
361,District-Ramgarh,Total,8,1852,912,940,10,8,2,4,4,0,0,0,0,174,80,94,14,5,9,11,7,4,4,3,1,1635,805,830
361,District-Ramgarh,Total,9,1159,531,628,6,4,2,3,1,2,1,0,1,142,68,74,11,6,5,9,3,6,2,2,0,985,447,538
361,District-Ramgarh,Total,10,1748,912,836,9,5,4,11,7,4,1,0,1,246,124,122,22,17,5,13,10,3,8,4,4,1438,745,693
361,District-Ramgarh,Total,11,1042,520,522,41,30,11,14,8,6,11,7,4,245,124,121,27,13,14,19,9,10,5,1,4,680,328,352
361,District-Ramgarh,Total,12,1610,834,776,112,100,12,47,31,16,19,11,8,556,290,266,57,37,20,51,26,25,16,13,3,752,326,426
361,District-Ramgarh,Total,13,1414,730,684,126,106,20,50,34,16,41,26,15,526,270,256,61,30,31,42,19,23,16,10,6,552,235,317
361,District-Ramgarh,Total,14,2100,1111,989,213,182,31,120,97,23,44,25,19,947,462,485,74,42,32,94,56,38,21,12,9,587,235,352
361,District-Ramgarh,Total,15,3607,1931,1676,444,379,65,269,200,69,96,58,38,1539,732,807,195,120,75,150,95,55,57,23,34,857,324,533
361,District-Ramgarh,Total,16,4762,2541,2221,672,565,107,441,329,112,155,94,61,2235,1015,1220,212,139,73,141,70,71,66,31,35,840,298,542
361,District-Ramgarh,Total,17,4748,2418,2330,748,637,111,501,355,146,172,117,55,2219,884,1335,221,133,88,165,71,94,77,33,44,645,188,457
361,District-Ramgarh,Total,18,10692,5441,5251,2042,1766,276,1177,828,349,376,248,128,4750,1727,3023,501,315,186,387,204,183,136,40,96,1323,313,1010
361,District-Ramgarh,Total,19,7797,3765,4032,1808,1555,253,861,552,309,286,173,113,3335,998,2337,333,191,142,244,115,129,81,30,51,849,151,698
361,District-Ramgarh,Rural,5-19,44327,22345,21982,3606,2912,694,2847,1894,953,993,591,402,8810,3509,5301,1248,659,589,1044,490,554,403,149,254,25376,12141,13235
361,District-Ramgarh,Rural,5,10055,5170,4885,2,1,1,1,0,1,0,0,0,47,24,23,30,22,8,15,8,7,3,1,2,9957,5114,4843
361,District-Ramgarh,Rural,6,6956,3592,3364,0,0,0,2,1,1,0,0,0,59,34,25,28,15,13,10,6,4,4,0,4,6853,3536,3317
361,District-Ramgarh,Rural,7,2221,1078,1143,2,0,2,4,3,1,0,0,0,80,41,39,8,6,2,6,4,2,8,6,2,2113,1018,1095
361,District-Ramgarh,Rural,8,1129,569,560,4,4,0,3,3,0,0,0,0,90,46,44,10,5,5,7,4,3,3,3,0,1012,504,508
361,District-Ramgarh,Rural,9,707,321,386,3,2,1,3,1,2,1,0,1,72,37,35,6,3,3,7,2,5,2,2,0,613,274,339
361,District-Ramgarh,Rural,10,1042,520,522,6,4,2,9,7,2,1,0,1,139,64,75,10,6,4,9,8,1,7,3,4,861,428,433
361,District-Ramgarh,Rural,11,575,279,296,20,15,5,14,8,6,10,6,4,120,58,62,12,7,5,14,5,9,4,1,3,381,179,202
361,District-Ramgarh,Rural,12,886,470,416,59,52,7,35,23,12,17,10,7,292,165,127,34,22,12,38,16,22,13,10,3,398,172,226
361,District-Ramgarh,Rural,13,799,416,383,66,55,11,41,27,14,37,24,13,257,142,115,33,12,21,36,17,19,14,8,6,315,131,184
361,District-Ramgarh,Rural,14,1196,636,560,127,104,23,96,76,20,35,19,16,478,239,239,53,24,29,72,38,34,13,6,7,322,130,192
361,District-Ramgarh,Rural,15,2135,1120,1015,264,220,44,213,151,62,85,50,35,835,393,442,112,61,51,118,69,49,44,13,31,464,163,301
361,District-Ramgarh,Rural,16,2852,1526,1326,433,353,80,364,270,94,128,70,58,1161,530,631,136,78,58,99,42,57,55,24,31,476,159,317
361,District-Ramgarh,Rural,17,2848,1418,1430,495,408,87,398,263,135,140,91,49,1131,419,712,165,81,84,123,43,80,55,19,36,341,94,247
361,District-Ramgarh,Rural,18,6423,3189,3234,1199,974,225,950,629,321,298,183,115,2415,865,1550,361,195,166,300,146,154,112,31,81,788,166,622
361,District-Ramgarh,Rural,19,4503,2041,2462,926,720,206,714,432,282,241,138,103,1634,452,1182,250,122,128,190,82,108,66,22,44,482,73,409
361,District-Ramgarh,Urban,5-19,29909,15668,14241,2633,2430,203,658,556,102,209,168,41,8466,3453,5013,588,458,130,321,220,101,101,60,41,16933,8323,8610
361,District-Ramgarh,Urban,5,6134,3202,2932,3,3,0,0,0,0,0,0,0,51,24,27,23,14,9,2,1,1,0,0,0,6055,3160,2895
361,District-Ramgarh,Urban,6,4929,2611,2318,0,0,0,0,0,0,0,0,0,69,33,36,14,8,6,6,6,0,0,0,0,4840,2564,2276
361,District-Ramgarh,Urban,7,1410,714,696,1,1,0,0,0,0,0,0,0,56,32,24,5,4,1,0,0,0,0,0,0,1348,677,671
361,District-Ramgarh,Urban,8,723,343,380,6,4,2,1,1,0,0,0,0,84,34,50,4,0,4,4,3,1,1,0,1,623,301,322
361,District-Ramgarh,Urban,9,452,210,242,3,2,1,0,0,0,0,0,0,70,31,39,5,3,2,2,1,1,0,0,0,372,173,199
361,District-Ramgarh,Urban,10,706,392,314,3,1,2,2,0,2,0,0,0,107,60,47,12,11,1,4,2,2,1,1,0,577,317,260
361,District-Ramgarh,Urban,11,467,241,226,21,15,6,0,0,0,1,1,0,125,66,59,15,6,9,5,4,1,1,0,1,299,149,150
361,District-Ramgarh,Urban,12,724,364,360,53,48,5,12,8,4,2,1,1,264,125,139,23,15,8,13,10,3,3,3,0,354,154,200
361,District-Ramgarh,Urban,13,615,314,301,60,51,9,9,7,2,4,2,2,269,128,141,28,18,10,6,2,4,2,2,0,237,104,133
361,District-Ramgarh,Urban,14,904,475,429,86,78,8,24,21,3,9,6,3,469,223,246,21,18,3,22,18,4,8,6,2,265,105,160
361,District-Ramgarh,Urban,15,1472,811,661,180,159,21,56,49,7,11,8,3,704,339,365,83,59,24,32,26,6,13,10,3,393,161,232
361,District-Ramgarh,Urban,16,1910,1015,895,239,212,27,77,59,18,27,24,3,1074,485,589,76,61,15,42,28,14,11,7,4,364,139,225
361,District-Ramgarh,Urban,17,1900,1000,900,253,229,24,103,92,11,32,26,6,1088,465,623,56,52,4,42,28,14,22,14,8,304,94,210
361,District-Ramgarh,Urban,18,4269,2252,2017,843,792,51,227,199,28,78,65,13,2335,862,1473,140,120,20,87,58,29,24,9,15,535,147,388
361,District-Ramgarh,Urban,19,3294,1724,1570,882,835,47,147,120,27,45,35,10,1701,546,1155,83,69,14,54,33,21,15,8,7,367,78,289
362,District-Dumka,Total,5-19,145991,72002,73989,8181,6108,2073,15608,9646,5962,5039,2744,2295,16720,6645,10075,5233,2757,2476,11468,4572,6896,3782,1353,2429,79960,38177,41783
362,District-Dumka,Total,5,28312,14601,13711,9,5,4,8,7,1,2,0,2,229,127,102,198,93,105,271,129,142,47,13,34,27548,14227,13321
362,District-Dumka,Total,6,20823,10458,10365,10,6,4,12,7,5,3,2,1,321,140,181,166,86,80,228,119,109,65,32,33,20018,10066,9952
362,District-Dumka,Total,7,8344,4031,4313,16,6,10,20,8,12,1,1,0,308,170,138,83,46,37,158,71,87,46,20,26,7712,3709,4003
362,District-Dumka,Total,8,5962,2872,3090,29,15,14,22,9,13,10,5,5,370,188,182,81,47,34,167,94,73,80,41,39,5203,2473,2730
362,District-Dumka,Total,9,3259,1565,1694,19,11,8,29,20,9,7,4,3,297,139,158,68,41,27,136,62,74,43,18,25,2660,1270,1390
362,District-Dumka,Total,10,4716,2323,2393,43,25,18,54,34,20,37,14,23,533,265,268,113,68,45,262,125,137,120,55,65,3554,1737,1817
362,District-Dumka,Total,11,2821,1313,1508,88,56,32,154,92,62,56,30,26,452,210,242,161,71,90,243,99,144,84,38,46,1583,717,866
362,District-Dumka,Total,12,5301,2526,2775,187,133,54,405,236,169,199,93,106,1004,502,502,228,126,102,530,235,295,275,111,164,2473,1090,1383
362,District-Dumka,Total,13,3824,1819,2005,193,140,53,418,255,163,187,89,98,920,422,498,196,111,85,417,176,241,189,84,105,1304,542,762
362,District-Dumka,Total,14,5730,2762,2968,432,323,109,898,528,370,398,202,196,1442,686,756,270,138,132,693,294,399,277,107,170,1320,484,836
362,District-Dumka,Total,15,8972,4868,4104,847,653,194,1743,1166,577,662,385,277,1923,907,1016,552,350,202,1129,537,592,477,202,275,1639,668,971
362,District-Dumka,Total,16,9604,5105,4499,1090,837,253,2237,1484,753,668,400,268,2052,874,1178,595,354,241,1324,600,724,407,155,252,1231,401,830
362,District-Dumka,Total,17,7727,3972,3755,1020,773,247,1966,1269,697,601,366,235,1469,532,937,458,239,219,1092,436,656,332,116,216,789,241,548
362,District-Dumka,Total,18,18463,8845,9618,2569,1951,618,4633,2841,1792,1389,758,631,3157,968,2189,1252,638,614,2890,1066,1824,784,237,547,1789,386,1403
362,District-Dumka,Total,19,12133,4942,7191,1629,1174,455,3009,1690,1319,819,395,424,2243,515,1728,812,349,463,1928,529,1399,556,124,432,1137,166,971
362,District-Dumka,Rural,5-19,139740,68821,70919,7757,5734,2023,15367,9471,5896,4991,2704,2287,15297,6132,9165,5085,2655,2430,11315,4488,6827,3755,1335,2420,76173,36302,39871
362,District-Dumka,Rural,5,26920,13849,13071,9,5,4,8,7,1,2,0,2,216,118,98,194,93,101,264,126,138,47,13,34,26180,13487,12693
362,District-Dumka,Rural,6,19722,9906,9816,10,6,4,12,7,5,3,2,1,294,133,161,156,81,75,222,115,107,65,32,33,18960,9530,9430
362,District-Dumka,Rural,7,8025,3861,4164,16,6,10,20,8,12,1,1,0,285,157,128,82,45,37,158,71,87,44,19,25,7419,3554,3865
362,District-Dumka,Rural,8,5751,2772,2979,28,15,13,21,9,12,10,5,5,351,176,175,81,47,34,166,93,73,80,41,39,5014,2386,2628
362,District-Dumka,Rural,9,3153,1508,1645,17,9,8,29,20,9,7,4,3,283,134,149,67,41,26,136,62,74,43,18,25,2571,1220,1351
362,District-Dumka,Rural,10,4546,2245,2301,43,25,18,54,34,20,37,14,23,511,256,255,112,67,45,258,124,134,117,54,63,3414,1671,1743
362,District-Dumka,Rural,11,2732,1269,1463,84,52,32,153,91,62,56,30,26,429,203,226,159,69,90,240,98,142,84,38,46,1527,688,839
362,District-Dumka,Rural,12,5109,2424,2685,180,127,53,401,233,168,197,91,106,951,471,480,219,119,100,521,231,290,271,107,164,2369,1045,1324
362,District-Dumka,Rural,13,3674,1754,1920,186,135,51,406,249,157,186,88,98,855,398,457,193,108,85,412,173,239,188,84,104,1248,519,729
362,District-Dumka,Rural,14,5544,2670,2874,405,302,103,887,520,367,393,199,194,1364,650,714,264,133,131,684,292,392,276,106,170,1271,468,803
362,District-Dumka,Rural,15,8646,4678,3968,792,604,188,1714,1141,573,658,382,276,1799,853,946,530,340,190,1114,526,588,472,197,275,1567,635,932
362,District-Dumka,Rural,16,9187,4893,4294,1035,789,246,2207,1465,742,662,396,266,1868,801,1067,573,336,237,1295,581,714,406,155,251,1141,370,771
362,District-Dumka,Rural,17,7388,3793,3595,966,726,240,1932,1244,688,593,359,234,1318,478,840,445,228,217,1075,427,648,329,114,215,730,217,513
362,District-Dumka,Rural,18,17713,8470,9243,2441,1833,608,4560,2786,1774,1373,744,629,2805,857,1948,1214,611,603,2859,1048,1811,780,235,545,1681,356,1325
362,District-Dumka,Rural,19,11630,4729,6901,1545,1100,445,2963,1657,1306,813,389,424,1968,447,1521,796,337,459,1911,521,1390,553,122,431,1081,156,925
362,District-Dumka,Urban,5-19,6251,3181,3070,424,374,50,241,175,66,48,40,8,1423,513,910,148,102,46,153,84,69,27,18,9,3787,1875,1912
362,District-Dumka,Urban,5,1392,752,640,0,0,0,0,0,0,0,0,0,13,9,4,4,0,4,7,3,4,0,0,0,1368,740,628
362,District-Dumka,Urban,6,1101,552,549,0,0,0,0,0,0,0,0,0,27,7,20,10,5,5,6,4,2,0,0,0,1058,536,522
362,District-Dumka,Urban,7,319,170,149,0,0,0,0,0,0,0,0,0,23,13,10,1,1,0,0,0,0,2,1,1,293,155,138
362,District-Dumka,Urban,8,211,100,111,1,0,1,1,0,1,0,0,0,19,12,7,0,0,0,1,1,0,0,0,0,189,87,102
362,District-Dumka,Urban,9,106,57,49,2,2,0,0,0,0,0,0,0,14,5,9,1,0,1,0,0,0,0,0,0,89,50,39
362,District-Dumka,Urban,10,170,78,92,0,0,0,0,0,0,0,0,0,22,9,13,1,1,0,4,1,3,3,1,2,140,66,74
362,District-Dumka,Urban,11,89,44,45,4,4,0,1,1,0,0,0,0,23,7,16,2,2,0,3,1,2,0,0,0,56,29,27
362,District-Dumka,Urban,12,192,102,90,7,6,1,4,3,1,2,2,0,53,31,22,9,7,2,9,4,5,4,4,0,104,45,59
362,District-Dumka,Urban,13,150,65,85,7,5,2,12,6,6,1,1,0,65,24,41,3,3,0,5,3,2,1,0,1,56,23,33
362,District-Dumka,Urban,14,186,92,94,27,21,6,11,8,3,5,3,2,78,36,42,6,5,1,9,2,7,1,1,0,49,16,33
362,District-Dumka,Urban,15,326,190,136,55,49,6,29,25,4,4,3,1,124,54,70,22,10,12,15,11,4,5,5,0,72,33,39
362,District-Dumka,Urban,16,417,212,205,55,48,7,30,19,11,6,4,2,184,73,111,22,18,4,29,19,10,1,0,1,90,31,59
362,District-Dumka,Urban,17,339,179,160,54,47,7,34,25,9,8,7,1,151,54,97,13,11,2,17,9,8,3,2,1,59,24,35
362,District-Dumka,Urban,18,750,375,375,128,118,10,73,55,18,16,14,2,352,111,241,38,27,11,31,18,13,4,2,2,108,30,78
362,District-Dumka,Urban,19,503,213,290,84,74,10,46,33,13,6,6,0,275,68,207,16,12,4,17,8,9,3,2,1,56,10,46
363,District-Jamtara,Total,5-19,96897,47808,49089,4323,3345,978,9131,6273,2858,2863,1666,1197,15984,6350,9634,2682,1516,1166,5963,2872,3091,2017,713,1304,53934,25073,28861
363,District-Jamtara,Total,5,17377,9002,8375,2,2,0,9,7,2,1,1,0,167,91,76,199,94,105,236,125,111,34,17,17,16729,8665,8064
363,District-Jamtara,Total,6,13614,6836,6778,4,3,1,3,2,1,1,1,0,189,84,105,154,88,66,173,97,76,26,12,14,13064,6549,6515
363,District-Jamtara,Total,7,5000,2415,2585,22,7,15,8,4,4,5,3,2,289,141,148,68,34,34,84,33,51,20,6,14,4504,2187,2317
363,District-Jamtara,Total,8,4038,1884,2154,29,13,16,13,10,3,2,0,2,365,168,197,53,26,27,76,35,41,35,14,21,3465,1618,1847
363,District-Jamtara,Total,9,2241,1050,1191,27,14,13,18,8,10,6,3,3,280,117,163,31,14,17,52,27,25,15,7,8,1812,860,952
363,District-Jamtara,Total,10,3529,1634,1895,42,23,19,40,20,20,11,6,5,541,245,296,60,36,24,109,63,46,52,26,26,2674,1215,1459
363,District-Jamtara,Total,11,1932,967,965,50,36,14,64,40,24,38,19,19,432,223,209,68,40,28,113,62,51,30,14,16,1137,533,604
363,District-Jamtara,Total,12,3632,1705,1927,124,91,33,192,123,69,73,41,32,986,467,519,126,68,58,236,116,120,100,35,65,1795,764,1031
363,District-Jamtara,Total,13,3049,1358,1691,136,93,43,241,149,92,103,43,60,952,409,543,92,54,38,192,95,97,88,31,57,1245,484,761
363,District-Jamtara,Total,14,4397,2101,2296,214,151,63,533,353,180,223,132,91,1412,622,790,164,97,67,382,193,189,150,54,96,1319,499,820
363,District-Jamtara,Total,15,6291,3335,2956,462,347,115,1006,676,330,371,239,132,1856,882,974,261,150,111,667,368,299,222,97,125,1446,576,870
363,District-Jamtara,Total,16,6732,3577,3155,530,410,120,1274,940,334,422,277,145,1980,858,1122,308,177,131,692,362,330,257,110,147,1269,443,826
363,District-Jamtara,Total,17,5269,2711,2558,534,428,106,1149,824,325,369,212,157,1555,578,977,214,134,80,541,270,271,194,70,124,713,195,518
363,District-Jamtara,Total,18,11886,5808,6078,1258,1024,234,2847,1982,865,753,450,303,2858,911,1947,564,313,251,1480,682,798,484,136,348,1642,310,1332
363,District-Jamtara,Total,19,7910,3425,4485,889,703,186,1734,1135,599,485,239,246,2122,554,1568,320,191,129,930,344,586,310,84,226,1120,175,945
363,District-Jamtara,Rural,5-19,90053,44256,45797,3828,2928,900,8805,6004,2801,2777,1602,1175,14010,5636,8374,2486,1384,1102,5831,2779,3052,1989,699,1290,50327,23224,27103
363,District-Jamtara,Rural,5,16066,8312,7754,2,2,0,9,7,2,1,1,0,153,85,68,182,88,94,226,121,105,34,17,17,15459,7991,7468
363,District-Jamtara,Rural,6,12594,6301,6293,2,1,1,3,2,1,1,1,0,179,79,100,145,83,62,171,95,76,26,12,14,12067,6028,6039
363,District-Jamtara,Rural,7,4658,2214,2444,20,5,15,7,3,4,5,3,2,261,128,133,62,28,34,82,33,49,20,6,14,4201,2008,2193
363,District-Jamtara,Rural,8,3867,1792,2075,28,13,15,13,10,3,2,0,2,337,158,179,50,25,25,74,34,40,35,14,21,3328,1538,1790
363,District-Jamtara,Rural,9,2102,973,1129,23,13,10,16,8,8,6,3,3,249,104,145,30,14,16,51,26,25,15,7,8,1712,798,914
363,District-Jamtara,Rural,10,3360,1552,1808,37,21,16,36,18,18,11,6,5,494,232,262,59,35,24,108,62,46,52,26,26,2563,1152,1411
363,District-Jamtara,Rural,11,1818,911,907,45,33,12,63,39,24,38,19,19,379,197,182,67,40,27,111,61,50,29,14,15,1086,508,578
363,District-Jamtara,Rural,12,3443,1607,1836,111,79,32,189,122,67,69,37,32,902,431,471,118,63,55,233,114,119,99,34,65,1722,727,995
363,District-Jamtara,Rural,13,2861,1260,1601,118,79,39,230,140,90,101,42,59,862,372,490,86,52,34,190,93,97,85,29,56,1189,453,736
363,District-Jamtara,Rural,14,4136,1968,2168,192,136,56,519,341,178,219,129,90,1281,568,713,152,88,64,372,186,186,149,54,95,1252,466,786
363,District-Jamtara,Rural,15,5883,3109,2774,421,314,107,968,641,327,361,230,131,1673,799,874,241,138,103,651,360,291,218,94,124,1350,533,817
363,District-Jamtara,Rural,16,6246,3306,2940,464,353,111,1222,899,323,412,269,143,1728,755,973,283,157,126,678,351,327,254,108,146,1205,414,791
363,District-Jamtara,Rural,17,4800,2473,2327,460,368,92,1111,790,321,356,204,152,1312,496,816,191,121,70,522,255,267,191,68,123,657,171,486
363,District-Jamtara,Rural,18,10952,5347,5605,1110,894,216,2755,1903,852,720,423,297,2408,777,1631,523,280,243,1448,657,791,477,135,342,1511,278,1233
363,District-Jamtara,Rural,19,7267,3131,4136,795,617,178,1664,1081,583,475,235,240,1792,455,1337,297,172,125,914,331,583,305,81,224,1025,159,866
363,District-Jamtara,Urban,5-19,6844,3552,3292,495,417,78,326,269,57,86,64,22,1974,714,1260,196,132,64,132,93,39,28,14,14,3607,1849,1758
363,District-Jamtara,Urban,5,1311,690,621,0,0,0,0,0,0,0,0,0,14,6,8,17,6,11,10,4,6,0,0,0,1270,674,596
363,District-Jamtara,Urban,6,1020,535,485,2,2,0,0,0,0,0,0,0,10,5,5,9,5,4,2,2,0,0,0,0,997,521,476
363,District-Jamtara,Urban,7,342,201,141,2,2,0,1,1,0,0,0,0,28,13,15,6,6,0,2,0,2,0,0,0,303,179,124
363,District-Jamtara,Urban,8,171,92,79,1,0,1,0,0,0,0,0,0,28,10,18,3,1,2,2,1,1,0,0,0,137,80,57
363,District-Jamtara,Urban,9,139,77,62,4,1,3,2,0,2,0,0,0,31,13,18,1,0,1,1,1,0,0,0,0,100,62,38
363,District-Jamtara,Urban,10,169,82,87,5,2,3,4,2,2,0,0,0,47,13,34,1,1,0,1,1,0,0,0,0,111,63,48
363,District-Jamtara,Urban,11,114,56,58,5,3,2,1,1,0,0,0,0,53,26,27,1,0,1,2,1,1,1,0,1,51,25,26
363,District-Jamtara,Urban,12,189,98,91,13,12,1,3,1,2,4,4,0,84,36,48,8,5,3,3,2,1,1,1,0,73,37,36
363,District-Jamtara,Urban,13,188,98,90,18,14,4,11,9,2,2,1,1,90,37,53,6,2,4,2,2,0,3,2,1,56,31,25
363,District-Jamtara,Urban,14,261,133,128,22,15,7,14,12,2,4,3,1,131,54,77,12,9,3,10,7,3,1,0,1,67,33,34
363,District-Jamtara,Urban,15,408,226,182,41,33,8,38,35,3,10,9,1,183,83,100,20,12,8,16,8,8,4,3,1,96,43,53
363,District-Jamtara,Urban,16,486,271,215,66,57,9,52,41,11,10,8,2,252,103,149,25,20,5,14,11,3,3,2,1,64,29,35
363,District-Jamtara,Urban,17,469,238,231,74,60,14,38,34,4,13,8,5,243,82,161,23,13,10,19,15,4,3,2,1,56,24,32
363,District-Jamtara,Urban,18,934,461,473,148,130,18,92,79,13,33,27,6,450,134,316,41,33,8,32,25,7,7,1,6,131,32,99
363,District-Jamtara,Urban,19,643,294,349,94,86,8,70,54,16,10,4,6,330,99,231,23,19,4,16,13,3,5,3,2,95,16,79
364,District-Ranchi,Total,5-19,216112,108394,107718,21518,15374,6144,15948,9180,6768,4079,2136,1943,40525,16869,23656,9182,4425,4757,7914,3079,4835,2040,736,1304,114906,56595,58311
364,District-Ranchi,Total,5,45000,23371,21629,49,36,13,23,9,14,5,0,5,498,262,236,373,206,167,357,189,168,86,37,49,43609,22632,20977
364,District-Ranchi,Total,6,33355,16955,16400,23,15,8,18,10,8,5,5,0,661,319,342,289,144,145,295,140,155,74,36,38,31990,16286,15704
364,District-Ranchi,Total,7,10911,5445,5466,61,37,24,27,13,14,7,2,5,677,359,318,175,95,80,142,74,68,48,22,26,9774,4843,4931
364,District-Ranchi,Total,8,5999,3047,2952,65,45,20,47,33,14,13,6,7,678,352,326,115,60,55,147,72,75,41,20,21,4893,2459,2434
364,District-Ranchi,Total,9,4179,2028,2151,83,40,43,44,22,22,17,9,8,637,295,342,111,57,54,112,43,69,47,22,25,3128,1540,1588
364,District-Ranchi,Total,10,5624,2833,2791,118,70,48,71,35,36,29,17,12,1012,538,474,183,92,91,177,90,87,58,22,36,3976,1969,2007
364,District-Ranchi,Total,11,3922,1956,1966,259,163,96,169,94,75,61,27,34,993,501,492,207,92,115,158,74,84,63,18,45,2012,987,1025
364,District-Ranchi,Total,12,5681,2836,2845,487,341,146,325,169,156,114,61,53,1722,856,866,358,158,200,350,140,210,118,46,72,2207,1065,1142
364,District-Ranchi,Total,13,5284,2651,2633,605,408,197,406,225,181,134,62,72,1805,888,917,323,166,157,297,127,170,90,35,55,1624,740,884
364,District-Ranchi,Total,14,7621,3896,3725,1017,723,294,791,447,344,254,143,111,2592,1278,1314,560,278,282,521,211,310,142,50,92,1744,766,978
364,District-Ranchi,Total,15,11924,6145,5779,1997,1444,553,1620,968,652,472,259,213,3770,1748,2022,990,488,502,775,297,478,229,90,139,2071,851,1220
364,District-Ranchi,Total,16,13726,6983,6743,2566,1872,694,1981,1155,826,537,259,278,4655,2070,2585,984,492,492,848,331,517,232,80,152,1923,724,1199
364,District-Ranchi,Total,17,14565,7341,7224,3109,2242,867,2343,1359,984,607,322,285,4814,1985,2829,1031,492,539,868,321,547,209,73,136,1584,547,1037
364,District-Ranchi,Total,18,27171,13507,13664,6196,4532,1664,4538,2729,1809,1088,613,475,8876,3205,5671,1950,960,990,1632,583,1049,358,122,236,2533,763,1770
364,District-Ranchi,Total,19,21150,9400,11750,4883,3406,1477,3545,1912,1633,736,351,385,7135,2213,4922,1533,645,888,1235,387,848,245,63,182,1838,423,1415
364,District-Ranchi,Rural,5-19,146426,72465,73961,14850,10136,4714,13692,7663,6029,3633,1826,1807,21632,9083,12549,7009,3136,3873,6931,2535,4396,1782,603,1179,76897,37483,39414
364,District-Ranchi,Rural,5,30833,15871,14962,30,20,10,21,9,12,3,0,3,234,124,110,283,149,134,273,142,131,83,36,47,29906,15391,14515
364,District-Ranchi,Rural,6,22365,11271,11094,10,5,5,13,7,6,5,5,0,342,163,179,218,110,108,235,113,122,64,30,34,21478,10838,10640
364,District-Ranchi,Rural,7,7526,3744,3782,40,23,17,19,9,10,6,2,4,390,205,185,137,77,60,115,57,58,43,19,24,6776,3352,3424
364,District-Ranchi,Rural,8,4129,2045,2084,41,27,14,36,24,12,12,5,7,403,206,197,90,46,44,121,53,68,37,18,19,3389,1666,1723
364,District-Ranchi,Rural,9,2823,1329,1494,60,25,35,34,15,19,14,7,7,356,167,189,92,47,45,97,37,60,45,22,23,2125,1009,1116
364,District-Ranchi,Rural,10,3694,1852,1842,87,51,36,59,28,31,25,15,10,597,313,284,140,68,72,147,77,70,52,19,33,2587,1281,1306
364,District-Ranchi,Rural,11,2576,1258,1318,181,105,76,147,81,66,58,25,33,560,287,273,158,69,89,138,64,74,58,16,42,1276,611,665
364,District-Ranchi,Rural,12,3766,1830,1936,291,191,100,266,137,129,101,52,49,1008,508,500,273,120,153,311,121,190,112,45,67,1404,656,748
364,District-Ranchi,Rural,13,3500,1718,1782,385,252,133,348,192,156,121,56,65,1061,537,524,244,117,127,264,107,157,79,29,50,998,428,570
364,District-Ranchi,Rural,14,5254,2618,2636,687,470,217,692,375,317,223,123,100,1568,780,788,424,204,220,480,186,294,126,41,85,1054,439,615
364,District-Ranchi,Rural,15,8304,4229,4075,1391,982,409,1416,835,581,431,228,203,2179,1034,1145,741,334,407,694,249,445,194,69,125,1258,498,760
364,District-Ranchi,Rural,16,9467,4679,4788,1812,1284,528,1713,968,745,490,229,261,2595,1107,1488,736,350,386,761,279,482,193,60,133,1167,402,765
364,District-Ranchi,Rural,17,9892,4846,5046,2183,1508,675,1992,1111,881,533,270,263,2508,999,1509,768,334,434,780,274,506,171,56,115,957,294,663
364,District-Ranchi,Rural,18,18475,9102,9373,4349,3039,1310,3914,2306,1608,955,511,444,4548,1634,2914,1501,664,837,1416,460,956,308,94,214,1484,394,1090
364,District-Ranchi,Rural,19,13822,6073,7749,3303,2154,1149,3022,1566,1456,656,298,358,3283,1019,2264,1204,447,757,1099,316,783,217,49,168,1038,224,814
364,District-Ranchi,Urban,5-19,69686,35929,33757,6668,5238,1430,2256,1517,739,446,310,136,18893,7786,11107,2173,1289,884,983,544,439,258,133,125,38009,19112,18897
364,District-Ranchi,Urban,5,14167,7500,6667,19,16,3,2,0,2,2,0,2,264,138,126,90,57,33,84,47,37,3,1,2,13703,7241,6462
364,District-Ranchi,Urban,6,10990,5684,5306,13,10,3,5,3,2,0,0,0,319,156,163,71,34,37,60,27,33,10,6,4,10512,5448,5064
364,District-Ranchi,Urban,7,3385,1701,1684,21,14,7,8,4,4,1,0,1,287,154,133,38,18,20,27,17,10,5,3,2,2998,1491,1507
364,District-Ranchi,Urban,8,1870,1002,868,24,18,6,11,9,2,1,1,0,275,146,129,25,14,11,26,19,7,4,2,2,1504,793,711
364,District-Ranchi,Urban,9,1356,699,657,23,15,8,10,7,3,3,2,1,281,128,153,19,10,9,15,6,9,2,0,2,1003,531,472
364,District-Ranchi,Urban,10,1930,981,949,31,19,12,12,7,5,4,2,2,415,225,190,43,24,19,30,13,17,6,3,3,1389,688,701
364,District-Ranchi,Urban,11,1346,698,648,78,58,20,22,13,9,3,2,1,433,214,219,49,23,26,20,10,10,5,2,3,736,376,360
364,District-Ranchi,Urban,12,1915,1006,909,196,150,46,59,32,27,13,9,4,714,348,366,85,38,47,39,19,20,6,1,5,803,409,394
364,District-Ranchi,Urban,13,1784,933,851,220,156,64,58,33,25,13,6,7,744,351,393,79,49,30,33,20,13,11,6,5,626,312,314
364,District-Ranchi,Urban,14,2367,1278,1089,330,253,77,99,72,27,31,20,11,1024,498,526,136,74,62,41,25,16,16,9,7,690,327,363
364,District-Ranchi,Urban,15,3620,1916,1704,606,462,144,204,133,71,41,31,10,1591,714,877,249,154,95,81,48,33,35,21,14,813,353,460
364,District-Ranchi,Urban,16,4259,2304,1955,754,588,166,268,187,81,47,30,17,2060,963,1097,248,142,106,87,52,35,39,20,19,756,322,434
364,District-Ranchi,Urban,17,4673,2495,2178,926,734,192,351,248,103,74,52,22,2306,986,1320,263,158,105,88,47,41,38,17,21,627,253,374
364,District-Ranchi,Urban,18,8696,4405,4291,1847,1493,354,624,423,201,133,102,31,4328,1571,2757,449,296,153,216,123,93,50,28,22,1049,369,680
364,District-Ranchi,Urban,19,7328,3327,4001,1580,1252,328,523,346,177,80,53,27,3852,1194,2658,329,198,131,136,71,65,28,14,14,800,199,601
365,District-Khunti,Total,5-19,58949,28286,30663,5177,3274,1903,4832,2687,2145,1248,622,626,7198,3342,3856,4165,1775,2390,3556,1206,2350,1084,375,709,31689,15005,16684
365,District-Khunti,Total,5,10103,5123,4980,5,3,2,4,2,2,2,1,1,50,26,24,143,72,71,72,27,45,45,25,20,9782,4967,4815
365,District-Khunti,Total,6,7983,4049,3934,7,3,4,7,3,4,5,2,3,86,42,44,130,66,64,58,27,31,45,19,26,7645,3887,3758
365,District-Khunti,Total,7,3828,1852,1976,20,11,9,5,2,3,3,2,1,210,96,114,104,50,54,54,21,33,40,19,21,3392,1651,1741
365,District-Khunti,Total,8,2889,1368,1521,22,10,12,13,6,7,10,7,3,289,159,130,92,45,47,78,34,44,53,25,28,2332,1082,1250
365,District-Khunti,Total,9,1812,881,931,31,18,13,14,2,12,17,12,5,267,135,132,88,47,41,69,29,40,34,15,19,1292,623,669
365,District-Khunti,Total,10,2523,1212,1311,52,35,17,48,26,22,23,9,14,419,224,195,137,55,82,117,49,68,58,26,32,1669,788,881
365,District-Khunti,Total,11,1573,711,862,89,50,39,38,19,19,24,14,10,321,169,152,110,43,67,119,39,80,50,12,38,822,365,457
365,District-Khunti,Total,12,2471,1103,1368,150,79,71,151,89,62,51,28,23,580,287,293,212,90,122,208,71,137,80,33,47,1039,426,613
365,District-Khunti,Total,13,1946,822,1124,181,99,82,166,71,95,64,32,32,453,220,233,179,61,118,168,62,106,68,24,44,667,253,414
365,District-Khunti,Total,14,2498,1143,1355,337,210,127,308,162,146,84,44,40,580,283,297,250,108,142,249,83,166,76,24,52,614,229,385
365,District-Khunti,Total,15,3639,1799,1840,545,360,185,584,342,242,150,80,70,737,366,371,448,213,235,404,158,246,104,33,71,667,247,420
365,District-Khunti,Total,16,3627,1736,1891,623,429,194,682,381,301,168,73,95,697,321,376,460,203,257,386,139,247,89,31,58,522,159,363
365,District-Khunti,Total,17,3168,1575,1593,642,400,242,598,379,219,154,75,79,628,301,327,399,193,206,350,112,238,79,25,54,318,90,228
365,District-Khunti,Total,18,6662,3102,3560,1450,941,509,1354,739,615,288,158,130,1167,482,685,862,348,514,776,238,538,161,40,121,604,156,448
365,District-Khunti,Total,19,4227,1810,2417,1023,626,397,860,464,396,205,85,120,714,231,483,551,181,370,448,117,331,102,24,78,324,82,242
365,District-Khunti,Rural,5-19,55946,26774,29172,4928,3078,1850,4710,2608,2102,1194,588,606,6491,3041,3450,4072,1722,2350,3483,1173,2310,1044,362,682,30024,14202,15822
365,District-Khunti,Rural,5,9534,4819,4715,5,3,2,4,2,2,2,1,1,46,24,22,140,71,69,70,27,43,44,24,20,9223,4667,4556
365,District-Khunti,Rural,6,7506,3804,3702,7,3,4,7,3,4,5,2,3,80,39,41,127,65,62,57,26,31,45,19,26,7178,3647,3531
365,District-Khunti,Rural,7,3663,1774,1889,20,11,9,5,2,3,3,2,1,194,88,106,102,49,53,54,21,33,40,19,21,3245,1582,1663
365,District-Khunti,Rural,8,2784,1322,1462,21,10,11,13,6,7,8,5,3,271,151,120,92,45,47,75,33,42,51,25,26,2253,1047,1206
365,District-Khunti,Rural,9,1741,845,896,30,17,13,13,2,11,16,11,5,250,125,125,87,46,41,67,28,39,32,15,17,1246,601,645
365,District-Khunti,Rural,10,2409,1151,1258,50,34,16,45,24,21,17,6,11,394,208,186,133,53,80,113,48,65,55,24,31,1602,754,848
365,District-Khunti,Rural,11,1486,666,820,86,48,38,37,19,18,22,12,10,291,153,138,107,41,66,114,35,79,48,12,36,781,346,435
365,District-Khunti,Rural,12,2370,1053,1317,142,74,68,149,87,62,50,27,23,538,268,270,208,87,121,205,68,137,72,30,42,1006,412,594
365,District-Khunti,Rural,13,1845,775,1070,172,94,78,158,69,89,57,29,28,412,201,211,176,59,117,162,57,105,65,23,42,643,243,400
365,District-Khunti,Rural,14,2361,1076,1285,318,199,119,298,157,141,79,39,40,532,257,275,248,107,141,243,81,162,69,22,47,574,214,360
365,District-Khunti,Rural,15,3477,1712,1765,516,337,179,572,333,239,148,78,70,674,333,341,438,208,230,398,156,242,102,33,69,629,234,395
365,District-Khunti,Rural,16,3440,1638,1802,586,397,189,665,368,297,162,70,92,633,294,339,444,197,247,377,136,241,85,30,55,488,146,342
365,District-Khunti,Rural,17,3030,1500,1530,611,374,237,582,368,214,150,73,77,572,277,295,392,188,204,346,112,234,79,25,54,298,83,215
365,District-Khunti,Rural,18,6299,2927,3372,1375,879,496,1321,720,601,275,151,124,1015,432,583,833,327,506,759,230,529,157,37,120,564,151,413
365,District-Khunti,Rural,19,4001,1712,2289,989,598,391,841,448,393,200,82,118,589,191,398,545,179,366,443,115,328,100,24,76,294,75,219
365,District-Khunti,Urban,5-19,3003,1512,1491,249,196,53,122,79,43,54,34,20,707,301,406,93,53,40,73,33,40,40,13,27,1665,803,862
365,District-Khunti,Urban,5,569,304,265,0,0,0,0,0,0,0,0,0,4,2,2,3,1,2,2,0,2,1,1,0,559,300,259
365,District-Khunti,Urban,6,477,245,232,0,0,0,0,0,0,0,0,0,6,3,3,3,1,2,1,1,0,0,0,0,467,240,227
365,District-Khunti,Urban,7,165,78,87,0,0,0,0,0,0,0,0,0,16,8,8,2,1,1,0,0,0,0,0,0,147,69,78
365,District-Khunti,Urban,8,105,46,59,1,0,1,0,0,0,2,2,0,18,8,10,0,0,0,3,1,2,2,0,2,79,35,44
365,District-Khunti,Urban,9,71,36,35,1,1,0,1,0,1,1,1,0,17,10,7,1,1,0,2,1,1,2,0,2,46,22,24
365,District-Khunti,Urban,10,114,61,53,2,1,1,3,2,1,6,3,3,25,16,9,4,2,2,4,1,3,3,2,1,67,34,33
365,District-Khunti,Urban,11,87,45,42,3,2,1,1,0,1,2,2,0,30,16,14,3,2,1,5,4,1,2,0,2,41,19,22
365,District-Khunti,Urban,12,101,50,51,8,5,3,2,2,0,1,1,0,42,19,23,4,3,1,3,3,0,8,3,5,33,14,19
365,District-Khunti,Urban,13,101,47,54,9,5,4,8,2,6,7,3,4,41,19,22,3,2,1,6,5,1,3,1,2,24,10,14
365,District-Khunti,Urban,14,137,67,70,19,11,8,10,5,5,5,5,0,48,26,22,2,1,1,6,2,4,7,2,5,40,15,25
365,District-Khunti,Urban,15,162,87,75,29,23,6,12,9,3,2,2,0,63,33,30,10,5,5,6,2,4,2,0,2,38,13,25
365,District-Khunti,Urban,16,187,98,89,37,32,5,17,13,4,6,3,3,64,27,37,16,6,10,9,3,6,4,1,3,34,13,21
365,District-Khunti,Urban,17,138,75,63,31,26,5,16,11,5,4,2,2,56,24,32,7,5,2,4,0,4,0,0,0,20,7,13
365,District-Khunti,Urban,18,363,175,188,75,62,13,33,19,14,13,7,6,152,50,102,29,21,8,17,8,9,4,3,1,40,5,35
365,District-Khunti,Urban,19,226,98,128,34,28,6,19,16,3,5,3,2,125,40,85,6,2,4,5,2,3,2,0,2,30,7,23
366,District-Gumla,Total,5-19,104444,50921,53523,9579,6183,3396,8852,4658,4194,2314,1120,1194,9813,4433,5380,5739,2537,3202,5943,2098,3845,2003,713,1290,60201,29179,31022
366,District-Gumla,Total,5,21502,10994,10508,9,5,4,5,4,1,1,0,1,115,66,49,143,71,72,136,62,74,90,45,45,21003,10741,10262
366,District-Gumla,Total,6,16728,8358,8370,10,5,5,5,3,2,4,1,3,190,101,89,156,79,77,120,61,59,89,49,40,16154,8059,8095
366,District-Gumla,Total,7,6979,3376,3603,12,7,5,9,7,2,6,3,3,193,102,91,95,54,41,104,49,55,89,36,53,6471,3118,3353
366,District-Gumla,Total,8,4524,2229,2295,26,14,12,23,16,7,14,7,7,251,126,125,100,41,59,107,47,60,88,43,45,3915,1935,1980
366,District-Gumla,Total,9,2917,1444,1473,33,17,16,20,12,8,12,5,7,229,121,108,98,40,58,77,36,41,79,30,49,2369,1183,1186
366,District-Gumla,Total,10,3669,1762,1907,61,36,25,50,23,27,28,17,11,399,191,208,145,65,80,144,64,80,92,46,46,2750,1320,1430
366,District-Gumla,Total,11,2091,988,1103,104,55,49,91,41,50,36,20,16,333,158,175,143,67,76,147,68,79,72,28,44,1165,551,614
366,District-Gumla,Total,12,3405,1594,1811,283,173,110,232,126,106,86,45,41,648,325,323,291,144,147,299,112,187,169,65,104,1397,604,793
366,District-Gumla,Total,13,2601,1180,1421,269,167,102,248,123,125,88,39,49,588,291,297,212,95,117,273,96,177,108,37,71,815,332,483
366,District-Gumla,Total,14,3897,1923,1974,589,395,194,536,286,250,191,97,94,791,395,396,389,182,207,434,159,275,161,69,92,806,340,466
366,District-Gumla,Total,15,5861,2918,2943,1036,694,342,1010,561,449,295,153,142,1149,599,550,655,314,341,664,255,409,202,57,145,850,285,565
366,District-Gumla,Total,16,6200,2989,3211,1322,859,463,1246,689,557,313,152,161,1066,451,615,623,294,329,727,256,471,206,63,143,697,225,472
366,District-Gumla,Total,17,5526,2640,2886,1208,772,436,1194,633,561,306,151,155,985,425,560,572,248,324,621,209,412,127,30,97,513,172,341
366,District-Gumla,Total,18,11274,5420,5854,2762,1831,931,2564,1381,1183,561,265,296,1734,708,1026,1286,529,757,1293,419,874,262,75,187,812,212,600
366,District-Gumla,Total,19,7270,3106,4164,1855,1153,702,1619,753,866,373,165,208,1142,374,768,831,314,517,797,205,592,169,40,129,484,102,382
366,District-Gumla,Rural,5-19,100865,49007,51858,9208,5870,3338,8722,4566,4156,2277,1102,1175,8782,4004,4778,5653,2479,3174,5894,2071,3823,1991,705,1286,58338,28210,30128
366,District-Gumla,Rural,5,20755,10595,10160,8,4,4,5,4,1,1,0,1,102,61,41,142,70,72,133,61,72,90,45,45,20274,10350,9924
366,District-Gumla,Rural,6,16225,8099,8126,10,5,5,5,3,2,4,1,3,181,95,86,154,78,76,117,58,59,89,49,40,15665,7810,7855
366,District-Gumla,Rural,7,6820,3292,3528,12,7,5,9,7,2,6,3,3,183,96,87,95,54,41,102,48,54,89,36,53,6324,3041,3283
366,District-Gumla,Rural,8,4458,2193,2265,25,13,12,23,16,7,14,7,7,235,122,113,100,41,59,107,47,60,88,43,45,3866,1904,1962
366,District-Gumla,Rural,9,2857,1407,1450,33,17,16,19,11,8,12,5,7,219,116,103,98,40,58,76,36,40,79,30,49,2321,1152,1169
366,District-Gumla,Rural,10,3584,1714,1870,60,36,24,50,23,27,28,17,11,372,176,196,142,65,77,144,64,80,92,46,46,2696,1287,1409
366,District-Gumla,Rural,11,2019,951,1068,102,54,48,89,40,49,36,20,16,301,143,158,143,67,76,143,65,78,72,28,44,1133,534,599
366,District-Gumla,Rural,12,3322,1546,1776,272,165,107,228,122,106,86,45,41,619,309,310,290,144,146,299,112,187,169,65,104,1359,584,775
366,District-Gumla,Rural,13,2517,1142,1375,262,163,99,245,120,125,88,39,49,547,275,272,212,95,117,268,94,174,108,37,71,787,319,468
366,District-Gumla,Rural,14,3761,1848,1913,563,375,188,528,279,249,189,96,93,737,372,365,383,178,205,430,157,273,159,67,92,772,324,448
366,District-Gumla,Rural,15,5662,2794,2868,994,658,336,996,549,447,291,150,141,1058,551,507,645,307,338,657,251,406,201,57,144,820,271,549
366,District-Gumla,Rural,16,5938,2836,3102,1274,817,457,1223,674,549,309,149,160,952,400,552,608,283,325,719,252,467,202,61,141,651,200,451
366,District-Gumla,Rural,17,5271,2505,2766,1161,727,434,1175,623,552,304,150,154,846,371,475,562,240,322,618,207,411,127,30,97,478,157,321
366,District-Gumla,Rural,18,10780,5162,5618,2659,1748,911,2532,1356,1176,548,261,287,1484,610,874,1258,508,750,1288,417,871,259,72,187,752,190,562
366,District-Gumla,Rural,19,6896,2923,3973,1773,1081,692,1595,739,856,361,159,202,946,307,639,821,309,512,793,202,591,167,39,128,440,87,353
366,District-Gumla,Urban,5-19,3579,1914,1665,371,313,58,130,92,38,37,18,19,1031,429,602,86,58,28,49,27,22,12,8,4,1863,969,894
366,District-Gumla,Urban,5,747,399,348,1,1,0,0,0,0,0,0,0,13,5,8,1,1,0,3,1,2,0,0,0,729,391,338
366,District-Gumla,Urban,6,503,259,244,0,0,0,0,0,0,0,0,0,9,6,3,2,1,1,3,3,0,0,0,0,489,249,240
366,District-Gumla,Urban,7,159,84,75,0,0,0,0,0,0,0,0,0,10,6,4,0,0,0,2,1,1,0,0,0,147,77,70
366,District-Gumla,Urban,8,66,36,30,1,1,0,0,0,0,0,0,0,16,4,12,0,0,0,0,0,0,0,0,0,49,31,18
366,District-Gumla,Urban,9,60,37,23,0,0,0,1,1,0,0,0,0,10,5,5,0,0,0,1,0,1,0,0,0,48,31,17
366,District-Gumla,Urban,10,85,48,37,1,0,1,0,0,0,0,0,0,27,15,12,3,0,3,0,0,0,0,0,0,54,33,21
366,District-Gumla,Urban,11,72,37,35,2,1,1,2,1,1,0,0,0,32,15,17,0,0,0,4,3,1,0,0,0,32,17,15
366,District-Gumla,Urban,12,83,48,35,11,8,3,4,4,0,0,0,0,29,16,13,1,0,1,0,0,0,0,0,0,38,20,18
366,District-Gumla,Urban,13,84,38,46,7,4,3,3,3,0,0,0,0,41,16,25,0,0,0,5,2,3,0,0,0,28,13,15
366,District-Gumla,Urban,14,136,75,61,26,20,6,8,7,1,2,1,1,54,23,31,6,4,2,4,2,2,2,2,0,34,16,18
366,District-Gumla,Urban,15,199,124,75,42,36,6,14,12,2,4,3,1,91,48,43,10,7,3,7,4,3,1,0,1,30,14,16
366,District-Gumla,Urban,16,262,153,109,48,42,6,23,15,8,4,3,1,114,51,63,15,11,4,8,4,4,4,2,2,46,25,21
366,District-Gumla,Urban,17,255,135,120,47,45,2,19,10,9,2,1,1,139,54,85,10,8,2,3,2,1,0,0,0,35,15,20
366,District-Gumla,Urban,18,494,258,236,103,83,20,32,25,7,13,4,9,250,98,152,28,21,7,5,2,3,3,3,0,60,22,38
366,District-Gumla,Urban,19,374,183,191,82,72,10,24,14,10,12,6,6,196,67,129,10,5,5,4,3,1,2,1,1,44,15,29
367,District-Simdega,Total,5-19,68722,35000,33722,4897,3425,1472,6501,3464,3037,1652,774,878,9734,4639,5095,2438,1411,1027,3657,1480,2177,977,404,573,38866,19403,19463
367,District-Simdega,Total,5,12155,6271,5884,3,2,1,3,1,2,1,0,1,76,38,38,51,25,26,72,39,33,19,8,11,11930,6158,5772
367,District-Simdega,Total,6,9784,5013,4771,4,2,2,5,2,3,0,0,0,101,43,58,44,20,24,50,24,26,31,11,20,9549,4911,4638
367,District-Simdega,Total,7,4392,2212,2180,8,4,4,9,5,4,2,0,2,324,169,155,16,6,10,50,22,28,25,11,14,3958,1995,1963
367,District-Simdega,Total,8,3443,1670,1773,6,3,3,17,7,10,12,2,10,407,191,216,31,22,9,36,13,23,41,21,20,2893,1411,1482
367,District-Simdega,Total,9,2087,1075,1012,11,7,4,18,9,9,6,3,3,334,160,174,17,10,7,47,27,20,38,23,15,1616,836,780
367,District-Simdega,Total,10,2948,1503,1445,27,7,20,30,14,16,24,9,15,588,315,273,43,29,14,104,47,57,54,27,27,2078,1055,1023
367,District-Simdega,Total,11,1709,813,896,46,30,16,71,28,43,32,15,17,445,223,222,35,21,14,87,35,52,39,15,24,954,446,508
367,District-Simdega,Total,12,2805,1405,1400,133,84,49,171,77,94,60,33,27,763,382,381,113,69,44,194,73,121,91,45,46,1280,642,638
367,District-Simdega,Total,13,2162,1090,1072,131,84,47,164,87,77,81,40,41,647,328,319,96,50,46,170,74,96,56,28,28,817,399,418
367,District-Simdega,Total,14,2904,1447,1457,247,162,85,379,188,191,133,65,68,825,410,415,177,104,73,251,104,147,81,35,46,811,379,432
367,District-Simdega,Total,15,4160,2173,1987,516,372,144,727,382,345,212,119,93,1073,543,530,290,168,122,449,188,261,98,41,57,795,360,435
367,District-Simdega,Total,16,4425,2195,2230,674,463,211,905,482,423,238,103,135,1055,471,584,317,188,129,412,174,238,110,36,74,714,278,436
367,District-Simdega,Total,17,3748,2010,1738,652,504,148,932,521,411,214,90,124,840,397,443,252,142,110,378,162,216,73,31,42,407,163,244
367,District-Simdega,Total,18,7365,3826,3539,1496,1052,444,1873,1039,834,419,197,222,1357,597,760,603,359,244,822,304,518,146,47,99,649,231,418
367,District-Simdega,Total,19,4635,2297,2338,943,649,294,1197,622,575,218,98,120,899,372,527,353,198,155,535,194,341,75,25,50,415,139,276
367,District-Simdega,Rural,5-19,65761,33451,32310,4621,3207,1414,6368,3374,2994,1630,765,865,8949,4300,4649,2317,1316,1001,3590,1450,2140,963,395,568,37323,18644,18679
367,District-Simdega,Rural,5,11599,5986,5613,3,2,1,3,1,2,1,0,1,73,38,35,51,25,26,72,39,33,18,8,10,11378,5873,5505
367,District-Simdega,Rural,6,9316,4784,4532,3,2,1,5,2,3,0,0,0,92,38,54,42,19,23,49,24,25,31,11,20,9094,4688,4406
367,District-Simdega,Rural,7,4287,2154,2133,8,4,4,9,5,4,2,0,2,311,162,149,16,6,10,50,22,28,25,11,14,3866,1944,1922
367,District-Simdega,Rural,8,3377,1635,1742,6,3,3,16,7,9,12,2,10,393,185,208,31,22,9,36,13,23,41,21,20,2842,1382,1460
367,District-Simdega,Rural,9,2041,1054,987,11,7,4,18,9,9,5,3,2,323,152,171,16,9,7,47,27,20,38,23,15,1583,824,759
367,District-Simdega,Rural,10,2864,1460,1404,24,6,18,30,14,16,24,9,15,564,301,263,43,29,14,103,47,56,54,27,27,2022,1027,995
367,District-Simdega,Rural,11,1642,778,864,45,29,16,70,27,43,32,15,17,422,212,210,33,19,14,87,35,52,38,14,24,915,427,488
367,District-Simdega,Rural,12,2701,1347,1354,129,80,49,170,76,94,60,33,27,716,357,359,106,64,42,189,71,118,91,45,46,1240,621,619
367,District-Simdega,Rural,13,2074,1047,1027,123,81,42,157,84,73,79,39,40,607,311,296,91,46,45,167,73,94,56,28,28,794,385,409
367,District-Simdega,Rural,14,2777,1380,1397,232,151,81,372,184,188,133,65,68,764,381,383,167,96,71,246,102,144,80,34,46,783,367,416
367,District-Simdega,Rural,15,3974,2070,1904,487,352,135,713,373,340,207,117,90,1000,505,495,279,160,119,440,186,254,96,39,57,752,338,414
367,District-Simdega,Rural,16,4217,2087,2130,649,442,207,887,471,416,236,102,134,953,426,527,301,177,124,405,168,237,107,36,71,679,265,414
367,District-Simdega,Rural,17,3551,1888,1663,606,464,142,910,506,404,214,90,124,766,361,405,236,129,107,368,157,211,70,29,41,381,152,229
367,District-Simdega,Rural,18,6976,3625,3351,1417,987,430,1832,1010,822,411,195,216,1188,541,647,575,337,238,802,293,509,143,44,99,608,218,390
367,District-Simdega,Rural,19,4365,2156,2209,878,597,281,1176,605,571,214,95,119,777,330,447,330,178,152,529,193,336,75,25,50,386,133,253
367,District-Simdega,Urban,5-19,2961,1549,1412,276,218,58,133,90,43,22,9,13,785,339,446,121,95,26,67,30,37,14,9,5,1543,759,784
367,District-Simdega,Urban,5,556,285,271,0,0,0,0,0,0,0,0,0,3,0,3,0,0,0,0,0,0,1,0,1,552,285,267
367,District-Simdega,Urban,6,468,229,239,1,0,1,0,0,0,0,0,0,9,5,4,2,1,1,1,0,1,0,0,0,455,223,232
367,District-Simdega,Urban,7,105,58,47,0,0,0,0,0,0,0,0,0,13,7,6,0,0,0,0,0,0,0,0,0,92,51,41
367,District-Simdega,Urban,8,66,35,31,0,0,0,1,0,1,0,0,0,14,6,8,0,0,0,0,0,0,0,0,0,51,29,22
367,District-Simdega,Urban,9,46,21,25,0,0,0,0,0,0,1,0,1,11,8,3,1,1,0,0,0,0,0,0,0,33,12,21
367,District-Simdega,Urban,10,84,43,41,3,1,2,0,0,0,0,0,0,24,14,10,0,0,0,1,0,1,0,0,0,56,28,28
367,District-Simdega,Urban,11,67,35,32,1,1,0,1,1,0,0,0,0,23,11,12,2,2,0,0,0,0,1,1,0,39,19,20
367,District-Simdega,Urban,12,104,58,46,4,4,0,1,1,0,0,0,0,47,25,22,7,5,2,5,2,3,0,0,0,40,21,19
367,District-Simdega,Urban,13,88,43,45,8,3,5,7,3,4,2,1,1,40,17,23,5,4,1,3,1,2,0,0,0,23,14,9
367,District-Simdega,Urban,14,127,67,60,15,11,4,7,4,3,0,0,0,61,29,32,10,8,2,5,2,3,1,1,0,28,12,16
367,District-Simdega,Urban,15,186,103,83,29,20,9,14,9,5,5,2,3,73,38,35,11,8,3,9,2,7,2,2,0,43,22,21
367,District-Simdega,Urban,16,208,108,100,25,21,4,18,11,7,2,1,1,102,45,57,16,11,5,7,6,1,3,0,3,35,13,22
367,District-Simdega,Urban,17,197,122,75,46,40,6,22,15,7,0,0,0,74,36,38,16,13,3,10,5,5,3,2,1,26,11,15
367,District-Simdega,Urban,18,389,201,188,79,65,14,41,29,12,8,2,6,169,56,113,28,22,6,20,11,9,3,3,0,41,13,28
367,District-Simdega,Urban,19,270,141,129,65,52,13,21,17,4,4,3,1,122,42,80,23,20,3,6,1,5,0,0,0,29,6,23
368,District-Pashchimi Singhbhum,Total,5-19,223610,107379,116231,12585,9121,3464,18145,10373,7772,5512,2968,2544,25119,11816,13303,11843,5620,6223,20728,7585,13143,7454,2593,4861,122224,57303,64921
368,District-Pashchimi Singhbhum,Total,5,34892,17742,17150,9,6,3,2,2,0,4,2,2,167,84,83,111,54,57,160,69,91,85,41,44,34354,17484,16870
368,District-Pashchimi Singhbhum,Total,6,27914,13877,14037,6,4,2,7,4,3,8,5,3,275,142,133,140,63,77,187,85,102,137,61,76,27154,13513,13641
368,District-Pashchimi Singhbhum,Total,7,14105,6806,7299,16,11,5,20,6,14,7,2,5,619,305,314,123,65,58,181,87,94,181,77,104,12958,6253,6705
368,District-Pashchimi Singhbhum,Total,8,10917,5179,5738,26,15,11,42,23,19,21,12,9,832,451,381,186,92,94,308,141,167,229,99,130,9273,4346,4927
368,District-Pashchimi Singhbhum,Total,9,7934,3704,4230,32,25,7,61,31,30,26,14,12,835,418,417,158,88,70,277,115,162,253,108,145,6292,2905,3387
368,District-Pashchimi Singhbhum,Total,10,10418,4857,5561,93,62,31,175,90,85,74,44,30,1201,600,601,313,175,138,586,259,327,438,175,263,7538,3452,4086
368,District-Pashchimi Singhbhum,Total,11,6711,3032,3679,125,81,44,221,115,106,98,45,53,1169,583,586,298,158,140,540,203,337,319,128,191,3941,1719,2222
368,District-Pashchimi Singhbhum,Total,12,10081,4602,5479,295,188,107,581,283,298,263,118,145,1912,983,929,553,272,281,1175,457,718,585,228,357,4717,2073,2644
368,District-Pashchimi Singhbhum,Total,13,8494,3870,4624,385,261,124,650,333,317,286,151,135,1891,933,958,549,271,278,1038,401,637,504,188,316,3191,1332,1859
368,District-Pashchimi Singhbhum,Total,14,10827,5104,5723,760,536,224,1338,718,620,528,271,257,2302,1176,1126,869,415,454,1577,618,959,605,226,379,2848,1144,1704
368,District-Pashchimi Singhbhum,Total,15,14265,7072,7193,1319,968,351,2213,1261,952,758,462,296,2764,1428,1336,1370,698,672,2405,951,1454,822,299,523,2614,1005,1609
368,District-Pashchimi Singhbhum,Total,16,14772,7268,7504,1732,1236,496,2637,1523,1114,829,453,376,2722,1389,1333,1429,680,749,2500,937,1563,772,256,516,2151,794,1357
368,District-Pashchimi Singhbhum,Total,17,12371,6160,6211,1800,1341,459,2389,1440,949,678,364,314,2212,1033,1179,1228,574,654,2149,805,1344,581,179,402,1334,424,910
368,District-Pashchimi Singhbhum,Total,18,23458,11084,12374,3475,2559,916,4629,2739,1890,1149,625,524,3537,1432,2105,2685,1242,1443,4532,1589,2943,1166,339,827,2285,559,1726
368,District-Pashchimi Singhbhum,Total,19,16451,7022,9429,2512,1828,684,3180,1805,1375,783,400,383,2681,859,1822,1831,773,1058,3113,868,2245,777,189,588,1574,300,1274
368,District-Pashchimi Singhbhum,Rural,5-19,205722,98260,107462,11050,7826,3224,17693,10029,7664,5312,2838,2474,20140,9691,10449,11328,5289,6039,20423,7419,13004,7307,2529,4778,112469,52639,59830
368,District-Pashchimi Singhbhum,Rural,5,31574,16036,15538,8,5,3,2,2,0,4,2,2,151,76,75,109,53,56,157,69,88,85,41,44,31058,15788,15270
368,District-Pashchimi Singhbhum,Rural,6,25431,12597,12834,6,4,2,7,4,3,7,4,3,244,127,117,135,60,75,184,85,99,136,61,75,24712,12252,12460
368,District-Pashchimi Singhbhum,Rural,7,13303,6409,6894,14,10,4,18,5,13,6,2,4,549,275,274,120,65,55,180,86,94,179,77,102,12237,5889,6348
368,District-Pashchimi Singhbhum,Rural,8,10403,4934,5469,26,15,11,41,23,18,18,10,8,736,404,332,185,92,93,306,141,165,225,96,129,8866,4153,4713
368,District-Pashchimi Singhbhum,Rural,9,7501,3489,4012,31,24,7,60,30,30,25,13,12,744,373,371,151,82,69,277,115,162,250,107,143,5963,2745,3218
368,District-Pashchimi Singhbhum,Rural,10,9811,4567,5244,89,59,30,170,87,83,71,42,29,1062,533,529,303,167,136,576,255,321,434,175,259,7106,3249,3857
368,District-Pashchimi Singhbhum,Rural,11,6281,2821,3460,114,70,44,215,110,105,95,43,52,1017,513,504,288,151,137,537,201,336,317,127,190,3698,1606,2092
368,District-Pashchimi Singhbhum,Rural,12,9479,4304,5175,267,167,100,573,276,297,257,117,140,1671,863,808,536,262,274,1162,454,708,577,225,352,4436,1940,2496
368,District-Pashchimi Singhbhum,Rural,13,7947,3601,4346,347,231,116,643,329,314,278,144,134,1647,815,832,528,260,268,1032,399,633,500,187,313,2972,1236,1736
368,District-Pashchimi Singhbhum,Rural,14,10105,4722,5383,678,471,207,1308,693,615,511,263,248,1952,996,956,848,403,445,1563,608,955,598,225,373,2647,1063,1584
368,District-Pashchimi Singhbhum,Rural,15,13271,6547,6724,1189,862,327,2169,1232,937,738,448,290,2285,1198,1087,1313,657,656,2375,935,1440,807,294,513,2395,921,1474
368,District-Pashchimi Singhbhum,Rural,16,13551,6605,6946,1547,1084,463,2581,1484,1097,804,434,370,2147,1119,1028,1357,630,727,2459,911,1548,748,242,506,1908,701,1207
368,District-Pashchimi Singhbhum,Rural,17,11183,5501,5682,1552,1122,430,2335,1400,935,648,345,303,1643,783,860,1153,527,626,2120,785,1335,568,175,393,1164,364,800
368,District-Pashchimi Singhbhum,Rural,18,21217,9940,11277,3025,2176,849,4485,2626,1859,1096,592,504,2508,1029,1479,2565,1167,1398,4441,1542,2899,1132,320,812,1965,488,1477
368,District-Pashchimi Singhbhum,Rural,19,14665,6187,8478,2157,1526,631,3086,1728,1358,754,379,375,1784,587,1197,1737,713,1024,3054,833,2221,751,177,574,1342,244,1098
368,District-Pashchimi Singhbhum,Urban,5-19,17888,9119,8769,1535,1295,240,452,344,108,200,130,70,4979,2125,2854,515,331,184,305,166,139,147,64,83,9755,4664,5091
368,District-Pashchimi Singhbhum,Urban,5,3318,1706,1612,1,1,0,0,0,0,0,0,0,16,8,8,2,1,1,3,0,3,0,0,0,3296,1696,1600
368,District-Pashchimi Singhbhum,Urban,6,2483,1280,1203,0,0,0,0,0,0,1,1,0,31,15,16,5,3,2,3,0,3,1,0,1,2442,1261,1181
368,District-Pashchimi Singhbhum,Urban,7,802,397,405,2,1,1,2,1,1,1,0,1,70,30,40,3,0,3,1,1,0,2,0,2,721,364,357
368,District-Pashchimi Singhbhum,Urban,8,514,245,269,0,0,0,1,0,1,3,2,1,96,47,49,1,0,1,2,0,2,4,3,1,407,193,214
368,District-Pashchimi Singhbhum,Urban,9,433,215,218,1,1,0,1,1,0,1,1,0,91,45,46,7,6,1,0,0,0,3,1,2,329,160,169
368,District-Pashchimi Singhbhum,Urban,10,607,290,317,4,3,1,5,3,2,3,2,1,139,67,72,10,8,2,10,4,6,4,0,4,432,203,229
368,District-Pashchimi Singhbhum,Urban,11,430,211,219,11,11,0,6,5,1,3,2,1,152,70,82,10,7,3,3,2,1,2,1,1,243,113,130
368,District-Pashchimi Singhbhum,Urban,12,602,298,304,28,21,7,8,7,1,6,1,5,241,120,121,17,10,7,13,3,10,8,3,5,281,133,148
368,District-Pashchimi Singhbhum,Urban,13,547,269,278,38,30,8,7,4,3,8,7,1,244,118,126,21,11,10,6,2,4,4,1,3,219,96,123
368,District-Pashchimi Singhbhum,Urban,14,722,382,340,82,65,17,30,25,5,17,8,9,350,180,170,21,12,9,14,10,4,7,1,6,201,81,120
368,District-Pashchimi Singhbhum,Urban,15,994,525,469,130,106,24,44,29,15,20,14,6,479,230,249,57,41,16,30,16,14,15,5,10,219,84,135
368,District-Pashchimi Singhbhum,Urban,16,1221,663,558,185,152,33,56,39,17,25,19,6,575,270,305,72,50,22,41,26,15,24,14,10,243,93,150
368,District-Pashchimi Singhbhum,Urban,17,1188,659,529,248,219,29,54,40,14,30,19,11,569,250,319,75,47,28,29,20,9,13,4,9,170,60,110
368,District-Pashchimi Singhbhum,Urban,18,2241,1144,1097,450,383,67,144,113,31,53,33,20,1029,403,626,120,75,45,91,47,44,34,19,15,320,71,249
368,District-Pashchimi Singhbhum,Urban,19,1786,835,951,355,302,53,94,77,17,29,21,8,897,272,625,94,60,34,59,35,24,26,12,14,232,56,176
369,District-Saraikela-Kharsawan,Total,5-19,99021,47741,51280,7218,5781,1437,7477,4555,2922,2290,1250,1040,17094,6489,10605,3851,1923,1928,5606,1903,3703,1748,545,1203,53737,25295,28442
369,District-Saraikela-Kharsawan,Total,5,20604,10547,10057,13,12,1,13,6,7,1,1,0,189,95,94,129,56,73,140,82,58,14,7,7,20105,10288,9817
369,District-Saraikela-Kharsawan,Total,6,13744,7072,6672,4,3,1,5,1,4,3,1,2,209,106,103,90,40,50,83,36,47,20,10,10,13330,6875,6455
369,District-Saraikela-Kharsawan,Total,7,4758,2316,2442,13,7,6,4,2,2,2,0,2,163,81,82,52,26,26,53,21,32,19,12,7,4452,2167,2285
369,District-Saraikela-Kharsawan,Total,8,2880,1378,1502,12,9,3,7,3,4,4,1,3,218,105,113,44,18,26,40,18,22,19,7,12,2536,1217,1319
369,District-Saraikela-Kharsawan,Total,9,1822,851,971,15,10,5,11,7,4,5,0,5,201,98,103,30,16,14,55,27,28,23,10,13,1482,683,799
369,District-Saraikela-Kharsawan,Total,10,2517,1128,1389,19,13,6,28,12,16,6,2,4,299,144,155,65,32,33,91,42,49,46,19,27,1963,864,1099
369,District-Saraikela-Kharsawan,Total,11,1687,797,890,72,57,15,55,32,23,27,15,12,376,175,201,58,32,26,95,30,65,32,11,21,972,445,527
369,District-Saraikela-Kharsawan,Total,12,2705,1254,1451,140,111,29,135,79,56,51,30,21,676,333,343,115,71,44,222,76,146,79,23,56,1287,531,756
369,District-Saraikela-Kharsawan,Total,13,2471,1101,1370,166,123,43,177,107,70,58,35,23,741,331,410,138,70,68,225,68,157,73,27,46,893,340,553
369,District-Saraikela-Kharsawan,Total,14,3666,1706,1960,332,244,88,354,193,161,146,78,68,1157,537,620,229,130,99,333,122,211,125,38,87,990,364,626
369,District-Saraikela-Kharsawan,Total,15,5841,2806,3035,663,510,153,729,438,291,253,147,106,1717,814,903,387,193,194,633,206,427,216,77,139,1243,421,822
369,District-Saraikela-Kharsawan,Total,16,6571,3211,3360,820,638,182,1003,648,355,307,174,133,2092,921,1171,460,223,237,608,201,407,230,68,162,1051,338,713
369,District-Saraikela-Kharsawan,Total,17,6423,3178,3245,1006,815,191,1016,649,367,342,194,148,2029,767,1262,444,222,222,602,229,373,195,59,136,789,243,546
369,District-Saraikela-Kharsawan,Total,18,13207,6130,7077,2157,1779,378,2253,1373,880,629,352,277,3765,1180,2585,973,504,469,1469,488,981,378,109,269,1583,345,1238
369,District-Saraikela-Kharsawan,Total,19,10125,4266,5859,1786,1450,336,1687,1005,682,456,220,236,3262,802,2460,637,290,347,957,257,700,279,68,211,1061,174,887
369,District-Saraikela-Kharsawan,Rural,5-19,78471,37397,41074,5221,3998,1223,7131,4291,2840,2203,1182,1021,11627,4529,7098,3044,1402,1642,5362,1767,3595,1709,515,1194,42174,19713,22461
369,District-Saraikela-Kharsawan,Rural,5,16549,8472,8077,9,9,0,10,4,6,1,1,0,105,56,49,108,50,58,116,67,49,14,7,7,16186,8278,7908
369,District-Saraikela-Kharsawan,Rural,6,10785,5513,5272,1,1,0,4,1,3,3,1,2,128,65,63,68,28,40,69,31,38,19,9,10,10493,5377,5116
369,District-Saraikela-Kharsawan,Rural,7,3710,1798,1912,10,7,3,3,2,1,1,0,1,104,56,48,42,20,22,46,18,28,19,12,7,3485,1683,1802
369,District-Saraikela-Kharsawan,Rural,8,2243,1056,1187,10,8,2,6,2,4,3,1,2,146,72,74,37,15,22,37,16,21,19,7,12,1985,935,1050
369,District-Saraikela-Kharsawan,Rural,9,1418,634,784,10,6,4,11,7,4,5,0,5,140,66,74,26,14,12,52,25,27,23,10,13,1151,506,645
369,District-Saraikela-Kharsawan,Rural,10,1981,871,1110,15,10,5,25,10,15,6,2,4,212,102,110,53,28,25,87,39,48,45,18,27,1538,662,876
369,District-Saraikela-Kharsawan,Rural,11,1307,607,700,43,34,9,54,31,23,26,14,12,255,120,135,49,26,23,95,30,65,32,11,21,753,341,412
369,District-Saraikela-Kharsawan,Rural,12,2103,936,1167,98,75,23,128,74,54,47,27,20,481,241,240,87,51,36,214,72,142,75,19,56,973,377,596
369,District-Saraikela-Kharsawan,Rural,13,1921,836,1085,120,84,36,164,98,66,55,32,23,495,222,273,117,57,60,213,61,152,72,27,45,685,255,430
369,District-Saraikela-Kharsawan,Rural,14,2912,1293,1619,236,157,79,335,181,154,140,72,68,838,387,451,178,90,88,320,117,203,124,38,86,741,251,490
369,District-Saraikela-Kharsawan,Rural,15,4716,2199,2517,478,346,132,707,422,285,242,138,104,1233,590,643,300,137,163,610,189,421,209,70,139,937,307,630
369,District-Saraikela-Kharsawan,Rural,16,5268,2535,2733,582,423,159,960,616,344,297,165,132,1497,695,802,364,159,205,583,185,398,224,63,161,761,229,532
369,District-Saraikela-Kharsawan,Rural,17,5086,2495,2591,735,577,158,960,605,355,329,183,146,1365,533,832,347,160,187,578,214,364,189,55,134,583,168,415
369,District-Saraikela-Kharsawan,Rural,18,10510,4839,5671,1574,1255,319,2148,1294,854,605,334,271,2474,801,1673,762,364,398,1416,457,959,372,104,268,1159,230,929
369,District-Saraikela-Kharsawan,Rural,19,7962,3313,4649,1300,1006,294,1616,944,672,443,212,231,2154,523,1631,506,203,303,926,246,680,273,65,208,744,114,630
369,District-Saraikela-Kharsawan,Urban,5-19,20550,10344,10206,1997,1783,214,346,264,82,87,68,19,5467,1960,3507,807,521,286,244,136,108,39,30,9,11563,5582,5981
369,District-Saraikela-Kharsawan,Urban,5,4055,2075,1980,4,3,1,3,2,1,0,0,0,84,39,45,21,6,15,24,15,9,0,0,0,3919,2010,1909
369,District-Saraikela-Kharsawan,Urban,6,2959,1559,1400,3,2,1,1,0,1,0,0,0,81,41,40,22,12,10,14,5,9,1,1,0,2837,1498,1339
369,District-Saraikela-Kharsawan,Urban,7,1048,518,530,3,0,3,1,0,1,1,0,1,59,25,34,10,6,4,7,3,4,0,0,0,967,484,483
369,District-Saraikela-Kharsawan,Urban,8,637,322,315,2,1,1,1,1,0,1,0,1,72,33,39,7,3,4,3,2,1,0,0,0,551,282,269
369,District-Saraikela-Kharsawan,Urban,9,404,217,187,5,4,1,0,0,0,0,0,0,61,32,29,4,2,2,3,2,1,0,0,0,331,177,154
369,District-Saraikela-Kharsawan,Urban,10,536,257,279,4,3,1,3,2,1,0,0,0,87,42,45,12,4,8,4,3,1,1,1,0,425,202,223
369,District-Saraikela-Kharsawan,Urban,11,380,190,190,29,23,6,1,1,0,1,1,0,121,55,66,9,6,3,0,0,0,0,0,0,219,104,115
369,District-Saraikela-Kharsawan,Urban,12,602,318,284,42,36,6,7,5,2,4,3,1,195,92,103,28,20,8,8,4,4,4,4,0,314,154,160
369,District-Saraikela-Kharsawan,Urban,13,550,265,285,46,39,7,13,9,4,3,3,0,246,109,137,21,13,8,12,7,5,1,0,1,208,85,123
369,District-Saraikela-Kharsawan,Urban,14,754,413,341,96,87,9,19,12,7,6,6,0,319,150,169,51,40,11,13,5,8,1,0,1,249,113,136
369,District-Saraikela-Kharsawan,Urban,15,1125,607,518,185,164,21,22,16,6,11,9,2,484,224,260,87,56,31,23,17,6,7,7,0,306,114,192
369,District-Saraikela-Kharsawan,Urban,16,1303,676,627,238,215,23,43,32,11,10,9,1,595,226,369,96,64,32,25,16,9,6,5,1,290,109,181
369,District-Saraikela-Kharsawan,Urban,17,1337,683,654,271,238,33,56,44,12,13,11,2,664,234,430,97,62,35,24,15,9,6,4,2,206,75,131
369,District-Saraikela-Kharsawan,Urban,18,2697,1291,1406,583,524,59,105,79,26,24,18,6,1291,379,912,211,140,71,53,31,22,6,5,1,424,115,309
369,District-Saraikela-Kharsawan,Urban,19,2163,953,1210,486,444,42,71,61,10,13,8,5,1108,279,829,131,87,44,31,11,20,6,3,3,317,60,257
