555,District-Belgaum,Total,5-19,392969,196645,196324,81391,61575,19816,23554,11558,11996,4771,2805,1966,89447,23237,66210,14699,8390,6309,4189,1513,2676,725,334,391,174193,87233,86960
555,District-Belgaum,Total,5,80946,41953,38993,29,20,9,4,2,2,1,1,0,475,233,242,337,184,153,215,100,115,40,16,24,79845,41397,38448
555,District-Belgaum,Total,6,56008,29052,26956,27,18,9,11,4,7,3,1,2,775,376,399,262,142,120,184,91,93,65,38,27,54681,28382,26299
555,District-Belgaum,Total,7,15831,8140,7691,53,30,23,9,6,3,5,4,1,1259,658,601,118,64,54,67,32,35,44,24,20,14276,7322,6954
555,District-Belgaum,Total,8,5640,2820,2820,71,42,29,28,17,11,3,2,1,1379,701,678,114,60,54,42,19,23,25,12,13,3978,1967,2011
555,District-Belgaum,Total,9,4032,1940,2092,98,59,39,30,17,13,12,8,4,1463,717,746,97,48,49,40,11,29,10,4,6,2282,1076,1206
555,District-Belgaum,Total,10,5742,2822,2920,147,95,52,62,33,29,18,7,11,1702,856,846,227,121,106,77,28,49,23,9,14,3486,1673,1813
555,District-Belgaum,Total,11,4900,2282,2618,470,317,153,136,61,75,25,12,13,1961,850,1111,253,135,118,83,32,51,30,11,19,1942,864,1078
555,District-Belgaum,Total,12,6755,3164,3591,1095,756,339,339,156,183,58,25,33,2599,1043,1556,555,306,249,173,60,113,34,16,18,1902,802,1100
555,District-Belgaum,Total,13,7501,3500,4001,1554,1062,492,512,243,269,98,58,40,3151,1178,1973,555,298,257,141,44,97,46,18,28,1444,599,845
555,District-Belgaum,Total,14,11832,5702,6130,3041,2151,890,1040,466,574,196,86,110,4758,1679,3079,926,546,380,256,102,154,22,9,13,1593,663,930
555,District-Belgaum,Total,15,18294,9276,9018,5836,4332,1504,1889,931,958,289,142,147,6713,2204,4509,1391,857,534,368,151,217,62,31,31,1746,628,1118
555,District-Belgaum,Total,16,27565,13957,13608,9875,7647,2228,3019,1536,1483,486,210,276,10598,2783,7815,1582,1017,565,408,179,229,58,29,29,1539,556,983
555,District-Belgaum,Total,17,32241,16265,15976,12428,9713,2715,3711,1877,1834,716,388,328,12110,2722,9388,1587,980,607,373,145,228,50,24,26,1266,416,850
555,District-Belgaum,Total,18,62312,30645,31667,25152,19192,5960,6830,3407,3423,1427,885,542,21396,3928,17468,3968,2291,1677,998,322,676,120,62,58,2421,558,1863
555,District-Belgaum,Total,19,53370,25127,28243,21515,16141,5374,5934,2802,3132,1434,976,458,19108,3309,15799,2727,1341,1386,764,197,567,96,31,65,1792,330,1462
555,District-Belgaum,Rural,5-19,312821,155614,157207,69169,50995,18174,21279,9905,11374,3127,1290,1837,65780,16698,49082,12930,7165,5765,3745,1292,2453,640,288,352,136151,67981,68170
555,District-Belgaum,Rural,5,63763,32980,30783,23,17,6,3,1,2,1,1,0,321,160,161,273,148,125,167,77,90,39,16,23,62936,32560,30376
555,District-Belgaum,Rural,6,43665,22520,21145,22,14,8,8,3,5,3,1,2,521,247,274,211,116,95,145,73,72,62,36,26,42693,22030,20663
555,District-Belgaum,Rural,7,12305,6297,6008,44,22,22,7,5,2,4,3,1,909,471,438,104,60,44,56,28,28,44,24,20,11137,5684,5453
555,District-Belgaum,Rural,8,4320,2165,2155,56,32,24,20,11,9,2,2,0,1020,526,494,95,50,45,35,17,18,22,10,12,3070,1517,1553
555,District-Belgaum,Rural,9,3052,1480,1572,81,49,32,26,15,11,12,8,4,1083,539,544,81,34,47,33,8,25,10,4,6,1726,823,903
555,District-Belgaum,Rural,10,4428,2183,2245,126,82,44,54,28,26,18,7,11,1308,666,642,202,103,99,69,24,45,20,7,13,2631,1266,1365
555,District-Belgaum,Rural,11,3799,1769,2030,382,248,134,119,52,67,20,9,11,1458,640,818,234,123,111,75,28,47,28,10,18,1483,659,824
555,District-Belgaum,Rural,12,5421,2509,2912,914,603,311,320,140,180,52,21,31,1991,796,1195,495,267,228,148,51,97,31,16,15,1470,615,855
555,District-Belgaum,Rural,13,6082,2764,3318,1316,859,457,475,220,255,88,50,38,2458,884,1574,488,250,238,132,40,92,43,17,26,1082,444,638
555,District-Belgaum,Rural,14,9884,4664,5220,2664,1824,840,968,412,556,177,73,104,3766,1285,2481,821,469,352,239,92,147,18,7,11,1231,502,729
555,District-Belgaum,Rural,15,15162,7603,7559,5087,3698,1389,1729,813,916,253,111,142,5148,1611,3537,1209,729,480,336,133,203,60,30,30,1340,478,862
555,District-Belgaum,Rural,16,22624,11410,11214,8533,6465,2068,2756,1351,1405,425,171,254,7941,1952,5989,1383,873,510,366,154,212,50,26,24,1170,418,752
555,District-Belgaum,Rural,17,25848,12988,12860,10474,8024,2450,3335,1601,1734,525,221,304,8824,1884,6940,1370,813,557,326,118,208,35,18,17,959,309,650
555,District-Belgaum,Rural,18,50517,24794,25723,21527,16041,5486,6161,2926,3235,833,324,509,15600,2766,12834,3517,1979,1538,915,282,633,94,43,51,1870,433,1437
555,District-Belgaum,Rural,19,41951,19488,22463,17920,13017,4903,5298,2327,2971,714,288,426,13432,2271,11161,2447,1151,1296,703,167,536,84,24,60,1353,243,1110
555,District-Belgaum,Urban,5-19,80148,41031,39117,12222,10580,1642,2275,1653,622,1644,1515,129,23667,6539,17128,1769,1225,544,444,221,223,85,46,39,38042,19252,18790
555,District-Belgaum,Urban,5,17183,8973,8210,6,3,3,1,1,0,0,0,0,154,73,81,64,36,28,48,23,25,1,0,1,16909,8837,8072
555,District-Belgaum,Urban,6,12343,6532,5811,5,4,1,3,1,2,0,0,0,254,129,125,51,26,25,39,18,21,3,2,1,11988,6352,5636
555,District-Belgaum,Urban,7,3526,1843,1683,9,8,1,2,1,1,1,1,0,350,187,163,14,4,10,11,4,7,0,0,0,3139,1638,1501
555,District-Belgaum,Urban,8,1320,655,665,15,10,5,8,6,2,1,0,1,359,175,184,19,10,9,7,2,5,3,2,1,908,450,458
555,District-Belgaum,Urban,9,980,460,520,17,10,7,4,2,2,0,0,0,380,178,202,16,14,2,7,3,4,0,0,0,556,253,303
555,District-Belgaum,Urban,10,1314,639,675,21,13,8,8,5,3,0,0,0,394,190,204,25,18,7,8,4,4,3,2,1,855,407,448
555,District-Belgaum,Urban,11,1101,513,588,88,69,19,17,9,8,5,3,2,503,210,293,19,12,7,8,4,4,2,1,1,459,205,254
555,District-Belgaum,Urban,12,1334,655,679,181,153,28,19,16,3,6,4,2,608,247,361,60,39,21,25,9,16,3,0,3,432,187,245
555,District-Belgaum,Urban,13,1419,736,683,238,203,35,37,23,14,10,8,2,693,294,399,67,48,19,9,4,5,3,1,2,362,155,207
555,District-Belgaum,Urban,14,1948,1038,910,377,327,50,72,54,18,19,13,6,992,394,598,105,77,28,17,10,7,4,2,2,362,161,201
555,District-Belgaum,Urban,15,3132,1673,1459,749,634,115,160,118,42,36,31,5,1565,593,972,182,128,54,32,18,14,2,1,1,406,150,256
555,District-Belgaum,Urban,16,4941,2547,2394,1342,1182,160,263,185,78,61,39,22,2657,831,1826,199,144,55,42,25,17,8,3,5,369,138,231
555,District-Belgaum,Urban,17,6393,3277,3116,1954,1689,265,376,276,100,191,167,24,3286,838,2448,217,167,50,47,27,20,15,6,9,307,107,200
555,District-Belgaum,Urban,18,11795,5851,5944,3625,3151,474,669,481,188,594,561,33,5796,1162,4634,451,312,139,83,40,43,26,19,7,551,125,426
555,District-Belgaum,Urban,19,11419,5639,5780,3595,3124,471,636,475,161,720,688,32,5676,1038,4638,280,190,90,61,30,31,12,7,5,439,87,352
556,District-Bagalkot ,Total,5-19,181494,89481,92013,35511,24806,10705,9843,4900,4943,1337,681,656,34439,9124,25315,10723,5883,4840,3421,1284,2137,483,199,284,85737,42604,43133
556,District-Bagalkot ,Total,5,37489,19587,17902,13,12,1,4,2,2,0,0,0,233,114,119,308,171,137,80,34,46,7,4,3,36844,19250,17594
556,District-Bagalkot ,Total,6,26122,13608,12514,9,6,3,2,2,0,0,0,0,352,201,151,208,102,106,68,36,32,11,6,5,25472,13255,12217
556,District-Bagalkot ,Total,7,7675,3960,3715,39,26,13,4,3,1,0,0,0,584,276,308,78,50,28,40,19,21,7,1,6,6923,3585,3338
556,District-Bagalkot ,Total,8,2958,1440,1518,56,36,20,10,6,4,3,3,0,598,293,305,59,37,22,24,12,12,8,5,3,2200,1048,1152
556,District-Bagalkot ,Total,9,2961,1433,1528,78,45,33,16,7,9,0,0,0,693,320,373,78,47,31,31,13,18,3,2,1,2062,999,1063
556,District-Bagalkot ,Total,10,4043,2028,2015,114,74,40,47,17,30,11,5,6,874,408,466,161,98,63,82,44,38,15,3,12,2739,1379,1360
556,District-Bagalkot ,Total,11,2956,1375,1581,312,185,127,85,46,39,14,7,7,954,415,539,187,83,104,51,19,32,10,4,6,1343,616,727
556,District-Bagalkot ,Total,12,4116,1825,2291,725,447,278,216,89,127,37,16,21,1398,528,870,462,232,230,140,47,93,24,9,15,1114,457,657
556,District-Bagalkot ,Total,13,4069,1752,2317,886,528,358,312,146,166,45,25,20,1466,501,965,393,200,193,149,59,90,22,6,16,796,287,509
556,District-Bagalkot ,Total,14,6475,2961,3514,1748,1097,651,586,266,320,71,31,40,2185,727,1458,666,366,300,250,91,159,42,20,22,927,363,564
556,District-Bagalkot ,Total,15,9023,4448,4575,2885,1953,932,910,460,450,139,77,62,2773,831,1942,973,608,365,331,158,173,42,13,29,970,348,622
556,District-Bagalkot ,Total,16,12208,6281,5927,4603,3301,1302,1301,673,628,179,102,77,3652,971,2681,1157,743,414,382,153,229,62,28,34,872,310,562
556,District-Bagalkot ,Total,17,13021,6589,6432,5038,3708,1330,1413,744,669,203,103,100,4127,956,3171,1146,690,456,320,144,176,46,23,23,728,221,507
556,District-Bagalkot ,Total,18,26853,12671,14182,10654,7552,3102,2738,1368,1370,346,162,184,7829,1462,6367,2810,1513,1297,804,258,546,111,51,60,1561,305,1256
556,District-Bagalkot ,Total,19,21525,9523,12002,8351,5836,2515,2199,1071,1128,289,150,139,6721,1121,5600,2037,943,1094,669,197,472,73,24,49,1186,181,1005
556,District-Bagalkot ,Rural,5-19,132170,65084,67086,27741,18577,9164,8214,3803,4411,1026,483,543,21915,5987,15928,8531,4508,4023,2764,961,1803,344,124,220,61635,30641,30994
556,District-Bagalkot ,Rural,5,27115,14155,12960,4,4,0,3,2,1,0,0,0,144,69,75,224,122,102,48,17,31,6,4,2,26686,13937,12749
556,District-Bagalkot ,Rural,6,18839,9778,9061,6,5,1,1,1,0,0,0,0,232,137,95,152,75,77,38,23,15,6,5,1,18404,9532,8872
556,District-Bagalkot ,Rural,7,5426,2782,2644,22,16,6,3,2,1,0,0,0,370,178,192,57,35,22,22,10,12,6,1,5,4946,2540,2406
556,District-Bagalkot ,Rural,8,2064,1014,1050,42,29,13,5,3,2,3,3,0,398,194,204,41,27,14,19,10,9,5,3,2,1551,745,806
556,District-Bagalkot ,Rural,9,2254,1072,1182,64,36,28,14,7,7,0,0,0,489,221,268,60,37,23,21,7,14,2,1,1,1604,763,841
556,District-Bagalkot ,Rural,10,3035,1503,1532,94,60,34,44,16,28,10,5,5,608,275,333,124,73,51,63,31,32,12,3,9,2080,1040,1040
556,District-Bagalkot ,Rural,11,2127,985,1142,234,126,108,69,34,35,10,4,6,633,281,352,144,61,83,41,11,30,5,2,3,991,466,525
556,District-Bagalkot ,Rural,12,2974,1287,1687,580,346,234,181,67,114,29,10,19,940,349,591,359,170,189,102,31,71,20,7,13,763,307,456
556,District-Bagalkot ,Rural,13,2989,1237,1752,702,391,311,271,116,155,31,17,14,1000,327,673,307,151,156,124,49,75,17,3,14,537,183,354
556,District-Bagalkot ,Rural,14,4869,2165,2704,1449,869,580,496,202,294,58,22,36,1506,482,1024,497,271,226,217,74,143,30,13,17,616,232,384
556,District-Bagalkot ,Rural,15,6782,3301,3481,2311,1505,806,765,351,414,113,56,57,1891,559,1332,761,461,300,266,117,149,35,10,25,640,242,398
556,District-Bagalkot ,Rural,16,9200,4717,4483,3650,2516,1134,1108,543,565,134,72,62,2389,640,1749,949,592,357,318,121,197,45,16,29,607,217,390
556,District-Bagalkot ,Rural,17,9346,4762,4584,3813,2720,1093,1151,573,578,160,76,84,2594,609,1985,889,525,364,251,102,149,32,15,17,456,142,314
556,District-Bagalkot ,Rural,18,19856,9514,10342,8415,5751,2664,2302,1079,1223,251,107,144,4817,964,3853,2298,1190,1108,673,201,472,75,30,45,1025,192,833
556,District-Bagalkot ,Rural,19,15294,6812,8482,6355,4203,2152,1801,807,994,227,111,116,3904,702,3202,1669,718,951,561,157,404,48,11,37,729,103,626
556,District-Bagalkot ,Urban,5-19,49324,24397,24927,7770,6229,1541,1629,1097,532,311,198,113,12524,3137,9387,2192,1375,817,657,323,334,139,75,64,24102,11963,12139
556,District-Bagalkot ,Urban,5,10374,5432,4942,9,8,1,1,0,1,0,0,0,89,45,44,84,49,35,32,17,15,1,0,1,10158,5313,4845
556,District-Bagalkot ,Urban,6,7283,3830,3453,3,1,2,1,1,0,0,0,0,120,64,56,56,27,29,30,13,17,5,1,4,7068,3723,3345
556,District-Bagalkot ,Urban,7,2249,1178,1071,17,10,7,1,1,0,0,0,0,214,98,116,21,15,6,18,9,9,1,0,1,1977,1045,932
556,District-Bagalkot ,Urban,8,894,426,468,14,7,7,5,3,2,0,0,0,200,99,101,18,10,8,5,2,3,3,2,1,649,303,346
556,District-Bagalkot ,Urban,9,707,361,346,14,9,5,2,0,2,0,0,0,204,99,105,18,10,8,10,6,4,1,1,0,458,236,222
556,District-Bagalkot ,Urban,10,1008,525,483,20,14,6,3,1,2,1,0,1,266,133,133,37,25,12,19,13,6,3,0,3,659,339,320
556,District-Bagalkot ,Urban,11,829,390,439,78,59,19,16,12,4,4,3,1,321,134,187,43,22,21,10,8,2,5,2,3,352,150,202
556,District-Bagalkot ,Urban,12,1142,538,604,145,101,44,35,22,13,8,6,2,458,179,279,103,62,41,38,16,22,4,2,2,351,150,201
556,District-Bagalkot ,Urban,13,1080,515,565,184,137,47,41,30,11,14,8,6,466,174,292,86,49,37,25,10,15,5,3,2,259,104,155
556,District-Bagalkot ,Urban,14,1606,796,810,299,228,71,90,64,26,13,9,4,679,245,434,169,95,74,33,17,16,12,7,5,311,131,180
556,District-Bagalkot ,Urban,15,2241,1147,1094,574,448,126,145,109,36,26,21,5,882,272,610,212,147,65,65,41,24,7,3,4,330,106,224
556,District-Bagalkot ,Urban,16,3008,1564,1444,953,785,168,193,130,63,45,30,15,1263,331,932,208,151,57,64,32,32,17,12,5,265,93,172
556,District-Bagalkot ,Urban,17,3675,1827,1848,1225,988,237,262,171,91,43,27,16,1533,347,1186,257,165,92,69,42,27,14,8,6,272,79,193
556,District-Bagalkot ,Urban,18,6997,3157,3840,2239,1801,438,436,289,147,95,55,40,3012,498,2514,512,323,189,131,57,74,36,21,15,536,113,423
556,District-Bagalkot ,Urban,19,6231,2711,3520,1996,1633,363,398,264,134,62,39,23,2817,419,2398,368,225,143,108,40,68,25,13,12,457,78,379
557,District-Bijapur,Total,5-19,216187,105413,110774,34756,24133,10623,10142,5263,4879,1467,789,678,42296,13581,28715,15820,8340,7480,4943,1834,3109,756,327,429,106007,51146,54861
557,District-Bijapur,Total,5,44228,23010,21218,17,11,6,5,2,3,0,0,0,240,127,113,339,175,164,186,92,94,10,4,6,43431,22599,20832
557,District-Bijapur,Total,6,30958,16103,14855,15,13,2,4,2,2,0,0,0,403,196,207,266,137,129,165,81,84,7,5,2,30098,15669,14429
557,District-Bijapur,Total,7,8820,4368,4452,57,35,22,16,12,4,3,3,0,876,451,425,92,57,35,51,22,29,4,3,1,7721,3785,3936
557,District-Bijapur,Total,8,4554,2196,2358,78,51,27,26,12,14,4,3,1,1001,521,480,90,48,42,50,22,28,6,4,2,3299,1535,1764
557,District-Bijapur,Total,9,3447,1607,1840,79,47,32,29,12,17,6,2,4,1062,519,543,105,57,48,36,15,21,9,4,5,2121,951,1170
557,District-Bijapur,Total,10,5062,2334,2728,165,95,70,65,25,40,4,2,2,1403,649,754,215,124,91,85,29,56,28,10,18,3097,1400,1697
557,District-Bijapur,Total,11,4076,1888,2188,304,190,114,89,49,40,25,15,10,1409,636,773,285,150,135,96,30,66,16,7,9,1852,811,1041
557,District-Bijapur,Total,12,6294,2743,3551,698,438,260,240,105,135,43,20,23,2182,919,1263,640,323,317,234,89,145,50,22,28,2207,827,1380
557,District-Bijapur,Total,13,5758,2410,3348,895,531,364,314,133,181,58,23,35,2164,816,1348,578,286,292,203,72,131,44,21,23,1502,528,974
557,District-Bijapur,Total,14,8613,3805,4808,1727,1073,654,584,266,318,97,46,51,3096,1127,1969,1002,525,477,336,123,213,65,30,35,1706,615,1091
557,District-Bijapur,Total,15,11905,5630,6275,2943,2004,939,923,488,435,151,77,74,3877,1324,2553,1511,839,672,487,193,294,95,40,55,1918,665,1253
557,District-Bijapur,Total,16,14589,7092,7497,4275,3017,1258,1292,695,597,184,89,95,4758,1488,3270,1824,1041,783,548,210,338,70,30,40,1638,522,1116
557,District-Bijapur,Total,17,14687,7345,7342,4815,3489,1326,1448,773,675,232,134,98,4628,1294,3334,1719,1021,698,536,215,321,81,40,41,1228,379,849
557,District-Bijapur,Total,18,30285,14615,15670,10690,7647,3043,2866,1535,1331,367,214,153,8602,2052,6550,4179,2217,1962,1076,372,704,138,57,81,2367,521,1846
557,District-Bijapur,Total,19,22911,10267,12644,7998,5492,2506,2241,1154,1087,293,161,132,6595,1462,5133,2975,1340,1635,854,269,585,133,50,83,1822,339,1483
557,District-Bijapur,Rural,5-19,174804,84805,89999,30358,20560,9798,8950,4436,4514,1243,613,630,30390,9479,20911,14031,7175,6856,4396,1575,2821,627,254,373,84809,40713,44096
557,District-Bijapur,Rural,5,35738,18622,17116,13,8,5,4,1,3,0,0,0,138,75,63,253,135,118,116,59,57,7,3,4,35207,18341,16866
557,District-Bijapur,Rural,6,24855,12860,11995,8,7,1,2,0,2,0,0,0,251,124,127,200,101,99,101,53,48,5,3,2,24288,12572,11716
557,District-Bijapur,Rural,7,6847,3342,3505,38,22,16,5,5,0,2,2,0,533,273,260,76,46,30,32,15,17,3,3,0,6158,2976,3182
557,District-Bijapur,Rural,8,3424,1620,1804,50,31,19,14,5,9,2,2,0,649,349,300,66,36,30,36,16,20,5,4,1,2602,1177,1425
557,District-Bijapur,Rural,9,2585,1143,1442,63,38,25,17,6,11,6,2,4,703,324,379,92,50,42,31,13,18,8,3,5,1665,707,958
557,District-Bijapur,Rural,10,3859,1756,2103,134,79,55,46,17,29,4,2,2,958,442,516,189,106,83,70,25,45,24,8,16,2434,1077,1357
557,District-Bijapur,Rural,11,3086,1349,1737,237,143,94,69,33,36,23,14,9,975,408,567,245,127,118,89,28,61,14,7,7,1434,589,845
557,District-Bijapur,Rural,12,5028,2102,2926,590,354,236,209,84,125,38,17,21,1612,654,958,550,271,279,213,78,135,45,18,27,1771,626,1145
557,District-Bijapur,Rural,13,4656,1880,2776,760,431,329,282,114,168,50,15,35,1644,588,1056,506,241,265,188,66,122,32,14,18,1194,411,783
557,District-Bijapur,Rural,14,7122,3069,4053,1505,901,604,535,239,296,87,39,48,2413,843,1570,888,453,435,309,113,196,56,26,30,1329,455,874
557,District-Bijapur,Rural,15,9857,4616,5241,2591,1723,868,832,422,410,133,64,69,2978,963,2015,1333,730,603,450,172,278,78,32,46,1462,510,952
557,District-Bijapur,Rural,16,12202,5889,6313,3803,2620,1183,1158,598,560,159,69,90,3602,1088,2514,1631,908,723,509,192,317,60,25,35,1280,389,891
557,District-Bijapur,Rural,17,11954,6022,5932,4202,2981,1221,1284,656,628,200,106,94,3288,901,2387,1542,892,650,483,186,297,67,31,36,888,269,619
557,District-Bijapur,Rural,18,24920,12112,12808,9373,6549,2824,2532,1297,1235,300,159,141,6092,1443,4649,3760,1919,1841,986,324,662,119,45,74,1758,376,1382
557,District-Bijapur,Rural,19,18671,8423,10248,6991,4673,2318,1961,959,1002,239,122,117,4554,1004,3550,2700,1160,1540,783,235,548,104,32,72,1339,238,1101
557,District-Bijapur,Urban,5-19,41383,20608,20775,4398,3573,825,1192,827,365,224,176,48,11906,4102,7804,1789,1165,624,547,259,288,129,73,56,21198,10433,10765
557,District-Bijapur,Urban,5,8490,4388,4102,4,3,1,1,1,0,0,0,0,102,52,50,86,40,46,70,33,37,3,1,2,8224,4258,3966
557,District-Bijapur,Urban,6,6103,3243,2860,7,6,1,2,2,0,0,0,0,152,72,80,66,36,30,64,28,36,2,2,0,5810,3097,2713
557,District-Bijapur,Urban,7,1973,1026,947,19,13,6,11,7,4,1,1,0,343,178,165,16,11,5,19,7,12,1,0,1,1563,809,754
557,District-Bijapur,Urban,8,1130,576,554,28,20,8,12,7,5,2,1,1,352,172,180,24,12,12,14,6,8,1,0,1,697,358,339
557,District-Bijapur,Urban,9,862,464,398,16,9,7,12,6,6,0,0,0,359,195,164,13,7,6,5,2,3,1,1,0,456,244,212
557,District-Bijapur,Urban,10,1203,578,625,31,16,15,19,8,11,0,0,0,445,207,238,26,18,8,15,4,11,4,2,2,663,323,340
557,District-Bijapur,Urban,11,990,539,451,67,47,20,20,16,4,2,1,1,434,228,206,40,23,17,7,2,5,2,0,2,418,222,196
557,District-Bijapur,Urban,12,1266,641,625,108,84,24,31,21,10,5,3,2,570,265,305,90,52,38,21,11,10,5,4,1,436,201,235
557,District-Bijapur,Urban,13,1102,530,572,135,100,35,32,19,13,8,8,0,520,228,292,72,45,27,15,6,9,12,7,5,308,117,191
557,District-Bijapur,Urban,14,1491,736,755,222,172,50,49,27,22,10,7,3,683,284,399,114,72,42,27,10,17,9,4,5,377,160,217
557,District-Bijapur,Urban,15,2048,1014,1034,352,281,71,91,66,25,18,13,5,899,361,538,178,109,69,37,21,16,17,8,9,456,155,301
557,District-Bijapur,Urban,16,2387,1203,1184,472,397,75,134,97,37,25,20,5,1156,400,756,193,133,60,39,18,21,10,5,5,358,133,225
557,District-Bijapur,Urban,17,2733,1323,1410,613,508,105,164,117,47,32,28,4,1340,393,947,177,129,48,53,29,24,14,9,5,340,110,230
557,District-Bijapur,Urban,18,5365,2503,2862,1317,1098,219,334,238,96,67,55,12,2510,609,1901,419,298,121,90,48,42,19,12,7,609,145,464
557,District-Bijapur,Urban,19,4240,1844,2396,1007,819,188,280,195,85,54,39,15,2041,458,1583,275,180,95,71,34,37,29,18,11,483,101,382
558,District-Bidar,Total,5-19,164743,82461,82282,26183,19946,6237,9549,5986,3563,1565,955,610,46247,14846,31401,7879,4730,3149,3081,1510,1571,411,249,162,69828,34239,35589
558,District-Bidar,Total,5,29485,15594,13891,8,7,1,3,0,3,0,0,0,249,128,121,204,118,86,93,47,46,10,9,1,28918,15285,13633
558,District-Bidar,Total,6,19194,10032,9162,10,7,3,5,2,3,0,0,0,347,162,185,148,79,69,67,29,38,5,3,2,18612,9750,8862
558,District-Bidar,Total,7,5322,2697,2625,28,15,13,9,5,4,1,1,0,517,256,261,53,25,28,28,18,10,4,2,2,4682,2375,2307
558,District-Bidar,Total,8,3001,1421,1580,38,18,20,16,6,10,2,1,1,601,296,305,42,24,18,22,9,13,2,1,1,2278,1066,1212
558,District-Bidar,Total,9,2176,984,1192,43,30,13,22,13,9,3,1,2,600,259,341,58,32,26,23,9,14,6,5,1,1421,635,786
558,District-Bidar,Total,10,3508,1725,1783,95,64,31,39,26,13,5,3,2,936,473,463,128,75,53,65,36,29,11,4,7,2229,1044,1185
558,District-Bidar,Total,11,2717,1329,1388,229,163,66,81,49,32,15,7,8,972,466,506,153,96,57,61,31,30,15,11,4,1191,506,685
558,District-Bidar,Total,12,4702,2319,2383,562,417,145,198,127,71,42,24,18,1762,762,1000,390,238,152,159,91,68,25,18,7,1564,642,922
558,District-Bidar,Total,13,4202,1996,2206,574,422,152,245,147,98,44,24,20,1803,720,1083,311,170,141,164,76,88,24,15,9,1037,422,615
558,District-Bidar,Total,14,7175,3468,3707,1286,921,365,522,317,205,88,55,33,3182,1201,1981,581,350,231,222,101,121,22,18,4,1272,505,767
558,District-Bidar,Total,15,10220,4971,5249,2209,1629,580,892,524,368,153,90,63,4307,1459,2848,882,557,325,312,158,154,44,27,17,1421,527,894
558,District-Bidar,Total,16,14527,7033,7494,3542,2673,869,1359,867,492,231,125,106,6566,2027,4539,1027,649,378,404,211,193,56,35,21,1342,446,896
558,District-Bidar,Total,17,13891,6815,7076,3807,2944,863,1386,900,486,244,146,98,6347,1800,4547,808,546,262,286,147,139,37,22,15,976,310,666
558,District-Bidar,Total,18,26089,13062,13027,7953,6230,1723,2765,1741,1024,419,273,146,10652,2861,7791,1843,1104,739,682,356,326,97,53,44,1678,444,1234
558,District-Bidar,Total,19,18534,9015,9519,5799,4406,1393,2007,1262,745,318,205,113,7406,1976,5430,1251,667,584,493,191,302,53,26,27,1207,282,925
558,District-Bidar,Rural,5-19,129837,64258,65579,21800,16176,5624,8481,5200,3281,1327,773,554,35980,11332,24648,6472,3717,2755,2701,1262,1439,330,201,129,52746,25597,27149
558,District-Bidar,Rural,5,22521,11828,10693,6,5,1,2,0,2,0,0,0,174,91,83,150,88,62,63,30,33,10,9,1,22116,11605,10511
558,District-Bidar,Rural,6,14376,7481,6895,7,6,1,3,1,2,0,0,0,257,115,142,114,61,53,48,21,27,5,3,2,13942,7274,6668
558,District-Bidar,Rural,7,4032,2003,2029,24,13,11,6,3,3,1,1,0,367,174,193,42,22,20,21,11,10,4,2,2,3567,1777,1790
558,District-Bidar,Rural,8,2262,1041,1221,26,10,16,11,4,7,0,0,0,421,209,212,36,19,17,20,9,11,2,1,1,1746,789,957
558,District-Bidar,Rural,9,1592,706,886,31,22,9,13,7,6,3,1,2,444,182,262,48,25,23,19,6,13,3,3,0,1031,460,571
558,District-Bidar,Rural,10,2614,1259,1355,73,44,29,31,19,12,5,3,2,675,325,350,101,60,41,54,30,24,7,3,4,1668,775,893
558,District-Bidar,Rural,11,2050,992,1058,174,115,59,65,36,29,14,7,7,734,356,378,127,74,53,53,26,27,12,9,3,871,369,502
558,District-Bidar,Rural,12,3680,1758,1922,447,315,132,170,105,65,35,17,18,1367,571,796,319,188,131,138,73,65,20,15,5,1184,474,710
558,District-Bidar,Rural,13,3322,1526,1796,478,340,138,200,111,89,36,17,19,1400,550,850,262,137,125,148,64,84,18,11,7,780,296,484
558,District-Bidar,Rural,14,5777,2696,3081,1049,711,338,469,278,191,76,49,27,2555,940,1615,465,267,198,190,76,114,16,14,2,957,361,596
558,District-Bidar,Rural,15,8319,3970,4349,1823,1301,522,790,453,337,131,76,55,3459,1146,2313,739,452,287,283,141,142,32,19,13,1062,382,680
558,District-Bidar,Rural,16,11965,5677,6288,2958,2171,787,1218,763,455,193,98,95,5337,1607,3730,836,508,328,363,187,176,51,32,19,1009,311,698
558,District-Bidar,Rural,17,11250,5428,5822,3164,2388,776,1222,764,458,207,113,94,5017,1382,3635,660,426,234,248,120,128,31,20,11,701,215,486
558,District-Bidar,Rural,18,21391,10733,10658,6745,5195,1550,2509,1559,950,359,224,135,8329,2211,6118,1522,867,655,614,311,303,76,42,34,1237,324,913
558,District-Bidar,Rural,19,14686,7160,7526,4795,3540,1255,1772,1097,675,267,167,100,5444,1473,3971,1051,523,528,439,157,282,43,18,25,875,185,690
558,District-Bidar,Urban,5-19,34906,18203,16703,4383,3770,613,1068,786,282,238,182,56,10267,3514,6753,1407,1013,394,380,248,132,81,48,33,17082,8642,8440
558,District-Bidar,Urban,5,6964,3766,3198,2,2,0,1,0,1,0,0,0,75,37,38,54,30,24,30,17,13,0,0,0,6802,3680,3122
558,District-Bidar,Urban,6,4818,2551,2267,3,1,2,2,1,1,0,0,0,90,47,43,34,18,16,19,8,11,0,0,0,4670,2476,2194
558,District-Bidar,Urban,7,1290,694,596,4,2,2,3,2,1,0,0,0,150,82,68,11,3,8,7,7,0,0,0,0,1115,598,517
558,District-Bidar,Urban,8,739,380,359,12,8,4,5,2,3,2,1,1,180,87,93,6,5,1,2,0,2,0,0,0,532,277,255
558,District-Bidar,Urban,9,584,278,306,12,8,4,9,6,3,0,0,0,156,77,79,10,7,3,4,3,1,3,2,1,390,175,215
558,District-Bidar,Urban,10,894,466,428,22,20,2,8,7,1,0,0,0,261,148,113,27,15,12,11,6,5,4,1,3,561,269,292
558,District-Bidar,Urban,11,667,337,330,55,48,7,16,13,3,1,0,1,238,110,128,26,22,4,8,5,3,3,2,1,320,137,183
558,District-Bidar,Urban,12,1022,561,461,115,102,13,28,22,6,7,7,0,395,191,204,71,50,21,21,18,3,5,3,2,380,168,212
558,District-Bidar,Urban,13,880,470,410,96,82,14,45,36,9,8,7,1,403,170,233,49,33,16,16,12,4,6,4,2,257,126,131
558,District-Bidar,Urban,14,1398,772,626,237,210,27,53,39,14,12,6,6,627,261,366,116,83,33,32,25,7,6,4,2,315,144,171
558,District-Bidar,Urban,15,1901,1001,900,386,328,58,102,71,31,22,14,8,848,313,535,143,105,38,29,17,12,12,8,4,359,145,214
558,District-Bidar,Urban,16,2562,1356,1206,584,502,82,141,104,37,38,27,11,1229,420,809,191,141,50,41,24,17,5,3,2,333,135,198
558,District-Bidar,Urban,17,2641,1387,1254,643,556,87,164,136,28,37,33,4,1330,418,912,148,120,28,38,27,11,6,2,4,275,95,180
558,District-Bidar,Urban,18,4698,2329,2369,1208,1035,173,256,182,74,60,49,11,2323,650,1673,321,237,84,68,45,23,21,11,10,441,120,321
558,District-Bidar,Urban,19,3848,1855,1993,1004,866,138,235,165,70,51,38,13,1962,503,1459,200,144,56,54,34,20,10,8,2,332,97,235
559,District-Raichur,Total,5-19,236735,110540,126195,43780,27973,15807,14557,7247,7310,2123,1092,1031,34386,11241,23145,31084,13665,17419,10970,3569,7401,1708,629,1079,98127,45124,53003
559,District-Raichur,Total,5,39493,20304,19189,21,13,8,4,2,2,1,1,0,233,127,106,306,171,135,186,77,109,19,8,11,38723,19905,18818
559,District-Raichur,Total,6,24893,12643,12250,20,13,7,9,4,5,2,1,1,463,255,208,212,110,102,117,56,61,18,11,7,24052,12193,11859
559,District-Raichur,Total,7,7770,3788,3982,39,20,19,17,8,9,2,1,1,576,308,268,126,62,64,69,32,37,19,8,11,6922,3349,3573
559,District-Raichur,Total,8,5016,2302,2714,66,40,26,31,17,14,5,2,3,745,369,376,183,81,102,76,37,39,34,15,19,3876,1741,2135
559,District-Raichur,Total,9,3914,1709,2205,107,49,58,52,30,22,8,4,4,836,399,437,240,106,134,112,45,67,36,14,22,2523,1062,1461
559,District-Raichur,Total,10,6385,2764,3621,264,121,143,113,45,68,23,7,16,1197,539,658,596,257,339,221,77,144,76,39,37,3895,1679,2216
559,District-Raichur,Total,11,4888,2030,2858,493,241,252,198,83,115,44,21,23,1163,527,636,670,280,390,273,99,174,55,18,37,1992,761,1231
559,District-Raichur,Total,12,8742,3474,5268,1289,677,612,521,222,299,95,47,48,2024,796,1228,1569,650,919,593,190,403,139,46,93,2512,846,1666
559,District-Raichur,Total,13,7865,3108,4757,1438,772,666,644,265,379,111,47,64,1903,715,1188,1425,570,855,527,149,378,99,36,63,1718,554,1164
559,District-Raichur,Total,14,12360,5230,7130,2925,1615,1310,1155,505,650,190,88,102,2758,1035,1723,2331,1008,1323,903,273,630,123,54,69,1975,652,1323
559,District-Raichur,Total,15,16744,7521,9223,4575,2700,1875,1763,871,892,288,147,141,3302,1086,2216,3345,1542,1803,1248,453,795,192,76,116,2031,646,1385
559,District-Raichur,Total,16,20411,9522,10889,6424,3976,2448,2169,1037,1132,307,158,149,4023,1319,2704,3988,1945,2043,1381,486,895,207,71,136,1912,530,1382
559,District-Raichur,Total,17,17644,8417,9227,5874,3913,1961,1989,1050,939,277,147,130,3660,1080,2580,3234,1451,1783,1095,379,716,170,72,98,1345,325,1020
559,District-Raichur,Total,18,35760,16838,18922,12169,8304,3865,3473,1850,1623,461,248,213,6483,1583,4900,7752,3421,4331,2466,770,1696,278,93,185,2678,569,2109
559,District-Raichur,Total,19,24850,10890,13960,8076,5519,2557,2419,1258,1161,309,173,136,5020,1103,3917,5107,2011,3096,1703,446,1257,243,68,175,1973,312,1661
559,District-Raichur,Rural,5-19,192394,88669,103725,37250,22826,14424,12969,6255,6714,1851,904,947,23344,7821,15523,27942,11841,16101,10106,3164,6942,1573,562,1011,77359,35296,42063
559,District-Raichur,Rural,5,31053,15954,15099,13,9,4,2,1,1,1,1,0,157,88,69,250,135,115,122,47,75,15,6,9,30493,15667,14826
559,District-Raichur,Rural,6,19434,9774,9660,15,10,5,6,3,3,2,1,1,347,191,156,168,82,86,81,37,44,17,10,7,18798,9440,9358
559,District-Raichur,Rural,7,6104,2938,3166,33,16,17,11,4,7,1,1,0,389,212,177,107,48,59,57,24,33,18,8,10,5488,2625,2863
559,District-Raichur,Rural,8,4061,1812,2249,52,31,21,24,15,9,5,2,3,524,256,268,157,66,91,63,29,34,34,15,19,3202,1398,1804
559,District-Raichur,Rural,9,3135,1339,1796,92,40,52,42,23,19,8,4,4,577,271,306,223,98,125,105,42,63,34,13,21,2054,848,1206
559,District-Raichur,Rural,10,5281,2228,3053,222,95,127,99,35,64,23,7,16,887,399,488,564,237,327,202,72,130,75,38,37,3209,1345,1864
559,District-Raichur,Rural,11,4009,1595,2414,425,185,240,178,72,106,39,17,22,847,385,462,613,252,361,253,89,164,51,16,35,1603,579,1024
559,District-Raichur,Rural,12,7380,2854,4526,1125,557,568,461,192,269,87,42,45,1498,573,925,1469,598,871,555,176,379,130,41,89,2055,675,1380
559,District-Raichur,Rural,13,6655,2534,4121,1255,646,609,591,237,354,102,40,62,1418,514,904,1305,499,806,496,132,364,93,33,60,1395,433,962
559,District-Raichur,Rural,14,10597,4381,6216,2585,1372,1213,1058,445,613,177,79,98,2106,786,1320,2122,886,1236,838,245,593,119,52,67,1592,516,1076
559,District-Raichur,Rural,15,14259,6308,7951,4000,2260,1740,1600,771,829,263,127,136,2407,788,1619,3034,1371,1663,1158,405,753,176,73,103,1621,513,1108
559,District-Raichur,Rural,16,17270,7947,9323,5577,3332,2245,1975,905,1070,280,139,141,2871,979,1892,3582,1698,1884,1295,449,846,188,64,124,1502,381,1121
559,District-Raichur,Rural,17,14352,6769,7583,4950,3165,1785,1770,902,868,226,114,112,2366,712,1654,2907,1258,1649,1021,333,688,149,58,91,963,227,736
559,District-Raichur,Rural,18,29343,13701,15642,10303,6772,3531,3073,1598,1475,395,200,195,4106,1020,3086,6914,2919,3995,2301,688,1613,252,78,174,1999,426,1573
559,District-Raichur,Rural,19,19461,8535,10926,6603,4336,2267,2079,1052,1027,242,130,112,2844,647,2197,4527,1694,2833,1559,396,1163,222,57,165,1385,223,1162
559,District-Raichur,Urban,5-19,44341,21871,22470,6530,5147,1383,1588,992,596,272,188,84,11042,3420,7622,3142,1824,1318,864,405,459,135,67,68,20768,9828,10940
559,District-Raichur,Urban,5,8440,4350,4090,8,4,4,2,1,1,0,0,0,76,39,37,56,36,20,64,30,34,4,2,2,8230,4238,3992
559,District-Raichur,Urban,6,5459,2869,2590,5,3,2,3,1,2,0,0,0,116,64,52,44,28,16,36,19,17,1,1,0,5254,2753,2501
559,District-Raichur,Urban,7,1666,850,816,6,4,2,6,4,2,1,0,1,187,96,91,19,14,5,12,8,4,1,0,1,1434,724,710
559,District-Raichur,Urban,8,955,490,465,14,9,5,7,2,5,0,0,0,221,113,108,26,15,11,13,8,5,0,0,0,674,343,331
559,District-Raichur,Urban,9,779,370,409,15,9,6,10,7,3,0,0,0,259,128,131,17,8,9,7,3,4,2,1,1,469,214,255
559,District-Raichur,Urban,10,1104,536,568,42,26,16,14,10,4,0,0,0,310,140,170,32,20,12,19,5,14,1,1,0,686,334,352
559,District-Raichur,Urban,11,879,435,444,68,56,12,20,11,9,5,4,1,316,142,174,57,28,29,20,10,10,4,2,2,389,182,207
559,District-Raichur,Urban,12,1362,620,742,164,120,44,60,30,30,8,5,3,526,223,303,100,52,48,38,14,24,9,5,4,457,171,286
559,District-Raichur,Urban,13,1210,574,636,183,126,57,53,28,25,9,7,2,485,201,284,120,71,49,31,17,14,6,3,3,323,121,202
559,District-Raichur,Urban,14,1763,849,914,340,243,97,97,60,37,13,9,4,652,249,403,209,122,87,65,28,37,4,2,2,383,136,247
559,District-Raichur,Urban,15,2485,1213,1272,575,440,135,163,100,63,25,20,5,895,298,597,311,171,140,90,48,42,16,3,13,410,133,277
559,District-Raichur,Urban,16,3141,1575,1566,847,644,203,194,132,62,27,19,8,1152,340,812,406,247,159,86,37,49,19,7,12,410,149,261
559,District-Raichur,Urban,17,3292,1648,1644,924,748,176,219,148,71,51,33,18,1294,368,926,327,193,134,74,46,28,21,14,7,382,98,284
559,District-Raichur,Urban,18,6417,3137,3280,1866,1532,334,400,252,148,66,48,18,2377,563,1814,838,502,336,165,82,83,26,15,11,679,143,536
559,District-Raichur,Urban,19,5389,2355,3034,1473,1183,290,340,206,134,67,43,24,2176,456,1720,580,317,263,144,50,94,21,11,10,588,89,499
560,District-Koppal,Total,5-19,153352,74567,78785,35744,23038,12706,13895,6962,6933,2032,985,1047,25034,7701,17333,11873,5546,6327,4787,1584,3203,740,274,466,59247,28477,30770
560,District-Koppal,Total,5,26547,13528,13019,12,7,5,5,2,3,2,1,1,181,89,92,314,161,153,50,31,19,13,8,5,25970,13229,12741
560,District-Koppal,Total,6,17525,8978,8547,17,14,3,8,5,3,0,0,0,289,151,138,214,110,104,49,28,21,16,9,7,16932,8661,8271
560,District-Koppal,Total,7,4867,2459,2408,37,24,13,9,4,5,0,0,0,424,202,222,69,36,33,24,10,14,7,2,5,4297,2181,2116
560,District-Koppal,Total,8,2237,1056,1181,57,29,28,17,10,7,3,0,3,474,232,242,66,31,35,26,14,12,8,3,5,1586,737,849
560,District-Koppal,Total,9,2048,962,1086,60,39,21,24,12,12,7,3,4,547,245,302,76,42,34,35,19,16,9,5,4,1290,597,693
560,District-Koppal,Total,10,3076,1402,1674,145,87,58,47,25,22,10,7,3,762,344,418,164,80,84,59,21,38,13,10,3,1876,828,1048
560,District-Koppal,Total,11,2543,1112,1431,318,189,129,152,81,71,18,10,8,794,313,481,198,90,108,104,31,73,20,12,8,939,386,553
560,District-Koppal,Total,12,4100,1751,2349,808,441,367,334,145,189,49,18,31,1227,498,729,481,200,281,226,81,145,53,20,33,922,348,574
560,District-Koppal,Total,13,4344,1798,2546,1090,570,520,462,187,275,92,31,61,1321,536,785,477,196,281,225,63,162,42,16,26,635,199,436
560,District-Koppal,Total,14,7437,3333,4104,2184,1234,950,1057,478,579,181,71,110,1979,742,1237,848,388,460,360,124,236,71,24,47,757,272,485
560,District-Koppal,Total,15,10395,4923,5472,3536,2137,1399,1614,764,850,229,105,124,2418,852,1566,1258,597,661,471,169,302,58,21,37,811,278,533
560,District-Koppal,Total,16,13369,6628,6741,5206,3289,1917,2097,1086,1011,301,157,144,2929,876,2053,1458,742,716,612,209,403,83,31,52,683,238,445
560,District-Koppal,Total,17,12539,6380,6159,5089,3432,1657,1937,1029,908,301,155,146,2860,790,2070,1221,610,611,500,180,320,68,22,46,563,162,401
560,District-Koppal,Total,18,24138,11837,12301,9843,6593,3250,3493,1828,1665,498,257,241,4905,1102,3803,3001,1407,1594,1141,369,772,160,62,98,1097,219,878
560,District-Koppal,Total,19,18187,8420,9767,7342,4953,2389,2639,1306,1333,341,170,171,3924,729,3195,2028,856,1172,905,235,670,119,29,90,889,142,747
560,District-Koppal,Rural,5-19,132075,64143,67932,31727,19851,11876,12835,6293,6542,1787,832,955,18974,6115,12859,10926,5010,5916,4498,1463,3035,672,241,431,50656,24338,26318
560,District-Koppal,Rural,5,22835,11583,11252,11,6,5,2,0,2,1,1,0,141,67,74,284,150,134,45,28,17,13,8,5,22338,11323,11015
560,District-Koppal,Rural,6,14961,7666,7295,16,13,3,8,5,3,0,0,0,213,110,103,188,93,95,42,24,18,16,9,7,14478,7412,7066
560,District-Koppal,Rural,7,4101,2054,2047,31,19,12,8,3,5,0,0,0,317,153,164,64,33,31,15,5,10,5,2,3,3661,1839,1822
560,District-Koppal,Rural,8,1897,891,1006,46,20,26,15,9,6,2,0,2,373,188,185,55,28,27,26,14,12,8,3,5,1372,629,743
560,District-Koppal,Rural,9,1737,805,932,50,29,21,24,12,12,7,3,4,442,194,248,62,35,27,35,19,16,9,5,4,1108,508,600
560,District-Koppal,Rural,10,2648,1195,1453,129,73,56,42,22,20,8,6,2,628,278,350,156,75,81,55,20,35,12,9,3,1618,712,906
560,District-Koppal,Rural,11,2185,953,1232,275,162,113,143,77,66,16,8,8,645,250,395,183,81,102,94,29,65,15,8,7,814,338,476
560,District-Koppal,Rural,12,3610,1527,2083,735,393,342,314,131,183,46,17,29,1005,415,590,452,186,266,209,75,134,49,17,32,800,293,507
560,District-Koppal,Rural,13,3800,1546,2254,989,500,489,440,175,265,84,28,56,1060,429,631,442,176,266,214,59,155,40,14,26,531,165,366
560,District-Koppal,Rural,14,6582,2906,3676,1978,1084,894,986,437,549,158,56,102,1618,614,1004,782,349,433,348,118,230,66,21,45,646,227,419
560,District-Koppal,Rural,15,9151,4315,4836,3189,1872,1317,1506,691,815,206,93,113,1891,692,1199,1166,539,627,449,159,290,55,20,35,689,249,440
560,District-Koppal,Rural,16,11748,5831,5917,4688,2869,1819,1952,1000,952,259,129,130,2255,722,1533,1345,679,666,580,195,385,78,30,48,591,207,384
560,District-Koppal,Rural,17,10682,5469,5213,4454,2924,1530,1787,929,858,258,130,128,2083,620,1463,1123,548,575,468,164,304,60,19,41,449,135,314
560,District-Koppal,Rural,18,20771,10245,10526,8723,5691,3032,3207,1647,1560,443,222,221,3553,835,2718,2770,1277,1493,1069,337,732,141,50,91,865,186,679
560,District-Koppal,Rural,19,15367,7157,8210,6413,4196,2217,2401,1155,1246,299,139,160,2750,548,2202,1854,761,1093,849,217,632,105,26,79,696,115,581
560,District-Koppal,Urban,5-19,21277,10424,10853,4017,3187,830,1060,669,391,245,153,92,6060,1586,4474,947,536,411,289,121,168,68,33,35,8591,4139,4452
560,District-Koppal,Urban,5,3712,1945,1767,1,1,0,3,2,1,1,0,1,40,22,18,30,11,19,5,3,2,0,0,0,3632,1906,1726
560,District-Koppal,Urban,6,2564,1312,1252,1,1,0,0,0,0,0,0,0,76,41,35,26,17,9,7,4,3,0,0,0,2454,1249,1205
560,District-Koppal,Urban,7,766,405,361,6,5,1,1,1,0,0,0,0,107,49,58,5,3,2,9,5,4,2,0,2,636,342,294
560,District-Koppal,Urban,8,340,165,175,11,9,2,2,1,1,1,0,1,101,44,57,11,3,8,0,0,0,0,0,0,214,108,106
560,District-Koppal,Urban,9,311,157,154,10,10,0,0,0,0,0,0,0,105,51,54,14,7,7,0,0,0,0,0,0,182,89,93
560,District-Koppal,Urban,10,428,207,221,16,14,2,5,3,2,2,1,1,134,66,68,8,5,3,4,1,3,1,1,0,258,116,142
560,District-Koppal,Urban,11,358,159,199,43,27,16,9,4,5,2,2,0,149,63,86,15,9,6,10,2,8,5,4,1,125,48,77
560,District-Koppal,Urban,12,490,224,266,73,48,25,20,14,6,3,1,2,222,83,139,29,14,15,17,6,11,4,3,1,122,55,67
560,District-Koppal,Urban,13,544,252,292,101,70,31,22,12,10,8,3,5,261,107,154,35,20,15,11,4,7,2,2,0,104,34,70
560,District-Koppal,Urban,14,855,427,428,206,150,56,71,41,30,23,15,8,361,128,233,66,39,27,12,6,6,5,3,2,111,45,66
560,District-Koppal,Urban,15,1244,608,636,347,265,82,108,73,35,23,12,11,527,160,367,92,58,34,22,10,12,3,1,2,122,29,93
560,District-Koppal,Urban,16,1621,797,824,518,420,98,145,86,59,42,28,14,674,154,520,113,63,50,32,14,18,5,1,4,92,31,61
560,District-Koppal,Urban,17,1857,911,946,635,508,127,150,100,50,43,25,18,777,170,607,98,62,36,32,16,16,8,3,5,114,27,87
560,District-Koppal,Urban,18,3367,1592,1775,1120,902,218,286,181,105,55,35,20,1352,267,1085,231,130,101,72,32,40,19,12,7,232,33,199
560,District-Koppal,Urban,19,2820,1263,1557,929,757,172,238,151,87,42,31,11,1174,181,993,174,95,79,56,18,38,14,3,11,193,27,166
561,District-Gadag,Total,5-19,91477,45832,45645,25494,17022,8472,5803,2752,3051,790,424,366,17479,4811,12668,4411,2309,2102,1116,406,710,150,73,77,36234,18035,18199
561,District-Gadag,Total,5,17331,8984,8347,10,6,4,0,0,0,0,0,0,120,67,53,111,74,37,33,14,19,1,1,0,17056,8822,8234
561,District-Gadag,Total,6,11159,5778,5381,10,4,6,0,0,0,0,0,0,197,94,103,83,47,36,21,12,9,1,0,1,10847,5621,5226
561,District-Gadag,Total,7,2957,1456,1501,9,6,3,0,0,0,1,1,0,259,125,134,23,8,15,6,1,5,2,2,0,2657,1313,1344
561,District-Gadag,Total,8,1130,544,586,19,9,10,4,1,3,1,0,1,307,155,152,16,7,9,9,2,7,1,0,1,773,370,403
561,District-Gadag,Total,9,944,465,479,27,16,11,8,1,7,1,0,1,271,132,139,18,12,6,3,1,2,1,0,1,615,303,312
561,District-Gadag,Total,10,1449,720,729,69,38,31,28,11,17,3,3,0,358,189,169,59,32,27,13,4,9,2,2,0,917,441,476
561,District-Gadag,Total,11,1207,544,663,186,114,72,39,15,24,8,4,4,451,186,265,64,28,36,23,6,17,3,0,3,433,191,242
561,District-Gadag,Total,12,1727,830,897,434,271,163,98,48,50,10,3,7,613,240,373,150,74,76,52,27,25,4,2,2,366,165,201
561,District-Gadag,Total,13,1948,872,1076,590,329,261,158,70,88,23,11,12,661,242,419,144,65,79,58,22,36,8,3,5,306,130,176
561,District-Gadag,Total,14,3341,1619,1722,1225,716,509,325,159,166,51,29,22,1067,412,655,275,134,141,55,19,36,8,3,5,335,147,188
561,District-Gadag,Total,15,5064,2441,2623,2139,1324,815,544,263,281,73,44,29,1452,446,1006,380,195,185,110,36,74,16,9,7,350,124,226
561,District-Gadag,Total,16,7472,3776,3696,3483,2273,1210,823,369,454,118,60,58,2010,587,1423,535,312,223,121,49,72,13,2,11,369,124,245
561,District-Gadag,Total,17,8021,4137,3884,3947,2682,1265,896,473,423,113,63,50,2216,497,1719,441,255,186,118,55,63,24,19,5,266,93,173
561,District-Gadag,Total,18,15006,7568,7438,7223,5016,2207,1566,733,833,204,105,99,3997,829,3168,1192,659,533,287,97,190,33,15,18,504,114,390
561,District-Gadag,Total,19,12721,6098,6623,6123,4218,1905,1314,609,705,184,101,83,3500,610,2890,920,407,513,207,61,146,33,15,18,440,77,363
561,District-Gadag,Rural,5-19,61832,30910,30922,19271,12344,6927,4378,1879,2499,570,270,300,10321,2977,7344,3260,1636,1624,794,257,537,121,55,66,23117,11492,11625
561,District-Gadag,Rural,5,11390,5878,5512,8,5,3,0,0,0,0,0,0,63,40,23,71,48,23,20,8,12,0,0,0,11228,5777,5451
561,District-Gadag,Rural,6,7065,3668,3397,7,3,4,0,0,0,0,0,0,118,57,61,54,31,23,15,9,6,1,0,1,6870,3568,3302
561,District-Gadag,Rural,7,1896,912,984,5,3,2,0,0,0,1,1,0,176,87,89,12,5,7,4,0,4,1,1,0,1697,815,882
561,District-Gadag,Rural,8,705,330,375,14,7,7,2,0,2,1,0,1,186,92,94,13,6,7,4,1,3,1,0,1,484,224,260
561,District-Gadag,Rural,9,563,257,306,22,12,10,6,1,5,1,0,1,161,76,85,11,6,5,3,1,2,1,0,1,358,161,197
561,District-Gadag,Rural,10,897,451,446,56,31,25,20,6,14,2,2,0,213,116,97,36,19,17,9,3,6,1,1,0,560,273,287
561,District-Gadag,Rural,11,775,344,431,139,81,58,31,10,21,7,4,3,276,114,162,50,19,31,17,4,13,1,0,1,254,112,142
561,District-Gadag,Rural,12,1160,553,607,341,201,140,71,32,39,10,3,7,391,156,235,104,53,51,39,18,21,2,1,1,202,89,113
561,District-Gadag,Rural,13,1349,582,767,451,237,214,125,45,80,19,8,11,431,157,274,111,47,64,45,16,29,6,2,4,161,70,91
561,District-Gadag,Rural,14,2384,1138,1246,968,536,432,246,107,139,38,22,16,696,272,424,202,98,104,40,14,26,8,3,5,186,86,100
561,District-Gadag,Rural,15,3573,1689,1884,1628,968,660,425,193,232,52,29,23,894,265,629,287,135,152,77,20,57,14,7,7,196,72,124
561,District-Gadag,Rural,16,5285,2653,2632,2654,1646,1008,627,261,366,85,40,45,1233,385,848,396,224,172,78,27,51,11,2,9,201,68,133
561,District-Gadag,Rural,17,5561,2884,2677,2959,1926,1033,665,318,347,79,39,40,1262,299,963,336,189,147,84,37,47,21,16,5,155,60,95
561,District-Gadag,Rural,18,10469,5373,5096,5445,3682,1763,1176,509,667,141,58,83,2300,524,1776,875,456,419,204,62,142,25,10,15,303,72,231
561,District-Gadag,Rural,19,8760,4198,4562,4574,3006,1568,984,397,587,134,64,70,1921,337,1584,702,300,402,155,37,118,28,12,16,262,45,217
561,District-Gadag,Urban,5-19,29645,14922,14723,6223,4678,1545,1425,873,552,220,154,66,7158,1834,5324,1151,673,478,322,149,173,29,18,11,13117,6543,6574
561,District-Gadag,Urban,5,5941,3106,2835,2,1,1,0,0,0,0,0,0,57,27,30,40,26,14,13,6,7,1,1,0,5828,3045,2783
561,District-Gadag,Urban,6,4094,2110,1984,3,1,2,0,0,0,0,0,0,79,37,42,29,16,13,6,3,3,0,0,0,3977,2053,1924
561,District-Gadag,Urban,7,1061,544,517,4,3,1,0,0,0,0,0,0,83,38,45,11,3,8,2,1,1,1,1,0,960,498,462
561,District-Gadag,Urban,8,425,214,211,5,2,3,2,1,1,0,0,0,121,63,58,3,1,2,5,1,4,0,0,0,289,146,143
561,District-Gadag,Urban,9,381,208,173,5,4,1,2,0,2,0,0,0,110,56,54,7,6,1,0,0,0,0,0,0,257,142,115
561,District-Gadag,Urban,10,552,269,283,13,7,6,8,5,3,1,1,0,145,73,72,23,13,10,4,1,3,1,1,0,357,168,189
561,District-Gadag,Urban,11,432,200,232,47,33,14,8,5,3,1,0,1,175,72,103,14,9,5,6,2,4,2,0,2,179,79,100
561,District-Gadag,Urban,12,567,277,290,93,70,23,27,16,11,0,0,0,222,84,138,46,21,25,13,9,4,2,1,1,164,76,88
561,District-Gadag,Urban,13,599,290,309,139,92,47,33,25,8,4,3,1,230,85,145,33,18,15,13,6,7,2,1,1,145,60,85
561,District-Gadag,Urban,14,957,481,476,257,180,77,79,52,27,13,7,6,371,140,231,73,36,37,15,5,10,0,0,0,149,61,88
561,District-Gadag,Urban,15,1491,752,739,511,356,155,119,70,49,21,15,6,558,181,377,93,60,33,33,16,17,2,2,0,154,52,102
561,District-Gadag,Urban,16,2187,1123,1064,829,627,202,196,108,88,33,20,13,777,202,575,139,88,51,43,22,21,2,0,2,168,56,112
561,District-Gadag,Urban,17,2460,1253,1207,988,756,232,231,155,76,34,24,10,954,198,756,105,66,39,34,18,16,3,3,0,111,33,78
561,District-Gadag,Urban,18,4537,2195,2342,1778,1334,444,390,224,166,63,47,16,1697,305,1392,317,203,114,83,35,48,8,5,3,201,42,159
561,District-Gadag,Urban,19,3961,1900,2061,1549,1212,337,330,212,118,50,37,13,1579,273,1306,218,107,111,52,24,28,5,3,2,178,32,146
562,District-Dharwad,Total,5-19,131867,66986,64881,34105,25850,8255,6211,3466,2745,1351,797,554,34521,8182,26339,4309,2842,1467,821,409,412,154,79,75,50395,25361,25034
562,District-Dharwad,Total,5,24540,12718,11822,8,7,1,5,1,4,3,1,2,210,115,95,165,84,81,73,40,33,5,0,5,24071,12470,11601
562,District-Dharwad,Total,6,15938,8344,7594,14,7,7,2,1,1,2,0,2,355,165,190,112,66,46,58,35,23,3,1,2,15392,8069,7323
562,District-Dharwad,Total,7,3931,1998,1933,23,14,9,3,3,0,0,0,0,393,198,195,31,13,18,11,7,4,1,0,1,3469,1763,1706
562,District-Dharwad,Total,8,1451,728,723,33,20,13,9,6,3,2,1,1,362,185,177,19,9,10,7,4,3,0,0,0,1019,503,516
562,District-Dharwad,Total,9,1225,607,618,30,20,10,10,7,3,5,1,4,405,194,211,27,18,9,13,6,7,2,2,0,733,359,374
562,District-Dharwad,Total,10,1801,939,862,49,31,18,21,13,8,2,1,1,512,270,242,56,31,25,14,11,3,4,2,2,1143,580,563
562,District-Dharwad,Total,11,1486,741,745,179,126,53,38,27,11,8,8,0,602,269,333,58,38,20,14,8,6,1,0,1,586,265,321
562,District-Dharwad,Total,12,2067,1057,1010,427,315,112,65,37,28,13,5,8,918,371,547,139,82,57,29,13,16,9,4,5,467,230,237
562,District-Dharwad,Total,13,2402,1214,1188,609,435,174,125,68,57,29,23,6,1055,392,663,152,103,49,31,17,14,9,4,5,392,172,220
562,District-Dharwad,Total,14,4182,2108,2074,1416,1013,403,266,148,118,68,38,30,1774,599,1175,218,127,91,31,17,14,12,7,5,397,159,238
562,District-Dharwad,Total,15,6699,3484,3215,2457,1806,651,544,319,225,126,75,51,2571,774,1797,406,261,145,66,41,25,15,5,10,514,203,311
562,District-Dharwad,Total,16,10622,5467,5155,4383,3257,1126,864,488,376,209,124,85,4168,1042,3126,471,338,133,84,41,43,18,13,5,425,164,261
562,District-Dharwad,Total,17,12767,6529,6238,5453,4181,1272,1066,633,433,224,139,85,4980,1029,3951,520,378,142,80,44,36,17,8,9,427,117,310
562,District-Dharwad,Total,18,22551,11398,11153,10172,7830,2342,1685,913,772,355,208,147,8264,1424,6840,1104,757,347,164,68,96,37,20,17,770,178,592
562,District-Dharwad,Total,19,20205,9654,10551,8852,6788,2064,1508,802,706,305,173,132,7952,1155,6797,831,537,294,146,57,89,21,13,8,590,129,461
562,District-Dharwad,Rural,5-19,62056,31626,30430,20697,14704,5993,4151,1925,2226,765,333,432,13090,2694,10396,2044,1244,800,356,141,215,66,20,46,20887,10565,10322
562,District-Dharwad,Rural,5,10607,5499,5108,3,3,0,1,0,1,0,0,0,72,42,30,74,39,35,18,10,8,4,0,4,10435,5405,5030
562,District-Dharwad,Rural,6,6579,3476,3103,7,3,4,1,1,0,1,0,1,125,60,65,51,29,22,12,7,5,2,1,1,6380,3375,3005
562,District-Dharwad,Rural,7,1589,787,802,11,8,3,1,1,0,0,0,0,129,60,69,13,7,6,4,3,1,1,0,1,1430,708,722
562,District-Dharwad,Rural,8,569,296,273,11,7,4,4,2,2,1,1,0,140,73,67,6,3,3,1,1,0,0,0,0,406,209,197
562,District-Dharwad,Rural,9,417,203,214,10,7,3,3,2,1,3,0,3,150,74,76,5,4,1,6,3,3,1,1,0,239,112,127
562,District-Dharwad,Rural,10,674,342,332,24,16,8,13,8,5,1,0,1,181,92,89,28,13,15,5,4,1,3,1,2,419,208,211
562,District-Dharwad,Rural,11,544,280,264,80,50,30,20,14,6,4,4,0,197,89,108,21,15,6,6,3,3,1,0,1,215,105,110
562,District-Dharwad,Rural,12,778,370,408,203,139,64,29,12,17,8,3,5,299,112,187,58,28,30,11,3,8,5,2,3,165,71,94
562,District-Dharwad,Rural,13,1007,492,515,318,218,100,86,45,41,14,9,5,381,128,253,55,33,22,15,6,9,2,0,2,136,53,83
562,District-Dharwad,Rural,14,2018,955,1063,835,545,290,177,81,96,43,19,24,711,204,507,92,48,44,13,5,8,4,0,4,143,53,90
562,District-Dharwad,Rural,15,3379,1674,1705,1500,1028,472,374,186,188,69,27,42,1040,245,795,187,111,76,29,13,16,5,1,4,175,63,112
562,District-Dharwad,Rural,16,5580,2843,2737,2750,1926,824,583,282,301,122,50,72,1693,357,1336,229,155,74,37,12,25,8,4,4,158,57,101
562,District-Dharwad,Rural,17,6315,3281,3034,3231,2341,890,699,349,350,133,62,71,1844,312,1532,219,152,67,33,18,15,6,2,4,150,45,105
562,District-Dharwad,Rural,18,11946,6185,5761,6443,4650,1793,1148,511,637,200,92,108,3213,477,2736,574,351,223,86,31,55,18,6,12,264,67,197
562,District-Dharwad,Rural,19,10054,4943,5111,5271,3763,1508,1012,431,581,166,66,100,2915,369,2546,432,256,176,80,22,58,6,2,4,172,34,138
562,District-Dharwad,Urban,5-19,69811,35360,34451,13408,11146,2262,2060,1541,519,586,464,122,21431,5488,15943,2265,1598,667,465,268,197,88,59,29,29508,14796,14712
562,District-Dharwad,Urban,5,13933,7219,6714,5,4,1,4,1,3,3,1,2,138,73,65,91,45,46,55,30,25,1,0,1,13636,7065,6571
562,District-Dharwad,Urban,6,9359,4868,4491,7,4,3,1,0,1,1,0,1,230,105,125,61,37,24,46,28,18,1,0,1,9012,4694,4318
562,District-Dharwad,Urban,7,2342,1211,1131,12,6,6,2,2,0,0,0,0,264,138,126,18,6,12,7,4,3,0,0,0,2039,1055,984
562,District-Dharwad,Urban,8,882,432,450,22,13,9,5,4,1,1,0,1,222,112,110,13,6,7,6,3,3,0,0,0,613,294,319
562,District-Dharwad,Urban,9,808,404,404,20,13,7,7,5,2,2,1,1,255,120,135,22,14,8,7,3,4,1,1,0,494,247,247
562,District-Dharwad,Urban,10,1127,597,530,25,15,10,8,5,3,1,1,0,331,178,153,28,18,10,9,7,2,1,1,0,724,372,352
562,District-Dharwad,Urban,11,942,461,481,99,76,23,18,13,5,4,4,0,405,180,225,37,23,14,8,5,3,0,0,0,371,160,211
562,District-Dharwad,Urban,12,1289,687,602,224,176,48,36,25,11,5,2,3,619,259,360,81,54,27,18,10,8,4,2,2,302,159,143
562,District-Dharwad,Urban,13,1395,722,673,291,217,74,39,23,16,15,14,1,674,264,410,97,70,27,16,11,5,7,4,3,256,119,137
562,District-Dharwad,Urban,14,2164,1153,1011,581,468,113,89,67,22,25,19,6,1063,395,668,126,79,47,18,12,6,8,7,1,254,106,148
562,District-Dharwad,Urban,15,3320,1810,1510,957,778,179,170,133,37,57,48,9,1531,529,1002,219,150,69,37,28,9,10,4,6,339,140,199
562,District-Dharwad,Urban,16,5042,2624,2418,1633,1331,302,281,206,75,87,74,13,2475,685,1790,242,183,59,47,29,18,10,9,1,267,107,160
562,District-Dharwad,Urban,17,6452,3248,3204,2222,1840,382,367,284,83,91,77,14,3136,717,2419,301,226,75,47,26,21,11,6,5,277,72,205
562,District-Dharwad,Urban,18,10605,5213,5392,3729,3180,549,537,402,135,155,116,39,5051,947,4104,530,406,124,78,37,41,19,14,5,506,111,395
562,District-Dharwad,Urban,19,10151,4711,5440,3581,3025,556,496,371,125,139,107,32,5037,786,4251,399,281,118,66,35,31,15,11,4,418,95,323
563,District-Uttara Kannada,Total,5-19,85085,43634,41451,20006,14987,5019,6171,3619,2552,1917,1063,854,26097,8264,17833,877,504,373,291,129,162,60,26,34,29666,15042,14624
563,District-Uttara Kannada,Total,5,14656,7607,7049,4,3,1,0,0,0,0,0,0,122,56,66,73,36,37,10,3,7,3,2,1,14444,7507,6937
563,District-Uttara Kannada,Total,6,9899,5073,4826,5,5,0,0,0,0,1,0,1,214,107,107,49,30,19,13,7,6,1,1,0,9616,4923,4693
563,District-Uttara Kannada,Total,7,2033,1073,960,5,3,2,5,3,2,0,0,0,329,152,177,10,5,5,2,1,1,1,0,1,1681,909,772
563,District-Uttara Kannada,Total,8,788,388,400,10,7,3,2,2,0,1,0,1,314,149,165,4,2,2,0,0,0,0,0,0,457,228,229
563,District-Uttara Kannada,Total,9,817,415,402,14,9,5,4,2,2,0,0,0,346,182,164,6,2,4,2,0,2,1,1,0,444,219,225
563,District-Uttara Kannada,Total,10,961,458,503,12,5,7,6,5,1,1,1,0,374,186,188,9,2,7,6,2,4,1,0,1,552,257,295
563,District-Uttara Kannada,Total,11,937,440,497,79,47,32,19,11,8,4,3,1,460,208,252,16,7,9,6,3,3,2,0,2,351,161,190
563,District-Uttara Kannada,Total,12,1241,597,644,165,122,43,59,34,25,22,10,12,658,285,373,22,16,6,8,3,5,2,1,1,305,126,179
563,District-Uttara Kannada,Total,13,1567,736,831,214,144,70,92,47,45,48,23,25,898,392,506,30,17,13,3,0,3,4,2,2,278,111,167
563,District-Uttara Kannada,Total,14,2821,1459,1362,585,424,161,252,157,95,90,52,38,1550,662,888,47,27,20,14,7,7,3,2,1,280,128,152
563,District-Uttara Kannada,Total,15,4594,2395,2199,1299,976,323,500,283,217,189,111,78,2220,859,1361,76,38,38,29,14,15,5,2,3,276,112,164
563,District-Uttara Kannada,Total,16,7429,3896,3533,2498,1879,619,837,500,337,291,169,122,3431,1184,2247,75,43,32,24,9,15,3,0,3,270,112,158
563,District-Uttara Kannada,Total,17,9119,4802,4317,3510,2688,822,1044,612,432,327,177,150,3911,1170,2741,92,51,41,27,10,17,5,3,2,203,91,112
563,District-Uttara Kannada,Total,18,14232,7281,6951,5844,4316,1528,1714,1010,704,483,279,204,5647,1420,4227,196,117,79,82,44,38,16,7,9,250,88,162
563,District-Uttara Kannada,Total,19,13991,7014,6977,5762,4359,1403,1637,953,684,460,238,222,5623,1252,4371,172,111,61,65,26,39,13,5,8,259,70,189
563,District-Uttara Kannada,Rural,5-19,64668,33079,31589,16808,12314,4494,5432,3044,2388,1679,874,805,19380,6019,13361,698,384,314,235,103,132,52,21,31,20384,10320,10064
563,District-Uttara Kannada,Rural,5,9984,5198,4786,3,2,1,0,0,0,0,0,0,82,38,44,45,21,24,7,2,5,2,1,1,9845,5134,4711
563,District-Uttara Kannada,Rural,6,6684,3402,3282,3,3,0,0,0,0,0,0,0,165,83,82,28,16,12,11,6,5,1,1,0,6476,3293,3183
563,District-Uttara Kannada,Rural,7,1394,751,643,5,3,2,4,3,1,0,0,0,217,102,115,10,5,5,1,1,0,1,0,1,1156,637,519
563,District-Uttara Kannada,Rural,8,561,274,287,5,4,1,0,0,0,1,0,1,224,109,115,4,2,2,0,0,0,0,0,0,327,159,168
563,District-Uttara Kannada,Rural,9,611,305,306,11,6,5,3,2,1,0,0,0,247,128,119,4,2,2,2,0,2,1,1,0,343,166,177
563,District-Uttara Kannada,Rural,10,722,356,366,9,5,4,6,5,1,0,0,0,269,142,127,9,2,7,4,2,2,1,0,1,424,200,224
563,District-Uttara Kannada,Rural,11,682,314,368,63,33,30,17,9,8,3,2,1,314,135,179,14,6,8,4,3,1,2,0,2,265,126,139
563,District-Uttara Kannada,Rural,12,952,449,503,135,94,41,53,29,24,20,9,11,488,201,287,20,14,6,5,2,3,2,1,1,229,99,130
563,District-Uttara Kannada,Rural,13,1221,564,657,176,114,62,83,41,42,42,17,25,686,301,385,27,16,11,2,0,2,3,1,2,202,74,128
563,District-Uttara Kannada,Rural,14,2312,1176,1136,516,367,149,228,139,89,78,43,35,1231,499,732,42,25,17,12,6,6,2,1,1,203,96,107
563,District-Uttara Kannada,Rural,15,3795,1961,1834,1113,824,289,446,243,203,172,97,75,1761,669,1092,60,28,32,24,12,12,5,2,3,214,86,128
563,District-Uttara Kannada,Rural,16,6060,3132,2928,2131,1572,559,765,438,327,266,150,116,2632,860,1772,60,30,30,19,7,12,2,0,2,185,75,110
563,District-Uttara Kannada,Rural,17,7412,3880,3532,2992,2246,746,911,503,408,291,150,141,2965,861,2104,72,40,32,22,7,15,5,3,2,154,70,84
563,District-Uttara Kannada,Rural,18,11310,5764,5546,4873,3513,1360,1496,832,664,419,224,195,4105,1012,3093,158,90,68,68,34,34,15,6,9,176,53,123
563,District-Uttara Kannada,Rural,19,10968,5553,5415,4773,3528,1245,1420,800,620,387,182,205,3994,879,3115,145,87,58,54,21,33,10,4,6,185,52,133
563,District-Uttara Kannada,Urban,5-19,20417,10555,9862,3198,2673,525,739,575,164,238,189,49,6717,2245,4472,179,120,59,56,26,30,8,5,3,9282,4722,4560
563,District-Uttara Kannada,Urban,5,4672,2409,2263,1,1,0,0,0,0,0,0,0,40,18,22,28,15,13,3,1,2,1,1,0,4599,2373,2226
563,District-Uttara Kannada,Urban,6,3215,1671,1544,2,2,0,0,0,0,1,0,1,49,24,25,21,14,7,2,1,1,0,0,0,3140,1630,1510
563,District-Uttara Kannada,Urban,7,639,322,317,0,0,0,1,0,1,0,0,0,112,50,62,0,0,0,1,0,1,0,0,0,525,272,253
563,District-Uttara Kannada,Urban,8,227,114,113,5,3,2,2,2,0,0,0,0,90,40,50,0,0,0,0,0,0,0,0,0,130,69,61
563,District-Uttara Kannada,Urban,9,206,110,96,3,3,0,1,0,1,0,0,0,99,54,45,2,0,2,0,0,0,0,0,0,101,53,48
563,District-Uttara Kannada,Urban,10,239,102,137,3,0,3,0,0,0,1,1,0,105,44,61,0,0,0,2,0,2,0,0,0,128,57,71
563,District-Uttara Kannada,Urban,11,255,126,129,16,14,2,2,2,0,1,1,0,146,73,73,2,1,1,2,0,2,0,0,0,86,35,51
563,District-Uttara Kannada,Urban,12,289,148,141,30,28,2,6,5,1,2,1,1,170,84,86,2,2,0,3,1,2,0,0,0,76,27,49
563,District-Uttara Kannada,Urban,13,346,172,174,38,30,8,9,6,3,6,6,0,212,91,121,3,1,2,1,0,1,1,1,0,76,37,39
563,District-Uttara Kannada,Urban,14,509,283,226,69,57,12,24,18,6,12,9,3,319,163,156,5,2,3,2,1,1,1,1,0,77,32,45
563,District-Uttara Kannada,Urban,15,799,434,365,186,152,34,54,40,14,17,14,3,459,190,269,16,10,6,5,2,3,0,0,0,62,26,36
563,District-Uttara Kannada,Urban,16,1369,764,605,367,307,60,72,62,10,25,19,6,799,324,475,15,13,2,5,2,3,1,0,1,85,37,48
563,District-Uttara Kannada,Urban,17,1707,922,785,518,442,76,133,109,24,36,27,9,946,309,637,20,11,9,5,3,2,0,0,0,49,21,28
563,District-Uttara Kannada,Urban,18,2922,1517,1405,971,803,168,218,178,40,64,55,9,1542,408,1134,38,27,11,14,10,4,1,1,0,74,35,39
563,District-Uttara Kannada,Urban,19,3023,1461,1562,989,831,158,217,153,64,73,56,17,1629,373,1256,27,24,3,11,5,6,3,1,2,74,18,56
564,District-Haveri,Total,5-19,138313,70394,67919,39734,29157,10577,11396,6166,5230,1402,767,635,33541,7730,25811,4307,2680,1627,1151,530,621,150,70,80,46632,23294,23338
564,District-Haveri,Total,5,23412,12000,11412,8,2,6,2,1,1,1,1,0,207,89,118,167,96,71,46,23,23,7,6,1,22974,11782,11192
564,District-Haveri,Total,6,14709,7712,6997,14,12,2,5,3,2,1,1,0,303,150,153,98,52,46,17,8,9,3,3,0,14268,7483,6785
564,District-Haveri,Total,7,3861,1988,1873,14,9,5,3,2,1,1,1,0,317,162,155,35,23,12,5,1,4,0,0,0,3486,1790,1696
564,District-Haveri,Total,8,1229,594,635,27,17,10,6,3,3,1,0,1,285,143,142,16,10,6,7,1,6,1,1,0,886,419,467
564,District-Haveri,Total,9,870,407,463,40,25,15,11,3,8,0,0,0,284,124,160,20,14,6,5,1,4,3,2,1,507,238,269
564,District-Haveri,Total,10,1311,627,684,70,46,24,29,14,15,5,1,4,413,185,228,30,14,16,29,12,17,2,0,2,733,355,378
564,District-Haveri,Total,11,1198,620,578,174,133,41,58,31,27,11,6,5,515,228,287,50,24,26,21,13,8,2,0,2,367,185,182
564,District-Haveri,Total,12,2141,1057,1084,513,354,159,147,75,72,31,17,14,871,359,512,134,73,61,48,23,25,5,2,3,392,154,238
564,District-Haveri,Total,13,2712,1319,1393,784,540,244,264,141,123,41,24,17,1119,414,705,136,64,72,36,19,17,10,5,5,322,112,210
564,District-Haveri,Total,14,5179,2598,2581,1748,1178,570,594,310,284,87,56,31,2011,678,1333,270,168,102,69,31,38,12,4,8,388,173,215
564,District-Haveri,Total,15,8051,4155,3896,3194,2235,959,1028,589,439,137,80,57,2820,842,1978,367,222,145,85,31,54,9,4,5,411,152,259
564,District-Haveri,Total,16,13312,6764,6548,5745,4127,1618,1647,882,765,198,119,79,4580,1048,3532,554,357,197,145,76,69,18,7,11,425,148,277
564,District-Haveri,Total,17,14377,7259,7118,6308,4629,1679,1954,1064,890,211,116,95,4960,1004,3956,468,291,177,126,50,76,10,4,6,340,101,239
564,District-Haveri,Total,18,25545,13245,12300,11872,8937,2935,3158,1715,1443,398,207,191,7999,1310,6689,1166,789,377,282,140,142,36,21,15,634,126,508
564,District-Haveri,Total,19,20406,10049,10357,9223,6913,2310,2490,1333,1157,279,138,141,6857,994,5863,796,483,313,230,101,129,32,11,21,499,76,423
564,District-Haveri,Rural,5-19,108512,55003,53509,32951,23749,9202,9792,5061,4731,1126,576,550,24919,5575,19344,3345,2030,1315,838,370,468,109,54,55,35432,17588,17844
564,District-Haveri,Rural,5,17944,9141,8803,6,2,4,1,1,0,0,0,0,151,63,88,131,75,56,32,15,17,6,5,1,17617,8980,8637
564,District-Haveri,Rural,6,11222,5841,5381,12,10,2,5,3,2,1,1,0,230,115,115,76,40,36,10,4,6,3,3,0,10885,5665,5220
564,District-Haveri,Rural,7,2887,1479,1408,11,7,4,2,1,1,1,1,0,232,115,117,32,21,11,3,0,3,0,0,0,2606,1334,1272
564,District-Haveri,Rural,8,962,454,508,24,15,9,4,2,2,1,0,1,230,115,115,14,9,5,7,1,6,0,0,0,682,312,370
564,District-Haveri,Rural,9,678,320,358,34,23,11,8,1,7,0,0,0,229,99,130,15,10,5,3,1,2,3,2,1,386,184,202
564,District-Haveri,Rural,10,1013,472,541,59,38,21,24,11,13,4,1,3,319,135,184,23,12,11,22,10,12,2,0,2,560,265,295
564,District-Haveri,Rural,11,903,457,446,132,97,35,50,26,24,9,5,4,378,165,213,40,19,21,16,9,7,2,0,2,276,136,140
564,District-Haveri,Rural,12,1589,772,817,394,263,131,124,60,64,27,16,11,616,252,364,107,61,46,32,13,19,4,2,2,285,105,180
564,District-Haveri,Rural,13,1994,966,1028,614,414,200,216,116,100,36,21,15,781,275,506,104,46,58,25,13,12,6,4,2,212,77,135
564,District-Haveri,Rural,14,4007,1968,2039,1384,900,484,499,247,252,71,44,27,1520,513,1007,217,132,85,50,24,26,10,2,8,256,106,150
564,District-Haveri,Rural,15,6343,3242,3101,2622,1787,835,871,478,393,113,63,50,2083,599,1484,293,177,116,65,26,39,7,3,4,289,109,180
564,District-Haveri,Rural,16,10591,5403,5188,4785,3403,1382,1413,731,682,153,83,70,3397,765,2632,432,270,162,99,49,50,13,7,6,299,95,204
564,District-Haveri,Rural,17,11465,5757,5708,5250,3783,1467,1695,878,817,168,86,82,3677,704,2973,340,197,143,86,33,53,6,3,3,243,73,170
564,District-Haveri,Rural,18,20505,10648,9857,9893,7337,2556,2715,1405,1310,322,156,166,5980,946,5034,897,597,300,212,101,111,25,16,9,461,90,371
564,District-Haveri,Rural,19,16409,8083,8326,7731,5670,2061,2165,1101,1064,220,99,121,5096,714,4382,624,364,260,176,71,105,22,7,15,375,57,318
564,District-Haveri,Urban,5-19,29801,15391,14410,6783,5408,1375,1604,1105,499,276,191,85,8622,2155,6467,962,650,312,313,160,153,41,16,25,11200,5706,5494
564,District-Haveri,Urban,5,5468,2859,2609,2,0,2,1,0,1,1,1,0,56,26,30,36,21,15,14,8,6,1,1,0,5357,2802,2555
564,District-Haveri,Urban,6,3487,1871,1616,2,2,0,0,0,0,0,0,0,73,35,38,22,12,10,7,4,3,0,0,0,3383,1818,1565
564,District-Haveri,Urban,7,974,509,465,3,2,1,1,1,0,0,0,0,85,47,38,3,2,1,2,1,1,0,0,0,880,456,424
564,District-Haveri,Urban,8,267,140,127,3,2,1,2,1,1,0,0,0,55,28,27,2,1,1,0,0,0,1,1,0,204,107,97
564,District-Haveri,Urban,9,192,87,105,6,2,4,3,2,1,0,0,0,55,25,30,5,4,1,2,0,2,0,0,0,121,54,67
564,District-Haveri,Urban,10,298,155,143,11,8,3,5,3,2,1,0,1,94,50,44,7,2,5,7,2,5,0,0,0,173,90,83
564,District-Haveri,Urban,11,295,163,132,42,36,6,8,5,3,2,1,1,137,63,74,10,5,5,5,4,1,0,0,0,91,49,42
564,District-Haveri,Urban,12,552,285,267,119,91,28,23,15,8,4,1,3,255,107,148,27,12,15,16,10,6,1,0,1,107,49,58
564,District-Haveri,Urban,13,718,353,365,170,126,44,48,25,23,5,3,2,338,139,199,32,18,14,11,6,5,4,1,3,110,35,75
564,District-Haveri,Urban,14,1172,630,542,364,278,86,95,63,32,16,12,4,491,165,326,53,36,17,19,7,12,2,2,0,132,67,65
564,District-Haveri,Urban,15,1708,913,795,572,448,124,157,111,46,24,17,7,737,243,494,74,45,29,20,5,15,2,1,1,122,43,79
564,District-Haveri,Urban,16,2721,1361,1360,960,724,236,234,151,83,45,36,9,1183,283,900,122,87,35,46,27,19,5,0,5,126,53,73
564,District-Haveri,Urban,17,2912,1502,1410,1058,846,212,259,186,73,43,30,13,1283,300,983,128,94,34,40,17,23,4,1,3,97,28,69
564,District-Haveri,Urban,18,5040,2597,2443,1979,1600,379,443,310,133,76,51,25,2019,364,1655,269,192,77,70,39,31,11,5,6,173,36,137
564,District-Haveri,Urban,19,3997,1966,2031,1492,1243,249,325,232,93,59,39,20,1761,280,1481,172,119,53,54,30,24,10,4,6,124,19,105
565,District-Bellary,Total,5-19,273636,130377,143259,69045,44655,24390,14628,6960,7668,1648,826,822,48790,13546,35244,28314,12615,15699,5253,1774,3479,601,238,363,105357,49763,55594
565,District-Bellary,Total,5,46546,23839,22707,19,12,7,5,1,4,0,0,0,358,196,162,284,165,119,148,81,67,14,5,9,45718,23379,22339
565,District-Bellary,Total,6,30136,15369,14767,19,11,8,8,4,4,1,1,0,616,296,320,172,81,91,98,39,59,9,6,3,29213,14931,14282
565,District-Bellary,Total,7,9019,4476,4543,35,21,14,11,5,6,1,1,0,782,383,399,84,41,43,39,13,26,5,3,2,8062,4009,4053
565,District-Bellary,Total,8,4355,2019,2336,59,32,27,18,12,6,2,2,0,911,433,478,135,68,67,44,26,18,11,5,6,3175,1441,1734
565,District-Bellary,Total,9,3279,1450,1829,139,72,67,20,9,11,7,4,3,937,415,522,176,88,88,43,17,26,9,4,5,1948,841,1107
565,District-Bellary,Total,10,5285,2352,2933,335,200,135,61,31,30,16,7,9,1316,573,743,454,201,253,103,32,71,22,9,13,2978,1299,1679
565,District-Bellary,Total,11,4677,1951,2726,646,331,315,177,71,106,25,14,11,1490,608,882,561,222,339,127,40,87,22,8,14,1629,657,972
565,District-Bellary,Total,12,7934,3349,4585,1730,962,768,408,187,221,72,30,42,2286,874,1412,1406,569,837,273,100,173,44,16,28,1715,611,1104
565,District-Bellary,Total,13,8527,3500,5027,2478,1293,1185,564,226,338,74,28,46,2530,893,1637,1351,546,805,237,72,165,28,5,23,1265,437,828
565,District-Bellary,Total,14,13017,5517,7500,4499,2474,2025,1053,445,608,128,57,71,3340,1060,2280,2171,889,1282,396,123,273,52,25,27,1378,444,934
565,District-Bellary,Total,15,18665,8589,10076,7283,4340,2943,1680,746,934,192,105,87,4449,1338,3111,3030,1405,1625,523,190,333,51,23,28,1457,442,1015
565,District-Bellary,Total,16,23892,11382,12510,10136,6321,3815,2289,1080,1209,259,134,125,5656,1596,4060,3537,1648,1889,659,226,433,72,24,48,1284,353,931
565,District-Bellary,Total,17,22988,11216,11772,9903,6630,3273,2162,1080,1082,227,118,109,5783,1394,4389,3162,1505,1657,532,202,330,56,26,30,1163,261,902
565,District-Bellary,Total,18,43074,20523,22551,18471,12617,5854,3567,1753,1814,371,183,188,9941,1967,7974,7001,3163,3838,1176,388,788,126,53,73,2421,399,2022
565,District-Bellary,Total,19,32242,14845,17397,13293,9339,3954,2605,1310,1295,273,142,131,8395,1520,6875,4790,2024,2766,855,225,630,80,26,54,1951,259,1692
565,District-Bellary,Rural,5-19,189613,89470,100143,53516,32629,20887,12453,5585,6868,1188,541,647,27419,7881,19538,22566,9329,13237,4405,1408,2997,456,166,290,67610,31931,35679
565,District-Bellary,Rural,5,30723,15807,14916,15,9,6,4,1,3,0,0,0,169,94,75,222,127,95,94,53,41,13,5,8,30206,15518,14688
565,District-Bellary,Rural,6,19161,9719,9442,15,9,6,5,2,3,1,1,0,336,162,174,120,56,64,70,31,39,9,6,3,18605,9452,9153
565,District-Bellary,Rural,7,5600,2736,2864,26,15,11,7,2,5,1,1,0,426,206,220,67,33,34,32,11,21,2,2,0,5039,2466,2573
565,District-Bellary,Rural,8,2654,1217,1437,41,23,18,14,11,3,2,2,0,498,239,259,107,56,51,31,17,14,8,3,5,1953,866,1087
565,District-Bellary,Rural,9,2039,842,1197,115,58,57,14,5,9,7,4,3,533,226,307,131,61,70,34,13,21,8,4,4,1197,471,726
565,District-Bellary,Rural,10,3464,1533,1931,258,151,107,53,27,26,11,5,6,787,354,433,348,153,195,81,25,56,18,6,12,1908,812,1096
565,District-Bellary,Rural,11,3136,1226,1910,533,260,273,149,57,92,18,9,9,852,324,528,438,157,281,92,26,66,18,7,11,1036,386,650
565,District-Bellary,Rural,12,5655,2256,3399,1370,704,666,351,148,203,50,17,33,1382,516,866,1106,405,701,240,83,157,32,12,20,1124,371,753
565,District-Bellary,Rural,13,6216,2464,3752,1989,958,1031,503,191,312,54,18,36,1556,565,991,1072,404,668,194,58,136,25,5,20,823,265,558
565,District-Bellary,Rural,14,9726,4015,5711,3647,1871,1776,919,365,554,95,39,56,2056,678,1378,1755,669,1086,341,96,245,41,18,23,872,279,593
565,District-Bellary,Rural,15,13920,6212,7708,5782,3229,2553,1468,611,857,144,74,70,2699,818,1881,2408,1036,1372,455,158,297,39,17,22,925,269,656
565,District-Bellary,Rural,16,17995,8395,9600,8073,4782,3291,2010,897,1113,196,98,98,3470,964,2506,2808,1217,1591,572,182,390,62,18,44,804,237,567
565,District-Bellary,Rural,17,16555,8060,8495,7729,4904,2825,1856,885,971,159,73,86,3159,758,2401,2483,1108,1375,453,164,289,36,15,21,680,153,527
565,District-Bellary,Rural,18,30770,14739,16031,14080,9144,4936,2970,1384,1586,272,122,150,5332,1154,4178,5650,2352,3298,987,313,674,91,35,56,1388,235,1153
565,District-Bellary,Rural,19,21999,10249,11750,9843,6512,3331,2130,999,1131,178,78,100,4164,823,3341,3851,1495,2356,729,178,551,54,13,41,1050,151,899
565,District-Bellary,Urban,5-19,84023,40907,43116,15529,12026,3503,2175,1375,800,460,285,175,21371,5665,15706,5748,3286,2462,848,366,482,145,72,73,37747,17832,19915
565,District-Bellary,Urban,5,15823,8032,7791,4,3,1,1,0,1,0,0,0,189,102,87,62,38,24,54,28,26,1,0,1,15512,7861,7651
565,District-Bellary,Urban,6,10975,5650,5325,4,2,2,3,2,1,0,0,0,280,134,146,52,25,27,28,8,20,0,0,0,10608,5479,5129
565,District-Bellary,Urban,7,3419,1740,1679,9,6,3,4,3,1,0,0,0,356,177,179,17,8,9,7,2,5,3,1,2,3023,1543,1480
565,District-Bellary,Urban,8,1701,802,899,18,9,9,4,1,3,0,0,0,413,194,219,28,12,16,13,9,4,3,2,1,1222,575,647
565,District-Bellary,Urban,9,1240,608,632,24,14,10,6,4,2,0,0,0,404,189,215,45,27,18,9,4,5,1,0,1,751,370,381
565,District-Bellary,Urban,10,1821,819,1002,77,49,28,8,4,4,5,2,3,529,219,310,106,48,58,22,7,15,4,3,1,1070,487,583
565,District-Bellary,Urban,11,1541,725,816,113,71,42,28,14,14,7,5,2,638,284,354,123,65,58,35,14,21,4,1,3,593,271,322
565,District-Bellary,Urban,12,2279,1093,1186,360,258,102,57,39,18,22,13,9,904,358,546,300,164,136,33,17,16,12,4,8,591,240,351
565,District-Bellary,Urban,13,2311,1036,1275,489,335,154,61,35,26,20,10,10,974,328,646,279,142,137,43,14,29,3,0,3,442,172,270
565,District-Bellary,Urban,14,3291,1502,1789,852,603,249,134,80,54,33,18,15,1284,382,902,416,220,196,55,27,28,11,7,4,506,165,341
565,District-Bellary,Urban,15,4745,2377,2368,1501,1111,390,212,135,77,48,31,17,1750,520,1230,622,369,253,68,32,36,12,6,6,532,173,359
565,District-Bellary,Urban,16,5897,2987,2910,2063,1539,524,279,183,96,63,36,27,2186,632,1554,729,431,298,87,44,43,10,6,4,480,116,364
565,District-Bellary,Urban,17,6433,3156,3277,2174,1726,448,306,195,111,68,45,23,2624,636,1988,679,397,282,79,38,41,20,11,9,483,108,375
565,District-Bellary,Urban,18,12304,5784,6520,4391,3473,918,597,369,228,99,61,38,4609,813,3796,1351,811,540,189,75,114,35,18,17,1033,164,869
565,District-Bellary,Urban,19,10243,4596,5647,3450,2827,623,475,311,164,95,64,31,4231,697,3534,939,529,410,126,47,79,26,13,13,901,108,793
566,District-Chitradurga,Total,5-19,126135,63722,62413,36046,23954,12092,14097,6579,7518,2171,1049,1122,25422,8172,17250,4604,2287,2317,1695,664,1031,350,162,188,41750,20855,20895
566,District-Chitradurga,Total,5,20910,10889,10021,15,11,4,0,0,0,1,1,0,213,112,101,230,131,99,101,53,48,27,13,14,20323,10568,9755
566,District-Chitradurga,Total,6,12546,6480,6066,14,12,2,2,0,2,1,0,1,320,165,155,144,77,67,74,40,34,16,9,7,11975,6177,5798
566,District-Chitradurga,Total,7,3177,1616,1561,27,16,11,5,2,3,2,2,0,452,232,220,22,12,10,17,5,12,7,3,4,2645,1344,1301
566,District-Chitradurga,Total,8,1441,675,766,52,29,23,14,10,4,1,1,0,425,215,210,26,14,12,12,7,5,6,2,4,905,397,508
566,District-Chitradurga,Total,9,1411,726,685,45,25,20,23,11,12,3,1,2,468,239,229,29,16,13,12,5,7,5,4,1,826,425,401
566,District-Chitradurga,Total,10,1864,928,936,93,58,35,34,20,14,16,8,8,558,293,265,56,30,26,34,13,21,10,6,4,1063,500,563
566,District-Chitradurga,Total,11,1683,793,890,239,153,86,88,33,55,19,14,5,670,277,393,54,25,29,32,14,18,11,4,7,570,273,297
566,District-Chitradurga,Total,12,2519,1215,1304,590,374,216,266,134,132,43,20,23,934,413,521,162,73,89,80,30,50,18,6,12,426,165,261
566,District-Chitradurga,Total,13,2945,1387,1558,789,468,321,384,169,215,70,31,39,1089,468,621,171,70,101,70,24,46,17,4,13,355,153,202
566,District-Chitradurga,Total,14,4731,2399,2332,1602,1042,560,703,318,385,130,69,61,1477,621,856,276,128,148,100,34,66,18,8,10,425,179,246
566,District-Chitradurga,Total,15,7579,3930,3649,2951,1898,1053,1288,630,658,216,118,98,2068,804,1264,441,243,198,134,59,75,31,13,18,450,165,285
566,District-Chitradurga,Total,16,10754,5582,5172,4536,3044,1492,1903,924,979,287,157,130,2895,950,1945,494,259,235,175,79,96,42,24,18,422,145,277
566,District-Chitradurga,Total,17,12756,6491,6265,5702,3847,1855,2329,1089,1240,368,167,201,3338,948,2390,482,242,240,175,73,102,28,16,12,334,109,225
566,District-Chitradurga,Total,18,22403,11324,11079,10520,7072,3448,3720,1750,1970,538,254,284,5513,1366,4147,1146,590,556,355,119,236,57,27,30,554,146,408
566,District-Chitradurga,Total,19,19416,9287,10129,8871,5905,2966,3338,1489,1849,476,206,270,5002,1069,3933,871,377,494,324,109,215,57,23,34,477,109,368
566,District-Chitradurga,Rural,5-19,105531,53166,52365,31936,20606,11330,13329,6102,7227,1961,895,1066,18873,6210,12663,4157,2014,2143,1572,605,967,308,134,174,33395,16600,16795
566,District-Chitradurga,Rural,5,16779,8782,7997,13,9,4,0,0,0,1,1,0,167,94,73,182,98,84,74,43,31,26,13,13,16316,8524,7792
566,District-Chitradurga,Rural,6,9962,5073,4889,11,10,1,2,0,2,1,0,1,238,120,118,129,69,60,59,33,26,16,9,7,9506,4832,4674
566,District-Chitradurga,Rural,7,2545,1277,1268,20,10,10,4,2,2,2,2,0,337,170,167,22,12,10,15,4,11,7,3,4,2138,1074,1064
566,District-Chitradurga,Rural,8,1168,544,624,44,24,20,11,8,3,0,0,0,328,166,162,23,13,10,9,6,3,6,2,4,747,325,422
566,District-Chitradurga,Rural,9,1130,579,551,40,22,18,19,9,10,2,1,1,357,184,173,24,13,11,9,3,6,5,4,1,674,343,331
566,District-Chitradurga,Rural,10,1466,714,752,79,50,29,30,17,13,15,7,8,430,222,208,53,28,25,29,11,18,9,5,4,821,374,447
566,District-Chitradurga,Rural,11,1338,614,724,197,121,76,80,30,50,17,12,5,502,206,296,50,23,27,30,13,17,11,4,7,451,205,246
566,District-Chitradurga,Rural,12,2104,1006,1098,514,322,192,241,120,121,38,18,20,712,316,396,152,65,87,75,27,48,17,5,12,355,133,222
566,District-Chitradurga,Rural,13,2506,1164,1342,695,397,298,363,154,209,64,29,35,850,370,480,157,67,90,68,22,46,15,3,12,294,122,172
566,District-Chitradurga,Rural,14,4099,2055,2044,1436,904,532,663,296,367,119,60,59,1187,501,686,247,114,133,98,34,64,14,7,7,335,139,196
566,District-Chitradurga,Rural,15,6578,3374,3204,2621,1619,1002,1240,604,636,199,106,93,1610,636,974,394,212,182,126,56,70,29,11,18,359,130,229
566,District-Chitradurga,Rural,16,9342,4819,4523,4077,2657,1420,1806,865,941,259,137,122,2210,723,1487,457,234,223,164,72,92,36,18,18,333,113,220
566,District-Chitradurga,Rural,17,10975,5567,5408,5062,3318,1744,2208,1011,1197,334,142,192,2467,711,1756,434,216,218,170,70,100,24,12,12,276,87,189
566,District-Chitradurga,Rural,18,19172,9741,9431,9333,6118,3215,3521,1630,1891,476,206,270,3990,1017,2973,1044,529,515,341,112,229,46,20,26,421,109,312
566,District-Chitradurga,Rural,19,16367,7857,8510,7794,5025,2769,3141,1356,1785,434,174,260,3488,774,2714,789,321,468,305,99,206,47,18,29,369,90,279
566,District-Chitradurga,Urban,5-19,20604,10556,10048,4110,3348,762,768,477,291,210,154,56,6549,1962,4587,447,273,174,123,59,64,42,28,14,8355,4255,4100
566,District-Chitradurga,Urban,5,4131,2107,2024,2,2,0,0,0,0,0,0,0,46,18,28,48,33,15,27,10,17,1,0,1,4007,2044,1963
566,District-Chitradurga,Urban,6,2584,1407,1177,3,2,1,0,0,0,0,0,0,82,45,37,15,8,7,15,7,8,0,0,0,2469,1345,1124
566,District-Chitradurga,Urban,7,632,339,293,7,6,1,1,0,1,0,0,0,115,62,53,0,0,0,2,1,1,0,0,0,507,270,237
566,District-Chitradurga,Urban,8,273,131,142,8,5,3,3,2,1,1,1,0,97,49,48,3,1,2,3,1,2,0,0,0,158,72,86
566,District-Chitradurga,Urban,9,281,147,134,5,3,2,4,2,2,1,0,1,111,55,56,5,3,2,3,2,1,0,0,0,152,82,70
566,District-Chitradurga,Urban,10,398,214,184,14,8,6,4,3,1,1,1,0,128,71,57,3,2,1,5,2,3,1,1,0,242,126,116
566,District-Chitradurga,Urban,11,345,179,166,42,32,10,8,3,5,2,2,0,168,71,97,4,2,2,2,1,1,0,0,0,119,68,51
566,District-Chitradurga,Urban,12,415,209,206,76,52,24,25,14,11,5,2,3,222,97,125,10,8,2,5,3,2,1,1,0,71,32,39
566,District-Chitradurga,Urban,13,439,223,216,94,71,23,21,15,6,6,2,4,239,98,141,14,3,11,2,2,0,2,1,1,61,31,30
566,District-Chitradurga,Urban,14,632,344,288,166,138,28,40,22,18,11,9,2,290,120,170,29,14,15,2,0,2,4,1,3,90,40,50
566,District-Chitradurga,Urban,15,1001,556,445,330,279,51,48,26,22,17,12,5,458,168,290,47,31,16,8,3,5,2,2,0,91,35,56
566,District-Chitradurga,Urban,16,1412,763,649,459,387,72,97,59,38,28,20,8,685,227,458,37,25,12,11,7,4,6,6,0,89,32,57
566,District-Chitradurga,Urban,17,1781,924,857,640,529,111,121,78,43,34,25,9,871,237,634,48,26,22,5,3,2,4,4,0,58,22,36
566,District-Chitradurga,Urban,18,3231,1583,1648,1187,954,233,199,120,79,62,48,14,1523,349,1174,102,61,41,14,7,7,11,7,4,133,37,96
566,District-Chitradurga,Urban,19,3049,1430,1619,1077,880,197,197,133,64,42,32,10,1514,295,1219,82,56,26,19,10,9,10,5,5,108,19,89
567,District-Davanagere,Total,5-19,156037,78560,77477,41371,28815,12556,12929,6979,5950,2028,1166,862,40253,11874,28379,5380,2929,2451,1866,821,1045,301,141,160,51909,25835,26074
567,District-Davanagere,Total,5,25225,13066,12159,23,16,7,6,5,1,0,0,0,285,138,147,170,101,69,102,55,47,18,9,9,24621,12742,11879
567,District-Davanagere,Total,6,15382,8006,7376,24,15,9,7,3,4,1,0,1,424,212,212,100,57,43,57,32,25,11,4,7,14758,7683,7075
567,District-Davanagere,Total,7,4337,2213,2124,31,17,14,9,6,3,0,0,0,689,333,356,31,12,19,20,10,10,5,2,3,3552,1833,1719
567,District-Davanagere,Total,8,2122,988,1134,46,30,16,11,6,5,1,1,0,744,348,396,22,8,14,14,6,8,0,0,0,1284,589,695
567,District-Davanagere,Total,9,1692,794,898,51,26,25,23,11,12,3,0,3,754,355,399,37,21,16,20,9,11,2,0,2,802,372,430
567,District-Davanagere,Total,10,2313,1168,1145,93,59,34,37,18,19,7,5,2,911,480,431,54,26,28,19,10,9,4,3,1,1188,567,621
567,District-Davanagere,Total,11,2130,1074,1056,231,147,84,105,61,44,15,10,5,951,469,482,79,45,34,26,13,13,10,5,5,713,324,389
567,District-Davanagere,Total,12,3180,1600,1580,645,408,237,230,121,109,41,22,19,1419,656,763,151,74,77,55,29,26,12,6,6,627,284,343
567,District-Davanagere,Total,13,3929,1952,1977,976,632,344,379,209,170,59,33,26,1682,709,973,203,100,103,79,28,51,14,7,7,537,234,303
567,District-Davanagere,Total,14,6282,3167,3115,1999,1290,709,667,375,292,125,70,55,2450,952,1498,300,157,143,105,43,62,15,10,5,621,270,351
567,District-Davanagere,Total,15,9410,4765,4645,3367,2251,1116,1221,665,556,200,116,84,3291,1151,2140,500,263,237,183,79,104,32,19,13,616,221,395
567,District-Davanagere,Total,16,13953,7260,6693,5702,4006,1696,1825,1004,821,256,149,107,4776,1455,3321,579,326,253,187,88,99,35,16,19,593,216,377
567,District-Davanagere,Total,17,15851,8040,7811,6624,4603,2021,2184,1215,969,350,211,139,5366,1385,3981,609,359,250,207,106,101,26,12,14,485,149,336
567,District-Davanagere,Total,18,27012,13509,13503,11777,8395,3382,3417,1813,1604,513,303,210,8644,1825,6819,1380,766,614,404,171,233,62,23,39,815,213,602
567,District-Davanagere,Total,19,23219,10958,12261,9782,6920,2862,2808,1467,1341,457,246,211,7867,1406,6461,1165,614,551,388,142,246,55,25,30,697,138,559
567,District-Davanagere,Rural,5-19,108949,54273,54676,32023,21492,10531,10338,5151,5187,1421,740,681,26084,7596,18488,3920,1989,1931,1396,557,839,204,80,124,33563,16668,16895
567,District-Davanagere,Rural,5,16837,8720,8117,13,10,3,3,2,1,0,0,0,164,77,87,110,63,47,59,35,24,11,4,7,16477,8529,7948
567,District-Davanagere,Rural,6,9782,5041,4741,17,13,4,7,3,4,1,0,1,246,126,120,70,37,33,30,18,12,11,4,7,9400,4840,4560
567,District-Davanagere,Rural,7,2732,1389,1343,20,12,8,6,4,2,0,0,0,386,185,201,24,9,15,11,7,4,3,1,2,2282,1171,1111
567,District-Davanagere,Rural,8,1315,613,702,32,20,12,5,1,4,1,1,0,438,200,238,15,7,8,8,4,4,0,0,0,816,380,436
567,District-Davanagere,Rural,9,1026,474,552,40,22,18,15,7,8,3,0,3,419,202,217,26,15,11,12,5,7,1,0,1,510,223,287
567,District-Davanagere,Rural,10,1384,671,713,65,39,26,27,12,15,4,2,2,532,270,262,33,16,17,15,6,9,1,0,1,707,326,381
567,District-Davanagere,Rural,11,1277,657,620,171,102,69,75,41,34,8,6,2,543,278,265,53,27,26,21,9,12,6,3,3,400,191,209
567,District-Davanagere,Rural,12,2007,1001,1006,477,286,191,163,83,80,27,17,10,849,395,454,103,46,57,38,17,21,10,4,6,340,153,187
567,District-Davanagere,Rural,13,2645,1299,1346,756,466,290,294,147,147,41,19,22,1046,442,604,136,58,78,62,22,40,10,5,5,300,140,160
567,District-Davanagere,Rural,14,4434,2180,2254,1541,946,595,534,276,258,92,45,47,1609,617,992,206,96,110,84,32,52,7,4,3,361,164,197
567,District-Davanagere,Rural,15,6878,3415,3463,2652,1680,972,999,512,487,147,80,67,2175,770,1405,352,170,182,144,57,87,25,15,10,384,131,253
567,District-Davanagere,Rural,16,10289,5249,5040,4432,2994,1438,1476,747,729,187,98,89,3263,1001,2262,418,222,196,139,57,82,22,7,15,352,123,229
567,District-Davanagere,Rural,17,11721,5847,5874,5110,3430,1680,1779,937,842,254,140,114,3657,927,2730,449,248,201,159,76,83,20,9,11,293,80,213
567,District-Davanagere,Rural,18,19769,9784,9985,9110,6299,2811,2712,1315,1397,346,188,158,5709,1191,4518,1027,529,498,311,118,193,41,14,27,513,130,383
567,District-Davanagere,Rural,19,16853,7933,8920,7587,5173,2414,2243,1064,1179,310,144,166,5048,915,4133,898,446,452,303,94,209,36,10,26,428,87,341
567,District-Davanagere,Urban,5-19,47088,24287,22801,9348,7323,2025,2591,1828,763,607,426,181,14169,4278,9891,1460,940,520,470,264,206,97,61,36,18346,9167,9179
567,District-Davanagere,Urban,5,8388,4346,4042,10,6,4,3,3,0,0,0,0,121,61,60,60,38,22,43,20,23,7,5,2,8144,4213,3931
567,District-Davanagere,Urban,6,5600,2965,2635,7,2,5,0,0,0,0,0,0,178,86,92,30,20,10,27,14,13,0,0,0,5358,2843,2515
567,District-Davanagere,Urban,7,1605,824,781,11,5,6,3,2,1,0,0,0,303,148,155,7,3,4,9,3,6,2,1,1,1270,662,608
567,District-Davanagere,Urban,8,807,375,432,14,10,4,6,5,1,0,0,0,306,148,158,7,1,6,6,2,4,0,0,0,468,209,259
567,District-Davanagere,Urban,9,666,320,346,11,4,7,8,4,4,0,0,0,335,153,182,11,6,5,8,4,4,1,0,1,292,149,143
567,District-Davanagere,Urban,10,929,497,432,28,20,8,10,6,4,3,3,0,379,210,169,21,10,11,4,4,0,3,3,0,481,241,240
567,District-Davanagere,Urban,11,853,417,436,60,45,15,30,20,10,7,4,3,408,191,217,26,18,8,5,4,1,4,2,2,313,133,180
567,District-Davanagere,Urban,12,1173,599,574,168,122,46,67,38,29,14,5,9,570,261,309,48,28,20,17,12,5,2,2,0,287,131,156
567,District-Davanagere,Urban,13,1284,653,631,220,166,54,85,62,23,18,14,4,636,267,369,67,42,25,17,6,11,4,2,2,237,94,143
567,District-Davanagere,Urban,14,1848,987,861,458,344,114,133,99,34,33,25,8,841,335,506,94,61,33,21,11,10,8,6,2,260,106,154
567,District-Davanagere,Urban,15,2532,1350,1182,715,571,144,222,153,69,53,36,17,1116,381,735,148,93,55,39,22,17,7,4,3,232,90,142
567,District-Davanagere,Urban,16,3664,2011,1653,1270,1012,258,349,257,92,69,51,18,1513,454,1059,161,104,57,48,31,17,13,9,4,241,93,148
567,District-Davanagere,Urban,17,4130,2193,1937,1514,1173,341,405,278,127,96,71,25,1709,458,1251,160,111,49,48,30,18,6,3,3,192,69,123
567,District-Davanagere,Urban,18,7243,3725,3518,2667,2096,571,705,498,207,167,115,52,2935,634,2301,353,237,116,93,53,40,21,9,12,302,83,219
567,District-Davanagere,Urban,19,6366,3025,3341,2195,1747,448,565,403,162,147,102,45,2819,491,2328,267,168,99,85,48,37,19,15,4,269,51,218
568,District-Shimoga,Total,5-19,107731,56403,51328,29181,22420,6761,8576,4946,3630,1606,867,739,30904,9217,21687,1613,985,628,568,273,295,112,49,63,35171,17646,17525
568,District-Shimoga,Total,5,17177,8771,8406,20,14,6,4,2,2,0,0,0,192,84,108,58,35,23,43,19,24,9,5,4,16851,8612,8239
568,District-Shimoga,Total,6,11089,5704,5385,17,13,4,1,0,1,2,2,0,306,158,148,31,18,13,25,13,12,4,3,1,10703,5497,5206
568,District-Shimoga,Total,7,2797,1379,1418,9,5,4,2,0,2,0,0,0,466,221,245,17,9,8,6,3,3,3,0,3,2294,1141,1153
568,District-Shimoga,Total,8,1262,677,585,23,17,6,3,0,3,3,1,2,483,252,231,9,5,4,3,0,3,2,1,1,736,401,335
568,District-Shimoga,Total,9,1050,529,521,22,11,11,4,2,2,0,0,0,458,231,227,11,4,7,2,1,1,1,1,0,552,279,273
568,District-Shimoga,Total,10,1493,763,730,39,26,13,8,3,5,0,0,0,553,274,279,9,3,6,5,4,1,3,1,2,876,452,424
568,District-Shimoga,Total,11,1341,661,680,124,90,34,37,20,17,5,2,3,671,295,376,20,12,8,7,4,3,3,1,2,474,237,237
568,District-Shimoga,Total,12,1702,912,790,306,225,81,78,50,28,18,12,6,869,417,452,62,35,27,10,4,6,5,2,3,354,167,187
568,District-Shimoga,Total,13,2248,1169,1079,472,336,136,148,91,57,28,19,9,1187,538,649,49,22,27,13,7,6,5,2,3,346,154,192
568,District-Shimoga,Total,14,3745,2153,1592,1096,853,243,358,229,129,83,50,33,1729,800,929,93,57,36,25,12,13,8,4,4,353,148,205
568,District-Shimoga,Total,15,6014,3380,2634,2097,1642,455,655,411,244,142,89,53,2527,977,1550,139,81,58,45,18,27,15,8,7,394,154,240
568,District-Shimoga,Total,16,9445,5210,4235,3796,2925,871,1170,696,474,234,130,104,3726,1193,2533,140,90,50,51,28,23,11,4,7,317,144,173
568,District-Shimoga,Total,17,11693,6317,5376,4962,3876,1086,1521,894,627,298,161,137,4391,1151,3240,197,129,68,55,29,26,12,5,7,257,72,185
568,District-Shimoga,Total,18,19244,10142,9102,8505,6550,1955,2491,1442,1049,442,241,201,6859,1455,5404,431,268,163,150,75,75,19,4,15,347,107,240
568,District-Shimoga,Total,19,17431,8636,8795,7693,5837,1856,2096,1106,990,351,160,191,6487,1171,5316,347,217,130,128,56,72,12,8,4,317,81,236
568,District-Shimoga,Rural,5-19,73546,38267,35279,21478,15801,5677,7329,3983,3346,1265,610,655,19034,5553,13481,1187,693,494,466,207,259,91,35,56,22696,11385,11311
568,District-Shimoga,Rural,5,11502,5867,5635,8,5,3,3,1,2,0,0,0,116,51,65,33,19,14,27,12,15,9,5,4,11306,5774,5532
568,District-Shimoga,Rural,6,7133,3685,3448,11,9,2,0,0,0,2,2,0,193,101,92,25,15,10,19,10,9,4,3,1,6879,3545,3334
568,District-Shimoga,Rural,7,1724,838,886,4,1,3,2,0,2,0,0,0,250,119,131,11,5,6,5,2,3,3,0,3,1449,711,738
568,District-Shimoga,Rural,8,750,398,352,14,9,5,3,0,3,3,1,2,272,148,124,7,3,4,2,0,2,1,1,0,448,236,212
568,District-Shimoga,Rural,9,601,301,300,14,6,8,3,2,1,0,0,0,258,130,128,7,2,5,2,1,1,0,0,0,317,160,157
568,District-Shimoga,Rural,10,879,435,444,30,17,13,7,2,5,0,0,0,307,145,162,6,3,3,5,4,1,3,1,2,521,263,258
568,District-Shimoga,Rural,11,796,384,412,81,54,27,29,17,12,4,2,2,384,161,223,15,8,7,4,2,2,3,1,2,276,139,137
568,District-Shimoga,Rural,12,1065,567,498,215,149,66,71,43,28,12,6,6,510,245,265,47,27,20,9,3,6,4,2,2,197,92,105
568,District-Shimoga,Rural,13,1459,730,729,349,234,115,128,77,51,16,9,7,734,309,425,35,13,22,9,4,5,4,1,3,184,83,101
568,District-Shimoga,Rural,14,2615,1483,1132,822,610,212,295,178,117,68,40,28,1125,517,608,73,42,31,21,8,13,8,4,4,203,84,119
568,District-Shimoga,Rural,15,4198,2338,1860,1541,1159,382,567,338,229,116,66,50,1613,613,1000,105,63,42,41,15,26,12,6,6,203,78,125
568,District-Shimoga,Rural,16,6855,3675,3180,2864,2108,756,1016,573,443,187,97,90,2457,734,1723,108,60,48,41,21,20,9,3,6,173,79,94
568,District-Shimoga,Rural,17,8243,4430,3813,3637,2741,896,1303,721,582,231,113,118,2736,709,2027,137,82,55,44,22,22,9,2,7,146,40,106
568,District-Shimoga,Rural,18,13657,7193,6464,6317,4661,1656,2129,1169,960,355,169,186,4203,887,3316,307,191,116,124,58,66,14,2,12,208,56,152
568,District-Shimoga,Rural,19,12069,5943,6126,5571,4038,1533,1773,862,911,271,105,166,3876,684,3192,271,160,111,113,45,68,8,4,4,186,45,141
568,District-Shimoga,Urban,5-19,34185,18136,16049,7703,6619,1084,1247,963,284,341,257,84,11870,3664,8206,426,292,134,102,66,36,21,14,7,12475,6261,6214
568,District-Shimoga,Urban,5,5675,2904,2771,12,9,3,1,1,0,0,0,0,76,33,43,25,16,9,16,7,9,0,0,0,5545,2838,2707
568,District-Shimoga,Urban,6,3956,2019,1937,6,4,2,1,0,1,0,0,0,113,57,56,6,3,3,6,3,3,0,0,0,3824,1952,1872
568,District-Shimoga,Urban,7,1073,541,532,5,4,1,0,0,0,0,0,0,216,102,114,6,4,2,1,1,0,0,0,0,845,430,415
568,District-Shimoga,Urban,8,512,279,233,9,8,1,0,0,0,0,0,0,211,104,107,2,2,0,1,0,1,1,0,1,288,165,123
568,District-Shimoga,Urban,9,449,228,221,8,5,3,1,0,1,0,0,0,200,101,99,4,2,2,0,0,0,1,1,0,235,119,116
568,District-Shimoga,Urban,10,614,328,286,9,9,0,1,1,0,0,0,0,246,129,117,3,0,3,0,0,0,0,0,0,355,189,166
568,District-Shimoga,Urban,11,545,277,268,43,36,7,8,3,5,1,0,1,287,134,153,5,4,1,3,2,1,0,0,0,198,98,100
568,District-Shimoga,Urban,12,637,345,292,91,76,15,7,7,0,6,6,0,359,172,187,15,8,7,1,1,0,1,0,1,157,75,82
568,District-Shimoga,Urban,13,789,439,350,123,102,21,20,14,6,12,10,2,453,229,224,14,9,5,4,3,1,1,1,0,162,71,91
568,District-Shimoga,Urban,14,1130,670,460,274,243,31,63,51,12,15,10,5,604,283,321,20,15,5,4,4,0,0,0,0,150,64,86
568,District-Shimoga,Urban,15,1816,1042,774,556,483,73,88,73,15,26,23,3,914,364,550,34,18,16,4,3,1,3,2,1,191,76,115
568,District-Shimoga,Urban,16,2590,1535,1055,932,817,115,154,123,31,47,33,14,1269,459,810,32,30,2,10,7,3,2,1,1,144,65,79
568,District-Shimoga,Urban,17,3450,1887,1563,1325,1135,190,218,173,45,67,48,19,1655,442,1213,60,47,13,11,7,4,3,3,0,111,32,79
568,District-Shimoga,Urban,18,5587,2949,2638,2188,1889,299,362,273,89,87,72,15,2656,568,2088,124,77,47,26,17,9,5,2,3,139,51,88
568,District-Shimoga,Urban,19,5362,2693,2669,2122,1799,323,323,244,79,80,55,25,2611,487,2124,76,57,19,15,11,4,4,4,0,131,36,95
569,District-Udupi,Total,5-19,50182,25169,25013,15324,9482,5842,1930,1088,842,307,139,168,13039,4534,8505,578,281,297,81,33,48,9,8,1,18914,9604,9310
569,District-Udupi,Total,5,8832,4588,4244,8,8,0,1,0,1,0,0,0,129,59,70,55,32,23,10,7,3,0,0,0,8629,4482,4147
569,District-Udupi,Total,6,6227,3215,3012,6,4,2,1,0,1,0,0,0,171,87,84,41,21,20,4,2,2,0,0,0,6004,3101,2903
569,District-Udupi,Total,7,1244,626,618,14,13,1,4,1,3,0,0,0,306,157,149,10,7,3,3,1,2,0,0,0,907,447,460
569,District-Udupi,Total,8,604,313,291,15,12,3,1,1,0,0,0,0,271,143,128,3,2,1,0,0,0,0,0,0,314,155,159
569,District-Udupi,Total,9,803,402,401,20,13,7,2,1,1,0,0,0,320,172,148,4,1,3,0,0,0,0,0,0,457,215,242
569,District-Udupi,Total,10,1012,489,523,23,12,11,0,0,0,1,1,0,394,192,202,5,1,4,1,0,1,1,1,0,587,282,305
569,District-Udupi,Total,11,879,434,445,100,68,32,14,7,7,1,0,1,395,181,214,6,1,5,0,0,0,0,0,0,363,177,186
569,District-Udupi,Total,12,813,377,436,137,78,59,27,17,10,4,3,1,397,169,228,14,5,9,3,2,1,0,0,0,231,103,128
569,District-Udupi,Total,13,994,454,540,158,98,60,30,14,16,6,3,3,526,213,313,19,9,10,2,1,1,0,0,0,253,116,137
569,District-Udupi,Total,14,1273,595,678,307,195,112,48,22,26,10,4,6,644,260,384,32,13,19,6,4,2,0,0,0,226,97,129
569,District-Udupi,Total,15,2124,1086,1038,785,480,305,100,58,42,22,17,5,912,383,529,39,15,24,6,1,5,2,2,0,258,130,128
569,District-Udupi,Total,16,3518,1858,1660,1632,1034,598,231,151,80,39,19,20,1362,538,824,52,22,30,10,4,6,1,1,0,191,89,102
569,District-Udupi,Total,17,4931,2503,2428,2615,1620,995,290,160,130,49,25,24,1712,581,1131,50,24,26,9,3,6,1,1,0,205,89,116
569,District-Udupi,Total,18,7999,3989,4010,4480,2773,1707,530,311,219,98,39,59,2593,732,1861,125,67,58,17,6,11,2,1,1,154,60,94
569,District-Udupi,Total,19,8929,4240,4689,5024,3074,1950,651,345,306,77,28,49,2907,667,2240,123,61,62,10,2,8,2,2,0,135,61,74
569,District-Udupi,Rural,5-19,37901,18762,19139,12582,7554,5028,1656,908,748,249,97,152,9886,3352,6534,354,169,185,54,20,34,5,4,1,13115,6658,6457
569,District-Udupi,Rural,5,6187,3238,2949,8,8,0,0,0,0,0,0,0,94,40,54,34,21,13,4,2,2,0,0,0,6047,3167,2880
569,District-Udupi,Rural,6,4186,2146,2040,3,2,1,0,0,0,0,0,0,112,56,56,30,16,14,4,2,2,0,0,0,4037,2070,1967
569,District-Udupi,Rural,7,835,424,411,8,8,0,2,1,1,0,0,0,194,104,90,7,6,1,1,0,1,0,0,0,623,305,318
569,District-Udupi,Rural,8,405,208,197,9,8,1,1,1,0,0,0,0,178,90,88,1,0,1,0,0,0,0,0,0,216,109,107
569,District-Udupi,Rural,9,558,268,290,15,12,3,2,1,1,0,0,0,222,114,108,3,1,2,0,0,0,0,0,0,316,140,176
569,District-Udupi,Rural,10,721,359,362,17,10,7,0,0,0,0,0,0,272,136,136,2,1,1,1,0,1,1,1,0,428,211,217
569,District-Udupi,Rural,11,630,306,324,73,48,25,13,7,6,1,0,1,267,123,144,2,0,2,0,0,0,0,0,0,274,128,146
569,District-Udupi,Rural,12,575,262,313,102,54,48,21,13,8,2,2,0,270,113,157,10,4,6,3,2,1,0,0,0,167,74,93
569,District-Udupi,Rural,13,707,314,393,120,70,50,25,13,12,4,1,3,376,151,225,12,5,7,0,0,0,0,0,0,170,74,96
569,District-Udupi,Rural,14,936,444,492,245,151,94,39,18,21,7,3,4,466,190,276,20,8,12,5,3,2,0,0,0,154,71,83
569,District-Udupi,Rural,15,1686,861,825,648,385,263,86,49,37,15,10,5,714,306,408,27,9,18,3,0,3,2,2,0,191,100,91
569,District-Udupi,Rural,16,2872,1503,1369,1377,855,522,204,128,76,35,16,19,1071,426,645,38,16,22,9,4,5,1,1,0,137,57,80
569,District-Udupi,Rural,17,4044,2004,2040,2203,1320,883,255,136,119,39,15,24,1365,452,913,27,12,15,6,1,5,0,0,0,149,68,81
569,District-Udupi,Rural,18,6377,3109,3268,3629,2171,1458,449,258,191,80,32,48,2023,563,1460,71,38,33,13,5,8,1,0,1,111,42,69
569,District-Udupi,Rural,19,7182,3316,3866,4125,2452,1673,559,283,276,66,18,48,2262,488,1774,70,32,38,5,1,4,0,0,0,95,42,53
569,District-Udupi,Urban,5-19,12281,6407,5874,2742,1928,814,274,180,94,58,42,16,3153,1182,1971,224,112,112,27,13,14,4,4,0,5799,2946,2853
569,District-Udupi,Urban,5,2645,1350,1295,0,0,0,1,0,1,0,0,0,35,19,16,21,11,10,6,5,1,0,0,0,2582,1315,1267
569,District-Udupi,Urban,6,2041,1069,972,3,2,1,1,0,1,0,0,0,59,31,28,11,5,6,0,0,0,0,0,0,1967,1031,936
569,District-Udupi,Urban,7,409,202,207,6,5,1,2,0,2,0,0,0,112,53,59,3,1,2,2,1,1,0,0,0,284,142,142
569,District-Udupi,Urban,8,199,105,94,6,4,2,0,0,0,0,0,0,93,53,40,2,2,0,0,0,0,0,0,0,98,46,52
569,District-Udupi,Urban,9,245,134,111,5,1,4,0,0,0,0,0,0,98,58,40,1,0,1,0,0,0,0,0,0,141,75,66
569,District-Udupi,Urban,10,291,130,161,6,2,4,0,0,0,1,1,0,122,56,66,3,0,3,0,0,0,0,0,0,159,71,88
569,District-Udupi,Urban,11,249,128,121,27,20,7,1,0,1,0,0,0,128,58,70,4,1,3,0,0,0,0,0,0,89,49,40
569,District-Udupi,Urban,12,238,115,123,35,24,11,6,4,2,2,1,1,127,56,71,4,1,3,0,0,0,0,0,0,64,29,35
569,District-Udupi,Urban,13,287,140,147,38,28,10,5,1,4,2,2,0,150,62,88,7,4,3,2,1,1,0,0,0,83,42,41
569,District-Udupi,Urban,14,337,151,186,62,44,18,9,4,5,3,1,2,178,70,108,12,5,7,1,1,0,0,0,0,72,26,46
569,District-Udupi,Urban,15,438,225,213,137,95,42,14,9,5,7,7,0,198,77,121,12,6,6,3,1,2,0,0,0,67,30,37
569,District-Udupi,Urban,16,646,355,291,255,179,76,27,23,4,4,3,1,291,112,179,14,6,8,1,0,1,0,0,0,54,32,22
569,District-Udupi,Urban,17,887,499,388,412,300,112,35,24,11,10,10,0,347,129,218,23,12,11,3,2,1,1,1,0,56,21,35
569,District-Udupi,Urban,18,1622,880,742,851,602,249,81,53,28,18,7,11,570,169,401,54,29,25,4,1,3,1,1,0,43,18,25
569,District-Udupi,Urban,19,1747,924,823,899,622,277,92,62,30,11,10,1,645,179,466,53,29,24,5,1,4,2,2,0,40,19,21
570,District-Chikmagalur,Total,5-19,69193,35362,33831,20006,13656,6350,4830,2496,2334,842,451,391,16830,5550,11280,1662,723,939,331,125,206,93,45,48,24599,12316,12283
570,District-Chikmagalur,Total,5,12061,6172,5889,10,8,2,3,1,2,0,0,0,148,68,80,151,78,73,24,10,14,14,8,6,11711,5999,5712
570,District-Chikmagalur,Total,6,7715,3958,3757,8,5,3,2,1,1,1,1,0,176,86,90,85,43,42,32,16,16,7,4,3,7404,3802,3602
570,District-Chikmagalur,Total,7,2039,1025,1014,20,10,10,6,2,4,1,0,1,277,141,136,22,11,11,8,3,5,2,1,1,1703,857,846
570,District-Chikmagalur,Total,8,786,408,378,26,14,12,2,1,1,1,0,1,261,151,110,10,4,6,3,1,2,0,0,0,483,237,246
570,District-Chikmagalur,Total,9,883,413,470,26,12,14,6,2,4,1,1,0,322,146,176,13,5,8,3,1,2,1,1,0,511,245,266
570,District-Chikmagalur,Total,10,1187,586,601,45,28,17,9,5,4,2,0,2,385,187,198,30,13,17,6,3,3,0,0,0,710,350,360
570,District-Chikmagalur,Total,11,997,502,495,116,76,40,27,20,7,10,5,5,448,215,233,23,9,14,5,1,4,0,0,0,368,176,192
570,District-Chikmagalur,Total,12,1313,643,670,280,190,90,69,33,36,13,11,2,612,259,353,56,23,33,8,3,5,2,2,0,273,122,151
570,District-Chikmagalur,Total,13,1519,735,784,365,237,128,100,57,43,26,11,15,734,311,423,47,21,26,13,5,8,4,4,0,230,89,141
570,District-Chikmagalur,Total,14,2289,1237,1052,724,487,237,211,117,94,40,26,14,1012,483,529,80,38,42,12,8,4,7,5,2,203,73,130
570,District-Chikmagalur,Total,15,3669,1974,1695,1468,982,486,375,217,158,70,51,19,1355,562,793,131,55,76,35,9,26,9,5,4,226,93,133
570,District-Chikmagalur,Total,16,5500,2923,2577,2449,1692,757,610,325,285,124,68,56,1922,688,1234,160,56,104,30,16,14,6,0,6,199,78,121
570,District-Chikmagalur,Total,17,6957,3635,3322,3402,2325,1077,822,423,399,153,84,69,2214,656,1558,163,73,90,39,13,26,10,3,7,154,58,96
570,District-Chikmagalur,Total,18,11277,5801,5476,5625,3910,1715,1353,684,669,204,102,102,3463,854,2609,352,157,195,56,18,38,18,7,11,206,69,137
570,District-Chikmagalur,Total,19,11001,5350,5651,5442,3680,1762,1235,608,627,196,91,105,3501,743,2758,339,137,202,57,18,39,13,5,8,218,68,150
570,District-Chikmagalur,Rural,5-19,56068,28524,27544,17230,11350,5880,4218,2061,2157,730,372,358,12510,4227,8283,1503,628,875,287,97,190,85,39,46,19505,9750,9755
570,District-Chikmagalur,Rural,5,9552,4878,4674,8,7,1,2,0,2,0,0,0,103,50,53,133,67,66,18,6,12,13,7,6,9275,4741,4534
570,District-Chikmagalur,Rural,6,6064,3113,2951,7,4,3,2,1,1,1,1,0,130,68,62,76,39,37,24,10,14,6,3,3,5818,2987,2831
570,District-Chikmagalur,Rural,7,1631,800,831,16,7,9,4,1,3,1,0,1,197,94,103,20,10,10,6,3,3,1,0,1,1386,685,701
570,District-Chikmagalur,Rural,8,625,316,309,20,10,10,2,1,1,1,0,1,196,111,85,8,4,4,3,1,2,0,0,0,395,189,206
570,District-Chikmagalur,Rural,9,711,332,379,24,10,14,5,2,3,1,1,0,236,105,131,13,5,8,3,1,2,1,1,0,428,207,221
570,District-Chikmagalur,Rural,10,949,475,474,41,24,17,8,4,4,2,0,2,294,148,146,26,10,16,6,3,3,0,0,0,572,286,286
570,District-Chikmagalur,Rural,11,779,400,379,96,61,35,24,18,6,10,5,5,324,162,162,20,8,12,5,1,4,0,0,0,300,145,155
570,District-Chikmagalur,Rural,12,1014,480,534,218,140,78,59,25,34,11,9,2,457,191,266,49,18,31,6,2,4,2,2,0,212,93,119
570,District-Chikmagalur,Rural,13,1210,589,621,304,189,115,89,50,39,22,10,12,566,244,322,43,18,25,13,5,8,4,4,0,169,69,100
570,District-Chikmagalur,Rural,14,1888,1017,871,633,411,222,188,101,87,36,23,13,779,383,396,72,32,40,10,6,4,7,5,2,163,56,107
570,District-Chikmagalur,Rural,15,3013,1609,1404,1259,817,442,333,191,142,63,45,18,1035,429,606,110,43,67,33,7,26,7,3,4,173,74,99
570,District-Chikmagalur,Rural,16,4593,2424,2169,2151,1442,709,537,277,260,108,55,53,1461,524,937,150,51,99,25,13,12,6,0,6,155,62,93
570,District-Chikmagalur,Rural,17,5727,2940,2787,2927,1922,1005,711,335,376,131,69,62,1653,493,1160,149,67,82,31,7,24,8,3,5,117,44,73
570,District-Chikmagalur,Rural,18,9354,4794,4560,4866,3286,1580,1174,555,619,176,81,95,2579,661,1918,322,135,187,49,14,35,17,6,11,171,56,115
570,District-Chikmagalur,Rural,19,8958,4357,4601,4660,3020,1640,1080,500,580,167,73,94,2500,564,1936,312,121,191,55,18,37,13,5,8,171,56,115
570,District-Chikmagalur,Urban,5-19,13125,6838,6287,2776,2306,470,612,435,177,112,79,33,4320,1323,2997,159,95,64,44,28,16,8,6,2,5094,2566,2528
570,District-Chikmagalur,Urban,5,2509,1294,1215,2,1,1,1,1,0,0,0,0,45,18,27,18,11,7,6,4,2,1,1,0,2436,1258,1178
570,District-Chikmagalur,Urban,6,1651,845,806,1,1,0,0,0,0,0,0,0,46,18,28,9,4,5,8,6,2,1,1,0,1586,815,771
570,District-Chikmagalur,Urban,7,408,225,183,4,3,1,2,1,1,0,0,0,80,47,33,2,1,1,2,0,2,1,1,0,317,172,145
570,District-Chikmagalur,Urban,8,161,92,69,6,4,2,0,0,0,0,0,0,65,40,25,2,0,2,0,0,0,0,0,0,88,48,40
570,District-Chikmagalur,Urban,9,172,81,91,2,2,0,1,0,1,0,0,0,86,41,45,0,0,0,0,0,0,0,0,0,83,38,45
570,District-Chikmagalur,Urban,10,238,111,127,4,4,0,1,1,0,0,0,0,91,39,52,4,3,1,0,0,0,0,0,0,138,64,74
570,District-Chikmagalur,Urban,11,218,102,116,20,15,5,3,2,1,0,0,0,124,53,71,3,1,2,0,0,0,0,0,0,68,31,37
570,District-Chikmagalur,Urban,12,299,163,136,62,50,12,10,8,2,2,2,0,155,68,87,7,5,2,2,1,1,0,0,0,61,29,32
570,District-Chikmagalur,Urban,13,309,146,163,61,48,13,11,7,4,4,1,3,168,67,101,4,3,1,0,0,0,0,0,0,61,20,41
570,District-Chikmagalur,Urban,14,401,220,181,91,76,15,23,16,7,4,3,1,233,100,133,8,6,2,2,2,0,0,0,0,40,17,23
570,District-Chikmagalur,Urban,15,656,365,291,209,165,44,42,26,16,7,6,1,320,133,187,21,12,9,2,2,0,2,2,0,53,19,34
570,District-Chikmagalur,Urban,16,907,499,408,298,250,48,73,48,25,16,13,3,461,164,297,10,5,5,5,3,2,0,0,0,44,16,28
570,District-Chikmagalur,Urban,17,1230,695,535,475,403,72,111,88,23,22,15,7,561,163,398,14,6,8,8,6,2,2,0,2,37,14,23
570,District-Chikmagalur,Urban,18,1923,1007,916,759,624,135,179,129,50,28,21,7,884,193,691,30,22,8,7,4,3,1,1,0,35,13,22
570,District-Chikmagalur,Urban,19,2043,993,1050,782,660,122,155,108,47,29,18,11,1001,179,822,27,16,11,2,0,2,0,0,0,47,12,35
571,District-Tumkur,Total,5-19,169874,87169,82705,46723,32708,14015,16377,8103,8274,2484,1351,1133,41313,13071,28242,3373,1840,1533,1169,460,709,214,103,111,58221,29533,28688
571,District-Tumkur,Total,5,29345,15271,14074,13,8,5,3,1,2,0,0,0,174,94,80,233,124,109,85,45,40,16,6,10,28821,14993,13828
571,District-Tumkur,Total,6,18015,9321,8694,16,11,5,2,2,0,2,1,1,369,167,202,138,67,71,66,39,27,11,6,5,17411,9028,8383
571,District-Tumkur,Total,7,4801,2428,2373,32,20,12,16,8,8,1,1,0,752,388,364,44,26,18,15,8,7,5,2,3,3936,1975,1961
571,District-Tumkur,Total,8,2095,1024,1071,53,28,25,16,5,11,2,1,1,810,388,422,31,16,15,11,4,7,2,2,0,1170,580,590
571,District-Tumkur,Total,9,1656,811,845,42,24,18,15,8,7,0,0,0,739,366,373,24,8,16,10,6,4,0,0,0,826,399,427
571,District-Tumkur,Total,10,2197,1088,1109,69,47,22,15,8,7,4,3,1,888,433,455,44,19,25,21,7,14,2,1,1,1154,570,584
571,District-Tumkur,Total,11,1975,1002,973,207,139,68,70,30,40,10,7,3,956,464,492,62,30,32,21,9,12,5,1,4,644,322,322
571,District-Tumkur,Total,12,2604,1344,1260,494,345,149,156,71,85,25,15,10,1224,579,645,100,57,43,29,10,19,6,1,5,570,266,304
571,District-Tumkur,Total,13,3240,1602,1638,738,515,223,260,130,130,53,33,20,1487,630,857,126,73,53,32,9,23,8,5,3,536,207,329
571,District-Tumkur,Total,14,5037,2689,2348,1398,984,414,557,315,242,104,62,42,2196,964,1232,175,87,88,63,26,37,12,8,4,532,243,289
571,District-Tumkur,Total,15,8509,4691,3818,2938,2133,805,1122,614,508,212,132,80,3182,1320,1862,318,193,125,102,37,65,22,11,11,613,251,362
571,District-Tumkur,Total,16,13827,7336,6491,5698,4008,1690,2093,1071,1022,311,174,137,4786,1664,3122,315,182,133,93,33,60,18,3,15,513,201,312
571,District-Tumkur,Total,17,17675,9293,8382,7805,5482,2323,2874,1447,1427,455,245,210,5649,1663,3986,325,198,127,112,54,58,26,17,9,429,187,242
571,District-Tumkur,Total,18,30758,15811,14947,14282,10113,4169,4816,2390,2426,675,368,307,9341,2221,7120,742,405,337,263,97,166,44,23,21,595,194,401
571,District-Tumkur,Total,19,28140,13458,14682,12938,8851,4087,4362,2003,2359,630,309,321,8760,1730,7030,696,355,341,246,76,170,37,17,20,471,117,354
571,District-Tumkur,Rural,5-19,135105,69350,65755,39088,26854,12234,14686,6965,7721,2039,1072,967,30792,10010,20782,2665,1390,1275,959,341,618,176,77,99,44700,22641,22059
571,District-Tumkur,Rural,5,22486,11776,10710,11,7,4,3,1,2,0,0,0,119,67,52,186,102,84,65,37,28,15,6,9,22087,11556,10531
571,District-Tumkur,Rural,6,13685,7011,6674,11,8,3,2,2,0,2,1,1,280,125,155,109,53,56,44,25,19,10,5,5,13227,6792,6435
571,District-Tumkur,Rural,7,3734,1886,1848,23,14,9,13,6,7,1,1,0,582,296,286,40,24,16,10,5,5,5,2,3,3060,1538,1522
571,District-Tumkur,Rural,8,1654,812,842,38,18,20,15,4,11,1,1,0,674,330,344,20,10,10,7,2,5,1,1,0,898,446,452
571,District-Tumkur,Rural,9,1314,641,673,32,17,15,13,6,7,0,0,0,595,298,297,19,6,13,6,3,3,0,0,0,649,311,338
571,District-Tumkur,Rural,10,1755,853,902,53,34,19,9,4,5,3,2,1,729,357,372,32,13,19,15,3,12,2,1,1,912,439,473
571,District-Tumkur,Rural,11,1586,789,797,162,98,64,61,26,35,9,6,3,771,386,385,40,18,22,20,8,12,5,1,4,518,246,272
571,District-Tumkur,Rural,12,2010,1032,978,378,262,116,128,51,77,20,11,9,910,433,477,80,46,34,27,8,19,5,1,4,462,220,242
571,District-Tumkur,Rural,13,2533,1247,1286,587,401,186,229,109,120,43,27,16,1118,477,641,104,55,49,25,6,19,8,5,3,419,167,252
571,District-Tumkur,Rural,14,3908,2073,1835,1107,759,348,466,253,213,88,53,35,1629,728,901,138,64,74,52,19,33,9,5,4,419,192,227
571,District-Tumkur,Rural,15,6767,3717,3050,2364,1679,685,991,522,469,172,103,69,2393,1028,1365,251,150,101,88,29,59,18,8,10,490,198,292
571,District-Tumkur,Rural,16,11191,5888,5303,4721,3255,1466,1881,919,962,249,132,117,3586,1265,2321,243,133,110,84,28,56,16,2,14,411,154,257
571,District-Tumkur,Rural,17,14509,7632,6877,6616,4568,2048,2577,1259,1318,374,194,180,4236,1268,2968,257,148,109,94,41,53,18,12,6,337,142,195
571,District-Tumkur,Rural,18,25063,12975,12088,12012,8372,3640,4359,2082,2277,556,294,262,6848,1681,5167,590,306,284,221,75,146,34,16,18,443,149,294
571,District-Tumkur,Rural,19,22910,11018,11892,10973,7362,3611,3939,1721,2218,521,247,274,6322,1271,5051,556,262,294,201,52,149,30,12,18,368,91,277
571,District-Tumkur,Urban,5-19,34769,17819,16950,7635,5854,1781,1691,1138,553,445,279,166,10521,3061,7460,708,450,258,210,119,91,38,26,12,13521,6892,6629
571,District-Tumkur,Urban,5,6859,3495,3364,2,1,1,0,0,0,0,0,0,55,27,28,47,22,25,20,8,12,1,0,1,6734,3437,3297
571,District-Tumkur,Urban,6,4330,2310,2020,5,3,2,0,0,0,0,0,0,89,42,47,29,14,15,22,14,8,1,1,0,4184,2236,1948
571,District-Tumkur,Urban,7,1067,542,525,9,6,3,3,2,1,0,0,0,170,92,78,4,2,2,5,3,2,0,0,0,876,437,439
571,District-Tumkur,Urban,8,441,212,229,15,10,5,1,1,0,1,0,1,136,58,78,11,6,5,4,2,2,1,1,0,272,134,138
571,District-Tumkur,Urban,9,342,170,172,10,7,3,2,2,0,0,0,0,144,68,76,5,2,3,4,3,1,0,0,0,177,88,89
571,District-Tumkur,Urban,10,442,235,207,16,13,3,6,4,2,1,1,0,159,76,83,12,6,6,6,4,2,0,0,0,242,131,111
571,District-Tumkur,Urban,11,389,213,176,45,41,4,9,4,5,1,1,0,185,78,107,22,12,10,1,1,0,0,0,0,126,76,50
571,District-Tumkur,Urban,12,594,312,282,116,83,33,28,20,8,5,4,1,314,146,168,20,11,9,2,2,0,1,0,1,108,46,62
571,District-Tumkur,Urban,13,707,355,352,151,114,37,31,21,10,10,6,4,369,153,216,22,18,4,7,3,4,0,0,0,117,40,77
571,District-Tumkur,Urban,14,1129,616,513,291,225,66,91,62,29,16,9,7,567,236,331,37,23,14,11,7,4,3,3,0,113,51,62
571,District-Tumkur,Urban,15,1742,974,768,574,454,120,131,92,39,40,29,11,789,292,497,67,43,24,14,8,6,4,3,1,123,53,70
571,District-Tumkur,Urban,16,2636,1448,1188,977,753,224,212,152,60,62,42,20,1200,399,801,72,49,23,9,5,4,2,1,1,102,47,55
571,District-Tumkur,Urban,17,3166,1661,1505,1189,914,275,297,188,109,81,51,30,1413,395,1018,68,50,18,18,13,5,8,5,3,92,45,47
571,District-Tumkur,Urban,18,5695,2836,2859,2270,1741,529,457,308,149,119,74,45,2493,540,1953,152,99,53,42,22,20,10,7,3,152,45,107
571,District-Tumkur,Urban,19,5230,2440,2790,1965,1489,476,423,282,141,109,62,47,2438,459,1979,140,93,47,45,24,21,7,5,2,103,26,77
572,District-Bangalore,Total,5-19,553858,283151,270707,141957,96665,45292,15320,9063,6257,2625,1750,875,150475,50550,99925,19654,11965,7689,5393,2817,2576,573,306,267,217861,110035,107826
572,District-Bangalore,Total,5,102293,52887,49406,183,132,51,130,68,62,3,1,2,2881,1428,1453,1268,690,578,1249,635,614,38,21,17,96541,49912,46629
572,District-Bangalore,Total,6,69458,35889,33569,197,113,84,183,99,84,4,3,1,4094,2037,2057,841,446,395,999,511,488,20,8,12,63120,32672,30448
572,District-Bangalore,Total,7,22022,11322,10700,310,179,131,159,80,79,6,3,3,4470,2222,2248,327,194,133,234,124,110,6,3,3,16510,8517,7993
572,District-Bangalore,Total,8,11264,5794,5470,350,211,139,146,81,65,5,4,1,4239,2165,2074,211,121,90,125,64,61,4,0,4,6184,3148,3036
572,District-Bangalore,Total,9,9669,4859,4810,403,254,149,166,91,75,11,7,4,4101,2005,2096,221,122,99,114,53,61,6,1,5,4647,2326,2321
572,District-Bangalore,Total,10,14034,7252,6782,511,319,192,200,101,99,6,4,2,4847,2449,2398,350,206,144,152,70,82,15,11,4,7953,4092,3861
572,District-Bangalore,Total,11,11704,5881,5823,1716,1157,559,285,155,130,20,15,5,5307,2362,2945,395,232,163,141,73,68,17,13,4,3823,1874,1949
572,District-Bangalore,Total,12,12405,6372,6033,2645,1866,779,368,203,165,34,24,10,5913,2593,3320,708,407,301,130,60,70,27,12,15,2580,1207,1373
572,District-Bangalore,Total,13,12572,6440,6132,2864,2040,824,425,255,170,88,57,31,6254,2669,3585,693,379,314,147,76,71,22,14,8,2079,950,1129
572,District-Bangalore,Total,14,16012,8548,7464,4430,3067,1363,612,365,247,106,75,31,7500,3319,4181,974,587,387,196,111,85,48,26,22,2146,998,1148
572,District-Bangalore,Total,15,22940,12170,10770,7865,5389,2476,1056,619,437,197,137,60,9692,3884,5808,1668,1023,645,264,155,109,46,23,23,2152,940,1212
572,District-Bangalore,Total,16,30952,16298,14654,12621,8485,4136,1462,875,587,286,190,96,12523,4557,7966,1752,1129,623,290,160,130,53,26,27,1965,876,1089
572,District-Bangalore,Total,17,45234,23044,22190,20918,13858,7060,2153,1309,844,447,301,146,17314,5270,12044,2162,1364,798,294,161,133,54,33,21,1892,748,1144
572,District-Bangalore,Total,18,81194,40845,40349,40430,27141,13289,3812,2319,1493,732,479,253,28453,6978,21475,4132,2631,1501,553,290,263,114,62,52,2968,945,2023
572,District-Bangalore,Total,19,92105,45550,46555,46514,32454,14060,4163,2443,1720,680,450,230,32887,6612,26275,3952,2434,1518,505,274,231,103,53,50,3301,830,2471
572,District-Bangalore,Rural,5-19,64957,33044,31913,18988,13160,5828,2639,1639,1000,501,348,153,16646,4830,11816,2315,1254,1061,531,278,253,103,47,56,23234,11488,11746
572,District-Bangalore,Rural,5,11352,5835,5517,13,11,2,5,1,4,0,0,0,208,101,107,91,51,40,60,31,29,6,3,3,10969,5637,5332
572,District-Bangalore,Rural,6,7106,3632,3474,18,14,4,6,2,4,0,0,0,334,163,171,71,28,43,49,35,14,3,2,1,6625,3388,3237
572,District-Bangalore,Rural,7,2313,1196,1117,36,24,12,11,4,7,1,1,0,350,187,163,35,22,13,22,12,10,2,1,1,1856,945,911
572,District-Bangalore,Rural,8,1034,537,497,35,24,11,9,5,4,1,1,0,314,181,133,19,7,12,5,1,4,0,0,0,651,318,333
572,District-Bangalore,Rural,9,851,414,437,40,23,17,9,6,3,0,0,0,326,173,153,22,13,9,13,7,6,1,0,1,440,192,248
572,District-Bangalore,Rural,10,1134,518,616,46,22,24,13,7,6,1,1,0,382,167,215,30,14,16,9,2,7,2,2,0,651,303,348
572,District-Bangalore,Rural,11,1035,509,526,170,111,59,28,15,13,5,4,1,462,205,257,44,20,24,11,5,6,4,3,1,311,146,165
572,District-Bangalore,Rural,12,1201,598,603,288,205,83,30,19,11,5,3,2,545,230,315,85,48,37,18,6,12,0,0,0,230,87,143
572,District-Bangalore,Rural,13,1197,607,590,299,204,95,40,30,10,14,10,4,571,240,331,77,35,42,21,10,11,4,3,1,171,75,96
572,District-Bangalore,Rural,14,1597,847,750,457,319,138,79,49,30,17,12,5,693,311,382,123,62,61,27,13,14,5,3,2,196,78,118
572,District-Bangalore,Rural,15,2690,1403,1287,929,631,298,156,100,56,39,25,14,1058,406,652,239,136,103,46,22,24,10,5,5,213,78,135
572,District-Bangalore,Rural,16,3914,2054,1860,1687,1161,526,271,184,87,59,40,19,1478,475,1003,188,96,92,39,20,19,8,4,4,184,74,110
572,District-Bangalore,Rural,17,5794,2947,2847,2795,1856,939,376,242,134,81,62,19,2084,570,1514,242,134,108,32,20,12,14,7,7,170,56,114
572,District-Bangalore,Rural,18,11330,5792,5538,5805,3976,1829,797,516,281,156,106,50,3633,753,2880,540,322,218,95,49,46,23,5,18,281,65,216
572,District-Bangalore,Rural,19,12409,6155,6254,6370,4579,1791,809,459,350,122,83,39,4208,668,3540,509,266,243,84,45,39,21,9,12,286,46,240
572,District-Bangalore,Urban,5-19,488901,250107,238794,122969,83505,39464,12681,7424,5257,2124,1402,722,133829,45720,88109,17339,10711,6628,4862,2539,2323,470,259,211,194627,98547,96080
572,District-Bangalore,Urban,5,90941,47052,43889,170,121,49,125,67,58,3,1,2,2673,1327,1346,1177,639,538,1189,604,585,32,18,14,85572,44275,41297
572,District-Bangalore,Urban,6,62352,32257,30095,179,99,80,177,97,80,4,3,1,3760,1874,1886,770,418,352,950,476,474,17,6,11,56495,29284,27211
572,District-Bangalore,Urban,7,19709,10126,9583,274,155,119,148,76,72,5,2,3,4120,2035,2085,292,172,120,212,112,100,4,2,2,14654,7572,7082
572,District-Bangalore,Urban,8,10230,5257,4973,315,187,128,137,76,61,4,3,1,3925,1984,1941,192,114,78,120,63,57,4,0,4,5533,2830,2703
572,District-Bangalore,Urban,9,8818,4445,4373,363,231,132,157,85,72,11,7,4,3775,1832,1943,199,109,90,101,46,55,5,1,4,4207,2134,2073
572,District-Bangalore,Urban,10,12900,6734,6166,465,297,168,187,94,93,5,3,2,4465,2282,2183,320,192,128,143,68,75,13,9,4,7302,3789,3513
572,District-Bangalore,Urban,11,10669,5372,5297,1546,1046,500,257,140,117,15,11,4,4845,2157,2688,351,212,139,130,68,62,13,10,3,3512,1728,1784
572,District-Bangalore,Urban,12,11204,5774,5430,2357,1661,696,338,184,154,29,21,8,5368,2363,3005,623,359,264,112,54,58,27,12,15,2350,1120,1230
572,District-Bangalore,Urban,13,11375,5833,5542,2565,1836,729,385,225,160,74,47,27,5683,2429,3254,616,344,272,126,66,60,18,11,7,1908,875,1033
572,District-Bangalore,Urban,14,14415,7701,6714,3973,2748,1225,533,316,217,89,63,26,6807,3008,3799,851,525,326,169,98,71,43,23,20,1950,920,1030
572,District-Bangalore,Urban,15,20250,10767,9483,6936,4758,2178,900,519,381,158,112,46,8634,3478,5156,1429,887,542,218,133,85,36,18,18,1939,862,1077
572,District-Bangalore,Urban,16,27038,14244,12794,10934,7324,3610,1191,691,500,227,150,77,11045,4082,6963,1564,1033,531,251,140,111,45,22,23,1781,802,979
572,District-Bangalore,Urban,17,39440,20097,19343,18123,12002,6121,1777,1067,710,366,239,127,15230,4700,10530,1920,1230,690,262,141,121,40,26,14,1722,692,1030
572,District-Bangalore,Urban,18,69864,35053,34811,34625,23165,11460,3015,1803,1212,576,373,203,24820,6225,18595,3592,2309,1283,458,241,217,91,57,34,2687,880,1807
572,District-Bangalore,Urban,19,79696,39395,40301,40144,27875,12269,3354,1984,1370,558,367,191,28679,5944,22735,3443,2168,1275,421,229,192,82,44,38,3015,784,2231
573,District-Mandya,Total,5-19,111212,58256,52956,28230,22685,5545,7492,4224,3268,1384,728,656,30968,8588,22380,2346,1442,904,765,323,442,162,78,84,39865,20188,19677
573,District-Mandya,Total,5,20111,10394,9717,12,9,3,5,2,3,0,0,0,153,71,82,150,75,75,70,26,44,12,7,5,19709,10204,9505
573,District-Mandya,Total,6,12499,6565,5934,21,11,10,10,5,5,1,0,1,294,145,149,84,50,34,43,13,30,6,2,4,12040,6339,5701
573,District-Mandya,Total,7,3034,1604,1430,36,22,14,7,3,4,0,0,0,523,269,254,26,18,8,14,8,6,4,2,2,2424,1282,1142
573,District-Mandya,Total,8,1315,663,652,46,25,21,5,4,1,3,1,2,462,227,235,23,11,12,11,6,5,2,2,0,763,387,376
573,District-Mandya,Total,9,1132,557,575,40,28,12,14,7,7,1,1,0,498,227,271,15,6,9,9,5,4,4,1,3,551,282,269
573,District-Mandya,Total,10,1525,753,772,69,46,23,10,3,7,2,1,1,590,304,286,20,18,2,12,2,10,2,1,1,820,378,442
573,District-Mandya,Total,11,1349,677,672,146,110,36,34,16,18,10,3,7,650,300,350,31,20,11,11,5,6,7,5,2,460,218,242
573,District-Mandya,Total,12,1842,940,902,350,267,83,92,55,37,19,11,8,884,385,499,77,38,39,21,4,17,9,1,8,390,179,211
573,District-Mandya,Total,13,1963,1087,876,435,347,88,126,75,51,26,16,10,949,467,482,64,25,39,24,8,16,7,4,3,332,145,187
573,District-Mandya,Total,14,3032,1721,1311,849,695,154,243,152,91,52,34,18,1361,596,765,122,71,51,36,17,19,8,4,4,361,152,209
573,District-Mandya,Total,15,5148,2971,2177,1730,1438,292,506,319,187,99,55,44,2079,792,1287,248,163,85,68,33,35,13,4,9,405,167,238
573,District-Mandya,Total,16,7885,4399,3486,3027,2527,500,808,499,309,138,92,46,3275,969,2306,219,142,77,81,44,37,10,8,2,327,118,209
573,District-Mandya,Total,17,11051,5971,5080,4588,3726,862,1279,746,533,242,138,104,4325,1077,3248,238,151,87,65,22,43,19,13,6,295,98,197
573,District-Mandya,Total,18,20396,10698,9698,8841,7087,1754,2246,1279,967,419,214,205,7663,1550,6113,535,352,183,159,80,79,34,14,20,499,122,377
573,District-Mandya,Total,19,18930,9256,9674,8040,6347,1693,2107,1059,1048,372,162,210,7262,1209,6053,494,302,192,141,50,91,25,10,15,489,117,372
573,District-Mandya,Rural,5-19,93390,49177,44213,24479,19626,4853,6760,3711,3049,1193,603,590,25423,7069,18354,1993,1195,798,672,275,397,119,57,62,32751,16641,16110
573,District-Mandya,Rural,5,16555,8580,7975,11,9,2,3,2,1,0,0,0,122,58,64,136,70,66,65,24,41,11,6,5,16207,8411,7796
573,District-Mandya,Rural,6,10201,5379,4822,19,9,10,8,4,4,1,0,1,239,112,127,71,40,31,41,13,28,4,0,4,9818,5201,4617
573,District-Mandya,Rural,7,2495,1317,1178,35,21,14,7,3,4,0,0,0,459,234,225,20,13,7,13,7,6,3,2,1,1958,1037,921
573,District-Mandya,Rural,8,1121,569,552,42,24,18,4,3,1,3,1,2,398,200,198,20,10,10,10,6,4,1,1,0,643,324,319
573,District-Mandya,Rural,9,962,478,484,34,23,11,11,4,7,1,1,0,432,199,233,14,6,8,7,4,3,2,1,1,461,240,221
573,District-Mandya,Rural,10,1284,629,655,60,40,20,10,3,7,2,1,1,503,254,249,17,15,2,9,0,9,0,0,0,683,316,367
573,District-Mandya,Rural,11,1158,574,584,125,93,32,30,13,17,10,3,7,560,255,305,27,17,10,8,4,4,2,2,0,396,187,209
573,District-Mandya,Rural,12,1551,789,762,311,238,73,76,46,30,15,10,5,733,313,420,63,28,35,17,4,13,7,0,7,329,150,179
573,District-Mandya,Rural,13,1641,921,720,367,295,72,117,68,49,23,13,10,774,397,377,54,20,34,22,8,14,3,1,2,281,119,162
573,District-Mandya,Rural,14,2552,1445,1107,710,580,130,216,133,83,46,30,16,1128,494,634,110,62,48,32,15,17,5,3,2,305,128,177
573,District-Mandya,Rural,15,4283,2454,1829,1451,1200,251,448,276,172,87,45,42,1679,628,1051,207,132,75,62,29,33,7,2,5,342,142,200
573,District-Mandya,Rural,16,6617,3684,2933,2584,2156,428,712,423,289,111,73,38,2676,777,1899,185,115,70,64,33,31,8,6,2,277,101,176
573,District-Mandya,Rural,17,9419,5120,4299,3977,3229,748,1144,657,487,205,113,92,3562,880,2682,200,129,71,60,19,41,17,11,6,254,82,172
573,District-Mandya,Rural,18,17368,9211,8157,7708,6161,1547,2046,1135,911,367,183,184,6247,1273,4974,436,280,156,139,68,71,29,13,16,396,98,298
573,District-Mandya,Rural,19,16183,8027,8156,7045,5548,1497,1928,941,987,322,130,192,5911,995,4916,433,258,175,123,41,82,20,9,11,401,105,296
573,District-Mandya,Urban,5-19,17822,9079,8743,3751,3059,692,732,513,219,191,125,66,5545,1519,4026,353,247,106,93,48,45,43,21,22,7114,3547,3567
573,District-Mandya,Urban,5,3556,1814,1742,1,0,1,2,0,2,0,0,0,31,13,18,14,5,9,5,2,3,1,1,0,3502,1793,1709
573,District-Mandya,Urban,6,2298,1186,1112,2,2,0,2,1,1,0,0,0,55,33,22,13,10,3,2,0,2,2,2,0,2222,1138,1084
573,District-Mandya,Urban,7,539,287,252,1,1,0,0,0,0,0,0,0,64,35,29,6,5,1,1,1,0,1,0,1,466,245,221
573,District-Mandya,Urban,8,194,94,100,4,1,3,1,1,0,0,0,0,64,27,37,3,1,2,1,0,1,1,1,0,120,63,57
573,District-Mandya,Urban,9,170,79,91,6,5,1,3,3,0,0,0,0,66,28,38,1,0,1,2,1,1,2,0,2,90,42,48
573,District-Mandya,Urban,10,241,124,117,9,6,3,0,0,0,0,0,0,87,50,37,3,3,0,3,2,1,2,1,1,137,62,75
573,District-Mandya,Urban,11,191,103,88,21,17,4,4,3,1,0,0,0,90,45,45,4,3,1,3,1,2,5,3,2,64,31,33
573,District-Mandya,Urban,12,291,151,140,39,29,10,16,9,7,4,1,3,151,72,79,14,10,4,4,0,4,2,1,1,61,29,32
573,District-Mandya,Urban,13,322,166,156,68,52,16,9,7,2,3,3,0,175,70,105,10,5,5,2,0,2,4,3,1,51,26,25
573,District-Mandya,Urban,14,480,276,204,139,115,24,27,19,8,6,4,2,233,102,131,12,9,3,4,2,2,3,1,2,56,24,32
573,District-Mandya,Urban,15,865,517,348,279,238,41,58,43,15,12,10,2,400,164,236,41,31,10,6,4,2,6,2,4,63,25,38
573,District-Mandya,Urban,16,1268,715,553,443,371,72,96,76,20,27,19,8,599,192,407,34,27,7,17,11,6,2,2,0,50,17,33
573,District-Mandya,Urban,17,1632,851,781,611,497,114,135,89,46,37,25,12,763,197,566,38,22,16,5,3,2,2,2,0,41,16,25
573,District-Mandya,Urban,18,3028,1487,1541,1133,926,207,200,144,56,52,31,21,1416,277,1139,99,72,27,20,12,8,5,1,4,103,24,79
573,District-Mandya,Urban,19,2747,1229,1518,995,799,196,179,118,61,50,32,18,1351,214,1137,61,44,17,18,9,9,5,1,4,88,12,76
574,District-Hassan,Total,5-19,105425,54229,51196,27523,19864,7659,7408,3492,3916,1245,626,619,27049,9002,18047,1808,1019,789,655,258,397,146,59,87,39591,19909,19682
574,District-Hassan,Total,5,20036,10218,9818,7,4,3,5,1,4,0,0,0,212,101,111,111,59,52,80,46,34,16,9,7,19605,9998,9607
574,District-Hassan,Total,6,12533,6483,6050,8,8,0,6,3,3,1,0,1,298,141,157,73,46,27,50,25,25,11,5,6,12086,6255,5831
574,District-Hassan,Total,7,3193,1659,1534,30,19,11,7,5,2,0,0,0,579,278,301,18,14,4,18,9,9,3,1,2,2538,1333,1205
574,District-Hassan,Total,8,1322,652,670,38,29,9,12,8,4,1,1,0,562,269,293,16,10,6,7,4,3,1,0,1,685,331,354
574,District-Hassan,Total,9,1203,588,615,29,21,8,11,6,5,2,1,1,586,285,301,16,9,7,9,5,4,1,0,1,549,261,288
574,District-Hassan,Total,10,1501,754,747,32,20,12,11,3,8,2,0,2,632,341,291,26,14,12,13,5,8,2,0,2,783,371,412
574,District-Hassan,Total,11,1398,651,747,116,80,36,39,20,19,8,5,3,706,306,400,23,12,11,14,4,10,7,3,4,485,221,264
574,District-Hassan,Total,12,1681,819,862,329,213,116,67,29,38,11,3,8,822,368,454,38,21,17,19,11,8,1,1,0,394,173,221
574,District-Hassan,Total,13,1963,1002,961,352,249,103,87,42,45,28,14,14,1043,484,559,58,31,27,12,6,6,3,0,3,380,176,204
574,District-Hassan,Total,14,2984,1679,1305,858,647,211,244,131,113,46,29,17,1329,613,716,88,53,35,21,8,13,10,5,5,388,193,195
574,District-Hassan,Total,15,4876,2694,2182,1717,1264,453,479,274,205,94,48,46,2008,840,1168,156,103,53,53,15,38,9,3,6,360,147,213
574,District-Hassan,Total,16,7454,4060,3394,3110,2291,819,820,420,400,171,92,79,2823,1033,1790,161,84,77,49,21,28,12,5,7,308,114,194
574,District-Hassan,Total,17,10609,5638,4971,4751,3479,1272,1263,642,621,215,113,102,3827,1147,2680,196,121,75,66,27,39,18,5,13,273,104,169
574,District-Hassan,Total,18,17335,8887,8448,8103,5841,2262,2119,989,1130,353,182,171,5818,1479,4339,407,223,184,118,34,84,28,14,14,389,125,264
574,District-Hassan,Total,19,17337,8445,8892,8043,5699,2344,2238,919,1319,313,138,175,5804,1317,4487,421,219,202,126,38,88,24,8,16,368,107,261
574,District-Hassan,Rural,5-19,85663,43862,41801,23899,16833,7066,6734,2980,3754,1058,495,563,21080,7181,13899,1569,853,716,581,217,364,121,43,78,30621,15260,15361
574,District-Hassan,Rural,5,15535,7861,7674,5,2,3,4,1,3,0,0,0,146,68,78,92,47,45,70,39,31,14,8,6,15204,7696,7508
574,District-Hassan,Rural,6,9396,4835,4561,5,5,0,5,3,2,0,0,0,215,103,112,56,34,22,42,19,23,11,5,6,9062,4666,4396
574,District-Hassan,Rural,7,2532,1317,1215,26,16,10,6,4,2,0,0,0,486,239,247,12,9,3,15,8,7,3,1,2,1984,1040,944
574,District-Hassan,Rural,8,1073,509,564,34,25,9,11,7,4,1,1,0,461,213,248,14,8,6,6,4,2,1,0,1,545,251,294
574,District-Hassan,Rural,9,1004,482,522,27,19,8,11,6,5,2,1,1,504,243,261,12,5,7,5,2,3,1,0,1,442,206,236
574,District-Hassan,Rural,10,1204,609,595,27,16,11,11,3,8,2,0,2,516,285,231,19,10,9,12,5,7,2,0,2,615,290,325
574,District-Hassan,Rural,11,1164,541,623,99,66,33,33,16,17,5,3,2,565,251,314,20,9,11,13,4,9,6,2,4,423,190,233
574,District-Hassan,Rural,12,1391,681,710,280,174,106,63,28,35,10,3,7,660,304,356,34,19,15,17,10,7,1,1,0,326,142,184
574,District-Hassan,Rural,13,1625,827,798,298,204,94,79,36,43,24,10,14,843,402,441,50,25,25,11,5,6,3,0,3,317,145,172
574,District-Hassan,Rural,14,2480,1378,1102,740,544,196,214,105,109,42,25,17,1060,496,564,78,46,32,19,6,13,10,5,5,317,151,166
574,District-Hassan,Rural,15,4070,2206,1864,1495,1064,431,433,232,201,82,38,44,1580,653,927,136,88,48,45,12,33,7,1,6,292,118,174
574,District-Hassan,Rural,16,6222,3353,2869,2687,1934,753,745,363,382,150,78,72,2193,801,1392,143,70,73,42,17,25,7,2,5,255,88,167
574,District-Hassan,Rural,17,8908,4753,4155,4137,2972,1165,1143,550,593,173,84,89,2989,925,2064,174,105,69,61,24,37,13,4,9,218,89,129
574,District-Hassan,Rural,18,14607,7458,7149,7081,4985,2096,1914,831,1083,309,150,159,4497,1159,3338,355,192,163,106,31,75,22,9,13,323,101,222
574,District-Hassan,Rural,19,14452,7052,7400,6958,4807,2151,2062,795,1267,258,102,156,4365,1039,3326,374,186,188,117,31,86,20,5,15,298,87,211
574,District-Hassan,Urban,5-19,19762,10367,9395,3624,3031,593,674,512,162,187,131,56,5969,1821,4148,239,166,73,74,41,33,25,16,9,8970,4649,4321
574,District-Hassan,Urban,5,4501,2357,2144,2,2,0,1,0,1,0,0,0,66,33,33,19,12,7,10,7,3,2,1,1,4401,2302,2099
574,District-Hassan,Urban,6,3137,1648,1489,3,3,0,1,0,1,1,0,1,83,38,45,17,12,5,8,6,2,0,0,0,3024,1589,1435
574,District-Hassan,Urban,7,661,342,319,4,3,1,1,1,0,0,0,0,93,39,54,6,5,1,3,1,2,0,0,0,554,293,261
574,District-Hassan,Urban,8,249,143,106,4,4,0,1,1,0,0,0,0,101,56,45,2,2,0,1,0,1,0,0,0,140,80,60
574,District-Hassan,Urban,9,199,106,93,2,2,0,0,0,0,0,0,0,82,42,40,4,4,0,4,3,1,0,0,0,107,55,52
574,District-Hassan,Urban,10,297,145,152,5,4,1,0,0,0,0,0,0,116,56,60,7,4,3,1,0,1,0,0,0,168,81,87
574,District-Hassan,Urban,11,234,110,124,17,14,3,6,4,2,3,2,1,141,55,86,3,3,0,1,0,1,1,1,0,62,31,31
574,District-Hassan,Urban,12,290,138,152,49,39,10,4,1,3,1,0,1,162,64,98,4,2,2,2,1,1,0,0,0,68,31,37
574,District-Hassan,Urban,13,338,175,163,54,45,9,8,6,2,4,4,0,200,82,118,8,6,2,1,1,0,0,0,0,63,31,32
574,District-Hassan,Urban,14,504,301,203,118,103,15,30,26,4,4,4,0,269,117,152,10,7,3,2,2,0,0,0,0,71,42,29
574,District-Hassan,Urban,15,806,488,318,222,200,22,46,42,4,12,10,2,428,187,241,20,15,5,8,3,5,2,2,0,68,29,39
574,District-Hassan,Urban,16,1232,707,525,423,357,66,75,57,18,21,14,7,630,232,398,18,14,4,7,4,3,5,3,2,53,26,27
574,District-Hassan,Urban,17,1701,885,816,614,507,107,120,92,28,42,29,13,838,222,616,22,16,6,5,3,2,5,1,4,55,15,40
574,District-Hassan,Urban,18,2728,1429,1299,1022,856,166,205,158,47,44,32,12,1321,320,1001,52,31,21,12,3,9,6,5,1,66,24,42
574,District-Hassan,Urban,19,2885,1393,1492,1085,892,193,176,124,52,55,36,19,1439,278,1161,47,33,14,9,7,2,4,3,1,70,20,50
575,District-Dakshina Kannada,Total,5-19,97353,50034,47319,33909,20798,13111,3962,2218,1744,1015,566,449,21269,7460,13809,953,498,455,184,92,92,59,23,36,36002,18379,17623
575,District-Dakshina Kannada,Total,5,18715,9630,9085,12,8,4,2,1,1,0,0,0,197,98,99,115,58,57,30,19,11,3,2,1,18356,9444,8912
575,District-Dakshina Kannada,Total,6,12396,6404,5992,10,5,5,5,1,4,0,0,0,332,164,168,64,30,34,23,11,12,2,0,2,11960,6193,5767
575,District-Dakshina Kannada,Total,7,2129,1132,997,26,13,13,4,4,0,0,0,0,487,240,247,11,6,5,4,1,3,3,1,2,1594,867,727
575,District-Dakshina Kannada,Total,8,982,506,476,20,12,8,3,2,1,0,0,0,490,251,239,7,5,2,0,0,0,1,1,0,461,235,226
575,District-Dakshina Kannada,Total,9,962,485,477,22,13,9,5,1,4,2,0,2,480,237,243,4,3,1,0,0,0,0,0,0,449,231,218
575,District-Dakshina Kannada,Total,10,1203,583,620,27,14,13,1,1,0,1,1,0,608,291,317,7,4,3,6,2,4,0,0,0,553,270,283
575,District-Dakshina Kannada,Total,11,1157,580,577,116,72,44,8,5,3,4,3,1,627,311,316,10,5,5,1,0,1,3,1,2,388,183,205
575,District-Dakshina Kannada,Total,12,1206,571,635,226,126,100,27,16,11,8,4,4,617,285,332,21,9,12,6,1,5,4,1,3,297,129,168
575,District-Dakshina Kannada,Total,13,1418,699,719,251,137,114,37,21,16,9,3,6,755,377,378,29,14,15,6,1,5,2,2,0,329,144,185
575,District-Dakshina Kannada,Total,14,2169,1108,1061,648,397,251,96,53,43,22,16,6,999,455,544,34,21,13,6,2,4,4,3,1,360,161,199
575,District-Dakshina Kannada,Total,15,3787,1948,1839,1585,951,634,212,125,87,71,42,29,1492,634,858,61,28,33,11,6,5,8,2,6,347,160,187
575,District-Dakshina Kannada,Total,16,6970,3618,3352,3555,2183,1372,489,283,206,150,85,65,2416,921,1495,66,28,38,8,6,2,5,1,4,281,111,170
575,District-Dakshina Kannada,Total,17,10111,5296,4815,5933,3637,2296,707,403,304,199,110,89,2930,988,1942,94,53,41,21,10,11,9,5,4,218,90,128
575,District-Dakshina Kannada,Total,18,16255,8366,7889,10044,6206,3838,1127,625,502,253,147,106,4337,1163,3174,235,117,118,40,23,17,11,3,8,208,82,126
575,District-Dakshina Kannada,Total,19,17893,9108,8785,11434,7024,4410,1239,677,562,296,155,141,4502,1045,3457,195,117,78,22,10,12,4,1,3,201,79,122
575,District-Dakshina Kannada,Rural,5-19,56451,28899,27552,22442,13047,9395,2878,1497,1381,700,354,346,11147,4235,6912,397,205,192,80,39,41,32,10,22,18775,9512,9263
575,District-Dakshina Kannada,Rural,5,9859,4988,4871,6,4,2,1,0,1,0,0,0,85,41,44,66,33,33,13,9,4,3,2,1,9685,4899,4786
575,District-Dakshina Kannada,Rural,6,6257,3253,3004,5,3,2,2,0,2,0,0,0,141,66,75,27,11,16,7,3,4,1,0,1,6074,3170,2904
575,District-Dakshina Kannada,Rural,7,1125,601,524,17,10,7,3,3,0,0,0,0,235,125,110,6,2,4,2,1,1,3,1,2,859,459,400
575,District-Dakshina Kannada,Rural,8,526,271,255,8,6,2,1,1,0,0,0,0,257,145,112,4,3,1,0,0,0,1,1,0,255,115,140
575,District-Dakshina Kannada,Rural,9,529,264,265,11,5,6,2,0,2,1,0,1,275,138,137,3,2,1,0,0,0,0,0,0,237,119,118
575,District-Dakshina Kannada,Rural,10,620,296,324,20,9,11,0,0,0,1,1,0,315,144,171,3,1,2,4,2,2,0,0,0,277,139,138
575,District-Dakshina Kannada,Rural,11,644,320,324,76,44,32,4,2,2,3,2,1,335,171,164,4,2,2,0,0,0,2,0,2,220,99,121
575,District-Dakshina Kannada,Rural,12,647,319,328,136,71,65,18,10,8,5,2,3,313,159,154,11,4,7,3,1,2,4,1,3,157,71,86
575,District-Dakshina Kannada,Rural,13,761,372,389,143,80,63,26,13,13,5,0,5,383,192,191,13,6,7,3,1,2,0,0,0,188,80,108
575,District-Dakshina Kannada,Rural,14,1307,665,642,432,250,182,63,32,31,20,15,5,591,279,312,15,8,7,2,0,2,2,1,1,182,80,102
575,District-Dakshina Kannada,Rural,15,2384,1261,1123,1112,657,455,154,87,67,51,32,19,850,377,473,23,14,9,5,3,2,5,2,3,184,89,95
575,District-Dakshina Kannada,Rural,16,4564,2387,2177,2503,1467,1036,379,213,166,106,55,51,1400,582,818,23,11,12,5,4,1,4,0,4,144,55,89
575,District-Dakshina Kannada,Rural,17,6408,3287,3121,3961,2266,1695,530,276,254,140,70,70,1595,600,995,45,23,22,11,4,7,2,0,2,124,48,76
575,District-Dakshina Kannada,Rural,18,9995,5136,4859,6604,3866,2738,828,433,395,170,91,79,2192,646,1546,81,43,38,17,9,8,5,2,3,98,46,52
575,District-Dakshina Kannada,Rural,19,10825,5479,5346,7408,4309,3099,867,427,440,198,86,112,2180,570,1610,73,42,31,8,2,6,0,0,0,91,43,48
575,District-Dakshina Kannada,Urban,5-19,40902,21135,19767,11467,7751,3716,1084,721,363,315,212,103,10122,3225,6897,556,293,263,104,53,51,27,13,14,17227,8867,8360
575,District-Dakshina Kannada,Urban,5,8856,4642,4214,6,4,2,1,1,0,0,0,0,112,57,55,49,25,24,17,10,7,0,0,0,8671,4545,4126
575,District-Dakshina Kannada,Urban,6,6139,3151,2988,5,2,3,3,1,2,0,0,0,191,98,93,37,19,18,16,8,8,1,0,1,5886,3023,2863
575,District-Dakshina Kannada,Urban,7,1004,531,473,9,3,6,1,1,0,0,0,0,252,115,137,5,4,1,2,0,2,0,0,0,735,408,327
575,District-Dakshina Kannada,Urban,8,456,235,221,12,6,6,2,1,1,0,0,0,233,106,127,3,2,1,0,0,0,0,0,0,206,120,86
575,District-Dakshina Kannada,Urban,9,433,221,212,11,8,3,3,1,2,1,0,1,205,99,106,1,1,0,0,0,0,0,0,0,212,112,100
575,District-Dakshina Kannada,Urban,10,583,287,296,7,5,2,1,1,0,0,0,0,293,147,146,4,3,1,2,0,2,0,0,0,276,131,145
575,District-Dakshina Kannada,Urban,11,513,260,253,40,28,12,4,3,1,1,1,0,292,140,152,6,3,3,1,0,1,1,1,0,168,84,84
575,District-Dakshina Kannada,Urban,12,559,252,307,90,55,35,9,6,3,3,2,1,304,126,178,10,5,5,3,0,3,0,0,0,140,58,82
575,District-Dakshina Kannada,Urban,13,657,327,330,108,57,51,11,8,3,4,3,1,372,185,187,16,8,8,3,0,3,2,2,0,141,64,77
575,District-Dakshina Kannada,Urban,14,862,443,419,216,147,69,33,21,12,2,1,1,408,176,232,19,13,6,4,2,2,2,2,0,178,81,97
575,District-Dakshina Kannada,Urban,15,1403,687,716,473,294,179,58,38,20,20,10,10,642,257,385,38,14,24,6,3,3,3,0,3,163,71,92
575,District-Dakshina Kannada,Urban,16,2406,1231,1175,1052,716,336,110,70,40,44,30,14,1016,339,677,43,17,26,3,2,1,1,1,0,137,56,81
575,District-Dakshina Kannada,Urban,17,3703,2009,1694,1972,1371,601,177,127,50,59,40,19,1335,388,947,49,30,19,10,6,4,7,5,2,94,42,52
575,District-Dakshina Kannada,Urban,18,6260,3230,3030,3440,2340,1100,299,192,107,83,56,27,2145,517,1628,154,74,80,23,14,9,6,1,5,110,36,74
575,District-Dakshina Kannada,Urban,19,7068,3629,3439,4026,2715,1311,372,250,122,98,69,29,2322,475,1847,122,75,47,14,8,6,4,1,3,110,36,74
576,District-Kodagu,Total,5-19,31199,15841,15358,9268,6007,3261,954,616,338,283,142,141,7608,2540,5068,1315,656,659,107,46,61,25,7,18,11639,5827,5812
576,District-Kodagu,Total,5,5504,2838,2666,5,3,2,0,0,0,0,0,0,71,29,42,55,36,19,9,4,5,1,1,0,5363,2765,2598
576,District-Kodagu,Total,6,3513,1787,1726,3,2,1,0,0,0,0,0,0,113,52,61,43,24,19,7,4,3,0,0,0,3347,1705,1642
576,District-Kodagu,Total,7,1008,489,519,4,2,2,1,1,0,0,0,0,179,81,98,14,7,7,1,1,0,0,0,0,809,397,412
576,District-Kodagu,Total,8,461,231,230,12,8,4,0,0,0,1,0,1,151,86,65,5,1,4,1,1,0,1,1,0,290,134,156
576,District-Kodagu,Total,9,523,255,268,15,8,7,3,1,2,0,0,0,169,79,90,10,5,5,1,1,0,1,0,1,324,161,163
576,District-Kodagu,Total,10,687,352,335,16,11,5,3,3,0,2,2,0,227,120,107,18,14,4,1,0,1,0,0,0,420,202,218
576,District-Kodagu,Total,11,564,302,262,56,38,18,7,5,2,3,1,2,227,124,103,21,12,9,7,2,5,3,1,2,240,119,121
576,District-Kodagu,Total,12,624,288,336,131,81,50,13,6,7,9,3,6,279,120,159,29,10,19,5,1,4,3,1,2,155,66,89
576,District-Kodagu,Total,13,682,333,349,176,102,74,16,8,8,6,3,3,306,144,162,43,19,24,2,0,2,0,0,0,133,57,76
576,District-Kodagu,Total,14,912,470,442,296,183,113,33,20,13,7,4,3,368,167,201,60,31,29,10,7,3,2,0,2,136,58,78
576,District-Kodagu,Total,15,1536,830,706,657,424,233,70,47,23,21,11,10,556,226,330,119,74,45,4,3,1,1,0,1,108,45,63
576,District-Kodagu,Total,16,2321,1209,1112,1126,723,403,122,77,45,47,28,19,809,285,524,120,60,60,14,7,7,1,0,1,82,29,53
576,District-Kodagu,Total,17,2916,1571,1345,1496,1013,483,156,109,47,44,19,25,988,313,675,146,76,70,12,4,8,2,0,2,72,37,35
576,District-Kodagu,Total,18,4934,2502,2432,2616,1686,930,292,182,110,67,37,30,1503,382,1121,356,178,178,18,5,13,3,1,2,79,31,48
576,District-Kodagu,Total,19,5014,2384,2630,2659,1723,936,238,157,81,76,34,42,1662,332,1330,276,109,167,15,6,9,7,2,5,81,21,60
576,District-Kodagu,Rural,5-19,27854,14046,13808,8499,5393,3106,839,534,305,263,125,138,6631,2216,4415,1244,608,636,100,44,56,19,5,14,10259,5121,5138
576,District-Kodagu,Rural,5,4862,2488,2374,5,3,2,0,0,0,0,0,0,58,23,35,48,30,18,8,3,5,1,1,0,4742,2428,2314
576,District-Kodagu,Rural,6,3060,1552,1508,3,2,1,0,0,0,0,0,0,96,45,51,34,17,17,6,4,2,0,0,0,2921,1484,1437
576,District-Kodagu,Rural,7,891,440,451,4,2,2,1,1,0,0,0,0,164,73,91,13,7,6,1,1,0,0,0,0,708,356,352
576,District-Kodagu,Rural,8,412,203,209,10,7,3,0,0,0,1,0,1,129,72,57,4,0,4,1,1,0,1,1,0,266,122,144
576,District-Kodagu,Rural,9,454,219,235,12,6,6,3,1,2,0,0,0,146,68,78,9,4,5,1,1,0,1,0,1,282,139,143
576,District-Kodagu,Rural,10,620,316,304,16,11,5,2,2,0,1,1,0,203,109,94,17,13,4,1,0,1,0,0,0,380,180,200
576,District-Kodagu,Rural,11,485,259,226,46,31,15,7,5,2,3,1,2,193,107,86,18,10,8,6,2,4,3,1,2,209,102,107
576,District-Kodagu,Rural,12,554,254,300,117,70,47,12,5,7,9,3,6,235,102,133,27,9,18,5,1,4,3,1,2,146,63,83
576,District-Kodagu,Rural,13,602,289,313,157,88,69,11,4,7,6,3,3,266,126,140,39,17,22,2,0,2,0,0,0,121,51,70
576,District-Kodagu,Rural,14,825,414,411,262,158,104,31,18,13,7,4,3,332,146,186,59,30,29,10,7,3,2,0,2,122,51,71
576,District-Kodagu,Rural,15,1408,762,646,614,396,218,64,43,21,20,10,10,495,198,297,114,71,43,4,3,1,0,0,0,97,41,56
576,District-Kodagu,Rural,16,2133,1100,1033,1052,662,390,107,68,39,44,25,19,726,254,472,115,56,59,14,7,7,1,0,1,74,28,46
576,District-Kodagu,Rural,17,2643,1407,1236,1376,910,466,139,97,42,41,17,24,869,273,596,141,72,69,11,4,7,1,0,1,65,34,31
576,District-Kodagu,Rural,18,4435,2212,2223,2390,1500,890,260,160,100,61,31,30,1309,325,984,335,165,170,16,5,11,3,1,2,61,25,36
576,District-Kodagu,Rural,19,4470,2131,2339,2435,1547,888,202,130,72,70,30,40,1410,295,1115,271,107,164,14,5,9,3,0,3,65,17,48
576,District-Kodagu,Urban,5-19,3345,1795,1550,769,614,155,115,82,33,20,17,3,977,324,653,71,48,23,7,2,5,6,2,4,1380,706,674
576,District-Kodagu,Urban,5,642,350,292,0,0,0,0,0,0,0,0,0,13,6,7,7,6,1,1,1,0,0,0,0,621,337,284
576,District-Kodagu,Urban,6,453,235,218,0,0,0,0,0,0,0,0,0,17,7,10,9,7,2,1,0,1,0,0,0,426,221,205
576,District-Kodagu,Urban,7,117,49,68,0,0,0,0,0,0,0,0,0,15,8,7,1,0,1,0,0,0,0,0,0,101,41,60
576,District-Kodagu,Urban,8,49,28,21,2,1,1,0,0,0,0,0,0,22,14,8,1,1,0,0,0,0,0,0,0,24,12,12
576,District-Kodagu,Urban,9,69,36,33,3,2,1,0,0,0,0,0,0,23,11,12,1,1,0,0,0,0,0,0,0,42,22,20
576,District-Kodagu,Urban,10,67,36,31,0,0,0,1,1,0,1,1,0,24,11,13,1,1,0,0,0,0,0,0,0,40,22,18
576,District-Kodagu,Urban,11,79,43,36,10,7,3,0,0,0,0,0,0,34,17,17,3,2,1,1,0,1,0,0,0,31,17,14
576,District-Kodagu,Urban,12,70,34,36,14,11,3,1,1,0,0,0,0,44,18,26,2,1,1,0,0,0,0,0,0,9,3,6
576,District-Kodagu,Urban,13,80,44,36,19,14,5,5,4,1,0,0,0,40,18,22,4,2,2,0,0,0,0,0,0,12,6,6
576,District-Kodagu,Urban,14,87,56,31,34,25,9,2,2,0,0,0,0,36,21,15,1,1,0,0,0,0,0,0,0,14,7,7
576,District-Kodagu,Urban,15,128,68,60,43,28,15,6,4,2,1,1,0,61,28,33,5,3,2,0,0,0,1,0,1,11,4,7
576,District-Kodagu,Urban,16,188,109,79,74,61,13,15,9,6,3,3,0,83,31,52,5,4,1,0,0,0,0,0,0,8,1,7
576,District-Kodagu,Urban,17,273,164,109,120,103,17,17,12,5,3,2,1,119,40,79,5,4,1,1,0,1,1,0,1,7,3,4
576,District-Kodagu,Urban,18,499,290,209,226,186,40,32,22,10,6,6,0,194,57,137,21,13,8,2,0,2,0,0,0,18,6,12
576,District-Kodagu,Urban,19,544,253,291,224,176,48,36,27,9,6,4,2,252,37,215,5,2,3,1,1,0,4,2,2,16,4,12
577,District-Mysore,Total,5-19,203985,101787,102198,43159,35361,7798,12153,7744,4409,2085,1275,810,69894,18474,51420,5043,3424,1619,1854,901,953,328,161,167,69469,34447,35022
577,District-Mysore,Total,5,33908,17460,16448,28,22,6,10,3,7,1,0,1,458,224,234,323,194,129,185,87,98,35,18,17,32868,16912,15956
577,District-Mysore,Total,6,20780,10851,9929,16,11,5,8,8,0,2,0,2,732,355,377,180,106,74,124,59,65,30,11,19,19688,10301,9387
577,District-Mysore,Total,7,5432,2781,2651,64,33,31,16,13,3,1,1,0,1010,518,492,65,37,28,48,26,22,7,5,2,4221,2148,2073
577,District-Mysore,Total,8,2606,1314,1292,86,49,37,30,11,19,0,0,0,1024,511,513,33,19,14,25,12,13,4,3,1,1404,709,695
577,District-Mysore,Total,9,2289,1141,1148,81,46,35,37,23,14,2,1,1,944,462,482,37,23,14,18,11,7,4,1,3,1166,574,592
577,District-Mysore,Total,10,3174,1651,1523,106,65,41,43,30,13,5,2,3,1227,614,613,56,38,18,28,12,16,5,2,3,1704,888,816
577,District-Mysore,Total,11,3012,1505,1507,314,231,83,86,42,44,12,7,5,1494,688,806,79,50,29,37,16,21,6,2,4,984,469,515
577,District-Mysore,Total,12,3795,1931,1864,625,479,146,156,89,67,21,10,11,2033,903,1130,137,85,52,57,24,33,6,2,4,760,339,421
577,District-Mysore,Total,13,4684,2279,2405,802,636,166,266,161,105,51,34,17,2692,1024,1668,137,88,49,47,24,23,8,4,4,681,308,373
577,District-Mysore,Total,14,7255,3627,3628,1566,1287,279,485,298,187,92,61,31,3949,1413,2536,260,170,90,85,39,46,10,4,6,808,355,453
577,District-Mysore,Total,15,11532,5980,5552,3149,2611,538,959,649,310,192,126,66,5793,1857,3936,425,305,120,124,69,55,20,14,6,870,349,521
577,District-Mysore,Total,16,16677,8454,8223,5093,4240,853,1514,1037,477,270,177,93,8418,2295,6123,431,307,124,131,71,60,27,15,12,793,312,481
577,District-Mysore,Total,17,21080,10575,10505,7005,5892,1113,1985,1312,673,385,232,153,10109,2359,7750,544,398,146,181,103,78,37,20,17,834,259,575
577,District-Mysore,Total,18,35382,17201,18181,12693,10456,2237,3438,2203,1235,558,335,223,15713,2868,12845,1191,830,361,376,191,185,70,37,33,1343,281,1062
577,District-Mysore,Total,19,32379,15037,17342,11531,9303,2228,3120,1865,1255,493,289,204,14298,2383,11915,1145,774,371,388,157,231,59,23,36,1345,243,1102
577,District-Mysore,Rural,5-19,135549,67011,68538,30092,24861,5231,9755,6061,3694,1579,887,692,45857,11056,34801,3452,2294,1158,1379,646,733,253,116,137,43182,21090,22092
577,District-Mysore,Rural,5,20943,10708,10235,10,9,1,5,2,3,0,0,0,212,99,113,194,127,67,98,48,50,31,15,16,20393,10408,9985
577,District-Mysore,Rural,6,12599,6601,5998,4,2,2,2,2,0,1,0,1,414,205,209,113,62,51,72,37,35,28,11,17,11965,6282,5683
577,District-Mysore,Rural,7,3212,1604,1608,38,21,17,7,5,2,1,1,0,581,309,272,36,17,19,26,14,12,6,5,1,2517,1232,1285
577,District-Mysore,Rural,8,1593,795,798,57,31,26,14,5,9,0,0,0,611,293,318,14,9,5,11,6,5,4,3,1,882,448,434
577,District-Mysore,Rural,9,1344,654,690,54,30,24,19,13,6,2,1,1,535,257,278,19,8,11,8,6,2,3,0,3,704,339,365
577,District-Mysore,Rural,10,1932,982,950,65,35,30,26,18,8,4,2,2,714,354,360,35,23,12,15,5,10,4,2,2,1069,543,526
577,District-Mysore,Rural,11,1805,876,929,180,132,48,57,29,28,8,5,3,888,388,500,44,28,16,21,10,11,5,2,3,602,282,320
577,District-Mysore,Rural,12,2442,1207,1235,391,303,88,108,58,50,16,7,9,1295,562,733,82,42,40,42,19,23,6,2,4,502,214,288
577,District-Mysore,Rural,13,3093,1462,1631,523,410,113,201,114,87,31,19,12,1767,642,1125,82,52,30,39,19,20,4,1,3,446,205,241
577,District-Mysore,Rural,14,4959,2385,2574,1040,864,176,385,234,151,68,41,27,2704,885,1819,172,109,63,59,25,34,10,4,6,521,223,298
577,District-Mysore,Rural,15,8226,4206,4020,2215,1874,341,795,525,270,151,88,63,4081,1230,2851,291,206,85,88,43,45,14,10,4,591,230,361
577,District-Mysore,Rural,16,11898,5947,5951,3628,3060,568,1206,812,394,199,122,77,5903,1473,4430,291,209,82,111,56,55,17,10,7,543,205,338
577,District-Mysore,Rural,17,14490,7170,7320,4825,4101,724,1592,1036,556,294,170,124,6695,1353,5342,358,256,102,147,80,67,27,14,13,552,160,392
577,District-Mysore,Rural,18,25115,12293,12822,9196,7649,1547,2856,1780,1076,428,229,199,10426,1678,8748,893,610,283,311,151,160,51,23,28,954,173,781
577,District-Mysore,Rural,19,21898,10121,11777,7866,6340,1526,2482,1428,1054,376,202,174,9031,1328,7703,828,536,292,331,127,204,43,14,29,941,146,795
577,District-Mysore,Urban,5-19,68436,34776,33660,13067,10500,2567,2398,1683,715,506,388,118,24037,7418,16619,1591,1130,461,475,255,220,75,45,30,26287,13357,12930
577,District-Mysore,Urban,5,12965,6752,6213,18,13,5,5,1,4,1,0,1,246,125,121,129,67,62,87,39,48,4,3,1,12475,6504,5971
577,District-Mysore,Urban,6,8181,4250,3931,12,9,3,6,6,0,1,0,1,318,150,168,67,44,23,52,22,30,2,0,2,7723,4019,3704
577,District-Mysore,Urban,7,2220,1177,1043,26,12,14,9,8,1,0,0,0,429,209,220,29,20,9,22,12,10,1,0,1,1704,916,788
577,District-Mysore,Urban,8,1013,519,494,29,18,11,16,6,10,0,0,0,413,218,195,19,10,9,14,6,8,0,0,0,522,261,261
577,District-Mysore,Urban,9,945,487,458,27,16,11,18,10,8,0,0,0,409,205,204,18,15,3,10,5,5,1,1,0,462,235,227
577,District-Mysore,Urban,10,1242,669,573,41,30,11,17,12,5,1,0,1,513,260,253,21,15,6,13,7,6,1,0,1,635,345,290
577,District-Mysore,Urban,11,1207,629,578,134,99,35,29,13,16,4,2,2,606,300,306,35,22,13,16,6,10,1,0,1,382,187,195
577,District-Mysore,Urban,12,1353,724,629,234,176,58,48,31,17,5,3,2,738,341,397,55,43,12,15,5,10,0,0,0,258,125,133
577,District-Mysore,Urban,13,1591,817,774,279,226,53,65,47,18,20,15,5,925,382,543,55,36,19,8,5,3,4,3,1,235,103,132
577,District-Mysore,Urban,14,2296,1242,1054,526,423,103,100,64,36,24,20,4,1245,528,717,88,61,27,26,14,12,0,0,0,287,132,155
577,District-Mysore,Urban,15,3306,1774,1532,934,737,197,164,124,40,41,38,3,1712,627,1085,134,99,35,36,26,10,6,4,2,279,119,160
577,District-Mysore,Urban,16,4779,2507,2272,1465,1180,285,308,225,83,71,55,16,2515,822,1693,140,98,42,20,15,5,10,5,5,250,107,143
577,District-Mysore,Urban,17,6590,3405,3185,2180,1791,389,393,276,117,91,62,29,3414,1006,2408,186,142,44,34,23,11,10,6,4,282,99,183
577,District-Mysore,Urban,18,10267,4908,5359,3497,2807,690,582,423,159,130,106,24,5287,1190,4097,298,220,78,65,40,25,19,14,5,389,108,281
577,District-Mysore,Urban,19,10481,4916,5565,3665,2963,702,638,437,201,117,87,30,5267,1055,4212,317,238,79,57,30,27,16,9,7,404,97,307
578,District-Chamarajanagar,Total,5-19,77011,39266,37745,16205,12897,3308,5185,3559,1626,903,604,299,25018,7120,17898,2855,1831,1024,1040,603,437,151,87,64,25654,12565,13089
578,District-Chamarajanagar,Total,5,12396,6427,5969,2,1,1,1,1,0,0,0,0,97,53,44,81,43,38,46,24,22,3,1,2,12166,6304,5862
578,District-Chamarajanagar,Total,6,7232,3811,3421,3,3,0,1,1,0,0,0,0,212,113,99,59,33,26,29,14,15,1,0,1,6927,3647,3280
578,District-Chamarajanagar,Total,7,1967,1021,946,20,10,10,5,3,2,0,0,0,305,148,157,20,11,9,5,3,2,0,0,0,1612,846,766
578,District-Chamarajanagar,Total,8,868,430,438,13,6,7,5,2,3,0,0,0,305,153,152,15,8,7,4,4,0,2,1,1,524,256,268
578,District-Chamarajanagar,Total,9,778,394,384,28,19,9,6,5,1,0,0,0,328,172,156,12,7,5,5,3,2,1,0,1,398,188,210
578,District-Chamarajanagar,Total,10,981,490,491,36,26,10,8,3,5,4,3,1,415,205,210,15,8,7,12,10,2,2,1,1,489,234,255
578,District-Chamarajanagar,Total,11,951,487,464,89,65,24,31,21,10,8,6,2,465,220,245,30,17,13,9,4,5,2,1,1,317,153,164
578,District-Chamarajanagar,Total,12,1520,769,751,222,158,64,109,64,45,19,12,7,779,339,440,69,45,24,20,13,7,5,5,0,297,133,164
578,District-Chamarajanagar,Total,13,1802,917,885,309,222,87,100,72,28,29,23,6,1012,433,579,71,53,18,16,8,8,6,3,3,259,103,156
578,District-Chamarajanagar,Total,14,2997,1545,1452,627,480,147,226,153,73,54,35,19,1612,654,958,130,84,46,45,25,20,11,7,4,292,107,185
578,District-Chamarajanagar,Total,15,4472,2441,2031,1190,964,226,396,265,131,71,45,26,2143,800,1343,249,172,77,70,50,20,17,11,6,336,134,202
578,District-Chamarajanagar,Total,16,6541,3493,3048,2019,1636,383,683,487,196,135,90,45,3007,913,2094,263,180,83,89,54,35,17,12,5,328,121,207
578,District-Chamarajanagar,Total,17,7883,4197,3686,2631,2172,459,822,590,232,127,89,38,3467,935,2532,350,231,119,123,75,48,17,11,6,346,94,252
578,District-Chamarajanagar,Total,18,14366,7191,7175,4998,4022,976,1506,1034,472,261,173,88,5765,1125,4640,815,509,306,296,179,117,33,17,16,692,132,560
578,District-Chamarajanagar,Total,19,12257,5653,6604,4018,3113,905,1286,858,428,195,128,67,5106,857,4249,676,430,246,271,137,134,34,17,17,671,113,558
578,District-Chamarajanagar,Rural,5-19,65372,33345,32027,13929,11025,2904,4832,3279,1553,731,459,272,20890,5955,14935,2661,1700,961,1007,575,432,133,74,59,21189,10278,10911
578,District-Chamarajanagar,Rural,5,10078,5240,4838,1,0,1,1,1,0,0,0,0,86,50,36,64,37,27,41,20,21,3,1,2,9882,5131,4751
578,District-Chamarajanagar,Rural,6,5770,3004,2766,3,3,0,1,1,0,0,0,0,172,93,79,48,28,20,28,13,15,1,0,1,5517,2866,2651
578,District-Chamarajanagar,Rural,7,1676,863,813,17,10,7,5,3,2,0,0,0,254,122,132,20,11,9,5,3,2,0,0,0,1375,714,661
578,District-Chamarajanagar,Rural,8,775,381,394,12,6,6,4,1,3,0,0,0,275,137,138,14,7,7,4,4,0,2,1,1,464,225,239
578,District-Chamarajanagar,Rural,9,702,358,344,24,16,8,6,5,1,0,0,0,298,158,140,12,7,5,5,3,2,1,0,1,356,169,187
578,District-Chamarajanagar,Rural,10,851,428,423,35,25,10,8,3,5,3,2,1,357,173,184,15,8,7,12,10,2,2,1,1,419,206,213
578,District-Chamarajanagar,Rural,11,838,438,400,74,50,24,30,20,10,7,5,2,414,202,212,29,17,12,9,4,5,1,1,0,274,139,135
578,District-Chamarajanagar,Rural,12,1350,685,665,198,140,58,107,63,44,19,12,7,673,298,375,58,35,23,20,13,7,4,4,0,271,120,151
578,District-Chamarajanagar,Rural,13,1597,807,790,273,195,78,97,70,27,23,17,6,877,370,507,66,48,18,16,8,8,6,3,3,239,96,143
578,District-Chamarajanagar,Rural,14,2616,1343,1273,550,416,134,220,149,71,44,25,19,1362,549,813,124,79,45,45,25,20,9,5,4,262,95,167
578,District-Chamarajanagar,Rural,15,3895,2121,1774,1043,844,199,366,237,129,62,38,24,1807,666,1141,234,162,72,64,44,20,15,9,6,304,121,183
578,District-Chamarajanagar,Rural,16,5660,3037,2623,1744,1411,333,635,447,188,105,64,41,2528,779,1749,246,166,80,87,52,35,14,10,4,301,108,193
578,District-Chamarajanagar,Rural,17,6717,3586,3131,2230,1836,394,761,537,224,98,63,35,2852,765,2087,330,217,113,122,74,48,16,10,6,308,84,224
578,District-Chamarajanagar,Rural,18,12355,6208,6147,4286,3428,858,1389,951,438,219,142,77,4765,919,3846,773,478,295,282,168,114,30,15,15,611,107,504
578,District-Chamarajanagar,Rural,19,10492,4846,5646,3439,2645,794,1202,791,411,151,91,60,4170,674,3496,628,400,228,267,134,133,29,14,15,606,97,509
578,District-Chamarajanagar,Urban,5-19,11639,5921,5718,2276,1872,404,353,280,73,172,145,27,4128,1165,2963,194,131,63,33,28,5,18,13,5,4465,2287,2178
578,District-Chamarajanagar,Urban,5,2318,1187,1131,1,1,0,0,0,0,0,0,0,11,3,8,17,6,11,5,4,1,0,0,0,2284,1173,1111
578,District-Chamarajanagar,Urban,6,1462,807,655,0,0,0,0,0,0,0,0,0,40,20,20,11,5,6,1,1,0,0,0,0,1410,781,629
578,District-Chamarajanagar,Urban,7,291,158,133,3,0,3,0,0,0,0,0,0,51,26,25,0,0,0,0,0,0,0,0,0,237,132,105
578,District-Chamarajanagar,Urban,8,93,49,44,1,0,1,1,1,0,0,0,0,30,16,14,1,1,0,0,0,0,0,0,0,60,31,29
578,District-Chamarajanagar,Urban,9,76,36,40,4,3,1,0,0,0,0,0,0,30,14,16,0,0,0,0,0,0,0,0,0,42,19,23
578,District-Chamarajanagar,Urban,10,130,62,68,1,1,0,0,0,0,1,1,0,58,32,26,0,0,0,0,0,0,0,0,0,70,28,42
578,District-Chamarajanagar,Urban,11,113,49,64,15,15,0,1,1,0,1,1,0,51,18,33,1,0,1,0,0,0,1,0,1,43,14,29
578,District-Chamarajanagar,Urban,12,170,84,86,24,18,6,2,1,1,0,0,0,106,41,65,11,10,1,0,0,0,1,1,0,26,13,13
578,District-Chamarajanagar,Urban,13,205,110,95,36,27,9,3,2,1,6,6,0,135,63,72,5,5,0,0,0,0,0,0,0,20,7,13
578,District-Chamarajanagar,Urban,14,381,202,179,77,64,13,6,4,2,10,10,0,250,105,145,6,5,1,0,0,0,2,2,0,30,12,18
578,District-Chamarajanagar,Urban,15,577,320,257,147,120,27,30,28,2,9,7,2,336,134,202,15,10,5,6,6,0,2,2,0,32,13,19
578,District-Chamarajanagar,Urban,16,881,456,425,275,225,50,48,40,8,30,26,4,479,134,345,17,14,3,2,2,0,3,2,1,27,13,14
578,District-Chamarajanagar,Urban,17,1166,611,555,401,336,65,61,53,8,29,26,3,615,170,445,20,14,6,1,1,0,1,1,0,38,10,28
578,District-Chamarajanagar,Urban,18,2011,983,1028,712,594,118,117,83,34,42,31,11,1000,206,794,42,31,11,14,11,3,3,2,1,81,25,56
578,District-Chamarajanagar,Urban,19,1765,807,958,579,468,111,84,67,17,44,37,7,936,183,753,48,30,18,4,3,1,5,3,2,65,16,49
579,District-Gulbarga,Total,5-19,281037,137670,143367,43417,30802,12615,15752,8644,7108,2461,1321,1140,56847,18540,38307,26077,14408,11669,10472,4427,6045,1453,672,781,124558,58856,65702
579,District-Gulbarga,Total,5,48644,25708,22936,31,20,11,13,6,7,2,1,1,393,220,173,335,166,169,216,107,109,16,10,6,47638,25178,22460
579,District-Gulbarga,Total,6,31347,16121,15226,31,25,6,11,8,3,1,0,1,695,370,325,237,126,111,181,92,89,17,11,6,30174,15489,14685
579,District-Gulbarga,Total,7,9427,4672,4755,49,31,18,13,7,6,2,0,2,870,439,431,121,63,58,73,43,30,6,2,4,8293,4087,4206
579,District-Gulbarga,Total,8,5859,2761,3098,82,51,31,29,15,14,2,1,1,978,504,474,140,76,64,73,39,34,15,7,8,4540,2068,2472
579,District-Gulbarga,Total,9,4784,2202,2582,109,64,45,56,31,25,7,5,2,1108,531,577,211,122,89,97,42,55,24,10,14,3172,1397,1775
579,District-Gulbarga,Total,10,7598,3540,4058,235,148,87,108,59,49,28,19,9,1637,799,838,441,230,211,221,105,116,37,16,21,4891,2164,2727
579,District-Gulbarga,Total,11,6083,2806,3277,518,335,183,180,88,92,48,24,24,1805,808,997,502,279,223,260,115,145,41,13,28,2729,1144,1585
579,District-Gulbarga,Total,12,10165,4589,5576,1138,734,404,477,250,227,99,53,46,2985,1192,1793,1155,611,544,526,219,307,99,45,54,3686,1485,2201
579,District-Gulbarga,Total,13,9289,4091,5198,1340,807,533,528,277,251,98,54,44,3092,1202,1890,1109,604,505,517,216,301,74,31,43,2531,900,1631
579,District-Gulbarga,Total,14,13953,6433,7520,2657,1721,936,1014,512,502,171,84,87,4350,1609,2741,1876,1023,853,779,370,409,98,47,51,3008,1067,1941
579,District-Gulbarga,Total,15,18409,8918,9491,4043,2765,1278,1652,882,770,242,122,120,5241,1841,3400,2868,1661,1207,1158,518,640,175,88,87,3030,1041,1989
579,District-Gulbarga,Total,16,23144,11334,11810,6105,4257,1848,2207,1228,979,351,181,170,6908,2185,4723,3427,1962,1465,1275,570,705,175,88,87,2696,863,1833
579,District-Gulbarga,Total,17,21374,10432,10942,6053,4361,1692,2267,1244,1023,345,195,150,6601,1819,4782,2870,1692,1178,1094,480,614,146,69,77,1998,572,1426
579,District-Gulbarga,Total,18,41539,20542,20997,12342,9158,3184,4266,2446,1820,639,370,269,11465,2911,8554,6611,3701,2910,2319,947,1372,287,137,150,3610,872,2738
579,District-Gulbarga,Total,19,29422,13521,15901,8684,6325,2359,2931,1591,1340,426,212,214,8719,2110,6609,4174,2092,2082,1683,564,1119,243,98,145,2562,529,2033
579,District-Gulbarga,Rural,5-19,211598,102503,109095,35367,24186,11181,13442,7080,6362,2011,992,1019,36876,11554,25322,22244,11870,10374,9156,3677,5479,1199,513,686,91303,42631,48672
579,District-Gulbarga,Rural,5,35909,19030,16879,14,9,5,5,3,2,1,1,0,210,119,91,204,101,103,110,60,50,13,7,6,35352,18730,16622
579,District-Gulbarga,Rural,6,22598,11550,11048,21,18,3,7,5,2,1,0,1,427,231,196,153,81,72,81,38,43,17,11,6,21891,11166,10725
579,District-Gulbarga,Rural,7,6741,3267,3474,28,18,10,3,1,2,1,0,1,466,240,226,83,43,40,54,29,25,6,2,4,6100,2934,3166
579,District-Gulbarga,Rural,8,4262,1974,2288,56,34,22,11,7,4,2,1,1,576,305,271,106,53,53,51,28,23,15,7,8,3445,1539,1906
579,District-Gulbarga,Rural,9,3399,1530,1869,81,46,35,38,20,18,6,4,2,690,332,358,167,96,71,74,28,46,24,10,14,2319,994,1325
579,District-Gulbarga,Rural,10,5539,2464,3075,195,119,76,80,43,37,25,17,8,1092,499,593,355,178,177,190,84,106,29,11,18,3573,1513,2060
579,District-Gulbarga,Rural,11,4489,2003,2486,427,270,157,153,73,80,41,19,22,1213,528,685,424,223,201,226,94,132,37,12,25,1968,784,1184
579,District-Gulbarga,Rural,12,7869,3457,4412,951,595,356,399,199,200,87,42,45,2082,796,1286,1005,518,487,467,193,274,83,36,47,2795,1078,1717
579,District-Gulbarga,Rural,13,7264,3047,4217,1114,630,484,445,220,225,81,45,36,2229,797,1432,961,495,466,477,196,281,62,25,37,1895,639,1256
579,District-Gulbarga,Rural,14,11131,4958,6173,2262,1409,853,883,422,461,148,68,80,3151,1100,2051,1623,845,778,698,314,384,81,33,48,2285,767,1518
579,District-Gulbarga,Rural,15,14584,6912,7672,3348,2199,1149,1448,746,702,213,102,111,3681,1236,2445,2481,1400,1081,1038,447,591,145,66,79,2230,716,1514
579,District-Gulbarga,Rural,16,18341,8801,9540,5103,3435,1668,1946,1035,911,299,136,163,4754,1397,3357,2967,1642,1325,1168,495,673,146,69,77,1958,592,1366
579,District-Gulbarga,Rural,17,16326,7909,8417,4965,3454,1511,1917,1008,909,281,148,133,4262,1092,3170,2463,1405,1058,954,402,552,122,54,68,1362,346,1016
579,District-Gulbarga,Rural,18,31743,15677,16066,9956,7152,2804,3658,2015,1643,506,266,240,7138,1718,5420,5700,3083,2617,2075,806,1269,228,98,130,2482,539,1943
579,District-Gulbarga,Rural,19,21403,9924,11479,6846,4798,2048,2449,1283,1166,319,143,176,4905,1164,3741,3552,1707,1845,1493,463,1030,191,72,119,1648,294,1354
579,District-Gulbarga,Urban,5-19,69439,35167,34272,8050,6616,1434,2310,1564,746,450,329,121,19971,6986,12985,3833,2538,1295,1316,750,566,254,159,95,33255,16225,17030
579,District-Gulbarga,Urban,5,12735,6678,6057,17,11,6,8,3,5,1,0,1,183,101,82,131,65,66,106,47,59,3,3,0,12286,6448,5838
579,District-Gulbarga,Urban,6,8749,4571,4178,10,7,3,4,3,1,0,0,0,268,139,129,84,45,39,100,54,46,0,0,0,8283,4323,3960
579,District-Gulbarga,Urban,7,2686,1405,1281,21,13,8,10,6,4,1,0,1,404,199,205,38,20,18,19,14,5,0,0,0,2193,1153,1040
579,District-Gulbarga,Urban,8,1597,787,810,26,17,9,18,8,10,0,0,0,402,199,203,34,23,11,22,11,11,0,0,0,1095,529,566
579,District-Gulbarga,Urban,9,1385,672,713,28,18,10,18,11,7,1,1,0,418,199,219,44,26,18,23,14,9,0,0,0,853,403,450
579,District-Gulbarga,Urban,10,2059,1076,983,40,29,11,28,16,12,3,2,1,545,300,245,86,52,34,31,21,10,8,5,3,1318,651,667
579,District-Gulbarga,Urban,11,1594,803,791,91,65,26,27,15,12,7,5,2,592,280,312,78,56,22,34,21,13,4,1,3,761,360,401
579,District-Gulbarga,Urban,12,2296,1132,1164,187,139,48,78,51,27,12,11,1,903,396,507,150,93,57,59,26,33,16,9,7,891,407,484
579,District-Gulbarga,Urban,13,2025,1044,981,226,177,49,83,57,26,17,9,8,863,405,458,148,109,39,40,20,20,12,6,6,636,261,375
579,District-Gulbarga,Urban,14,2822,1475,1347,395,312,83,131,90,41,23,16,7,1199,509,690,253,178,75,81,56,25,17,14,3,723,300,423
579,District-Gulbarga,Urban,15,3825,2006,1819,695,566,129,204,136,68,29,20,9,1560,605,955,387,261,126,120,71,49,30,22,8,800,325,475
579,District-Gulbarga,Urban,16,4803,2533,2270,1002,822,180,261,193,68,52,45,7,2154,788,1366,460,320,140,107,75,32,29,19,10,738,271,467
579,District-Gulbarga,Urban,17,5048,2523,2525,1088,907,181,350,236,114,64,47,17,2339,727,1612,407,287,120,140,78,62,24,15,9,636,226,410
579,District-Gulbarga,Urban,18,9796,4865,4931,2386,2006,380,608,431,177,133,104,29,4327,1193,3134,911,618,293,244,141,103,59,39,20,1128,333,795
579,District-Gulbarga,Urban,19,8019,3597,4422,1838,1527,311,482,308,174,107,69,38,3814,946,2868,622,385,237,190,101,89,52,26,26,914,235,679
580,District-Yadgir,Total,5-19,187837,89615,98222,26364,17622,8742,8867,4497,4370,1125,571,554,21624,7449,14175,30559,15706,14853,11074,4040,7034,1321,541,780,86903,39189,47714
580,District-Yadgir,Total,5,28640,14742,13898,9,6,3,1,1,0,0,0,0,125,69,56,493,267,226,96,46,50,9,3,6,27907,14350,13557
580,District-Yadgir,Total,6,21327,10748,10579,12,9,3,2,1,1,0,0,0,234,121,113,348,186,162,81,38,43,7,3,4,20643,10390,10253
580,District-Yadgir,Total,7,7448,3497,3951,31,17,14,12,5,7,2,1,1,327,151,176,196,100,96,61,31,30,10,6,4,6809,3186,3623
580,District-Yadgir,Total,8,5619,2506,3113,72,45,27,24,14,10,11,7,4,481,237,244,268,124,144,100,42,58,29,21,8,4634,2016,2618
580,District-Yadgir,Total,9,4535,1971,2564,117,64,53,37,18,19,13,3,10,572,257,315,325,161,164,159,69,90,22,7,15,3290,1392,1898
580,District-Yadgir,Total,10,7717,3288,4429,301,164,137,113,50,63,26,6,20,1044,439,605,853,431,422,374,133,241,74,37,37,4932,2028,2904
580,District-Yadgir,Total,11,5520,2300,3220,442,256,186,192,83,109,38,20,18,1018,420,598,790,346,444,382,151,231,57,21,36,2601,1003,1598
580,District-Yadgir,Total,12,10003,4081,5922,1101,604,497,523,224,299,87,31,56,1807,715,1092,2029,936,1093,876,306,570,128,41,87,3452,1224,2228
580,District-Yadgir,Total,13,8228,3391,4837,1249,695,554,543,213,330,83,40,43,1560,577,983,1854,863,991,711,239,472,115,41,74,2113,723,1390
580,District-Yadgir,Total,14,11080,4987,6093,2211,1295,916,832,376,456,110,57,53,2031,787,1244,2560,1266,1294,1041,413,628,112,52,60,2183,741,1442
580,District-Yadgir,Total,15,13331,6310,7021,3014,1892,1122,1119,528,591,135,61,74,2136,803,1333,3487,1841,1646,1331,508,823,147,60,87,1962,617,1345
580,District-Yadgir,Total,16,15394,7620,7774,3983,2638,1345,1327,706,621,164,84,80,2483,822,1661,3995,2179,1816,1410,547,863,158,70,88,1874,574,1300
580,District-Yadgir,Total,17,11329,5627,5702,3204,2187,1017,1047,559,488,123,70,53,1924,578,1346,2791,1508,1283,1053,411,642,106,42,64,1081,272,809
580,District-Yadgir,Total,18,23459,11929,11530,6685,4871,1814,1907,1057,850,201,116,85,3428,889,2539,6781,3721,3060,2084,723,1361,208,87,121,2165,465,1700
580,District-Yadgir,Total,19,14207,6618,7589,3933,2879,1054,1188,662,526,132,75,57,2454,584,1870,3789,1777,2012,1315,383,932,139,50,89,1257,208,1049
580,District-Yadgir,Rural,5-19,162780,77240,85540,23079,15171,7908,7963,3941,4022,951,471,480,16564,5854,10710,28457,14470,13987,10441,3743,6698,1188,467,721,74137,33123,41014
580,District-Yadgir,Rural,5,24110,12378,11732,6,3,3,1,1,0,0,0,0,99,53,46,421,222,199,88,43,45,8,2,6,23487,12054,11433
580,District-Yadgir,Rural,6,17995,9035,8960,9,7,2,2,1,1,0,0,0,179,92,87,304,159,145,73,33,40,7,3,4,17421,8740,8681
580,District-Yadgir,Rural,7,6353,2935,3418,31,17,14,12,5,7,2,1,1,257,121,136,182,91,91,56,28,28,10,6,4,5803,2666,3137
580,District-Yadgir,Rural,8,4957,2182,2775,63,39,24,23,13,10,10,6,4,414,202,212,250,115,135,96,41,55,28,20,8,4073,1746,2327
580,District-Yadgir,Rural,9,4037,1731,2306,108,59,49,34,15,19,13,3,10,484,217,267,302,145,157,156,67,89,20,6,14,2920,1219,1701
580,District-Yadgir,Rural,10,6967,2944,4023,273,148,125,109,48,61,24,6,18,917,378,539,812,414,398,358,126,232,67,35,32,4407,1789,2618
580,District-Yadgir,Rural,11,4987,2051,2936,400,228,172,182,79,103,33,16,17,888,370,518,737,321,416,368,143,225,53,18,35,2326,876,1450
580,District-Yadgir,Rural,12,8991,3615,5376,999,531,468,489,205,284,77,25,52,1528,604,924,1903,865,1038,835,292,543,117,38,79,3043,1055,1988
580,District-Yadgir,Rural,13,7430,3023,4407,1152,621,531,516,194,322,76,37,39,1309,481,828,1732,795,937,686,229,457,111,39,72,1848,627,1221
580,District-Yadgir,Rural,14,9911,4424,5487,2011,1170,841,748,333,415,94,45,49,1689,642,1047,2412,1174,1238,991,390,601,100,48,52,1866,622,1244
580,District-Yadgir,Rural,15,11881,5576,6305,2694,1661,1033,1017,472,545,123,56,67,1702,640,1062,3254,1709,1545,1269,475,794,133,52,81,1689,511,1178
580,District-Yadgir,Rural,16,13493,6646,6847,3511,2286,1225,1184,623,561,141,69,72,1899,630,1269,3726,2011,1715,1306,496,810,140,58,82,1586,473,1113
580,District-Yadgir,Rural,17,9735,4843,4892,2765,1861,904,924,479,445,95,53,42,1351,412,939,2610,1397,1213,983,381,602,89,31,58,918,229,689
580,District-Yadgir,Rural,18,20030,10242,9788,5765,4146,1619,1674,911,763,162,95,67,2281,610,1671,6286,3408,2878,1944,653,1291,179,66,113,1739,353,1386
580,District-Yadgir,Rural,19,11903,5615,6288,3292,2394,898,1048,562,486,101,59,42,1567,402,1165,3526,1644,1882,1232,346,886,126,45,81,1011,163,848
580,District-Yadgir,Urban,5-19,25057,12375,12682,3285,2451,834,904,556,348,174,100,74,5060,1595,3465,2102,1236,866,633,297,336,133,74,59,12766,6066,6700
580,District-Yadgir,Urban,5,4530,2364,2166,3,3,0,0,0,0,0,0,0,26,16,10,72,45,27,8,3,5,1,1,0,4420,2296,2124
580,District-Yadgir,Urban,6,3332,1713,1619,3,2,1,0,0,0,0,0,0,55,29,26,44,27,17,8,5,3,0,0,0,3222,1650,1572
580,District-Yadgir,Urban,7,1095,562,533,0,0,0,0,0,0,0,0,0,70,30,40,14,9,5,5,3,2,0,0,0,1006,520,486
580,District-Yadgir,Urban,8,662,324,338,9,6,3,1,1,0,1,1,0,67,35,32,18,9,9,4,1,3,1,1,0,561,270,291
580,District-Yadgir,Urban,9,498,240,258,9,5,4,3,3,0,0,0,0,88,40,48,23,16,7,3,2,1,2,1,1,370,173,197
580,District-Yadgir,Urban,10,750,344,406,28,16,12,4,2,2,2,0,2,127,61,66,41,17,24,16,7,9,7,2,5,525,239,286
580,District-Yadgir,Urban,11,533,249,284,42,28,14,10,4,6,5,4,1,130,50,80,53,25,28,14,8,6,4,3,1,275,127,148
580,District-Yadgir,Urban,12,1012,466,546,102,73,29,34,19,15,10,6,4,279,111,168,126,71,55,41,14,27,11,3,8,409,169,240
580,District-Yadgir,Urban,13,798,368,430,97,74,23,27,19,8,7,3,4,251,96,155,122,68,54,25,10,15,4,2,2,265,96,169
580,District-Yadgir,Urban,14,1169,563,606,200,125,75,84,43,41,16,12,4,342,145,197,148,92,56,50,23,27,12,4,8,317,119,198
580,District-Yadgir,Urban,15,1450,734,716,320,231,89,102,56,46,12,5,7,434,163,271,233,132,101,62,33,29,14,8,6,273,106,167
580,District-Yadgir,Urban,16,1901,974,927,472,352,120,143,83,60,23,15,8,584,192,392,269,168,101,104,51,53,18,12,6,288,101,187
580,District-Yadgir,Urban,17,1594,784,810,439,326,113,123,80,43,28,17,11,573,166,407,181,111,70,70,30,40,17,11,6,163,43,120
580,District-Yadgir,Urban,18,3429,1687,1742,920,725,195,233,146,87,39,21,18,1147,279,868,495,313,182,140,70,70,29,21,8,426,112,314
580,District-Yadgir,Urban,19,2304,1003,1301,641,485,156,140,100,40,31,16,15,887,182,705,263,133,130,83,37,46,13,5,8,246,45,201
581,District-Kolar,Total,5-19,110591,55259,55332,28939,19256,9683,7914,3997,3917,1223,586,637,25095,7629,17466,3345,1732,1613,1067,408,659,158,56,102,42850,21595,21255
581,District-Kolar,Total,5,21355,11020,10335,15,9,6,4,1,3,1,1,0,180,88,92,191,112,79,66,23,43,6,2,4,20892,10784,10108
581,District-Kolar,Total,6,13325,6862,6463,16,12,4,5,3,2,2,1,1,301,148,153,115,60,55,49,20,29,4,4,0,12833,6614,6219
581,District-Kolar,Total,7,3555,1816,1739,44,28,16,6,1,5,3,1,2,429,226,203,37,17,20,11,6,5,3,2,1,3022,1535,1487
581,District-Kolar,Total,8,1521,768,753,33,18,15,11,5,6,4,1,3,446,223,223,30,22,8,15,5,10,3,1,2,979,493,486
581,District-Kolar,Total,9,1169,559,610,42,23,19,10,5,5,1,0,1,456,216,240,27,14,13,7,5,2,3,1,2,623,295,328
581,District-Kolar,Total,10,1668,810,858,94,52,42,20,3,17,5,1,4,626,314,312,51,26,25,19,12,7,2,1,1,851,401,450
581,District-Kolar,Total,11,1491,712,779,241,142,99,52,24,28,12,8,4,669,296,373,61,27,34,20,5,15,4,1,3,432,209,223
581,District-Kolar,Total,12,2188,1020,1168,538,328,210,137,57,80,14,8,6,920,363,557,125,64,61,39,16,23,3,1,2,412,183,229
581,District-Kolar,Total,13,2382,1179,1203,651,403,248,174,88,86,29,16,13,1020,438,582,104,49,55,33,9,24,8,2,6,363,174,189
581,District-Kolar,Total,14,3809,1891,1918,1323,827,496,373,168,205,61,32,29,1398,542,856,198,111,87,52,25,27,12,5,7,392,181,211
581,District-Kolar,Total,15,6096,3115,2981,2309,1484,825,666,340,326,121,67,54,2111,788,1323,342,193,149,84,43,41,7,4,3,456,196,260
581,District-Kolar,Total,16,8499,4258,4241,3665,2398,1267,1004,519,485,167,77,90,2783,843,1940,344,192,152,114,47,67,18,4,14,404,178,226
581,District-Kolar,Total,17,9973,5145,4828,4526,3118,1408,1269,680,589,201,94,107,3220,920,2300,331,182,149,116,41,75,14,8,6,296,102,194
581,District-Kolar,Total,18,17374,8580,8794,8141,5498,2643,2187,1124,1063,330,153,177,5263,1214,4049,735,369,366,199,68,131,40,14,26,479,140,339
581,District-Kolar,Total,19,16186,7524,8662,7301,4916,2385,1996,979,1017,272,126,146,5273,1010,4263,654,294,360,243,83,160,31,6,25,416,110,306
581,District-Kolar,Rural,5-19,77910,38715,39195,21781,14000,7781,6764,3247,3517,1017,460,557,14718,4229,10489,2550,1230,1320,908,316,592,121,41,80,30051,15192,14859
581,District-Kolar,Rural,5,15208,7893,7315,11,8,3,1,1,0,1,1,0,111,57,54,156,89,67,41,16,25,6,2,4,14881,7719,7162
581,District-Kolar,Rural,6,9250,4771,4479,10,7,3,3,3,0,1,1,0,185,88,97,88,44,44,36,15,21,4,4,0,8923,4609,4314
581,District-Kolar,Rural,7,2442,1242,1200,32,20,12,4,1,3,3,1,2,279,148,131,26,10,16,9,6,3,3,2,1,2086,1054,1032
581,District-Kolar,Rural,8,1026,515,511,22,12,10,9,5,4,4,1,3,270,136,134,25,18,7,15,5,10,3,1,2,678,337,341
581,District-Kolar,Rural,9,799,370,429,30,15,15,10,5,5,1,0,1,304,139,165,22,12,10,6,4,2,3,1,2,423,194,229
581,District-Kolar,Rural,10,1146,538,608,68,36,32,17,2,15,4,0,4,407,197,210,39,22,17,16,9,7,2,1,1,593,271,322
581,District-Kolar,Rural,11,968,449,519,150,81,69,41,15,26,12,8,4,409,185,224,47,20,27,18,5,13,2,0,2,289,135,154
581,District-Kolar,Rural,12,1476,674,802,377,209,168,116,43,73,11,5,6,542,226,316,94,45,49,34,14,20,2,1,1,300,131,169
581,District-Kolar,Rural,13,1597,754,843,442,251,191,140,64,76,26,13,13,605,257,348,78,34,44,30,7,23,5,0,5,271,128,143
581,District-Kolar,Rural,14,2572,1231,1341,925,548,377,310,130,180,48,23,25,832,315,517,146,75,71,44,17,27,10,4,6,257,119,138
581,District-Kolar,Rural,15,4236,2096,2140,1672,1017,655,570,271,299,100,51,49,1241,437,804,259,136,123,74,36,38,3,3,0,317,145,172
581,District-Kolar,Rural,16,5990,2962,3028,2709,1723,986,858,420,438,142,66,76,1626,457,1169,255,135,120,99,37,62,16,4,12,285,120,165
581,District-Kolar,Rural,17,7011,3608,3403,3416,2280,1136,1082,557,525,158,67,91,1821,481,1340,243,128,115,98,29,69,10,5,5,183,61,122
581,District-Kolar,Rural,18,12590,6233,6357,6267,4141,2126,1879,920,959,276,124,152,3090,630,2460,555,257,298,177,55,122,31,10,21,315,96,219
581,District-Kolar,Rural,19,11599,5379,6220,5650,3652,1998,1724,810,914,230,99,131,2996,476,2520,517,205,312,211,61,150,21,3,18,250,73,177
581,District-Kolar,Urban,5-19,32681,16544,16137,7158,5256,1902,1150,750,400,206,126,80,10377,3400,6977,795,502,293,159,92,67,37,15,22,12799,6403,6396
581,District-Kolar,Urban,5,6147,3127,3020,4,1,3,3,0,3,0,0,0,69,31,38,35,23,12,25,7,18,0,0,0,6011,3065,2946
581,District-Kolar,Urban,6,4075,2091,1984,6,5,1,2,0,2,1,0,1,116,60,56,27,16,11,13,5,8,0,0,0,3910,2005,1905
581,District-Kolar,Urban,7,1113,574,539,12,8,4,2,0,2,0,0,0,150,78,72,11,7,4,2,0,2,0,0,0,936,481,455
581,District-Kolar,Urban,8,495,253,242,11,6,5,2,0,2,0,0,0,176,87,89,5,4,1,0,0,0,0,0,0,301,156,145
581,District-Kolar,Urban,9,370,189,181,12,8,4,0,0,0,0,0,0,152,77,75,5,2,3,1,1,0,0,0,0,200,101,99
581,District-Kolar,Urban,10,522,272,250,26,16,10,3,1,2,1,1,0,219,117,102,12,4,8,3,3,0,0,0,0,258,130,128
581,District-Kolar,Urban,11,523,263,260,91,61,30,11,9,2,0,0,0,260,111,149,14,7,7,2,0,2,2,1,1,143,74,69
581,District-Kolar,Urban,12,712,346,366,161,119,42,21,14,7,3,3,0,378,137,241,31,19,12,5,2,3,1,0,1,112,52,60
581,District-Kolar,Urban,13,785,425,360,209,152,57,34,24,10,3,3,0,415,181,234,26,15,11,3,2,1,3,2,1,92,46,46
581,District-Kolar,Urban,14,1237,660,577,398,279,119,63,38,25,13,9,4,566,227,339,52,36,16,8,8,0,2,1,1,135,62,73
581,District-Kolar,Urban,15,1860,1019,841,637,467,170,96,69,27,21,16,5,870,351,519,83,57,26,10,7,3,4,1,3,139,51,88
581,District-Kolar,Urban,16,2509,1296,1213,956,675,281,146,99,47,25,11,14,1157,386,771,89,57,32,15,10,5,2,0,2,119,58,61
581,District-Kolar,Urban,17,2962,1537,1425,1110,838,272,187,123,64,43,27,16,1399,439,960,88,54,34,18,12,6,4,3,1,113,41,72
581,District-Kolar,Urban,18,4784,2347,2437,1874,1357,517,308,204,104,54,29,25,2173,584,1589,180,112,68,22,13,9,9,4,5,164,44,120
581,District-Kolar,Urban,19,4587,2145,2442,1651,1264,387,272,169,103,42,27,15,2277,534,1743,137,89,48,32,22,10,10,3,7,166,37,129
582,District-Chikkaballapura,Total,5-19,90200,45047,45153,26459,17300,9159,6204,3115,3089,1000,500,500,19181,5374,13807,3070,1653,1417,801,315,486,143,52,91,33342,16738,16604
582,District-Chikkaballapura,Total,5,16712,8529,8183,15,10,5,0,0,0,0,0,0,175,83,92,167,94,73,47,18,29,5,2,3,16303,8322,7981
582,District-Chikkaballapura,Total,6,10036,5279,4757,16,9,7,2,2,0,0,0,0,237,119,118,90,48,42,35,16,19,7,3,4,9649,5082,4567
582,District-Chikkaballapura,Total,7,2699,1390,1309,24,15,9,5,4,1,0,0,0,306,144,162,30,15,15,11,3,8,9,3,6,2314,1206,1108
582,District-Chikkaballapura,Total,8,1141,547,594,32,22,10,8,5,3,1,0,1,311,148,163,31,21,10,10,3,7,2,0,2,746,348,398
582,District-Chikkaballapura,Total,9,929,461,468,35,16,19,4,4,0,5,0,5,323,162,161,20,12,8,10,6,4,0,0,0,532,261,271
582,District-Chikkaballapura,Total,10,1392,699,693,67,36,31,16,9,7,5,1,4,412,203,209,44,30,14,16,5,11,1,0,1,831,415,416
582,District-Chikkaballapura,Total,11,1141,535,606,223,133,90,39,21,18,9,4,5,421,175,246,48,29,19,21,10,11,2,0,2,378,163,215
582,District-Chikkaballapura,Total,12,1709,831,878,464,307,157,95,45,50,22,11,11,661,269,392,116,54,62,26,11,15,5,0,5,320,134,186
582,District-Chikkaballapura,Total,13,1934,939,995,560,356,204,143,71,72,25,11,14,797,325,472,104,53,51,30,4,26,2,0,2,273,119,154
582,District-Chikkaballapura,Total,14,3070,1581,1489,1073,708,365,281,144,137,48,29,19,1117,447,670,193,95,98,44,14,30,9,3,6,305,141,164
582,District-Chikkaballapura,Total,15,4911,2566,2345,2030,1346,684,481,261,220,79,46,33,1568,548,1020,289,170,119,82,43,39,17,8,9,365,144,221
582,District-Chikkaballapura,Total,16,7018,3588,3430,3269,2188,1081,775,424,351,141,66,75,2181,623,1558,279,153,126,70,28,42,10,4,6,293,102,191
582,District-Chikkaballapura,Total,17,8388,4251,4137,4103,2728,1375,1059,534,525,161,77,84,2419,596,1823,314,195,119,72,32,40,18,7,11,242,82,160
582,District-Chikkaballapura,Total,18,15401,7637,7764,7816,5169,2647,1770,884,886,278,151,127,4193,844,3349,731,381,350,166,67,99,33,14,19,414,127,287
582,District-Chikkaballapura,Total,19,13719,6214,7505,6732,4257,2475,1526,707,819,226,104,122,4060,688,3372,614,303,311,161,55,106,23,8,15,377,92,285
582,District-Chikkaballapura,Rural,5-19,68679,34311,34368,21690,13806,7884,5230,2506,2724,793,383,410,13004,3730,9274,2305,1157,1148,549,196,353,102,29,73,25006,12504,12502
582,District-Chikkaballapura,Rural,5,12765,6486,6279,12,9,3,0,0,0,0,0,0,128,62,66,141,80,61,31,14,17,4,2,2,12449,6319,6130
582,District-Chikkaballapura,Rural,6,7430,3892,3538,8,6,2,2,2,0,0,0,0,163,86,77,71,35,36,21,11,10,7,3,4,7158,3749,3409
582,District-Chikkaballapura,Rural,7,2002,1020,982,14,9,5,2,2,0,0,0,0,200,102,98,22,9,13,7,2,5,9,3,6,1748,893,855
582,District-Chikkaballapura,Rural,8,833,387,446,18,15,3,5,3,2,0,0,0,202,96,106,29,20,9,6,2,4,2,0,2,571,251,320
582,District-Chikkaballapura,Rural,9,679,343,336,19,9,10,4,4,0,3,0,3,233,121,112,15,8,7,4,2,2,0,0,0,401,199,202
582,District-Chikkaballapura,Rural,10,1032,523,509,39,20,19,11,6,5,3,1,2,292,147,145,37,25,12,9,2,7,1,0,1,640,322,318
582,District-Chikkaballapura,Rural,11,787,364,423,156,87,69,29,17,12,7,2,5,275,113,162,37,23,14,14,5,9,0,0,0,269,117,152
582,District-Chikkaballapura,Rural,12,1161,541,620,348,220,128,65,24,41,17,9,8,421,161,260,81,34,47,14,4,10,4,0,4,211,89,122
582,District-Chikkaballapura,Rural,13,1359,678,681,413,267,146,106,56,50,19,8,11,544,230,314,71,29,42,19,3,16,0,0,0,187,85,102
582,District-Chikkaballapura,Rural,14,2226,1138,1088,819,526,293,212,102,110,42,25,17,761,309,452,135,64,71,35,9,26,6,1,5,216,102,114
582,District-Chikkaballapura,Rural,15,3637,1890,1747,1575,1012,563,375,196,179,60,37,23,1095,391,704,215,123,92,46,23,23,13,6,7,258,102,156
582,District-Chikkaballapura,Rural,16,5413,2743,2670,2644,1718,926,665,354,311,114,52,62,1519,426,1093,194,95,99,44,18,26,9,3,6,224,77,147
582,District-Chikkaballapura,Rural,17,6564,3349,3215,3407,2208,1199,899,427,472,128,61,67,1678,433,1245,230,136,94,50,21,29,12,4,8,160,59,101
582,District-Chikkaballapura,Rural,18,12148,6098,6050,6581,4266,2315,1535,726,809,219,115,104,2846,592,2254,557,272,285,123,45,78,18,3,15,269,79,190
582,District-Chikkaballapura,Rural,19,10643,4859,5784,5637,3434,2203,1320,587,733,181,73,108,2647,461,2186,470,204,266,126,35,91,17,4,13,245,61,184
582,District-Chikkaballapura,Urban,5-19,21521,10736,10785,4769,3494,1275,974,609,365,207,117,90,6177,1644,4533,765,496,269,252,119,133,41,23,18,8336,4234,4102
582,District-Chikkaballapura,Urban,5,3947,2043,1904,3,1,2,0,0,0,0,0,0,47,21,26,26,14,12,16,4,12,1,0,1,3854,2003,1851
582,District-Chikkaballapura,Urban,6,2606,1387,1219,8,3,5,0,0,0,0,0,0,74,33,41,19,13,6,14,5,9,0,0,0,2491,1333,1158
582,District-Chikkaballapura,Urban,7,697,370,327,10,6,4,3,2,1,0,0,0,106,42,64,8,6,2,4,1,3,0,0,0,566,313,253
582,District-Chikkaballapura,Urban,8,308,160,148,14,7,7,3,2,1,1,0,1,109,52,57,2,1,1,4,1,3,0,0,0,175,97,78
582,District-Chikkaballapura,Urban,9,250,118,132,16,7,9,0,0,0,2,0,2,90,41,49,5,4,1,6,4,2,0,0,0,131,62,69
582,District-Chikkaballapura,Urban,10,360,176,184,28,16,12,5,3,2,2,0,2,120,56,64,7,5,2,7,3,4,0,0,0,191,93,98
582,District-Chikkaballapura,Urban,11,354,171,183,67,46,21,10,4,6,2,2,0,146,62,84,11,6,5,7,5,2,2,0,2,109,46,63
582,District-Chikkaballapura,Urban,12,548,290,258,116,87,29,30,21,9,5,2,3,240,108,132,35,20,15,12,7,5,1,0,1,109,45,64
582,District-Chikkaballapura,Urban,13,575,261,314,147,89,58,37,15,22,6,3,3,253,95,158,33,24,9,11,1,10,2,0,2,86,34,52
582,District-Chikkaballapura,Urban,14,844,443,401,254,182,72,69,42,27,6,4,2,356,138,218,58,31,27,9,5,4,3,2,1,89,39,50
582,District-Chikkaballapura,Urban,15,1274,676,598,455,334,121,106,65,41,19,9,10,473,157,316,74,47,27,36,20,16,4,2,2,107,42,65
582,District-Chikkaballapura,Urban,16,1605,845,760,625,470,155,110,70,40,27,14,13,662,197,465,85,58,27,26,10,16,1,1,0,69,25,44
582,District-Chikkaballapura,Urban,17,1824,902,922,696,520,176,160,107,53,33,16,17,741,163,578,84,59,25,22,11,11,6,3,3,82,23,59
582,District-Chikkaballapura,Urban,18,3253,1539,1714,1235,903,332,235,158,77,59,36,23,1347,252,1095,174,109,65,43,22,21,15,11,4,145,48,97
582,District-Chikkaballapura,Urban,19,3076,1355,1721,1095,823,272,206,120,86,45,31,14,1413,227,1186,144,99,45,35,20,15,6,4,2,132,31,101
583,District-Bangalore Rural,Total,5-19,62503,31139,31364,17230,12137,5093,3867,2177,1690,695,436,259,16721,4201,12520,1098,664,434,290,136,154,56,23,33,22546,11365,11181
583,District-Bangalore Rural,Total,5,11337,5867,5470,14,8,6,3,1,2,0,0,0,108,54,54,86,45,41,32,13,19,0,0,0,11094,5746,5348
583,District-Bangalore Rural,Total,6,6916,3530,3386,12,11,1,1,0,1,0,0,0,192,81,111,49,32,17,15,9,6,1,1,0,6646,3396,3250
583,District-Bangalore Rural,Total,7,1703,854,849,13,8,5,2,1,1,0,0,0,209,113,96,21,8,13,7,4,3,1,0,1,1450,720,730
583,District-Bangalore Rural,Total,8,693,375,318,34,23,11,5,1,4,1,1,0,222,110,112,11,7,4,2,2,0,1,1,0,417,230,187
583,District-Bangalore Rural,Total,9,820,411,409,32,23,9,3,2,1,0,0,0,205,99,106,7,4,3,2,0,2,0,0,0,571,283,288
583,District-Bangalore Rural,Total,10,1086,547,539,28,13,15,4,1,3,0,0,0,250,139,111,7,4,3,3,0,3,0,0,0,794,390,404
583,District-Bangalore Rural,Total,11,759,375,384,93,71,22,12,9,3,3,2,1,291,128,163,16,7,9,10,2,8,0,0,0,334,156,178
583,District-Bangalore Rural,Total,12,839,424,415,186,125,61,43,29,14,10,8,2,408,177,231,33,21,12,5,3,2,3,1,2,151,60,91
583,District-Bangalore Rural,Total,13,922,451,471,257,169,88,51,31,20,11,8,3,449,174,275,29,19,10,7,2,5,1,0,1,117,48,69
583,District-Bangalore Rural,Total,14,1477,736,741,445,310,135,125,75,50,25,19,6,682,238,444,50,26,24,15,8,7,2,1,1,133,59,74
583,District-Bangalore Rural,Total,15,2643,1429,1214,933,697,236,240,131,109,45,29,16,1110,409,701,100,65,35,32,19,13,8,5,3,175,74,101
583,District-Bangalore Rural,Total,16,4163,2030,2133,1685,1158,527,394,222,172,85,55,30,1737,467,1270,106,62,44,16,11,5,11,6,5,129,49,80
583,District-Bangalore Rural,Total,17,5857,2939,2918,2553,1780,773,634,357,277,129,83,46,2282,593,1689,102,63,39,25,14,11,12,3,9,120,46,74
583,District-Bangalore Rural,Total,18,11600,5771,5829,5475,3916,1559,1150,656,494,176,107,69,4259,830,3429,262,165,97,54,26,28,7,5,2,217,66,151
583,District-Bangalore Rural,Total,19,11688,5400,6288,5470,3825,1645,1200,661,539,210,124,86,4317,589,3728,219,136,83,65,23,42,9,0,9,198,42,156
583,District-Bangalore Rural,Rural,5-19,46220,23057,23163,13194,9200,3994,3216,1738,1478,566,347,219,11849,2928,8921,753,449,304,216,89,127,48,19,29,16378,8287,8091
583,District-Bangalore Rural,Rural,5,8475,4397,4078,11,5,6,2,0,2,0,0,0,69,32,37,64,39,25,25,10,15,0,0,0,8304,4311,3993
583,District-Bangalore Rural,Rural,6,4946,2539,2407,8,8,0,1,0,1,0,0,0,118,49,69,35,22,13,8,4,4,1,1,0,4775,2455,2320
583,District-Bangalore Rural,Rural,7,1140,586,554,9,5,4,1,0,1,0,0,0,131,74,57,17,7,10,4,3,1,1,0,1,977,497,480
583,District-Bangalore Rural,Rural,8,468,248,220,27,18,9,3,1,2,1,1,0,138,66,72,8,6,2,1,1,0,1,1,0,289,154,135
583,District-Bangalore Rural,Rural,9,558,292,266,27,21,6,3,2,1,0,0,0,129,67,62,3,2,1,1,0,1,0,0,0,395,200,195
583,District-Bangalore Rural,Rural,10,787,390,397,22,12,10,2,0,2,0,0,0,151,80,71,6,3,3,2,0,2,0,0,0,604,295,309
583,District-Bangalore Rural,Rural,11,514,256,258,69,52,17,10,7,3,3,2,1,186,84,102,10,4,6,8,1,7,0,0,0,228,106,122
583,District-Bangalore Rural,Rural,12,564,280,284,139,94,45,30,17,13,10,8,2,260,111,149,25,15,10,4,2,2,2,1,1,94,32,62
583,District-Bangalore Rural,Rural,13,651,310,341,184,117,67,41,25,16,7,4,3,313,119,194,21,13,8,5,1,4,1,0,1,79,31,48
583,District-Bangalore Rural,Rural,14,1066,512,554,323,219,104,102,57,45,18,12,6,486,163,323,40,17,23,11,5,6,2,1,1,84,38,46
583,District-Bangalore Rural,Rural,15,1950,1049,901,708,520,188,203,105,98,38,25,13,799,291,508,68,48,20,25,15,10,8,5,3,101,40,61
583,District-Bangalore Rural,Rural,16,3124,1495,1629,1261,859,402,329,178,151,71,44,27,1282,328,954,73,40,33,11,6,5,8,5,3,89,35,54
583,District-Bangalore Rural,Rural,17,4467,2220,2247,1989,1358,631,528,286,242,106,65,41,1669,430,1239,69,43,26,16,5,11,11,3,8,79,30,49
583,District-Bangalore Rural,Rural,18,8768,4386,4382,4240,2996,1244,968,535,433,136,81,55,3067,614,2453,168,101,67,42,19,23,4,2,2,143,38,105
583,District-Bangalore Rural,Rural,19,8742,4097,4645,4177,2916,1261,993,525,468,176,105,71,3051,420,2631,146,89,57,53,17,36,9,0,9,137,25,112
583,District-Bangalore Rural,Urban,5-19,16283,8082,8201,4036,2937,1099,651,439,212,129,89,40,4872,1273,3599,345,215,130,74,47,27,8,4,4,6168,3078,3090
583,District-Bangalore Rural,Urban,5,2862,1470,1392,3,3,0,1,1,0,0,0,0,39,22,17,22,6,16,7,3,4,0,0,0,2790,1435,1355
583,District-Bangalore Rural,Urban,6,1970,991,979,4,3,1,0,0,0,0,0,0,74,32,42,14,10,4,7,5,2,0,0,0,1871,941,930
583,District-Bangalore Rural,Urban,7,563,268,295,4,3,1,1,1,0,0,0,0,78,39,39,4,1,3,3,1,2,0,0,0,473,223,250
583,District-Bangalore Rural,Urban,8,225,127,98,7,5,2,2,0,2,0,0,0,84,44,40,3,1,2,1,1,0,0,0,0,128,76,52
583,District-Bangalore Rural,Urban,9,262,119,143,5,2,3,0,0,0,0,0,0,76,32,44,4,2,2,1,0,1,0,0,0,176,83,93
583,District-Bangalore Rural,Urban,10,299,157,142,6,1,5,2,1,1,0,0,0,99,59,40,1,1,0,1,0,1,0,0,0,190,95,95
583,District-Bangalore Rural,Urban,11,245,119,126,24,19,5,2,2,0,0,0,0,105,44,61,6,3,3,2,1,1,0,0,0,106,50,56
583,District-Bangalore Rural,Urban,12,275,144,131,47,31,16,13,12,1,0,0,0,148,66,82,8,6,2,1,1,0,1,0,1,57,28,29
583,District-Bangalore Rural,Urban,13,271,141,130,73,52,21,10,6,4,4,4,0,136,55,81,8,6,2,2,1,1,0,0,0,38,17,21
583,District-Bangalore Rural,Urban,14,411,224,187,122,91,31,23,18,5,7,7,0,196,75,121,10,9,1,4,3,1,0,0,0,49,21,28
583,District-Bangalore Rural,Urban,15,693,380,313,225,177,48,37,26,11,7,4,3,311,118,193,32,17,15,7,4,3,0,0,0,74,34,40
583,District-Bangalore Rural,Urban,16,1039,535,504,424,299,125,65,44,21,14,11,3,455,139,316,33,22,11,5,5,0,3,1,2,40,14,26
583,District-Bangalore Rural,Urban,17,1390,719,671,564,422,142,106,71,35,23,18,5,613,163,450,33,20,13,9,9,0,1,0,1,41,16,25
583,District-Bangalore Rural,Urban,18,2832,1385,1447,1235,920,315,182,121,61,40,26,14,1192,216,976,94,64,30,12,7,5,3,3,0,74,28,46
583,District-Bangalore Rural,Urban,19,2946,1303,1643,1293,909,384,207,136,71,34,19,15,1266,169,1097,73,47,26,12,6,6,0,0,0,61,17,44
584,District-Ramanagara,Total,5-19,70663,36217,34446,20118,14409,5709,3765,2132,1633,744,448,296,19148,5441,13707,2108,1233,875,461,234,227,64,29,35,24255,12291,11964
584,District-Ramanagara,Total,5,12796,6686,6110,13,5,8,0,0,0,0,0,0,106,52,54,107,60,47,48,26,22,6,2,4,12516,6541,5975
584,District-Ramanagara,Total,6,7491,3804,3687,22,14,8,2,1,1,1,0,1,202,100,102,71,31,40,25,12,13,5,4,1,7163,3642,3521
584,District-Ramanagara,Total,7,1775,929,846,17,11,6,1,1,0,0,0,0,221,112,109,16,9,7,10,8,2,0,0,0,1510,788,722
584,District-Ramanagara,Total,8,668,350,318,26,12,14,5,4,1,2,2,0,240,131,109,9,6,3,4,1,3,0,0,0,382,194,188
584,District-Ramanagara,Total,9,614,319,295,18,10,8,5,3,2,0,0,0,228,113,115,13,7,6,5,2,3,0,0,0,345,184,161
584,District-Ramanagara,Total,10,872,473,399,48,25,23,11,5,6,0,0,0,261,126,135,24,14,10,8,3,5,3,2,1,517,298,219
584,District-Ramanagara,Total,11,737,357,380,129,80,49,16,8,8,4,2,2,302,136,166,28,15,13,13,7,6,0,0,0,245,109,136
584,District-Ramanagara,Total,12,1010,537,473,252,181,71,43,21,22,10,7,3,457,214,243,73,43,30,5,3,2,2,1,1,168,67,101
584,District-Ramanagara,Total,13,1173,629,544,342,245,97,72,45,27,12,7,5,534,234,300,56,30,26,15,5,10,1,0,1,141,63,78
584,District-Ramanagara,Total,14,1865,1041,824,606,441,165,129,79,50,18,13,5,803,344,459,130,80,50,22,7,15,4,1,3,153,76,77
584,District-Ramanagara,Total,15,3331,1852,1479,1262,934,328,258,161,97,56,41,15,1284,485,799,220,128,92,47,23,24,4,3,1,200,77,123
584,District-Ramanagara,Total,16,5157,2692,2465,2083,1503,580,416,237,179,84,57,27,2174,680,1494,206,132,74,38,23,15,7,4,3,149,56,93
584,District-Ramanagara,Total,17,7078,3622,3456,3127,2233,894,639,351,288,130,78,52,2760,744,2016,214,138,76,39,22,17,7,3,4,162,53,109
584,District-Ramanagara,Total,18,13476,6867,6609,6289,4537,1752,1105,648,457,214,108,106,4908,1115,3793,526,307,219,100,59,41,14,6,8,320,87,233
584,District-Ramanagara,Total,19,12620,6059,6561,5884,4178,1706,1063,568,495,213,133,80,4668,855,3813,415,233,182,82,33,49,11,3,8,284,56,228
584,District-Ramanagara,Rural,5-19,50998,26050,24948,15204,10781,4423,3053,1620,1433,625,365,260,13298,3695,9603,1388,744,644,300,134,166,53,23,30,17077,8688,8389
584,District-Ramanagara,Rural,5,9205,4802,4403,10,3,7,0,0,0,0,0,0,61,27,34,89,49,40,41,23,18,3,1,2,9001,4699,4302
584,District-Ramanagara,Rural,6,5210,2672,2538,16,12,4,2,1,1,1,0,1,136,68,68,56,27,29,20,10,10,3,2,1,4976,2552,2424
584,District-Ramanagara,Rural,7,1191,631,560,14,10,4,1,1,0,0,0,0,161,82,79,12,7,5,7,6,1,0,0,0,996,525,471
584,District-Ramanagara,Rural,8,454,239,215,16,9,7,4,3,1,2,2,0,157,86,71,9,6,3,3,1,2,0,0,0,263,132,131
584,District-Ramanagara,Rural,9,435,223,212,17,9,8,3,3,0,0,0,0,150,78,72,10,4,6,2,0,2,0,0,0,253,129,124
584,District-Ramanagara,Rural,10,603,326,277,30,15,15,9,4,5,0,0,0,162,73,89,16,10,6,5,1,4,3,2,1,378,221,157
584,District-Ramanagara,Rural,11,501,245,256,91,60,31,10,5,5,3,1,2,193,87,106,16,7,9,8,4,4,0,0,0,180,81,99
584,District-Ramanagara,Rural,12,658,326,332,176,126,50,33,13,20,8,5,3,285,116,169,48,27,21,1,0,1,2,1,1,105,38,67
584,District-Ramanagara,Rural,13,774,416,358,224,162,62,51,32,19,9,5,4,351,162,189,34,15,19,11,3,8,1,0,1,93,37,56
584,District-Ramanagara,Rural,14,1233,666,567,383,280,103,100,57,43,12,8,4,532,215,317,86,48,38,15,4,11,1,0,1,104,54,50
584,District-Ramanagara,Rural,15,2234,1238,996,860,632,228,188,112,76,47,33,14,828,316,512,149,83,66,25,11,14,4,3,1,133,48,85
584,District-Ramanagara,Rural,16,3710,1889,1821,1520,1088,432,341,178,163,67,43,24,1527,462,1065,123,68,55,23,11,12,6,3,3,103,36,67
584,District-Ramanagara,Rural,17,5116,2602,2514,2343,1659,684,502,253,249,105,63,42,1921,505,1416,115,71,44,24,12,12,7,3,4,99,36,63
584,District-Ramanagara,Rural,18,10136,5220,4916,4906,3509,1397,926,516,410,181,90,91,3490,811,2679,344,188,156,66,36,30,13,5,8,210,65,145
584,District-Ramanagara,Rural,19,9538,4555,4983,4598,3207,1391,883,442,441,190,115,75,3344,607,2737,281,134,147,49,12,37,10,3,7,183,35,148
584,District-Ramanagara,Urban,5-19,19665,10167,9498,4914,3628,1286,712,512,200,119,83,36,5850,1746,4104,720,489,231,161,100,61,11,6,5,7178,3603,3575
584,District-Ramanagara,Urban,5,3591,1884,1707,3,2,1,0,0,0,0,0,0,45,25,20,18,11,7,7,3,4,3,1,2,3515,1842,1673
584,District-Ramanagara,Urban,6,2281,1132,1149,6,2,4,0,0,0,0,0,0,66,32,34,15,4,11,5,2,3,2,2,0,2187,1090,1097
584,District-Ramanagara,Urban,7,584,298,286,3,1,2,0,0,0,0,0,0,60,30,30,4,2,2,3,2,1,0,0,0,514,263,251
584,District-Ramanagara,Urban,8,214,111,103,10,3,7,1,1,0,0,0,0,83,45,38,0,0,0,1,0,1,0,0,0,119,62,57
584,District-Ramanagara,Urban,9,179,96,83,1,1,0,2,0,2,0,0,0,78,35,43,3,3,0,3,2,1,0,0,0,92,55,37
584,District-Ramanagara,Urban,10,269,147,122,18,10,8,2,1,1,0,0,0,99,53,46,8,4,4,3,2,1,0,0,0,139,77,62
584,District-Ramanagara,Urban,11,236,112,124,38,20,18,6,3,3,1,1,0,109,49,60,12,8,4,5,3,2,0,0,0,65,28,37
584,District-Ramanagara,Urban,12,352,211,141,76,55,21,10,8,2,2,2,0,172,98,74,25,16,9,4,3,1,0,0,0,63,29,34
584,District-Ramanagara,Urban,13,399,213,186,118,83,35,21,13,8,3,2,1,183,72,111,22,15,7,4,2,2,0,0,0,48,26,22
584,District-Ramanagara,Urban,14,632,375,257,223,161,62,29,22,7,6,5,1,271,129,142,44,32,12,7,3,4,3,1,2,49,22,27
584,District-Ramanagara,Urban,15,1097,614,483,402,302,100,70,49,21,9,8,1,456,169,287,71,45,26,22,12,10,0,0,0,67,29,38
584,District-Ramanagara,Urban,16,1447,803,644,563,415,148,75,59,16,17,14,3,647,218,429,83,64,19,15,12,3,1,1,0,46,20,26
584,District-Ramanagara,Urban,17,1962,1020,942,784,574,210,137,98,39,25,15,10,839,239,600,99,67,32,15,10,5,0,0,0,63,17,46
584,District-Ramanagara,Urban,18,3340,1647,1693,1383,1028,355,179,132,47,33,18,15,1418,304,1114,182,119,63,34,23,11,1,1,0,110,22,88
584,District-Ramanagara,Urban,19,3082,1504,1578,1286,971,315,180,126,54,23,18,5,1324,248,1076,134,99,35,33,21,12,1,0,1,101,21,80
