588,District-Kasaragod,Total,5-19,57050,28742,28308,7695,5872,1823,2267,1560,707,819,576,243,18540,6461,12079,429,270,159,85,45,40,18,11,7,27197,13947,13250
588,District-Kasaragod,Total,5,14895,7612,7283,10,8,2,1,1,0,0,0,0,137,65,72,136,83,53,17,9,8,2,0,2,14592,7446,7146
588,District-Kasaragod,Total,6,9080,4689,4391,8,5,3,5,4,1,1,1,0,237,110,127,90,56,34,8,3,5,0,0,0,8731,4510,4221
588,District-Kasaragod,Total,7,1637,869,768,15,11,4,2,1,1,2,1,1,206,104,102,13,7,6,6,4,2,0,0,0,1393,741,652
588,District-Kasaragod,Total,8,460,249,211,14,10,4,2,2,0,0,0,0,155,84,71,8,5,3,1,0,1,0,0,0,280,148,132
588,District-Kasaragod,Total,9,512,272,240,13,7,6,3,1,2,0,0,0,141,62,79,1,1,0,0,0,0,0,0,0,354,201,153
588,District-Kasaragod,Total,10,827,422,405,19,10,9,7,3,4,0,0,0,184,102,82,7,5,2,3,3,0,0,0,0,607,299,308
588,District-Kasaragod,Total,11,614,309,305,42,24,18,14,9,5,3,0,3,225,101,124,8,6,2,2,0,2,1,1,0,319,168,151
588,District-Kasaragod,Total,12,552,280,272,92,69,23,25,14,11,10,6,4,312,132,180,8,4,4,1,0,1,0,0,0,104,55,49
588,District-Kasaragod,Total,13,614,308,306,97,67,30,25,17,8,9,6,3,355,152,203,7,3,4,1,1,0,3,1,2,117,61,56
588,District-Kasaragod,Total,14,807,437,370,156,121,35,37,25,12,21,16,5,458,198,260,8,5,3,4,2,2,1,1,0,122,69,53
588,District-Kasaragod,Total,15,1352,698,654,259,183,76,85,52,33,42,31,11,818,361,457,19,13,6,4,2,2,1,1,0,124,55,69
588,District-Kasaragod,Total,16,2448,1262,1186,554,393,161,178,116,62,73,58,15,1505,636,869,13,9,4,7,2,5,1,0,1,117,48,69
588,District-Kasaragod,Total,17,4519,2268,2251,1096,828,268,371,254,117,145,105,40,2785,1022,1763,28,14,14,5,2,3,1,1,0,88,42,46
588,District-Kasaragod,Total,18,8318,4061,4257,2309,1780,529,669,473,196,208,145,63,4952,1575,3377,40,26,14,13,8,5,6,4,2,121,50,71
588,District-Kasaragod,Total,19,10415,5006,5409,3011,2356,655,843,588,255,305,207,98,6070,1757,4313,43,33,10,13,9,4,2,2,0,128,54,74
588,District-Kasaragod,Rural,5-19,35682,18160,17522,5272,3924,1348,1668,1132,536,622,414,208,11351,4058,7293,219,136,83,60,36,24,8,4,4,16482,8456,8026
588,District-Kasaragod,Rural,5,9040,4648,4392,3,3,0,1,1,0,0,0,0,86,44,42,70,43,27,10,6,4,2,0,2,8868,4551,4317
588,District-Kasaragod,Rural,6,5356,2738,2618,3,2,1,3,2,1,1,1,0,156,70,86,47,31,16,7,3,4,0,0,0,5139,2629,2510
588,District-Kasaragod,Rural,7,1000,522,478,9,6,3,2,1,1,2,1,1,122,58,64,7,4,3,4,3,1,0,0,0,854,449,405
588,District-Kasaragod,Rural,8,267,143,124,7,5,2,0,0,0,0,0,0,88,46,42,4,4,0,1,0,1,0,0,0,167,88,79
588,District-Kasaragod,Rural,9,343,175,168,6,3,3,2,0,2,0,0,0,78,30,48,0,0,0,0,0,0,0,0,0,257,142,115
588,District-Kasaragod,Rural,10,545,284,261,11,5,6,5,3,2,0,0,0,109,63,46,2,1,1,3,3,0,0,0,0,415,209,206
588,District-Kasaragod,Rural,11,399,208,191,27,15,12,12,8,4,3,0,3,132,60,72,4,3,1,1,0,1,0,0,0,220,122,98
588,District-Kasaragod,Rural,12,360,188,172,62,47,15,21,11,10,8,5,3,198,91,107,4,2,2,0,0,0,0,0,0,67,32,35
588,District-Kasaragod,Rural,13,398,202,196,67,45,22,17,10,7,6,3,3,235,107,128,4,1,3,0,0,0,1,0,1,68,36,32
588,District-Kasaragod,Rural,14,546,309,237,109,80,29,34,22,12,18,14,4,294,140,154,4,3,1,4,2,2,0,0,0,83,48,35
588,District-Kasaragod,Rural,15,901,477,424,174,114,60,67,44,23,30,20,10,543,263,280,12,7,5,3,2,1,1,1,0,71,26,45
588,District-Kasaragod,Rural,16,1653,865,788,396,277,119,134,83,51,60,47,13,989,426,563,7,5,2,3,1,2,0,0,0,64,26,38
588,District-Kasaragod,Rural,17,2964,1516,1448,784,578,206,266,181,85,118,83,35,1731,642,1089,14,6,8,4,2,2,0,0,0,47,24,23
588,District-Kasaragod,Rural,18,5335,2640,2695,1577,1198,379,494,343,151,162,106,56,2991,937,2054,19,11,8,9,6,3,4,3,1,79,36,43
588,District-Kasaragod,Rural,19,6575,3245,3330,2037,1546,491,610,423,187,214,134,80,3599,1081,2518,21,15,6,11,8,3,0,0,0,83,38,45
588,District-Kasaragod,Urban,5-19,21368,10582,10786,2423,1948,475,599,428,171,197,162,35,7189,2403,4786,210,134,76,25,9,16,10,7,3,10715,5491,5224
588,District-Kasaragod,Urban,5,5855,2964,2891,7,5,2,0,0,0,0,0,0,51,21,30,66,40,26,7,3,4,0,0,0,5724,2895,2829
588,District-Kasaragod,Urban,6,3724,1951,1773,5,3,2,2,2,0,0,0,0,81,40,41,43,25,18,1,0,1,0,0,0,3592,1881,1711
588,District-Kasaragod,Urban,7,637,347,290,6,5,1,0,0,0,0,0,0,84,46,38,6,3,3,2,1,1,0,0,0,539,292,247
588,District-Kasaragod,Urban,8,193,106,87,7,5,2,2,2,0,0,0,0,67,38,29,4,1,3,0,0,0,0,0,0,113,60,53
588,District-Kasaragod,Urban,9,169,97,72,7,4,3,1,1,0,0,0,0,63,32,31,1,1,0,0,0,0,0,0,0,97,59,38
588,District-Kasaragod,Urban,10,282,138,144,8,5,3,2,0,2,0,0,0,75,39,36,5,4,1,0,0,0,0,0,0,192,90,102
588,District-Kasaragod,Urban,11,215,101,114,15,9,6,2,1,1,0,0,0,93,41,52,4,3,1,1,0,1,1,1,0,99,46,53
588,District-Kasaragod,Urban,12,192,92,100,30,22,8,4,3,1,2,1,1,114,41,73,4,2,2,1,0,1,0,0,0,37,23,14
588,District-Kasaragod,Urban,13,216,106,110,30,22,8,8,7,1,3,3,0,120,45,75,3,2,1,1,1,0,2,1,1,49,25,24
588,District-Kasaragod,Urban,14,261,128,133,47,41,6,3,3,0,3,2,1,164,58,106,4,2,2,0,0,0,1,1,0,39,21,18
588,District-Kasaragod,Urban,15,451,221,230,85,69,16,18,8,10,12,11,1,275,98,177,7,6,1,1,0,1,0,0,0,53,29,24
588,District-Kasaragod,Urban,16,795,397,398,158,116,42,44,33,11,13,11,2,516,210,306,6,4,2,4,1,3,1,0,1,53,22,31
588,District-Kasaragod,Urban,17,1555,752,803,312,250,62,105,73,32,27,22,5,1054,380,674,14,8,6,1,0,1,1,1,0,41,18,23
588,District-Kasaragod,Urban,18,2983,1421,1562,732,582,150,175,130,45,46,39,7,1961,638,1323,21,15,6,4,2,2,2,1,1,42,14,28
588,District-Kasaragod,Urban,19,3840,1761,2079,974,810,164,233,165,68,91,73,18,2471,676,1795,22,18,4,2,1,1,2,2,0,45,16,29
589,District-Kannur,Total,5-19,81599,41689,39910,7942,6906,1036,2011,1502,509,587,458,129,26092,9713,16379,392,272,120,118,62,56,31,18,13,44426,22758,21668
589,District-Kannur,Total,5,24892,12725,12167,29,21,8,7,2,5,0,0,0,521,245,276,61,35,26,35,10,25,3,2,1,24236,12410,11826
589,District-Kannur,Total,6,14999,7742,7257,17,15,2,3,2,1,0,0,0,612,310,302,37,20,17,22,11,11,3,2,1,14305,7382,6923
589,District-Kannur,Total,7,2452,1233,1219,27,21,6,8,5,3,1,0,1,542,241,301,6,4,2,5,5,0,0,0,0,1863,957,906
589,District-Kannur,Total,8,797,374,423,22,15,7,4,2,2,1,1,0,377,172,205,2,1,1,1,1,0,0,0,0,390,182,208
589,District-Kannur,Total,9,956,461,495,28,20,8,4,1,3,1,1,0,346,162,184,0,0,0,1,0,1,1,0,1,575,277,298
589,District-Kannur,Total,10,1589,811,778,20,10,10,7,2,5,3,2,1,426,201,225,11,4,7,5,1,4,1,0,1,1116,591,525
589,District-Kannur,Total,11,1129,551,578,78,58,20,17,10,7,4,3,1,465,182,283,3,1,2,2,1,1,1,1,0,559,295,264
589,District-Kannur,Total,12,863,424,439,123,96,27,19,12,7,7,5,2,512,207,305,6,5,1,4,3,1,1,0,1,191,96,95
589,District-Kannur,Total,13,966,448,518,143,112,31,23,15,8,10,4,6,596,222,374,4,2,2,1,1,0,1,1,0,188,91,97
589,District-Kannur,Total,14,1012,517,495,183,145,38,36,27,9,8,5,3,597,245,352,14,10,4,4,2,2,1,1,0,169,82,87
589,District-Kannur,Total,15,1549,803,746,239,186,53,69,40,29,17,12,5,991,446,545,27,21,6,2,1,1,0,0,0,204,97,107
589,District-Kannur,Total,16,2487,1391,1096,422,362,60,131,101,30,33,27,6,1713,797,916,23,15,8,3,2,1,3,1,2,159,86,73
589,District-Kannur,Total,17,4922,2608,2314,989,871,118,261,204,57,86,65,21,3410,1382,2028,26,16,10,9,6,3,1,1,0,140,63,77
589,District-Kannur,Total,18,9523,4853,4670,2167,1923,244,574,444,130,163,138,25,6346,2200,4146,77,56,21,14,9,5,11,6,5,171,77,94
589,District-Kannur,Total,19,13463,6748,6715,3455,3051,404,848,635,213,253,195,58,8638,2701,5937,95,82,13,10,9,1,4,3,1,160,72,88
589,District-Kannur,Rural,5-19,29549,15360,14189,3125,2685,440,827,618,209,248,180,68,8999,3442,5557,197,148,49,45,20,25,23,12,11,16085,8255,7830
589,District-Kannur,Rural,5,8841,4528,4313,7,4,3,3,1,2,0,0,0,167,78,89,19,11,8,11,3,8,2,1,1,8632,4430,4202
589,District-Kannur,Rural,6,5403,2797,2606,2,2,0,0,0,0,0,0,0,214,103,111,16,11,5,7,3,4,0,0,0,5164,2678,2486
589,District-Kannur,Rural,7,891,452,439,10,9,1,0,0,0,0,0,0,183,83,100,1,1,0,2,2,0,0,0,0,695,357,338
589,District-Kannur,Rural,8,291,140,151,3,2,1,2,1,1,0,0,0,117,55,62,1,0,1,0,0,0,0,0,0,168,82,86
589,District-Kannur,Rural,9,362,177,185,8,5,3,1,0,1,0,0,0,131,61,70,0,0,0,0,0,0,1,0,1,221,111,110
589,District-Kannur,Rural,10,599,299,300,7,4,3,2,1,1,1,0,1,137,59,78,6,4,2,4,0,4,1,0,1,441,231,210
589,District-Kannur,Rural,11,403,193,210,33,23,10,7,3,4,3,3,0,151,61,90,1,0,1,1,0,1,0,0,0,207,103,104
589,District-Kannur,Rural,12,328,156,172,42,31,11,11,8,3,3,2,1,184,72,112,4,4,0,2,1,1,1,0,1,81,38,43
589,District-Kannur,Rural,13,367,182,185,58,45,13,9,7,2,4,1,3,215,91,124,2,1,1,1,1,0,1,1,0,77,35,42
589,District-Kannur,Rural,14,383,214,169,72,58,14,16,11,5,6,3,3,214,103,111,9,6,3,2,1,1,1,1,0,63,31,32
589,District-Kannur,Rural,15,617,312,305,85,59,26,34,20,14,11,6,5,385,177,208,13,8,5,1,0,1,0,0,0,88,42,46
589,District-Kannur,Rural,16,980,560,420,172,143,29,52,41,11,15,12,3,666,323,343,8,5,3,0,0,0,2,0,2,65,36,29
589,District-Kannur,Rural,17,1848,998,850,400,352,48,105,79,26,32,22,10,1242,512,730,12,7,5,5,4,1,1,1,0,51,21,30
589,District-Kannur,Rural,18,3435,1833,1602,890,782,108,238,181,57,62,49,13,2119,751,1368,45,34,11,6,2,4,10,5,5,65,29,36
589,District-Kannur,Rural,19,4801,2519,2282,1336,1166,170,347,265,82,111,82,29,2874,913,1961,60,56,4,3,3,0,3,3,0,67,31,36
589,District-Kannur,Urban,5-19,52050,26329,25721,4817,4221,596,1184,884,300,339,278,61,17093,6271,10822,195,124,71,73,42,31,8,6,2,28341,14503,13838
589,District-Kannur,Urban,5,16051,8197,7854,22,17,5,4,1,3,0,0,0,354,167,187,42,24,18,24,7,17,1,1,0,15604,7980,7624
589,District-Kannur,Urban,6,9596,4945,4651,15,13,2,3,2,1,0,0,0,398,207,191,21,9,12,15,8,7,3,2,1,9141,4704,4437
589,District-Kannur,Urban,7,1561,781,780,17,12,5,8,5,3,1,0,1,359,158,201,5,3,2,3,3,0,0,0,0,1168,600,568
589,District-Kannur,Urban,8,506,234,272,19,13,6,2,1,1,1,1,0,260,117,143,1,1,0,1,1,0,0,0,0,222,100,122
589,District-Kannur,Urban,9,594,284,310,20,15,5,3,1,2,1,1,0,215,101,114,0,0,0,1,0,1,0,0,0,354,166,188
589,District-Kannur,Urban,10,990,512,478,13,6,7,5,1,4,2,2,0,289,142,147,5,0,5,1,1,0,0,0,0,675,360,315
589,District-Kannur,Urban,11,726,358,368,45,35,10,10,7,3,1,0,1,314,121,193,2,1,1,1,1,0,1,1,0,352,192,160
589,District-Kannur,Urban,12,535,268,267,81,65,16,8,4,4,4,3,1,328,135,193,2,1,1,2,2,0,0,0,0,110,58,52
589,District-Kannur,Urban,13,599,266,333,85,67,18,14,8,6,6,3,3,381,131,250,2,1,1,0,0,0,0,0,0,111,56,55
589,District-Kannur,Urban,14,629,303,326,111,87,24,20,16,4,2,2,0,383,142,241,5,4,1,2,1,1,0,0,0,106,51,55
589,District-Kannur,Urban,15,932,491,441,154,127,27,35,20,15,6,6,0,606,269,337,14,13,1,1,1,0,0,0,0,116,55,61
589,District-Kannur,Urban,16,1507,831,676,250,219,31,79,60,19,18,15,3,1047,474,573,15,10,5,3,2,1,1,1,0,94,50,44
589,District-Kannur,Urban,17,3074,1610,1464,589,519,70,156,125,31,54,43,11,2168,870,1298,14,9,5,4,2,2,0,0,0,89,42,47
589,District-Kannur,Urban,18,6088,3020,3068,1277,1141,136,336,263,73,101,89,12,4227,1449,2778,32,22,10,8,7,1,1,1,0,106,48,58
589,District-Kannur,Urban,19,8662,4229,4433,2119,1885,234,501,370,131,142,113,29,5764,1788,3976,35,26,9,7,6,1,1,0,1,93,41,52
590,District-Wayanad,Total,5-19,34243,17523,16720,4579,3362,1217,1909,1246,663,762,493,269,9646,3449,6197,242,147,95,108,53,55,36,12,24,16961,8761,8200
590,District-Wayanad,Total,5,9400,4875,4525,4,3,1,2,1,1,0,0,0,126,66,60,18,9,9,13,6,7,3,3,0,9234,4787,4447
590,District-Wayanad,Total,6,5549,2860,2689,8,6,2,2,2,0,0,0,0,162,81,81,15,11,4,4,2,2,1,1,0,5357,2757,2600
590,District-Wayanad,Total,7,1090,567,523,2,2,0,1,1,0,0,0,0,167,74,93,0,0,0,3,1,2,0,0,0,917,489,428
590,District-Wayanad,Total,8,393,208,185,3,3,0,2,1,1,0,0,0,161,85,76,0,0,0,0,0,0,1,1,0,226,118,108
590,District-Wayanad,Total,9,320,173,147,5,4,1,1,1,0,0,0,0,165,81,84,0,0,0,0,0,0,1,0,1,148,87,61
590,District-Wayanad,Total,10,516,275,241,13,8,5,7,1,6,2,0,2,211,126,85,1,1,0,0,0,0,1,0,1,281,139,142
590,District-Wayanad,Total,11,443,218,225,28,18,10,10,3,7,4,3,1,252,125,127,1,0,1,2,0,2,0,0,0,146,69,77
590,District-Wayanad,Total,12,514,287,227,59,46,13,26,23,3,14,10,4,311,150,161,6,5,1,1,1,0,1,1,0,96,51,45
590,District-Wayanad,Total,13,608,354,254,90,68,22,35,25,10,21,13,8,353,184,169,4,4,0,2,1,1,0,0,0,103,59,44
590,District-Wayanad,Total,14,704,384,320,116,77,39,49,27,22,27,19,8,405,195,210,15,10,5,2,0,2,2,0,2,88,56,32
590,District-Wayanad,Total,15,1084,608,476,211,143,68,119,79,40,58,38,20,575,290,285,21,12,9,10,6,4,1,0,1,89,40,49
590,District-Wayanad,Total,16,1445,763,682,338,238,100,159,98,61,87,56,31,758,315,443,21,14,7,7,4,3,4,3,1,71,35,36
590,District-Wayanad,Total,17,2223,1213,1010,623,468,155,276,193,83,97,70,27,1136,436,700,29,19,10,11,6,5,1,0,1,50,21,29
590,District-Wayanad,Total,18,4432,2167,2265,1386,1025,361,558,361,197,213,128,85,2108,583,1525,56,28,28,27,16,11,7,1,6,77,25,52
590,District-Wayanad,Total,19,5522,2571,2951,1693,1253,440,662,430,232,239,156,83,2756,658,2098,55,34,21,26,10,16,13,2,11,78,28,50
590,District-Wayanad,Rural,5-19,33014,16900,16114,4413,3226,1187,1880,1224,656,751,484,267,9284,3314,5970,230,142,88,106,52,54,36,12,24,16314,8446,7868
590,District-Wayanad,Rural,5,9041,4693,4348,4,3,1,2,1,1,0,0,0,113,63,50,17,9,8,12,5,7,3,3,0,8890,4609,4281
590,District-Wayanad,Rural,6,5327,2755,2572,8,6,2,2,2,0,0,0,0,155,76,79,15,11,4,4,2,2,1,1,0,5142,2657,2485
590,District-Wayanad,Rural,7,1046,551,495,2,2,0,1,1,0,0,0,0,159,71,88,0,0,0,3,1,2,0,0,0,881,476,405
590,District-Wayanad,Rural,8,382,203,179,3,3,0,2,1,1,0,0,0,156,82,74,0,0,0,0,0,0,1,1,0,220,116,104
590,District-Wayanad,Rural,9,303,166,137,5,4,1,1,1,0,0,0,0,152,76,76,0,0,0,0,0,0,1,0,1,144,85,59
590,District-Wayanad,Rural,10,495,261,234,13,8,5,7,1,6,2,0,2,202,120,82,1,1,0,0,0,0,1,0,1,269,131,138
590,District-Wayanad,Rural,11,435,212,223,28,18,10,10,3,7,4,3,1,248,122,126,1,0,1,2,0,2,0,0,0,142,66,76
590,District-Wayanad,Rural,12,500,278,222,57,44,13,26,23,3,14,10,4,303,145,158,6,5,1,1,1,0,1,1,0,92,49,43
590,District-Wayanad,Rural,13,587,341,246,84,63,21,34,24,10,21,13,8,342,178,164,4,4,0,2,1,1,0,0,0,100,58,42
590,District-Wayanad,Rural,14,680,371,309,111,75,36,49,27,22,27,19,8,391,186,205,15,10,5,2,0,2,2,0,2,83,54,29
590,District-Wayanad,Rural,15,1047,587,460,204,139,65,117,77,40,57,37,20,552,278,274,21,12,9,10,6,4,1,0,1,85,38,47
590,District-Wayanad,Rural,16,1406,737,669,330,232,98,155,94,61,87,56,31,734,300,434,20,14,6,7,4,3,4,3,1,69,34,35
590,District-Wayanad,Rural,17,2154,1178,976,604,452,152,270,189,81,96,69,27,1098,424,674,27,17,10,11,6,5,1,0,1,47,21,26
590,District-Wayanad,Rural,18,4273,2093,2180,1336,982,354,548,354,194,210,127,83,2018,561,1457,53,27,26,26,16,10,7,1,6,75,25,50
590,District-Wayanad,Rural,19,5338,2474,2864,1624,1195,429,656,426,230,233,150,83,2661,632,2029,50,32,18,26,10,16,13,2,11,75,27,48
590,District-Wayanad,Urban,5-19,1229,623,606,166,136,30,29,22,7,11,9,2,362,135,227,12,5,7,2,1,1,0,0,0,647,315,332
590,District-Wayanad,Urban,5,359,182,177,0,0,0,0,0,0,0,0,0,13,3,10,1,0,1,1,1,0,0,0,0,344,178,166
590,District-Wayanad,Urban,6,222,105,117,0,0,0,0,0,0,0,0,0,7,5,2,0,0,0,0,0,0,0,0,0,215,100,115
590,District-Wayanad,Urban,7,44,16,28,0,0,0,0,0,0,0,0,0,8,3,5,0,0,0,0,0,0,0,0,0,36,13,23
590,District-Wayanad,Urban,8,11,5,6,0,0,0,0,0,0,0,0,0,5,3,2,0,0,0,0,0,0,0,0,0,6,2,4
590,District-Wayanad,Urban,9,17,7,10,0,0,0,0,0,0,0,0,0,13,5,8,0,0,0,0,0,0,0,0,0,4,2,2
590,District-Wayanad,Urban,10,21,14,7,0,0,0,0,0,0,0,0,0,9,6,3,0,0,0,0,0,0,0,0,0,12,8,4
590,District-Wayanad,Urban,11,8,6,2,0,0,0,0,0,0,0,0,0,4,3,1,0,0,0,0,0,0,0,0,0,4,3,1
590,District-Wayanad,Urban,12,14,9,5,2,2,0,0,0,0,0,0,0,8,5,3,0,0,0,0,0,0,0,0,0,4,2,2
590,District-Wayanad,Urban,13,21,13,8,6,5,1,1,1,0,0,0,0,11,6,5,0,0,0,0,0,0,0,0,0,3,1,2
590,District-Wayanad,Urban,14,24,13,11,5,2,3,0,0,0,0,0,0,14,9,5,0,0,0,0,0,0,0,0,0,5,2,3
590,District-Wayanad,Urban,15,37,21,16,7,4,3,2,2,0,1,1,0,23,12,11,0,0,0,0,0,0,0,0,0,4,2,2
590,District-Wayanad,Urban,16,39,26,13,8,6,2,4,4,0,0,0,0,24,15,9,1,0,1,0,0,0,0,0,0,2,1,1
590,District-Wayanad,Urban,17,69,35,34,19,16,3,6,4,2,1,1,0,38,12,26,2,2,0,0,0,0,0,0,0,3,0,3
590,District-Wayanad,Urban,18,159,74,85,50,43,7,10,7,3,3,1,2,90,22,68,3,1,2,1,0,1,0,0,0,2,0,2
590,District-Wayanad,Urban,19,184,97,87,69,58,11,6,4,2,6,6,0,95,26,69,5,2,3,0,0,0,0,0,0,3,1,2
591,District-Kozhikode,Total,5-19,106343,54024,52319,8789,7950,839,2840,2239,601,884,745,139,32140,11525,20615,295,199,96,138,73,65,17,13,4,61240,31280,29960
591,District-Kozhikode,Total,5,34497,17600,16897,8,7,1,3,2,1,0,0,0,349,183,166,60,35,25,43,17,26,2,2,0,34032,17354,16678
591,District-Kozhikode,Total,6,20684,10606,10078,8,4,4,2,2,0,1,1,0,557,270,287,32,17,15,30,17,13,3,2,1,20051,10293,9758
591,District-Kozhikode,Total,7,3413,1772,1641,23,16,7,5,3,2,1,0,1,679,328,351,7,4,3,6,2,4,0,0,0,2692,1419,1273
591,District-Kozhikode,Total,8,1127,551,576,17,9,8,2,1,1,2,2,0,547,262,285,3,2,1,1,1,0,0,0,0,555,274,281
591,District-Kozhikode,Total,9,1110,541,569,24,19,5,7,1,6,1,0,1,540,247,293,5,3,2,2,1,1,0,0,0,531,270,261
591,District-Kozhikode,Total,10,1579,803,776,15,11,4,7,4,3,3,1,2,563,276,287,1,1,0,6,3,3,0,0,0,984,507,477
591,District-Kozhikode,Total,11,1216,603,613,72,64,8,19,10,9,8,5,3,633,286,347,7,4,3,1,0,1,1,1,0,475,233,242
591,District-Kozhikode,Total,12,1102,563,539,128,110,18,29,15,14,12,5,7,674,305,369,7,4,3,1,1,0,1,0,1,250,123,127
591,District-Kozhikode,Total,13,1229,613,616,139,120,19,50,38,12,13,8,5,722,294,428,5,5,0,0,0,0,1,1,0,299,147,152
591,District-Kozhikode,Total,14,1266,666,600,167,150,17,44,24,20,9,5,4,763,341,422,5,1,4,4,2,2,1,1,0,273,142,131
591,District-Kozhikode,Total,15,1923,1044,879,257,216,41,94,70,24,23,15,8,1240,575,665,19,14,5,7,4,3,2,2,0,281,148,133
591,District-Kozhikode,Total,16,2686,1500,1186,407,357,50,148,114,34,50,44,6,1847,877,970,16,12,4,4,4,0,0,0,0,214,92,122
591,District-Kozhikode,Total,17,5598,3079,2519,1064,986,78,339,280,59,117,107,10,3848,1582,2266,23,18,5,4,3,1,2,2,0,201,101,100
591,District-Kozhikode,Total,18,11801,5926,5875,2498,2303,195,848,676,172,265,232,33,7928,2568,5360,55,45,10,11,7,4,1,1,0,195,94,101
591,District-Kozhikode,Total,19,17112,8157,8955,3962,3578,384,1243,999,244,379,320,59,11250,3131,8119,50,34,16,18,11,7,3,1,2,207,83,124
591,District-Kozhikode,Rural,5-19,37196,18454,18742,2577,2335,242,1081,852,229,336,282,54,11580,4005,7575,77,56,21,50,29,21,7,4,3,21488,10891,10597
591,District-Kozhikode,Rural,5,12129,6170,5959,5,4,1,1,1,0,0,0,0,138,87,51,15,10,5,18,8,10,1,1,0,11951,6059,5892
591,District-Kozhikode,Rural,6,7173,3628,3545,2,2,0,1,1,0,1,1,0,171,83,88,10,5,5,8,5,3,2,1,1,6978,3530,3448
591,District-Kozhikode,Rural,7,1142,594,548,5,2,3,2,1,1,0,0,0,225,113,112,2,1,1,1,0,1,0,0,0,907,477,430
591,District-Kozhikode,Rural,8,396,196,200,5,4,1,0,0,0,0,0,0,193,89,104,0,0,0,1,1,0,0,0,0,197,102,95
591,District-Kozhikode,Rural,9,403,198,205,10,8,2,1,0,1,1,0,1,199,93,106,1,1,0,1,1,0,0,0,0,190,95,95
591,District-Kozhikode,Rural,10,573,292,281,5,3,2,1,1,0,3,1,2,202,100,102,0,0,0,3,1,2,0,0,0,359,186,173
591,District-Kozhikode,Rural,11,448,228,220,25,20,5,3,1,2,3,3,0,233,107,126,2,2,0,0,0,0,0,0,0,182,95,87
591,District-Kozhikode,Rural,12,404,199,205,35,34,1,15,7,8,4,1,3,258,112,146,1,0,1,0,0,0,1,0,1,90,45,45
591,District-Kozhikode,Rural,13,440,215,225,34,30,4,19,15,4,8,5,3,268,113,155,1,1,0,0,0,0,0,0,0,110,51,59
591,District-Kozhikode,Rural,14,427,225,202,52,48,4,15,9,6,3,0,3,256,113,143,0,0,0,1,1,0,0,0,0,100,54,46
591,District-Kozhikode,Rural,15,636,350,286,78,70,8,39,31,8,12,7,5,392,175,217,5,4,1,1,0,1,0,0,0,109,63,46
591,District-Kozhikode,Rural,16,877,471,406,100,84,16,52,38,14,15,15,0,616,294,322,7,6,1,0,0,0,0,0,0,87,34,53
591,District-Kozhikode,Rural,17,1908,971,937,296,268,28,120,96,24,45,42,3,1358,519,839,3,3,0,2,2,0,1,1,0,83,40,43
591,District-Kozhikode,Rural,18,4139,1932,2207,695,648,47,338,271,67,88,78,10,2917,879,2038,17,14,3,5,5,0,1,1,0,78,36,42
591,District-Kozhikode,Rural,19,6101,2785,3316,1230,1110,120,474,380,94,153,129,24,4154,1128,3026,13,9,4,9,5,4,1,0,1,67,24,43
591,District-Kozhikode,Urban,5-19,69147,35570,33577,6212,5615,597,1759,1387,372,548,463,85,20560,7520,13040,218,143,75,88,44,44,10,9,1,39752,20389,19363
591,District-Kozhikode,Urban,5,22368,11430,10938,3,3,0,2,1,1,0,0,0,211,96,115,45,25,20,25,9,16,1,1,0,22081,11295,10786
591,District-Kozhikode,Urban,6,13511,6978,6533,6,2,4,1,1,0,0,0,0,386,187,199,22,12,10,22,12,10,1,1,0,13073,6763,6310
591,District-Kozhikode,Urban,7,2271,1178,1093,18,14,4,3,2,1,1,0,1,454,215,239,5,3,2,5,2,3,0,0,0,1785,942,843
591,District-Kozhikode,Urban,8,731,355,376,12,5,7,2,1,1,2,2,0,354,173,181,3,2,1,0,0,0,0,0,0,358,172,186
591,District-Kozhikode,Urban,9,707,343,364,14,11,3,6,1,5,0,0,0,341,154,187,4,2,2,1,0,1,0,0,0,341,175,166
591,District-Kozhikode,Urban,10,1006,511,495,10,8,2,6,3,3,0,0,0,361,176,185,1,1,0,3,2,1,0,0,0,625,321,304
591,District-Kozhikode,Urban,11,768,375,393,47,44,3,16,9,7,5,2,3,400,179,221,5,2,3,1,0,1,1,1,0,293,138,155
591,District-Kozhikode,Urban,12,698,364,334,93,76,17,14,8,6,8,4,4,416,193,223,6,4,2,1,1,0,0,0,0,160,78,82
591,District-Kozhikode,Urban,13,789,398,391,105,90,15,31,23,8,5,3,2,454,181,273,4,4,0,0,0,0,1,1,0,189,96,93
591,District-Kozhikode,Urban,14,839,441,398,115,102,13,29,15,14,6,5,1,507,228,279,5,1,4,3,1,2,1,1,0,173,88,85
591,District-Kozhikode,Urban,15,1287,694,593,179,146,33,55,39,16,11,8,3,848,400,448,14,10,4,6,4,2,2,2,0,172,85,87
591,District-Kozhikode,Urban,16,1809,1029,780,307,273,34,96,76,20,35,29,6,1231,583,648,9,6,3,4,4,0,0,0,0,127,58,69
591,District-Kozhikode,Urban,17,3690,2108,1582,768,718,50,219,184,35,72,65,7,2490,1063,1427,20,15,5,2,1,1,1,1,0,118,61,57
591,District-Kozhikode,Urban,18,7662,3994,3668,1803,1655,148,510,405,105,177,154,23,5011,1689,3322,38,31,7,6,2,4,0,0,0,117,58,59
591,District-Kozhikode,Urban,19,11011,5372,5639,2732,2468,264,769,619,150,226,191,35,7096,2003,5093,37,25,12,9,6,3,2,1,1,140,59,81
592,District-Malappuram,Total,5-19,208718,97605,111113,17570,16271,1299,5376,4347,1029,1439,1238,201,75354,20061,55293,513,359,154,236,135,101,52,28,24,108178,55166,53012
592,District-Malappuram,Total,5,61108,30979,30129,19,15,4,10,8,2,1,0,1,590,288,302,120,60,60,59,25,34,10,5,5,60299,30578,29721
592,District-Malappuram,Total,6,36420,18691,17729,9,6,3,7,4,3,0,0,0,774,367,407,65,39,26,44,24,20,3,0,3,35518,18251,17267
592,District-Malappuram,Total,7,6096,3177,2919,28,22,6,7,3,4,0,0,0,871,434,437,9,8,1,17,10,7,1,1,0,5163,2699,2464
592,District-Malappuram,Total,8,1962,996,966,33,24,9,13,6,7,1,1,0,765,378,387,10,8,2,5,2,3,1,0,1,1134,577,557
592,District-Malappuram,Total,9,1520,748,772,35,18,17,11,5,6,1,0,1,763,359,404,4,2,2,2,0,2,0,0,0,704,364,340
592,District-Malappuram,Total,10,2141,1127,1014,38,29,9,10,5,5,0,0,0,764,394,370,7,5,2,2,1,1,0,0,0,1320,693,627
592,District-Malappuram,Total,11,1677,840,837,99,79,20,24,20,4,4,4,0,889,390,499,7,7,0,5,1,4,1,1,0,648,338,310
592,District-Malappuram,Total,12,1817,924,893,224,200,24,55,39,16,12,8,4,1052,422,630,6,4,2,4,3,1,1,1,0,463,247,216
592,District-Malappuram,Total,13,1931,932,999,241,210,31,70,52,18,16,9,7,1115,426,689,7,5,2,4,1,3,2,1,1,476,228,248
592,District-Malappuram,Total,14,2235,1117,1118,300,255,45,96,75,21,20,17,3,1367,547,820,9,7,2,10,7,3,1,1,0,432,208,224
592,District-Malappuram,Total,15,3443,1758,1685,390,348,42,150,111,39,40,33,7,2374,1017,1357,31,21,10,12,8,4,5,3,2,441,217,224
592,District-Malappuram,Total,16,6507,2849,3658,767,689,78,311,231,80,89,74,15,4954,1658,3296,20,14,6,10,7,3,2,2,0,354,174,180
592,District-Malappuram,Total,17,14297,5874,8423,2095,1958,137,693,570,123,176,167,9,10895,2942,7953,44,32,12,14,8,6,7,5,2,373,192,181
592,District-Malappuram,Total,18,29105,11721,17384,5138,4765,373,1633,1335,298,460,392,68,21324,4917,16407,89,72,17,19,15,4,9,6,3,433,219,214
592,District-Malappuram,Total,19,38459,15872,22587,8154,7653,501,2286,1883,403,619,533,86,26857,5522,21335,85,75,10,29,23,6,9,2,7,420,181,239
592,District-Malappuram,Rural,5-19,121576,56258,65318,10191,9415,776,3259,2573,686,868,726,142,44406,11419,32987,270,183,87,155,88,67,40,24,16,62387,31830,30557
592,District-Malappuram,Rural,5,34836,17730,17106,12,11,1,7,5,2,0,0,0,313,155,158,72,34,38,40,15,25,4,3,1,34388,17507,16881
592,District-Malappuram,Rural,6,21022,10727,10295,5,4,1,5,4,1,0,0,0,413,197,216,41,24,17,29,18,11,1,0,1,20528,10480,10048
592,District-Malappuram,Rural,7,3714,1932,1782,14,11,3,5,2,3,0,0,0,507,248,259,5,5,0,13,9,4,1,1,0,3169,1656,1513
592,District-Malappuram,Rural,8,1182,592,590,23,16,7,6,3,3,0,0,0,448,221,227,8,7,1,4,2,2,1,0,1,692,343,349
592,District-Malappuram,Rural,9,893,445,448,19,11,8,6,3,3,1,0,1,439,210,229,2,1,1,1,0,1,0,0,0,425,220,205
592,District-Malappuram,Rural,10,1229,659,570,22,18,4,4,1,3,0,0,0,463,242,221,3,3,0,2,1,1,0,0,0,735,394,341
592,District-Malappuram,Rural,11,995,485,510,57,45,12,8,6,2,3,3,0,525,229,296,2,2,0,3,0,3,0,0,0,397,200,197
592,District-Malappuram,Rural,12,1091,575,516,147,133,14,33,25,8,8,5,3,606,240,366,3,3,0,3,2,1,1,1,0,290,166,124
592,District-Malappuram,Rural,13,1116,543,573,138,120,18,39,27,12,9,4,5,639,252,387,3,2,1,3,1,2,2,1,1,283,136,147
592,District-Malappuram,Rural,14,1314,651,663,148,125,23,54,42,12,14,12,2,830,343,487,2,2,0,7,5,2,1,1,0,258,121,137
592,District-Malappuram,Rural,15,2079,1020,1059,216,187,29,94,69,25,28,23,5,1438,578,860,18,12,6,10,6,4,5,3,2,270,142,128
592,District-Malappuram,Rural,16,4087,1689,2398,455,404,51,206,144,62,51,39,12,3137,978,2159,12,8,4,7,5,2,2,2,0,217,109,108
592,District-Malappuram,Rural,17,8729,3432,5297,1241,1159,82,440,354,86,103,96,7,6675,1676,4999,21,16,5,8,5,3,5,4,1,236,122,114
592,District-Malappuram,Rural,18,17266,6806,10460,3075,2846,229,969,760,209,271,223,48,12639,2802,9837,36,27,9,10,8,2,8,6,2,258,134,124
592,District-Malappuram,Rural,19,22023,8972,13051,4619,4325,294,1383,1128,255,380,321,59,15334,3048,12286,42,37,5,15,11,4,9,2,7,241,100,141
592,District-Malappuram,Urban,5-19,87142,41347,45795,7379,6856,523,2117,1774,343,571,512,59,30948,8642,22306,243,176,67,81,47,34,12,4,8,45791,23336,22455
592,District-Malappuram,Urban,5,26272,13249,13023,7,4,3,3,3,0,1,0,1,277,133,144,48,26,22,19,10,9,6,2,4,25911,13071,12840
592,District-Malappuram,Urban,6,15398,7964,7434,4,2,2,2,0,2,0,0,0,361,170,191,24,15,9,15,6,9,2,0,2,14990,7771,7219
592,District-Malappuram,Urban,7,2382,1245,1137,14,11,3,2,1,1,0,0,0,364,186,178,4,3,1,4,1,3,0,0,0,1994,1043,951
592,District-Malappuram,Urban,8,780,404,376,10,8,2,7,3,4,1,1,0,317,157,160,2,1,1,1,0,1,0,0,0,442,234,208
592,District-Malappuram,Urban,9,627,303,324,16,7,9,5,2,3,0,0,0,324,149,175,2,1,1,1,0,1,0,0,0,279,144,135
592,District-Malappuram,Urban,10,912,468,444,16,11,5,6,4,2,0,0,0,301,152,149,4,2,2,0,0,0,0,0,0,585,299,286
592,District-Malappuram,Urban,11,682,355,327,42,34,8,16,14,2,1,1,0,364,161,203,5,5,0,2,1,1,1,1,0,251,138,113
592,District-Malappuram,Urban,12,726,349,377,77,67,10,22,14,8,4,3,1,446,182,264,3,1,2,1,1,0,0,0,0,173,81,92
592,District-Malappuram,Urban,13,815,389,426,103,90,13,31,25,6,7,5,2,476,174,302,4,3,1,1,0,1,0,0,0,193,92,101
592,District-Malappuram,Urban,14,921,466,455,152,130,22,42,33,9,6,5,1,537,204,333,7,5,2,3,2,1,0,0,0,174,87,87
592,District-Malappuram,Urban,15,1364,738,626,174,161,13,56,42,14,12,10,2,936,439,497,13,9,4,2,2,0,0,0,0,171,75,96
592,District-Malappuram,Urban,16,2420,1160,1260,312,285,27,105,87,18,38,35,3,1817,680,1137,8,6,2,3,2,1,0,0,0,137,65,72
592,District-Malappuram,Urban,17,5568,2442,3126,854,799,55,253,216,37,73,71,2,4220,1266,2954,23,16,7,6,3,3,2,1,1,137,70,67
592,District-Malappuram,Urban,18,11839,4915,6924,2063,1919,144,664,575,89,189,169,20,8685,2115,6570,53,45,8,9,7,2,1,0,1,175,85,90
592,District-Malappuram,Urban,19,16436,6900,9536,3535,3328,207,903,755,148,239,212,27,11523,2474,9049,43,38,5,14,12,2,0,0,0,179,81,98
593,District-Palakkad,Total,5-19,110941,54947,55994,17150,13827,3323,4352,3080,1272,1014,763,251,38775,11759,27016,565,323,242,201,90,111,48,25,23,48836,25080,23756
593,District-Palakkad,Total,5,28154,14467,13687,15,11,4,3,1,2,0,0,0,394,183,211,70,45,25,34,17,17,5,3,2,27633,14207,13426
593,District-Palakkad,Total,6,15738,8086,7652,6,5,1,3,0,3,1,1,0,572,304,268,38,20,18,25,12,13,6,2,4,15087,7742,7345
593,District-Palakkad,Total,7,2641,1372,1269,19,10,9,6,2,4,0,0,0,494,234,260,10,7,3,6,5,1,0,0,0,2106,1114,992
593,District-Palakkad,Total,8,921,491,430,16,12,4,8,6,2,1,1,0,429,239,190,4,2,2,2,2,0,0,0,0,461,229,232
593,District-Palakkad,Total,9,909,446,463,17,9,8,9,5,4,2,1,1,440,204,236,5,3,2,5,1,4,1,1,0,430,222,208
593,District-Palakkad,Total,10,1288,676,612,22,17,5,7,4,3,1,1,0,501,241,260,6,5,1,3,2,1,0,0,0,748,406,342
593,District-Palakkad,Total,11,1043,510,533,67,49,18,24,15,9,1,0,1,525,231,294,8,3,5,3,1,2,0,0,0,415,211,204
593,District-Palakkad,Total,12,1087,535,552,145,112,33,36,24,12,6,2,4,623,248,375,10,7,3,2,1,1,2,1,1,263,140,123
593,District-Palakkad,Total,13,1267,599,668,197,148,49,47,27,20,11,5,6,722,284,438,12,4,8,6,2,4,1,1,0,271,128,143
593,District-Palakkad,Total,14,1516,830,686,283,210,73,63,44,19,19,13,6,844,396,448,34,21,13,6,3,3,2,2,0,265,141,124
593,District-Palakkad,Total,15,2697,1407,1290,556,436,120,150,104,46,40,28,12,1641,684,957,42,23,19,15,8,7,2,1,1,251,123,128
593,District-Palakkad,Total,16,4926,2452,2474,1092,838,254,340,228,112,95,75,20,3103,1165,1938,45,21,24,14,4,10,1,0,1,236,121,115
593,District-Palakkad,Total,17,9676,4676,5000,2564,2050,514,686,502,184,173,137,36,5952,1841,4111,66,38,28,12,5,7,11,5,6,212,98,114
593,District-Palakkad,Total,18,17291,8251,9040,5182,4219,963,1301,936,365,291,226,65,10123,2671,7452,108,64,44,42,15,27,7,3,4,237,117,120
593,District-Palakkad,Total,19,21787,10149,11638,6969,5701,1268,1669,1182,487,373,273,100,12412,2834,9578,107,60,47,26,12,14,10,6,4,221,81,140
593,District-Palakkad,Rural,5-19,86736,43001,43735,13583,10917,2666,3455,2435,1020,783,588,195,30333,9255,21078,457,273,184,154,70,84,45,23,22,37926,19440,18486
593,District-Palakkad,Rural,5,22020,11286,10734,11,9,2,2,1,1,0,0,0,299,141,158,62,41,21,24,14,10,5,3,2,21617,11077,10540
593,District-Palakkad,Rural,6,11990,6165,5825,4,4,0,2,0,2,1,1,0,445,239,206,33,17,16,16,9,7,5,2,3,11484,5893,5591
593,District-Palakkad,Rural,7,2062,1083,979,16,9,7,4,1,3,0,0,0,387,185,202,7,5,2,5,4,1,0,0,0,1643,879,764
593,District-Palakkad,Rural,8,696,389,307,14,10,4,5,4,1,1,1,0,311,180,131,4,2,2,2,2,0,0,0,0,359,190,169
593,District-Palakkad,Rural,9,732,357,375,13,6,7,6,3,3,2,1,1,351,170,181,4,2,2,5,1,4,1,1,0,350,173,177
593,District-Palakkad,Rural,10,1020,533,487,16,12,4,7,4,3,1,1,0,399,192,207,5,4,1,3,2,1,0,0,0,589,318,271
593,District-Palakkad,Rural,11,826,401,425,56,41,15,22,14,8,1,0,1,409,182,227,6,1,5,3,1,2,0,0,0,329,162,167
593,District-Palakkad,Rural,12,827,410,417,111,87,24,27,18,9,4,1,3,465,186,279,9,7,2,0,0,0,2,1,1,209,110,99
593,District-Palakkad,Rural,13,964,464,500,149,116,33,32,21,11,10,5,5,559,222,337,9,4,5,3,1,2,1,1,0,201,94,107
593,District-Palakkad,Rural,14,1160,641,519,201,154,47,52,36,16,11,9,2,649,306,343,26,19,7,4,2,2,2,2,0,215,113,102
593,District-Palakkad,Rural,15,2110,1093,1017,431,336,95,116,76,40,29,20,9,1293,537,756,35,20,15,12,7,5,2,1,1,192,96,96
593,District-Palakkad,Rural,16,3903,1934,1969,851,644,207,275,187,88,75,61,14,2467,929,1538,30,14,16,12,3,9,1,0,1,192,96,96
593,District-Palakkad,Rural,17,7602,3686,3916,2026,1597,429,549,399,150,140,111,29,4639,1455,3184,53,33,20,11,5,6,10,4,6,174,82,92
593,District-Palakkad,Rural,18,13678,6560,7118,4142,3362,780,1043,757,286,215,165,50,7947,2107,5840,92,58,34,32,10,22,7,3,4,200,98,102
593,District-Palakkad,Rural,19,17146,7999,9147,5542,4530,1012,1313,914,399,293,212,81,9713,2224,7489,82,46,36,22,9,13,9,5,4,172,59,113
593,District-Palakkad,Urban,5-19,24205,11946,12259,3567,2910,657,897,645,252,231,175,56,8442,2504,5938,108,50,58,47,20,27,3,2,1,10910,5640,5270
593,District-Palakkad,Urban,5,6134,3181,2953,4,2,2,1,0,1,0,0,0,95,42,53,8,4,4,10,3,7,0,0,0,6016,3130,2886
593,District-Palakkad,Urban,6,3748,1921,1827,2,1,1,1,0,1,0,0,0,127,65,62,5,3,2,9,3,6,1,0,1,3603,1849,1754
593,District-Palakkad,Urban,7,579,289,290,3,1,2,2,1,1,0,0,0,107,49,58,3,2,1,1,1,0,0,0,0,463,235,228
593,District-Palakkad,Urban,8,225,102,123,2,2,0,3,2,1,0,0,0,118,59,59,0,0,0,0,0,0,0,0,0,102,39,63
593,District-Palakkad,Urban,9,177,89,88,4,3,1,3,2,1,0,0,0,89,34,55,1,1,0,0,0,0,0,0,0,80,49,31
593,District-Palakkad,Urban,10,268,143,125,6,5,1,0,0,0,0,0,0,102,49,53,1,1,0,0,0,0,0,0,0,159,88,71
593,District-Palakkad,Urban,11,217,109,108,11,8,3,2,1,1,0,0,0,116,49,67,2,2,0,0,0,0,0,0,0,86,49,37
593,District-Palakkad,Urban,12,260,125,135,34,25,9,9,6,3,2,1,1,158,62,96,1,0,1,2,1,1,0,0,0,54,30,24
593,District-Palakkad,Urban,13,303,135,168,48,32,16,15,6,9,1,0,1,163,62,101,3,0,3,3,1,2,0,0,0,70,34,36
593,District-Palakkad,Urban,14,356,189,167,82,56,26,11,8,3,8,4,4,195,90,105,8,2,6,2,1,1,0,0,0,50,28,22
593,District-Palakkad,Urban,15,587,314,273,125,100,25,34,28,6,11,8,3,348,147,201,7,3,4,3,1,2,0,0,0,59,27,32
593,District-Palakkad,Urban,16,1023,518,505,241,194,47,65,41,24,20,14,6,636,236,400,15,7,8,2,1,1,0,0,0,44,25,19
593,District-Palakkad,Urban,17,2074,990,1084,538,453,85,137,103,34,33,26,7,1313,386,927,13,5,8,1,0,1,1,1,0,38,16,22
593,District-Palakkad,Urban,18,3613,1691,1922,1040,857,183,258,179,79,76,61,15,2176,564,1612,16,6,10,10,5,5,0,0,0,37,19,18
593,District-Palakkad,Urban,19,4641,2150,2491,1427,1171,256,356,268,88,80,61,19,2699,610,2089,25,14,11,4,3,1,1,1,0,49,22,27
594,District-Thrissur,Total,5-19,78748,41854,36894,9625,8006,1619,2467,1793,674,699,540,159,22469,8882,13587,368,257,111,169,91,78,38,21,17,42913,22264,20649
594,District-Thrissur,Total,5,24149,12511,11638,9,7,2,6,4,2,0,0,0,434,220,214,63,40,23,39,21,18,6,2,4,23592,12217,11375
594,District-Thrissur,Total,6,14967,7822,7145,9,8,1,2,0,2,1,0,1,601,295,306,39,25,14,34,18,16,2,1,1,14279,7475,6804
594,District-Thrissur,Total,7,2250,1189,1061,11,10,1,3,2,1,2,1,1,520,271,249,11,7,4,5,3,2,1,1,0,1697,894,803
594,District-Thrissur,Total,8,848,424,424,10,8,2,5,3,2,0,0,0,446,208,238,4,4,0,6,4,2,1,0,1,376,197,179
594,District-Thrissur,Total,9,772,377,395,19,15,4,5,3,2,0,0,0,392,191,201,1,1,0,3,2,1,0,0,0,352,165,187
594,District-Thrissur,Total,10,1024,503,521,14,10,4,5,3,2,0,0,0,463,222,241,4,4,0,4,3,1,1,1,0,533,260,273
594,District-Thrissur,Total,11,916,467,449,79,63,16,17,13,4,3,2,1,501,226,275,3,2,1,1,0,1,1,0,1,311,161,150
594,District-Thrissur,Total,12,925,449,476,126,100,26,36,22,14,5,2,3,530,212,318,6,3,3,2,1,1,1,1,0,219,108,111
594,District-Thrissur,Total,13,991,510,481,144,115,29,27,17,10,6,1,5,557,249,308,3,2,1,3,2,1,1,0,1,250,124,126
594,District-Thrissur,Total,14,1126,611,515,200,152,48,41,30,11,16,9,7,635,281,354,7,6,1,3,1,2,1,0,1,223,132,91
594,District-Thrissur,Total,15,1635,913,722,291,223,68,69,43,26,21,16,5,965,498,467,22,14,8,5,1,4,5,2,3,257,116,141
594,District-Thrissur,Total,16,2448,1443,1005,553,443,110,171,121,50,41,31,10,1421,707,714,20,14,6,6,4,2,1,1,0,235,122,113
594,District-Thrissur,Total,17,4586,2668,1918,1229,1022,207,333,242,91,110,95,15,2682,1188,1494,27,20,7,12,7,5,2,1,1,191,93,98
594,District-Thrissur,Total,18,8994,4964,4030,2746,2311,435,709,537,172,188,151,37,5039,1786,3253,79,56,23,21,15,6,5,4,1,207,104,103
594,District-Thrissur,Total,19,13117,7003,6114,4185,3519,666,1038,753,285,306,232,74,7283,2328,4955,79,59,20,25,9,16,10,7,3,191,96,95
594,District-Thrissur,Rural,5-19,26614,14101,12513,3400,2845,555,1012,731,281,278,214,64,7919,3035,4884,100,67,33,64,39,25,19,7,12,13822,7163,6659
594,District-Thrissur,Rural,5,7827,4030,3797,4,3,1,2,1,1,0,0,0,123,59,64,18,13,5,14,9,5,2,0,2,7664,3945,3719
594,District-Thrissur,Rural,6,4783,2504,2279,6,5,1,0,0,0,0,0,0,188,86,102,11,9,2,13,8,5,1,0,1,4564,2396,2168
594,District-Thrissur,Rural,7,746,413,333,3,3,0,2,2,0,1,1,0,172,101,71,8,5,3,3,2,1,1,1,0,556,298,258
594,District-Thrissur,Rural,8,268,136,132,1,1,0,2,2,0,0,0,0,137,62,75,0,0,0,1,1,0,1,0,1,126,70,56
594,District-Thrissur,Rural,9,228,117,111,4,3,1,2,2,0,0,0,0,115,64,51,0,0,0,0,0,0,0,0,0,107,48,59
594,District-Thrissur,Rural,10,325,159,166,2,2,0,1,1,0,0,0,0,138,69,69,0,0,0,3,2,1,1,1,0,180,84,96
594,District-Thrissur,Rural,11,268,145,123,24,20,4,6,6,0,0,0,0,148,70,78,0,0,0,1,0,1,0,0,0,89,49,40
594,District-Thrissur,Rural,12,264,141,123,35,29,6,13,7,6,2,1,1,149,67,82,1,1,0,0,0,0,0,0,0,64,36,28
594,District-Thrissur,Rural,13,294,169,125,51,40,11,14,9,5,5,1,4,152,79,73,0,0,0,1,1,0,1,0,1,70,39,31
594,District-Thrissur,Rural,14,350,192,158,71,54,17,14,9,5,5,4,1,177,80,97,2,2,0,1,1,0,1,0,1,79,42,37
594,District-Thrissur,Rural,15,531,300,231,87,67,20,23,14,9,14,10,4,320,171,149,8,5,3,3,1,2,3,0,3,73,32,41
594,District-Thrissur,Rural,16,906,539,367,205,162,43,83,61,22,22,16,6,515,253,262,12,9,3,2,2,0,0,0,0,67,36,31
594,District-Thrissur,Rural,17,1675,939,736,432,359,73,155,111,44,45,39,6,978,396,582,3,2,1,6,5,1,0,0,0,56,27,29
594,District-Thrissur,Rural,18,3384,1847,1537,996,854,142,277,213,64,74,63,11,1941,665,1276,18,11,7,10,5,5,3,2,1,65,34,31
594,District-Thrissur,Rural,19,4765,2470,2295,1479,1243,236,418,293,125,110,79,31,2666,813,1853,19,10,9,6,2,4,5,3,2,62,27,35
594,District-Thrissur,Urban,5-19,52134,27753,24381,6225,5161,1064,1455,1062,393,421,326,95,14550,5847,8703,268,190,78,105,52,53,19,14,5,29091,15101,13990
594,District-Thrissur,Urban,5,16322,8481,7841,5,4,1,4,3,1,0,0,0,311,161,150,45,27,18,25,12,13,4,2,2,15928,8272,7656
594,District-Thrissur,Urban,6,10184,5318,4866,3,3,0,2,0,2,1,0,1,413,209,204,28,16,12,21,10,11,1,1,0,9715,5079,4636
594,District-Thrissur,Urban,7,1504,776,728,8,7,1,1,0,1,1,0,1,348,170,178,3,2,1,2,1,1,0,0,0,1141,596,545
594,District-Thrissur,Urban,8,580,288,292,9,7,2,3,1,2,0,0,0,309,146,163,4,4,0,5,3,2,0,0,0,250,127,123
594,District-Thrissur,Urban,9,544,260,284,15,12,3,3,1,2,0,0,0,277,127,150,1,1,0,3,2,1,0,0,0,245,117,128
594,District-Thrissur,Urban,10,699,344,355,12,8,4,4,2,2,0,0,0,325,153,172,4,4,0,1,1,0,0,0,0,353,176,177
594,District-Thrissur,Urban,11,648,322,326,55,43,12,11,7,4,3,2,1,353,156,197,3,2,1,0,0,0,1,0,1,222,112,110
594,District-Thrissur,Urban,12,661,308,353,91,71,20,23,15,8,3,1,2,381,145,236,5,2,3,2,1,1,1,1,0,155,72,83
594,District-Thrissur,Urban,13,697,341,356,93,75,18,13,8,5,1,0,1,405,170,235,3,2,1,2,1,1,0,0,0,180,85,95
594,District-Thrissur,Urban,14,776,419,357,129,98,31,27,21,6,11,5,6,458,201,257,5,4,1,2,0,2,0,0,0,144,90,54
594,District-Thrissur,Urban,15,1104,613,491,204,156,48,46,29,17,7,6,1,645,327,318,14,9,5,2,0,2,2,2,0,184,84,100
594,District-Thrissur,Urban,16,1542,904,638,348,281,67,88,60,28,19,15,4,906,454,452,8,5,3,4,2,2,1,1,0,168,86,82
594,District-Thrissur,Urban,17,2911,1729,1182,797,663,134,178,131,47,65,56,9,1704,792,912,24,18,6,6,2,4,2,1,1,135,66,69
594,District-Thrissur,Urban,18,5610,3117,2493,1750,1457,293,432,324,108,114,88,26,3098,1121,1977,61,45,16,11,10,1,2,2,0,142,70,72
594,District-Thrissur,Urban,19,8352,4533,3819,2706,2276,430,620,460,160,196,153,43,4617,1515,3102,60,49,11,19,7,12,5,4,1,129,69,60
595,District-Ernakulam,Total,5-19,74136,40319,33817,8063,6550,1513,2154,1537,617,548,420,128,19318,8932,10386,518,366,152,195,108,87,31,18,13,43309,22388,20921
595,District-Ernakulam,Total,5,23182,12044,11138,13,9,4,3,2,1,0,0,0,454,213,241,73,36,37,41,20,21,2,2,0,22596,11762,10834
595,District-Ernakulam,Total,6,15757,8041,7716,10,5,5,2,1,1,1,1,0,579,266,313,46,26,20,38,19,19,0,0,0,15081,7723,7358
595,District-Ernakulam,Total,7,2607,1299,1308,26,15,11,8,4,4,1,0,1,637,302,335,10,6,4,7,3,4,0,0,0,1918,969,949
595,District-Ernakulam,Total,8,1099,604,495,15,6,9,3,1,2,2,2,0,592,336,256,4,2,2,3,0,3,1,0,1,479,257,222
595,District-Ernakulam,Total,9,984,516,468,17,11,6,9,6,3,0,0,0,584,301,283,3,2,1,4,1,3,0,0,0,367,195,172
595,District-Ernakulam,Total,10,1266,652,614,13,7,6,11,7,4,1,1,0,624,310,314,5,4,1,1,0,1,0,0,0,611,323,288
595,District-Ernakulam,Total,11,1109,578,531,70,50,20,21,14,7,3,1,2,641,311,330,8,5,3,4,3,1,0,0,0,362,194,168
595,District-Ernakulam,Total,12,1084,558,526,100,69,31,26,13,13,5,3,2,651,324,327,4,4,0,4,4,0,0,0,0,294,141,153
595,District-Ernakulam,Total,13,1232,581,651,151,102,49,31,18,13,6,2,4,760,314,446,10,5,5,7,3,4,0,0,0,267,137,130
595,District-Ernakulam,Total,14,1365,709,656,209,149,60,51,32,19,8,4,4,795,353,442,9,6,3,5,4,1,0,0,0,288,161,127
595,District-Ernakulam,Total,15,1731,942,789,278,208,70,103,71,32,29,23,6,1040,505,535,21,13,8,8,4,4,3,1,2,249,117,132
595,District-Ernakulam,Total,16,2190,1288,902,416,333,83,152,100,52,44,40,4,1323,678,645,28,16,12,13,8,5,1,1,0,213,112,101
595,District-Ernakulam,Total,17,3635,2204,1431,922,751,171,280,199,81,62,45,17,2100,1058,1042,37,31,6,5,3,2,4,2,2,225,115,110
595,District-Ernakulam,Total,18,6874,4276,2598,2217,1838,379,612,461,151,173,137,36,3521,1621,1900,126,104,22,29,18,11,10,6,4,186,91,95
595,District-Ernakulam,Total,19,10021,6027,3994,3606,2997,609,842,608,234,213,161,52,5017,2040,2977,134,106,28,26,18,8,10,6,4,173,91,82
595,District-Ernakulam,Rural,5-19,22077,12073,10004,2363,1906,457,742,547,195,162,120,42,5317,2481,2836,123,85,38,58,33,25,14,8,6,13298,6893,6405
595,District-Ernakulam,Rural,5,7157,3695,3462,4,3,1,1,0,1,0,0,0,130,61,69,17,6,11,10,6,4,1,1,0,6994,3618,3376
595,District-Ernakulam,Rural,6,4874,2530,2344,5,3,2,1,0,1,0,0,0,180,84,96,12,7,5,9,4,5,0,0,0,4667,2432,2235
595,District-Ernakulam,Rural,7,763,375,388,9,6,3,2,1,1,0,0,0,172,82,90,2,0,2,2,1,1,0,0,0,576,285,291
595,District-Ernakulam,Rural,8,280,161,119,9,5,4,0,0,0,0,0,0,136,79,57,1,1,0,2,0,2,0,0,0,132,76,56
595,District-Ernakulam,Rural,9,240,135,105,4,2,2,2,2,0,0,0,0,142,74,68,0,0,0,0,0,0,0,0,0,92,57,35
595,District-Ernakulam,Rural,10,335,169,166,2,1,1,3,3,0,1,1,0,152,71,81,2,1,1,1,0,1,0,0,0,174,92,82
595,District-Ernakulam,Rural,11,292,148,144,23,18,5,11,6,5,1,0,1,151,67,84,2,1,1,1,1,0,0,0,0,103,55,48
595,District-Ernakulam,Rural,12,280,144,136,32,24,8,9,4,5,1,0,1,147,70,77,0,0,0,1,1,0,0,0,0,90,45,45
595,District-Ernakulam,Rural,13,337,163,174,42,31,11,11,6,5,1,0,1,200,84,116,4,2,2,1,0,1,0,0,0,78,40,38
595,District-Ernakulam,Rural,14,343,181,162,68,49,19,18,11,7,3,1,2,171,73,98,1,1,0,3,3,0,0,0,0,79,43,36
595,District-Ernakulam,Rural,15,480,264,216,77,60,17,28,17,11,8,7,1,282,143,139,5,3,2,1,1,0,1,0,1,78,33,45
595,District-Ernakulam,Rural,16,650,377,273,119,96,23,57,41,16,12,11,1,391,190,201,3,2,1,3,1,2,0,0,0,65,36,29
595,District-Ernakulam,Rural,17,1058,644,414,280,227,53,91,66,25,20,11,9,597,302,295,8,7,1,1,1,0,1,0,1,60,30,30
595,District-Ernakulam,Rural,18,2078,1306,772,663,534,129,224,175,49,49,37,12,1031,499,532,29,24,5,13,5,8,6,3,3,63,29,34
595,District-Ernakulam,Rural,19,2910,1781,1129,1026,847,179,284,215,69,66,52,14,1435,602,833,37,30,7,10,9,1,5,4,1,47,22,25
595,District-Ernakulam,Urban,5-19,52059,28246,23813,5700,4644,1056,1412,990,422,386,300,86,14001,6451,7550,395,281,114,137,75,62,17,10,7,30011,15495,14516
595,District-Ernakulam,Urban,5,16025,8349,7676,9,6,3,2,2,0,0,0,0,324,152,172,56,30,26,31,14,17,1,1,0,15602,8144,7458
595,District-Ernakulam,Urban,6,10883,5511,5372,5,2,3,1,1,0,1,1,0,399,182,217,34,19,15,29,15,14,0,0,0,10414,5291,5123
595,District-Ernakulam,Urban,7,1844,924,920,17,9,8,6,3,3,1,0,1,465,220,245,8,6,2,5,2,3,0,0,0,1342,684,658
595,District-Ernakulam,Urban,8,819,443,376,6,1,5,3,1,2,2,2,0,456,257,199,3,1,2,1,0,1,1,0,1,347,181,166
595,District-Ernakulam,Urban,9,744,381,363,13,9,4,7,4,3,0,0,0,442,227,215,3,2,1,4,1,3,0,0,0,275,138,137
595,District-Ernakulam,Urban,10,931,483,448,11,6,5,8,4,4,0,0,0,472,239,233,3,3,0,0,0,0,0,0,0,437,231,206
595,District-Ernakulam,Urban,11,817,430,387,47,32,15,10,8,2,2,1,1,490,244,246,6,4,2,3,2,1,0,0,0,259,139,120
595,District-Ernakulam,Urban,12,804,414,390,68,45,23,17,9,8,4,3,1,504,254,250,4,4,0,3,3,0,0,0,0,204,96,108
595,District-Ernakulam,Urban,13,895,418,477,109,71,38,20,12,8,5,2,3,560,230,330,6,3,3,6,3,3,0,0,0,189,97,92
595,District-Ernakulam,Urban,14,1022,528,494,141,100,41,33,21,12,5,3,2,624,280,344,8,5,3,2,1,1,0,0,0,209,118,91
595,District-Ernakulam,Urban,15,1251,678,573,201,148,53,75,54,21,21,16,5,758,362,396,16,10,6,7,3,4,2,1,1,171,84,87
595,District-Ernakulam,Urban,16,1540,911,629,297,237,60,95,59,36,32,29,3,932,488,444,25,14,11,10,7,3,1,1,0,148,76,72
595,District-Ernakulam,Urban,17,2577,1560,1017,642,524,118,189,133,56,42,34,8,1503,756,747,29,24,5,4,2,2,3,2,1,165,85,80
595,District-Ernakulam,Urban,18,4796,2970,1826,1554,1304,250,388,286,102,124,100,24,2490,1122,1368,97,80,17,16,13,3,4,3,1,123,62,61
595,District-Ernakulam,Urban,19,7111,4246,2865,2580,2150,430,558,393,165,147,109,38,3582,1438,2144,97,76,21,16,9,7,5,2,3,126,69,57
596,District-Idukki ,Total,5-19,34710,18360,16350,4896,3348,1548,1563,1024,539,447,293,154,9279,4158,5121,389,167,222,139,72,67,97,32,65,17900,9266,8634
596,District-Idukki ,Total,5,9522,4937,4585,5,4,1,2,1,1,0,0,0,146,78,68,24,12,12,14,11,3,0,0,0,9331,4831,4500
596,District-Idukki ,Total,6,6113,3172,2941,3,2,1,4,1,3,0,0,0,219,104,115,30,13,17,14,4,10,0,0,0,5843,3048,2795
596,District-Idukki ,Total,7,1199,625,574,12,7,5,5,4,1,4,3,1,250,135,115,6,5,1,2,0,2,1,1,0,919,470,449
596,District-Idukki ,Total,8,477,244,233,6,4,2,5,2,3,1,0,1,215,103,112,0,0,0,1,0,1,0,0,0,249,135,114
596,District-Idukki ,Total,9,412,210,202,7,4,3,5,4,1,0,0,0,216,100,116,1,0,1,1,1,0,0,0,0,182,101,81
596,District-Idukki ,Total,10,596,290,306,8,3,5,5,1,4,2,2,0,259,123,136,2,0,2,1,1,0,1,0,1,318,160,158
596,District-Idukki ,Total,11,513,277,236,36,23,13,7,4,3,4,4,0,292,149,143,5,2,3,2,0,2,1,0,1,166,95,71
596,District-Idukki ,Total,12,549,267,282,52,31,21,16,10,6,8,7,1,314,142,172,7,4,3,3,2,1,6,1,5,143,70,73
596,District-Idukki ,Total,13,597,293,304,85,50,35,25,10,15,4,3,1,345,157,188,11,4,7,6,5,1,4,0,4,117,64,53
596,District-Idukki ,Total,14,704,375,329,140,90,50,33,19,14,17,11,6,377,200,177,18,7,11,7,4,3,8,3,5,104,41,63
596,District-Idukki ,Total,15,1096,595,501,233,144,89,92,60,32,21,10,11,570,288,282,31,16,15,9,2,7,7,4,3,133,71,62
596,District-Idukki ,Total,16,1452,818,634,374,245,129,100,59,41,44,28,16,770,400,370,30,13,17,7,6,1,5,2,3,122,65,57
596,District-Idukki ,Total,17,2263,1246,1017,695,457,238,216,149,67,65,41,24,1128,526,602,39,18,21,21,12,9,12,6,6,87,37,50
596,District-Idukki ,Total,18,4049,2211,1838,1393,977,416,424,284,140,124,82,42,1855,760,1095,93,43,50,23,11,12,30,11,19,107,43,64
596,District-Idukki ,Total,19,5168,2800,2368,1847,1307,540,624,416,208,153,102,51,2323,893,1430,92,30,62,28,13,15,22,4,18,79,35,44
596,District-Idukki ,Rural,5-19,33488,17738,15750,4796,3269,1527,1541,1010,531,445,292,153,9033,4056,4977,384,164,220,138,71,67,97,32,65,17054,8844,8210
596,District-Idukki ,Rural,5,9080,4712,4368,5,4,1,2,1,1,0,0,0,141,75,66,22,11,11,14,11,3,0,0,0,8896,4610,4286
596,District-Idukki ,Rural,6,5768,3003,2765,3,2,1,4,1,3,0,0,0,215,101,114,28,12,16,14,4,10,0,0,0,5504,2883,2621
596,District-Idukki ,Rural,7,1151,604,547,12,7,5,5,4,1,4,3,1,231,127,104,6,5,1,2,0,2,1,1,0,890,457,433
596,District-Idukki ,Rural,8,457,234,223,6,4,2,5,2,3,1,0,1,209,101,108,0,0,0,1,0,1,0,0,0,235,127,108
596,District-Idukki ,Rural,9,404,206,198,6,3,3,5,4,1,0,0,0,213,98,115,1,0,1,1,1,0,0,0,0,178,100,78
596,District-Idukki ,Rural,10,581,279,302,8,3,5,5,1,4,2,2,0,253,117,136,2,0,2,1,1,0,1,0,1,309,155,154
596,District-Idukki ,Rural,11,502,273,229,35,22,13,7,4,3,4,4,0,286,147,139,5,2,3,2,0,2,1,0,1,162,94,68
596,District-Idukki ,Rural,12,540,262,278,51,31,20,16,10,6,8,7,1,309,140,169,7,4,3,3,2,1,6,1,5,140,67,73
596,District-Idukki ,Rural,13,586,288,298,82,48,34,25,10,15,4,3,1,338,154,184,11,4,7,6,5,1,4,0,4,116,64,52
596,District-Idukki ,Rural,14,689,367,322,137,87,50,32,18,14,17,11,6,367,196,171,18,7,11,7,4,3,8,3,5,103,41,62
596,District-Idukki ,Rural,15,1079,585,494,229,143,86,91,59,32,21,10,11,559,280,279,31,16,15,9,2,7,7,4,3,132,71,61
596,District-Idukki ,Rural,16,1429,807,622,367,239,128,100,59,41,44,28,16,755,396,359,30,13,17,7,6,1,5,2,3,121,64,57
596,District-Idukki ,Rural,17,2225,1223,1002,687,450,237,215,149,66,64,41,23,1101,511,590,39,18,21,21,12,9,12,6,6,86,36,50
596,District-Idukki ,Rural,18,3951,2161,1790,1369,957,412,414,277,137,124,82,42,1795,740,1055,92,42,50,22,10,12,30,11,19,105,42,63
596,District-Idukki ,Rural,19,5046,2734,2312,1799,1269,530,615,411,204,152,101,51,2261,873,1388,92,30,62,28,13,15,22,4,18,77,33,44
596,District-Idukki ,Urban,5-19,1222,622,600,100,79,21,22,14,8,2,1,1,246,102,144,5,3,2,1,1,0,0,0,0,846,422,424
596,District-Idukki ,Urban,5,442,225,217,0,0,0,0,0,0,0,0,0,5,3,2,2,1,1,0,0,0,0,0,0,435,221,214
596,District-Idukki ,Urban,6,345,169,176,0,0,0,0,0,0,0,0,0,4,3,1,2,1,1,0,0,0,0,0,0,339,165,174
596,District-Idukki ,Urban,7,48,21,27,0,0,0,0,0,0,0,0,0,19,8,11,0,0,0,0,0,0,0,0,0,29,13,16
596,District-Idukki ,Urban,8,20,10,10,0,0,0,0,0,0,0,0,0,6,2,4,0,0,0,0,0,0,0,0,0,14,8,6
596,District-Idukki ,Urban,9,8,4,4,1,1,0,0,0,0,0,0,0,3,2,1,0,0,0,0,0,0,0,0,0,4,1,3
596,District-Idukki ,Urban,10,15,11,4,0,0,0,0,0,0,0,0,0,6,6,0,0,0,0,0,0,0,0,0,0,9,5,4
596,District-Idukki ,Urban,11,11,4,7,1,1,0,0,0,0,0,0,0,6,2,4,0,0,0,0,0,0,0,0,0,4,1,3
596,District-Idukki ,Urban,12,9,5,4,1,0,1,0,0,0,0,0,0,5,2,3,0,0,0,0,0,0,0,0,0,3,3,0
596,District-Idukki ,Urban,13,11,5,6,3,2,1,0,0,0,0,0,0,7,3,4,0,0,0,0,0,0,0,0,0,1,0,1
596,District-Idukki ,Urban,14,15,8,7,3,3,0,1,1,0,0,0,0,10,4,6,0,0,0,0,0,0,0,0,0,1,0,1
596,District-Idukki ,Urban,15,17,10,7,4,1,3,1,1,0,0,0,0,11,8,3,0,0,0,0,0,0,0,0,0,1,0,1
596,District-Idukki ,Urban,16,23,11,12,7,6,1,0,0,0,0,0,0,15,4,11,0,0,0,0,0,0,0,0,0,1,1,0
596,District-Idukki ,Urban,17,38,23,15,8,7,1,1,0,1,1,0,1,27,15,12,0,0,0,0,0,0,0,0,0,1,1,0
596,District-Idukki ,Urban,18,98,50,48,24,20,4,10,7,3,0,0,0,60,20,40,1,1,0,1,1,0,0,0,0,2,1,1
596,District-Idukki ,Urban,19,122,66,56,48,38,10,9,5,4,1,1,0,62,20,42,0,0,0,0,0,0,0,0,0,2,2,0
597,District-Kottayam,Total,5-19,42592,22797,19795,3549,2789,760,1177,822,355,311,240,71,10872,5318,5554,230,158,72,111,67,44,14,9,5,26328,13394,12934
597,District-Kottayam,Total,5,14091,7180,6911,11,10,1,4,3,1,0,0,0,274,135,139,33,24,9,26,10,16,1,0,1,13742,6998,6744
597,District-Kottayam,Total,6,9750,4979,4771,2,1,1,2,1,1,0,0,0,354,190,164,26,10,16,26,15,11,2,1,1,9338,4761,4577
597,District-Kottayam,Total,7,1401,680,721,9,3,6,5,3,2,0,0,0,363,163,200,9,5,4,4,4,0,1,0,1,1010,502,508
597,District-Kottayam,Total,8,558,277,281,12,4,8,7,2,5,0,0,0,310,156,154,4,3,1,0,0,0,0,0,0,225,112,113
597,District-Kottayam,Total,9,554,267,287,19,4,15,6,3,3,1,0,1,316,146,170,3,1,2,1,1,0,0,0,0,208,112,96
597,District-Kottayam,Total,10,802,379,423,13,9,4,1,0,1,0,0,0,371,170,201,4,1,3,4,2,2,0,0,0,409,197,212
597,District-Kottayam,Total,11,673,341,332,50,37,13,10,5,5,2,0,2,389,179,210,3,3,0,3,2,1,0,0,0,216,115,101
597,District-Kottayam,Total,12,599,313,286,61,39,22,15,7,8,2,1,1,350,183,167,5,4,1,4,2,2,1,0,1,161,77,84
597,District-Kottayam,Total,13,760,383,377,81,63,18,30,17,13,6,5,1,437,195,242,7,6,1,1,1,0,1,1,0,197,95,102
597,District-Kottayam,Total,14,712,400,312,93,72,21,32,19,13,4,2,2,420,217,203,5,5,0,1,0,1,1,1,0,156,84,72
597,District-Kottayam,Total,15,926,511,415,139,110,29,38,21,17,9,7,2,570,289,281,10,4,6,5,4,1,0,0,0,155,76,79
597,District-Kottayam,Total,16,1197,688,509,162,129,33,71,51,20,11,10,1,775,406,369,18,11,7,3,1,2,4,3,1,153,77,76
597,District-Kottayam,Total,17,1905,1169,736,401,313,88,156,121,35,46,38,8,1152,620,532,16,10,6,6,2,4,1,1,0,127,64,63
597,District-Kottayam,Total,18,3564,2127,1437,964,777,187,316,225,91,88,60,28,2014,949,1065,41,34,7,17,14,3,0,0,0,124,68,56
597,District-Kottayam,Total,19,5100,3103,1997,1532,1218,314,484,344,140,142,117,25,2777,1320,1457,46,37,9,10,9,1,2,2,0,107,56,51
597,District-Kottayam,Rural,5-19,30371,16292,14079,2466,1905,561,888,637,251,243,186,57,7735,3850,3885,176,125,51,84,54,30,13,8,5,18766,9527,9239
597,District-Kottayam,Rural,5,10063,5113,4950,7,7,0,4,3,1,0,0,0,196,99,97,26,21,5,19,8,11,1,0,1,9810,4975,4835
597,District-Kottayam,Rural,6,6905,3505,3400,1,0,1,2,1,1,0,0,0,272,148,124,21,8,13,12,8,4,2,1,1,6595,3339,3256
597,District-Kottayam,Rural,7,1011,493,518,6,2,4,3,2,1,0,0,0,263,120,143,7,4,3,2,2,0,1,0,1,729,363,366
597,District-Kottayam,Rural,8,421,211,210,12,4,8,6,2,4,0,0,0,236,121,115,3,2,1,0,0,0,0,0,0,164,82,82
597,District-Kottayam,Rural,9,400,207,193,19,4,15,5,3,2,1,0,1,226,112,114,2,1,1,1,1,0,0,0,0,146,86,60
597,District-Kottayam,Rural,10,578,271,307,11,8,3,1,0,1,0,0,0,270,125,145,3,1,2,4,2,2,0,0,0,289,135,154
597,District-Kottayam,Rural,11,487,254,233,41,30,11,8,4,4,2,0,2,275,132,143,2,2,0,3,2,1,0,0,0,156,84,72
597,District-Kottayam,Rural,12,432,225,207,39,24,15,11,7,4,2,1,1,253,129,124,4,3,1,4,2,2,1,0,1,118,59,59
597,District-Kottayam,Rural,13,555,276,279,61,48,13,24,13,11,4,3,1,315,137,178,6,5,1,1,1,0,0,0,0,144,69,75
597,District-Kottayam,Rural,14,520,294,226,71,55,16,22,14,8,3,1,2,297,153,144,4,4,0,1,0,1,1,1,0,121,66,55
597,District-Kottayam,Rural,15,669,392,277,101,82,19,23,16,7,8,6,2,407,220,187,7,2,5,4,3,1,0,0,0,119,63,56
597,District-Kottayam,Rural,16,851,495,356,109,87,22,54,38,16,7,6,1,556,296,260,14,8,6,3,1,2,4,3,1,104,56,48
597,District-Kottayam,Rural,17,1377,855,522,272,210,62,121,94,27,34,28,6,835,460,375,11,7,4,5,1,4,1,1,0,98,54,44
597,District-Kottayam,Rural,18,2540,1529,1011,659,523,136,232,173,59,71,48,23,1439,693,746,30,27,3,15,14,1,0,0,0,94,51,43
597,District-Kottayam,Rural,19,3562,2172,1390,1057,821,236,372,267,105,111,93,18,1895,905,990,36,30,6,10,9,1,2,2,0,79,45,34
597,District-Kottayam,Urban,5-19,12221,6505,5716,1083,884,199,289,185,104,68,54,14,3137,1468,1669,54,33,21,27,13,14,1,1,0,7562,3867,3695
597,District-Kottayam,Urban,5,4028,2067,1961,4,3,1,0,0,0,0,0,0,78,36,42,7,3,4,7,2,5,0,0,0,3932,2023,1909
597,District-Kottayam,Urban,6,2845,1474,1371,1,1,0,0,0,0,0,0,0,82,42,40,5,2,3,14,7,7,0,0,0,2743,1422,1321
597,District-Kottayam,Urban,7,390,187,203,3,1,2,2,1,1,0,0,0,100,43,57,2,1,1,2,2,0,0,0,0,281,139,142
597,District-Kottayam,Urban,8,137,66,71,0,0,0,1,0,1,0,0,0,74,35,39,1,1,0,0,0,0,0,0,0,61,30,31
597,District-Kottayam,Urban,9,154,60,94,0,0,0,1,0,1,0,0,0,90,34,56,1,0,1,0,0,0,0,0,0,62,26,36
597,District-Kottayam,Urban,10,224,108,116,2,1,1,0,0,0,0,0,0,101,45,56,1,0,1,0,0,0,0,0,0,120,62,58
597,District-Kottayam,Urban,11,186,87,99,9,7,2,2,1,1,0,0,0,114,47,67,1,1,0,0,0,0,0,0,0,60,31,29
597,District-Kottayam,Urban,12,167,88,79,22,15,7,4,0,4,0,0,0,97,54,43,1,1,0,0,0,0,0,0,0,43,18,25
597,District-Kottayam,Urban,13,205,107,98,20,15,5,6,4,2,2,2,0,122,58,64,1,1,0,0,0,0,1,1,0,53,26,27
597,District-Kottayam,Urban,14,192,106,86,22,17,5,10,5,5,1,1,0,123,64,59,1,1,0,0,0,0,0,0,0,35,18,17
597,District-Kottayam,Urban,15,257,119,138,38,28,10,15,5,10,1,1,0,163,69,94,3,2,1,1,1,0,0,0,0,36,13,23
597,District-Kottayam,Urban,16,346,193,153,53,42,11,17,13,4,4,4,0,219,110,109,4,3,1,0,0,0,0,0,0,49,21,28
597,District-Kottayam,Urban,17,528,314,214,129,103,26,35,27,8,12,10,2,317,160,157,5,3,2,1,1,0,0,0,0,29,10,19
597,District-Kottayam,Urban,18,1024,598,426,305,254,51,84,52,32,17,12,5,575,256,319,11,7,4,2,0,2,0,0,0,30,17,13
597,District-Kottayam,Urban,19,1538,931,607,475,397,78,112,77,35,31,24,7,882,415,467,10,7,3,0,0,0,0,0,0,28,11,17
598,District-Alappuzha,Total,5-19,55949,29595,26354,4099,3030,1069,1943,1213,730,519,371,148,18139,8682,9457,293,177,116,173,86,87,13,7,6,30770,16029,14741
598,District-Alappuzha,Total,5,16424,8575,7849,11,7,4,6,2,4,2,1,1,302,140,162,69,40,29,50,24,26,3,1,2,15981,8360,7621
598,District-Alappuzha,Total,6,10943,5646,5297,8,5,3,4,3,1,2,0,2,422,202,220,51,23,28,32,16,16,2,2,0,10422,5395,5027
598,District-Alappuzha,Total,7,1972,1021,951,22,17,5,3,3,0,2,2,0,554,276,278,10,2,8,12,4,8,0,0,0,1369,717,652
598,District-Alappuzha,Total,8,957,491,466,19,10,9,9,4,5,2,1,1,562,286,276,2,2,0,3,0,3,0,0,0,360,188,172
598,District-Alappuzha,Total,9,819,397,422,21,14,7,4,3,1,0,0,0,515,250,265,5,1,4,3,1,2,0,0,0,271,128,143
598,District-Alappuzha,Total,10,1164,603,561,25,12,13,8,5,3,1,0,1,585,317,268,3,2,1,1,1,0,0,0,0,541,266,275
598,District-Alappuzha,Total,11,1011,513,498,57,38,19,20,10,10,7,5,2,621,298,323,4,3,1,5,3,2,1,0,1,296,156,140
598,District-Alappuzha,Total,12,942,480,462,75,58,17,28,14,14,8,4,4,598,284,314,6,5,1,3,1,2,0,0,0,224,114,110
598,District-Alappuzha,Total,13,1024,525,499,104,70,34,43,25,18,5,2,3,637,314,323,5,4,1,3,0,3,0,0,0,227,110,117
598,District-Alappuzha,Total,14,1040,546,494,128,95,33,44,24,20,11,6,5,642,292,350,10,9,1,1,1,0,0,0,0,204,119,85
598,District-Alappuzha,Total,15,1366,751,615,174,116,58,81,47,34,25,17,8,876,462,414,9,5,4,9,2,7,0,0,0,192,102,90
598,District-Alappuzha,Total,16,1783,1025,758,219,162,57,128,79,49,28,22,6,1182,619,563,17,10,7,6,4,2,1,0,1,202,129,73
598,District-Alappuzha,Total,17,3135,1739,1396,488,355,133,244,160,84,71,49,22,2129,1069,1060,25,15,10,12,6,6,1,0,1,165,85,80
598,District-Alappuzha,Total,18,5655,3154,2501,1135,866,269,521,319,202,131,102,29,3651,1750,1901,42,31,11,18,13,5,1,1,0,156,72,84
598,District-Alappuzha,Total,19,7714,4129,3585,1613,1205,408,800,515,285,224,160,64,4863,2123,2740,35,25,10,15,10,5,4,3,1,160,88,72
598,District-Alappuzha,Rural,5-19,26259,13868,12391,1861,1370,491,894,563,331,227,158,69,8535,4047,4488,132,78,54,88,47,41,9,6,3,14513,7599,6914
598,District-Alappuzha,Rural,5,7721,4019,3702,6,3,3,3,1,2,2,1,1,149,67,82,35,20,15,26,13,13,2,1,1,7498,3913,3585
598,District-Alappuzha,Rural,6,5137,2689,2448,3,1,2,1,0,1,0,0,0,187,95,92,30,8,22,15,10,5,1,1,0,4900,2574,2326
598,District-Alappuzha,Rural,7,904,462,442,4,3,1,1,1,0,1,1,0,274,131,143,3,0,3,6,2,4,0,0,0,615,324,291
598,District-Alappuzha,Rural,8,501,261,240,3,3,0,6,3,3,1,1,0,299,146,153,1,1,0,2,0,2,0,0,0,189,107,82
598,District-Alappuzha,Rural,9,418,187,231,5,4,1,3,2,1,0,0,0,268,120,148,3,1,2,1,1,0,0,0,0,138,59,79
598,District-Alappuzha,Rural,10,586,305,281,8,4,4,6,5,1,0,0,0,296,159,137,0,0,0,0,0,0,0,0,0,276,137,139
598,District-Alappuzha,Rural,11,523,256,267,25,16,9,14,7,7,3,2,1,329,149,180,2,2,0,3,2,1,0,0,0,147,78,69
598,District-Alappuzha,Rural,12,460,251,209,39,35,4,14,7,7,2,0,2,300,154,146,2,2,0,1,1,0,0,0,0,102,52,50
598,District-Alappuzha,Rural,13,487,238,249,39,27,12,20,10,10,3,2,1,312,149,163,1,1,0,3,0,3,0,0,0,109,49,60
598,District-Alappuzha,Rural,14,509,262,247,58,45,13,27,11,16,4,1,3,310,138,172,8,7,1,1,1,0,0,0,0,101,59,42
598,District-Alappuzha,Rural,15,673,364,309,89,52,37,44,22,22,12,8,4,423,226,197,4,3,1,4,1,3,0,0,0,97,52,45
598,District-Alappuzha,Rural,16,840,476,364,100,75,25,59,37,22,7,6,1,551,281,270,6,5,1,2,2,0,1,0,1,114,70,44
598,District-Alappuzha,Rural,17,1415,784,631,230,159,71,93,67,26,32,21,11,962,479,483,7,5,2,7,5,2,0,0,0,84,48,36
598,District-Alappuzha,Rural,18,2558,1430,1128,520,391,129,244,153,91,59,47,12,1638,786,852,20,15,5,8,4,4,1,1,0,68,33,35
598,District-Alappuzha,Rural,19,3527,1884,1643,732,552,180,359,237,122,101,68,33,2237,967,1270,10,8,2,9,5,4,4,3,1,75,44,31
598,District-Alappuzha,Urban,5-19,29690,15727,13963,2238,1660,578,1049,650,399,292,213,79,9604,4635,4969,161,99,62,85,39,46,4,1,3,16257,8430,7827
598,District-Alappuzha,Urban,5,8703,4556,4147,5,4,1,3,1,2,0,0,0,153,73,80,34,20,14,24,11,13,1,0,1,8483,4447,4036
598,District-Alappuzha,Urban,6,5806,2957,2849,5,4,1,3,3,0,2,0,2,235,107,128,21,15,6,17,6,11,1,1,0,5522,2821,2701
598,District-Alappuzha,Urban,7,1068,559,509,18,14,4,2,2,0,1,1,0,280,145,135,7,2,5,6,2,4,0,0,0,754,393,361
598,District-Alappuzha,Urban,8,456,230,226,16,7,9,3,1,2,1,0,1,263,140,123,1,1,0,1,0,1,0,0,0,171,81,90
598,District-Alappuzha,Urban,9,401,210,191,16,10,6,1,1,0,0,0,0,247,130,117,2,0,2,2,0,2,0,0,0,133,69,64
598,District-Alappuzha,Urban,10,578,298,280,17,8,9,2,0,2,1,0,1,289,158,131,3,2,1,1,1,0,0,0,0,265,129,136
598,District-Alappuzha,Urban,11,488,257,231,32,22,10,6,3,3,4,3,1,292,149,143,2,1,1,2,1,1,1,0,1,149,78,71
598,District-Alappuzha,Urban,12,482,229,253,36,23,13,14,7,7,6,4,2,298,130,168,4,3,1,2,0,2,0,0,0,122,62,60
598,District-Alappuzha,Urban,13,537,287,250,65,43,22,23,15,8,2,0,2,325,165,160,4,3,1,0,0,0,0,0,0,118,61,57
598,District-Alappuzha,Urban,14,531,284,247,70,50,20,17,13,4,7,5,2,332,154,178,2,2,0,0,0,0,0,0,0,103,60,43
598,District-Alappuzha,Urban,15,693,387,306,85,64,21,37,25,12,13,9,4,453,236,217,5,2,3,5,1,4,0,0,0,95,50,45
598,District-Alappuzha,Urban,16,943,549,394,119,87,32,69,42,27,21,16,5,631,338,293,11,5,6,4,2,2,0,0,0,88,59,29
598,District-Alappuzha,Urban,17,1720,955,765,258,196,62,151,93,58,39,28,11,1167,590,577,18,10,8,5,1,4,1,0,1,81,37,44
598,District-Alappuzha,Urban,18,3097,1724,1373,615,475,140,277,166,111,72,55,17,2013,964,1049,22,16,6,10,9,1,0,0,0,88,39,49
598,District-Alappuzha,Urban,19,4187,2245,1942,881,653,228,441,278,163,123,92,31,2626,1156,1470,25,17,8,6,5,1,0,0,0,85,44,41
599,District-Pathanamthitta,Total,5-19,27644,14571,13073,1756,1350,406,938,626,312,226,160,66,8495,4155,4340,113,74,39,80,34,46,10,6,4,16026,8166,7860
599,District-Pathanamthitta,Total,5,8717,4369,4348,2,1,1,3,0,3,0,0,0,215,112,103,23,12,11,21,8,13,1,0,1,8452,4236,4216
599,District-Pathanamthitta,Total,6,5769,2935,2834,1,1,0,2,0,2,0,0,0,253,123,130,16,6,10,18,7,11,0,0,0,5479,2798,2681
599,District-Pathanamthitta,Total,7,902,485,417,4,3,1,3,3,0,0,0,0,312,153,159,4,3,1,2,0,2,0,0,0,577,323,254
599,District-Pathanamthitta,Total,8,431,218,213,3,1,2,2,0,2,0,0,0,253,128,125,4,2,2,4,1,3,0,0,0,165,86,79
599,District-Pathanamthitta,Total,9,410,215,195,6,5,1,4,3,1,1,0,1,250,132,118,3,1,2,3,1,2,0,0,0,143,73,70
599,District-Pathanamthitta,Total,10,540,276,264,5,2,3,6,2,4,0,0,0,282,141,141,1,1,0,4,3,1,0,0,0,242,127,115
599,District-Pathanamthitta,Total,11,455,238,217,25,20,5,13,6,7,0,0,0,267,127,140,2,2,0,2,2,0,0,0,0,146,81,65
599,District-Pathanamthitta,Total,12,499,262,237,52,44,8,10,5,5,7,5,2,309,143,166,1,1,0,0,0,0,1,1,0,119,63,56
599,District-Pathanamthitta,Total,13,514,253,261,37,25,12,15,9,6,3,0,3,338,163,175,1,1,0,1,0,1,0,0,0,119,55,64
599,District-Pathanamthitta,Total,14,504,250,254,46,37,9,23,12,11,4,1,3,338,153,185,1,1,0,2,0,2,0,0,0,90,46,44
599,District-Pathanamthitta,Total,15,658,342,316,75,53,22,48,33,15,7,4,3,396,175,221,9,7,2,3,1,2,0,0,0,120,69,51
599,District-Pathanamthitta,Total,16,892,498,394,97,71,26,58,36,22,11,9,2,610,315,295,9,8,1,3,1,2,3,2,1,101,56,45
599,District-Pathanamthitta,Total,17,1452,827,625,210,160,50,133,97,36,33,25,8,964,482,482,5,4,1,2,1,1,0,0,0,105,58,47
599,District-Pathanamthitta,Total,18,2412,1357,1055,478,367,111,230,153,77,66,50,16,1523,723,800,15,11,4,6,3,3,1,0,1,93,50,43
599,District-Pathanamthitta,Total,19,3489,2046,1443,715,560,155,388,267,121,94,66,28,2185,1085,1100,19,14,5,9,6,3,4,3,1,75,45,30
599,District-Pathanamthitta,Rural,5-19,24734,13053,11681,1563,1201,362,859,565,294,206,146,60,7654,3760,3894,94,63,31,72,31,41,10,6,4,14276,7281,6995
599,District-Pathanamthitta,Rural,5,7797,3907,3890,2,1,1,3,0,3,0,0,0,187,99,88,20,9,11,18,7,11,1,0,1,7566,3791,3775
599,District-Pathanamthitta,Rural,6,5135,2615,2520,1,1,0,2,0,2,0,0,0,233,110,123,16,6,10,18,7,11,0,0,0,4865,2491,2374
599,District-Pathanamthitta,Rural,7,812,438,374,3,3,0,3,3,0,0,0,0,283,137,146,4,3,1,1,0,1,0,0,0,518,292,226
599,District-Pathanamthitta,Rural,8,388,196,192,3,1,2,2,0,2,0,0,0,231,117,114,3,2,1,3,1,2,0,0,0,146,75,71
599,District-Pathanamthitta,Rural,9,356,190,166,6,5,1,3,2,1,1,0,1,216,112,104,2,1,1,2,0,2,0,0,0,126,70,56
599,District-Pathanamthitta,Rural,10,466,242,224,5,2,3,6,2,4,0,0,0,235,122,113,1,1,0,3,2,1,0,0,0,216,113,103
599,District-Pathanamthitta,Rural,11,406,220,186,23,19,4,12,6,6,0,0,0,236,115,121,2,2,0,2,2,0,0,0,0,131,76,55
599,District-Pathanamthitta,Rural,12,449,234,215,44,37,7,10,5,5,6,4,2,279,129,150,0,0,0,0,0,0,1,1,0,109,58,51
599,District-Pathanamthitta,Rural,13,458,223,235,33,22,11,15,9,6,3,0,3,300,143,157,1,1,0,1,0,1,0,0,0,105,48,57
599,District-Pathanamthitta,Rural,14,461,234,227,44,36,8,19,10,9,4,1,3,310,145,165,1,1,0,2,0,2,0,0,0,81,41,40
599,District-Pathanamthitta,Rural,15,578,302,276,61,41,20,44,31,13,7,4,3,349,155,194,6,6,0,2,1,1,0,0,0,109,64,45
599,District-Pathanamthitta,Rural,16,777,434,343,91,68,23,55,33,22,9,7,2,527,272,255,6,6,0,3,1,2,3,2,1,83,45,38
599,District-Pathanamthitta,Rural,17,1309,741,568,183,138,45,123,89,34,31,23,8,886,448,438,4,4,0,2,1,1,0,0,0,80,38,42
599,District-Pathanamthitta,Rural,18,2183,1227,956,423,324,99,204,132,72,57,44,13,1402,675,727,12,9,3,6,3,3,1,0,1,78,40,38
599,District-Pathanamthitta,Rural,19,3159,1850,1309,641,503,138,358,243,115,88,63,25,1980,981,999,16,12,4,9,6,3,4,3,1,63,39,24
599,District-Pathanamthitta,Urban,5-19,2910,1518,1392,193,149,44,79,61,18,20,14,6,841,395,446,19,11,8,8,3,5,0,0,0,1750,885,865
599,District-Pathanamthitta,Urban,5,920,462,458,0,0,0,0,0,0,0,0,0,28,13,15,3,3,0,3,1,2,0,0,0,886,445,441
599,District-Pathanamthitta,Urban,6,634,320,314,0,0,0,0,0,0,0,0,0,20,13,7,0,0,0,0,0,0,0,0,0,614,307,307
599,District-Pathanamthitta,Urban,7,90,47,43,1,0,1,0,0,0,0,0,0,29,16,13,0,0,0,1,0,1,0,0,0,59,31,28
599,District-Pathanamthitta,Urban,8,43,22,21,0,0,0,0,0,0,0,0,0,22,11,11,1,0,1,1,0,1,0,0,0,19,11,8
599,District-Pathanamthitta,Urban,9,54,25,29,0,0,0,1,1,0,0,0,0,34,20,14,1,0,1,1,1,0,0,0,0,17,3,14
599,District-Pathanamthitta,Urban,10,74,34,40,0,0,0,0,0,0,0,0,0,47,19,28,0,0,0,1,1,0,0,0,0,26,14,12
599,District-Pathanamthitta,Urban,11,49,18,31,2,1,1,1,0,1,0,0,0,31,12,19,0,0,0,0,0,0,0,0,0,15,5,10
599,District-Pathanamthitta,Urban,12,50,28,22,8,7,1,0,0,0,1,1,0,30,14,16,1,1,0,0,0,0,0,0,0,10,5,5
599,District-Pathanamthitta,Urban,13,56,30,26,4,3,1,0,0,0,0,0,0,38,20,18,0,0,0,0,0,0,0,0,0,14,7,7
599,District-Pathanamthitta,Urban,14,43,16,27,2,1,1,4,2,2,0,0,0,28,8,20,0,0,0,0,0,0,0,0,0,9,5,4
599,District-Pathanamthitta,Urban,15,80,40,40,14,12,2,4,2,2,0,0,0,47,20,27,3,1,2,1,0,1,0,0,0,11,5,6
599,District-Pathanamthitta,Urban,16,115,64,51,6,3,3,3,3,0,2,2,0,83,43,40,3,2,1,0,0,0,0,0,0,18,11,7
599,District-Pathanamthitta,Urban,17,143,86,57,27,22,5,10,8,2,2,2,0,78,34,44,1,0,1,0,0,0,0,0,0,25,20,5
599,District-Pathanamthitta,Urban,18,229,130,99,55,43,12,26,21,5,9,6,3,121,48,73,3,2,1,0,0,0,0,0,0,15,10,5
599,District-Pathanamthitta,Urban,19,330,196,134,74,57,17,30,24,6,6,3,3,205,104,101,3,2,1,0,0,0,0,0,0,12,6,6
600,District-Kollam,Total,5-19,82432,42441,39991,7245,5314,1931,3122,2107,1015,738,544,194,27419,11924,15495,264,166,98,158,88,70,14,12,2,43472,22286,21186
600,District-Kollam,Total,5,22946,11731,11215,14,11,3,6,2,4,0,0,0,370,178,192,51,30,21,50,24,26,1,1,0,22454,11485,10969
600,District-Kollam,Total,6,15653,8005,7648,9,6,3,5,4,1,1,1,0,580,289,291,45,21,24,29,13,16,1,1,0,14983,7670,7313
600,District-Kollam,Total,7,2772,1433,1339,15,9,6,17,9,8,0,0,0,705,366,339,10,6,4,5,3,2,0,0,0,2020,1040,980
600,District-Kollam,Total,8,1231,600,631,28,12,16,12,7,5,1,1,0,660,315,345,7,6,1,2,0,2,0,0,0,521,259,262
600,District-Kollam,Total,9,1073,569,504,17,14,3,6,4,2,1,1,0,637,327,310,4,4,0,4,3,1,0,0,0,404,216,188
600,District-Kollam,Total,10,1274,649,625,22,11,11,16,5,11,0,0,0,635,314,321,5,2,3,5,3,2,0,0,0,591,314,277
600,District-Kollam,Total,11,1139,588,551,55,45,10,20,10,10,1,1,0,688,328,360,5,3,2,4,2,2,0,0,0,366,199,167
600,District-Kollam,Total,12,1195,577,618,88,60,28,36,24,12,10,6,4,729,319,410,4,2,2,3,2,1,0,0,0,325,164,161
600,District-Kollam,Total,13,1348,670,678,134,104,30,58,37,21,5,3,2,844,362,482,3,2,1,1,1,0,0,0,0,303,161,142
600,District-Kollam,Total,14,1368,727,641,160,114,46,60,39,21,15,13,2,841,410,431,7,3,4,5,3,2,0,0,0,280,145,135
600,District-Kollam,Total,15,2160,1192,968,320,228,92,109,75,34,21,18,3,1391,705,686,21,15,6,2,0,2,1,1,0,295,150,145
600,District-Kollam,Total,16,3058,1605,1453,473,312,161,220,146,74,55,36,19,2026,961,1065,13,10,3,10,8,2,2,2,0,259,130,129
600,District-Kollam,Total,17,5344,2906,2438,1014,721,293,487,324,163,109,80,29,3476,1644,1832,19,5,14,9,7,2,1,1,0,229,124,105
600,District-Kollam,Total,18,9325,4931,4394,2067,1534,533,887,624,263,210,153,57,5877,2457,3420,33,27,6,13,9,4,2,2,0,236,125,111
600,District-Kollam,Total,19,12546,6258,6288,2829,2133,696,1183,797,386,309,231,78,7960,2949,5011,37,30,7,16,10,6,6,4,2,206,104,102
600,District-Kollam,Rural,5-19,44289,22971,21318,3881,2870,1011,1790,1223,567,474,351,123,14444,6329,8115,143,85,58,98,59,39,14,12,2,23445,12042,11403
600,District-Kollam,Rural,5,12630,6435,6195,12,9,3,5,1,4,0,0,0,192,94,98,27,14,13,33,19,14,1,1,0,12360,6297,6063
600,District-Kollam,Rural,6,8386,4333,4053,4,3,1,4,3,1,0,0,0,302,145,157,25,13,12,19,10,9,1,1,0,8031,4158,3873
600,District-Kollam,Rural,7,1452,753,699,7,5,2,9,5,4,0,0,0,374,186,188,5,2,3,2,1,1,0,0,0,1055,554,501
600,District-Kollam,Rural,8,633,307,326,18,6,12,5,2,3,1,1,0,348,171,177,4,3,1,2,0,2,0,0,0,255,124,131
600,District-Kollam,Rural,9,519,277,242,8,6,2,3,2,1,0,0,0,319,169,150,2,2,0,2,2,0,0,0,0,185,96,89
600,District-Kollam,Rural,10,657,330,327,12,6,6,7,2,5,0,0,0,340,171,169,3,1,2,3,2,1,0,0,0,292,148,144
600,District-Kollam,Rural,11,593,310,283,33,25,8,12,7,5,1,1,0,361,179,182,1,0,1,1,1,0,0,0,0,184,97,87
600,District-Kollam,Rural,12,603,303,300,39,27,12,20,15,5,6,4,2,363,155,208,4,2,2,2,1,1,0,0,0,169,99,70
600,District-Kollam,Rural,13,701,341,360,68,54,14,30,19,11,5,3,2,450,186,264,3,2,1,1,1,0,0,0,0,144,76,68
600,District-Kollam,Rural,14,689,370,319,81,59,22,36,22,14,13,11,2,425,203,222,3,2,1,2,1,1,0,0,0,129,72,57
600,District-Kollam,Rural,15,1150,621,529,181,129,52,66,44,22,17,14,3,718,355,363,10,5,5,2,0,2,1,1,0,155,73,82
600,District-Kollam,Rural,16,1647,858,789,240,157,83,122,79,43,33,22,11,1099,518,581,11,8,3,7,6,1,2,2,0,133,66,67
600,District-Kollam,Rural,17,2853,1579,1274,506,362,144,277,187,90,71,50,21,1865,906,959,8,1,7,7,5,2,1,1,0,118,67,51
600,District-Kollam,Rural,18,5029,2712,2317,1146,862,284,496,350,146,129,94,35,3111,1325,1786,19,15,4,7,5,2,2,2,0,119,59,60
600,District-Kollam,Rural,19,6747,3442,3305,1526,1160,366,698,485,213,198,151,47,4177,1566,2611,18,15,3,8,5,3,6,4,2,116,56,60
600,District-Kollam,Urban,5-19,38143,19470,18673,3364,2444,920,1332,884,448,264,193,71,12975,5595,7380,121,81,40,60,29,31,0,0,0,20027,10244,9783
600,District-Kollam,Urban,5,10316,5296,5020,2,2,0,1,1,0,0,0,0,178,84,94,24,16,8,17,5,12,0,0,0,10094,5188,4906
600,District-Kollam,Urban,6,7267,3672,3595,5,3,2,1,1,0,1,1,0,278,144,134,20,8,12,10,3,7,0,0,0,6952,3512,3440
600,District-Kollam,Urban,7,1320,680,640,8,4,4,8,4,4,0,0,0,331,180,151,5,4,1,3,2,1,0,0,0,965,486,479
600,District-Kollam,Urban,8,598,293,305,10,6,4,7,5,2,0,0,0,312,144,168,3,3,0,0,0,0,0,0,0,266,135,131
600,District-Kollam,Urban,9,554,292,262,9,8,1,3,2,1,1,1,0,318,158,160,2,2,0,2,1,1,0,0,0,219,120,99
600,District-Kollam,Urban,10,617,319,298,10,5,5,9,3,6,0,0,0,295,143,152,2,1,1,2,1,1,0,0,0,299,166,133
600,District-Kollam,Urban,11,546,278,268,22,20,2,8,3,5,0,0,0,327,149,178,4,3,1,3,1,2,0,0,0,182,102,80
600,District-Kollam,Urban,12,592,274,318,49,33,16,16,9,7,4,2,2,366,164,202,0,0,0,1,1,0,0,0,0,156,65,91
600,District-Kollam,Urban,13,647,329,318,66,50,16,28,18,10,0,0,0,394,176,218,0,0,0,0,0,0,0,0,0,159,85,74
600,District-Kollam,Urban,14,679,357,322,79,55,24,24,17,7,2,2,0,416,207,209,4,1,3,3,2,1,0,0,0,151,73,78
600,District-Kollam,Urban,15,1010,571,439,139,99,40,43,31,12,4,4,0,673,350,323,11,10,1,0,0,0,0,0,0,140,77,63
600,District-Kollam,Urban,16,1411,747,664,233,155,78,98,67,31,22,14,8,927,443,484,2,2,0,3,2,1,0,0,0,126,64,62
600,District-Kollam,Urban,17,2491,1327,1164,508,359,149,210,137,73,38,30,8,1611,738,873,11,4,7,2,2,0,0,0,0,111,57,54
600,District-Kollam,Urban,18,4296,2219,2077,921,672,249,391,274,117,81,59,22,2766,1132,1634,14,12,2,6,4,2,0,0,0,117,66,51
600,District-Kollam,Urban,19,5799,2816,2983,1303,973,330,485,312,173,111,80,31,3783,1383,2400,19,15,4,8,5,3,0,0,0,90,48,42
601,District-Thiruvananthapuram,Total,5-19,95787,49854,45933,11634,9360,2274,5079,3398,1681,1191,870,321,33196,13346,19850,472,302,170,338,172,166,47,27,20,43830,22379,21451
601,District-Thiruvananthapuram,Total,5,23255,11868,11387,19,15,4,8,5,3,0,0,0,524,250,274,102,58,44,104,49,55,12,8,4,22486,11483,11003
601,District-Thiruvananthapuram,Total,6,14914,7641,7273,20,10,10,13,6,7,1,1,0,662,307,355,77,47,30,55,28,27,5,0,5,14081,7242,6839
601,District-Thiruvananthapuram,Total,7,3035,1530,1505,32,15,17,17,11,6,0,0,0,818,391,427,17,9,8,18,10,8,1,0,1,2132,1094,1038
601,District-Thiruvananthapuram,Total,8,1402,696,706,27,14,13,17,11,6,2,1,1,741,364,377,8,3,5,2,0,2,1,1,0,604,302,302
601,District-Thiruvananthapuram,Total,9,1295,645,650,33,20,13,28,9,19,1,0,1,739,367,372,2,1,1,8,3,5,1,1,0,483,244,239
601,District-Thiruvananthapuram,Total,10,1744,877,867,29,19,10,22,7,15,1,1,0,777,392,385,9,7,2,7,5,2,1,0,1,898,446,452
601,District-Thiruvananthapuram,Total,11,1622,839,783,106,79,27,45,19,26,10,5,5,937,460,477,11,7,4,7,3,4,1,1,0,505,265,240
601,District-Thiruvananthapuram,Total,12,1629,786,843,175,129,46,62,34,28,18,12,6,1006,419,587,8,5,3,7,2,5,0,0,0,353,185,168
601,District-Thiruvananthapuram,Total,13,1680,828,852,174,116,58,85,49,36,17,12,5,1047,467,580,7,1,6,6,1,5,1,1,0,343,181,162
601,District-Thiruvananthapuram,Total,14,1947,1020,927,253,201,52,100,64,36,24,15,9,1204,547,657,12,7,5,2,1,1,0,0,0,352,185,167
601,District-Thiruvananthapuram,Total,15,2761,1481,1280,401,300,101,203,129,74,40,26,14,1732,824,908,32,21,11,18,8,10,2,1,1,333,172,161
601,District-Thiruvananthapuram,Total,16,4293,2457,1836,812,623,189,415,284,131,122,95,27,2582,1274,1308,29,21,8,12,7,5,3,1,2,318,152,166
601,District-Thiruvananthapuram,Total,17,7398,4133,3265,1739,1405,334,884,601,283,197,153,44,4203,1805,2398,31,18,13,20,9,11,4,2,2,320,140,180
601,District-Thiruvananthapuram,Total,18,12589,6646,5943,3211,2600,611,1399,961,438,342,240,102,7214,2629,4585,62,46,16,31,19,12,6,4,2,324,147,177
601,District-Thiruvananthapuram,Total,19,16223,8407,7816,4603,3814,789,1781,1208,573,416,309,107,9010,2850,6160,65,51,14,41,27,14,9,7,2,298,141,157
601,District-Thiruvananthapuram,Rural,5-19,49885,25847,24038,6358,5054,1304,2876,1948,928,728,514,214,17006,6660,10346,219,139,80,174,94,80,26,14,12,22498,11424,11074
601,District-Thiruvananthapuram,Rural,5,11948,6077,5871,6,6,0,6,4,2,0,0,0,248,116,132,48,23,25,52,26,26,5,3,2,11583,5899,5684
601,District-Thiruvananthapuram,Rural,6,7590,3839,3751,5,2,3,10,5,5,1,1,0,310,145,165,40,22,18,21,11,10,2,0,2,7201,3653,3548
601,District-Thiruvananthapuram,Rural,7,1531,795,736,14,6,8,8,5,3,0,0,0,380,180,200,6,3,3,7,4,3,1,0,1,1115,597,518
601,District-Thiruvananthapuram,Rural,8,668,312,356,13,9,4,13,8,5,1,0,1,327,147,180,4,2,2,0,0,0,1,1,0,309,145,164
601,District-Thiruvananthapuram,Rural,9,592,301,291,18,12,6,12,4,8,0,0,0,324,163,161,1,1,0,4,1,3,0,0,0,233,120,113
601,District-Thiruvananthapuram,Rural,10,815,408,407,16,11,5,8,3,5,0,0,0,345,170,175,2,1,1,3,2,1,0,0,0,441,221,220
601,District-Thiruvananthapuram,Rural,11,753,394,359,44,34,10,19,6,13,6,3,3,411,202,209,4,4,0,3,2,1,1,1,0,265,142,123
601,District-Thiruvananthapuram,Rural,12,784,380,404,76,56,20,34,20,14,14,9,5,467,194,273,3,2,1,5,1,4,0,0,0,185,98,87
601,District-Thiruvananthapuram,Rural,13,783,375,408,84,50,34,44,24,20,9,6,3,465,203,262,4,1,3,3,1,2,0,0,0,174,90,84
601,District-Thiruvananthapuram,Rural,14,964,508,456,121,99,22,59,37,22,12,7,5,592,273,319,5,3,2,2,1,1,0,0,0,173,88,85
601,District-Thiruvananthapuram,Rural,15,1442,767,675,227,162,65,114,73,41,24,16,8,881,414,467,16,10,6,10,6,4,2,1,1,168,85,83
601,District-Thiruvananthapuram,Rural,16,2300,1316,984,434,328,106,240,164,76,81,59,22,1354,674,680,12,8,4,9,4,5,2,0,2,168,79,89
601,District-Thiruvananthapuram,Rural,17,4039,2256,1783,1013,803,210,513,346,167,130,96,34,2184,925,1259,17,11,6,7,2,5,1,1,0,174,72,102
601,District-Thiruvananthapuram,Rural,18,6868,3583,3285,1777,1420,357,783,543,240,190,128,62,3903,1377,2526,29,23,6,22,14,8,5,3,2,159,75,84
601,District-Thiruvananthapuram,Rural,19,8808,4536,4272,2510,2056,454,1013,706,307,260,189,71,4815,1477,3338,28,25,3,26,19,7,6,4,2,150,60,90
601,District-Thiruvananthapuram,Urban,5-19,45902,24007,21895,5276,4306,970,2203,1450,753,463,356,107,16190,6686,9504,253,163,90,164,78,86,21,13,8,21332,10955,10377
601,District-Thiruvananthapuram,Urban,5,11307,5791,5516,13,9,4,2,1,1,0,0,0,276,134,142,54,35,19,52,23,29,7,5,2,10903,5584,5319
601,District-Thiruvananthapuram,Urban,6,7324,3802,3522,15,8,7,3,1,2,0,0,0,352,162,190,37,25,12,34,17,17,3,0,3,6880,3589,3291
601,District-Thiruvananthapuram,Urban,7,1504,735,769,18,9,9,9,6,3,0,0,0,438,211,227,11,6,5,11,6,5,0,0,0,1017,497,520
601,District-Thiruvananthapuram,Urban,8,734,384,350,14,5,9,4,3,1,1,1,0,414,217,197,4,1,3,2,0,2,0,0,0,295,157,138
601,District-Thiruvananthapuram,Urban,9,703,344,359,15,8,7,16,5,11,1,0,1,415,204,211,1,0,1,4,2,2,1,1,0,250,124,126
601,District-Thiruvananthapuram,Urban,10,929,469,460,13,8,5,14,4,10,1,1,0,432,222,210,7,6,1,4,3,1,1,0,1,457,225,232
601,District-Thiruvananthapuram,Urban,11,869,445,424,62,45,17,26,13,13,4,2,2,526,258,268,7,3,4,4,1,3,0,0,0,240,123,117
601,District-Thiruvananthapuram,Urban,12,845,406,439,99,73,26,28,14,14,4,3,1,539,225,314,5,3,2,2,1,1,0,0,0,168,87,81
601,District-Thiruvananthapuram,Urban,13,897,453,444,90,66,24,41,25,16,8,6,2,582,264,318,3,0,3,3,0,3,1,1,0,169,91,78
601,District-Thiruvananthapuram,Urban,14,983,512,471,132,102,30,41,27,14,12,8,4,612,274,338,7,4,3,0,0,0,0,0,0,179,97,82
601,District-Thiruvananthapuram,Urban,15,1319,714,605,174,138,36,89,56,33,16,10,6,851,410,441,16,11,5,8,2,6,0,0,0,165,87,78
601,District-Thiruvananthapuram,Urban,16,1993,1141,852,378,295,83,175,120,55,41,36,5,1228,600,628,17,13,4,3,3,0,1,1,0,150,73,77
601,District-Thiruvananthapuram,Urban,17,3359,1877,1482,726,602,124,371,255,116,67,57,10,2019,880,1139,14,7,7,13,7,6,3,1,2,146,68,78
601,District-Thiruvananthapuram,Urban,18,5721,3063,2658,1434,1180,254,616,418,198,152,112,40,3311,1252,2059,33,23,10,9,5,4,1,1,0,165,72,93
601,District-Thiruvananthapuram,Urban,19,7415,3871,3544,2093,1758,335,768,502,266,156,120,36,4195,1373,2822,37,26,11,15,8,7,3,3,0,148,81,67
