418,District-Sheopur ,Total,5-19,84770,41758,43012,6890,5692,1198,4173,2548,1625,1066,513,553,13703,5017,8686,4913,2861,2052,4080,1325,2755,871,268,603,49074,23534,25540
418,District-Sheopur ,Total,5,15625,8475,7150,2,2,0,0,0,0,0,0,0,45,21,24,75,42,33,21,11,10,4,2,2,15478,8397,7081
418,District-Sheopur ,Total,6,11734,6243,5491,1,1,0,1,1,0,0,0,0,69,29,40,56,29,27,20,12,8,2,1,1,11585,6170,5415
418,District-Sheopur ,Total,7,4074,2070,2004,8,7,1,5,3,2,1,1,0,169,91,78,28,19,9,9,4,5,2,0,2,3852,1945,1907
418,District-Sheopur ,Total,8,2597,1311,1286,7,5,2,4,1,3,1,0,1,207,125,82,21,10,11,8,3,5,0,0,0,2349,1167,1182
418,District-Sheopur ,Total,9,1716,815,901,10,6,4,6,2,4,1,0,1,156,78,78,19,12,7,17,7,10,5,2,3,1502,708,794
418,District-Sheopur ,Total,10,2968,1501,1467,20,12,8,12,5,7,5,2,3,302,156,146,44,25,19,38,14,24,13,6,7,2534,1281,1253
418,District-Sheopur ,Total,11,1685,828,857,34,25,9,24,15,9,5,2,3,311,138,173,45,32,13,40,14,26,14,6,8,1212,596,616
418,District-Sheopur ,Total,12,2518,1219,1299,86,65,21,69,34,35,23,9,14,599,298,301,136,89,47,148,60,88,40,22,18,1417,642,775
418,District-Sheopur ,Total,13,2039,901,1138,93,67,26,82,51,31,36,21,15,544,218,326,126,73,53,115,49,66,27,12,15,1016,410,606
418,District-Sheopur ,Total,14,3264,1509,1755,247,189,58,204,120,84,74,31,43,1100,464,636,217,146,71,196,68,128,61,23,38,1165,468,697
418,District-Sheopur ,Total,15,5508,2573,2935,545,413,132,438,263,175,136,68,68,1733,687,1046,508,325,183,449,205,244,115,40,75,1584,572,1012
418,District-Sheopur ,Total,16,6383,2996,3387,893,710,183,649,379,270,184,86,98,2087,778,1309,607,392,215,479,181,298,126,45,81,1358,425,933
418,District-Sheopur ,Total,17,5321,2468,2853,905,735,170,599,351,248,150,68,82,1598,561,1037,539,317,222,482,149,333,100,31,69,948,256,692
418,District-Sheopur ,Total,18,11793,5567,6226,2420,2072,348,1256,797,459,288,146,142,2979,886,2093,1579,900,679,1205,368,837,215,53,162,1851,345,1506
418,District-Sheopur ,Total,19,7545,3282,4263,1619,1383,236,824,526,298,162,79,83,1804,487,1317,913,450,463,853,180,673,147,25,122,1223,152,1071
418,District-Sheopur ,Rural,5-19,72612,35534,37078,5969,4901,1068,3859,2317,1542,970,433,537,11026,3979,7047,4451,2514,1937,3917,1237,2680,784,218,566,41636,19935,21701
418,District-Sheopur ,Rural,5,13591,7392,6199,2,2,0,0,0,0,0,0,0,33,15,18,55,28,27,18,11,7,4,2,2,13479,7334,6145
418,District-Sheopur ,Rural,6,10094,5364,4730,1,1,0,1,1,0,0,0,0,54,25,29,48,26,22,19,11,8,2,1,1,9969,5299,4670
418,District-Sheopur ,Rural,7,3412,1741,1671,4,3,1,5,3,2,1,1,0,115,61,54,24,15,9,9,4,5,2,0,2,3252,1654,1598
418,District-Sheopur ,Rural,8,2166,1078,1088,6,4,2,4,1,3,1,0,1,151,94,57,16,5,11,7,3,4,0,0,0,1981,971,1010
418,District-Sheopur ,Rural,9,1376,661,715,9,5,4,5,2,3,1,0,1,117,58,59,14,11,3,17,7,10,5,2,3,1208,576,632
418,District-Sheopur ,Rural,10,2452,1242,1210,11,7,4,10,4,6,5,2,3,231,120,111,37,21,16,37,14,23,11,5,6,2110,1069,1041
418,District-Sheopur ,Rural,11,1336,644,692,28,20,8,22,13,9,5,2,3,214,91,123,38,26,12,37,12,25,13,5,8,979,475,504
418,District-Sheopur ,Rural,12,2097,1000,1097,74,54,20,65,31,34,21,8,13,467,239,228,128,84,44,144,58,86,36,18,18,1162,508,654
418,District-Sheopur ,Rural,13,1632,711,921,84,61,23,75,46,29,31,17,14,411,165,246,114,67,47,109,43,66,27,12,15,781,300,481
418,District-Sheopur ,Rural,14,2756,1255,1501,211,156,55,186,107,79,64,23,41,903,375,528,194,129,65,185,64,121,56,20,36,957,381,576
418,District-Sheopur ,Rural,15,4765,2193,2572,481,358,123,407,242,165,126,59,67,1436,549,887,460,289,171,434,196,238,108,36,72,1313,464,849
418,District-Sheopur ,Rural,16,5522,2572,2950,764,605,159,592,340,252,166,69,97,1761,659,1102,551,350,201,454,171,283,106,34,72,1128,344,784
418,District-Sheopur ,Rural,17,4552,2053,2499,764,614,150,563,326,237,133,54,79,1297,439,858,484,276,208,465,135,330,86,23,63,760,186,574
418,District-Sheopur ,Rural,18,10340,4825,5515,2131,1820,311,1160,724,436,268,131,137,2433,708,1725,1447,793,654,1161,347,814,194,41,153,1546,261,1285
418,District-Sheopur ,Rural,19,6521,2803,3718,1399,1191,208,764,477,287,148,67,81,1403,381,1022,841,394,447,821,161,660,134,19,115,1011,113,898
418,District-Sheopur ,Urban,5-19,12158,6224,5934,921,791,130,314,231,83,96,80,16,2677,1038,1639,462,347,115,163,88,75,87,50,37,7438,3599,3839
418,District-Sheopur ,Urban,5,2034,1083,951,0,0,0,0,0,0,0,0,0,12,6,6,20,14,6,3,0,3,0,0,0,1999,1063,936
418,District-Sheopur ,Urban,6,1640,879,761,0,0,0,0,0,0,0,0,0,15,4,11,8,3,5,1,1,0,0,0,0,1616,871,745
418,District-Sheopur ,Urban,7,662,329,333,4,4,0,0,0,0,0,0,0,54,30,24,4,4,0,0,0,0,0,0,0,600,291,309
418,District-Sheopur ,Urban,8,431,233,198,1,1,0,0,0,0,0,0,0,56,31,25,5,5,0,1,0,1,0,0,0,368,196,172
418,District-Sheopur ,Urban,9,340,154,186,1,1,0,1,0,1,0,0,0,39,20,19,5,1,4,0,0,0,0,0,0,294,132,162
418,District-Sheopur ,Urban,10,516,259,257,9,5,4,2,1,1,0,0,0,71,36,35,7,4,3,1,0,1,2,1,1,424,212,212
418,District-Sheopur ,Urban,11,349,184,165,6,5,1,2,2,0,0,0,0,97,47,50,7,6,1,3,2,1,1,1,0,233,121,112
418,District-Sheopur ,Urban,12,421,219,202,12,11,1,4,3,1,2,1,1,132,59,73,8,5,3,4,2,2,4,4,0,255,134,121
418,District-Sheopur ,Urban,13,407,190,217,9,6,3,7,5,2,5,4,1,133,53,80,12,6,6,6,6,0,0,0,0,235,110,125
418,District-Sheopur ,Urban,14,508,254,254,36,33,3,18,13,5,10,8,2,197,89,108,23,17,6,11,4,7,5,3,2,208,87,121
418,District-Sheopur ,Urban,15,743,380,363,64,55,9,31,21,10,10,9,1,297,138,159,48,36,12,15,9,6,7,4,3,271,108,163
418,District-Sheopur ,Urban,16,861,424,437,129,105,24,57,39,18,18,17,1,326,119,207,56,42,14,25,10,15,20,11,9,230,81,149
418,District-Sheopur ,Urban,17,769,415,354,141,121,20,36,25,11,17,14,3,301,122,179,55,41,14,17,14,3,14,8,6,188,70,118
418,District-Sheopur ,Urban,18,1453,742,711,289,252,37,96,73,23,20,15,5,546,178,368,132,107,25,44,21,23,21,12,9,305,84,221
418,District-Sheopur ,Urban,19,1024,479,545,220,192,28,60,49,11,14,12,2,401,106,295,72,56,16,32,19,13,13,6,7,212,39,173
419,District-Morena,Total,5-19,190799,100739,90060,20641,18450,2191,9594,6791,2803,2184,1239,945,38108,11584,26524,6503,4763,1740,3208,1734,1474,850,422,428,109711,55756,53955
419,District-Morena,Total,5,40964,22999,17965,14,11,3,4,4,0,4,2,2,194,120,74,312,167,145,67,33,34,28,18,10,40341,22644,17697
419,District-Morena,Total,6,31174,17194,13980,16,12,4,5,3,2,0,0,0,301,170,131,235,137,98,93,56,37,27,21,6,30497,16795,13702
419,District-Morena,Total,7,8595,4556,4039,23,16,7,7,4,3,4,1,3,355,174,181,80,38,42,30,19,11,14,6,8,8082,4298,3784
419,District-Morena,Total,8,4366,2288,2078,24,17,7,6,4,2,9,5,4,450,238,212,67,42,25,29,19,10,16,10,6,3765,1953,1812
419,District-Morena,Total,9,3209,1664,1545,25,18,7,8,6,2,9,6,3,396,211,185,61,38,23,19,4,15,14,10,4,2677,1371,1306
419,District-Morena,Total,10,5328,2868,2460,58,44,14,26,17,9,14,5,9,680,363,317,73,50,23,47,24,23,13,11,2,4417,2354,2063
419,District-Morena,Total,11,3359,1746,1613,140,117,23,43,30,13,23,9,14,685,313,372,100,57,43,52,27,25,26,10,16,2290,1183,1107
419,District-Morena,Total,12,4045,1975,2070,372,309,63,133,86,47,44,30,14,1292,545,747,167,125,42,83,49,34,23,12,11,1931,819,1112
419,District-Morena,Total,13,3287,1537,1750,312,258,54,137,89,48,48,29,19,1217,459,758,162,110,52,103,50,53,22,11,11,1286,531,755
419,District-Morena,Total,14,6075,2786,3289,744,634,110,391,227,164,104,47,57,2423,835,1588,310,232,78,167,93,74,59,28,31,1877,690,1187
419,District-Morena,Total,15,9292,4796,4496,1462,1278,184,740,525,215,229,132,97,3667,1365,2302,619,495,124,295,169,126,85,43,42,2195,789,1406
419,District-Morena,Total,16,12645,6373,6272,2311,2047,264,1269,890,379,302,154,148,5256,1610,3646,744,599,145,358,244,114,126,66,60,2279,763,1516
419,District-Morena,Total,17,12215,6133,6082,2661,2385,276,1399,966,433,324,187,137,5021,1355,3666,706,539,167,352,213,139,86,47,39,1666,441,1225
419,District-Morena,Total,18,27591,14691,12900,7447,6782,665,3301,2450,851,646,389,257,9595,2425,7170,1774,1361,413,948,500,448,186,76,110,3694,708,2986
419,District-Morena,Total,19,18654,9133,9521,5032,4522,510,2125,1490,635,424,243,181,6576,1401,5175,1093,773,320,565,234,331,125,53,72,2714,417,2297
419,District-Morena,Rural,5-19,149513,78688,70825,17149,15172,1977,8720,6053,2667,2021,1098,923,29307,8676,20631,5132,3620,1512,2756,1398,1358,714,302,412,83714,42369,41345
419,District-Morena,Rural,5,32000,18007,13993,7,7,0,1,1,0,4,2,2,131,83,48,239,128,111,45,24,21,21,14,7,31552,17748,13804
419,District-Morena,Rural,6,23957,13247,10710,11,8,3,3,2,1,0,0,0,226,130,96,161,91,70,78,46,32,21,18,3,23457,12952,10505
419,District-Morena,Rural,7,6556,3427,3129,19,13,6,7,4,3,4,1,3,268,126,142,54,25,29,24,17,7,13,6,7,6167,3235,2932
419,District-Morena,Rural,8,3211,1678,1533,17,11,6,5,3,2,9,5,4,342,191,151,54,35,19,23,14,9,14,8,6,2747,1411,1336
419,District-Morena,Rural,9,2365,1213,1152,19,13,6,7,5,2,8,5,3,295,158,137,49,31,18,14,3,11,13,9,4,1960,989,971
419,District-Morena,Rural,10,4050,2149,1901,49,37,12,22,16,6,12,3,9,514,277,237,51,32,19,37,20,17,11,9,2,3354,1755,1599
419,District-Morena,Rural,11,2524,1285,1239,115,93,22,35,25,10,21,7,14,517,230,287,83,46,37,44,23,21,23,8,15,1686,853,833
419,District-Morena,Rural,12,3022,1454,1568,305,249,56,118,75,43,43,29,14,965,402,563,131,98,33,70,40,30,22,11,11,1368,550,818
419,District-Morena,Rural,13,2464,1119,1345,252,208,44,119,73,46,43,26,17,902,332,570,130,81,49,85,39,46,18,7,11,915,353,562
419,District-Morena,Rural,14,4726,2123,2603,615,516,99,361,203,158,99,43,56,1911,633,1278,249,179,70,149,78,71,47,17,30,1295,454,841
419,District-Morena,Rural,15,7414,3758,3656,1225,1060,165,679,469,210,216,119,97,2891,1028,1863,499,392,107,252,134,118,72,32,40,1580,524,1056
419,District-Morena,Rural,16,10196,5093,5103,1949,1704,245,1169,808,361,277,132,145,4181,1229,2952,576,453,123,310,203,107,101,42,59,1633,522,1111
419,District-Morena,Rural,17,9790,4896,4894,2208,1958,250,1273,860,413,305,172,133,3917,1035,2882,551,397,154,298,170,128,72,33,39,1166,271,895
419,District-Morena,Rural,18,22317,11921,10396,6192,5589,603,3010,2205,805,595,346,249,7335,1805,5530,1420,1043,377,830,407,423,159,51,108,2776,475,2301
419,District-Morena,Rural,19,14921,7318,7603,4166,3706,460,1911,1304,607,385,208,177,4912,1017,3895,885,589,296,497,180,317,107,37,70,2058,277,1781
419,District-Morena,Urban,5-19,41286,22051,19235,3492,3278,214,874,738,136,163,141,22,8801,2908,5893,1371,1143,228,452,336,116,136,120,16,25997,13387,12610
419,District-Morena,Urban,5,8964,4992,3972,7,4,3,3,3,0,0,0,0,63,37,26,73,39,34,22,9,13,7,4,3,8789,4896,3893
419,District-Morena,Urban,6,7217,3947,3270,5,4,1,2,1,1,0,0,0,75,40,35,74,46,28,15,10,5,6,3,3,7040,3843,3197
419,District-Morena,Urban,7,2039,1129,910,4,3,1,0,0,0,0,0,0,87,48,39,26,13,13,6,2,4,1,0,1,1915,1063,852
419,District-Morena,Urban,8,1155,610,545,7,6,1,1,1,0,0,0,0,108,47,61,13,7,6,6,5,1,2,2,0,1018,542,476
419,District-Morena,Urban,9,844,451,393,6,5,1,1,1,0,1,1,0,101,53,48,12,7,5,5,1,4,1,1,0,717,382,335
419,District-Morena,Urban,10,1278,719,559,9,7,2,4,1,3,2,2,0,166,86,80,22,18,4,10,4,6,2,2,0,1063,599,464
419,District-Morena,Urban,11,835,461,374,25,24,1,8,5,3,2,2,0,168,83,85,17,11,6,8,4,4,3,2,1,604,330,274
419,District-Morena,Urban,12,1023,521,502,67,60,7,15,11,4,1,1,0,327,143,184,36,27,9,13,9,4,1,1,0,563,269,294
419,District-Morena,Urban,13,823,418,405,60,50,10,18,16,2,5,3,2,315,127,188,32,29,3,18,11,7,4,4,0,371,178,193
419,District-Morena,Urban,14,1349,663,686,129,118,11,30,24,6,5,4,1,512,202,310,61,53,8,18,15,3,12,11,1,582,236,346
419,District-Morena,Urban,15,1878,1038,840,237,218,19,61,56,5,13,13,0,776,337,439,120,103,17,43,35,8,13,11,2,615,265,350
419,District-Morena,Urban,16,2449,1280,1169,362,343,19,100,82,18,25,22,3,1075,381,694,168,146,22,48,41,7,25,24,1,646,241,405
419,District-Morena,Urban,17,2425,1237,1188,453,427,26,126,106,20,19,15,4,1104,320,784,155,142,13,54,43,11,14,14,0,500,170,330
419,District-Morena,Urban,18,5274,2770,2504,1255,1193,62,291,245,46,51,43,8,2260,620,1640,354,318,36,118,93,25,27,25,2,918,233,685
419,District-Morena,Urban,19,3733,1815,1918,866,816,50,214,186,28,39,35,4,1664,384,1280,208,184,24,68,54,14,18,16,2,656,140,516
420,District-Bhind,Total,5-19,142766,76676,66090,15606,14676,930,5981,5095,886,1296,987,309,35777,10762,25015,3509,2937,572,1440,1036,404,287,198,89,78870,40985,37885
420,District-Bhind,Total,5,32700,18476,14224,14,10,4,2,2,0,0,0,0,268,136,132,217,132,85,67,39,28,8,6,2,32124,18151,13973
420,District-Bhind,Total,6,23693,12958,10735,9,8,1,3,3,0,0,0,0,291,155,136,189,113,76,49,24,25,4,3,1,23148,12652,10496
420,District-Bhind,Total,7,5576,2978,2598,33,24,9,8,7,1,0,0,0,310,161,149,54,31,23,17,9,8,2,2,0,5152,2744,2408
420,District-Bhind,Total,8,2640,1354,1286,34,24,10,3,2,1,0,0,0,397,218,179,45,30,15,25,11,14,0,0,0,2136,1069,1067
420,District-Bhind,Total,9,2034,1056,978,29,25,4,5,4,1,2,2,0,310,171,139,37,20,17,16,10,6,3,2,1,1632,822,810
420,District-Bhind,Total,10,3217,1675,1542,51,39,12,15,11,4,4,3,1,551,276,275,54,40,14,13,7,6,4,2,2,2525,1297,1228
420,District-Bhind,Total,11,2158,1100,1058,138,118,20,32,27,5,9,7,2,577,238,339,50,35,15,23,14,9,2,1,1,1327,660,667
420,District-Bhind,Total,12,2531,1326,1205,273,252,21,58,44,14,13,10,3,899,374,525,106,81,25,42,30,12,8,6,2,1132,529,603
420,District-Bhind,Total,13,2500,1194,1306,248,222,26,90,76,14,22,14,8,1062,403,659,87,68,19,49,32,17,12,8,4,930,371,559
420,District-Bhind,Total,14,4057,2023,2034,477,430,47,191,154,37,52,39,13,1963,710,1253,159,142,17,85,59,26,13,9,4,1117,480,637
420,District-Bhind,Total,15,6591,3458,3133,1062,967,95,446,369,77,100,68,32,3116,1085,2031,333,290,43,148,116,32,31,26,5,1355,537,818
420,District-Bhind,Total,16,9197,4847,4350,1707,1613,94,729,614,115,187,139,48,4667,1493,3174,356,328,28,165,133,32,50,32,18,1336,495,841
420,District-Bhind,Total,17,9724,5150,4574,2110,1999,111,861,732,129,204,149,55,4873,1407,3466,365,332,33,169,126,43,36,24,12,1106,381,725
420,District-Bhind,Total,18,21114,11595,9519,5561,5294,267,2135,1841,294,435,345,90,9405,2429,6976,918,820,98,376,295,81,60,44,16,2224,527,1697
420,District-Bhind,Total,19,15034,7486,7548,3860,3651,209,1403,1209,194,268,211,57,7088,1506,5582,539,475,64,196,131,65,54,33,21,1626,270,1356
420,District-Bhind,Rural,5-19,107528,57780,49748,12952,12171,781,5127,4297,830,1142,846,296,27618,7987,19631,2466,2015,451,1083,730,353,233,146,87,56907,29588,27319
420,District-Bhind,Rural,5,24792,14040,10752,10,6,4,2,2,0,0,0,0,218,110,108,182,110,72,57,35,22,8,6,2,24315,13771,10544
420,District-Bhind,Rural,6,17480,9559,7921,7,6,1,1,1,0,0,0,0,237,130,107,165,102,63,39,21,18,3,2,1,17028,9297,7731
420,District-Bhind,Rural,7,4010,2140,1870,29,20,9,5,4,1,0,0,0,225,116,109,47,27,20,14,7,7,2,2,0,3688,1964,1724
420,District-Bhind,Rural,8,1722,885,837,27,19,8,2,1,1,0,0,0,280,156,124,34,22,12,22,11,11,0,0,0,1357,676,681
420,District-Bhind,Rural,9,1354,691,663,22,20,2,4,3,1,1,1,0,213,117,96,29,18,11,12,8,4,3,2,1,1070,522,548
420,District-Bhind,Rural,10,2191,1145,1046,42,32,10,13,9,4,4,3,1,364,189,175,37,25,12,9,5,4,3,1,2,1719,881,838
420,District-Bhind,Rural,11,1480,743,737,111,96,15,25,21,4,9,7,2,399,147,252,45,32,13,16,9,7,2,1,1,873,430,443
420,District-Bhind,Rural,12,1656,858,798,212,195,17,48,36,12,11,8,3,622,248,374,76,56,20,30,20,10,7,5,2,650,290,360
420,District-Bhind,Rural,13,1663,761,902,197,174,23,72,59,13,18,10,8,746,269,477,62,45,17,34,20,14,11,7,4,523,177,346
420,District-Bhind,Rural,14,2907,1427,1480,384,350,34,158,123,35,47,34,13,1467,504,963,101,88,13,64,40,24,13,9,4,673,279,394
420,District-Bhind,Rural,15,4924,2547,2377,870,789,81,376,304,72,89,57,32,2407,792,1615,235,203,32,115,85,30,22,17,5,810,300,510
420,District-Bhind,Rural,16,7171,3748,3423,1421,1340,81,629,522,107,166,120,46,3751,1159,2592,216,200,16,120,90,30,38,20,18,830,297,533
420,District-Bhind,Rural,17,7591,4010,3581,1754,1661,93,739,621,118,184,130,54,3831,1055,2776,238,215,23,131,93,38,28,17,11,686,218,468
420,District-Bhind,Rural,18,16672,9223,7449,4642,4415,227,1836,1556,280,373,290,83,7404,1876,5528,618,544,74,267,194,73,50,35,15,1482,313,1169
420,District-Bhind,Rural,19,11915,6003,5912,3224,3048,176,1217,1035,182,240,186,54,5454,1119,4335,381,328,53,153,92,61,43,22,21,1203,173,1030
420,District-Bhind,Urban,5-19,35238,18896,16342,2654,2505,149,854,798,56,154,141,13,8159,2775,5384,1043,922,121,357,306,51,54,52,2,21963,11397,10566
420,District-Bhind,Urban,5,7908,4436,3472,4,4,0,0,0,0,0,0,0,50,26,24,35,22,13,10,4,6,0,0,0,7809,4380,3429
420,District-Bhind,Urban,6,6213,3399,2814,2,2,0,2,2,0,0,0,0,54,25,29,24,11,13,10,3,7,1,1,0,6120,3355,2765
420,District-Bhind,Urban,7,1566,838,728,4,4,0,3,3,0,0,0,0,85,45,40,7,4,3,3,2,1,0,0,0,1464,780,684
420,District-Bhind,Urban,8,918,469,449,7,5,2,1,1,0,0,0,0,117,62,55,11,8,3,3,0,3,0,0,0,779,393,386
420,District-Bhind,Urban,9,680,365,315,7,5,2,1,1,0,1,1,0,97,54,43,8,2,6,4,2,2,0,0,0,562,300,262
420,District-Bhind,Urban,10,1026,530,496,9,7,2,2,2,0,0,0,0,187,87,100,17,15,2,4,2,2,1,1,0,806,416,390
420,District-Bhind,Urban,11,678,357,321,27,22,5,7,6,1,0,0,0,178,91,87,5,3,2,7,5,2,0,0,0,454,230,224
420,District-Bhind,Urban,12,875,468,407,61,57,4,10,8,2,2,2,0,277,126,151,30,25,5,12,10,2,1,1,0,482,239,243
420,District-Bhind,Urban,13,837,433,404,51,48,3,18,17,1,4,4,0,316,134,182,25,23,2,15,12,3,1,1,0,407,194,213
420,District-Bhind,Urban,14,1150,596,554,93,80,13,33,31,2,5,5,0,496,206,290,58,54,4,21,19,2,0,0,0,444,201,243
420,District-Bhind,Urban,15,1667,911,756,192,178,14,70,65,5,11,11,0,709,293,416,98,87,11,33,31,2,9,9,0,545,237,308
420,District-Bhind,Urban,16,2026,1099,927,286,273,13,100,92,8,21,19,2,916,334,582,140,128,12,45,43,2,12,12,0,506,198,308
420,District-Bhind,Urban,17,2133,1140,993,356,338,18,122,111,11,20,19,1,1042,352,690,127,117,10,38,33,5,8,7,1,420,163,257
420,District-Bhind,Urban,18,4442,2372,2070,919,879,40,299,285,14,62,55,7,2001,553,1448,300,276,24,109,101,8,10,9,1,742,214,528
420,District-Bhind,Urban,19,3119,1483,1636,636,603,33,186,174,12,28,25,3,1634,387,1247,158,147,11,43,39,4,11,11,0,423,97,326
421,District-Gwalior,Total,5-19,169069,90341,78728,19441,17067,2374,6984,4869,2115,1778,1107,671,41226,14417,26809,7107,5375,1732,3161,1771,1390,817,435,382,88555,45300,43255
421,District-Gwalior,Total,5,31195,17332,13863,22,18,4,5,4,1,2,1,1,428,250,178,234,138,96,87,50,37,12,6,6,30405,16865,13540
421,District-Gwalior,Total,6,23392,12783,10609,24,18,6,4,2,2,1,0,1,490,253,237,203,126,77,73,38,35,10,7,3,22587,12339,10248
421,District-Gwalior,Total,7,7094,3778,3316,46,36,10,13,9,4,2,0,2,437,228,209,75,39,36,42,15,27,3,2,1,6476,3449,3027
421,District-Gwalior,Total,8,4348,2277,2071,40,22,18,15,8,7,1,1,0,570,303,267,61,36,25,38,16,22,4,4,0,3619,1887,1732
421,District-Gwalior,Total,9,3224,1696,1528,43,29,14,12,9,3,3,2,1,514,236,278,46,26,20,23,9,14,8,4,4,2575,1381,1194
421,District-Gwalior,Total,10,4903,2660,2243,55,35,20,33,18,15,9,7,2,790,420,370,102,61,41,52,28,24,13,9,4,3849,2082,1767
421,District-Gwalior,Total,11,3313,1806,1507,194,156,38,55,38,17,7,3,4,873,408,465,110,76,34,55,29,26,15,8,7,2004,1088,916
421,District-Gwalior,Total,12,4409,2352,2057,399,337,62,120,84,36,31,20,11,1504,677,827,229,160,69,96,54,42,30,20,10,2000,1000,1000
421,District-Gwalior,Total,13,4075,2095,1980,433,353,80,175,116,59,51,30,21,1528,658,870,193,134,59,100,57,43,25,20,5,1570,727,843
421,District-Gwalior,Total,14,6119,3079,3040,748,617,131,348,207,141,118,63,55,2529,1025,1504,348,257,91,182,108,74,67,31,36,1779,771,1008
421,District-Gwalior,Total,15,9690,5089,4601,1502,1270,232,608,401,207,199,121,78,3934,1511,2423,738,565,173,319,214,105,90,58,32,2300,949,1351
421,District-Gwalior,Total,16,12145,6431,5714,2290,1981,309,922,632,290,265,167,98,5192,1889,3303,853,675,178,342,212,130,115,63,52,2166,812,1354
421,District-Gwalior,Total,17,12801,6674,6127,2812,2449,363,1076,740,336,296,179,117,5536,1772,3764,819,646,173,411,243,168,100,56,44,1751,589,1162
421,District-Gwalior,Total,18,24217,13057,11160,6113,5511,602,2141,1555,586,482,310,172,9523,2835,6688,1885,1501,384,790,416,374,177,82,95,3106,847,2259
421,District-Gwalior,Total,19,18144,9232,8912,4720,4235,485,1457,1046,411,311,203,108,7378,1952,5426,1211,935,276,551,282,269,148,65,83,2368,514,1854
421,District-Gwalior,Rural,5-19,77472,40768,36704,9042,7950,1092,5037,3364,1673,1370,775,595,17186,5632,11554,3476,2511,965,2238,1081,1157,591,273,318,38532,19182,19350
421,District-Gwalior,Rural,5,13824,7679,6145,4,4,0,1,1,0,0,0,0,176,103,73,89,57,32,35,18,17,8,4,4,13511,7492,6019
421,District-Gwalior,Rural,6,9731,5319,4412,5,5,0,2,0,2,1,0,1,214,107,107,65,42,23,29,15,14,5,3,2,9410,5147,4263
421,District-Gwalior,Rural,7,2968,1594,1374,9,7,2,7,5,2,2,0,2,152,83,69,23,13,10,22,6,16,2,1,1,2751,1479,1272
421,District-Gwalior,Rural,8,1973,1012,961,14,8,6,9,5,4,1,1,0,215,104,111,28,18,10,25,8,17,1,1,0,1680,867,813
421,District-Gwalior,Rural,9,1317,674,643,13,10,3,6,4,2,1,1,0,182,86,96,21,11,10,12,3,9,4,2,2,1078,557,521
421,District-Gwalior,Rural,10,2092,1120,972,18,10,8,21,11,10,6,4,2,291,150,141,51,28,23,27,14,13,8,6,2,1670,897,773
421,District-Gwalior,Rural,11,1392,710,682,69,52,17,36,24,12,7,3,4,321,142,179,44,29,15,30,12,18,12,5,7,873,443,430
421,District-Gwalior,Rural,12,1904,983,921,146,122,24,79,51,28,25,16,9,603,273,330,118,79,39,71,34,37,23,16,7,839,392,447
421,District-Gwalior,Rural,13,1737,853,884,154,129,25,120,72,48,41,21,20,596,241,355,90,63,27,77,37,40,21,16,5,638,274,364
421,District-Gwalior,Rural,14,2854,1355,1499,325,267,58,246,140,106,91,44,47,1086,393,693,184,127,57,129,67,62,46,21,25,747,296,451
421,District-Gwalior,Rural,15,4710,2399,2311,698,599,99,449,274,175,156,86,70,1780,652,1128,368,273,95,224,136,88,65,37,28,970,342,628
421,District-Gwalior,Rural,16,6007,3068,2939,1082,931,151,682,448,234,208,122,86,2376,782,1594,417,322,95,240,133,107,78,38,40,924,292,632
421,District-Gwalior,Rural,17,6257,3184,3073,1339,1169,170,784,521,263,233,132,101,2367,663,1704,397,302,95,299,153,146,75,37,38,763,207,556
421,District-Gwalior,Rural,18,12170,6515,5655,2985,2705,280,1563,1103,460,362,211,151,4025,1136,2889,966,720,246,599,272,327,135,49,86,1535,319,1216
421,District-Gwalior,Rural,19,8536,4303,4233,2181,1932,249,1032,705,327,236,134,102,2802,717,2085,615,427,188,419,173,246,108,37,71,1143,178,965
421,District-Gwalior,Urban,5-19,91597,49573,42024,10399,9117,1282,1947,1505,442,408,332,76,24040,8785,15255,3631,2864,767,923,690,233,226,162,64,50023,26118,23905
421,District-Gwalior,Urban,5,17371,9653,7718,18,14,4,4,3,1,2,1,1,252,147,105,145,81,64,52,32,20,4,2,2,16894,9373,7521
421,District-Gwalior,Urban,6,13661,7464,6197,19,13,6,2,2,0,0,0,0,276,146,130,138,84,54,44,23,21,5,4,1,13177,7192,5985
421,District-Gwalior,Urban,7,4126,2184,1942,37,29,8,6,4,2,0,0,0,285,145,140,52,26,26,20,9,11,1,1,0,3725,1970,1755
421,District-Gwalior,Urban,8,2375,1265,1110,26,14,12,6,3,3,0,0,0,355,199,156,33,18,15,13,8,5,3,3,0,1939,1020,919
421,District-Gwalior,Urban,9,1907,1022,885,30,19,11,6,5,1,2,1,1,332,150,182,25,15,10,11,6,5,4,2,2,1497,824,673
421,District-Gwalior,Urban,10,2811,1540,1271,37,25,12,12,7,5,3,3,0,499,270,229,51,33,18,25,14,11,5,3,2,2179,1185,994
421,District-Gwalior,Urban,11,1921,1096,825,125,104,21,19,14,5,0,0,0,552,266,286,66,47,19,25,17,8,3,3,0,1131,645,486
421,District-Gwalior,Urban,12,2505,1369,1136,253,215,38,41,33,8,6,4,2,901,404,497,111,81,30,25,20,5,7,4,3,1161,608,553
421,District-Gwalior,Urban,13,2338,1242,1096,279,224,55,55,44,11,10,9,1,932,417,515,103,71,32,23,20,3,4,4,0,932,453,479
421,District-Gwalior,Urban,14,3265,1724,1541,423,350,73,102,67,35,27,19,8,1443,632,811,164,130,34,53,41,12,21,10,11,1032,475,557
421,District-Gwalior,Urban,15,4980,2690,2290,804,671,133,159,127,32,43,35,8,2154,859,1295,370,292,78,95,78,17,25,21,4,1330,607,723
421,District-Gwalior,Urban,16,6138,3363,2775,1208,1050,158,240,184,56,57,45,12,2816,1107,1709,436,353,83,102,79,23,37,25,12,1242,520,722
421,District-Gwalior,Urban,17,6544,3490,3054,1473,1280,193,292,219,73,63,47,16,3169,1109,2060,422,344,78,112,90,22,25,19,6,988,382,606
421,District-Gwalior,Urban,18,12047,6542,5505,3128,2806,322,578,452,126,120,99,21,5498,1699,3799,919,781,138,191,144,47,42,33,9,1571,528,1043
421,District-Gwalior,Urban,19,9608,4929,4679,2539,2303,236,425,341,84,75,69,6,4576,1235,3341,596,508,88,132,109,23,40,28,12,1225,336,889
422,District-Datia,Total,5-19,66880,35786,31094,9980,8612,1368,4466,2661,1805,888,425,463,13704,4330,9374,2465,1686,779,1031,477,554,234,73,161,34112,17522,16590
422,District-Datia,Total,5,14018,7674,6344,4,4,0,1,0,1,0,0,0,80,42,38,93,51,42,24,10,14,4,1,3,13812,7566,6246
422,District-Datia,Total,6,9859,5431,4428,3,3,0,1,0,1,0,0,0,117,66,51,79,47,32,21,11,10,3,3,0,9635,5301,4334
422,District-Datia,Total,7,2667,1341,1326,4,3,1,1,0,1,1,0,1,107,59,48,14,7,7,12,5,7,3,0,3,2525,1267,1258
422,District-Datia,Total,8,1180,591,589,16,8,8,4,2,2,1,0,1,155,76,79,10,5,5,3,2,1,1,0,1,990,498,492
422,District-Datia,Total,9,1042,522,520,10,5,5,1,0,1,0,0,0,130,69,61,11,4,7,4,2,2,4,3,1,882,439,443
422,District-Datia,Total,10,1681,899,782,20,14,6,7,4,3,0,0,0,196,104,92,40,23,17,9,5,4,1,0,1,1408,749,659
422,District-Datia,Total,11,1029,551,478,57,46,11,27,13,14,4,1,3,212,113,99,29,18,11,6,3,3,4,2,2,690,355,335
422,District-Datia,Total,12,1045,566,479,124,105,19,49,29,20,18,9,9,346,169,177,60,39,21,31,17,14,5,2,3,412,196,216
422,District-Datia,Total,13,1028,515,513,149,116,33,59,28,31,8,5,3,367,161,206,58,40,18,26,15,11,10,5,5,351,145,206
422,District-Datia,Total,14,1941,997,944,337,271,66,173,101,72,55,37,18,803,319,484,114,75,39,52,24,28,12,2,10,395,168,227
422,District-Datia,Total,15,3405,1842,1563,678,571,107,345,228,117,80,36,44,1412,518,894,223,181,42,97,61,36,27,12,15,543,235,308
422,District-Datia,Total,16,4651,2477,2174,1131,991,140,591,349,242,104,54,50,1862,613,1249,265,201,64,113,65,48,27,9,18,558,195,363
422,District-Datia,Total,17,4991,2732,2259,1400,1207,193,684,415,269,144,87,57,1917,612,1305,292,226,66,118,56,62,27,10,17,409,119,290
422,District-Datia,Total,18,10669,5891,4778,3507,3101,406,1523,931,592,273,125,148,3460,891,2569,698,487,211,294,141,153,66,17,49,848,198,650
422,District-Datia,Total,19,7674,3757,3917,2540,2167,373,1000,561,439,200,71,129,2540,518,2022,479,282,197,221,60,161,40,7,33,654,91,563
422,District-Datia,Rural,5-19,52448,27837,24611,8161,7026,1135,4053,2384,1669,797,374,423,10630,3201,7429,1805,1151,654,845,347,498,193,52,141,25964,13302,12662
422,District-Datia,Rural,5,11056,6033,5023,4,4,0,1,0,1,0,0,0,57,29,28,81,43,38,22,8,14,4,1,3,10887,5948,4939
422,District-Datia,Rural,6,7598,4159,3439,2,2,0,1,0,1,0,0,0,97,56,41,70,40,30,19,10,9,3,3,0,7406,4048,3358
422,District-Datia,Rural,7,2032,1009,1023,2,1,1,1,0,1,1,0,1,76,41,35,13,6,7,10,4,6,1,0,1,1928,957,971
422,District-Datia,Rural,8,853,432,421,15,7,8,3,1,2,1,0,1,113,60,53,8,5,3,2,1,1,1,0,1,710,358,352
422,District-Datia,Rural,9,741,380,361,9,4,5,1,0,1,0,0,0,94,55,39,9,4,5,4,2,2,1,0,1,623,315,308
422,District-Datia,Rural,10,1241,667,574,14,10,4,7,4,3,0,0,0,134,70,64,29,17,12,3,1,2,1,0,1,1053,565,488
422,District-Datia,Rural,11,771,411,360,47,38,9,24,11,13,2,1,1,154,81,73,24,17,7,6,3,3,2,1,1,512,259,253
422,District-Datia,Rural,12,751,397,354,97,80,17,43,24,19,16,8,8,256,122,134,48,28,20,24,12,12,3,1,2,264,122,142
422,District-Datia,Rural,13,740,370,370,122,92,30,53,25,28,8,5,3,256,108,148,42,27,15,22,12,10,6,3,3,231,98,133
422,District-Datia,Rural,14,1434,721,713,261,211,50,149,84,65,51,34,17,597,227,370,79,46,33,42,17,25,11,1,10,244,101,143
422,District-Datia,Rural,15,2660,1400,1260,550,460,90,305,199,106,67,31,36,1113,382,731,161,125,36,74,41,33,24,10,14,366,152,214
422,District-Datia,Rural,16,3679,1941,1738,900,788,112,533,313,220,90,47,43,1503,488,1015,174,125,49,84,43,41,18,4,14,377,133,244
422,District-Datia,Rural,17,3989,2152,1837,1115,965,150,617,369,248,125,74,51,1522,463,1059,202,154,48,96,43,53,21,8,13,291,76,215
422,District-Datia,Rural,18,8677,4751,3926,2928,2588,340,1406,853,553,247,106,141,2691,648,2043,505,321,184,243,105,138,59,14,45,598,116,482
422,District-Datia,Rural,19,6226,3014,3212,2095,1776,319,909,501,408,189,68,121,1967,371,1596,360,193,167,194,45,149,38,6,32,474,54,420
422,District-Datia,Urban,5-19,14432,7949,6483,1819,1586,233,413,277,136,91,51,40,3074,1129,1945,660,535,125,186,130,56,41,21,20,8148,4220,3928
422,District-Datia,Urban,5,2962,1641,1321,0,0,0,0,0,0,0,0,0,23,13,10,12,8,4,2,2,0,0,0,0,2925,1618,1307
422,District-Datia,Urban,6,2261,1272,989,1,1,0,0,0,0,0,0,0,20,10,10,9,7,2,2,1,1,0,0,0,2229,1253,976
422,District-Datia,Urban,7,635,332,303,2,2,0,0,0,0,0,0,0,31,18,13,1,1,0,2,1,1,2,0,2,597,310,287
422,District-Datia,Urban,8,327,159,168,1,1,0,1,1,0,0,0,0,42,16,26,2,0,2,1,1,0,0,0,0,280,140,140
422,District-Datia,Urban,9,301,142,159,1,1,0,0,0,0,0,0,0,36,14,22,2,0,2,0,0,0,3,3,0,259,124,135
422,District-Datia,Urban,10,440,232,208,6,4,2,0,0,0,0,0,0,62,34,28,11,6,5,6,4,2,0,0,0,355,184,171
422,District-Datia,Urban,11,258,140,118,10,8,2,3,2,1,2,0,2,58,32,26,5,1,4,0,0,0,2,1,1,178,96,82
422,District-Datia,Urban,12,294,169,125,27,25,2,6,5,1,2,1,1,90,47,43,12,11,1,7,5,2,2,1,1,148,74,74
422,District-Datia,Urban,13,288,145,143,27,24,3,6,3,3,0,0,0,111,53,58,16,13,3,4,3,1,4,2,2,120,47,73
422,District-Datia,Urban,14,507,276,231,76,60,16,24,17,7,4,3,1,206,92,114,35,29,6,10,7,3,1,1,0,151,67,84
422,District-Datia,Urban,15,745,442,303,128,111,17,40,29,11,13,5,8,299,136,163,62,56,6,23,20,3,3,2,1,177,83,94
422,District-Datia,Urban,16,972,536,436,231,203,28,58,36,22,14,7,7,359,125,234,91,76,15,29,22,7,9,5,4,181,62,119
422,District-Datia,Urban,17,1002,580,422,285,242,43,67,46,21,19,13,6,395,149,246,90,72,18,22,13,9,6,2,4,118,43,75
422,District-Datia,Urban,18,1992,1140,852,579,513,66,117,78,39,26,19,7,769,243,526,193,166,27,51,36,15,7,3,4,250,82,168
422,District-Datia,Urban,19,1448,743,705,445,391,54,91,60,31,11,3,8,573,147,426,119,89,30,27,15,12,2,1,1,180,37,143
423,District-Shivpuri,Total,5-19,185750,95549,90201,26173,20309,5864,11156,6057,5099,2389,1181,1208,27772,10382,17390,12077,6110,5967,6184,2053,4131,1191,377,814,98808,49080,49728
423,District-Shivpuri,Total,5,36311,19589,16722,18,13,5,6,5,1,2,1,1,222,125,97,312,179,133,118,61,57,24,11,13,35609,19194,16415
423,District-Shivpuri,Total,6,27119,14333,12786,17,12,5,6,2,4,1,1,0,340,156,184,203,113,90,78,41,37,16,6,10,26458,14002,12456
423,District-Shivpuri,Total,7,9636,4883,4753,32,19,13,15,12,3,0,0,0,422,208,214,112,58,54,60,33,27,15,10,5,8980,4543,4437
423,District-Shivpuri,Total,8,5444,2709,2735,52,37,15,15,11,4,0,0,0,564,293,271,91,42,49,41,19,22,19,4,15,4662,2303,2359
423,District-Shivpuri,Total,9,3440,1683,1757,32,14,18,20,14,6,5,2,3,462,231,231,72,37,35,33,19,14,9,3,6,2807,1363,1444
423,District-Shivpuri,Total,10,5230,2565,2665,94,61,33,38,19,19,9,1,8,761,367,394,160,86,74,89,42,47,23,4,19,4056,1985,2071
423,District-Shivpuri,Total,11,3197,1597,1600,183,131,52,65,28,37,18,7,11,688,333,355,194,106,88,65,29,36,21,14,7,1963,949,1014
423,District-Shivpuri,Total,12,4569,2242,2327,476,348,128,201,105,96,57,32,25,1255,566,689,371,211,160,203,79,124,49,23,26,1957,878,1079
423,District-Shivpuri,Total,13,4291,2043,2248,502,334,168,258,138,120,76,33,43,1283,587,696,361,193,168,218,76,142,61,21,40,1532,661,871
423,District-Shivpuri,Total,14,6342,3075,3267,1052,772,280,583,297,286,138,62,76,2067,868,1199,542,301,241,320,126,194,77,32,45,1563,617,946
423,District-Shivpuri,Total,15,10989,5804,5185,2377,1806,571,1231,688,543,294,154,140,3121,1261,1860,1229,753,476,642,304,338,128,49,79,1967,789,1178
423,District-Shivpuri,Total,16,13351,6839,6512,3423,2593,830,1651,893,758,408,190,218,3939,1446,2493,1315,756,559,677,283,394,123,49,74,1815,629,1186
423,District-Shivpuri,Total,17,12682,6597,6085,3703,2898,805,1678,928,750,366,195,171,3485,1206,2279,1339,734,605,676,225,451,118,38,80,1317,373,944
423,District-Shivpuri,Total,18,25423,13133,12290,8297,6632,1665,3140,1751,1389,624,327,297,5563,1734,3829,3373,1619,1754,1633,452,1181,314,79,235,2479,539,1940
423,District-Shivpuri,Total,19,17726,8457,9269,5915,4639,1276,2249,1166,1083,391,176,215,3600,1001,2599,2403,922,1481,1331,264,1067,194,34,160,1643,255,1388
423,District-Shivpuri,Rural,5-19,160655,82197,78458,23774,18190,5584,10586,5606,4980,2264,1088,1176,21841,8082,13759,10892,5228,5664,5788,1823,3965,1113,326,787,84397,41854,42543
423,District-Shivpuri,Rural,5,31536,17004,14532,17,12,5,5,4,1,2,1,1,159,92,67,278,158,120,108,54,54,23,11,12,30944,16672,14272
423,District-Shivpuri,Rural,6,23468,12329,11139,17,12,5,5,1,4,1,1,0,272,123,149,187,108,79,62,33,29,16,6,10,22908,12045,10863
423,District-Shivpuri,Rural,7,8329,4209,4120,31,19,12,14,11,3,0,0,0,329,158,171,104,53,51,51,27,24,15,10,5,7785,3931,3854
423,District-Shivpuri,Rural,8,4561,2237,2324,52,37,15,14,10,4,0,0,0,452,231,221,76,37,39,36,18,18,18,3,15,3913,1901,2012
423,District-Shivpuri,Rural,9,2934,1403,1531,31,13,18,20,14,6,5,2,3,366,174,192,61,29,32,24,12,12,8,3,5,2419,1156,1263
423,District-Shivpuri,Rural,10,4460,2174,2286,86,56,30,37,18,19,8,1,7,627,299,328,140,73,67,80,37,43,21,4,17,3461,1686,1775
423,District-Shivpuri,Rural,11,2685,1328,1357,162,111,51,61,25,36,16,5,11,558,262,296,163,87,76,58,26,32,21,14,7,1646,798,848
423,District-Shivpuri,Rural,12,3853,1885,1968,427,305,122,198,102,96,56,31,25,1017,454,563,330,183,147,189,72,117,47,22,25,1589,716,873
423,District-Shivpuri,Rural,13,3648,1717,1931,451,295,156,244,128,116,74,32,42,1041,478,563,327,168,159,200,68,132,59,20,39,1252,528,724
423,District-Shivpuri,Rural,14,5478,2610,2868,960,690,270,565,283,282,130,58,72,1720,702,1018,479,257,222,296,117,179,69,26,43,1259,477,782
423,District-Shivpuri,Rural,15,9560,5007,4553,2157,1606,551,1178,646,532,281,143,138,2587,1027,1560,1096,652,444,590,273,317,117,41,76,1554,619,935
423,District-Shivpuri,Rural,16,11640,5935,5705,3121,2335,786,1572,843,729,393,179,214,3226,1162,2064,1158,637,521,624,256,368,111,40,71,1435,483,952
423,District-Shivpuri,Rural,17,10964,5670,5294,3348,2594,754,1573,839,734,342,176,166,2733,938,1795,1192,614,578,642,202,440,112,34,78,1022,273,749
423,District-Shivpuri,Rural,18,22107,11365,10742,7540,5940,1600,2985,1629,1356,586,297,289,4148,1276,2872,3081,1382,1699,1544,396,1148,290,64,226,1933,381,1552
423,District-Shivpuri,Rural,19,15432,7324,8108,5374,4165,1209,2115,1053,1062,370,162,208,2606,706,1900,2220,790,1430,1284,232,1052,186,28,158,1277,188,1089
423,District-Shivpuri,Urban,5-19,25095,13352,11743,2399,2119,280,570,451,119,125,93,32,5931,2300,3631,1185,882,303,396,230,166,78,51,27,14411,7226,7185
423,District-Shivpuri,Urban,5,4775,2585,2190,1,1,0,1,1,0,0,0,0,63,33,30,34,21,13,10,7,3,1,0,1,4665,2522,2143
423,District-Shivpuri,Urban,6,3651,2004,1647,0,0,0,1,1,0,0,0,0,68,33,35,16,5,11,16,8,8,0,0,0,3550,1957,1593
423,District-Shivpuri,Urban,7,1307,674,633,1,0,1,1,1,0,0,0,0,93,50,43,8,5,3,9,6,3,0,0,0,1195,612,583
423,District-Shivpuri,Urban,8,883,472,411,0,0,0,1,1,0,0,0,0,112,62,50,15,5,10,5,1,4,1,1,0,749,402,347
423,District-Shivpuri,Urban,9,506,280,226,1,1,0,0,0,0,0,0,0,96,57,39,11,8,3,9,7,2,1,0,1,388,207,181
423,District-Shivpuri,Urban,10,770,391,379,8,5,3,1,1,0,1,0,1,134,68,66,20,13,7,9,5,4,2,0,2,595,299,296
423,District-Shivpuri,Urban,11,512,269,243,21,20,1,4,3,1,2,2,0,130,71,59,31,19,12,7,3,4,0,0,0,317,151,166
423,District-Shivpuri,Urban,12,716,357,359,49,43,6,3,3,0,1,1,0,238,112,126,41,28,13,14,7,7,2,1,1,368,162,206
423,District-Shivpuri,Urban,13,643,326,317,51,39,12,14,10,4,2,1,1,242,109,133,34,25,9,18,8,10,2,1,1,280,133,147
423,District-Shivpuri,Urban,14,864,465,399,92,82,10,18,14,4,8,4,4,347,166,181,63,44,19,24,9,15,8,6,2,304,140,164
423,District-Shivpuri,Urban,15,1429,797,632,220,200,20,53,42,11,13,11,2,534,234,300,133,101,32,52,31,21,11,8,3,413,170,243
423,District-Shivpuri,Urban,16,1711,904,807,302,258,44,79,50,29,15,11,4,713,284,429,157,119,38,53,27,26,12,9,3,380,146,234
423,District-Shivpuri,Urban,17,1718,927,791,355,304,51,105,89,16,24,19,5,752,268,484,147,120,27,34,23,11,6,4,2,295,100,195
423,District-Shivpuri,Urban,18,3316,1768,1548,757,692,65,155,122,33,38,30,8,1415,458,957,292,237,55,89,56,33,24,15,9,546,158,388
423,District-Shivpuri,Urban,19,2294,1133,1161,541,474,67,134,113,21,21,14,7,994,295,699,183,132,51,47,32,15,8,6,2,366,67,299
424,District-Tikamgarh,Total,5-19,149830,77750,72080,17569,13656,3913,9745,5521,4224,2197,1111,1086,22187,8607,13580,9098,4970,4128,5504,1838,3666,1239,456,783,82291,41591,40700
424,District-Tikamgarh,Total,5,30895,16709,14186,6,6,0,2,1,1,1,1,0,145,84,61,214,116,98,91,51,40,13,9,4,30423,16441,13982
424,District-Tikamgarh,Total,6,21988,11507,10481,11,8,3,2,1,1,0,0,0,234,117,117,171,92,79,48,26,22,14,9,5,21508,11254,10254
424,District-Tikamgarh,Total,7,6841,3603,3238,14,9,5,4,1,3,0,0,0,245,128,117,55,26,29,42,19,23,6,3,3,6475,3417,3058
424,District-Tikamgarh,Total,8,4452,2284,2168,28,15,13,6,2,4,1,1,0,379,191,188,69,38,31,25,12,13,12,8,4,3932,2017,1915
424,District-Tikamgarh,Total,9,2767,1374,1393,27,14,13,8,1,7,2,0,2,300,147,153,57,35,22,28,14,14,9,5,4,2336,1158,1178
424,District-Tikamgarh,Total,10,4411,2298,2113,44,29,15,13,8,5,10,4,6,505,242,263,92,45,47,58,27,31,23,15,8,3666,1928,1738
424,District-Tikamgarh,Total,11,2695,1405,1290,119,92,27,64,37,27,15,5,10,502,252,250,108,55,53,61,31,30,20,14,6,1806,919,887
424,District-Tikamgarh,Total,12,3579,1828,1751,251,196,55,151,86,65,52,29,23,864,405,459,266,140,126,149,62,87,60,27,33,1786,883,903
424,District-Tikamgarh,Total,13,3310,1614,1696,290,214,76,180,92,88,58,26,32,951,434,517,256,139,117,166,60,106,59,28,31,1350,621,729
424,District-Tikamgarh,Total,14,4846,2415,2431,653,469,184,401,202,199,136,70,66,1586,703,883,423,247,176,228,94,134,71,27,44,1348,603,745
424,District-Tikamgarh,Total,15,8058,4369,3689,1222,957,265,847,505,342,242,131,111,2543,1161,1382,815,568,247,455,204,251,157,69,88,1777,774,1003
424,District-Tikamgarh,Total,16,10193,5394,4799,2012,1558,454,1324,787,537,321,168,153,3165,1306,1859,1009,621,388,651,292,359,159,61,98,1552,601,951
424,District-Tikamgarh,Total,17,10181,5316,4865,2454,1928,526,1540,908,632,340,179,161,2877,1040,1837,1079,634,445,620,228,392,136,52,84,1135,347,788
424,District-Tikamgarh,Total,18,20596,10275,10321,5773,4522,1251,2981,1638,1343,583,295,288,4663,1444,3219,2732,1417,1315,1659,469,1190,287,86,201,1918,404,1514
424,District-Tikamgarh,Total,19,15018,7359,7659,4665,3639,1026,2222,1252,970,436,202,234,3228,953,2275,1752,797,955,1223,249,974,213,43,170,1279,224,1055
424,District-Tikamgarh,Rural,5-19,127356,65967,61389,15377,11882,3495,8891,4904,3987,1990,965,1025,17363,6665,10698,8065,4323,3742,5035,1612,3423,1165,416,749,69470,35200,34270
424,District-Tikamgarh,Rural,5,26546,14443,12103,5,5,0,1,1,0,0,0,0,116,68,48,177,101,76,81,47,34,13,9,4,26153,14212,11941
424,District-Tikamgarh,Rural,6,18555,9729,8826,9,6,3,2,1,1,0,0,0,183,88,95,141,79,62,40,23,17,13,8,5,18167,9524,8643
424,District-Tikamgarh,Rural,7,5728,2999,2729,13,8,5,4,1,3,0,0,0,187,102,85,39,20,19,38,17,21,6,3,3,5441,2848,2593
424,District-Tikamgarh,Rural,8,3799,1956,1843,26,14,12,5,1,4,1,1,0,330,166,164,60,33,27,21,10,11,12,8,4,3344,1723,1621
424,District-Tikamgarh,Rural,9,2325,1148,1177,25,14,11,7,1,6,2,0,2,258,124,134,48,27,21,24,11,13,9,5,4,1952,966,986
424,District-Tikamgarh,Rural,10,3671,1898,1773,41,26,15,11,7,4,9,3,6,420,200,220,82,37,45,56,26,30,21,13,8,3031,1586,1445
424,District-Tikamgarh,Rural,11,2246,1166,1080,103,79,24,53,29,24,15,5,10,416,203,213,98,48,50,57,28,29,19,14,5,1485,760,725
424,District-Tikamgarh,Rural,12,3006,1531,1475,220,172,48,133,76,57,45,25,20,703,327,376,245,126,119,135,58,77,58,27,31,1467,720,747
424,District-Tikamgarh,Rural,13,2774,1346,1428,263,193,70,155,77,78,57,25,32,764,347,417,230,123,107,152,54,98,56,25,31,1097,502,595
424,District-Tikamgarh,Rural,14,4057,2003,2054,569,405,164,371,184,187,127,62,65,1255,548,707,372,217,155,203,79,124,68,26,42,1092,482,610
424,District-Tikamgarh,Rural,15,6856,3707,3149,1080,836,244,775,447,328,217,114,103,2045,936,1109,733,514,219,406,175,231,147,63,84,1453,622,831
424,District-Tikamgarh,Rural,16,8685,4563,4122,1768,1361,407,1210,699,511,295,151,144,2501,1004,1497,877,533,344,598,257,341,147,57,90,1289,501,788
424,District-Tikamgarh,Rural,17,8696,4512,4184,2122,1668,454,1420,819,601,303,154,149,2284,804,1480,949,545,404,571,204,367,131,48,83,916,270,646
424,District-Tikamgarh,Rural,18,17639,8734,8905,5049,3923,1126,2733,1459,1274,539,261,278,3558,1067,2491,2425,1221,1204,1537,416,1121,264,72,192,1534,315,1219
424,District-Tikamgarh,Rural,19,12773,6232,6541,4084,3172,912,2011,1102,909,380,164,216,2343,681,1662,1589,699,890,1116,207,909,201,38,163,1049,169,880
424,District-Tikamgarh,Urban,5-19,22474,11783,10691,2192,1774,418,854,617,237,207,146,61,4824,1942,2882,1033,647,386,469,226,243,74,40,34,12821,6391,6430
424,District-Tikamgarh,Urban,5,4349,2266,2083,1,1,0,1,0,1,1,1,0,29,16,13,37,15,22,10,4,6,0,0,0,4270,2229,2041
424,District-Tikamgarh,Urban,6,3433,1778,1655,2,2,0,0,0,0,0,0,0,51,29,22,30,13,17,8,3,5,1,1,0,3341,1730,1611
424,District-Tikamgarh,Urban,7,1113,604,509,1,1,0,0,0,0,0,0,0,58,26,32,16,6,10,4,2,2,0,0,0,1034,569,465
424,District-Tikamgarh,Urban,8,653,328,325,2,1,1,1,1,0,0,0,0,49,25,24,9,5,4,4,2,2,0,0,0,588,294,294
424,District-Tikamgarh,Urban,9,442,226,216,2,0,2,1,0,1,0,0,0,42,23,19,9,8,1,4,3,1,0,0,0,384,192,192
424,District-Tikamgarh,Urban,10,740,400,340,3,3,0,2,1,1,1,1,0,85,42,43,10,8,2,2,1,1,2,2,0,635,342,293
424,District-Tikamgarh,Urban,11,449,239,210,16,13,3,11,8,3,0,0,0,86,49,37,10,7,3,4,3,1,1,0,1,321,159,162
424,District-Tikamgarh,Urban,12,573,297,276,31,24,7,18,10,8,7,4,3,161,78,83,21,14,7,14,4,10,2,0,2,319,163,156
424,District-Tikamgarh,Urban,13,536,268,268,27,21,6,25,15,10,1,1,0,187,87,100,26,16,10,14,6,8,3,3,0,253,119,134
424,District-Tikamgarh,Urban,14,789,412,377,84,64,20,30,18,12,9,8,1,331,155,176,51,30,21,25,15,10,3,1,2,256,121,135
424,District-Tikamgarh,Urban,15,1202,662,540,142,121,21,72,58,14,25,17,8,498,225,273,82,54,28,49,29,20,10,6,4,324,152,172
424,District-Tikamgarh,Urban,16,1508,831,677,244,197,47,114,88,26,26,17,9,664,302,362,132,88,44,53,35,18,12,4,8,263,100,163
424,District-Tikamgarh,Urban,17,1485,804,681,332,260,72,120,89,31,37,25,12,593,236,357,130,89,41,49,24,25,5,4,1,219,77,142
424,District-Tikamgarh,Urban,18,2957,1541,1416,724,599,125,248,179,69,44,34,10,1105,377,728,307,196,111,122,53,69,23,14,9,384,89,295
424,District-Tikamgarh,Urban,19,2245,1127,1118,581,467,114,211,150,61,56,38,18,885,272,613,163,98,65,107,42,65,12,5,7,230,55,175
425,District-Chhatarpur,Total,5-19,190274,100038,90236,23961,19319,4642,13036,7912,5124,3447,1726,1721,30617,10946,19671,10422,6325,4097,5968,2492,3476,1459,595,864,101364,50723,50641
425,District-Chhatarpur,Total,5,37112,19893,17219,12,9,3,6,4,2,0,0,0,188,96,92,127,66,61,60,29,31,9,5,4,36710,19684,17026
425,District-Chhatarpur,Total,6,26110,13705,12405,7,5,2,1,1,0,1,0,1,246,134,112,130,61,69,46,25,21,16,7,9,25663,13472,12191
425,District-Chhatarpur,Total,7,9267,4765,4502,19,17,2,14,5,9,0,0,0,276,124,152,82,39,43,34,17,17,14,6,8,8828,4557,4271
425,District-Chhatarpur,Total,8,5545,2814,2731,15,8,7,16,5,11,7,1,6,372,187,185,58,26,32,19,11,8,14,5,9,5044,2571,2473
425,District-Chhatarpur,Total,9,3653,1813,1840,31,19,12,17,8,9,6,1,5,397,209,188,57,31,26,35,16,19,17,7,10,3093,1522,1571
425,District-Chhatarpur,Total,10,5694,2927,2767,78,56,22,35,23,12,17,9,8,630,335,295,108,68,40,74,36,38,45,23,22,4707,2377,2330
425,District-Chhatarpur,Total,11,3341,1702,1639,145,106,39,75,43,32,33,19,14,655,317,338,121,73,48,97,47,50,30,17,13,2185,1080,1105
425,District-Chhatarpur,Total,12,4803,2506,2297,341,274,67,183,107,76,69,35,34,1249,644,605,325,211,114,186,84,102,77,39,38,2373,1112,1261
425,District-Chhatarpur,Total,13,4724,2351,2373,455,339,116,273,163,110,113,54,59,1463,670,793,296,182,114,220,99,121,83,33,50,1821,811,1010
425,District-Chhatarpur,Total,14,7014,3510,3504,865,646,219,588,351,237,225,113,112,2361,978,1383,572,378,194,368,179,189,115,60,55,1920,805,1115
425,District-Chhatarpur,Total,15,11127,5869,5258,1851,1479,372,1228,740,488,420,216,204,3659,1475,2184,1026,702,324,637,324,313,158,65,93,2148,868,1280
425,District-Chhatarpur,Total,16,13931,7434,6497,2960,2370,590,1872,1147,725,547,270,277,4310,1570,2740,1293,884,409,805,382,423,181,93,88,1963,718,1245
425,District-Chhatarpur,Total,17,13186,7108,6078,3377,2741,636,2004,1257,747,538,273,265,3892,1263,2629,1217,786,431,694,313,381,168,69,99,1296,406,890
425,District-Chhatarpur,Total,18,25893,13980,11913,7780,6398,1382,3866,2348,1518,856,448,408,6241,1773,4468,2999,1802,1197,1608,621,987,322,106,216,2221,484,1737
425,District-Chhatarpur,Total,19,18874,9661,9213,6025,4852,1173,2858,1710,1148,615,287,328,4678,1171,3507,2011,1016,995,1085,309,776,210,60,150,1392,256,1136
425,District-Chhatarpur,Rural,5-19,156058,81529,74529,20097,15883,4214,11937,7113,4824,3178,1527,1651,22688,7942,14746,9016,5301,3715,5421,2188,3233,1353,533,820,82368,41042,41326
425,District-Chhatarpur,Rural,5,30555,16391,14164,6,5,1,6,4,2,0,0,0,123,63,60,90,50,40,47,21,26,9,5,4,30274,16243,14031
425,District-Chhatarpur,Rural,6,21027,10950,10077,5,4,1,1,1,0,1,0,1,168,87,81,92,44,48,41,24,17,16,7,9,20703,10783,9920
425,District-Chhatarpur,Rural,7,7346,3779,3567,5,4,1,10,4,6,0,0,0,182,78,104,54,27,27,30,14,16,14,6,8,7051,3646,3405
425,District-Chhatarpur,Rural,8,4579,2329,2250,13,7,6,16,5,11,6,1,5,264,134,130,46,21,25,18,11,7,14,5,9,4202,2145,2057
425,District-Chhatarpur,Rural,9,2940,1476,1464,18,11,7,17,8,9,5,1,4,290,158,132,43,21,22,32,14,18,17,7,10,2518,1256,1262
425,District-Chhatarpur,Rural,10,4572,2342,2230,61,44,17,30,18,12,17,9,8,448,240,208,82,52,30,64,31,33,41,22,19,3829,1926,1903
425,District-Chhatarpur,Rural,11,2684,1364,1320,123,87,36,68,37,31,29,15,14,490,242,248,104,63,41,90,42,48,29,16,13,1751,862,889
425,District-Chhatarpur,Rural,12,3918,2021,1897,279,220,59,168,96,72,63,32,31,956,488,468,279,178,101,162,70,92,75,38,37,1936,899,1037
425,District-Chhatarpur,Rural,13,3821,1836,1985,369,265,104,242,143,99,101,44,57,1134,493,641,255,150,105,204,90,114,74,29,45,1442,622,820
425,District-Chhatarpur,Rural,14,5780,2840,2940,711,522,189,539,318,221,204,100,104,1857,753,1104,497,318,179,334,154,180,103,53,50,1535,622,913
425,District-Chhatarpur,Rural,15,9310,4848,4462,1546,1208,338,1115,660,455,392,194,198,2914,1152,1762,886,595,291,576,292,284,148,61,87,1733,686,1047
425,District-Chhatarpur,Rural,16,11653,6139,5514,2513,1983,530,1710,1019,691,516,248,268,3359,1188,2171,1116,745,371,709,324,385,169,86,83,1561,546,1015
425,District-Chhatarpur,Rural,17,10874,5819,5055,2834,2244,590,1842,1141,701,493,240,253,2866,901,1965,1056,663,393,634,283,351,156,62,94,993,285,708
425,District-Chhatarpur,Rural,18,21604,11531,10073,6592,5301,1291,3549,2121,1428,780,385,395,4521,1232,3289,2622,1511,1111,1465,536,929,293,86,207,1782,359,1423
425,District-Chhatarpur,Rural,19,15395,7864,7531,5022,3978,1044,2624,1538,1086,571,258,313,3116,733,2383,1794,863,931,1015,282,733,195,50,145,1058,162,896
425,District-Chhatarpur,Urban,5-19,34216,18509,15707,3864,3436,428,1099,799,300,269,199,70,7929,3004,4925,1406,1024,382,547,304,243,106,62,44,18996,9681,9315
425,District-Chhatarpur,Urban,5,6557,3502,3055,6,4,2,0,0,0,0,0,0,65,33,32,37,16,21,13,8,5,0,0,0,6436,3441,2995
425,District-Chhatarpur,Urban,6,5083,2755,2328,2,1,1,0,0,0,0,0,0,78,47,31,38,17,21,5,1,4,0,0,0,4960,2689,2271
425,District-Chhatarpur,Urban,7,1921,986,935,14,13,1,4,1,3,0,0,0,94,46,48,28,12,16,4,3,1,0,0,0,1777,911,866
425,District-Chhatarpur,Urban,8,966,485,481,2,1,1,0,0,0,1,0,1,108,53,55,12,5,7,1,0,1,0,0,0,842,426,416
425,District-Chhatarpur,Urban,9,713,337,376,13,8,5,0,0,0,1,0,1,107,51,56,14,10,4,3,2,1,0,0,0,575,266,309
425,District-Chhatarpur,Urban,10,1122,585,537,17,12,5,5,5,0,0,0,0,182,95,87,26,16,10,10,5,5,4,1,3,878,451,427
425,District-Chhatarpur,Urban,11,657,338,319,22,19,3,7,6,1,4,4,0,165,75,90,17,10,7,7,5,2,1,1,0,434,218,216
425,District-Chhatarpur,Urban,12,885,485,400,62,54,8,15,11,4,6,3,3,293,156,137,46,33,13,24,14,10,2,1,1,437,213,224
425,District-Chhatarpur,Urban,13,903,515,388,86,74,12,31,20,11,12,10,2,329,177,152,41,32,9,16,9,7,9,4,5,379,189,190
425,District-Chhatarpur,Urban,14,1234,670,564,154,124,30,49,33,16,21,13,8,504,225,279,75,60,15,34,25,9,12,7,5,385,183,202
425,District-Chhatarpur,Urban,15,1817,1021,796,305,271,34,113,80,33,28,22,6,745,323,422,140,107,33,61,32,29,10,4,6,415,182,233
425,District-Chhatarpur,Urban,16,2278,1295,983,447,387,60,162,128,34,31,22,9,951,382,569,177,139,38,96,58,38,12,7,5,402,172,230
425,District-Chhatarpur,Urban,17,2312,1289,1023,543,497,46,162,116,46,45,33,12,1026,362,664,161,123,38,60,30,30,12,7,5,303,121,182
425,District-Chhatarpur,Urban,18,4289,2449,1840,1188,1097,91,317,227,90,76,63,13,1720,541,1179,377,291,86,143,85,58,29,20,9,439,125,314
425,District-Chhatarpur,Urban,19,3479,1797,1682,1003,874,129,234,172,62,44,29,15,1562,438,1124,217,153,64,70,27,43,15,10,5,334,94,240
426,District-Panna,Total,5-19,98719,53844,44875,10317,8401,1916,8201,5345,2856,2667,1544,1123,16786,6745,10041,3717,2424,1293,3170,1477,1693,1179,526,653,52682,27382,25300
426,District-Panna,Total,5,21580,11652,9928,3,0,3,0,0,0,1,1,0,89,49,40,107,61,46,45,18,27,7,6,1,21328,11517,9811
426,District-Panna,Total,6,13832,7348,6484,3,3,0,1,1,0,0,0,0,152,80,72,55,27,28,36,20,16,18,8,10,13567,7209,6358
426,District-Panna,Total,7,4301,2241,2060,9,7,2,3,2,1,0,0,0,179,92,87,23,16,7,12,6,6,15,3,12,4060,2115,1945
426,District-Panna,Total,8,2223,1187,1036,7,6,1,4,2,2,0,0,0,222,111,111,15,10,5,7,4,3,7,1,6,1961,1053,908
426,District-Panna,Total,9,1974,1038,936,4,3,1,8,4,4,5,1,4,183,108,75,17,9,8,19,10,9,9,6,3,1729,897,832
426,District-Panna,Total,10,2991,1595,1396,20,11,9,18,13,5,7,2,5,324,175,149,41,27,14,45,27,18,27,16,11,2509,1324,1185
426,District-Panna,Total,11,1764,935,829,57,45,12,42,25,17,16,11,5,332,154,178,54,32,22,28,18,10,12,5,7,1223,645,578
426,District-Panna,Total,12,1978,1066,912,127,97,30,99,51,48,45,28,17,593,297,296,115,73,42,89,42,47,43,19,24,867,459,408
426,District-Panna,Total,13,2041,1092,949,157,124,33,136,91,45,66,35,31,682,342,340,96,67,29,97,45,52,61,29,32,746,359,387
426,District-Panna,Total,14,3142,1765,1377,350,288,62,337,209,128,131,77,54,1187,579,608,169,128,41,176,86,90,68,28,40,724,370,354
426,District-Panna,Total,15,5427,3140,2287,762,616,146,760,472,288,295,192,103,1856,893,963,370,259,111,347,185,162,140,88,52,897,435,462
426,District-Panna,Total,16,6957,4021,2936,1230,1008,222,1068,706,362,407,234,173,2417,1065,1352,439,315,124,388,215,173,155,75,80,853,403,450
426,District-Panna,Total,17,6732,3785,2947,1394,1141,253,1221,820,401,395,218,177,2205,900,1305,420,272,148,358,159,199,134,71,63,605,204,401
426,District-Panna,Total,18,13586,7648,5938,3472,2880,592,2558,1691,867,735,435,300,3634,1147,2487,1056,702,354,887,417,470,262,109,153,982,267,715
426,District-Panna,Total,19,10191,5331,4860,2722,2172,550,1946,1258,688,564,310,254,2731,753,1978,740,426,314,636,225,411,221,62,159,631,125,506
426,District-Panna,Rural,5-19,88674,48209,40465,9427,7627,1800,7805,5035,2770,2532,1435,1097,14238,5607,8631,3449,2230,1219,2983,1352,1631,1106,476,630,47134,24447,22687
426,District-Panna,Rural,5,19621,10618,9003,1,0,1,0,0,0,1,1,0,79,43,36,93,53,40,39,16,23,7,6,1,19401,10499,8902
426,District-Panna,Rural,6,12395,6574,5821,2,2,0,1,1,0,0,0,0,128,69,59,48,22,26,33,19,14,18,8,10,12165,6453,5712
426,District-Panna,Rural,7,3860,2009,1851,8,6,2,3,2,1,0,0,0,155,81,74,22,15,7,12,6,6,15,3,12,3645,1896,1749
426,District-Panna,Rural,8,1940,1027,913,6,5,1,3,1,2,0,0,0,201,100,101,14,9,5,7,4,3,7,1,6,1702,907,795
426,District-Panna,Rural,9,1740,920,820,4,3,1,8,4,4,5,1,4,158,92,66,16,9,7,18,10,8,9,6,3,1522,795,727
426,District-Panna,Rural,10,2613,1378,1235,17,8,9,18,13,5,7,2,5,279,146,133,37,25,12,42,26,16,26,15,11,2187,1143,1044
426,District-Panna,Rural,11,1535,808,727,50,40,10,38,24,14,15,10,5,288,138,150,51,32,19,25,16,9,12,5,7,1056,543,513
426,District-Panna,Rural,12,1725,920,805,113,86,27,93,50,43,43,26,17,509,255,254,103,65,38,84,39,45,39,16,23,741,383,358
426,District-Panna,Rural,13,1788,962,826,138,111,27,130,86,44,60,30,30,587,292,295,88,60,28,92,41,51,57,27,30,636,315,321
426,District-Panna,Rural,14,2786,1536,1250,308,253,55,321,195,126,125,72,53,1041,495,546,157,121,36,167,80,87,64,27,37,603,293,310
426,District-Panna,Rural,15,4889,2813,2076,699,567,132,734,454,280,277,178,99,1595,750,845,340,238,102,332,176,156,129,78,51,783,372,411
426,District-Panna,Rural,16,6257,3567,2690,1119,915,204,1013,660,353,384,216,168,2086,889,1197,400,282,118,366,198,168,144,66,78,745,341,404
426,District-Panna,Rural,17,6107,3410,2697,1275,1035,240,1163,771,392,375,202,173,1892,760,1132,393,252,141,342,149,193,128,66,62,539,175,364
426,District-Panna,Rural,18,12236,6890,5346,3192,2624,568,2428,1583,845,694,401,293,3008,927,2081,991,653,338,827,374,453,244,98,146,852,230,622
426,District-Panna,Rural,19,9182,4777,4405,2495,1972,523,1852,1191,661,546,296,250,2232,570,1662,696,394,302,597,198,399,207,54,153,557,102,455
426,District-Panna,Urban,5-19,10045,5635,4410,890,774,116,396,310,86,135,109,26,2548,1138,1410,268,194,74,187,125,62,73,50,23,5548,2935,2613
426,District-Panna,Urban,5,1959,1034,925,2,0,2,0,0,0,0,0,0,10,6,4,14,8,6,6,2,4,0,0,0,1927,1018,909
426,District-Panna,Urban,6,1437,774,663,1,1,0,0,0,0,0,0,0,24,11,13,7,5,2,3,1,2,0,0,0,1402,756,646
426,District-Panna,Urban,7,441,232,209,1,1,0,0,0,0,0,0,0,24,11,13,1,1,0,0,0,0,0,0,0,415,219,196
426,District-Panna,Urban,8,283,160,123,1,1,0,1,1,0,0,0,0,21,11,10,1,1,0,0,0,0,0,0,0,259,146,113
426,District-Panna,Urban,9,234,118,116,0,0,0,0,0,0,0,0,0,25,16,9,1,0,1,1,0,1,0,0,0,207,102,105
426,District-Panna,Urban,10,378,217,161,3,3,0,0,0,0,0,0,0,45,29,16,4,2,2,3,1,2,1,1,0,322,181,141
426,District-Panna,Urban,11,229,127,102,7,5,2,4,1,3,1,1,0,44,16,28,3,0,3,3,2,1,0,0,0,167,102,65
426,District-Panna,Urban,12,253,146,107,14,11,3,6,1,5,2,2,0,84,42,42,12,8,4,5,3,2,4,3,1,126,76,50
426,District-Panna,Urban,13,253,130,123,19,13,6,6,5,1,6,5,1,95,50,45,8,7,1,5,4,1,4,2,2,110,44,66
426,District-Panna,Urban,14,356,229,127,42,35,7,16,14,2,6,5,1,146,84,62,12,7,5,9,6,3,4,1,3,121,77,44
426,District-Panna,Urban,15,538,327,211,63,49,14,26,18,8,18,14,4,261,143,118,30,21,9,15,9,6,11,10,1,114,63,51
426,District-Panna,Urban,16,700,454,246,111,93,18,55,46,9,23,18,5,331,176,155,39,33,6,22,17,5,11,9,2,108,62,46
426,District-Panna,Urban,17,625,375,250,119,106,13,58,49,9,20,16,4,313,140,173,27,20,7,16,10,6,6,5,1,66,29,37
426,District-Panna,Urban,18,1350,758,592,280,256,24,130,108,22,41,34,7,626,220,406,65,49,16,60,43,17,18,11,7,130,37,93
426,District-Panna,Urban,19,1009,554,455,227,200,27,94,67,27,18,14,4,499,183,316,44,32,12,39,27,12,14,8,6,74,23,51
427,District-Sagar,Total,5-19,206524,112596,93928,40082,31998,8084,16715,10464,6251,3923,2094,1829,46751,16182,30569,6622,4303,2319,2812,1405,1407,707,334,373,88912,45816,43096
427,District-Sagar,Total,5,39548,20959,18589,14,8,6,6,3,3,1,0,1,389,219,170,153,87,66,77,40,37,20,12,8,38888,20590,18298
427,District-Sagar,Total,6,25997,13708,12289,18,10,8,7,4,3,0,0,0,531,268,263,124,66,58,52,25,27,19,11,8,25246,13324,11922
427,District-Sagar,Total,7,7550,3912,3638,34,25,9,6,2,4,2,0,2,429,226,203,41,23,18,18,10,8,16,7,9,7004,3619,3385
427,District-Sagar,Total,8,3283,1730,1553,22,16,6,7,5,2,3,1,2,459,234,225,33,19,14,18,7,11,10,5,5,2731,1443,1288
427,District-Sagar,Total,9,2578,1360,1218,44,32,12,10,7,3,3,1,2,436,232,204,26,15,11,18,8,10,5,4,1,2036,1061,975
427,District-Sagar,Total,10,4203,2179,2024,77,49,28,32,15,17,16,11,5,658,341,317,77,45,32,38,19,19,15,7,8,3290,1692,1598
427,District-Sagar,Total,11,2959,1571,1388,242,182,60,99,57,42,26,14,12,745,352,393,71,42,29,38,23,15,13,7,6,1725,894,831
427,District-Sagar,Total,12,3328,1796,1532,500,377,123,192,122,70,58,36,22,1266,599,667,184,111,73,100,46,54,32,13,19,996,492,504
427,District-Sagar,Total,13,3634,1970,1664,591,445,146,270,154,116,88,47,41,1570,749,821,177,101,76,109,48,61,26,15,11,803,411,392
427,District-Sagar,Total,14,6591,3512,3079,1396,1023,373,645,385,260,205,118,87,2937,1228,1709,356,221,135,142,84,58,41,23,18,869,430,439
427,District-Sagar,Total,15,11887,6587,5300,3073,2331,742,1491,877,614,428,219,209,4814,2003,2811,699,482,217,261,152,109,72,39,33,1049,484,565
427,District-Sagar,Total,16,16612,9185,7427,5000,3867,1133,2325,1404,921,630,359,271,6461,2311,4150,803,560,243,327,195,132,81,46,35,985,443,542
427,District-Sagar,Total,17,18545,10361,8184,6167,4933,1234,2714,1738,976,699,329,370,6955,2297,4658,768,530,238,336,180,156,80,35,45,826,319,507
427,District-Sagar,Total,18,33016,19019,13997,12465,10222,2243,4897,3137,1760,1029,554,475,10588,3028,7560,1816,1250,566,719,360,359,152,70,82,1350,398,952
427,District-Sagar,Total,19,26793,14747,12046,10439,8478,1961,4014,2554,1460,735,405,330,8513,2095,6418,1294,751,543,559,208,351,125,40,85,1114,216,898
427,District-Sagar,Rural,5-19,154434,83919,70515,29936,24219,5717,15004,9249,5755,3675,1920,1755,33634,10831,22803,4891,3246,1645,2517,1237,1280,645,295,350,64132,32922,31210
427,District-Sagar,Rural,5,29755,15761,13994,8,5,3,5,2,3,1,0,1,263,146,117,110,63,47,56,31,25,19,11,8,29293,15503,13790
427,District-Sagar,Rural,6,18360,9694,8666,11,6,5,5,4,1,0,0,0,369,192,177,85,43,42,35,18,17,17,9,8,17838,9422,8416
427,District-Sagar,Rural,7,5234,2653,2581,21,16,5,5,1,4,2,0,2,282,141,141,28,13,15,12,7,5,14,5,9,4870,2470,2400
427,District-Sagar,Rural,8,2285,1208,1077,13,9,4,4,2,2,2,1,1,292,153,139,21,14,7,13,5,8,9,4,5,1931,1020,911
427,District-Sagar,Rural,9,1673,882,791,30,24,6,9,6,3,2,1,1,278,139,139,18,12,6,14,5,9,5,4,1,1317,691,626
427,District-Sagar,Rural,10,2841,1481,1360,46,31,15,22,11,11,14,9,5,437,226,211,52,31,21,27,12,15,14,7,7,2229,1154,1075
427,District-Sagar,Rural,11,1852,980,872,137,101,36,81,46,35,21,10,11,451,215,236,56,34,22,34,20,14,11,5,6,1061,549,512
427,District-Sagar,Rural,12,2269,1221,1048,331,255,76,166,100,66,55,36,19,813,377,436,135,82,53,86,39,47,31,12,19,652,320,332
427,District-Sagar,Rural,13,2513,1368,1145,380,292,88,228,132,96,78,41,37,1072,510,562,118,71,47,97,44,53,23,13,10,517,265,252
427,District-Sagar,Rural,14,4880,2583,2297,998,751,247,578,340,238,191,108,83,2117,827,1290,228,154,74,128,75,53,40,23,17,600,305,295
427,District-Sagar,Rural,15,9138,5034,4104,2330,1797,533,1356,789,567,399,194,205,3530,1383,2147,517,380,137,226,135,91,69,37,32,711,319,392
427,District-Sagar,Rural,16,13075,7163,5912,3815,3011,804,2089,1246,843,602,340,262,4954,1639,3315,572,422,150,295,172,123,75,43,32,673,290,383
427,District-Sagar,Rural,17,14440,7980,6460,4621,3765,856,2441,1539,902,661,306,355,5194,1575,3619,574,408,166,308,165,143,67,26,41,574,196,378
427,District-Sagar,Rural,18,25854,14870,10984,9566,7928,1638,4421,2795,1626,954,499,455,7696,2016,5680,1376,957,419,666,328,338,135,60,75,1040,287,753
427,District-Sagar,Rural,19,20265,11041,9224,7629,6228,1401,3594,2236,1358,693,375,318,5886,1292,4594,1001,562,439,520,181,339,116,36,80,826,131,695
427,District-Sagar,Urban,5-19,52090,28677,23413,10146,7779,2367,1711,1215,496,248,174,74,13117,5351,7766,1731,1057,674,295,168,127,62,39,23,24780,12894,11886
427,District-Sagar,Urban,5,9793,5198,4595,6,3,3,1,1,0,0,0,0,126,73,53,43,24,19,21,9,12,1,1,0,9595,5087,4508
427,District-Sagar,Urban,6,7637,4014,3623,7,4,3,2,0,2,0,0,0,162,76,86,39,23,16,17,7,10,2,2,0,7408,3902,3506
427,District-Sagar,Urban,7,2316,1259,1057,13,9,4,1,1,0,0,0,0,147,85,62,13,10,3,6,3,3,2,2,0,2134,1149,985
427,District-Sagar,Urban,8,998,522,476,9,7,2,3,3,0,1,0,1,167,81,86,12,5,7,5,2,3,1,1,0,800,423,377
427,District-Sagar,Urban,9,905,478,427,14,8,6,1,1,0,1,0,1,158,93,65,8,3,5,4,3,1,0,0,0,719,370,349
427,District-Sagar,Urban,10,1362,698,664,31,18,13,10,4,6,2,2,0,221,115,106,25,14,11,11,7,4,1,0,1,1061,538,523
427,District-Sagar,Urban,11,1107,591,516,105,81,24,18,11,7,5,4,1,294,137,157,15,8,7,4,3,1,2,2,0,664,345,319
427,District-Sagar,Urban,12,1059,575,484,169,122,47,26,22,4,3,0,3,453,222,231,49,29,20,14,7,7,1,1,0,344,172,172
427,District-Sagar,Urban,13,1121,602,519,211,153,58,42,22,20,10,6,4,498,239,259,59,30,29,12,4,8,3,2,1,286,146,140
427,District-Sagar,Urban,14,1711,929,782,398,272,126,67,45,22,14,10,4,820,401,419,128,67,61,14,9,5,1,0,1,269,125,144
427,District-Sagar,Urban,15,2749,1553,1196,743,534,209,135,88,47,29,25,4,1284,620,664,182,102,80,35,17,18,3,2,1,338,165,173
427,District-Sagar,Urban,16,3537,2022,1515,1185,856,329,236,158,78,28,19,9,1507,672,835,231,138,93,32,23,9,6,3,3,312,153,159
427,District-Sagar,Urban,17,4105,2381,1724,1546,1168,378,273,199,74,38,23,15,1761,722,1039,194,122,72,28,15,13,13,9,4,252,123,129
427,District-Sagar,Urban,18,7162,4149,3013,2899,2294,605,476,342,134,75,55,20,2892,1012,1880,440,293,147,53,32,21,17,10,7,310,111,199
427,District-Sagar,Urban,19,6528,3706,2822,2810,2250,560,420,318,102,42,30,12,2627,803,1824,293,189,104,39,27,12,9,4,5,288,85,203
428,District-Damoh,Total,5-19,118288,64696,53592,17717,13864,3853,12579,8076,4503,3413,1896,1517,25556,9691,15865,4326,2884,1442,3240,1638,1602,900,415,485,50557,26232,24325
428,District-Damoh,Total,5,22144,11709,10435,7,3,4,5,2,3,1,1,0,228,119,109,102,61,41,61,31,30,14,11,3,21726,11481,10245
428,District-Damoh,Total,6,14450,7710,6740,3,0,3,3,2,1,3,2,1,333,170,163,76,38,38,53,27,26,17,11,6,13962,7460,6502
428,District-Damoh,Total,7,4174,2223,1951,15,10,5,3,1,2,1,1,0,257,131,126,41,21,20,20,7,13,3,2,1,3834,2050,1784
428,District-Damoh,Total,8,2339,1262,1077,23,11,12,3,1,2,0,0,0,295,140,155,18,7,11,29,12,17,8,4,4,1963,1087,876
428,District-Damoh,Total,9,1286,680,606,18,13,5,9,6,3,2,0,2,230,116,114,25,16,9,12,6,6,9,3,6,981,520,461
428,District-Damoh,Total,10,2150,1171,979,44,35,9,23,15,8,14,8,6,451,241,210,41,25,16,34,18,16,26,15,11,1517,814,703
428,District-Damoh,Total,11,1680,916,764,136,97,39,74,47,27,37,21,16,513,266,247,73,48,25,56,29,27,25,14,11,766,394,372
428,District-Damoh,Total,12,2554,1456,1098,264,202,62,172,106,66,84,48,36,904,458,446,131,86,45,123,62,61,56,29,27,820,465,355
428,District-Damoh,Total,13,2625,1364,1261,292,203,89,232,132,100,102,55,47,1045,484,561,112,79,33,129,66,63,51,25,26,662,320,342
428,District-Damoh,Total,14,4493,2424,2069,627,466,161,608,357,251,196,101,95,1907,894,1013,211,148,63,202,106,96,66,24,42,676,328,348
428,District-Damoh,Total,15,7454,4185,3269,1374,1050,324,1105,688,417,399,220,179,2932,1303,1629,413,299,114,336,190,146,100,50,50,795,385,410
428,District-Damoh,Total,16,9642,5455,4187,2122,1664,458,1765,1168,597,527,293,234,3526,1355,2171,513,363,150,390,240,150,127,55,72,672,317,355
428,District-Damoh,Total,17,10313,5850,4463,2670,2097,573,1979,1289,690,526,320,206,3642,1336,2306,497,357,140,366,201,165,86,46,40,547,204,343
428,District-Damoh,Total,18,18640,10625,8015,5595,4460,1135,3702,2470,1232,858,466,392,5270,1594,3676,1271,882,389,811,398,413,198,89,109,935,266,669
428,District-Damoh,Total,19,14344,7666,6678,4527,3553,974,2896,1792,1104,663,360,303,4023,1084,2939,802,454,348,618,245,373,114,37,77,701,141,560
428,District-Damoh,Rural,5-19,98976,53981,44995,14983,11696,3287,11683,7413,4270,3168,1747,1421,20230,7497,12733,3757,2455,1302,3026,1514,1512,854,389,465,41275,21270,20005
428,District-Damoh,Rural,5,18275,9638,8637,5,3,2,3,2,1,0,0,0,161,84,77,78,43,35,51,28,23,13,10,3,17964,9468,8496
428,District-Damoh,Rural,6,11474,6113,5361,2,0,2,2,1,1,3,2,1,246,127,119,59,29,30,33,17,16,17,11,6,11112,5926,5186
428,District-Damoh,Rural,7,3351,1769,1582,13,10,3,3,1,2,0,0,0,196,101,95,32,16,16,15,5,10,3,2,1,3089,1634,1455
428,District-Damoh,Rural,8,1951,1038,913,14,5,9,3,1,2,0,0,0,243,111,132,13,7,6,23,8,15,8,4,4,1647,902,745
428,District-Damoh,Rural,9,1067,556,511,16,11,5,7,5,2,1,0,1,182,92,90,21,12,9,11,6,5,9,3,6,820,427,393
428,District-Damoh,Rural,10,1758,954,804,32,26,6,17,11,6,14,8,6,360,188,172,33,19,14,26,14,12,25,14,11,1251,674,577
428,District-Damoh,Rural,11,1383,746,637,117,83,34,68,42,26,35,19,16,405,207,198,59,38,21,49,25,24,24,14,10,626,318,308
428,District-Damoh,Rural,12,2144,1210,934,221,166,55,158,98,60,79,45,34,719,356,363,116,75,41,115,58,57,52,26,26,684,386,298
428,District-Damoh,Rural,13,2169,1099,1070,241,165,76,211,116,95,88,46,42,838,375,463,98,69,29,122,62,60,50,25,25,521,241,280
428,District-Damoh,Rural,14,3801,2031,1770,515,388,127,557,324,233,178,96,82,1564,720,844,184,127,57,190,99,91,64,24,40,549,253,296
428,District-Damoh,Rural,15,6383,3566,2817,1162,888,274,1035,636,399,368,201,167,2392,1044,1348,365,261,104,315,177,138,99,50,49,647,309,338
428,District-Damoh,Rural,16,8324,4721,3603,1817,1431,386,1648,1087,561,490,271,219,2874,1083,1791,450,312,138,370,230,140,120,51,69,555,256,299
428,District-Damoh,Rural,17,8833,5020,3813,2300,1816,484,1854,1191,663,488,296,192,2872,1016,1856,435,305,130,348,188,160,81,45,36,455,163,292
428,District-Damoh,Rural,18,15974,9092,6882,4768,3791,977,3442,2276,1166,805,432,373,4128,1193,2935,1106,752,354,774,371,403,185,78,107,766,199,567
428,District-Damoh,Rural,19,12089,6428,5661,3760,2913,847,2675,1622,1053,619,331,288,3050,800,2250,708,390,318,584,226,358,104,32,72,589,114,475
428,District-Damoh,Urban,5-19,19312,10715,8597,2734,2168,566,896,663,233,245,149,96,5326,2194,3132,569,429,140,214,124,90,46,26,20,9282,4962,4320
428,District-Damoh,Urban,5,3869,2071,1798,2,0,2,2,0,2,1,1,0,67,35,32,24,18,6,10,3,7,1,1,0,3762,2013,1749
428,District-Damoh,Urban,6,2976,1597,1379,1,0,1,1,1,0,0,0,0,87,43,44,17,9,8,20,10,10,0,0,0,2850,1534,1316
428,District-Damoh,Urban,7,823,454,369,2,0,2,0,0,0,1,1,0,61,30,31,9,5,4,5,2,3,0,0,0,745,416,329
428,District-Damoh,Urban,8,388,224,164,9,6,3,0,0,0,0,0,0,52,29,23,5,0,5,6,4,2,0,0,0,316,185,131
428,District-Damoh,Urban,9,219,124,95,2,2,0,2,1,1,1,0,1,48,24,24,4,4,0,1,0,1,0,0,0,161,93,68
428,District-Damoh,Urban,10,392,217,175,12,9,3,6,4,2,0,0,0,91,53,38,8,6,2,8,4,4,1,1,0,266,140,126
428,District-Damoh,Urban,11,297,170,127,19,14,5,6,5,1,2,2,0,108,59,49,14,10,4,7,4,3,1,0,1,140,76,64
428,District-Damoh,Urban,12,410,246,164,43,36,7,14,8,6,5,3,2,185,102,83,15,11,4,8,4,4,4,3,1,136,79,57
428,District-Damoh,Urban,13,456,265,191,51,38,13,21,16,5,14,9,5,207,109,98,14,10,4,7,4,3,1,0,1,141,79,62
428,District-Damoh,Urban,14,692,393,299,112,78,34,51,33,18,18,5,13,343,174,169,27,21,6,12,7,5,2,0,2,127,75,52
428,District-Damoh,Urban,15,1071,619,452,212,162,50,70,52,18,31,19,12,540,259,281,48,38,10,21,13,8,1,0,1,148,76,72
428,District-Damoh,Urban,16,1318,734,584,305,233,72,117,81,36,37,22,15,652,272,380,63,51,12,20,10,10,7,4,3,117,61,56
428,District-Damoh,Urban,17,1480,830,650,370,281,89,125,98,27,38,24,14,770,320,450,62,52,10,18,13,5,5,1,4,92,41,51
428,District-Damoh,Urban,18,2666,1533,1133,827,669,158,260,194,66,53,34,19,1142,401,741,165,130,35,37,27,10,13,11,2,169,67,102
428,District-Damoh,Urban,19,2255,1238,1017,767,640,127,221,170,51,44,29,15,973,284,689,94,64,30,34,19,15,10,5,5,112,27,85
429,District-Satna,Total,5-19,179684,95376,84308,24413,18758,5655,16771,10439,6332,4818,2736,2082,37594,14287,23307,5318,2976,2342,4198,1708,2490,1193,486,707,85379,43986,41393
429,District-Satna,Total,5,40686,21777,18909,11,9,2,9,4,5,1,1,0,429,209,220,164,92,72,105,61,44,31,15,16,39936,21386,18550
429,District-Satna,Total,6,24795,13003,11792,17,14,3,3,1,2,2,0,2,507,273,234,118,64,54,75,42,33,13,5,8,24060,12604,11456
429,District-Satna,Total,7,6458,3385,3073,27,14,13,3,2,1,2,1,1,405,205,200,43,28,15,26,10,16,6,4,2,5946,3121,2825
429,District-Satna,Total,8,3084,1587,1497,26,15,11,10,6,4,5,3,2,388,178,210,37,21,16,25,14,11,8,2,6,2585,1348,1237
429,District-Satna,Total,9,1796,922,874,26,16,10,9,7,2,8,4,4,392,191,201,34,17,17,14,11,3,10,6,4,1303,670,633
429,District-Satna,Total,10,2982,1579,1403,56,34,22,30,17,13,12,4,8,563,309,254,54,33,21,32,19,13,13,10,3,2222,1153,1069
429,District-Satna,Total,11,2102,1136,966,176,128,48,93,54,39,30,17,13,657,335,322,78,43,35,59,26,33,17,7,10,992,526,466
429,District-Satna,Total,12,3042,1650,1392,369,283,86,199,113,86,65,38,27,1099,565,534,166,95,71,110,50,60,47,25,22,987,481,506
429,District-Satna,Total,13,3162,1698,1464,417,314,103,289,171,118,102,57,45,1219,612,607,157,84,73,107,46,61,45,28,17,826,386,440
429,District-Satna,Total,14,5090,2739,2351,768,568,200,604,361,243,222,139,83,2080,1001,1079,268,145,123,205,93,112,75,30,45,868,402,466
429,District-Satna,Total,15,9215,5177,4038,1723,1326,397,1326,849,477,466,274,192,3478,1644,1834,507,324,183,416,199,217,134,56,78,1165,505,660
429,District-Satna,Total,16,12447,6797,5650,2749,2089,660,2067,1321,746,669,387,282,4587,1874,2713,614,360,254,547,257,290,160,69,91,1054,440,614
429,District-Satna,Total,17,14363,7654,6709,3519,2696,823,2641,1624,1017,789,452,337,5221,1930,3291,624,370,254,490,214,276,148,70,78,931,298,633
429,District-Satna,Total,18,28130,14978,13152,7978,6212,1766,5200,3296,1904,1408,776,632,9246,2925,6321,1475,844,631,1114,409,705,256,89,167,1453,427,1026
429,District-Satna,Total,19,22332,11294,11038,6551,5040,1511,4288,2613,1675,1037,583,454,7323,2036,5287,979,456,523,873,257,616,230,70,160,1051,239,812
429,District-Satna,Rural,5-19,144898,76458,68440,19567,14689,4878,15317,9397,5920,4402,2439,1963,28041,10496,17545,4372,2313,2059,3844,1498,2346,1098,436,662,68257,35190,33067
429,District-Satna,Rural,5,33351,17832,15519,9,9,0,7,3,4,1,1,0,313,150,163,133,77,56,93,53,40,30,14,16,32765,17525,15240
429,District-Satna,Rural,6,19516,10273,9243,12,11,1,3,1,2,2,0,2,402,219,183,93,46,47,64,37,27,12,4,8,18928,9955,8973
429,District-Satna,Rural,7,5112,2698,2414,24,12,12,2,2,0,2,1,1,276,143,133,36,23,13,23,8,15,5,3,2,4744,2506,2238
429,District-Satna,Rural,8,2404,1235,1169,21,12,9,10,6,4,3,1,2,284,129,155,32,16,16,24,14,10,8,2,6,2022,1055,967
429,District-Satna,Rural,9,1399,726,673,20,11,9,7,6,1,7,3,4,267,130,137,30,17,13,14,11,3,10,6,4,1044,542,502
429,District-Satna,Rural,10,2297,1216,1081,43,23,20,21,15,6,9,3,6,404,219,185,45,28,17,27,15,12,12,9,3,1736,904,832
429,District-Satna,Rural,11,1614,869,745,137,99,38,88,51,37,27,16,11,457,232,225,67,36,31,56,24,32,15,6,9,767,405,362
429,District-Satna,Rural,12,2276,1197,1079,278,207,71,170,97,73,55,31,24,772,382,390,133,71,62,95,40,55,42,24,18,731,345,386
429,District-Satna,Rural,13,2338,1218,1120,312,226,86,242,136,106,83,44,39,830,406,424,121,59,62,95,37,58,36,21,15,619,289,330
429,District-Satna,Rural,14,3867,2062,1805,571,406,165,518,307,211,200,124,76,1467,703,764,215,115,100,187,85,102,69,28,41,640,294,346
429,District-Satna,Rural,15,7358,4103,3255,1351,1011,340,1196,757,439,408,234,174,2616,1234,1382,429,268,161,368,172,196,117,46,71,873,381,492
429,District-Satna,Rural,16,9937,5385,4552,2165,1608,557,1885,1186,699,611,343,268,3368,1368,2000,484,268,216,500,229,271,147,64,83,777,319,458
429,District-Satna,Rural,17,11665,6130,5535,2786,2082,704,2411,1461,950,715,398,317,3944,1436,2508,520,292,228,448,186,262,139,63,76,702,212,490
429,District-Satna,Rural,18,23185,12201,10984,6479,4944,1535,4772,2977,1795,1312,708,604,7048,2193,4855,1211,650,561,1028,361,667,238,81,157,1097,287,810
429,District-Satna,Rural,19,18579,9313,9266,5359,4028,1331,3985,2392,1593,967,532,435,5593,1552,4041,823,347,476,822,226,596,218,65,153,812,171,641
429,District-Satna,Urban,5-19,34786,18918,15868,4846,4069,777,1454,1042,412,416,297,119,9553,3791,5762,946,663,283,354,210,144,95,50,45,17122,8796,8326
429,District-Satna,Urban,5,7335,3945,3390,2,0,2,2,1,1,0,0,0,116,59,57,31,15,16,12,8,4,1,1,0,7171,3861,3310
429,District-Satna,Urban,6,5279,2730,2549,5,3,2,0,0,0,0,0,0,105,54,51,25,18,7,11,5,6,1,1,0,5132,2649,2483
429,District-Satna,Urban,7,1346,687,659,3,2,1,1,0,1,0,0,0,129,62,67,7,5,2,3,2,1,1,1,0,1202,615,587
429,District-Satna,Urban,8,680,352,328,5,3,2,0,0,0,2,2,0,104,49,55,5,5,0,1,0,1,0,0,0,563,293,270
429,District-Satna,Urban,9,397,196,201,6,5,1,2,1,1,1,1,0,125,61,64,4,0,4,0,0,0,0,0,0,259,128,131
429,District-Satna,Urban,10,685,363,322,13,11,2,9,2,7,3,1,2,159,90,69,9,5,4,5,4,1,1,1,0,486,249,237
429,District-Satna,Urban,11,488,267,221,39,29,10,5,3,2,3,1,2,200,103,97,11,7,4,3,2,1,2,1,1,225,121,104
429,District-Satna,Urban,12,766,453,313,91,76,15,29,16,13,10,7,3,327,183,144,33,24,9,15,10,5,5,1,4,256,136,120
429,District-Satna,Urban,13,824,480,344,105,88,17,47,35,12,19,13,6,389,206,183,36,25,11,12,9,3,9,7,2,207,97,110
429,District-Satna,Urban,14,1223,677,546,197,162,35,86,54,32,22,15,7,613,298,315,53,30,23,18,8,10,6,2,4,228,108,120
429,District-Satna,Urban,15,1857,1074,783,372,315,57,130,92,38,58,40,18,862,410,452,78,56,22,48,27,21,17,10,7,292,124,168
429,District-Satna,Urban,16,2510,1412,1098,584,481,103,182,135,47,58,44,14,1219,506,713,130,92,38,47,28,19,13,5,8,277,121,156
429,District-Satna,Urban,17,2698,1524,1174,733,614,119,230,163,67,74,54,20,1277,494,783,104,78,26,42,28,14,9,7,2,229,86,143
429,District-Satna,Urban,18,4945,2777,2168,1499,1268,231,428,319,109,96,68,28,2198,732,1466,264,194,70,86,48,38,18,8,10,356,140,216
429,District-Satna,Urban,19,3753,1981,1772,1192,1012,180,303,221,82,70,51,19,1730,484,1246,156,109,47,51,31,20,12,5,7,239,68,171
430,District-Rewa,Total,5-19,203618,106271,97347,24891,18074,6817,18774,11092,7682,5681,2948,2733,37501,14307,23194,7797,4051,3746,5925,2536,3389,1654,649,1005,101395,52614,48781
430,District-Rewa,Total,5,44834,24289,20545,14,5,9,9,7,2,4,3,1,387,206,181,432,238,194,251,139,112,51,27,24,43686,23664,20022
430,District-Rewa,Total,6,27794,14861,12933,13,9,4,19,9,10,2,1,1,476,248,228,278,149,129,191,92,99,39,14,25,26776,14339,12437
430,District-Rewa,Total,7,8270,4270,4000,46,25,21,29,16,13,3,0,3,504,235,269,119,66,53,74,33,41,23,10,13,7472,3885,3587
430,District-Rewa,Total,8,4886,2522,2364,52,30,22,20,10,10,0,0,0,552,298,254,133,64,69,82,42,40,17,8,9,4030,2070,1960
430,District-Rewa,Total,9,3183,1626,1557,38,27,11,21,10,11,9,6,3,505,251,254,90,43,47,57,25,32,15,6,9,2448,1258,1190
430,District-Rewa,Total,10,4952,2598,2354,90,53,37,61,36,25,19,13,6,720,389,331,150,77,73,140,67,73,50,22,28,3722,1941,1781
430,District-Rewa,Total,11,3273,1723,1550,224,160,64,135,78,57,37,22,15,797,392,405,166,87,79,110,51,59,40,18,22,1764,915,849
430,District-Rewa,Total,12,4292,2273,2019,445,321,124,275,167,108,118,61,57,1198,579,619,274,156,118,239,107,132,93,44,49,1650,838,812
430,District-Rewa,Total,13,4148,2091,2057,478,336,142,357,199,158,156,99,57,1336,635,701,255,112,143,234,104,130,70,30,40,1262,576,686
430,District-Rewa,Total,14,6381,3275,3106,935,653,282,700,421,279,262,132,130,2173,1017,1156,414,217,197,347,162,185,135,64,71,1415,609,806
430,District-Rewa,Total,15,10449,5675,4774,1829,1333,496,1497,905,592,571,316,255,3385,1548,1837,715,423,292,576,299,277,206,97,109,1670,754,916
430,District-Rewa,Total,16,13813,7280,6533,2881,2125,756,2395,1461,934,791,419,372,4582,1794,2788,836,487,349,664,317,347,234,110,124,1430,567,863
430,District-Rewa,Total,17,15401,7908,7493,3639,2640,999,2899,1731,1168,976,512,464,5172,1860,3312,814,437,377,613,264,349,156,58,98,1132,406,726
430,District-Rewa,Total,18,29325,15035,14290,7926,5833,2093,5803,3465,2338,1575,814,761,8834,2863,5971,1807,922,885,1304,517,787,290,83,207,1786,538,1248
430,District-Rewa,Total,19,22617,10845,11772,6281,4524,1757,4554,2577,1977,1158,550,608,6880,1992,4888,1314,573,741,1043,317,726,235,58,177,1152,254,898
430,District-Rewa,Rural,5-19,175373,91057,84316,21078,15055,6023,17351,10124,7227,5082,2603,2479,30610,11661,18949,6789,3442,3347,5425,2253,3172,1496,572,924,87542,45347,42195
430,District-Rewa,Rural,5,38959,21084,17875,13,4,9,9,7,2,3,2,1,309,164,145,406,222,184,219,122,97,44,23,21,37956,20540,17416
430,District-Rewa,Rural,6,23854,12751,11103,12,9,3,17,7,10,2,1,1,411,216,195,257,138,119,164,79,85,32,12,20,22959,12289,10670
430,District-Rewa,Rural,7,7159,3688,3471,40,21,19,27,16,11,3,0,3,406,193,213,105,57,48,69,31,38,21,9,12,6488,3361,3127
430,District-Rewa,Rural,8,4229,2174,2055,43,25,18,19,9,10,0,0,0,476,261,215,121,57,64,74,39,35,16,7,9,3480,1776,1704
430,District-Rewa,Rural,9,2789,1411,1378,34,23,11,20,9,11,6,3,3,431,218,213,81,35,46,53,24,29,12,5,7,2152,1094,1058
430,District-Rewa,Rural,10,4282,2244,2038,79,45,34,55,33,22,15,10,5,597,330,267,137,70,67,131,63,68,40,18,22,3228,1675,1553
430,District-Rewa,Rural,11,2811,1477,1334,195,141,54,122,71,51,34,21,13,645,313,332,147,79,68,94,40,54,37,17,20,1537,795,742
430,District-Rewa,Rural,12,3658,1932,1726,386,276,110,253,150,103,103,53,50,973,480,493,235,128,107,216,94,122,86,40,46,1406,711,695
430,District-Rewa,Rural,13,3488,1717,1771,395,272,123,319,171,148,136,86,50,1068,496,572,220,92,128,215,94,121,63,27,36,1072,479,593
430,District-Rewa,Rural,14,5416,2734,2682,773,520,253,623,366,257,233,114,119,1763,825,938,359,185,174,328,150,178,124,59,65,1213,515,698
430,District-Rewa,Rural,15,8848,4759,4089,1498,1067,431,1375,821,554,515,284,231,2729,1240,1489,625,371,254,533,273,260,186,85,101,1387,618,769
430,District-Rewa,Rural,16,11905,6221,5684,2407,1748,659,2209,1343,866,721,374,347,3770,1454,2316,741,431,310,599,277,322,216,100,116,1242,494,748
430,District-Rewa,Rural,17,13120,6672,6448,3051,2174,877,2684,1578,1106,854,438,416,4207,1499,2708,683,357,326,559,230,329,140,48,92,942,348,594
430,District-Rewa,Rural,18,25369,12951,12418,6797,4941,1856,5394,3198,2196,1421,733,688,7238,2347,4891,1539,756,783,1192,448,744,268,75,193,1520,453,1067
430,District-Rewa,Rural,19,19486,9242,10244,5355,3789,1566,4225,2345,1880,1036,484,552,5587,1625,3962,1133,464,669,979,289,690,211,47,164,960,199,761
430,District-Rewa,Urban,5-19,28245,15214,13031,3813,3019,794,1423,968,455,599,345,254,6891,2646,4245,1008,609,399,500,283,217,158,77,81,13853,7267,6586
430,District-Rewa,Urban,5,5875,3205,2670,1,1,0,0,0,0,1,1,0,78,42,36,26,16,10,32,17,15,7,4,3,5730,3124,2606
430,District-Rewa,Urban,6,3940,2110,1830,1,0,1,2,2,0,0,0,0,65,32,33,21,11,10,27,13,14,7,2,5,3817,2050,1767
430,District-Rewa,Urban,7,1111,582,529,6,4,2,2,0,2,0,0,0,98,42,56,14,9,5,5,2,3,2,1,1,984,524,460
430,District-Rewa,Urban,8,657,348,309,9,5,4,1,1,0,0,0,0,76,37,39,12,7,5,8,3,5,1,1,0,550,294,256
430,District-Rewa,Urban,9,394,215,179,4,4,0,1,1,0,3,3,0,74,33,41,9,8,1,4,1,3,3,1,2,296,164,132
430,District-Rewa,Urban,10,670,354,316,11,8,3,6,3,3,4,3,1,123,59,64,13,7,6,9,4,5,10,4,6,494,266,228
430,District-Rewa,Urban,11,462,246,216,29,19,10,13,7,6,3,1,2,152,79,73,19,8,11,16,11,5,3,1,2,227,120,107
430,District-Rewa,Urban,12,634,341,293,59,45,14,22,17,5,15,8,7,225,99,126,39,28,11,23,13,10,7,4,3,244,127,117
430,District-Rewa,Urban,13,660,374,286,83,64,19,38,28,10,20,13,7,268,139,129,35,20,15,19,10,9,7,3,4,190,97,93
430,District-Rewa,Urban,14,965,541,424,162,133,29,77,55,22,29,18,11,410,192,218,55,32,23,19,12,7,11,5,6,202,94,108
430,District-Rewa,Urban,15,1601,916,685,331,266,65,122,84,38,56,32,24,656,308,348,90,52,38,43,26,17,20,12,8,283,136,147
430,District-Rewa,Urban,16,1908,1059,849,474,377,97,186,118,68,70,45,25,812,340,472,95,56,39,65,40,25,18,10,8,188,73,115
430,District-Rewa,Urban,17,2281,1236,1045,588,466,122,215,153,62,122,74,48,965,361,604,131,80,51,54,34,20,16,10,6,190,58,132
430,District-Rewa,Urban,18,3956,2084,1872,1129,892,237,409,267,142,154,81,73,1596,516,1080,268,166,102,112,69,43,22,8,14,266,85,181
430,District-Rewa,Urban,19,3131,1603,1528,926,735,191,329,232,97,122,66,56,1293,367,926,181,109,72,64,28,36,24,11,13,192,55,137
431,District-Umaria,Total,5-19,59958,30118,29840,4532,3228,1304,7093,4126,2967,3248,1750,1498,11988,4906,7082,1747,884,863,2493,945,1548,1242,493,749,27615,13786,13829
431,District-Umaria,Total,5,12593,6570,6023,5,4,1,5,4,1,1,1,0,78,41,37,116,65,51,72,37,35,38,22,16,12278,6396,5882
431,District-Umaria,Total,6,7553,3972,3581,3,1,2,1,1,0,1,1,0,134,72,62,64,31,33,43,29,14,32,19,13,7275,3818,3457
431,District-Umaria,Total,7,2162,1125,1037,6,1,5,6,3,3,5,3,2,104,54,50,28,17,11,14,9,5,15,9,6,1984,1029,955
431,District-Umaria,Total,8,1002,499,503,10,4,6,7,3,4,4,2,2,108,55,53,24,8,16,15,7,8,9,6,3,825,414,411
431,District-Umaria,Total,9,702,366,336,8,5,3,6,5,1,4,2,2,121,68,53,12,3,9,10,3,7,12,9,3,529,271,258
431,District-Umaria,Total,10,1044,500,544,17,10,7,16,8,8,8,5,3,185,85,100,24,10,14,27,11,16,16,9,7,751,362,389
431,District-Umaria,Total,11,784,415,369,31,22,9,43,22,21,16,8,8,241,117,124,23,11,12,30,18,12,16,7,9,384,210,174
431,District-Umaria,Total,12,1159,581,578,62,44,18,95,60,35,44,25,19,401,197,204,45,24,21,71,22,49,34,18,16,407,191,216
431,District-Umaria,Total,13,1374,698,676,79,62,17,135,68,67,76,43,33,550,285,265,34,21,13,76,26,50,46,20,26,378,173,205
431,District-Umaria,Total,14,2152,1102,1050,182,118,64,294,191,103,146,67,79,873,431,442,75,43,32,135,58,77,64,26,38,383,168,215
431,District-Umaria,Total,15,3581,1780,1801,316,216,100,600,349,251,312,166,146,1321,596,725,138,76,62,222,92,130,139,68,71,533,217,316
431,District-Umaria,Total,16,4662,2328,2334,545,364,181,862,517,345,495,275,220,1636,722,914,181,104,77,287,122,165,153,50,103,503,174,329
431,District-Umaria,Total,17,5220,2566,2654,695,499,196,1234,718,516,508,260,248,1731,683,1048,201,100,101,330,118,212,141,47,94,380,141,239
431,District-Umaria,Total,18,8713,4269,4444,1338,976,362,2068,1189,879,908,509,399,2490,892,1598,403,202,201,635,250,385,290,109,181,581,142,439
431,District-Umaria,Total,19,7257,3347,3910,1235,902,333,1721,988,733,720,383,337,2015,608,1407,379,169,210,526,143,383,237,74,163,424,80,344
431,District-Umaria,Rural,5-19,51823,25749,26074,3941,2728,1213,6732,3828,2904,3076,1627,1449,9522,3847,5675,1584,771,813,2374,868,1506,1131,431,700,23463,11649,11814
431,District-Umaria,Rural,5,10931,5659,5272,3,2,1,4,3,1,1,1,0,59,30,29,109,61,48,69,35,34,37,21,16,10649,5506,5143
431,District-Umaria,Rural,6,6419,3356,3063,2,0,2,1,1,0,1,1,0,113,59,54,59,29,30,42,28,14,31,18,13,6170,3220,2950
431,District-Umaria,Rural,7,1811,940,871,6,1,5,6,3,3,5,3,2,84,42,42,26,15,11,14,9,5,14,9,5,1656,858,798
431,District-Umaria,Rural,8,857,428,429,10,4,6,7,3,4,4,2,2,86,45,41,23,8,15,15,7,8,8,5,3,704,354,350
431,District-Umaria,Rural,9,610,320,290,7,4,3,6,5,1,3,2,1,101,55,46,12,3,9,10,3,7,12,9,3,459,239,220
431,District-Umaria,Rural,10,846,386,460,17,10,7,15,7,8,8,5,3,154,66,88,24,10,14,25,10,15,13,7,6,590,271,319
431,District-Umaria,Rural,11,669,351,318,25,16,9,42,22,20,15,8,7,191,88,103,23,11,12,25,15,10,16,7,9,332,184,148
431,District-Umaria,Rural,12,966,475,491,50,35,15,89,56,33,40,22,18,337,160,177,40,22,18,69,21,48,32,16,16,309,143,166
431,District-Umaria,Rural,13,1158,579,579,72,57,15,132,66,66,73,41,32,441,226,215,32,20,12,68,21,47,37,15,22,303,133,170
431,District-Umaria,Rural,14,1884,953,931,152,97,55,284,181,103,137,62,75,741,364,377,67,37,30,128,53,75,60,26,34,315,133,182
431,District-Umaria,Rural,15,3144,1534,1610,279,186,93,565,320,245,295,158,137,1104,486,618,125,65,60,208,85,123,122,57,65,446,177,269
431,District-Umaria,Rural,16,4057,2012,2045,484,314,170,824,485,339,473,255,218,1312,581,731,159,86,73,273,112,161,128,41,87,404,138,266
431,District-Umaria,Rural,17,4566,2234,2332,613,431,182,1164,659,505,484,243,241,1362,543,819,185,87,98,311,109,202,125,37,88,322,125,197
431,District-Umaria,Rural,18,7599,3654,3945,1148,806,342,1956,1103,853,850,465,385,1933,673,1260,363,175,188,611,230,381,267,92,175,471,110,361
431,District-Umaria,Rural,19,6306,2868,3438,1073,765,308,1637,914,723,687,359,328,1504,429,1075,337,142,195,506,130,376,229,71,158,333,58,275
431,District-Umaria,Urban,5-19,8135,4369,3766,591,500,91,361,298,63,172,123,49,2466,1059,1407,163,113,50,119,77,42,111,62,49,4152,2137,2015
431,District-Umaria,Urban,5,1662,911,751,2,2,0,1,1,0,0,0,0,19,11,8,7,4,3,3,2,1,1,1,0,1629,890,739
431,District-Umaria,Urban,6,1134,616,518,1,1,0,0,0,0,0,0,0,21,13,8,5,2,3,1,1,0,1,1,0,1105,598,507
431,District-Umaria,Urban,7,351,185,166,0,0,0,0,0,0,0,0,0,20,12,8,2,2,0,0,0,0,1,0,1,328,171,157
431,District-Umaria,Urban,8,145,71,74,0,0,0,0,0,0,0,0,0,22,10,12,1,0,1,0,0,0,1,1,0,121,60,61
431,District-Umaria,Urban,9,92,46,46,1,1,0,0,0,0,1,0,1,20,13,7,0,0,0,0,0,0,0,0,0,70,32,38
431,District-Umaria,Urban,10,198,114,84,0,0,0,1,1,0,0,0,0,31,19,12,0,0,0,2,1,1,3,2,1,161,91,70
431,District-Umaria,Urban,11,115,64,51,6,6,0,1,0,1,1,0,1,50,29,21,0,0,0,5,3,2,0,0,0,52,26,26
431,District-Umaria,Urban,12,193,106,87,12,9,3,6,4,2,4,3,1,64,37,27,5,2,3,2,1,1,2,2,0,98,48,50
431,District-Umaria,Urban,13,216,119,97,7,5,2,3,2,1,3,2,1,109,59,50,2,1,1,8,5,3,9,5,4,75,40,35
431,District-Umaria,Urban,14,268,149,119,30,21,9,10,10,0,9,5,4,132,67,65,8,6,2,7,5,2,4,0,4,68,35,33
431,District-Umaria,Urban,15,437,246,191,37,30,7,35,29,6,17,8,9,217,110,107,13,11,2,14,7,7,17,11,6,87,40,47
431,District-Umaria,Urban,16,605,316,289,61,50,11,38,32,6,22,20,2,324,141,183,22,18,4,14,10,4,25,9,16,99,36,63
431,District-Umaria,Urban,17,654,332,322,82,68,14,70,59,11,24,17,7,369,140,229,16,13,3,19,9,10,16,10,6,58,16,42
431,District-Umaria,Urban,18,1114,615,499,190,170,20,112,86,26,58,44,14,557,219,338,40,27,13,24,20,4,23,17,6,110,32,78
431,District-Umaria,Urban,19,951,479,472,162,137,25,84,74,10,33,24,9,511,179,332,42,27,15,20,13,7,8,3,5,91,22,69
432,District-Neemuch ,Total,5-19,69611,32575,37036,20981,12588,8393,5165,2241,2924,947,381,566,11159,3237,7922,6387,2296,4091,1885,541,1344,302,84,218,22785,11207,11578
432,District-Neemuch ,Total,5,9718,5123,4595,8,6,2,1,1,0,0,0,0,149,79,70,51,28,23,18,11,7,3,1,2,9488,4997,4491
432,District-Neemuch ,Total,6,6350,3332,3018,5,5,0,1,0,1,0,0,0,165,86,79,35,16,19,16,7,9,2,1,1,6126,3217,2909
432,District-Neemuch ,Total,7,1774,866,908,5,1,4,3,1,2,0,0,0,129,64,65,15,3,12,8,4,4,2,1,1,1612,792,820
432,District-Neemuch ,Total,8,1192,593,599,15,8,7,2,0,2,0,0,0,154,87,67,20,9,11,14,7,7,2,0,2,985,482,503
432,District-Neemuch ,Total,9,719,348,371,19,11,8,7,5,2,0,0,0,143,67,76,23,10,13,14,6,8,2,2,0,511,247,264
432,District-Neemuch ,Total,10,1353,637,716,75,40,35,24,13,11,8,4,4,260,126,134,94,39,55,42,24,18,15,6,9,835,385,450
432,District-Neemuch ,Total,11,958,440,518,168,93,75,34,14,20,9,1,8,257,117,140,83,35,48,32,14,18,8,3,5,367,163,204
432,District-Neemuch ,Total,12,1856,818,1038,387,205,182,114,41,73,31,8,23,492,217,275,257,107,150,92,35,57,12,7,5,471,198,273
432,District-Neemuch ,Total,13,1959,826,1133,502,266,236,141,66,75,54,17,37,583,220,363,235,93,142,90,31,59,21,8,13,333,125,208
432,District-Neemuch ,Total,14,3099,1226,1873,995,502,493,337,120,217,72,26,46,835,276,559,389,136,253,126,30,96,25,8,17,320,128,192
432,District-Neemuch ,Total,15,5496,2493,3003,2044,1183,861,672,287,385,131,54,77,1217,395,822,738,322,416,221,77,144,43,10,33,430,165,265
432,District-Neemuch ,Total,16,6706,2927,3779,2890,1664,1226,781,322,459,153,70,83,1380,367,1013,846,326,520,262,71,191,44,10,34,350,97,253
432,District-Neemuch ,Total,17,6718,3018,3700,3150,1874,1276,771,330,441,154,56,98,1443,387,1056,714,247,467,215,56,159,31,10,21,240,58,182
432,District-Neemuch ,Total,18,12602,5753,6849,6124,3824,2300,1359,628,731,197,87,110,2220,427,1793,1754,573,1181,469,113,356,57,11,46,422,90,332
432,District-Neemuch ,Total,19,9111,4175,4936,4594,2906,1688,918,413,505,138,58,80,1732,322,1410,1133,352,781,266,55,211,35,6,29,295,63,232
432,District-Neemuch ,Rural,5-19,52712,23839,28873,17323,9656,7667,4590,1893,2697,826,315,511,6469,1856,4613,5503,1756,3747,1607,422,1185,266,67,199,16128,7874,8254
432,District-Neemuch ,Rural,5,7109,3757,3352,5,4,1,0,0,0,0,0,0,95,49,46,42,24,18,13,8,5,3,1,2,6951,3671,3280
432,District-Neemuch ,Rural,6,4414,2290,2124,4,4,0,1,0,1,0,0,0,104,54,50,24,9,15,12,6,6,2,1,1,4267,2216,2051
432,District-Neemuch ,Rural,7,1265,609,656,5,1,4,2,1,1,0,0,0,88,43,45,13,3,10,4,3,1,2,1,1,1151,557,594
432,District-Neemuch ,Rural,8,876,425,451,10,4,6,2,0,2,0,0,0,110,65,45,17,7,10,5,2,3,2,0,2,730,347,383
432,District-Neemuch ,Rural,9,497,240,257,16,9,7,7,5,2,0,0,0,100,48,52,16,6,10,11,5,6,0,0,0,347,167,180
432,District-Neemuch ,Rural,10,976,438,538,68,33,35,22,11,11,8,4,4,171,80,91,80,31,49,30,16,14,14,6,8,583,257,326
432,District-Neemuch ,Rural,11,691,301,390,133,67,66,28,10,18,9,1,8,178,82,96,73,28,45,26,11,15,7,3,4,237,99,138
432,District-Neemuch ,Rural,12,1386,570,816,332,166,166,101,34,67,29,7,22,304,123,181,225,92,133,76,27,49,10,5,5,309,116,193
432,District-Neemuch ,Rural,13,1487,594,893,422,200,222,125,54,71,47,12,35,370,142,228,206,77,129,74,25,49,14,5,9,229,79,150
432,District-Neemuch ,Rural,14,2421,878,1543,836,385,451,309,108,201,64,21,43,519,156,363,342,102,240,113,26,87,23,7,16,215,73,142
432,District-Neemuch ,Rural,15,4406,1925,2481,1757,948,809,608,246,362,117,44,73,764,248,516,638,260,378,186,59,127,39,10,29,297,110,187
432,District-Neemuch ,Rural,16,5298,2202,3096,2441,1300,1141,694,268,426,126,53,73,814,199,615,714,252,462,229,61,168,40,7,33,240,62,178
432,District-Neemuch ,Rural,17,5203,2255,2948,2602,1450,1152,692,277,415,136,49,87,819,217,602,604,179,425,190,43,147,28,9,19,132,31,101
432,District-Neemuch ,Rural,18,9847,4351,5496,5034,2944,2090,1204,538,666,172,77,95,1178,212,966,1534,433,1101,401,85,316,51,8,43,273,54,219
432,District-Neemuch ,Rural,19,6836,3004,3832,3658,2141,1517,795,341,454,118,47,71,855,138,717,975,253,722,237,45,192,31,4,27,167,35,132
432,District-Neemuch ,Urban,5-19,16899,8736,8163,3658,2932,726,575,348,227,121,66,55,4690,1381,3309,884,540,344,278,119,159,36,17,19,6657,3333,3324
432,District-Neemuch ,Urban,5,2609,1366,1243,3,2,1,1,1,0,0,0,0,54,30,24,9,4,5,5,3,2,0,0,0,2537,1326,1211
432,District-Neemuch ,Urban,6,1936,1042,894,1,1,0,0,0,0,0,0,0,61,32,29,11,7,4,4,1,3,0,0,0,1859,1001,858
432,District-Neemuch ,Urban,7,509,257,252,0,0,0,1,0,1,0,0,0,41,21,20,2,0,2,4,1,3,0,0,0,461,235,226
432,District-Neemuch ,Urban,8,316,168,148,5,4,1,0,0,0,0,0,0,44,22,22,3,2,1,9,5,4,0,0,0,255,135,120
432,District-Neemuch ,Urban,9,222,108,114,3,2,1,0,0,0,0,0,0,43,19,24,7,4,3,3,1,2,2,2,0,164,80,84
432,District-Neemuch ,Urban,10,377,199,178,7,7,0,2,2,0,0,0,0,89,46,43,14,8,6,12,8,4,1,0,1,252,128,124
432,District-Neemuch ,Urban,11,267,139,128,35,26,9,6,4,2,0,0,0,79,35,44,10,7,3,6,3,3,1,0,1,130,64,66
432,District-Neemuch ,Urban,12,470,248,222,55,39,16,13,7,6,2,1,1,188,94,94,32,15,17,16,8,8,2,2,0,162,82,80
432,District-Neemuch ,Urban,13,472,232,240,80,66,14,16,12,4,7,5,2,213,78,135,29,16,13,16,6,10,7,3,4,104,46,58
432,District-Neemuch ,Urban,14,678,348,330,159,117,42,28,12,16,8,5,3,316,120,196,47,34,13,13,4,9,2,1,1,105,55,50
432,District-Neemuch ,Urban,15,1090,568,522,287,235,52,64,41,23,14,10,4,453,147,306,100,62,38,35,18,17,4,0,4,133,55,78
432,District-Neemuch ,Urban,16,1408,725,683,449,364,85,87,54,33,27,17,10,566,168,398,132,74,58,33,10,23,4,3,1,110,35,75
432,District-Neemuch ,Urban,17,1515,763,752,548,424,124,79,53,26,18,7,11,624,170,454,110,68,42,25,13,12,3,1,2,108,27,81
432,District-Neemuch ,Urban,18,2755,1402,1353,1090,880,210,155,90,65,25,10,15,1042,215,827,220,140,80,68,28,40,6,3,3,149,36,113
432,District-Neemuch ,Urban,19,2275,1171,1104,936,765,171,123,72,51,20,11,9,877,184,693,158,99,59,29,10,19,4,2,2,128,28,100
433,District-Mandsaur,Total,5-19,119975,55608,64367,33277,21546,11731,13809,5418,8391,2208,728,1480,20414,5384,15030,6883,2602,4281,3512,680,2832,624,127,497,39248,19123,20125
433,District-Mandsaur,Total,5,17309,9215,8094,5,3,2,4,1,3,0,0,0,172,83,89,64,40,24,24,13,11,1,0,1,17039,9075,7964
433,District-Mandsaur,Total,6,11818,6099,5719,6,5,1,4,2,2,1,0,1,239,120,119,53,28,25,34,17,17,1,0,1,11480,5927,5553
433,District-Mandsaur,Total,7,3015,1503,1512,21,12,9,4,2,2,0,0,0,221,101,120,34,16,18,13,7,6,3,0,3,2719,1365,1354
433,District-Mandsaur,Total,8,1561,726,835,18,11,7,6,1,5,1,0,1,241,111,130,42,17,25,21,6,15,2,0,2,1230,580,650
433,District-Mandsaur,Total,9,984,467,517,25,8,17,16,8,8,0,0,0,228,108,120,31,14,17,18,7,11,6,1,5,660,321,339
433,District-Mandsaur,Total,10,1803,792,1011,80,54,26,45,15,30,18,7,11,451,202,249,107,42,65,42,13,29,20,9,11,1040,450,590
433,District-Mandsaur,Total,11,1356,584,772,162,105,57,113,43,70,19,6,13,410,164,246,96,42,54,58,11,47,20,7,13,478,206,272
433,District-Mandsaur,Total,12,2787,1187,1600,500,315,185,269,106,163,54,19,35,849,337,512,251,109,142,148,52,96,37,7,30,679,242,437
433,District-Mandsaur,Total,13,3049,1200,1849,684,402,282,397,144,253,101,26,75,976,325,651,251,94,157,139,34,105,35,11,24,466,164,302
433,District-Mandsaur,Total,14,5232,2112,3120,1466,851,615,867,319,548,165,54,111,1555,492,1063,381,142,239,232,61,171,47,12,35,519,181,338
433,District-Mandsaur,Total,15,9637,4177,5460,3345,2070,1275,1630,619,1011,326,127,199,2472,673,1799,758,379,379,400,97,303,85,20,65,621,192,429
433,District-Mandsaur,Total,16,11484,5045,6439,4463,2806,1657,2079,812,1267,331,125,206,2729,697,2032,859,378,481,415,82,333,79,17,62,529,128,401
433,District-Mandsaur,Total,17,11942,5369,6573,5048,3303,1745,2123,872,1251,332,90,242,2719,632,2087,770,295,475,438,62,376,66,13,53,446,102,344
433,District-Mandsaur,Total,18,22287,10019,12268,10004,6589,3415,3736,1483,2253,524,174,350,4171,801,3370,1961,682,1279,935,148,787,136,27,109,820,115,705
433,District-Mandsaur,Total,19,15711,7113,8598,7450,5012,2438,2516,991,1525,336,100,236,2981,538,2443,1225,324,901,595,70,525,86,3,83,522,75,447
433,District-Mandsaur,Rural,5-19,100501,45571,54930,29783,18595,11188,13110,5022,8088,2085,658,1427,14148,3352,10796,6279,2182,4097,3362,604,2758,603,119,484,31131,15039,16092
433,District-Mandsaur,Rural,5,14130,7478,6652,5,3,2,2,1,1,0,0,0,122,61,61,52,33,19,23,12,11,1,0,1,13925,7368,6557
433,District-Mandsaur,Rural,6,9273,4743,4530,4,4,0,3,2,1,1,0,1,176,84,92,38,19,19,29,14,15,1,0,1,9021,4620,4401
433,District-Mandsaur,Rural,7,2278,1122,1156,16,9,7,3,1,2,0,0,0,138,58,80,28,12,16,9,5,4,3,0,3,2081,1037,1044
433,District-Mandsaur,Rural,8,1170,530,640,17,10,7,6,1,5,1,0,1,144,58,86,41,16,25,20,6,14,2,0,2,939,439,500
433,District-Mandsaur,Rural,9,727,331,396,24,8,16,16,8,8,0,0,0,129,54,75,28,13,15,17,7,10,6,1,5,507,240,267
433,District-Mandsaur,Rural,10,1378,581,797,69,46,23,44,14,30,17,7,10,290,121,169,97,36,61,39,11,28,20,9,11,802,337,465
433,District-Mandsaur,Rural,11,1070,447,623,148,94,54,107,39,68,17,4,13,262,102,160,89,38,51,51,7,44,20,7,13,376,156,220
433,District-Mandsaur,Rural,12,2295,925,1370,438,262,176,255,95,160,51,18,33,598,219,379,229,93,136,140,44,96,36,6,30,548,188,360
433,District-Mandsaur,Rural,13,2542,946,1596,609,340,269,375,130,245,96,25,71,697,203,494,236,87,149,134,31,103,33,10,23,362,120,242
433,District-Mandsaur,Rural,14,4462,1719,2743,1322,731,591,829,296,533,156,49,107,1145,327,818,343,122,221,225,56,169,44,10,34,398,128,270
433,District-Mandsaur,Rural,15,8410,3561,4849,3036,1828,1208,1562,588,974,308,115,193,1870,460,1410,693,330,363,380,87,293,80,19,61,481,134,347
433,District-Mandsaur,Rural,16,10034,4301,5733,4064,2469,1595,1992,764,1228,314,116,198,2020,457,1563,778,321,457,397,73,324,77,16,61,392,85,307
433,District-Mandsaur,Rural,17,10257,4485,5772,4506,2840,1666,2005,804,1201,316,82,234,1913,386,1527,695,236,459,419,53,366,64,12,52,339,72,267
433,District-Mandsaur,Rural,18,19127,8446,10681,8926,5664,3262,3540,1379,2161,490,153,337,2734,452,2282,1802,568,1234,904,134,770,131,26,105,600,70,530
433,District-Mandsaur,Rural,19,13348,5956,7392,6599,4287,2312,2371,900,1471,318,89,229,1910,310,1600,1130,258,872,575,64,511,85,3,82,360,45,315
433,District-Mandsaur,Urban,5-19,19474,10037,9437,3494,2951,543,699,396,303,123,70,53,6266,2032,4234,604,420,184,150,76,74,21,8,13,8117,4084,4033
433,District-Mandsaur,Urban,5,3179,1737,1442,0,0,0,2,0,2,0,0,0,50,22,28,12,7,5,1,1,0,0,0,0,3114,1707,1407
433,District-Mandsaur,Urban,6,2545,1356,1189,2,1,1,1,0,1,0,0,0,63,36,27,15,9,6,5,3,2,0,0,0,2459,1307,1152
433,District-Mandsaur,Urban,7,737,381,356,5,3,2,1,1,0,0,0,0,83,43,40,6,4,2,4,2,2,0,0,0,638,328,310
433,District-Mandsaur,Urban,8,391,196,195,1,1,0,0,0,0,0,0,0,97,53,44,1,1,0,1,0,1,0,0,0,291,141,150
433,District-Mandsaur,Urban,9,257,136,121,1,0,1,0,0,0,0,0,0,99,54,45,3,1,2,1,0,1,0,0,0,153,81,72
433,District-Mandsaur,Urban,10,425,211,214,11,8,3,1,1,0,1,0,1,161,81,80,10,6,4,3,2,1,0,0,0,238,113,125
433,District-Mandsaur,Urban,11,286,137,149,14,11,3,6,4,2,2,2,0,148,62,86,7,4,3,7,4,3,0,0,0,102,50,52
433,District-Mandsaur,Urban,12,492,262,230,62,53,9,14,11,3,3,1,2,251,118,133,22,16,6,8,8,0,1,1,0,131,54,77
433,District-Mandsaur,Urban,13,507,254,253,75,62,13,22,14,8,5,1,4,279,122,157,15,7,8,5,3,2,2,1,1,104,44,60
433,District-Mandsaur,Urban,14,770,393,377,144,120,24,38,23,15,9,5,4,410,165,245,38,20,18,7,5,2,3,2,1,121,53,68
433,District-Mandsaur,Urban,15,1227,616,611,309,242,67,68,31,37,18,12,6,602,213,389,65,49,16,20,10,10,5,1,4,140,58,82
433,District-Mandsaur,Urban,16,1450,744,706,399,337,62,87,48,39,17,9,8,709,240,469,81,57,24,18,9,9,2,1,1,137,43,94
433,District-Mandsaur,Urban,17,1685,884,801,542,463,79,118,68,50,16,8,8,806,246,560,75,59,16,19,9,10,2,1,1,107,30,77
433,District-Mandsaur,Urban,18,3160,1573,1587,1078,925,153,196,104,92,34,21,13,1437,349,1088,159,114,45,31,14,17,5,1,4,220,45,175
433,District-Mandsaur,Urban,19,2363,1157,1206,851,725,126,145,91,54,18,11,7,1071,228,843,95,66,29,20,6,14,1,0,1,162,30,132
434,District-Ratlam,Total,5-19,160749,76282,84467,24663,16518,8145,15545,7769,7776,3090,1247,1843,24414,7806,16608,11044,4877,6167,12103,3915,8188,2092,665,1427,67798,33485,34313
434,District-Ratlam,Total,5,25377,13416,11961,4,4,0,6,1,5,0,0,0,247,135,112,154,95,59,143,72,71,55,35,20,24768,13074,11694
434,District-Ratlam,Total,6,18051,9383,8668,5,2,3,11,2,9,3,3,0,353,196,157,148,70,78,160,72,88,41,17,24,17330,9021,8309
434,District-Ratlam,Total,7,6512,3250,3262,26,13,13,11,8,3,1,1,0,361,194,167,151,80,71,84,34,50,49,30,19,5829,2890,2939
434,District-Ratlam,Total,8,4497,2196,2301,29,11,18,16,8,8,6,2,4,443,217,226,114,64,50,100,51,49,36,14,22,3753,1829,1924
434,District-Ratlam,Total,9,2810,1324,1486,42,29,13,36,10,26,13,8,5,380,163,217,114,67,47,114,49,65,35,12,23,2076,986,1090
434,District-Ratlam,Total,10,4328,2077,2251,98,64,34,89,45,44,32,18,14,702,322,380,222,116,106,256,106,150,76,27,49,2853,1379,1474
434,District-Ratlam,Total,11,3179,1449,1730,192,120,72,149,56,93,49,17,32,684,295,389,224,99,125,240,100,140,64,26,38,1577,736,841
434,District-Ratlam,Total,12,5489,2515,2974,534,322,212,419,193,226,147,66,81,1237,493,744,514,272,242,577,229,348,154,57,97,1907,883,1024
434,District-Ratlam,Total,13,5203,2271,2932,657,375,282,543,249,294,157,52,105,1357,524,833,486,218,268,559,217,342,145,49,96,1299,587,712
434,District-Ratlam,Total,14,7498,3202,4296,1282,755,527,1025,453,572,307,115,192,1996,702,1294,677,320,357,812,295,517,156,62,94,1243,500,743
434,District-Ratlam,Total,15,12009,5599,6410,2496,1615,881,1920,957,963,445,161,284,2842,1027,1815,1256,639,617,1398,537,861,259,91,168,1393,572,821
434,District-Ratlam,Total,16,13370,6097,7273,3325,2179,1146,2443,1221,1222,443,162,281,2979,893,2086,1322,626,696,1521,555,966,230,77,153,1107,384,723
434,District-Ratlam,Total,17,13062,5938,7124,3740,2516,1224,2284,1171,1113,459,197,262,2935,823,2112,1254,540,714,1438,410,1028,201,49,152,751,232,519
434,District-Ratlam,Total,18,22887,10303,12584,6964,4824,2140,3992,2062,1930,636,266,370,4441,1072,3369,2604,1024,1580,2715,725,1990,383,73,310,1152,257,895
434,District-Ratlam,Total,19,16477,7262,9215,5269,3689,1580,2601,1333,1268,392,179,213,3457,750,2707,1804,647,1157,1986,463,1523,208,46,162,760,155,605
434,District-Ratlam,Rural,5-19,127588,59196,68392,19756,12346,7410,14362,6934,7428,2806,1065,1741,14167,4488,9679,9782,4027,5755,11639,3650,7989,1977,617,1360,53099,26069,27030
434,District-Ratlam,Rural,5,19813,10465,9348,2,2,0,6,1,5,0,0,0,152,87,65,131,81,50,134,68,66,52,33,19,19336,10193,9143
434,District-Ratlam,Rural,6,14040,7276,6764,4,2,2,11,2,9,3,3,0,234,136,98,130,60,70,151,67,84,38,15,23,13469,6991,6478
434,District-Ratlam,Rural,7,5220,2602,2618,20,10,10,8,6,2,1,1,0,241,130,111,142,75,67,82,34,48,49,30,19,4677,2316,2361
434,District-Ratlam,Rural,8,3663,1772,1891,22,8,14,16,8,8,6,2,4,324,159,165,101,58,43,90,45,45,33,13,20,3071,1479,1592
434,District-Ratlam,Rural,9,2307,1070,1237,28,16,12,33,10,23,10,5,5,263,111,152,106,60,46,111,49,62,34,11,23,1722,808,914
434,District-Ratlam,Rural,10,3554,1655,1899,83,51,32,87,43,44,29,16,13,518,241,277,201,102,99,246,99,147,76,27,49,2314,1076,1238
434,District-Ratlam,Rural,11,2540,1120,1420,146,81,65,141,51,90,46,17,29,442,189,253,207,89,118,228,94,134,61,25,36,1269,574,695
434,District-Ratlam,Rural,12,4495,1988,2507,439,244,195,387,170,217,129,54,75,828,322,506,450,225,225,552,212,340,150,56,94,1560,705,855
434,District-Ratlam,Rural,13,4198,1733,2465,520,258,262,514,227,287,151,48,103,870,323,547,434,178,256,533,201,332,141,47,94,1035,451,584
434,District-Ratlam,Rural,14,6090,2503,3587,1078,587,491,973,417,556,285,101,184,1267,424,843,604,274,330,782,280,502,144,56,88,957,364,593
434,District-Ratlam,Rural,15,9857,4433,5424,2046,1231,815,1812,884,928,414,143,271,1802,625,1177,1117,545,572,1338,504,834,246,86,160,1082,415,667
434,District-Ratlam,Rural,16,10861,4803,6058,2745,1695,1050,2273,1101,1172,410,140,270,1760,488,1272,1152,498,654,1470,523,947,212,70,142,839,288,551
434,District-Ratlam,Rural,17,10227,4470,5757,2951,1851,1100,2100,1045,1055,421,175,246,1592,402,1190,1088,427,661,1380,378,1002,187,44,143,508,148,360
434,District-Ratlam,Rural,18,18178,7964,10214,5606,3651,1955,3651,1814,1837,562,218,344,2280,537,1743,2295,823,1472,2624,675,1949,357,65,292,803,181,622
434,District-Ratlam,Rural,19,12545,5342,7203,4066,2659,1407,2350,1155,1195,339,142,197,1594,314,1280,1624,532,1092,1918,421,1497,197,39,158,457,80,377
434,District-Ratlam,Urban,5-19,33161,17086,16075,4907,4172,735,1183,835,348,284,182,102,10247,3318,6929,1262,850,412,464,265,199,115,48,67,14699,7416,7283
434,District-Ratlam,Urban,5,5564,2951,2613,2,2,0,0,0,0,0,0,0,95,48,47,23,14,9,9,4,5,3,2,1,5432,2881,2551
434,District-Ratlam,Urban,6,4011,2107,1904,1,0,1,0,0,0,0,0,0,119,60,59,18,10,8,9,5,4,3,2,1,3861,2030,1831
434,District-Ratlam,Urban,7,1292,648,644,6,3,3,3,2,1,0,0,0,120,64,56,9,5,4,2,0,2,0,0,0,1152,574,578
434,District-Ratlam,Urban,8,834,424,410,7,3,4,0,0,0,0,0,0,119,58,61,13,6,7,10,6,4,3,1,2,682,350,332
434,District-Ratlam,Urban,9,503,254,249,14,13,1,3,0,3,3,3,0,117,52,65,8,7,1,3,0,3,1,1,0,354,178,176
434,District-Ratlam,Urban,10,774,422,352,15,13,2,2,2,0,3,2,1,184,81,103,21,14,7,10,7,3,0,0,0,539,303,236
434,District-Ratlam,Urban,11,639,329,310,46,39,7,8,5,3,3,0,3,242,106,136,17,10,7,12,6,6,3,1,2,308,162,146
434,District-Ratlam,Urban,12,994,527,467,95,78,17,32,23,9,18,12,6,409,171,238,64,47,17,25,17,8,4,1,3,347,178,169
434,District-Ratlam,Urban,13,1005,538,467,137,117,20,29,22,7,6,4,2,487,201,286,52,40,12,26,16,10,4,2,2,264,136,128
434,District-Ratlam,Urban,14,1408,699,709,204,168,36,52,36,16,22,14,8,729,278,451,73,46,27,30,15,15,12,6,6,286,136,150
434,District-Ratlam,Urban,15,2152,1166,986,450,384,66,108,73,35,31,18,13,1040,402,638,139,94,45,60,33,27,13,5,8,311,157,154
434,District-Ratlam,Urban,16,2509,1294,1215,580,484,96,170,120,50,33,22,11,1219,405,814,170,128,42,51,32,19,18,7,11,268,96,172
434,District-Ratlam,Urban,17,2835,1468,1367,789,665,124,184,126,58,38,22,16,1343,421,922,166,113,53,58,32,26,14,5,9,243,84,159
434,District-Ratlam,Urban,18,4709,2339,2370,1358,1173,185,341,248,93,74,48,26,2161,535,1626,309,201,108,91,50,41,26,8,18,349,76,273
434,District-Ratlam,Urban,19,3932,1920,2012,1203,1030,173,251,178,73,53,37,16,1863,436,1427,180,115,65,68,42,26,11,7,4,303,75,228
435,District-Ujjain,Total,5-19,184491,86853,97638,35695,25043,10652,15741,7361,8380,3850,1401,2449,37582,10486,27096,9293,4355,4938,5665,1601,4064,1425,393,1032,75240,36213,39027
435,District-Ujjain,Total,5,30843,16322,14521,16,9,7,6,2,4,1,0,1,335,184,151,150,90,60,101,50,51,17,12,5,30217,15975,14242
435,District-Ujjain,Total,6,21457,11187,10270,17,6,11,6,3,3,0,0,0,480,271,209,93,48,45,88,47,41,17,9,8,20756,10803,9953
435,District-Ujjain,Total,7,6513,3231,3282,36,21,15,10,6,4,5,5,0,476,231,245,47,28,19,48,25,23,23,12,11,5868,2903,2965
435,District-Ujjain,Total,8,3741,1792,1949,42,21,21,19,9,10,10,4,6,547,257,290,47,18,29,44,11,33,17,4,13,3015,1468,1547
435,District-Ujjain,Total,9,2284,1051,1233,49,25,24,24,14,10,11,4,7,463,229,234,53,33,20,57,25,32,19,9,10,1608,712,896
435,District-Ujjain,Total,10,3820,1758,2062,143,82,61,70,34,36,36,9,27,865,416,449,121,73,48,115,50,65,38,11,27,2432,1083,1349
435,District-Ujjain,Total,11,2723,1163,1560,252,155,97,133,63,70,52,12,40,869,360,509,123,55,68,109,26,83,42,14,28,1143,478,665
435,District-Ujjain,Total,12,5099,2126,2973,662,410,252,380,151,229,131,49,82,1698,620,1078,363,195,168,250,83,167,80,31,49,1535,587,948
435,District-Ujjain,Total,13,5102,2043,3059,814,491,323,473,185,288,192,62,130,1794,617,1177,350,144,206,228,73,155,81,24,57,1170,447,723
435,District-Ujjain,Total,14,7912,3125,4787,1739,1059,680,966,382,584,306,96,210,2850,836,2014,520,257,263,328,106,222,126,41,85,1077,348,729
435,District-Ujjain,Total,15,13291,5717,7574,3457,2276,1181,1885,838,1047,530,177,353,4271,1209,3062,1071,565,506,588,193,395,151,45,106,1338,414,924
435,District-Ujjain,Total,16,15729,7049,8680,4733,3227,1506,2340,1070,1270,607,213,394,4896,1390,3506,1114,566,548,702,210,492,148,41,107,1189,332,857
435,District-Ujjain,Total,17,15361,7081,8280,5264,3749,1515,2185,1056,1129,566,221,345,4529,1124,3405,1072,502,570,633,167,466,160,40,120,952,222,730
435,District-Ujjain,Total,18,29872,13551,16321,10703,7712,2991,4267,2068,2199,829,316,513,7976,1660,6316,2635,1158,1477,1390,310,1080,281,56,225,1791,271,1520
435,District-Ujjain,Total,19,20744,9657,11087,7768,5800,1968,2977,1480,1497,574,233,341,5533,1082,4451,1534,623,911,984,225,759,225,44,181,1149,170,979
435,District-Ujjain,Rural,5-19,129181,58288,70893,27077,17911,9166,14058,6145,7913,3517,1179,2338,21146,5141,16005,7225,2906,4319,5106,1282,3824,1315,315,1000,49737,23409,26328
435,District-Ujjain,Rural,5,21327,11241,10086,8,5,3,2,0,2,0,0,0,171,99,72,105,64,41,69,34,35,12,9,3,20960,11030,9930
435,District-Ujjain,Rural,6,14021,7239,6782,10,3,7,6,3,3,0,0,0,290,165,125,61,32,29,67,37,30,16,8,8,13571,6991,6580
435,District-Ujjain,Rural,7,4264,2089,2175,27,15,12,8,5,3,5,5,0,279,125,154,32,22,10,44,22,22,21,10,11,3848,1885,1963
435,District-Ujjain,Rural,8,2467,1084,1383,35,17,18,18,9,9,8,3,5,344,137,207,32,13,19,40,11,29,17,4,13,1973,890,1083
435,District-Ujjain,Rural,9,1501,672,829,36,18,18,22,13,9,11,4,7,291,140,151,35,21,14,51,22,29,18,8,10,1037,446,591
435,District-Ujjain,Rural,10,2452,1055,1397,117,65,52,62,28,34,33,9,24,531,238,293,97,55,42,106,44,62,36,10,26,1470,606,864
435,District-Ujjain,Rural,11,1829,701,1128,182,94,88,113,50,63,47,10,37,552,205,347,102,43,59,99,23,76,41,13,28,693,263,430
435,District-Ujjain,Rural,12,3538,1309,2229,509,284,225,344,126,218,116,38,78,1055,343,712,275,127,148,230,67,163,76,28,48,933,296,637
435,District-Ujjain,Rural,13,3612,1287,2325,627,346,281,435,159,276,184,57,127,1140,329,811,269,101,168,210,64,146,72,20,52,675,211,464
435,District-Ujjain,Rural,14,5771,2063,3708,1356,760,596,881,326,555,290,85,205,1822,454,1368,396,173,223,292,86,206,116,32,84,618,147,471
435,District-Ujjain,Rural,15,10058,4064,5994,2770,1737,1033,1715,717,998,504,160,344,2743,650,2093,840,400,440,521,158,363,142,38,104,823,204,619
435,District-Ujjain,Rural,16,11588,4906,6682,3680,2376,1304,2127,921,1206,559,182,377,2866,671,2195,857,389,468,638,168,470,141,36,105,720,163,557
435,District-Ujjain,Rural,17,10920,4781,6139,3959,2663,1296,1938,882,1056,512,183,329,2407,473,1934,822,329,493,572,130,442,148,32,116,562,89,473
435,District-Ujjain,Rural,18,21432,9332,12100,8070,5514,2556,3794,1717,2077,742,256,486,4078,701,3377,2087,752,1335,1266,239,1027,251,38,213,1144,115,1029
435,District-Ujjain,Rural,19,14401,6465,7936,5691,4014,1677,2593,1189,1404,506,187,319,2577,411,2166,1215,385,830,901,177,724,208,29,179,710,73,637
435,District-Ujjain,Urban,5-19,55310,28565,26745,8618,7132,1486,1683,1216,467,333,222,111,16436,5345,11091,2068,1449,619,559,319,240,110,78,32,25503,12804,12699
435,District-Ujjain,Urban,5,9516,5081,4435,8,4,4,4,2,2,1,0,1,164,85,79,45,26,19,32,16,16,5,3,2,9257,4945,4312
435,District-Ujjain,Urban,6,7436,3948,3488,7,3,4,0,0,0,0,0,0,190,106,84,32,16,16,21,10,11,1,1,0,7185,3812,3373
435,District-Ujjain,Urban,7,2249,1142,1107,9,6,3,2,1,1,0,0,0,197,106,91,15,6,9,4,3,1,2,2,0,2020,1018,1002
435,District-Ujjain,Urban,8,1274,708,566,7,4,3,1,0,1,2,1,1,203,120,83,15,5,10,4,0,4,0,0,0,1042,578,464
435,District-Ujjain,Urban,9,783,379,404,13,7,6,2,1,1,0,0,0,172,89,83,18,12,6,6,3,3,1,1,0,571,266,305
435,District-Ujjain,Urban,10,1368,703,665,26,17,9,8,6,2,3,0,3,334,178,156,24,18,6,9,6,3,2,1,1,962,477,485
435,District-Ujjain,Urban,11,894,462,432,70,61,9,20,13,7,5,2,3,317,155,162,21,12,9,10,3,7,1,1,0,450,215,235
435,District-Ujjain,Urban,12,1561,817,744,153,126,27,36,25,11,15,11,4,643,277,366,88,68,20,20,16,4,4,3,1,602,291,311
435,District-Ujjain,Urban,13,1490,756,734,187,145,42,38,26,12,8,5,3,654,288,366,81,43,38,18,9,9,9,4,5,495,236,259
435,District-Ujjain,Urban,14,2141,1062,1079,383,299,84,85,56,29,16,11,5,1028,382,646,124,84,40,36,20,16,10,9,1,459,201,258
435,District-Ujjain,Urban,15,3233,1653,1580,687,539,148,170,121,49,26,17,9,1528,559,969,231,165,66,67,35,32,9,7,2,515,210,305
435,District-Ujjain,Urban,16,4141,2143,1998,1053,851,202,213,149,64,48,31,17,2030,719,1311,257,177,80,64,42,22,7,5,2,469,169,300
435,District-Ujjain,Urban,17,4441,2300,2141,1305,1086,219,247,174,73,54,38,16,2122,651,1471,250,173,77,61,37,24,12,8,4,390,133,257
435,District-Ujjain,Urban,18,8440,4219,4221,2633,2198,435,473,351,122,87,60,27,3898,959,2939,548,406,142,124,71,53,30,18,12,647,156,491
435,District-Ujjain,Urban,19,6343,3192,3151,2077,1786,291,384,291,93,68,46,22,2956,671,2285,319,238,81,83,48,35,17,15,2,439,97,342
436,District-Shajapur,Total,5-19,151984,71420,80564,28173,20563,7610,16258,7150,9108,3788,1203,2585,26689,6632,20057,6336,2943,3393,4609,1163,3446,971,264,707,65160,31502,33658
436,District-Shajapur,Total,5,28406,14979,13427,7,3,4,4,0,4,2,1,1,168,99,69,65,30,35,64,35,29,12,7,5,28084,14804,13280
436,District-Shajapur,Total,6,19235,10000,9235,6,4,2,9,6,3,1,0,1,244,114,130,50,26,24,46,27,19,3,2,1,18876,9821,9055
436,District-Shajapur,Total,7,4796,2346,2450,11,8,3,5,2,3,0,0,0,165,85,80,22,9,13,17,4,13,13,9,4,4563,2229,2334
436,District-Shajapur,Total,8,2577,1199,1378,16,11,5,9,5,4,3,2,1,193,100,93,37,15,22,33,14,19,19,10,9,2267,1042,1225
436,District-Shajapur,Total,9,1489,673,816,23,15,8,11,7,4,3,0,3,220,110,110,29,16,13,22,6,16,7,3,4,1174,516,658
436,District-Shajapur,Total,10,2572,1124,1448,81,59,22,44,15,29,18,9,9,438,185,253,96,54,42,64,19,45,37,16,21,1794,767,1027
436,District-Shajapur,Total,11,1827,764,1063,183,119,64,106,41,65,22,7,15,496,168,328,85,40,45,48,14,34,22,7,15,865,368,497
436,District-Shajapur,Total,12,3820,1621,2199,515,345,170,355,151,204,108,35,73,1257,463,794,260,141,119,184,59,125,39,10,29,1102,417,685
436,District-Shajapur,Total,13,3866,1540,2326,650,429,221,507,212,295,139,42,97,1362,401,961,210,103,107,186,55,131,58,19,39,754,279,475
436,District-Shajapur,Total,14,6232,2446,3786,1296,829,467,910,353,557,287,85,202,2219,616,1603,391,202,189,245,75,170,78,31,47,806,255,551
436,District-Shajapur,Total,15,10940,4790,6150,2767,1953,814,1896,821,1075,570,174,396,3322,929,2393,742,398,344,515,180,335,127,40,87,1001,295,706
436,District-Shajapur,Total,16,13091,5747,7344,3675,2628,1047,2560,1110,1450,636,196,440,3816,938,2878,740,409,331,567,175,392,135,40,95,962,251,711
436,District-Shajapur,Total,17,12359,5471,6888,4081,2966,1115,2328,1026,1302,520,163,357,3360,701,2659,729,323,406,517,117,400,97,21,76,727,154,573
436,District-Shajapur,Total,18,24715,11368,13347,8775,6582,2193,4547,2085,2462,937,315,622,5804,1134,4670,1804,768,1036,1290,244,1046,192,37,155,1366,203,1163
436,District-Shajapur,Total,19,16059,7352,8707,6087,4612,1475,2967,1316,1651,542,174,368,3625,589,3036,1076,409,667,811,139,672,132,12,120,819,101,718
436,District-Shajapur,Rural,5-19,127594,58859,68735,24502,17255,7247,15054,6349,8705,3523,1052,2471,19759,4609,15150,5673,2434,3239,4312,1020,3292,929,244,685,53842,25896,27946
436,District-Shajapur,Rural,5,24123,12694,11429,4,2,2,4,0,4,1,0,1,117,70,47,55,25,30,62,34,28,12,7,5,23868,12556,11312
436,District-Shajapur,Rural,6,15886,8226,7660,6,4,2,9,6,3,1,0,1,187,86,101,45,23,22,44,25,19,3,2,1,15591,8080,7511
436,District-Shajapur,Rural,7,3925,1912,2013,10,7,3,5,2,3,0,0,0,121,60,61,16,6,10,16,3,13,13,9,4,3744,1825,1919
436,District-Shajapur,Rural,8,2128,957,1171,14,10,4,9,5,4,3,2,1,148,73,75,35,14,21,31,14,17,18,10,8,1870,829,1041
436,District-Shajapur,Rural,9,1188,516,672,22,14,8,10,6,4,3,0,3,173,83,90,26,14,12,21,6,15,7,3,4,926,390,536
436,District-Shajapur,Rural,10,2072,863,1209,74,52,22,42,13,29,17,8,9,352,141,211,86,45,41,62,17,45,37,16,21,1402,571,831
436,District-Shajapur,Rural,11,1464,591,873,159,97,62,99,37,62,22,7,15,375,122,253,77,34,43,44,13,31,22,7,15,666,274,392
436,District-Shajapur,Rural,12,3136,1258,1878,463,300,163,324,129,195,99,31,68,995,344,651,217,108,109,166,49,117,36,8,28,836,289,547
436,District-Shajapur,Rural,13,3232,1232,2000,575,366,209,473,189,284,129,37,92,1078,295,783,184,82,102,173,50,123,57,18,39,563,195,368
436,District-Shajapur,Rural,14,5279,1953,3326,1166,714,452,842,308,534,270,74,196,1759,428,1331,341,160,181,232,66,166,74,28,46,595,175,420
436,District-Shajapur,Rural,15,9372,3958,5414,2444,1664,780,1769,739,1030,524,148,376,2604,668,1936,669,339,330,469,154,315,121,38,83,772,208,564
436,District-Shajapur,Rural,16,11175,4752,6423,3203,2203,1000,2387,1001,1386,597,176,421,2924,667,2257,657,340,317,524,151,373,126,35,91,757,179,578
436,District-Shajapur,Rural,17,10394,4498,5896,3557,2489,1068,2158,917,1241,484,140,344,2397,447,1950,663,273,390,478,101,377,93,20,73,564,111,453
436,District-Shajapur,Rural,18,20923,9447,11476,7582,5513,2069,4211,1852,2359,870,278,592,4140,763,3377,1633,637,996,1225,217,1008,183,33,150,1079,154,925
436,District-Shajapur,Rural,19,13297,6002,7295,5223,3820,1403,2712,1145,1567,503,151,352,2389,362,2027,969,334,635,765,120,645,127,10,117,609,60,549
436,District-Shajapur,Urban,5-19,24390,12561,11829,3671,3308,363,1204,801,403,265,151,114,6930,2023,4907,663,509,154,297,143,154,42,20,22,11318,5606,5712
436,District-Shajapur,Urban,5,4283,2285,1998,3,1,2,0,0,0,1,1,0,51,29,22,10,5,5,2,1,1,0,0,0,4216,2248,1968
436,District-Shajapur,Urban,6,3349,1774,1575,0,0,0,0,0,0,0,0,0,57,28,29,5,3,2,2,2,0,0,0,0,3285,1741,1544
436,District-Shajapur,Urban,7,871,434,437,1,1,0,0,0,0,0,0,0,44,25,19,6,3,3,1,1,0,0,0,0,819,404,415
436,District-Shajapur,Urban,8,449,242,207,2,1,1,0,0,0,0,0,0,45,27,18,2,1,1,2,0,2,1,0,1,397,213,184
436,District-Shajapur,Urban,9,301,157,144,1,1,0,1,1,0,0,0,0,47,27,20,3,2,1,1,0,1,0,0,0,248,126,122
436,District-Shajapur,Urban,10,500,261,239,7,7,0,2,2,0,1,1,0,86,44,42,10,9,1,2,2,0,0,0,0,392,196,196
436,District-Shajapur,Urban,11,363,173,190,24,22,2,7,4,3,0,0,0,121,46,75,8,6,2,4,1,3,0,0,0,199,94,105
436,District-Shajapur,Urban,12,684,363,321,52,45,7,31,22,9,9,4,5,262,119,143,43,33,10,18,10,8,3,2,1,266,128,138
436,District-Shajapur,Urban,13,634,308,326,75,63,12,34,23,11,10,5,5,284,106,178,26,21,5,13,5,8,1,1,0,191,84,107
436,District-Shajapur,Urban,14,953,493,460,130,115,15,68,45,23,17,11,6,460,188,272,50,42,8,13,9,4,4,3,1,211,80,131
436,District-Shajapur,Urban,15,1568,832,736,323,289,34,127,82,45,46,26,20,718,261,457,73,59,14,46,26,20,6,2,4,229,87,142
436,District-Shajapur,Urban,16,1916,995,921,472,425,47,173,109,64,39,20,19,892,271,621,83,69,14,43,24,19,9,5,4,205,72,133
436,District-Shajapur,Urban,17,1965,973,992,524,477,47,170,109,61,36,23,13,963,254,709,66,50,16,39,16,23,4,1,3,163,43,120
436,District-Shajapur,Urban,18,3792,1921,1871,1193,1069,124,336,233,103,67,37,30,1664,371,1293,171,131,40,65,27,38,9,4,5,287,49,238
436,District-Shajapur,Urban,19,2762,1350,1412,864,792,72,255,171,84,39,23,16,1236,227,1009,107,75,32,46,19,27,5,2,3,210,41,169
437,District-Dewas,Total,5-19,154530,74899,79631,25504,18856,6648,15409,6948,8461,4754,1408,3346,25312,7182,18130,8905,4799,4106,6467,2209,4258,1736,575,1161,66443,32922,33521
437,District-Dewas,Total,5,26534,13991,12543,6,4,2,8,4,4,3,2,1,279,147,132,141,79,62,81,35,46,58,24,34,25958,13696,12262
437,District-Dewas,Total,6,19410,10009,9401,9,8,1,3,2,1,7,4,3,392,196,196,95,50,45,84,41,43,84,43,41,18736,9665,9071
437,District-Dewas,Total,7,5826,3009,2817,15,8,7,7,2,5,4,2,2,333,182,151,40,26,14,42,23,19,37,20,17,5348,2746,2602
437,District-Dewas,Total,8,3805,1924,1881,30,22,8,10,5,5,2,0,2,393,197,196,76,35,41,58,30,28,41,22,19,3195,1613,1582
437,District-Dewas,Total,9,2157,1108,1049,25,20,5,23,13,10,15,8,7,319,167,152,60,32,28,42,18,24,27,10,17,1646,840,806
437,District-Dewas,Total,10,3637,1753,1884,85,60,25,84,46,38,32,15,17,562,284,278,155,85,70,129,58,71,82,22,60,2508,1183,1325
437,District-Dewas,Total,11,2431,1172,1259,166,119,47,124,61,63,58,25,33,592,256,336,144,76,68,148,62,86,52,24,28,1147,549,598
437,District-Dewas,Total,12,4321,2021,2300,437,295,142,346,155,191,160,58,102,1106,431,675,384,229,155,320,121,199,140,61,79,1428,671,757
437,District-Dewas,Total,13,4141,1805,2336,507,342,165,472,209,263,227,67,160,1133,413,720,349,180,169,327,133,194,117,46,71,1009,415,594
437,District-Dewas,Total,14,6719,2935,3784,1196,791,405,1018,429,589,390,123,267,1884,618,1266,560,321,239,505,200,305,155,57,98,1011,396,615
437,District-Dewas,Total,15,10180,4680,5500,2154,1570,584,1736,779,957,650,190,460,2626,771,1855,1030,618,412,776,315,461,185,65,120,1023,372,651
437,District-Dewas,Total,16,13215,6065,7150,3472,2477,995,2559,1133,1426,798,243,555,3229,870,2359,1187,696,491,848,307,541,216,67,149,906,272,634
437,District-Dewas,Total,17,12641,5877,6764,3736,2812,924,2346,1083,1263,723,198,525,3295,761,2534,1007,553,454,776,279,497,133,37,96,625,154,471
437,District-Dewas,Total,18,23307,11100,12207,8018,6049,1969,3991,1807,2184,1027,283,744,5225,1119,4106,2237,1169,1068,1446,403,1043,260,51,209,1103,219,884
437,District-Dewas,Total,19,16206,7450,8756,5648,4279,1369,2682,1220,1462,658,190,468,3944,770,3174,1440,650,790,885,184,701,149,26,123,800,131,669
437,District-Dewas,Rural,5-19,121715,58345,63370,20464,14490,5974,14060,6000,8060,4522,1283,3239,15689,4364,11325,7812,4051,3761,6058,2003,4055,1635,537,1098,51475,25617,25858
437,District-Dewas,Rural,5,20755,10987,9768,3,3,0,6,3,3,3,2,1,176,95,81,117,63,54,64,27,37,57,23,34,20329,10771,9558
437,District-Dewas,Rural,6,15064,7694,7370,6,5,1,2,2,0,7,4,3,260,124,136,82,42,40,72,37,35,81,42,39,14554,7438,7116
437,District-Dewas,Rural,7,4549,2331,2218,9,3,6,5,2,3,4,2,2,242,135,107,31,21,10,36,21,15,37,20,17,4185,2127,2058
437,District-Dewas,Rural,8,3060,1545,1515,20,15,5,8,3,5,2,0,2,282,138,144,71,31,40,56,28,28,40,21,19,2581,1309,1272
437,District-Dewas,Rural,9,1743,882,861,22,18,4,19,11,8,14,7,7,247,128,119,56,31,25,41,17,24,26,9,17,1318,661,657
437,District-Dewas,Rural,10,2931,1414,1517,76,54,22,78,41,37,30,14,16,413,196,217,139,77,62,127,56,71,79,22,57,1989,954,1035
437,District-Dewas,Rural,11,1939,930,1009,129,88,41,113,51,62,55,23,32,426,188,238,132,68,64,138,58,80,49,23,26,897,431,466
437,District-Dewas,Rural,12,3528,1637,1891,364,235,129,326,141,185,151,57,94,780,315,465,341,194,147,301,110,191,129,56,73,1136,529,607
437,District-Dewas,Rural,13,3327,1430,1897,408,267,141,437,179,258,218,64,154,773,285,488,314,155,159,314,126,188,102,37,65,761,317,444
437,District-Dewas,Rural,14,5495,2346,3149,1000,635,365,947,375,572,378,117,261,1284,411,873,494,272,222,482,191,291,151,56,95,759,289,470
437,District-Dewas,Rural,15,8229,3720,4509,1770,1240,530,1608,695,913,628,179,449,1729,482,1247,896,530,366,717,283,434,172,60,112,709,251,458
437,District-Dewas,Rural,16,10771,4845,5926,2872,1961,911,2343,991,1352,758,218,540,2085,528,1557,1059,602,457,795,279,516,206,64,142,653,202,451
437,District-Dewas,Rural,17,9941,4542,5399,3012,2179,833,2115,926,1189,686,176,510,2011,411,1600,863,455,408,724,248,476,122,35,87,408,112,296
437,District-Dewas,Rural,18,18233,8559,9674,6464,4677,1787,3629,1555,2074,977,255,722,2908,551,2357,1949,976,973,1353,358,995,248,47,201,705,140,565
437,District-Dewas,Rural,19,12150,5483,6667,4309,3110,1199,2424,1025,1399,611,165,446,2073,377,1696,1268,534,734,838,164,674,136,22,114,491,86,405
437,District-Dewas,Urban,5-19,32815,16554,16261,5040,4366,674,1349,948,401,232,125,107,9623,2818,6805,1093,748,345,409,206,203,101,38,63,14968,7305,7663
437,District-Dewas,Urban,5,5779,3004,2775,3,1,2,2,1,1,0,0,0,103,52,51,24,16,8,17,8,9,1,1,0,5629,2925,2704
437,District-Dewas,Urban,6,4346,2315,2031,3,3,0,1,0,1,0,0,0,132,72,60,13,8,5,12,4,8,3,1,2,4182,2227,1955
437,District-Dewas,Urban,7,1277,678,599,6,5,1,2,0,2,0,0,0,91,47,44,9,5,4,6,2,4,0,0,0,1163,619,544
437,District-Dewas,Urban,8,745,379,366,10,7,3,2,2,0,0,0,0,111,59,52,5,4,1,2,2,0,1,1,0,614,304,310
437,District-Dewas,Urban,9,414,226,188,3,2,1,4,2,2,1,1,0,72,39,33,4,1,3,1,1,0,1,1,0,328,179,149
437,District-Dewas,Urban,10,706,339,367,9,6,3,6,5,1,2,1,1,149,88,61,16,8,8,2,2,0,3,0,3,519,229,290
437,District-Dewas,Urban,11,492,242,250,37,31,6,11,10,1,3,2,1,166,68,98,12,8,4,10,4,6,3,1,2,250,118,132
437,District-Dewas,Urban,12,793,384,409,73,60,13,20,14,6,9,1,8,326,116,210,43,35,8,19,11,8,11,5,6,292,142,150
437,District-Dewas,Urban,13,814,375,439,99,75,24,35,30,5,9,3,6,360,128,232,35,25,10,13,7,6,15,9,6,248,98,150
437,District-Dewas,Urban,14,1224,589,635,196,156,40,71,54,17,12,6,6,600,207,393,66,49,17,23,9,14,4,1,3,252,107,145
437,District-Dewas,Urban,15,1951,960,991,384,330,54,128,84,44,22,11,11,897,289,608,134,88,46,59,32,27,13,5,8,314,121,193
437,District-Dewas,Urban,16,2444,1220,1224,600,516,84,216,142,74,40,25,15,1144,342,802,128,94,34,53,28,25,10,3,7,253,70,183
437,District-Dewas,Urban,17,2700,1335,1365,724,633,91,231,157,74,37,22,15,1284,350,934,144,98,46,52,31,21,11,2,9,217,42,175
437,District-Dewas,Urban,18,5074,2541,2533,1554,1372,182,362,252,110,50,28,22,2317,568,1749,288,193,95,93,45,48,12,4,8,398,79,319
437,District-Dewas,Urban,19,4056,1967,2089,1339,1169,170,258,195,63,47,25,22,1871,393,1478,172,116,56,47,20,27,13,4,9,309,45,264
438,District-Dhar,Total,5-19,257418,125342,132076,33163,22470,10693,13135,6733,6402,2818,1357,1461,28642,10172,18470,30916,13687,17229,17714,6449,11265,3689,1468,2221,127341,63006,64335
438,District-Dhar,Total,5,41482,21728,19754,22,18,4,9,4,5,3,1,2,392,194,198,437,232,205,230,114,116,53,28,25,40336,21137,19199
438,District-Dhar,Total,6,31502,16378,15124,18,11,7,13,6,7,3,2,1,546,282,264,352,188,164,211,102,109,68,38,30,30291,15749,14542
438,District-Dhar,Total,7,13073,6656,6417,55,24,31,16,7,9,4,3,1,517,265,252,274,144,130,164,86,78,78,30,48,11965,6097,5868
438,District-Dhar,Total,8,9711,4888,4823,79,40,39,21,8,13,12,6,6,595,307,288,307,156,151,235,139,96,103,45,58,8359,4187,4172
438,District-Dhar,Total,9,6068,2932,3136,72,40,32,38,12,26,19,7,12,542,266,276,332,171,161,231,112,119,99,48,51,4735,2276,2459
438,District-Dhar,Total,10,9338,4595,4743,216,121,95,100,47,53,26,11,15,1024,503,521,703,352,351,414,184,230,184,80,104,6671,3297,3374
438,District-Dhar,Total,11,6347,3124,3223,344,207,137,174,73,101,61,28,33,943,458,485,680,353,327,409,194,215,139,74,65,3597,1737,1860
438,District-Dhar,Total,12,9978,4840,5138,850,531,319,392,182,210,118,61,57,1644,703,941,1373,683,690,843,380,463,288,133,155,4470,2167,2303
438,District-Dhar,Total,13,8855,4076,4779,1026,601,425,494,232,262,141,64,77,1752,737,1015,1340,640,700,842,350,492,220,100,120,3040,1352,1688
438,District-Dhar,Total,14,12284,5682,6602,1833,1103,730,995,480,515,242,113,129,2464,966,1498,2072,984,1088,1333,549,784,327,142,185,3018,1345,1673
438,District-Dhar,Total,15,17436,8245,9191,3342,2104,1238,1664,861,803,397,187,210,3135,1200,1935,3437,1680,1757,2072,834,1238,444,189,255,2945,1190,1755
438,District-Dhar,Total,16,19516,9290,10226,4443,2928,1515,2018,1053,965,453,227,226,3497,1240,2257,3920,1848,2072,2303,890,1413,453,185,268,2429,919,1510
438,District-Dhar,Total,17,17510,8301,9209,4769,3290,1479,1862,950,912,387,178,209,3102,986,2116,3503,1548,1955,1949,678,1271,334,119,215,1604,552,1052
438,District-Dhar,Total,18,30770,14302,16468,8863,6293,2570,3145,1693,1452,544,261,283,4691,1257,3434,6966,2832,4134,3756,1154,2602,535,167,368,2270,645,1625
438,District-Dhar,Total,19,23548,10305,13243,7231,5159,2072,2194,1125,1069,408,208,200,3798,808,2990,5220,1876,3344,2722,683,2039,364,90,274,1611,356,1255
438,District-Dhar,Rural,5-19,221818,106455,115363,27200,17502,9698,12268,6121,6147,2494,1138,1356,20361,7431,12930,29013,12532,16481,17258,6211,11047,3540,1405,2135,109684,54115,55569
438,District-Dhar,Rural,5,35196,18351,16845,18,14,4,7,3,4,3,1,2,285,144,141,408,216,192,210,103,107,52,27,25,34213,17843,16370
438,District-Dhar,Rural,6,26655,13733,12922,15,9,6,11,6,5,3,2,1,394,200,194,329,175,154,200,96,104,67,38,29,25636,13207,12429
438,District-Dhar,Rural,7,11457,5805,5652,47,20,27,15,6,9,4,3,1,405,207,198,262,137,125,160,83,77,78,30,48,10486,5319,5167
438,District-Dhar,Rural,8,8754,4383,4371,69,34,35,20,8,12,10,5,5,471,248,223,297,150,147,232,138,94,102,44,58,7553,3756,3797
438,District-Dhar,Rural,9,5445,2632,2813,65,34,31,38,12,26,18,7,11,445,224,221,321,165,156,228,110,118,98,47,51,4232,2033,2199
438,District-Dhar,Rural,10,8340,4098,4242,193,106,87,97,47,50,23,9,14,841,406,435,674,334,340,410,183,227,182,80,102,5920,2933,2987
438,District-Dhar,Rural,11,5657,2758,2899,287,158,129,165,66,99,58,26,32,738,364,374,661,343,318,403,190,213,135,71,64,3210,1540,1670
438,District-Dhar,Rural,12,8922,4297,4625,736,440,296,369,165,204,101,49,52,1304,560,744,1293,635,658,834,377,457,287,132,155,3998,1939,2059
438,District-Dhar,Rural,13,7893,3609,4284,913,513,400,469,217,252,123,52,71,1383,583,800,1277,609,668,821,336,485,211,95,116,2696,1204,1492
438,District-Dhar,Rural,14,10922,5022,5900,1600,907,693,946,453,493,223,105,118,1911,762,1149,1945,920,1025,1303,533,770,323,140,183,2671,1202,1469
438,District-Dhar,Rural,15,15373,7135,8238,2905,1760,1145,1582,802,780,357,164,193,2326,866,1460,3194,1532,1662,2022,805,1217,419,178,241,2568,1028,1540
438,District-Dhar,Rural,16,17073,7975,9098,3803,2403,1400,1908,976,932,414,196,218,2554,896,1658,3639,1670,1969,2236,857,1379,431,179,252,2088,798,1290
438,District-Dhar,Rural,17,14945,6902,8043,3937,2599,1338,1741,871,870,337,142,195,2104,651,1453,3277,1405,1872,1897,655,1242,309,107,202,1343,472,871
438,District-Dhar,Rural,18,25831,11610,14221,7042,4754,2288,2901,1506,1395,470,209,261,2959,807,2152,6498,2542,3956,3661,1097,2564,503,154,349,1797,541,1256
438,District-Dhar,Rural,19,19355,8145,11210,5570,3751,1819,1999,983,1016,350,168,182,2241,513,1728,4938,1699,3239,2641,648,1993,343,83,260,1273,300,973
438,District-Dhar,Urban,5-19,35600,18887,16713,5963,4968,995,867,612,255,324,219,105,8281,2741,5540,1903,1155,748,456,238,218,149,63,86,17657,8891,8766
438,District-Dhar,Urban,5,6286,3377,2909,4,4,0,2,1,1,0,0,0,107,50,57,29,16,13,20,11,9,1,1,0,6123,3294,2829
438,District-Dhar,Urban,6,4847,2645,2202,3,2,1,2,0,2,0,0,0,152,82,70,23,13,10,11,6,5,1,0,1,4655,2542,2113
438,District-Dhar,Urban,7,1616,851,765,8,4,4,1,1,0,0,0,0,112,58,54,12,7,5,4,3,1,0,0,0,1479,778,701
438,District-Dhar,Urban,8,957,505,452,10,6,4,1,0,1,2,1,1,124,59,65,10,6,4,3,1,2,1,1,0,806,431,375
438,District-Dhar,Urban,9,623,300,323,7,6,1,0,0,0,1,0,1,97,42,55,11,6,5,3,2,1,1,1,0,503,243,260
438,District-Dhar,Urban,10,998,497,501,23,15,8,3,0,3,3,2,1,183,97,86,29,18,11,4,1,3,2,0,2,751,364,387
438,District-Dhar,Urban,11,690,366,324,57,49,8,9,7,2,3,2,1,205,94,111,19,10,9,6,4,2,4,3,1,387,197,190
438,District-Dhar,Urban,12,1056,543,513,114,91,23,23,17,6,17,12,5,340,143,197,80,48,32,9,3,6,1,1,0,472,228,244
438,District-Dhar,Urban,13,962,467,495,113,88,25,25,15,10,18,12,6,369,154,215,63,31,32,21,14,7,9,5,4,344,148,196
438,District-Dhar,Urban,14,1362,660,702,233,196,37,49,27,22,19,8,11,553,204,349,127,64,63,30,16,14,4,2,2,347,143,204
438,District-Dhar,Urban,15,2063,1110,953,437,344,93,82,59,23,40,23,17,809,334,475,243,148,95,50,29,21,25,11,14,377,162,215
438,District-Dhar,Urban,16,2443,1315,1128,640,525,115,110,77,33,39,31,8,943,344,599,281,178,103,67,33,34,22,6,16,341,121,220
438,District-Dhar,Urban,17,2565,1399,1166,832,691,141,121,79,42,50,36,14,998,335,663,226,143,83,52,23,29,25,12,13,261,80,181
438,District-Dhar,Urban,18,4939,2692,2247,1821,1539,282,244,187,57,74,52,22,1732,450,1282,468,290,178,95,57,38,32,13,19,473,104,369
438,District-Dhar,Urban,19,4193,2160,2033,1661,1408,253,195,142,53,58,40,18,1557,295,1262,282,177,105,81,35,46,21,7,14,338,56,282
439,District-Indore,Total,5-19,253629,129182,124447,45616,35727,9889,8267,4631,3636,1693,853,840,66724,21072,45652,12823,7692,5131,3348,1518,1830,636,276,360,114522,57413,57109
439,District-Indore,Total,5,43476,23293,20183,46,34,12,16,10,6,3,3,0,1363,726,637,369,213,156,172,87,85,15,9,6,41492,22211,19281
439,District-Indore,Total,6,34305,18092,16213,48,37,11,13,7,6,0,0,0,1399,710,689,279,152,127,160,86,74,7,4,3,32399,17096,15303
439,District-Indore,Total,7,11239,5772,5467,98,67,31,20,9,11,4,3,1,1087,549,538,124,67,57,73,35,38,7,5,2,9826,5037,4789
439,District-Indore,Total,8,6264,3162,3102,90,55,35,23,15,8,2,0,2,1084,553,531,123,67,56,46,26,20,9,4,5,4887,2442,2445
439,District-Indore,Total,9,4477,2310,2167,106,72,34,22,15,7,11,3,8,985,486,499,106,59,47,49,24,25,3,2,1,3195,1649,1546
439,District-Indore,Total,10,6198,3182,3016,176,118,58,44,26,18,11,5,6,1494,763,731,234,140,94,62,38,24,19,10,9,4158,2082,2076
439,District-Indore,Total,11,5080,2673,2407,600,460,140,63,36,27,25,10,15,1635,747,888,298,176,122,79,31,48,17,11,6,2363,1202,1161
439,District-Indore,Total,12,6743,3406,3337,985,744,241,168,100,68,42,16,26,2569,1088,1481,489,294,195,134,57,77,39,27,12,2317,1080,1237
439,District-Indore,Total,13,6952,3292,3660,1139,832,307,248,116,132,59,25,34,2936,1124,1812,510,284,226,148,57,91,39,18,21,1873,836,1037
439,District-Indore,Total,14,9890,4587,5303,2050,1425,625,491,251,240,127,60,67,4230,1494,2736,837,478,359,234,112,122,49,12,37,1872,755,1117
439,District-Indore,Total,15,14626,7193,7433,3734,2758,976,825,439,386,194,101,93,6125,2075,4050,1355,840,515,301,146,155,71,35,36,2021,799,1222
439,District-Indore,Total,16,18190,8906,9284,5170,3946,1224,1153,639,514,252,121,131,7821,2389,5432,1529,942,587,382,177,205,81,36,45,1802,656,1146
439,District-Indore,Total,17,20578,10504,10074,6923,5437,1486,1297,726,571,289,145,144,8455,2453,6002,1624,1019,605,352,160,192,59,26,33,1579,538,1041
439,District-Indore,Total,18,35539,18042,17497,13006,10421,2585,2210,1298,912,385,206,179,13679,3409,10270,2871,1745,1126,680,297,383,131,49,82,2577,617,1960
439,District-Indore,Total,19,30072,14768,15304,11445,9321,2124,1674,944,730,289,155,134,11862,2506,9356,2075,1216,859,476,185,291,90,28,62,2161,413,1748
439,District-Indore,Rural,5-19,85947,40926,45021,17780,12547,5233,4990,2371,2619,1014,373,641,18563,4568,13995,5501,2660,2841,1858,676,1182,350,111,239,35891,17620,18271
439,District-Indore,Rural,5,14487,7695,6792,8,6,2,0,0,0,0,0,0,276,146,130,101,56,45,38,12,26,7,3,4,14057,7472,6585
439,District-Indore,Rural,6,10515,5464,5051,7,5,2,3,1,2,0,0,0,282,158,124,58,28,30,38,21,17,1,1,0,10126,5250,4876
439,District-Indore,Rural,7,3295,1658,1637,16,10,6,5,3,2,1,1,0,193,91,102,31,17,14,15,7,8,6,4,2,3028,1525,1503
439,District-Indore,Rural,8,1934,943,991,22,12,10,9,5,4,2,0,2,243,116,127,45,22,23,19,10,9,9,4,5,1585,774,811
439,District-Indore,Rural,9,1204,605,599,39,21,18,3,1,2,7,1,6,212,95,117,37,22,15,17,8,9,2,1,1,887,456,431
439,District-Indore,Rural,10,1782,880,902,62,39,23,21,13,8,6,2,4,327,152,175,100,50,50,36,22,14,14,7,7,1216,595,621
439,District-Indore,Rural,11,1339,646,693,174,113,61,19,8,11,15,3,12,323,134,189,129,69,60,49,18,31,12,6,6,618,295,323
439,District-Indore,Rural,12,2106,980,1126,351,233,118,92,46,46,31,9,22,617,230,387,229,113,116,72,29,43,20,12,8,694,308,386
439,District-Indore,Rural,13,2242,912,1330,436,270,166,139,43,96,47,17,30,785,243,542,240,109,131,88,31,57,18,7,11,489,192,297
439,District-Indore,Rural,14,3591,1408,2183,794,456,338,319,130,189,80,28,52,1364,376,988,381,195,186,125,50,75,28,5,23,500,168,332
439,District-Indore,Rural,15,5605,2402,3203,1541,1020,521,538,232,306,124,50,74,2049,497,1552,605,337,268,174,66,108,39,15,24,535,185,350
439,District-Indore,Rural,16,7066,3103,3963,2158,1489,669,730,358,372,160,54,106,2575,601,1974,677,355,322,232,94,138,47,16,31,487,136,351
439,District-Indore,Rural,17,7351,3346,4005,2663,1923,740,799,385,414,174,60,114,2448,498,1950,669,329,340,209,71,138,24,9,15,365,71,294
439,District-Indore,Rural,18,13244,6119,7125,5198,3745,1453,1341,675,666,211,81,130,3978,757,3221,1299,589,710,429,149,280,67,13,54,721,110,611
439,District-Indore,Rural,19,10186,4765,5421,4311,3205,1106,972,471,501,156,67,89,2891,474,2417,900,369,531,317,88,229,56,8,48,583,83,500
439,District-Indore,Urban,5-19,167682,88256,79426,27836,23180,4656,3277,2260,1017,679,480,199,48161,16504,31657,7322,5032,2290,1490,842,648,286,165,121,78631,39793,38838
439,District-Indore,Urban,5,28989,15598,13391,38,28,10,16,10,6,3,3,0,1087,580,507,268,157,111,134,75,59,8,6,2,27435,14739,12696
439,District-Indore,Urban,6,23790,12628,11162,41,32,9,10,6,4,0,0,0,1117,552,565,221,124,97,122,65,57,6,3,3,22273,11846,10427
439,District-Indore,Urban,7,7944,4114,3830,82,57,25,15,6,9,3,2,1,894,458,436,93,50,43,58,28,30,1,1,0,6798,3512,3286
439,District-Indore,Urban,8,4330,2219,2111,68,43,25,14,10,4,0,0,0,841,437,404,78,45,33,27,16,11,0,0,0,3302,1668,1634
439,District-Indore,Urban,9,3273,1705,1568,67,51,16,19,14,5,4,2,2,773,391,382,69,37,32,32,16,16,1,1,0,2308,1193,1115
439,District-Indore,Urban,10,4416,2302,2114,114,79,35,23,13,10,5,3,2,1167,611,556,134,90,44,26,16,10,5,3,2,2942,1487,1455
439,District-Indore,Urban,11,3741,2027,1714,426,347,79,44,28,16,10,7,3,1312,613,699,169,107,62,30,13,17,5,5,0,1745,907,838
439,District-Indore,Urban,12,4637,2426,2211,634,511,123,76,54,22,11,7,4,1952,858,1094,260,181,79,62,28,34,19,15,4,1623,772,851
439,District-Indore,Urban,13,4710,2380,2330,703,562,141,109,73,36,12,8,4,2151,881,1270,270,175,95,60,26,34,21,11,10,1384,644,740
439,District-Indore,Urban,14,6299,3179,3120,1256,969,287,172,121,51,47,32,15,2866,1118,1748,456,283,173,109,62,47,21,7,14,1372,587,785
439,District-Indore,Urban,15,9021,4791,4230,2193,1738,455,287,207,80,70,51,19,4076,1578,2498,750,503,247,127,80,47,32,20,12,1486,614,872
439,District-Indore,Urban,16,11124,5803,5321,3012,2457,555,423,281,142,92,67,25,5246,1788,3458,852,587,265,150,83,67,34,20,14,1315,520,795
439,District-Indore,Urban,17,13227,7158,6069,4260,3514,746,498,341,157,115,85,30,6007,1955,4052,955,690,265,143,89,54,35,17,18,1214,467,747
439,District-Indore,Urban,18,22295,11923,10372,7808,6676,1132,869,623,246,174,125,49,9701,2652,7049,1572,1156,416,251,148,103,64,36,28,1856,507,1349
439,District-Indore,Urban,19,19886,10003,9883,7134,6116,1018,702,473,229,133,88,45,8971,2032,6939,1175,847,328,159,97,62,34,20,14,1578,330,1248
440,District-Khargone (West Nimar),Total,5-19,245306,123379,121927,43918,28208,15710,10741,5314,5427,2390,1120,1270,31153,11539,19614,29930,14274,15656,9590,3674,5916,2095,887,1208,115489,58363,57126
440,District-Khargone (West Nimar),Total,5,36576,19283,17293,3,1,2,7,3,4,1,1,0,321,176,145,232,116,116,120,65,55,26,12,14,35866,18909,16957
440,District-Khargone (West Nimar),Total,6,28733,14935,13798,21,14,7,5,3,2,0,0,0,496,265,231,194,105,89,122,61,61,63,25,38,27832,14462,13370
440,District-Khargone (West Nimar),Total,7,10896,5543,5353,30,17,13,6,3,3,3,2,1,425,206,219,135,69,66,78,30,48,48,22,26,10171,5194,4977
440,District-Khargone (West Nimar),Total,8,9320,4814,4506,52,31,21,16,11,5,4,3,1,560,275,285,207,112,95,145,74,71,113,60,53,8223,4248,3975
440,District-Khargone (West Nimar),Total,9,5620,2844,2776,70,33,37,28,19,9,17,4,13,539,245,294,166,94,72,111,52,59,85,48,37,4604,2349,2255
440,District-Khargone (West Nimar),Total,10,9260,4748,4512,183,98,85,85,41,44,30,17,13,1081,547,534,491,266,225,292,118,174,170,88,82,6928,3573,3355
440,District-Khargone (West Nimar),Total,11,5990,2987,3003,413,251,162,121,62,59,51,29,22,1100,523,577,609,282,327,241,120,121,105,50,55,3350,1670,1680
440,District-Khargone (West Nimar),Total,12,10368,5191,5177,986,577,409,332,173,159,129,62,67,2130,987,1143,1466,759,707,553,249,304,180,93,87,4592,2291,2301
440,District-Khargone (West Nimar),Total,13,9057,4318,4739,1330,751,579,433,187,246,158,83,75,2167,963,1204,1454,674,780,509,194,315,188,83,105,2818,1383,1435
440,District-Khargone (West Nimar),Total,14,13070,6244,6826,2740,1558,1182,851,389,462,241,95,146,3057,1290,1767,2272,1170,1102,818,339,479,208,90,118,2883,1313,1570
440,District-Khargone (West Nimar),Total,15,16874,8426,8448,4483,2700,1783,1382,682,700,336,170,166,3562,1460,2102,3385,1760,1625,1097,492,605,207,89,118,2422,1073,1349
440,District-Khargone (West Nimar),Total,16,20157,9902,10255,6445,3991,2454,1815,817,998,369,156,213,3921,1420,2501,4061,2102,1959,1302,543,759,202,79,123,2042,794,1248
440,District-Khargone (West Nimar),Total,17,17948,8826,9122,6802,4314,2488,1627,839,788,331,161,170,3412,1033,2379,3417,1616,1801,1009,384,625,133,46,87,1217,433,784
440,District-Khargone (West Nimar),Total,18,30093,15070,15023,11702,7888,3814,2397,1258,1139,425,209,216,4849,1340,3509,7121,3263,3858,1885,612,1273,210,66,144,1504,434,1070
440,District-Khargone (West Nimar),Total,19,21344,10248,11096,8658,5984,2674,1636,827,809,295,128,167,3533,809,2724,4720,1886,2834,1308,341,967,157,36,121,1037,237,800
440,District-Khargone (West Nimar),Rural,5-19,217676,108695,108981,39469,24397,15072,10073,4808,5265,2233,1006,1227,23043,8828,14215,28608,13341,15267,9323,3513,5810,2031,851,1180,102896,51951,50945
440,District-Khargone (West Nimar),Rural,5,32113,16860,15253,3,1,2,6,3,3,1,1,0,251,140,111,207,106,101,108,60,48,24,11,13,31513,16538,14975
440,District-Khargone (West Nimar),Rural,6,25213,13071,12142,19,13,6,5,3,2,0,0,0,407,217,190,179,94,85,109,53,56,62,24,38,24432,12667,11765
440,District-Khargone (West Nimar),Rural,7,9854,4978,4876,26,15,11,5,2,3,2,1,1,348,171,177,128,62,66,76,29,47,47,22,25,9222,4676,4546
440,District-Khargone (West Nimar),Rural,8,8640,4443,4197,50,30,20,16,11,5,3,2,1,473,235,238,202,110,92,140,71,69,112,59,53,7644,3925,3719
440,District-Khargone (West Nimar),Rural,9,5185,2618,2567,68,32,36,28,19,9,17,4,13,445,202,243,160,90,70,110,51,59,85,48,37,4272,2172,2100
440,District-Khargone (West Nimar),Rural,10,8481,4341,4140,173,93,80,82,40,42,28,16,12,884,451,433,465,249,216,288,115,173,168,87,81,6393,3290,3103
440,District-Khargone (West Nimar),Rural,11,5430,2691,2739,374,219,155,113,57,56,50,29,21,876,416,460,591,271,320,239,119,120,102,48,54,3085,1532,1553
440,District-Khargone (West Nimar),Rural,12,9373,4686,4687,893,502,391,311,159,152,121,57,64,1698,802,896,1413,724,689,545,243,302,177,91,86,4215,2108,2107
440,District-Khargone (West Nimar),Rural,13,8087,3807,4280,1210,653,557,405,166,239,152,77,75,1682,752,930,1407,638,769,495,183,312,183,78,105,2553,1260,1293
440,District-Khargone (West Nimar),Rural,14,11704,5576,6128,2520,1378,1142,813,362,451,230,91,139,2365,1026,1339,2174,1111,1063,790,327,463,201,86,115,2611,1195,1416
440,District-Khargone (West Nimar),Rural,15,15043,7453,7590,4095,2380,1715,1301,619,682,325,161,164,2697,1138,1559,3222,1642,1580,1060,471,589,199,85,114,2144,957,1187
440,District-Khargone (West Nimar),Rural,16,17946,8722,9224,5851,3493,2358,1735,755,980,345,138,207,2875,1058,1817,3894,1974,1920,1271,525,746,195,76,119,1780,703,1077
440,District-Khargone (West Nimar),Rural,17,15723,7691,8032,6123,3742,2381,1516,758,758,306,144,162,2420,769,1651,3255,1506,1749,979,362,617,124,41,83,1000,369,631
440,District-Khargone (West Nimar),Rural,18,26427,13065,13362,10451,6804,3647,2241,1142,1099,391,182,209,3285,903,2382,6799,3024,3775,1835,581,1254,201,62,139,1224,367,857
440,District-Khargone (West Nimar),Rural,19,18457,8693,9764,7613,5042,2571,1496,712,784,262,103,159,2337,548,1789,4512,1740,2772,1278,323,955,151,33,118,808,192,616
440,District-Khargone (West Nimar),Urban,5-19,27630,14684,12946,4449,3811,638,668,506,162,157,114,43,8110,2711,5399,1322,933,389,267,161,106,64,36,28,12593,6412,6181
440,District-Khargone (West Nimar),Urban,5,4463,2423,2040,0,0,0,1,0,1,0,0,0,70,36,34,25,10,15,12,5,7,2,1,1,4353,2371,1982
440,District-Khargone (West Nimar),Urban,6,3520,1864,1656,2,1,1,0,0,0,0,0,0,89,48,41,15,11,4,13,8,5,1,1,0,3400,1795,1605
440,District-Khargone (West Nimar),Urban,7,1042,565,477,4,2,2,1,1,0,1,1,0,77,35,42,7,7,0,2,1,1,1,0,1,949,518,431
440,District-Khargone (West Nimar),Urban,8,680,371,309,2,1,1,0,0,0,1,1,0,87,40,47,5,2,3,5,3,2,1,1,0,579,323,256
440,District-Khargone (West Nimar),Urban,9,435,226,209,2,1,1,0,0,0,0,0,0,94,43,51,6,4,2,1,1,0,0,0,0,332,177,155
440,District-Khargone (West Nimar),Urban,10,779,407,372,10,5,5,3,1,2,2,1,1,197,96,101,26,17,9,4,3,1,2,1,1,535,283,252
440,District-Khargone (West Nimar),Urban,11,560,296,264,39,32,7,8,5,3,1,0,1,224,107,117,18,11,7,2,1,1,3,2,1,265,138,127
440,District-Khargone (West Nimar),Urban,12,995,505,490,93,75,18,21,14,7,8,5,3,432,185,247,53,35,18,8,6,2,3,2,1,377,183,194
440,District-Khargone (West Nimar),Urban,13,970,511,459,120,98,22,28,21,7,6,6,0,485,211,274,47,36,11,14,11,3,5,5,0,265,123,142
440,District-Khargone (West Nimar),Urban,14,1366,668,698,220,180,40,38,27,11,11,4,7,692,264,428,98,59,39,28,12,16,7,4,3,272,118,154
440,District-Khargone (West Nimar),Urban,15,1831,973,858,388,320,68,81,63,18,11,9,2,865,322,543,163,118,45,37,21,16,8,4,4,278,116,162
440,District-Khargone (West Nimar),Urban,16,2211,1180,1031,594,498,96,80,62,18,24,18,6,1046,362,684,167,128,39,31,18,13,7,3,4,262,91,171
440,District-Khargone (West Nimar),Urban,17,2225,1135,1090,679,572,107,111,81,30,25,17,8,992,264,728,162,110,52,30,22,8,9,5,4,217,64,153
440,District-Khargone (West Nimar),Urban,18,3666,2005,1661,1251,1084,167,156,116,40,34,27,7,1564,437,1127,322,239,83,50,31,19,9,4,5,280,67,213
440,District-Khargone (West Nimar),Urban,19,2887,1555,1332,1045,942,103,140,115,25,33,25,8,1196,261,935,208,146,62,30,18,12,6,3,3,229,45,184
441,District-Barwani ,Total,5-19,231293,115495,115798,23628,15386,8242,8964,4404,4560,1688,805,883,17588,7024,10564,36590,17915,18675,16626,6261,10365,3610,1622,1988,122599,62078,60521
441,District-Barwani ,Total,5,32688,17122,15566,5,2,3,0,0,0,2,0,2,234,113,121,168,95,73,80,42,38,22,15,7,32177,16855,15322
441,District-Barwani ,Total,6,28360,14579,13781,5,4,1,4,4,0,2,0,2,274,128,146,174,94,80,84,43,41,30,19,11,27787,14287,13500
441,District-Barwani ,Total,7,12756,6625,6131,18,13,5,5,2,3,6,3,3,327,155,172,140,82,58,92,47,45,59,26,33,12109,6297,5812
441,District-Barwani ,Total,8,12667,6538,6129,17,13,4,15,10,5,10,4,6,537,258,279,241,137,104,193,94,99,161,89,72,11493,5933,5560
441,District-Barwani ,Total,9,7099,3768,3331,32,19,13,22,8,14,16,6,10,449,228,221,239,135,104,194,93,101,138,71,67,6009,3208,2801
441,District-Barwani ,Total,10,12357,6529,5828,150,83,67,103,56,47,60,31,29,1006,523,483,739,422,317,659,346,313,387,198,189,9253,4870,4383
441,District-Barwani ,Total,11,6717,3439,3278,238,142,96,159,72,87,80,36,44,812,394,418,698,385,313,510,222,288,221,120,101,3999,2068,1931
441,District-Barwani ,Total,12,12208,6296,5912,734,434,300,464,240,224,166,79,87,1597,805,792,1828,1025,803,1223,567,656,444,221,223,5752,2925,2827
441,District-Barwani ,Total,13,9284,4489,4795,894,543,351,551,251,300,149,71,78,1370,658,712,1735,879,856,1066,450,616,308,135,173,3211,1502,1709
441,District-Barwani ,Total,14,12594,6223,6371,1754,1028,726,990,473,517,202,90,112,1671,759,912,2917,1544,1373,1682,747,935,389,171,218,2989,1411,1578
441,District-Barwani ,Total,15,14879,7538,7341,2736,1716,1020,1307,637,670,262,134,128,1856,766,1090,4224,2333,1891,1910,800,1110,360,187,173,2224,965,1259
441,District-Barwani ,Total,16,16784,8362,8422,3696,2331,1365,1439,741,698,231,118,113,1951,732,1219,5029,2644,2385,2223,897,1326,352,155,197,1863,744,1119
441,District-Barwani ,Total,17,12616,6001,6615,3170,2073,1097,1059,509,550,161,72,89,1461,495,966,3937,1892,2045,1569,523,1046,195,62,133,1064,375,689
441,District-Barwani ,Total,18,24391,11256,13135,6082,4155,1927,1785,897,888,208,99,109,2334,652,1682,8885,3995,4890,3095,908,2187,333,97,236,1669,453,1216
441,District-Barwani ,Total,19,15893,6730,9163,4097,2830,1267,1061,504,557,133,62,71,1709,358,1351,5636,2253,3383,2046,482,1564,211,56,155,1000,185,815
441,District-Barwani ,Rural,5-19,211389,105078,106311,20615,12985,7630,8470,4081,4389,1547,712,835,12836,5405,7431,35050,16955,18095,16367,6125,10242,3514,1574,1940,112990,57241,55749
441,District-Barwani ,Rural,5,29370,15339,14031,4,2,2,0,0,0,1,0,1,156,73,83,153,85,68,76,41,35,21,14,7,28959,15124,13835
441,District-Barwani ,Rural,6,25742,13214,12528,3,2,1,4,4,0,2,0,2,219,104,115,150,81,69,83,43,40,27,17,10,25254,12963,12291
441,District-Barwani ,Rural,7,11889,6190,5699,15,11,4,5,2,3,6,3,3,276,132,144,131,76,55,92,47,45,57,25,32,11307,5894,5413
441,District-Barwani ,Rural,8,12065,6244,5821,13,12,1,15,10,5,10,4,6,489,238,251,229,132,97,187,90,97,161,89,72,10961,5669,5292
441,District-Barwani ,Rural,9,6728,3576,3152,27,18,9,20,6,14,14,6,8,397,204,193,227,127,100,192,92,100,135,69,66,5716,3054,2662
441,District-Barwani ,Rural,10,11709,6166,5543,130,73,57,99,53,46,58,30,28,884,453,431,701,403,298,647,340,307,385,197,188,8805,4617,4188
441,District-Barwani ,Rural,11,6326,3233,3093,218,125,93,154,67,87,77,35,42,672,329,343,662,365,297,504,218,286,218,119,99,3821,1975,1846
441,District-Barwani ,Rural,12,11468,5900,5568,645,365,280,453,232,221,161,77,84,1351,702,649,1751,977,774,1206,560,646,441,220,221,5460,2767,2693
441,District-Barwani ,Rural,13,8627,4153,4474,804,477,327,531,241,290,146,69,77,1132,544,588,1642,827,815,1048,444,604,302,132,170,3022,1419,1603
441,District-Barwani ,Rural,14,11734,5759,5975,1611,927,684,953,445,508,195,87,108,1339,616,723,2787,1461,1326,1667,736,931,381,168,213,2801,1319,1482
441,District-Barwani ,Rural,15,13574,6843,6731,2442,1490,952,1253,602,651,246,122,124,1345,560,785,4036,2212,1824,1879,781,1098,345,180,165,2028,896,1132
441,District-Barwani ,Rural,16,15252,7547,7705,3228,1971,1257,1371,697,674,206,99,107,1392,543,849,4839,2521,2318,2191,880,1311,339,150,189,1686,686,1000
441,District-Barwani ,Rural,17,11182,5222,5960,2716,1714,1002,973,454,519,142,61,81,922,319,603,3774,1786,1988,1541,508,1033,186,55,131,928,325,603
441,District-Barwani ,Rural,18,21652,9800,11852,5208,3425,1783,1660,818,842,178,75,103,1332,385,947,8521,3750,4771,3041,877,2164,311,87,224,1401,383,1018
441,District-Barwani ,Rural,19,14071,5892,8179,3551,2373,1178,979,450,529,105,44,61,930,203,727,5447,2152,3295,2013,468,1545,205,52,153,841,150,691
441,District-Barwani ,Urban,5-19,19904,10417,9487,3013,2401,612,494,323,171,141,93,48,4752,1619,3133,1540,960,580,259,136,123,96,48,48,9609,4837,4772
441,District-Barwani ,Urban,5,3318,1783,1535,1,0,1,0,0,0,1,0,1,78,40,38,15,10,5,4,1,3,1,1,0,3218,1731,1487
441,District-Barwani ,Urban,6,2618,1365,1253,2,2,0,0,0,0,0,0,0,55,24,31,24,13,11,1,0,1,3,2,1,2533,1324,1209
441,District-Barwani ,Urban,7,867,435,432,3,2,1,0,0,0,0,0,0,51,23,28,9,6,3,0,0,0,2,1,1,802,403,399
441,District-Barwani ,Urban,8,602,294,308,4,1,3,0,0,0,0,0,0,48,20,28,12,5,7,6,4,2,0,0,0,532,264,268
441,District-Barwani ,Urban,9,371,192,179,5,1,4,2,2,0,2,0,2,52,24,28,12,8,4,2,1,1,3,2,1,293,154,139
441,District-Barwani ,Urban,10,648,363,285,20,10,10,4,3,1,2,1,1,122,70,52,38,19,19,12,6,6,2,1,1,448,253,195
441,District-Barwani ,Urban,11,391,206,185,20,17,3,5,5,0,3,1,2,140,65,75,36,20,16,6,4,2,3,1,2,178,93,85
441,District-Barwani ,Urban,12,740,396,344,89,69,20,11,8,3,5,2,3,246,103,143,77,48,29,17,7,10,3,1,2,292,158,134
441,District-Barwani ,Urban,13,657,336,321,90,66,24,20,10,10,3,2,1,238,114,124,93,52,41,18,6,12,6,3,3,189,83,106
441,District-Barwani ,Urban,14,860,464,396,143,101,42,37,28,9,7,3,4,332,143,189,130,83,47,15,11,4,8,3,5,188,92,96
441,District-Barwani ,Urban,15,1305,695,610,294,226,68,54,35,19,16,12,4,511,206,305,188,121,67,31,19,12,15,7,8,196,69,127
441,District-Barwani ,Urban,16,1532,815,717,468,360,108,68,44,24,25,19,6,559,189,370,190,123,67,32,17,15,13,5,8,177,58,119
441,District-Barwani ,Urban,17,1434,779,655,454,359,95,86,55,31,19,11,8,539,176,363,163,106,57,28,15,13,9,7,2,136,50,86
441,District-Barwani ,Urban,18,2739,1456,1283,874,730,144,125,79,46,30,24,6,1002,267,735,364,245,119,54,31,23,22,10,12,268,70,198
441,District-Barwani ,Urban,19,1822,838,984,546,457,89,82,54,28,28,18,10,779,155,624,189,101,88,33,14,19,6,4,2,159,35,124
442,District-Rajgarh,Total,5-19,158246,72843,85403,20211,13921,6290,17251,7663,9588,3934,1561,2373,24987,8288,16699,8492,3671,4821,8780,2270,6510,1915,477,1438,72676,34992,37684
442,District-Rajgarh,Total,5,29197,15547,13650,9,8,1,2,0,2,1,1,0,307,155,152,179,90,89,171,82,89,64,28,36,28464,15183,13281
442,District-Rajgarh,Total,6,20046,10359,9687,14,8,6,6,3,3,2,1,1,362,183,179,105,57,48,126,66,60,44,18,26,19387,10023,9364
442,District-Rajgarh,Total,7,6828,3359,3469,18,6,12,12,6,6,3,1,2,361,171,190,66,35,31,77,36,41,28,14,14,6263,3090,3173
442,District-Rajgarh,Total,8,3801,1767,2034,30,19,11,9,2,7,5,1,4,494,221,273,59,30,29,78,30,48,29,11,18,3097,1453,1644
442,District-Rajgarh,Total,9,2192,986,1206,35,21,14,17,5,12,10,2,8,378,175,203,52,24,28,54,22,32,23,15,8,1623,722,901
442,District-Rajgarh,Total,10,3423,1584,1839,69,40,29,58,21,37,26,14,12,657,305,352,97,50,47,149,65,84,33,12,21,2334,1077,1257
442,District-Rajgarh,Total,11,2367,1041,1326,151,94,57,124,50,74,39,18,21,654,273,381,112,66,46,119,39,80,44,8,36,1124,493,631
442,District-Rajgarh,Total,12,4377,1879,2498,424,295,129,341,154,187,108,44,64,1269,497,772,269,134,135,319,116,203,106,28,78,1541,611,930
442,District-Rajgarh,Total,13,3934,1544,2390,454,276,178,439,171,268,123,44,79,1268,471,797,235,97,138,279,66,213,77,18,59,1059,401,658
442,District-Rajgarh,Total,14,6207,2450,3757,872,520,352,945,341,604,272,113,159,1915,728,1187,423,194,229,542,150,392,134,36,98,1104,368,736
442,District-Rajgarh,Total,15,10933,4735,6198,1916,1282,634,1832,814,1018,521,197,324,2968,1048,1920,936,501,435,942,300,642,221,79,142,1597,514,1083
442,District-Rajgarh,Total,16,12351,5215,7136,2483,1682,801,2509,1091,1418,621,249,372,3290,1036,2254,1034,492,542,989,267,722,206,52,154,1219,346,873
442,District-Rajgarh,Total,17,11850,5129,6721,2819,1959,860,2417,1118,1299,567,221,346,3007,916,2091,950,409,541,917,233,684,201,44,157,972,229,743
442,District-Rajgarh,Total,18,24274,10319,13955,6353,4459,1894,5042,2304,2738,1014,400,614,4881,1329,3552,2378,947,1431,2413,502,1911,446,76,370,1747,302,1445
442,District-Rajgarh,Total,19,16466,6929,9537,4564,3252,1312,3498,1583,1915,622,255,367,3176,780,2396,1597,545,1052,1605,296,1309,259,38,221,1145,180,965
442,District-Rajgarh,Rural,5-19,135365,61139,74226,17337,11474,5863,16358,7066,9292,3652,1413,2239,18256,5880,12376,7724,3167,4557,8436,2106,6330,1824,448,1376,61778,29585,32193
442,District-Rajgarh,Rural,5,25141,13341,11800,8,7,1,2,0,2,1,1,0,234,117,117,156,76,80,157,73,84,61,27,34,24522,13040,11482
442,District-Rajgarh,Rural,6,17109,8792,8317,13,7,6,5,2,3,2,1,1,283,145,138,86,44,42,115,63,52,44,18,26,16561,8512,8049
442,District-Rajgarh,Rural,7,5882,2871,3011,14,5,9,10,5,5,3,1,2,294,132,162,57,29,28,71,34,37,28,14,14,5405,2651,2754
442,District-Rajgarh,Rural,8,3255,1498,1757,30,19,11,8,1,7,4,0,4,413,180,233,50,27,23,75,29,46,26,10,16,2649,1232,1417
442,District-Rajgarh,Rural,9,1817,800,1017,30,16,14,15,4,11,10,2,8,277,125,152,41,17,24,50,21,29,21,15,6,1373,600,773
442,District-Rajgarh,Rural,10,2882,1299,1583,63,35,28,57,21,36,25,13,12,519,229,290,90,46,44,140,61,79,30,11,19,1958,883,1075
442,District-Rajgarh,Rural,11,1957,819,1138,127,72,55,120,46,74,35,15,20,506,210,296,97,53,44,115,35,80,44,8,36,913,380,533
442,District-Rajgarh,Rural,12,3706,1540,2166,360,237,123,323,140,183,103,41,62,1000,377,623,248,118,130,308,109,199,93,25,68,1271,493,778
442,District-Rajgarh,Rural,13,3295,1226,2069,381,219,162,417,152,265,111,39,72,964,348,616,204,76,128,267,61,206,74,17,57,877,314,563
442,District-Rajgarh,Rural,14,5277,1975,3302,751,431,320,898,313,585,245,95,150,1464,522,942,380,170,210,519,141,378,127,32,95,893,271,622
442,District-Rajgarh,Rural,15,9463,3979,5484,1680,1082,598,1732,743,989,484,179,305,2284,764,1520,849,443,406,908,282,626,210,77,133,1316,409,907
442,District-Rajgarh,Rural,16,10596,4343,6253,2128,1382,746,2387,1020,1367,575,224,351,2429,730,1699,935,426,509,946,246,700,197,48,149,999,267,732
442,District-Rajgarh,Rural,17,10073,4222,5851,2406,1602,804,2280,1021,1259,533,208,325,2143,618,1525,860,348,512,879,213,666,192,42,150,780,170,610
442,District-Rajgarh,Rural,18,20934,8675,12259,5454,3696,1758,4785,2137,2648,940,359,581,3428,912,2516,2192,817,1375,2334,463,1871,429,70,359,1372,221,1151
442,District-Rajgarh,Rural,19,13978,5759,8219,3892,2664,1228,3319,1461,1858,581,235,346,2018,471,1547,1479,477,1002,1552,275,1277,248,34,214,889,142,747
442,District-Rajgarh,Urban,5-19,22881,11704,11177,2874,2447,427,893,597,296,282,148,134,6731,2408,4323,768,504,264,344,164,180,91,29,62,10898,5407,5491
442,District-Rajgarh,Urban,5,4056,2206,1850,1,1,0,0,0,0,0,0,0,73,38,35,23,14,9,14,9,5,3,1,2,3942,2143,1799
442,District-Rajgarh,Urban,6,2937,1567,1370,1,1,0,1,1,0,0,0,0,79,38,41,19,13,6,11,3,8,0,0,0,2826,1511,1315
442,District-Rajgarh,Urban,7,946,488,458,4,1,3,2,1,1,0,0,0,67,39,28,9,6,3,6,2,4,0,0,0,858,439,419
442,District-Rajgarh,Urban,8,546,269,277,0,0,0,1,1,0,1,1,0,81,41,40,9,3,6,3,1,2,3,1,2,448,221,227
442,District-Rajgarh,Urban,9,375,186,189,5,5,0,2,1,1,0,0,0,101,50,51,11,7,4,4,1,3,2,0,2,250,122,128
442,District-Rajgarh,Urban,10,541,285,256,6,5,1,1,0,1,1,1,0,138,76,62,7,4,3,9,4,5,3,1,2,376,194,182
442,District-Rajgarh,Urban,11,410,222,188,24,22,2,4,4,0,4,3,1,148,63,85,15,13,2,4,4,0,0,0,0,211,113,98
442,District-Rajgarh,Urban,12,671,339,332,64,58,6,18,14,4,5,3,2,269,120,149,21,16,5,11,7,4,13,3,10,270,118,152
442,District-Rajgarh,Urban,13,639,318,321,73,57,16,22,19,3,12,5,7,304,123,181,31,21,10,12,5,7,3,1,2,182,87,95
442,District-Rajgarh,Urban,14,930,475,455,121,89,32,47,28,19,27,18,9,451,206,245,43,24,19,23,9,14,7,4,3,211,97,114
442,District-Rajgarh,Urban,15,1470,756,714,236,200,36,100,71,29,37,18,19,684,284,400,87,58,29,34,18,16,11,2,9,281,105,176
442,District-Rajgarh,Urban,16,1755,872,883,355,300,55,122,71,51,46,25,21,861,306,555,99,66,33,43,21,22,9,4,5,220,79,141
442,District-Rajgarh,Urban,17,1777,907,870,413,357,56,137,97,40,34,13,21,864,298,566,90,61,29,38,20,18,9,2,7,192,59,133
442,District-Rajgarh,Urban,18,3340,1644,1696,899,763,136,257,167,90,74,41,33,1453,417,1036,186,130,56,79,39,40,17,6,11,375,81,294
442,District-Rajgarh,Urban,19,2488,1170,1318,672,588,84,179,122,57,41,20,21,1158,309,849,118,68,50,53,21,32,11,4,7,256,38,218
443,District-Vidisha,Total,5-19,141471,75137,66334,18253,16137,2116,9886,7065,2821,3313,1878,1435,34099,10843,23256,4871,3793,1078,3421,1892,1529,1028,529,499,66600,33000,33600
443,District-Vidisha,Total,5,26362,13880,12482,6,4,2,2,2,0,1,0,1,255,137,118,87,49,38,68,30,38,13,8,5,25930,13650,12280
443,District-Vidisha,Total,6,18527,9543,8984,7,6,1,4,1,3,2,1,1,340,175,165,61,29,32,43,21,22,10,4,6,18060,9306,8754
443,District-Vidisha,Total,7,5657,2921,2736,10,8,2,3,1,2,0,0,0,339,181,158,24,14,10,25,13,12,6,3,3,5250,2701,2549
443,District-Vidisha,Total,8,3280,1681,1599,10,8,2,6,3,3,2,0,2,332,151,181,21,13,8,21,10,11,10,6,4,2878,1490,1388
443,District-Vidisha,Total,9,1754,932,822,16,9,7,6,3,3,2,0,2,294,143,151,12,7,5,25,15,10,9,5,4,1390,750,640
443,District-Vidisha,Total,10,2940,1497,1443,36,25,11,24,13,11,5,2,3,543,261,282,45,31,14,47,30,17,19,10,9,2221,1125,1096
443,District-Vidisha,Total,11,1896,942,954,121,97,24,45,34,11,18,5,13,593,236,357,47,27,20,51,29,22,24,14,10,997,500,497
443,District-Vidisha,Total,12,3469,1867,1602,271,232,39,153,102,51,60,33,27,1209,567,642,168,127,41,158,84,74,54,26,28,1396,696,700
443,District-Vidisha,Total,13,3045,1570,1475,288,238,50,212,141,71,90,50,40,1314,557,757,142,101,41,139,68,71,38,19,19,822,396,426
443,District-Vidisha,Total,14,5497,2743,2754,645,530,115,482,307,175,235,121,114,2415,897,1518,289,207,82,190,107,83,82,49,33,1159,525,634
443,District-Vidisha,Total,15,9196,4852,4344,1484,1270,214,982,690,292,408,220,188,3905,1365,2540,598,467,131,371,227,144,134,86,48,1314,527,787
443,District-Vidisha,Total,16,11908,6284,5624,2280,2003,277,1505,1053,452,574,329,245,4989,1535,3454,663,550,113,464,284,180,150,83,67,1283,447,836
443,District-Vidisha,Total,17,11195,6054,5141,2603,2312,291,1481,1060,421,548,308,240,4637,1341,3296,550,448,102,413,238,175,89,56,33,874,291,583
443,District-Vidisha,Total,18,21763,12338,9425,6127,5508,619,2905,2166,739,816,492,324,7547,2035,5512,1426,1149,277,910,498,412,236,106,130,1796,384,1412
443,District-Vidisha,Total,19,14982,8033,6949,4349,3887,462,2076,1489,587,552,317,235,5387,1262,4125,738,574,164,496,238,258,154,54,100,1230,212,1018
443,District-Vidisha,Rural,5-19,115643,60926,54717,14979,13177,1802,9284,6599,2685,3067,1684,1383,27078,8149,18929,3922,3011,911,3224,1746,1478,962,481,481,53127,26079,27048
443,District-Vidisha,Rural,5,21255,11156,10099,5,3,2,1,1,0,1,0,1,189,101,88,69,38,31,54,24,30,12,7,5,20924,10982,9942
443,District-Vidisha,Rural,6,14454,7446,7008,5,4,1,4,1,3,2,1,1,244,131,113,40,16,24,35,17,18,10,4,6,14114,7272,6842
443,District-Vidisha,Rural,7,4579,2345,2234,10,8,2,2,1,1,0,0,0,254,133,121,16,10,6,24,13,11,5,2,3,4268,2178,2090
443,District-Vidisha,Rural,8,2595,1306,1289,6,4,2,6,3,3,2,0,2,247,108,139,17,10,7,19,10,9,9,5,4,2289,1166,1123
443,District-Vidisha,Rural,9,1402,746,656,8,4,4,6,3,3,2,0,2,228,108,120,8,5,3,23,14,9,8,5,3,1119,607,512
443,District-Vidisha,Rural,10,2323,1156,1167,27,16,11,22,11,11,5,2,3,427,199,228,36,25,11,43,27,16,16,7,9,1747,869,878
443,District-Vidisha,Rural,11,1472,723,749,85,67,18,43,33,10,17,4,13,452,184,268,38,22,16,45,24,21,24,14,10,768,375,393
443,District-Vidisha,Rural,12,2812,1465,1347,214,180,34,141,93,48,54,28,26,931,412,519,137,104,33,148,77,71,48,24,24,1139,547,592
443,District-Vidisha,Rural,13,2454,1229,1225,229,188,41,194,128,66,84,45,39,1029,423,606,110,73,37,133,63,70,35,16,19,640,293,347
443,District-Vidisha,Rural,14,4566,2209,2357,516,418,98,451,286,165,222,111,111,1952,684,1268,243,170,73,174,95,79,78,47,31,930,398,532
443,District-Vidisha,Rural,15,7734,3989,3745,1215,1036,179,925,643,282,381,199,182,3207,1045,2162,471,367,104,354,214,140,129,82,47,1052,403,649
443,District-Vidisha,Rural,16,10088,5229,4859,1883,1644,239,1424,997,427,527,290,237,4125,1183,2942,540,446,94,440,264,176,137,74,63,1012,331,681
443,District-Vidisha,Rural,17,9373,4975,4398,2130,1876,254,1366,971,395,510,277,233,3761,1014,2747,438,353,85,392,220,172,84,51,33,692,213,479
443,District-Vidisha,Rural,18,18257,10353,7904,5121,4590,531,2744,2031,713,745,438,307,5970,1529,4441,1150,911,239,868,465,403,224,99,125,1435,290,1145
443,District-Vidisha,Rural,19,12279,6599,5680,3525,3139,386,1955,1397,558,515,289,226,4062,895,3167,609,461,148,472,219,253,143,44,99,998,155,843
443,District-Vidisha,Urban,5-19,25828,14211,11617,3274,2960,314,602,466,136,246,194,52,7021,2694,4327,949,782,167,197,146,51,66,48,18,13473,6921,6552
443,District-Vidisha,Urban,5,5107,2724,2383,1,1,0,1,1,0,0,0,0,66,36,30,18,11,7,14,6,8,1,1,0,5006,2668,2338
443,District-Vidisha,Urban,6,4073,2097,1976,2,2,0,0,0,0,0,0,0,96,44,52,21,13,8,8,4,4,0,0,0,3946,2034,1912
443,District-Vidisha,Urban,7,1078,576,502,0,0,0,1,0,1,0,0,0,85,48,37,8,4,4,1,0,1,1,1,0,982,523,459
443,District-Vidisha,Urban,8,685,375,310,4,4,0,0,0,0,0,0,0,85,43,42,4,3,1,2,0,2,1,1,0,589,324,265
443,District-Vidisha,Urban,9,352,186,166,8,5,3,0,0,0,0,0,0,66,35,31,4,2,2,2,1,1,1,0,1,271,143,128
443,District-Vidisha,Urban,10,617,341,276,9,9,0,2,2,0,0,0,0,116,62,54,9,6,3,4,3,1,3,3,0,474,256,218
443,District-Vidisha,Urban,11,424,219,205,36,30,6,2,1,1,1,1,0,141,52,89,9,5,4,6,5,1,0,0,0,229,125,104
443,District-Vidisha,Urban,12,657,402,255,57,52,5,12,9,3,6,5,1,278,155,123,31,23,8,10,7,3,6,2,4,257,149,108
443,District-Vidisha,Urban,13,591,341,250,59,50,9,18,13,5,6,5,1,285,134,151,32,28,4,6,5,1,3,3,0,182,103,79
443,District-Vidisha,Urban,14,931,534,397,129,112,17,31,21,10,13,10,3,463,213,250,46,37,9,16,12,4,4,2,2,229,127,102
443,District-Vidisha,Urban,15,1462,863,599,269,234,35,57,47,10,27,21,6,698,320,378,127,100,27,17,13,4,5,4,1,262,124,138
443,District-Vidisha,Urban,16,1820,1055,765,397,359,38,81,56,25,47,39,8,864,352,512,123,104,19,24,20,4,13,9,4,271,116,155
443,District-Vidisha,Urban,17,1822,1079,743,473,436,37,115,89,26,38,31,7,876,327,549,112,95,17,21,18,3,5,5,0,182,78,104
443,District-Vidisha,Urban,18,3506,1985,1521,1006,918,88,161,135,26,71,54,17,1577,506,1071,276,238,38,42,33,9,12,7,5,361,94,267
443,District-Vidisha,Urban,19,2703,1434,1269,824,748,76,121,92,29,37,28,9,1325,367,958,129,113,16,24,19,5,11,10,1,232,57,175
444,District-Bhopal,Total,5-19,181964,97020,84944,23781,19786,3995,8207,5262,2945,1945,1152,793,48671,18798,29873,8224,5704,2520,3966,2116,1850,780,431,349,86390,43771,42619
444,District-Bhopal,Total,5,29859,15647,14212,44,31,13,13,4,9,4,2,2,779,396,383,301,162,139,321,183,138,19,8,11,28378,14861,13517
444,District-Bhopal,Total,6,22443,11735,10708,46,30,16,27,14,13,2,2,0,864,441,423,231,123,108,223,97,126,11,4,7,21039,11024,10015
444,District-Bhopal,Total,7,8437,4317,4120,72,45,27,29,9,20,3,1,2,959,453,506,125,72,53,104,51,53,7,5,2,7138,3681,3457
444,District-Bhopal,Total,8,5480,2753,2727,61,34,27,34,16,18,2,1,1,986,489,497,106,64,42,71,39,32,12,6,6,4208,2104,2104
444,District-Bhopal,Total,9,3935,2071,1864,57,41,16,27,20,7,2,0,2,857,442,415,73,38,35,63,24,39,9,5,4,2847,1501,1346
444,District-Bhopal,Total,10,5714,3034,2680,110,69,41,52,31,21,6,6,0,1344,699,645,146,80,66,104,68,36,14,8,6,3938,2073,1865
444,District-Bhopal,Total,11,4565,2467,2098,367,287,80,92,54,38,15,7,8,1469,697,772,181,122,59,70,44,26,20,10,10,2351,1246,1105
444,District-Bhopal,Total,12,5586,3079,2507,545,432,113,187,97,90,50,33,17,1994,950,1044,265,184,81,172,92,80,27,17,10,2346,1274,1072
444,District-Bhopal,Total,13,5271,2837,2434,534,418,116,186,114,72,45,31,14,2204,1030,1174,290,212,78,152,83,69,33,19,14,1827,930,897
444,District-Bhopal,Total,14,7136,3844,3292,966,769,197,362,229,133,79,50,29,3078,1372,1706,446,311,135,206,109,97,59,34,25,1940,970,970
444,District-Bhopal,Total,15,10556,5712,4844,1706,1358,348,704,429,275,226,124,102,4360,1855,2505,868,614,254,351,206,145,90,55,35,2251,1071,1180
444,District-Bhopal,Total,16,12718,6793,5925,2508,2019,489,1067,640,427,274,156,118,5418,2166,3252,949,676,273,373,211,162,107,52,55,2022,873,1149
444,District-Bhopal,Total,17,14069,7786,6283,3304,2729,575,1355,924,431,339,192,147,5969,2262,3707,918,685,233,387,221,166,78,49,29,1719,724,995
444,District-Bhopal,Total,18,24775,13490,11285,6820,5777,1043,2238,1503,735,481,292,189,9923,3175,6748,1937,1405,532,763,397,366,169,91,78,2444,850,1594
444,District-Bhopal,Total,19,21420,11455,9965,6641,5747,894,1834,1178,656,417,255,162,8467,2371,6096,1388,956,432,606,291,315,125,68,57,1942,589,1353
444,District-Bhopal,Rural,5-19,48699,24698,24001,5915,4609,1306,4193,2481,1712,1109,525,584,10498,3771,6727,2216,1305,911,1640,697,943,404,176,228,22724,11134,11590
444,District-Bhopal,Rural,5,8648,4454,4194,10,7,3,0,0,0,2,1,1,129,62,67,51,27,24,47,23,24,5,0,5,8404,4334,4070
444,District-Bhopal,Rural,6,6164,3167,2997,4,4,0,5,4,1,0,0,0,165,90,75,41,21,20,32,9,23,5,0,5,5912,3039,2873
444,District-Bhopal,Rural,7,2048,1030,1018,14,11,3,6,2,4,2,0,2,233,106,127,22,13,9,14,6,8,1,0,1,1756,892,864
444,District-Bhopal,Rural,8,1361,689,672,16,9,7,6,3,3,1,0,1,263,140,123,23,14,9,17,14,3,5,2,3,1030,507,523
444,District-Bhopal,Rural,9,866,448,418,9,6,3,5,5,0,1,0,1,189,88,101,24,12,12,11,3,8,5,2,3,622,332,290
444,District-Bhopal,Rural,10,1374,693,681,32,15,17,11,6,5,3,3,0,334,170,164,37,22,15,29,14,15,8,5,3,920,458,462
444,District-Bhopal,Rural,11,952,497,455,59,39,20,28,17,11,6,1,5,277,139,138,56,29,27,25,12,13,8,4,4,493,256,237
444,District-Bhopal,Rural,12,1347,677,670,120,85,35,78,32,46,29,18,11,412,186,226,68,42,26,71,35,36,14,8,6,555,271,284
444,District-Bhopal,Rural,13,1173,556,617,96,73,23,80,43,37,23,13,10,460,200,260,69,45,24,56,24,32,19,9,10,370,149,221
444,District-Bhopal,Rural,14,1883,904,979,244,166,78,180,102,78,45,23,22,739,297,442,111,73,38,96,39,57,36,18,18,432,186,246
444,District-Bhopal,Rural,15,3045,1519,1526,464,348,116,361,193,168,145,64,81,1116,437,679,260,172,88,167,82,85,48,25,23,484,198,286
444,District-Bhopal,Rural,16,3938,1900,2038,754,572,182,594,319,275,177,90,87,1432,495,937,262,150,112,168,83,85,61,25,36,490,166,324
444,District-Bhopal,Rural,17,3763,1953,1810,822,638,184,718,460,258,199,84,115,1265,414,851,230,150,80,183,79,104,37,20,17,309,108,201
444,District-Bhopal,Rural,18,7101,3732,3369,1882,1519,363,1236,775,461,266,128,138,2066,598,1468,580,356,224,409,170,239,93,35,58,569,151,418
444,District-Bhopal,Rural,19,5036,2479,2557,1389,1117,272,885,520,365,210,100,110,1418,349,1069,382,179,203,315,104,211,59,23,36,378,87,291
444,District-Bhopal,Urban,5-19,133265,72322,60943,17866,15177,2689,4014,2781,1233,836,627,209,38173,15027,23146,6008,4399,1609,2326,1419,907,376,255,121,63666,32637,31029
444,District-Bhopal,Urban,5,21211,11193,10018,34,24,10,13,4,9,2,1,1,650,334,316,250,135,115,274,160,114,14,8,6,19974,10527,9447
444,District-Bhopal,Urban,6,16279,8568,7711,42,26,16,22,10,12,2,2,0,699,351,348,190,102,88,191,88,103,6,4,2,15127,7985,7142
444,District-Bhopal,Urban,7,6389,3287,3102,58,34,24,23,7,16,1,1,0,726,347,379,103,59,44,90,45,45,6,5,1,5382,2789,2593
444,District-Bhopal,Urban,8,4119,2064,2055,45,25,20,28,13,15,1,1,0,723,349,374,83,50,33,54,25,29,7,4,3,3178,1597,1581
444,District-Bhopal,Urban,9,3069,1623,1446,48,35,13,22,15,7,1,0,1,668,354,314,49,26,23,52,21,31,4,3,1,2225,1169,1056
444,District-Bhopal,Urban,10,4340,2341,1999,78,54,24,41,25,16,3,3,0,1010,529,481,109,58,51,75,54,21,6,3,3,3018,1615,1403
444,District-Bhopal,Urban,11,3613,1970,1643,308,248,60,64,37,27,9,6,3,1192,558,634,125,93,32,45,32,13,12,6,6,1858,990,868
444,District-Bhopal,Urban,12,4239,2402,1837,425,347,78,109,65,44,21,15,6,1582,764,818,197,142,55,101,57,44,13,9,4,1791,1003,788
444,District-Bhopal,Urban,13,4098,2281,1817,438,345,93,106,71,35,22,18,4,1744,830,914,221,167,54,96,59,37,14,10,4,1457,781,676
444,District-Bhopal,Urban,14,5253,2940,2313,722,603,119,182,127,55,34,27,7,2339,1075,1264,335,238,97,110,70,40,23,16,7,1508,784,724
444,District-Bhopal,Urban,15,7511,4193,3318,1242,1010,232,343,236,107,81,60,21,3244,1418,1826,608,442,166,184,124,60,42,30,12,1767,873,894
444,District-Bhopal,Urban,16,8780,4893,3887,1754,1447,307,473,321,152,97,66,31,3986,1671,2315,687,526,161,205,128,77,46,27,19,1532,707,825
444,District-Bhopal,Urban,17,10306,5833,4473,2482,2091,391,637,464,173,140,108,32,4704,1848,2856,688,535,153,204,142,62,41,29,12,1410,616,794
444,District-Bhopal,Urban,18,17674,9758,7916,4938,4258,680,1002,728,274,215,164,51,7857,2577,5280,1357,1049,308,354,227,127,76,56,20,1875,699,1176
444,District-Bhopal,Urban,19,16384,8976,7408,5252,4630,622,949,658,291,207,155,52,7049,2022,5027,1006,777,229,291,187,104,66,45,21,1564,502,1062
445,District-Sehore,Total,5-19,125940,62975,62965,15984,12653,3331,14024,7354,6670,5049,1956,3093,24419,7557,16862,4348,2547,1801,4188,1604,2584,1450,492,958,56478,28812,27666
445,District-Sehore,Total,5,23268,12518,10750,9,6,3,6,2,4,2,1,1,231,121,110,109,57,52,85,40,45,27,10,17,22799,12281,10518
445,District-Sehore,Total,6,17645,9217,8428,9,4,5,4,1,3,1,1,0,300,150,150,82,44,38,59,30,29,31,15,16,17159,8972,8187
445,District-Sehore,Total,7,5236,2722,2514,14,9,5,6,1,5,2,2,0,336,169,167,21,13,8,27,14,13,11,2,9,4819,2512,2307
445,District-Sehore,Total,8,2590,1288,1302,14,8,6,8,3,5,6,4,2,403,203,200,25,14,11,12,4,8,5,3,2,2117,1049,1068
445,District-Sehore,Total,9,1551,805,746,17,9,8,10,5,5,7,1,6,353,179,174,18,10,8,19,9,10,14,6,8,1113,586,527
445,District-Sehore,Total,10,2430,1276,1154,38,27,11,29,20,9,15,3,12,538,278,260,53,34,19,51,27,24,41,19,22,1665,868,797
445,District-Sehore,Total,11,1664,820,844,100,70,30,58,31,27,46,17,29,560,265,295,52,31,21,66,33,33,29,12,17,753,361,392
445,District-Sehore,Total,12,2829,1436,1393,261,213,48,185,103,82,102,46,56,928,410,518,150,94,56,139,58,81,78,38,40,986,474,512
445,District-Sehore,Total,13,2755,1299,1456,299,209,90,251,122,129,149,50,99,1040,458,582,139,82,57,159,69,90,75,27,48,643,282,361
445,District-Sehore,Total,14,4536,2097,2439,626,477,149,621,294,327,307,126,181,1709,612,1097,233,146,87,232,110,122,98,40,58,710,292,418
445,District-Sehore,Total,15,7599,3666,3933,1261,995,266,1284,672,612,599,224,375,2548,866,1682,459,292,167,435,206,229,179,72,107,834,339,495
445,District-Sehore,Total,16,10321,4923,5398,2037,1593,444,2094,1098,996,848,343,505,3367,1001,2366,537,325,212,499,226,273,197,74,123,742,263,479
445,District-Sehore,Total,17,9912,4740,5172,2223,1771,452,2156,1164,992,770,310,460,3141,820,2321,461,279,182,453,182,271,151,42,109,557,172,385
445,District-Sehore,Total,18,19621,9732,9889,5182,4159,1023,4283,2348,1935,1283,495,788,5181,1277,3904,1247,739,508,1169,392,777,313,89,224,963,233,730
445,District-Sehore,Total,19,13983,6436,7547,3894,3103,791,3029,1490,1539,912,333,579,3784,748,3036,762,387,375,783,204,579,201,43,158,618,128,490
445,District-Sehore,Rural,5-19,107339,52970,54369,13260,10217,3043,13169,6729,6440,4748,1734,3014,18880,5755,13125,3920,2187,1733,3975,1470,2505,1378,449,929,48009,24429,23580
445,District-Sehore,Rural,5,19809,10704,9105,5,2,3,5,2,3,2,1,1,171,93,78,96,51,45,74,35,39,24,8,16,19432,10512,8920
445,District-Sehore,Rural,6,14936,7800,7136,7,3,4,3,1,2,1,1,0,231,121,110,78,41,37,49,27,22,26,12,14,14541,7594,6947
445,District-Sehore,Rural,7,4492,2339,2153,11,8,3,6,1,5,2,2,0,296,149,147,19,11,8,25,13,12,9,1,8,4124,2154,1970
445,District-Sehore,Rural,8,2291,1120,1171,11,6,5,7,2,5,6,4,2,370,186,184,20,11,9,10,4,6,5,3,2,1862,904,958
445,District-Sehore,Rural,9,1358,699,659,14,7,7,9,4,5,7,1,6,315,154,161,18,10,8,17,8,9,14,6,8,964,509,455
445,District-Sehore,Rural,10,2097,1075,1022,33,22,11,25,16,9,15,3,12,469,241,228,43,26,17,49,25,24,40,18,22,1423,724,699
445,District-Sehore,Rural,11,1407,678,729,79,53,26,53,28,25,43,15,28,457,214,243,50,29,21,60,27,33,27,10,17,638,302,336
445,District-Sehore,Rural,12,2420,1203,1217,214,171,43,174,99,75,97,41,56,773,343,430,131,79,52,133,56,77,72,33,39,826,381,445
445,District-Sehore,Rural,13,2407,1110,1297,259,176,83,236,112,124,141,46,95,874,383,491,126,73,53,151,63,88,74,26,48,546,231,315
445,District-Sehore,Rural,14,3839,1728,2111,493,360,133,586,269,317,288,114,174,1351,477,874,216,132,84,220,102,118,95,38,57,590,236,354
445,District-Sehore,Rural,15,6617,3105,3512,1065,817,248,1211,625,586,569,199,370,2052,668,1384,418,257,161,414,193,221,170,68,102,718,278,440
445,District-Sehore,Rural,16,8864,4099,4765,1687,1272,415,1972,1006,966,798,305,493,2631,740,1891,491,285,206,476,210,266,192,71,121,617,210,407
445,District-Sehore,Rural,17,8284,3848,4436,1800,1398,402,1996,1040,956,709,266,443,2349,576,1773,406,231,175,428,164,264,145,40,105,451,133,318
445,District-Sehore,Rural,18,16748,8140,8608,4347,3399,948,4018,2154,1864,1212,444,768,3849,896,2953,1121,631,490,1119,361,758,298,80,218,784,175,609
445,District-Sehore,Rural,19,11770,5322,6448,3235,2523,712,2868,1370,1498,858,292,566,2692,514,2178,687,320,367,750,182,568,187,35,152,493,86,407
445,District-Sehore,Urban,5-19,18601,10005,8596,2724,2436,288,855,625,230,301,222,79,5539,1802,3737,428,360,68,213,134,79,72,43,29,8469,4383,4086
445,District-Sehore,Urban,5,3459,1814,1645,4,4,0,1,0,1,0,0,0,60,28,32,13,6,7,11,5,6,3,2,1,3367,1769,1598
445,District-Sehore,Urban,6,2709,1417,1292,2,1,1,1,0,1,0,0,0,69,29,40,4,3,1,10,3,7,5,3,2,2618,1378,1240
445,District-Sehore,Urban,7,744,383,361,3,1,2,0,0,0,0,0,0,40,20,20,2,2,0,2,1,1,2,1,1,695,358,337
445,District-Sehore,Urban,8,299,168,131,3,2,1,1,1,0,0,0,0,33,17,16,5,3,2,2,0,2,0,0,0,255,145,110
445,District-Sehore,Urban,9,193,106,87,3,2,1,1,1,0,0,0,0,38,25,13,0,0,0,2,1,1,0,0,0,149,77,72
445,District-Sehore,Urban,10,333,201,132,5,5,0,4,4,0,0,0,0,69,37,32,10,8,2,2,2,0,1,1,0,242,144,98
445,District-Sehore,Urban,11,257,142,115,21,17,4,5,3,2,3,2,1,103,51,52,2,2,0,6,6,0,2,2,0,115,59,56
445,District-Sehore,Urban,12,409,233,176,47,42,5,11,4,7,5,5,0,155,67,88,19,15,4,6,2,4,6,5,1,160,93,67
445,District-Sehore,Urban,13,348,189,159,40,33,7,15,10,5,8,4,4,166,75,91,13,9,4,8,6,2,1,1,0,97,51,46
445,District-Sehore,Urban,14,697,369,328,133,117,16,35,25,10,19,12,7,358,135,223,17,14,3,12,8,4,3,2,1,120,56,64
445,District-Sehore,Urban,15,982,561,421,196,178,18,73,47,26,30,25,5,496,198,298,41,35,6,21,13,8,9,4,5,116,61,55
445,District-Sehore,Urban,16,1457,824,633,350,321,29,122,92,30,50,38,12,736,261,475,46,40,6,23,16,7,5,3,2,125,53,72
445,District-Sehore,Urban,17,1628,892,736,423,373,50,160,124,36,61,44,17,792,244,548,55,48,7,25,18,7,6,2,4,106,39,67
445,District-Sehore,Urban,18,2873,1592,1281,835,760,75,265,194,71,71,51,20,1332,381,951,126,108,18,50,31,19,15,9,6,179,58,121
445,District-Sehore,Urban,19,2213,1114,1099,659,580,79,161,120,41,54,41,13,1092,234,858,75,67,8,33,22,11,14,8,6,125,42,83
446,District-Raisen,Total,5-19,130178,69565,60613,17058,14716,2342,10167,7059,3108,3302,1778,1524,34374,11855,22519,3997,2749,1248,2501,1374,1127,740,331,409,58039,29703,28336
446,District-Raisen,Total,5,23875,12733,11142,9,6,3,2,0,2,0,0,0,283,159,124,113,55,58,64,22,42,19,11,8,23385,12480,10905
446,District-Raisen,Total,6,16507,8729,7778,7,5,2,3,2,1,0,0,0,403,205,198,78,37,41,57,31,26,12,4,8,15947,8445,7502
446,District-Raisen,Total,7,4958,2567,2391,15,9,6,5,4,1,1,0,1,333,170,163,28,19,9,24,11,13,7,5,2,4545,2349,2196
446,District-Raisen,Total,8,2892,1518,1374,19,12,7,12,7,5,5,3,2,372,195,177,26,16,10,20,9,11,12,5,7,2426,1271,1155
446,District-Raisen,Total,9,1823,942,881,20,15,5,7,1,6,1,0,1,318,158,160,28,13,15,21,12,9,11,7,4,1417,736,681
446,District-Raisen,Total,10,2929,1498,1431,27,18,9,23,13,10,11,2,9,606,309,297,42,29,13,58,27,31,28,5,23,2134,1095,1039
446,District-Raisen,Total,11,1955,1006,949,101,77,24,58,41,17,24,10,14,623,304,319,67,43,24,56,30,26,22,7,15,1004,494,510
446,District-Raisen,Total,12,3051,1668,1383,265,222,43,157,105,52,53,28,25,1157,562,595,154,115,39,110,59,51,46,26,20,1109,551,558
446,District-Raisen,Total,13,2961,1453,1508,247,190,57,187,100,87,75,36,39,1370,598,772,131,75,56,113,58,55,42,20,22,796,376,420
446,District-Raisen,Total,14,5049,2555,2494,601,504,97,476,300,176,199,100,99,2444,967,1477,192,125,67,204,116,88,63,32,31,870,411,459
446,District-Raisen,Total,15,8299,4366,3933,1302,1060,242,979,649,330,389,225,164,3835,1462,2373,451,332,119,253,155,98,88,44,44,1002,439,563
446,District-Raisen,Total,16,11198,5908,5290,2118,1819,299,1543,1054,489,587,328,259,5188,1743,3445,490,365,125,299,185,114,90,48,42,883,366,517
446,District-Raisen,Total,17,10980,6050,4930,2652,2259,393,1668,1200,468,534,310,224,4715,1547,3168,436,310,126,281,178,103,78,30,48,616,216,400
446,District-Raisen,Total,18,19774,11194,8580,5618,4983,635,2956,2143,813,800,429,371,7506,2177,5329,1080,771,309,572,324,248,122,50,72,1120,317,803
446,District-Raisen,Total,19,13927,7378,6549,4057,3537,520,2091,1440,651,623,307,316,5221,1299,3922,681,444,237,369,157,212,100,37,63,785,157,628
446,District-Raisen,Rural,5-19,106072,56205,49867,13795,11800,1995,9322,6378,2944,3076,1600,1476,26803,8821,17982,3364,2259,1105,2277,1218,1059,683,285,398,46752,23844,22908
446,District-Raisen,Rural,5,19469,10416,9053,7,4,3,1,0,1,0,0,0,207,123,84,90,44,46,52,20,32,16,9,7,19096,10216,8880
446,District-Raisen,Rural,6,13207,6920,6287,4,3,1,3,2,1,0,0,0,300,155,145,67,33,34,49,24,25,12,4,8,12772,6699,6073
446,District-Raisen,Rural,7,3874,2022,1852,13,7,6,4,3,1,1,0,1,246,122,124,27,18,9,23,10,13,7,5,2,3553,1857,1696
446,District-Raisen,Rural,8,2317,1204,1113,15,9,6,11,6,5,5,3,2,291,153,138,19,11,8,18,8,10,11,4,7,1947,1010,937
446,District-Raisen,Rural,9,1458,759,699,16,11,5,7,1,6,1,0,1,234,122,112,21,9,12,20,11,9,11,7,4,1148,598,550
446,District-Raisen,Rural,10,2367,1199,1168,21,15,6,21,11,10,8,2,6,473,247,226,36,24,12,54,25,29,28,5,23,1726,870,856
446,District-Raisen,Rural,11,1584,790,794,78,59,19,49,34,15,24,10,14,480,221,259,62,38,24,55,29,26,21,6,15,815,393,422
446,District-Raisen,Rural,12,2481,1337,1144,213,175,38,144,95,49,51,26,25,884,415,469,135,100,35,102,53,49,42,23,19,910,450,460
446,District-Raisen,Rural,13,2361,1113,1248,198,148,50,175,93,82,71,34,37,1040,426,614,112,60,52,104,50,54,39,18,21,622,284,338
446,District-Raisen,Rural,14,4169,2045,2124,493,408,85,438,270,168,191,93,98,1942,719,1223,158,100,58,190,105,85,57,26,31,700,324,376
446,District-Raisen,Rural,15,6982,3611,3371,1086,871,215,907,598,309,362,203,159,3120,1134,1986,388,282,106,229,141,88,83,40,43,807,342,465
446,District-Raisen,Rural,16,9375,4860,4515,1752,1495,257,1426,959,467,556,303,253,4185,1305,2880,416,312,104,274,169,105,81,40,41,685,277,408
446,District-Raisen,Rural,17,9136,4959,4177,2163,1825,338,1510,1066,444,499,283,216,3770,1173,2597,359,247,112,264,165,99,71,25,46,500,175,325
446,District-Raisen,Rural,18,16106,9075,7031,4532,3995,537,2717,1946,771,732,375,357,5744,1589,4155,900,622,278,509,271,238,115,45,70,857,232,625
446,District-Raisen,Rural,19,11186,5895,5291,3204,2775,429,1909,1294,615,575,268,307,3887,917,2970,574,359,215,334,137,197,89,28,61,614,117,497
446,District-Raisen,Urban,5-19,24106,13360,10746,3263,2916,347,845,681,164,226,178,48,7571,3034,4537,633,490,143,224,156,68,57,46,11,11287,5859,5428
446,District-Raisen,Urban,5,4406,2317,2089,2,2,0,1,0,1,0,0,0,76,36,40,23,11,12,12,2,10,3,2,1,4289,2264,2025
446,District-Raisen,Urban,6,3300,1809,1491,3,2,1,0,0,0,0,0,0,103,50,53,11,4,7,8,7,1,0,0,0,3175,1746,1429
446,District-Raisen,Urban,7,1084,545,539,2,2,0,1,1,0,0,0,0,87,48,39,1,1,0,1,1,0,0,0,0,992,492,500
446,District-Raisen,Urban,8,575,314,261,4,3,1,1,1,0,0,0,0,81,42,39,7,5,2,2,1,1,1,1,0,479,261,218
446,District-Raisen,Urban,9,365,183,182,4,4,0,0,0,0,0,0,0,84,36,48,7,4,3,1,1,0,0,0,0,269,138,131
446,District-Raisen,Urban,10,562,299,263,6,3,3,2,2,0,3,0,3,133,62,71,6,5,1,4,2,2,0,0,0,408,225,183
446,District-Raisen,Urban,11,371,216,155,23,18,5,9,7,2,0,0,0,143,83,60,5,5,0,1,1,0,1,1,0,189,101,88
446,District-Raisen,Urban,12,570,331,239,52,47,5,13,10,3,2,2,0,273,147,126,19,15,4,8,6,2,4,3,1,199,101,98
446,District-Raisen,Urban,13,600,340,260,49,42,7,12,7,5,4,2,2,330,172,158,19,15,4,9,8,1,3,2,1,174,92,82
446,District-Raisen,Urban,14,880,510,370,108,96,12,38,30,8,8,7,1,502,248,254,34,25,9,14,11,3,6,6,0,170,87,83
446,District-Raisen,Urban,15,1317,755,562,216,189,27,72,51,21,27,22,5,715,328,387,63,50,13,24,14,10,5,4,1,195,97,98
446,District-Raisen,Urban,16,1823,1048,775,366,324,42,117,95,22,31,25,6,1003,438,565,74,53,21,25,16,9,9,8,1,198,89,109
446,District-Raisen,Urban,17,1844,1091,753,489,434,55,158,134,24,35,27,8,945,374,571,77,63,14,17,13,4,7,5,2,116,41,75
446,District-Raisen,Urban,18,3668,2119,1549,1086,988,98,239,197,42,68,54,14,1762,588,1174,180,149,31,63,53,10,7,5,2,263,85,178
446,District-Raisen,Urban,19,2741,1483,1258,853,762,91,182,146,36,48,39,9,1334,382,952,107,85,22,35,20,15,11,9,2,171,40,131
447,District-Betul,Total,5-19,139893,71058,68835,22757,15143,7614,19700,10058,9642,6643,3154,3489,19073,8232,10841,8515,4301,4214,9352,3498,5854,3107,1147,1960,50746,25525,25221
447,District-Betul,Total,5,21481,11100,10381,8,4,4,4,2,2,3,1,2,398,207,191,148,71,77,115,52,63,79,45,34,20726,10718,10008
447,District-Betul,Total,6,15230,7904,7326,7,5,2,5,2,3,3,2,1,441,235,206,97,40,57,107,50,57,57,25,32,14513,7545,6968
447,District-Betul,Total,7,4718,2424,2294,22,17,5,19,8,11,10,8,2,516,244,272,39,18,21,67,38,29,41,17,24,4004,2074,1930
447,District-Betul,Total,8,2557,1310,1247,27,18,9,28,10,18,19,12,7,554,294,260,47,32,15,59,31,28,43,25,18,1780,888,892
447,District-Betul,Total,9,1884,932,952,36,22,14,29,13,16,22,10,12,486,246,240,43,25,18,50,20,30,50,22,28,1168,574,594
447,District-Betul,Total,10,2938,1518,1420,74,44,30,83,49,34,53,31,22,751,378,373,106,69,37,98,50,48,74,37,37,1699,860,839
447,District-Betul,Total,11,2581,1308,1273,194,127,67,198,100,98,79,33,46,779,381,398,135,77,58,163,81,82,84,35,49,949,474,475
447,District-Betul,Total,12,3786,1947,1839,395,253,142,424,219,205,187,100,87,1018,538,480,276,152,124,371,167,204,142,69,73,973,449,524
447,District-Betul,Total,13,4173,2131,2042,592,383,209,605,309,296,273,138,135,1042,520,522,293,151,142,388,157,231,201,85,116,779,388,391
447,District-Betul,Total,14,6622,3411,3211,1197,769,428,1209,614,595,500,252,248,1410,683,727,538,302,236,683,286,397,244,113,131,841,392,449
447,District-Betul,Total,15,9929,5293,4636,2145,1400,745,2136,1149,987,778,388,390,1708,874,834,962,545,417,1038,447,591,354,143,211,808,347,461
447,District-Betul,Total,16,12771,6538,6233,3069,2026,1043,3024,1554,1470,974,471,503,1992,871,1121,1203,649,554,1338,535,803,425,150,275,746,282,464
447,District-Betul,Total,17,13144,6748,6396,3606,2438,1168,3147,1668,1479,1076,504,572,2126,872,1254,1106,566,540,1189,409,780,357,112,245,537,179,358
447,District-Betul,Total,18,20462,10092,10370,5986,4009,1977,4754,2395,2359,1449,656,793,2948,1000,1948,1997,947,1050,2067,699,1368,537,153,384,724,233,491
447,District-Betul,Total,19,17617,8402,9215,5399,3628,1771,4035,1966,2069,1217,548,669,2904,889,2015,1525,657,868,1619,476,1143,419,116,303,499,122,377
447,District-Betul,Rural,5-19,124595,62601,61994,20574,13322,7252,18951,9494,9457,6350,2939,3411,14386,6223,8163,8158,4060,4098,9210,3406,5804,3065,1117,1948,43901,22040,21861
447,District-Betul,Rural,5,18509,9548,8961,8,4,4,4,2,2,3,1,2,311,161,150,135,64,71,110,50,60,77,43,34,17861,9223,8638
447,District-Betul,Rural,6,12920,6700,6220,7,5,2,5,2,3,3,2,1,351,184,167,89,36,53,105,49,56,57,25,32,12303,6397,5906
447,District-Betul,Rural,7,4195,2134,2061,18,13,5,19,8,11,9,8,1,443,209,234,36,17,19,63,35,28,41,17,24,3566,1827,1739
447,District-Betul,Rural,8,2325,1190,1135,21,14,7,28,10,18,18,12,6,487,260,227,44,30,14,59,31,28,43,25,18,1625,808,817
447,District-Betul,Rural,9,1702,843,859,34,20,14,28,12,16,22,10,12,425,218,207,42,25,17,48,18,30,50,22,28,1053,518,535
447,District-Betul,Rural,10,2663,1366,1297,69,40,29,83,49,34,51,31,20,656,322,334,98,62,36,97,50,47,72,36,36,1537,776,761
447,District-Betul,Rural,11,2334,1175,1159,169,108,61,195,97,98,77,32,45,669,333,336,130,76,54,162,80,82,84,35,49,848,414,434
447,District-Betul,Rural,12,3444,1764,1680,363,229,134,411,211,200,186,99,87,855,451,404,259,141,118,363,164,199,140,67,73,867,402,465
447,District-Betul,Rural,13,3844,1941,1903,552,352,200,586,293,293,260,130,130,876,426,450,285,147,138,385,156,229,200,84,116,700,353,347
447,District-Betul,Rural,14,6058,3091,2967,1098,687,411,1175,593,582,484,240,244,1132,543,589,523,294,229,673,280,393,238,108,130,735,346,389
447,District-Betul,Rural,15,9164,4815,4349,1988,1273,715,2075,1104,971,751,368,383,1343,678,665,924,516,408,1020,433,587,351,140,211,712,303,409
447,District-Betul,Rural,16,11743,5928,5815,2839,1842,997,2918,1473,1445,937,443,494,1516,646,870,1161,615,546,1316,521,795,416,145,271,640,243,397
447,District-Betul,Rural,17,11845,6002,5843,3283,2161,1122,3026,1584,1442,1034,476,558,1469,590,879,1059,537,522,1176,403,773,352,108,244,446,143,303
447,District-Betul,Rural,18,18314,8840,9474,5330,3460,1870,4538,2226,2312,1374,598,776,2000,662,1338,1906,886,1020,2034,674,1360,530,147,383,602,187,415
447,District-Betul,Rural,19,15535,7264,8271,4795,3114,1681,3860,1830,2030,1141,489,652,1853,540,1313,1467,614,853,1599,462,1137,414,115,299,406,100,306
447,District-Betul,Urban,5-19,15298,8457,6841,2183,1821,362,749,564,185,293,215,78,4687,2009,2678,357,241,116,142,92,50,42,30,12,6845,3485,3360
447,District-Betul,Urban,5,2972,1552,1420,0,0,0,0,0,0,0,0,0,87,46,41,13,7,6,5,2,3,2,2,0,2865,1495,1370
447,District-Betul,Urban,6,2310,1204,1106,0,0,0,0,0,0,0,0,0,90,51,39,8,4,4,2,1,1,0,0,0,2210,1148,1062
447,District-Betul,Urban,7,523,290,233,4,4,0,0,0,0,1,0,1,73,35,38,3,1,2,4,3,1,0,0,0,438,247,191
447,District-Betul,Urban,8,232,120,112,6,4,2,0,0,0,1,0,1,67,34,33,3,2,1,0,0,0,0,0,0,155,80,75
447,District-Betul,Urban,9,182,89,93,2,2,0,1,1,0,0,0,0,61,28,33,1,0,1,2,2,0,0,0,0,115,56,59
447,District-Betul,Urban,10,275,152,123,5,4,1,0,0,0,2,0,2,95,56,39,8,7,1,1,0,1,2,1,1,162,84,78
447,District-Betul,Urban,11,247,133,114,25,19,6,3,3,0,2,1,1,110,48,62,5,1,4,1,1,0,0,0,0,101,60,41
447,District-Betul,Urban,12,342,183,159,32,24,8,13,8,5,1,1,0,163,87,76,17,11,6,8,3,5,2,2,0,106,47,59
447,District-Betul,Urban,13,329,190,139,40,31,9,19,16,3,13,8,5,166,94,72,8,4,4,3,1,2,1,1,0,79,35,44
447,District-Betul,Urban,14,564,320,244,99,82,17,34,21,13,16,12,4,278,140,138,15,8,7,10,6,4,6,5,1,106,46,60
447,District-Betul,Urban,15,765,478,287,157,127,30,61,45,16,27,20,7,365,196,169,38,29,9,18,14,4,3,3,0,96,44,52
447,District-Betul,Urban,16,1028,610,418,230,184,46,106,81,25,37,28,9,476,225,251,42,34,8,22,14,8,9,5,4,106,39,67
447,District-Betul,Urban,17,1299,746,553,323,277,46,121,84,37,42,28,14,657,282,375,47,29,18,13,6,7,5,4,1,91,36,55
447,District-Betul,Urban,18,2148,1252,896,656,549,107,216,169,47,75,58,17,948,338,610,91,61,30,33,25,8,7,6,1,122,46,76
447,District-Betul,Urban,19,2082,1138,944,604,514,90,175,136,39,76,59,17,1051,349,702,58,43,15,20,14,6,5,1,4,93,22,71
448,District-Harda ,Total,5-19,56206,27983,28223,7250,5690,1560,4491,2727,1764,1704,885,819,13428,4347,9081,2855,1504,1351,2069,815,1254,575,217,358,23834,11798,12036
448,District-Harda ,Total,5,9509,4970,4539,2,2,0,2,1,1,0,0,0,142,65,77,46,25,21,30,15,15,9,3,6,9278,4859,4419
448,District-Harda ,Total,6,6574,3410,3164,3,1,2,2,2,0,1,0,1,177,83,94,26,15,11,30,15,15,8,4,4,6327,3290,3037
448,District-Harda ,Total,7,2187,1136,1051,7,2,5,3,2,1,1,1,0,183,92,91,17,8,9,15,5,10,2,1,1,1959,1025,934
448,District-Harda ,Total,8,1278,606,672,10,3,7,2,2,0,3,1,2,212,104,108,27,9,18,17,10,7,3,1,2,1004,476,528
448,District-Harda ,Total,9,840,427,413,5,2,3,6,5,1,4,2,2,226,120,106,14,4,10,13,7,6,4,4,0,568,283,285
448,District-Harda ,Total,10,1407,710,697,26,20,6,17,8,9,9,6,3,292,151,141,52,24,28,29,16,13,10,6,4,972,479,493
448,District-Harda ,Total,11,998,488,510,50,40,10,32,18,14,15,6,9,354,169,185,45,24,21,35,10,25,10,4,6,457,217,240
448,District-Harda ,Total,12,1449,763,686,122,94,28,72,43,29,32,20,12,516,258,258,105,62,43,73,34,39,28,10,18,501,242,259
448,District-Harda ,Total,13,1415,656,759,145,102,43,107,57,50,51,18,33,559,224,335,89,54,35,70,30,40,33,12,21,361,159,202
448,District-Harda ,Total,14,2381,1157,1224,294,221,73,256,141,115,129,60,69,915,363,552,195,119,76,127,61,66,41,18,23,424,174,250
448,District-Harda ,Total,15,3643,1743,1900,653,446,207,500,285,215,194,111,83,1294,465,829,300,152,148,210,96,114,73,33,40,419,155,264
448,District-Harda ,Total,16,4855,2373,2482,921,688,233,699,423,276,275,141,134,1782,576,1206,383,221,162,298,132,166,86,39,47,411,153,258
448,District-Harda ,Total,17,5041,2445,2596,1161,929,232,708,438,270,291,137,154,1907,523,1384,335,188,147,243,97,146,73,25,48,323,108,215
448,District-Harda ,Total,18,7998,3972,4026,2036,1673,363,1192,749,443,393,216,177,2643,649,1994,689,360,329,472,173,299,123,33,90,450,119,331
448,District-Harda ,Total,19,6631,3127,3504,1815,1467,348,893,553,340,306,166,140,2226,505,1721,532,239,293,407,114,293,72,24,48,380,59,321
448,District-Harda ,Rural,5-19,48108,23653,24455,6175,4731,1444,4217,2492,1725,1611,805,806,10418,3195,7223,2708,1399,1309,2019,791,1228,557,202,355,20403,10038,10365
448,District-Harda ,Rural,5,8050,4188,3862,2,2,0,2,1,1,0,0,0,105,51,54,40,21,19,29,15,14,8,2,6,7864,4096,3768
448,District-Harda ,Rural,6,5490,2845,2645,3,1,2,1,1,0,1,0,1,137,66,71,23,12,11,29,15,14,5,2,3,5291,2748,2543
448,District-Harda ,Rural,7,1875,988,887,5,1,4,2,1,1,1,1,0,146,75,71,15,6,9,14,5,9,2,1,1,1690,898,792
448,District-Harda ,Rural,8,1109,509,600,9,3,6,2,2,0,3,1,2,164,80,84,26,9,17,16,10,6,3,1,2,886,403,483
448,District-Harda ,Rural,9,741,371,370,4,1,3,6,5,1,4,2,2,182,92,90,14,4,10,12,7,5,4,4,0,515,256,259
448,District-Harda ,Rural,10,1272,640,632,20,15,5,16,7,9,9,6,3,240,127,113,52,24,28,29,16,13,10,6,4,896,439,457
448,District-Harda ,Rural,11,881,428,453,43,33,10,31,17,14,15,6,9,285,136,149,44,23,21,34,10,24,10,4,6,419,199,220
448,District-Harda ,Rural,12,1264,666,598,105,80,25,67,39,28,32,20,12,410,209,201,100,60,40,69,31,38,28,10,18,453,217,236
448,District-Harda ,Rural,13,1221,552,669,128,92,36,98,49,49,49,16,33,447,169,278,80,47,33,67,28,39,31,12,19,321,139,182
448,District-Harda ,Rural,14,2030,962,1068,255,190,65,242,130,112,120,52,68,695,255,440,181,109,72,125,59,66,39,16,23,373,151,222
448,District-Harda ,Rural,15,3204,1503,1701,575,380,195,483,270,213,185,103,82,1027,344,683,287,145,142,207,96,111,71,31,40,369,134,235
448,District-Harda ,Rural,16,4257,2039,2218,814,592,222,656,387,269,266,134,132,1426,423,1003,370,212,158,293,129,164,83,36,47,349,126,223
448,District-Harda ,Rural,17,4274,2029,2245,982,772,210,653,390,263,274,120,154,1464,366,1098,314,173,141,239,95,144,72,24,48,276,89,187
448,District-Harda ,Rural,18,6833,3350,3483,1710,1376,334,1121,688,433,359,189,170,2023,468,1555,659,336,323,462,166,296,120,30,90,379,97,282
448,District-Harda ,Rural,19,5607,2583,3024,1520,1193,327,837,505,332,293,155,138,1667,334,1333,503,218,285,394,109,285,71,23,48,322,46,276
448,District-Harda ,Urban,5-19,8098,4330,3768,1075,959,116,274,235,39,93,80,13,3010,1152,1858,147,105,42,50,24,26,18,15,3,3431,1760,1671
448,District-Harda ,Urban,5,1459,782,677,0,0,0,0,0,0,0,0,0,37,14,23,6,4,2,1,0,1,1,1,0,1414,763,651
448,District-Harda ,Urban,6,1084,565,519,0,0,0,1,1,0,0,0,0,40,17,23,3,3,0,1,0,1,3,2,1,1036,542,494
448,District-Harda ,Urban,7,312,148,164,2,1,1,1,1,0,0,0,0,37,17,20,2,2,0,1,0,1,0,0,0,269,127,142
448,District-Harda ,Urban,8,169,97,72,1,0,1,0,0,0,0,0,0,48,24,24,1,0,1,1,0,1,0,0,0,118,73,45
448,District-Harda ,Urban,9,99,56,43,1,1,0,0,0,0,0,0,0,44,28,16,0,0,0,1,0,1,0,0,0,53,27,26
448,District-Harda ,Urban,10,135,70,65,6,5,1,1,1,0,0,0,0,52,24,28,0,0,0,0,0,0,0,0,0,76,40,36
448,District-Harda ,Urban,11,117,60,57,7,7,0,1,1,0,0,0,0,69,33,36,1,1,0,1,0,1,0,0,0,38,18,20
448,District-Harda ,Urban,12,185,97,88,17,14,3,5,4,1,0,0,0,106,49,57,5,2,3,4,3,1,0,0,0,48,25,23
448,District-Harda ,Urban,13,194,104,90,17,10,7,9,8,1,2,2,0,112,55,57,9,7,2,3,2,1,2,0,2,40,20,20
448,District-Harda ,Urban,14,351,195,156,39,31,8,14,11,3,9,8,1,220,108,112,14,10,4,2,2,0,2,2,0,51,23,28
448,District-Harda ,Urban,15,439,240,199,78,66,12,17,15,2,9,8,1,267,121,146,13,7,6,3,0,3,2,2,0,50,21,29
448,District-Harda ,Urban,16,598,334,264,107,96,11,43,36,7,9,7,2,356,153,203,13,9,4,5,3,2,3,3,0,62,27,35
448,District-Harda ,Urban,17,767,416,351,179,157,22,55,48,7,17,17,0,443,157,286,21,15,6,4,2,2,1,1,0,47,19,28
448,District-Harda ,Urban,18,1165,622,543,326,297,29,71,61,10,34,27,7,620,181,439,30,24,6,10,7,3,3,3,0,71,22,49
448,District-Harda ,Urban,19,1024,544,480,295,274,21,56,48,8,13,11,2,559,171,388,29,21,8,13,5,8,1,1,0,58,13,45
449,District-Hoshangabad,Total,5-19,95764,50278,45486,13130,10963,2167,7100,4712,2388,2455,1243,1212,25585,8790,16795,3603,2375,1228,2156,1068,1088,566,198,368,41169,20929,20240
449,District-Hoshangabad,Total,5,17788,9446,8342,6,3,3,2,0,2,0,0,0,337,177,160,102,59,43,56,35,21,26,16,10,17259,9156,8103
449,District-Hoshangabad,Total,6,12728,6727,6001,5,3,2,4,1,3,0,0,0,397,216,181,74,36,38,27,16,11,6,3,3,12215,6452,5763
449,District-Hoshangabad,Total,7,3397,1783,1614,20,15,5,5,4,1,0,0,0,278,137,141,32,15,17,16,13,3,6,4,2,3040,1595,1445
449,District-Hoshangabad,Total,8,1526,831,695,11,6,5,6,4,2,0,0,0,289,158,131,23,13,10,7,3,4,6,1,5,1184,646,538
449,District-Hoshangabad,Total,9,1039,516,523,14,10,4,9,7,2,6,3,3,255,114,141,27,14,13,14,8,6,2,1,1,712,359,353
449,District-Hoshangabad,Total,10,1713,940,773,43,31,12,18,9,9,7,4,3,375,208,167,51,30,21,25,10,15,9,6,3,1185,642,543
449,District-Hoshangabad,Total,11,1291,667,624,83,64,19,43,31,12,18,10,8,435,203,232,59,37,22,32,11,21,11,3,8,610,308,302
449,District-Hoshangabad,Total,12,1763,975,788,201,167,34,97,65,32,30,17,13,710,351,359,95,61,34,74,36,38,30,13,17,526,265,261
449,District-Hoshangabad,Total,13,1926,985,941,225,167,58,134,87,47,48,22,26,874,377,497,101,63,38,63,39,24,21,9,12,460,221,239
449,District-Hoshangabad,Total,14,3431,1687,1744,451,343,108,305,172,133,130,59,71,1633,648,985,196,129,67,125,73,52,35,15,20,556,248,308
449,District-Hoshangabad,Total,15,5694,2922,2772,958,781,177,653,392,261,260,138,122,2535,961,1574,343,244,99,230,121,109,59,23,36,656,262,394
449,District-Hoshangabad,Total,16,8011,4110,3901,1670,1341,329,1007,651,356,390,182,208,3477,1204,2273,421,297,124,293,137,156,85,29,56,668,269,399
449,District-Hoshangabad,Total,17,8704,4550,4154,1996,1677,319,1193,811,382,423,210,213,3746,1191,2555,468,320,148,286,153,133,64,21,43,528,167,361
449,District-Hoshangabad,Total,18,14622,7978,6644,4078,3467,611,1984,1388,596,651,340,311,5479,1635,3844,929,642,287,527,252,275,122,35,87,852,219,633
449,District-Hoshangabad,Total,19,12131,6161,5970,3369,2888,481,1640,1090,550,492,258,234,4765,1210,3555,682,415,267,381,161,220,84,19,65,718,120,598
449,District-Hoshangabad,Rural,5-19,73363,37840,35523,10358,8495,1863,6478,4185,2293,2302,1121,1181,18463,5770,12693,3044,1938,1106,2036,989,1047,547,187,360,30135,15155,14980
449,District-Hoshangabad,Rural,5,13090,6965,6125,4,2,2,0,0,0,0,0,0,213,108,105,84,50,34,41,26,15,25,15,10,12723,6764,5959
449,District-Hoshangabad,Rural,6,8977,4714,4263,3,2,1,4,1,3,0,0,0,228,128,100,54,25,29,23,15,8,5,3,2,8660,4540,4120
449,District-Hoshangabad,Rural,7,2475,1278,1197,13,9,4,4,3,1,0,0,0,181,79,102,26,12,14,15,12,3,6,4,2,2230,1159,1071
449,District-Hoshangabad,Rural,8,1122,596,526,7,2,5,3,1,2,0,0,0,188,106,82,18,8,10,7,3,4,6,1,5,893,475,418
449,District-Hoshangabad,Rural,9,762,367,395,13,9,4,5,4,1,5,2,3,162,68,94,21,12,9,12,8,4,2,1,1,542,263,279
449,District-Hoshangabad,Rural,10,1273,695,578,29,21,8,16,7,9,7,4,3,239,133,106,40,22,18,23,9,14,9,6,3,910,493,417
449,District-Hoshangabad,Rural,11,945,486,459,55,42,13,39,29,10,18,10,8,287,135,152,51,29,22,32,11,21,11,3,8,452,227,225
449,District-Hoshangabad,Rural,12,1325,705,620,152,119,33,92,60,32,26,13,13,494,232,262,81,53,28,72,35,37,29,12,17,379,181,198
449,District-Hoshangabad,Rural,13,1434,718,716,169,121,48,120,74,46,45,20,25,598,249,349,85,51,34,58,35,23,20,8,12,339,160,179
449,District-Hoshangabad,Rural,14,2718,1286,1432,356,260,96,287,156,131,123,54,69,1222,450,772,167,105,62,118,66,52,35,15,20,410,180,230
449,District-Hoshangabad,Rural,15,4637,2277,2360,756,604,152,607,356,251,245,126,119,1965,662,1303,296,207,89,222,115,107,57,22,35,489,185,304
449,District-Hoshangabad,Rural,16,6567,3241,3326,1354,1060,294,948,600,348,372,168,204,2670,827,1843,363,249,114,278,125,153,82,28,54,500,184,316
449,District-Hoshangabad,Rural,17,6973,3541,3432,1589,1305,284,1089,728,361,397,189,208,2780,785,1995,389,255,134,274,146,128,63,20,43,392,113,279
449,District-Hoshangabad,Rural,18,11680,6260,5420,3249,2724,525,1807,1235,572,610,304,306,3954,1059,2895,779,520,259,499,234,265,115,31,84,667,153,514
449,District-Hoshangabad,Rural,19,9385,4711,4674,2609,2215,394,1457,931,526,454,231,223,3282,749,2533,590,340,250,362,149,213,82,18,64,549,78,471
449,District-Hoshangabad,Urban,5-19,22401,12438,9963,2772,2468,304,622,527,95,153,122,31,7122,3020,4102,559,437,122,120,79,41,19,11,8,11034,5774,5260
449,District-Hoshangabad,Urban,5,4698,2481,2217,2,1,1,2,0,2,0,0,0,124,69,55,18,9,9,15,9,6,1,1,0,4536,2392,2144
449,District-Hoshangabad,Urban,6,3751,2013,1738,2,1,1,0,0,0,0,0,0,169,88,81,20,11,9,4,1,3,1,0,1,3555,1912,1643
449,District-Hoshangabad,Urban,7,922,505,417,7,6,1,1,1,0,0,0,0,97,58,39,6,3,3,1,1,0,0,0,0,810,436,374
449,District-Hoshangabad,Urban,8,404,235,169,4,4,0,3,3,0,0,0,0,101,52,49,5,5,0,0,0,0,0,0,0,291,171,120
449,District-Hoshangabad,Urban,9,277,149,128,1,1,0,4,3,1,1,1,0,93,46,47,6,2,4,2,0,2,0,0,0,170,96,74
449,District-Hoshangabad,Urban,10,440,245,195,14,10,4,2,2,0,0,0,0,136,75,61,11,8,3,2,1,1,0,0,0,275,149,126
449,District-Hoshangabad,Urban,11,346,181,165,28,22,6,4,2,2,0,0,0,148,68,80,8,8,0,0,0,0,0,0,0,158,81,77
449,District-Hoshangabad,Urban,12,438,270,168,49,48,1,5,5,0,4,4,0,216,119,97,14,8,6,2,1,1,1,1,0,147,84,63
449,District-Hoshangabad,Urban,13,492,267,225,56,46,10,14,13,1,3,2,1,276,128,148,16,12,4,5,4,1,1,1,0,121,61,60
449,District-Hoshangabad,Urban,14,713,401,312,95,83,12,18,16,2,7,5,2,411,198,213,29,24,5,7,7,0,0,0,0,146,68,78
449,District-Hoshangabad,Urban,15,1057,645,412,202,177,25,46,36,10,15,12,3,570,299,271,47,37,10,8,6,2,2,1,1,167,77,90
449,District-Hoshangabad,Urban,16,1444,869,575,316,281,35,59,51,8,18,14,4,807,377,430,58,48,10,15,12,3,3,1,2,168,85,83
449,District-Hoshangabad,Urban,17,1731,1009,722,407,372,35,104,83,21,26,21,5,966,406,560,79,65,14,12,7,5,1,1,0,136,54,82
449,District-Hoshangabad,Urban,18,2942,1718,1224,829,743,86,177,153,24,41,36,5,1525,576,949,150,122,28,28,18,10,7,4,3,185,66,119
449,District-Hoshangabad,Urban,19,2746,1450,1296,760,673,87,183,159,24,38,27,11,1483,461,1022,92,75,17,19,12,7,2,1,1,169,42,127
450,District-Katni ,Total,5-19,116822,60400,56422,10861,8255,2606,11275,6943,4332,4166,2374,1792,31500,13084,18416,2791,1594,1197,3098,1295,1803,1024,388,636,52107,26467,25640
450,District-Katni ,Total,5,23085,12155,10930,12,9,3,10,8,2,2,1,1,452,223,229,145,67,78,136,64,72,17,11,6,22311,11772,10539
450,District-Katni ,Total,6,14645,7681,6964,8,6,2,11,4,7,1,1,0,496,244,252,110,73,37,69,31,38,12,6,6,13938,7316,6622
450,District-Katni ,Total,7,4207,2234,1973,16,11,5,11,8,3,5,4,1,398,202,196,41,22,19,34,18,16,2,1,1,3700,1968,1732
450,District-Katni ,Total,8,2380,1244,1136,19,8,11,13,5,8,2,0,2,500,257,243,24,13,11,20,8,12,6,0,6,1796,953,843
450,District-Katni ,Total,9,1520,788,732,21,13,8,4,0,4,3,2,1,440,214,226,13,11,2,5,3,2,3,2,1,1031,543,488
450,District-Katni ,Total,10,2314,1250,1064,32,19,13,15,9,6,10,5,5,607,329,278,22,9,13,27,16,11,8,6,2,1593,857,736
450,District-Katni ,Total,11,1742,886,856,112,77,35,58,30,28,20,10,10,706,353,353,42,19,23,49,18,31,15,7,8,740,372,368
450,District-Katni ,Total,12,2470,1281,1189,190,137,53,129,75,54,51,34,17,1123,542,581,50,20,30,91,35,56,26,8,18,810,430,380
450,District-Katni ,Total,13,2583,1305,1278,208,149,59,200,111,89,78,35,43,1196,574,622,58,29,29,87,40,47,32,10,22,724,357,367
450,District-Katni ,Total,14,4192,2176,2016,390,285,105,420,244,176,145,84,61,2117,1044,1073,124,73,51,139,65,74,57,29,28,800,352,448
450,District-Katni ,Total,15,7137,3837,3300,759,558,201,841,549,292,362,211,151,3464,1705,1759,267,163,104,292,149,143,95,49,46,1057,453,604
450,District-Katni ,Total,16,8943,4568,4375,1140,851,289,1372,835,537,562,321,241,4206,1817,2389,275,172,103,367,172,195,117,50,67,904,350,554
450,District-Katni ,Total,17,10051,5129,4922,1632,1227,405,1817,1109,708,715,412,303,4361,1758,2603,299,181,118,354,144,210,135,49,86,738,249,489
450,District-Katni ,Total,18,17630,8972,8658,3420,2666,754,3469,2147,1322,1225,702,523,6486,2275,4211,776,447,329,804,331,473,286,91,195,1164,313,851
450,District-Katni ,Total,19,13923,6894,7029,2902,2239,663,2905,1809,1096,985,552,433,4948,1547,3401,545,295,250,624,201,423,213,69,144,801,182,619
450,District-Katni ,Rural,5-19,96708,49494,47214,8690,6478,2212,10666,6480,4186,3995,2256,1739,24787,10086,14701,2332,1276,1056,2919,1175,1744,982,366,616,42337,21377,20960
450,District-Katni ,Rural,5,19125,10023,9102,8,6,2,8,7,1,2,1,1,309,144,165,125,56,69,123,55,68,17,11,6,18533,9743,8790
450,District-Katni ,Rural,6,11478,6015,5463,5,4,1,11,4,7,1,1,0,366,179,187,86,56,30,65,28,37,10,5,5,10934,5738,5196
450,District-Katni ,Rural,7,3368,1781,1587,14,9,5,11,8,3,5,4,1,299,153,146,36,20,16,31,18,13,2,1,1,2970,1568,1402
450,District-Katni ,Rural,8,1944,1020,924,15,7,8,11,4,7,2,0,2,377,196,181,20,10,10,16,6,10,6,0,6,1497,797,700
450,District-Katni ,Rural,9,1240,633,607,16,10,6,3,0,3,3,2,1,347,164,183,13,11,2,5,3,2,3,2,1,850,441,409
450,District-Katni ,Rural,10,1852,985,867,25,13,12,14,8,6,9,4,5,447,235,212,19,7,12,27,16,11,7,5,2,1304,697,607
450,District-Katni ,Rural,11,1406,709,697,88,61,27,56,29,27,18,8,10,535,267,268,37,16,21,48,17,31,15,7,8,609,304,305
450,District-Katni ,Rural,12,1905,943,962,135,90,45,120,70,50,50,33,17,839,382,457,45,18,27,84,31,53,24,6,18,608,313,295
450,District-Katni ,Rural,13,2104,1036,1068,157,112,45,182,99,83,74,34,40,941,441,500,51,25,26,80,35,45,32,10,22,587,280,307
450,District-Katni ,Rural,14,3441,1775,1666,314,230,84,390,221,169,137,78,59,1683,818,865,108,64,44,129,59,70,54,27,27,626,278,348
450,District-Katni ,Rural,15,6021,3225,2796,591,427,164,789,511,278,348,202,146,2816,1385,1431,234,144,90,278,139,139,92,48,44,873,369,504
450,District-Katni ,Rural,16,7576,3826,3750,925,677,248,1284,771,513,542,305,237,3427,1460,1967,218,137,81,343,156,187,111,47,64,726,273,453
450,District-Katni ,Rural,17,8513,4295,4218,1320,979,341,1739,1048,691,681,392,289,3455,1361,2094,254,146,108,339,131,208,128,44,84,597,194,403
450,District-Katni ,Rural,18,14901,7452,7449,2743,2099,644,3279,1997,1282,1176,669,507,5083,1714,3369,639,345,294,758,299,459,272,86,186,951,243,708
450,District-Katni ,Rural,19,11834,5776,6058,2334,1754,580,2769,1703,1066,947,523,424,3863,1187,2676,447,221,226,593,182,411,209,67,142,672,139,533
450,District-Katni ,Urban,5-19,20114,10906,9208,2171,1777,394,609,463,146,171,118,53,6713,2998,3715,459,318,141,179,120,59,42,22,20,9770,5090,4680
450,District-Katni ,Urban,5,3960,2132,1828,4,3,1,2,1,1,0,0,0,143,79,64,20,11,9,13,9,4,0,0,0,3778,2029,1749
450,District-Katni ,Urban,6,3167,1666,1501,3,2,1,0,0,0,0,0,0,130,65,65,24,17,7,4,3,1,2,1,1,3004,1578,1426
450,District-Katni ,Urban,7,839,453,386,2,2,0,0,0,0,0,0,0,99,49,50,5,2,3,3,0,3,0,0,0,730,400,330
450,District-Katni ,Urban,8,436,224,212,4,1,3,2,1,1,0,0,0,123,61,62,4,3,1,4,2,2,0,0,0,299,156,143
450,District-Katni ,Urban,9,280,155,125,5,3,2,1,0,1,0,0,0,93,50,43,0,0,0,0,0,0,0,0,0,181,102,79
450,District-Katni ,Urban,10,462,265,197,7,6,1,1,1,0,1,1,0,160,94,66,3,2,1,0,0,0,1,1,0,289,160,129
450,District-Katni ,Urban,11,336,177,159,24,16,8,2,1,1,2,2,0,171,86,85,5,3,2,1,1,0,0,0,0,131,68,63
450,District-Katni ,Urban,12,565,338,227,55,47,8,9,5,4,1,1,0,284,160,124,5,2,3,7,4,3,2,2,0,202,117,85
450,District-Katni ,Urban,13,479,269,210,51,37,14,18,12,6,4,1,3,255,133,122,7,4,3,7,5,2,0,0,0,137,77,60
450,District-Katni ,Urban,14,751,401,350,76,55,21,30,23,7,8,6,2,434,226,208,16,9,7,10,6,4,3,2,1,174,74,100
450,District-Katni ,Urban,15,1116,612,504,168,131,37,52,38,14,14,9,5,648,320,328,33,19,14,14,10,4,3,1,2,184,84,100
450,District-Katni ,Urban,16,1367,742,625,215,174,41,88,64,24,20,16,4,779,357,422,57,35,22,24,16,8,6,3,3,178,77,101
450,District-Katni ,Urban,17,1538,834,704,312,248,64,78,61,17,34,20,14,906,397,509,45,35,10,15,13,2,7,5,2,141,55,86
450,District-Katni ,Urban,18,2729,1520,1209,677,567,110,190,150,40,49,33,16,1403,561,842,137,102,35,46,32,14,14,5,9,213,70,143
450,District-Katni ,Urban,19,2089,1118,971,568,485,83,136,106,30,38,29,9,1085,360,725,98,74,24,31,19,12,4,2,2,129,43,86
451,District-Jabalpur,Total,5-19,195996,105076,90920,31412,23714,7698,15454,10113,5341,4431,2675,1756,59460,24300,35160,5776,3739,2037,3109,1641,1468,941,464,477,75413,38430,36983
451,District-Jabalpur,Total,5,33143,17354,15789,43,28,15,19,11,8,1,1,0,916,484,432,284,144,140,193,98,95,33,20,13,31654,16568,15086
451,District-Jabalpur,Total,6,22913,11922,10991,28,17,11,10,7,3,5,3,2,1069,542,527,170,89,81,158,72,86,30,14,16,21443,11178,10265
451,District-Jabalpur,Total,7,6618,3438,3180,72,47,25,21,11,10,5,2,3,952,485,467,73,36,37,51,27,24,7,4,3,5437,2826,2611
451,District-Jabalpur,Total,8,3235,1695,1540,65,40,25,27,14,13,7,6,1,933,469,464,38,25,13,28,12,16,3,2,1,2134,1127,1007
451,District-Jabalpur,Total,9,2468,1240,1228,58,36,22,20,8,12,7,4,3,807,418,389,50,29,21,26,14,12,5,3,2,1495,728,767
451,District-Jabalpur,Total,10,3677,1959,1718,100,59,41,35,20,15,15,9,6,1197,620,577,69,47,22,41,27,14,16,8,8,2204,1169,1035
451,District-Jabalpur,Total,11,3330,1807,1523,336,253,83,127,75,52,37,20,17,1444,743,701,94,60,34,49,24,25,27,13,14,1216,619,597
451,District-Jabalpur,Total,12,4211,2296,1915,527,384,143,223,134,89,63,36,27,1992,995,997,157,99,58,71,44,27,29,18,11,1149,586,563
451,District-Jabalpur,Total,13,4881,2612,2269,635,443,192,290,181,109,86,47,39,2493,1215,1278,185,113,72,98,54,44,34,16,18,1060,543,517
451,District-Jabalpur,Total,14,7427,3912,3515,1196,811,385,586,350,236,204,115,89,3770,1762,2008,282,186,96,162,86,76,61,31,30,1166,571,595
451,District-Jabalpur,Total,15,12189,6548,5641,2364,1665,699,1289,813,476,408,253,155,5697,2571,3126,581,367,214,293,163,130,102,54,48,1455,662,793
451,District-Jabalpur,Total,16,16011,8508,7503,3590,2523,1067,1983,1241,742,603,340,263,7410,3126,4284,659,444,215,326,184,142,107,53,54,1333,597,736
451,District-Jabalpur,Total,17,18531,10074,8457,4677,3460,1217,2566,1655,911,780,493,287,8234,3292,4942,723,494,229,370,196,174,121,67,54,1060,417,643
451,District-Jabalpur,Total,18,30856,17180,13676,9091,7058,2033,4437,3056,1381,1199,741,458,12302,4379,7923,1351,920,431,739,410,329,212,98,114,1525,518,1007
451,District-Jabalpur,Total,19,26506,14531,11975,8630,6890,1740,3821,2537,1284,1011,605,406,10244,3199,7045,1060,686,374,504,230,274,154,63,91,1082,321,761
451,District-Jabalpur,Rural,5-19,93368,48696,44672,13942,10382,3560,10870,6906,3964,3351,1884,1467,25551,9718,15833,2395,1386,1009,1925,888,1037,616,247,369,34718,17285,17433
451,District-Jabalpur,Rural,5,16357,8376,7981,14,3,11,4,2,2,0,0,0,263,135,128,110,54,56,84,39,45,11,4,7,15871,8139,7732
451,District-Jabalpur,Rural,6,10062,5238,4824,6,3,3,5,4,1,1,0,1,380,186,194,63,30,33,49,22,27,8,8,0,9550,4985,4565
451,District-Jabalpur,Rural,7,2899,1470,1429,21,14,7,6,2,4,3,0,3,330,164,166,22,7,15,23,10,13,3,1,2,2491,1272,1219
451,District-Jabalpur,Rural,8,1346,702,644,17,10,7,10,4,6,1,0,1,338,171,167,12,9,3,12,4,8,0,0,0,956,504,452
451,District-Jabalpur,Rural,9,960,474,486,15,5,10,6,4,2,5,2,3,289,161,128,13,6,7,7,5,2,1,0,1,624,291,333
451,District-Jabalpur,Rural,10,1430,763,667,20,7,13,13,8,5,8,2,6,398,214,184,14,8,6,16,11,5,9,6,3,952,507,445
451,District-Jabalpur,Rural,11,1178,571,607,85,61,24,66,37,29,21,6,15,470,222,248,27,15,12,23,9,14,17,8,9,469,213,256
451,District-Jabalpur,Rural,12,1628,807,821,162,107,55,133,78,55,42,25,17,735,337,398,51,30,21,38,20,18,14,8,6,453,202,251
451,District-Jabalpur,Rural,13,1812,917,895,211,149,62,159,94,65,55,28,27,861,408,453,54,28,26,55,26,29,23,9,14,394,175,219
451,District-Jabalpur,Rural,14,3298,1650,1648,448,306,142,397,225,172,154,85,69,1615,709,906,119,65,54,102,50,52,39,15,24,424,195,229
451,District-Jabalpur,Rural,15,6081,3193,2888,1090,774,316,894,559,335,302,177,125,2720,1176,1544,241,137,104,196,102,94,65,30,35,573,238,335
451,District-Jabalpur,Rural,16,8138,4144,3994,1674,1169,505,1430,866,564,454,234,220,3519,1372,2147,264,164,100,212,108,104,75,29,46,510,202,308
451,District-Jabalpur,Rural,17,9524,5061,4463,2186,1639,547,1858,1175,683,607,361,246,3869,1437,2432,287,181,106,245,110,135,79,35,44,393,123,270
451,District-Jabalpur,Rural,18,15668,8559,7109,4248,3273,975,3131,2091,1040,923,543,380,5421,1795,3626,649,396,253,499,246,253,162,61,101,635,154,481
451,District-Jabalpur,Rural,19,12987,6771,6216,3745,2862,883,2758,1757,1001,775,421,354,4343,1231,3112,469,256,213,364,126,238,110,33,77,423,85,338
451,District-Jabalpur,Urban,5-19,102628,56380,46248,17470,13332,4138,4584,3207,1377,1080,791,289,33909,14582,19327,3381,2353,1028,1184,753,431,325,217,108,40695,21145,19550
451,District-Jabalpur,Urban,5,16786,8978,7808,29,25,4,15,9,6,1,1,0,653,349,304,174,90,84,109,59,50,22,16,6,15783,8429,7354
451,District-Jabalpur,Urban,6,12851,6684,6167,22,14,8,5,3,2,4,3,1,689,356,333,107,59,48,109,50,59,22,6,16,11893,6193,5700
451,District-Jabalpur,Urban,7,3719,1968,1751,51,33,18,15,9,6,2,2,0,622,321,301,51,29,22,28,17,11,4,3,1,2946,1554,1392
451,District-Jabalpur,Urban,8,1889,993,896,48,30,18,17,10,7,6,6,0,595,298,297,26,16,10,16,8,8,3,2,1,1178,623,555
451,District-Jabalpur,Urban,9,1508,766,742,43,31,12,14,4,10,2,2,0,518,257,261,37,23,14,19,9,10,4,3,1,871,437,434
451,District-Jabalpur,Urban,10,2247,1196,1051,80,52,28,22,12,10,7,7,0,799,406,393,55,39,16,25,16,9,7,2,5,1252,662,590
451,District-Jabalpur,Urban,11,2152,1236,916,251,192,59,61,38,23,16,14,2,974,521,453,67,45,22,26,15,11,10,5,5,747,406,341
451,District-Jabalpur,Urban,12,2583,1489,1094,365,277,88,90,56,34,21,11,10,1257,658,599,106,69,37,33,24,9,15,10,5,696,384,312
451,District-Jabalpur,Urban,13,3069,1695,1374,424,294,130,131,87,44,31,19,12,1632,807,825,131,85,46,43,28,15,11,7,4,666,368,298
451,District-Jabalpur,Urban,14,4129,2262,1867,748,505,243,189,125,64,50,30,20,2155,1053,1102,163,121,42,60,36,24,22,16,6,742,376,366
451,District-Jabalpur,Urban,15,6108,3355,2753,1274,891,383,395,254,141,106,76,30,2977,1395,1582,340,230,110,97,61,36,37,24,13,882,424,458
451,District-Jabalpur,Urban,16,7873,4364,3509,1916,1354,562,553,375,178,149,106,43,3891,1754,2137,395,280,115,114,76,38,32,24,8,823,395,428
451,District-Jabalpur,Urban,17,9007,5013,3994,2491,1821,670,708,480,228,173,132,41,4365,1855,2510,436,313,123,125,86,39,42,32,10,667,294,373
451,District-Jabalpur,Urban,18,15188,8621,6567,4843,3785,1058,1306,965,341,276,198,78,6881,2584,4297,702,524,178,240,164,76,50,37,13,890,364,526
451,District-Jabalpur,Urban,19,13519,7760,5759,4885,4028,857,1063,780,283,236,184,52,5901,1968,3933,591,430,161,140,104,36,44,30,14,659,236,423
452,District-Narsimhapur,Total,5-19,85865,45601,40264,14333,11397,2936,7480,4794,2686,1718,984,734,23460,8274,15186,2651,1681,970,1398,684,714,320,143,177,34505,17644,16861
452,District-Narsimhapur,Total,5,16072,8533,7539,8,5,3,2,1,1,1,1,0,248,127,121,82,46,36,57,33,24,5,3,2,15669,8317,7352
452,District-Narsimhapur,Total,6,10399,5525,4874,9,6,3,5,0,5,0,0,0,273,138,135,48,29,19,40,19,21,7,2,5,10017,5331,4686
452,District-Narsimhapur,Total,7,2753,1476,1277,14,10,4,3,2,1,3,1,2,282,129,153,20,12,8,15,8,7,3,2,1,2413,1312,1101
452,District-Narsimhapur,Total,8,1149,613,536,20,12,8,5,2,3,2,2,0,308,155,153,16,10,6,10,6,4,3,3,0,785,423,362
452,District-Narsimhapur,Total,9,742,357,385,15,9,6,3,2,1,3,1,2,250,117,133,13,8,5,2,1,1,0,0,0,456,219,237
452,District-Narsimhapur,Total,10,1176,611,565,21,11,10,9,4,5,4,1,3,343,184,159,24,18,6,8,7,1,4,4,0,763,382,381
452,District-Narsimhapur,Total,11,984,548,436,67,51,16,36,20,16,7,4,3,420,233,187,28,17,11,14,8,6,9,6,3,403,209,194
452,District-Narsimhapur,Total,12,1503,765,738,184,145,39,77,39,38,19,13,6,677,322,355,73,51,22,55,21,34,18,8,10,400,166,234
452,District-Narsimhapur,Total,13,1599,809,790,192,140,52,97,58,39,29,17,12,813,373,440,56,37,19,42,22,20,7,2,5,363,160,203
452,District-Narsimhapur,Total,14,2937,1429,1508,461,337,124,280,159,121,79,43,36,1492,609,883,104,64,40,70,30,40,17,9,8,434,178,256
452,District-Narsimhapur,Total,15,5313,2805,2508,1066,819,247,604,381,223,168,107,61,2498,999,1499,254,169,85,141,71,70,38,16,22,544,243,301
452,District-Narsimhapur,Total,16,7528,4036,3492,1811,1423,388,1082,695,387,261,147,114,3290,1205,2085,310,210,100,163,103,60,41,19,22,570,234,336
452,District-Narsimhapur,Total,17,8364,4547,3817,2288,1845,443,1325,864,461,292,174,118,3489,1181,2308,333,235,98,143,82,61,36,17,19,458,149,309
452,District-Narsimhapur,Total,18,13535,7518,6017,4346,3570,776,2068,1383,685,447,256,191,4884,1465,3419,732,469,263,330,160,170,59,28,31,669,187,482
452,District-Narsimhapur,Total,19,11811,6029,5782,3831,3014,817,1884,1184,700,403,217,186,4193,1037,3156,558,306,252,308,113,195,73,24,49,561,134,427
452,District-Narsimhapur,Rural,5-19,73653,38658,34995,12670,9907,2763,7043,4434,2609,1648,928,720,19472,6549,12923,2393,1471,922,1298,618,680,309,135,174,28820,14616,14204
452,District-Narsimhapur,Rural,5,13659,7258,6401,7,4,3,1,1,0,1,1,0,198,98,100,74,41,33,51,30,21,5,3,2,13322,7080,6242
452,District-Narsimhapur,Rural,6,8565,4480,4085,8,6,2,4,0,4,0,0,0,215,109,106,42,25,17,38,18,20,7,2,5,8251,4320,3931
452,District-Narsimhapur,Rural,7,2270,1214,1056,12,9,3,2,1,1,3,1,2,241,108,133,16,11,5,12,6,6,3,2,1,1981,1076,905
452,District-Narsimhapur,Rural,8,975,514,461,19,11,8,5,2,3,2,2,0,265,137,128,16,10,6,9,5,4,3,3,0,656,344,312
452,District-Narsimhapur,Rural,9,626,304,322,14,9,5,3,2,1,3,1,2,212,98,114,13,8,5,2,1,1,0,0,0,379,185,194
452,District-Narsimhapur,Rural,10,955,489,466,17,8,9,9,4,5,4,1,3,277,146,131,22,17,5,8,7,1,4,4,0,614,302,312
452,District-Narsimhapur,Rural,11,817,447,370,53,38,15,35,20,15,7,4,3,342,191,151,24,13,11,14,8,6,8,5,3,334,168,166
452,District-Narsimhapur,Rural,12,1252,617,635,158,122,36,71,34,37,18,13,5,549,253,296,67,47,20,48,18,30,17,7,10,324,123,201
452,District-Narsimhapur,Rural,13,1346,669,677,166,118,48,91,52,39,28,16,12,663,298,365,53,34,19,42,22,20,7,2,5,296,127,169
452,District-Narsimhapur,Rural,14,2547,1206,1341,399,283,116,268,149,119,77,41,36,1263,494,769,96,57,39,67,27,40,17,9,8,360,146,214
452,District-Narsimhapur,Rural,15,4649,2384,2265,945,708,237,573,354,219,167,106,61,2098,788,1310,224,147,77,133,65,68,38,16,22,471,200,271
452,District-Narsimhapur,Rural,16,6680,3537,3143,1637,1266,371,1029,651,378,249,138,111,2805,983,1822,286,192,94,155,97,58,41,19,22,478,191,287
452,District-Narsimhapur,Rural,17,7256,3889,3367,1994,1590,404,1251,803,448,283,166,117,2899,920,1979,302,207,95,128,71,57,35,17,18,364,115,249
452,District-Narsimhapur,Rural,18,11774,6487,5287,3837,3113,724,1937,1277,660,423,236,187,4025,1150,2875,656,403,253,304,142,162,55,24,31,537,142,395
452,District-Narsimhapur,Rural,19,10282,5163,5119,3404,2622,782,1764,1084,680,383,202,181,3420,776,2644,502,259,243,287,101,186,69,22,47,453,97,356
452,District-Narsimhapur,Urban,5-19,12212,6943,5269,1663,1490,173,437,360,77,70,56,14,3988,1725,2263,258,210,48,100,66,34,11,8,3,5685,3028,2657
452,District-Narsimhapur,Urban,5,2413,1275,1138,1,1,0,1,0,1,0,0,0,50,29,21,8,5,3,6,3,3,0,0,0,2347,1237,1110
452,District-Narsimhapur,Urban,6,1834,1045,789,1,0,1,1,0,1,0,0,0,58,29,29,6,4,2,2,1,1,0,0,0,1766,1011,755
452,District-Narsimhapur,Urban,7,483,262,221,2,1,1,1,1,0,0,0,0,41,21,20,4,1,3,3,2,1,0,0,0,432,236,196
452,District-Narsimhapur,Urban,8,174,99,75,1,1,0,0,0,0,0,0,0,43,18,25,0,0,0,1,1,0,0,0,0,129,79,50
452,District-Narsimhapur,Urban,9,116,53,63,1,0,1,0,0,0,0,0,0,38,19,19,0,0,0,0,0,0,0,0,0,77,34,43
452,District-Narsimhapur,Urban,10,221,122,99,4,3,1,0,0,0,0,0,0,66,38,28,2,1,1,0,0,0,0,0,0,149,80,69
452,District-Narsimhapur,Urban,11,167,101,66,14,13,1,1,0,1,0,0,0,78,42,36,4,4,0,0,0,0,1,1,0,69,41,28
452,District-Narsimhapur,Urban,12,251,148,103,26,23,3,6,5,1,1,0,1,128,69,59,6,4,2,7,3,4,1,1,0,76,43,33
452,District-Narsimhapur,Urban,13,253,140,113,26,22,4,6,6,0,1,1,0,150,75,75,3,3,0,0,0,0,0,0,0,67,33,34
452,District-Narsimhapur,Urban,14,390,223,167,62,54,8,12,10,2,2,2,0,229,115,114,8,7,1,3,3,0,0,0,0,74,32,42
452,District-Narsimhapur,Urban,15,664,421,243,121,111,10,31,27,4,1,1,0,400,211,189,30,22,8,8,6,2,0,0,0,73,43,30
452,District-Narsimhapur,Urban,16,848,499,349,174,157,17,53,44,9,12,9,3,485,222,263,24,18,6,8,6,2,0,0,0,92,43,49
452,District-Narsimhapur,Urban,17,1108,658,450,294,255,39,74,61,13,9,8,1,590,261,329,31,28,3,15,11,4,1,0,1,94,34,60
452,District-Narsimhapur,Urban,18,1761,1031,730,509,457,52,131,106,25,24,20,4,859,315,544,76,66,10,26,18,8,4,4,0,132,45,87
452,District-Narsimhapur,Urban,19,1529,866,663,427,392,35,120,100,20,20,15,5,773,261,512,56,47,9,21,12,9,4,2,2,108,37,71
453,District-Dindori ,Total,5-19,60513,29914,30599,10606,5884,4722,6715,3366,3349,2254,1057,1197,7369,3507,3862,4053,1663,2390,2573,922,1651,921,361,560,26022,13154,12868
453,District-Dindori ,Total,5,12319,6339,5980,9,4,5,3,1,2,3,0,3,146,83,63,184,100,84,106,51,55,67,25,42,11801,6075,5726
453,District-Dindori ,Total,6,7532,3946,3586,10,7,3,2,2,0,3,3,0,196,95,101,107,66,41,117,51,66,57,29,28,7040,3693,3347
453,District-Dindori ,Total,7,2120,1061,1059,17,10,7,9,4,5,6,4,2,169,90,79,41,19,22,37,16,21,28,15,13,1813,903,910
453,District-Dindori ,Total,8,1274,629,645,24,13,11,9,6,3,5,2,3,195,96,99,42,14,28,28,10,18,13,10,3,958,478,480
453,District-Dindori ,Total,9,870,403,467,26,11,15,15,8,7,10,5,5,177,92,85,32,7,25,30,14,16,13,7,6,567,259,308
453,District-Dindori ,Total,10,1172,630,542,61,34,27,16,9,7,9,8,1,213,122,91,61,32,29,30,21,9,22,11,11,760,393,367
453,District-Dindori ,Total,11,1022,510,512,116,66,50,54,24,30,33,16,17,237,136,101,85,36,49,44,14,30,24,8,16,429,210,219
453,District-Dindori ,Total,12,1463,751,712,215,134,81,143,83,60,63,27,36,390,196,194,143,75,68,69,26,43,40,14,26,400,196,204
453,District-Dindori ,Total,13,1488,743,745,272,163,109,158,80,78,71,27,44,398,214,184,130,57,73,107,40,67,43,22,21,309,140,169
453,District-Dindori ,Total,14,2261,1137,1124,500,293,207,319,165,154,129,55,74,562,287,275,200,99,101,155,65,90,52,20,32,344,153,191
453,District-Dindori ,Total,15,3930,2081,1849,941,581,360,686,351,335,255,141,114,830,434,396,407,198,209,276,121,155,88,38,50,447,217,230
453,District-Dindori ,Total,16,4548,2237,2311,1332,742,590,904,470,434,303,138,165,916,420,496,422,180,242,251,82,169,100,54,46,320,151,169
453,District-Dindori ,Total,17,4955,2492,2463,1680,969,711,1004,530,474,335,162,173,840,391,449,489,224,265,288,100,188,80,24,56,239,92,147
453,District-Dindori ,Total,18,8296,3827,4469,2803,1542,1261,1809,878,931,550,250,300,1173,488,685,878,312,566,571,197,374,167,45,122,345,115,230
453,District-Dindori ,Total,19,7263,3128,4135,2600,1315,1285,1584,755,829,479,219,260,927,363,564,832,244,588,464,114,350,127,39,88,250,79,171
453,District-Dindori ,Rural,5-19,58334,28749,29585,10377,5698,4679,6596,3286,3310,2218,1032,1186,6747,3231,3516,3991,1621,2370,2490,881,1609,914,359,555,25001,12641,12360
453,District-Dindori ,Rural,5,11832,6099,5733,9,4,5,3,1,2,3,0,3,136,79,57,179,98,81,101,48,53,67,25,42,11334,5844,5490
453,District-Dindori ,Rural,6,7227,3776,3451,10,7,3,2,2,0,2,2,0,186,87,99,104,64,40,106,44,62,57,29,28,6760,3541,3219
453,District-Dindori ,Rural,7,2056,1030,1026,17,10,7,8,4,4,5,3,2,159,85,74,40,19,21,35,15,20,28,15,13,1764,879,885
453,District-Dindori ,Rural,8,1236,604,632,24,13,11,8,5,3,5,2,3,187,91,96,40,13,27,26,9,17,13,10,3,933,461,472
453,District-Dindori ,Rural,9,847,393,454,25,11,14,15,8,7,9,4,5,172,91,81,32,7,25,29,13,16,13,7,6,552,252,300
453,District-Dindori ,Rural,10,1128,604,524,61,34,27,16,9,7,9,8,1,196,113,83,58,30,28,30,21,9,22,11,11,736,378,358
453,District-Dindori ,Rural,11,986,494,492,112,62,50,51,24,27,33,16,17,229,131,98,84,36,48,43,14,29,24,8,16,410,203,207
453,District-Dindori ,Rural,12,1410,717,693,208,127,81,137,78,59,62,26,36,369,185,184,140,73,67,67,25,42,40,14,26,387,189,198
453,District-Dindori ,Rural,13,1432,716,716,271,162,109,156,78,78,71,27,44,370,198,172,128,56,72,100,38,62,42,22,20,294,135,159
453,District-Dindori ,Rural,14,2194,1102,1092,492,286,206,314,162,152,129,55,74,534,274,260,198,97,101,148,61,87,52,20,32,327,147,180
453,District-Dindori ,Rural,15,3793,2001,1792,918,562,356,673,343,330,255,141,114,767,402,365,403,195,208,268,119,149,88,38,50,421,201,220
453,District-Dindori ,Rural,16,4378,2149,2229,1309,725,584,884,454,430,299,136,163,828,385,443,413,175,238,245,78,167,98,53,45,302,143,159
453,District-Dindori ,Rural,17,4793,2399,2394,1644,937,707,990,522,468,330,158,172,764,356,408,484,221,263,282,97,185,79,23,56,220,85,135
453,District-Dindori ,Rural,18,8008,3673,4335,2732,1487,1245,1780,855,925,538,243,295,1039,441,598,868,304,564,555,188,367,165,45,120,331,110,221
453,District-Dindori ,Rural,19,7014,2992,4022,2545,1271,1274,1559,741,818,468,211,257,811,313,498,820,233,587,455,111,344,126,39,87,230,73,157
453,District-Dindori ,Urban,5-19,2179,1165,1014,229,186,43,119,80,39,36,25,11,622,276,346,62,42,20,83,41,42,7,2,5,1021,513,508
453,District-Dindori ,Urban,5,487,240,247,0,0,0,0,0,0,0,0,0,10,4,6,5,2,3,5,3,2,0,0,0,467,231,236
453,District-Dindori ,Urban,6,305,170,135,0,0,0,0,0,0,1,1,0,10,8,2,3,2,1,11,7,4,0,0,0,280,152,128
453,District-Dindori ,Urban,7,64,31,33,0,0,0,1,0,1,1,1,0,10,5,5,1,0,1,2,1,1,0,0,0,49,24,25
453,District-Dindori ,Urban,8,38,25,13,0,0,0,1,1,0,0,0,0,8,5,3,2,1,1,2,1,1,0,0,0,25,17,8
453,District-Dindori ,Urban,9,23,10,13,1,0,1,0,0,0,1,1,0,5,1,4,0,0,0,1,1,0,0,0,0,15,7,8
453,District-Dindori ,Urban,10,44,26,18,0,0,0,0,0,0,0,0,0,17,9,8,3,2,1,0,0,0,0,0,0,24,15,9
453,District-Dindori ,Urban,11,36,16,20,4,4,0,3,0,3,0,0,0,8,5,3,1,0,1,1,0,1,0,0,0,19,7,12
453,District-Dindori ,Urban,12,53,34,19,7,7,0,6,5,1,1,1,0,21,11,10,3,2,1,2,1,1,0,0,0,13,7,6
453,District-Dindori ,Urban,13,56,27,29,1,1,0,2,2,0,0,0,0,28,16,12,2,1,1,7,2,5,1,0,1,15,5,10
453,District-Dindori ,Urban,14,67,35,32,8,7,1,5,3,2,0,0,0,28,13,15,2,2,0,7,4,3,0,0,0,17,6,11
453,District-Dindori ,Urban,15,137,80,57,23,19,4,13,8,5,0,0,0,63,32,31,4,3,1,8,2,6,0,0,0,26,16,10
453,District-Dindori ,Urban,16,170,88,82,23,17,6,20,16,4,4,2,2,88,35,53,9,5,4,6,4,2,2,1,1,18,8,10
453,District-Dindori ,Urban,17,162,93,69,36,32,4,14,8,6,5,4,1,76,35,41,5,3,2,6,3,3,1,1,0,19,7,12
453,District-Dindori ,Urban,18,288,154,134,71,55,16,29,23,6,12,7,5,134,47,87,10,8,2,16,9,7,2,0,2,14,5,9
453,District-Dindori ,Urban,19,249,136,113,55,44,11,25,14,11,11,8,3,116,50,66,12,11,1,9,3,6,1,0,1,20,6,14
454,District-Mandla,Total,5-19,85005,42450,42555,13234,7943,5291,12823,6596,6227,3302,1657,1645,12771,5770,7001,3922,1655,2267,3687,1278,2409,1079,390,689,34187,17161,17026
454,District-Mandla,Total,5,16722,8658,8064,5,3,2,10,5,5,3,1,2,213,108,105,173,97,76,146,67,79,45,27,18,16127,8350,7777
454,District-Mandla,Total,6,10364,5254,5110,14,10,4,5,4,1,3,2,1,288,150,138,106,59,47,119,55,64,43,21,22,9786,4953,4833
454,District-Mandla,Total,7,3137,1549,1588,26,14,12,18,9,9,2,1,1,261,133,128,40,12,28,35,15,20,23,12,11,2732,1353,1379
454,District-Mandla,Total,8,1410,732,678,24,11,13,16,10,6,6,4,2,249,134,115,32,19,13,30,19,11,11,8,3,1042,527,515
454,District-Mandla,Total,9,963,479,484,15,10,5,19,9,10,11,1,10,253,128,125,29,16,13,30,13,17,17,9,8,589,293,296
454,District-Mandla,Total,10,1366,684,682,43,27,16,32,20,12,12,10,2,323,171,152,54,28,26,43,21,22,26,12,14,833,395,438
454,District-Mandla,Total,11,1186,574,612,108,62,46,98,45,53,32,19,13,366,177,189,73,34,39,69,21,48,30,15,15,410,201,209
454,District-Mandla,Total,12,1544,781,763,185,108,77,189,108,81,66,34,32,495,261,234,125,55,70,111,42,69,42,20,22,331,153,178
454,District-Mandla,Total,13,1688,854,834,243,148,95,232,116,116,89,50,39,591,305,286,105,50,55,97,33,64,41,18,23,290,134,156
454,District-Mandla,Total,14,2871,1436,1435,474,276,198,552,270,282,167,84,83,915,461,454,188,97,91,187,74,113,69,29,40,319,145,174
454,District-Mandla,Total,15,5025,2656,2369,1074,656,418,1082,593,489,370,192,178,1320,713,607,345,167,178,307,115,192,121,39,82,406,181,225
454,District-Mandla,Total,16,6917,3548,3369,1691,1035,656,1712,916,796,474,234,240,1642,781,861,422,196,226,446,179,267,129,43,86,401,164,237
454,District-Mandla,Total,17,7646,3777,3869,2096,1265,831,2083,1090,993,547,267,280,1623,691,932,481,195,286,451,144,307,117,35,82,248,90,158
454,District-Mandla,Total,18,12984,6330,6654,3761,2270,1491,3720,1914,1806,805,406,399,2306,866,1440,905,375,530,870,294,576,203,62,141,414,143,271
454,District-Mandla,Total,19,11182,5138,6044,3475,2048,1427,3055,1487,1568,715,352,363,1926,691,1235,844,255,589,746,186,560,162,40,122,259,79,180
454,District-Mandla,Rural,5-19,78045,38633,39412,12222,7116,5106,12452,6340,6112,3208,1604,1604,10612,4842,5770,3793,1570,2223,3624,1247,2377,1070,387,683,31064,15527,15537
454,District-Mandla,Rural,5,15227,7838,7389,5,3,2,10,5,5,3,1,2,183,92,91,163,91,72,143,65,78,45,27,18,14675,7554,7121
454,District-Mandla,Rural,6,9315,4703,4612,14,10,4,4,3,1,3,2,1,259,132,127,103,58,45,115,53,62,43,21,22,8774,4424,4350
454,District-Mandla,Rural,7,2910,1436,1474,26,14,12,17,9,8,2,1,1,244,124,120,39,12,27,34,14,20,23,12,11,2525,1250,1275
454,District-Mandla,Rural,8,1319,681,638,23,11,12,14,8,6,6,4,2,230,123,107,31,18,13,30,19,11,11,8,3,974,490,484
454,District-Mandla,Rural,9,878,434,444,14,9,5,19,9,10,11,1,10,231,116,115,29,16,13,30,13,17,17,9,8,527,261,266
454,District-Mandla,Rural,10,1279,633,646,42,26,16,31,19,12,12,10,2,300,154,146,52,26,26,43,21,22,26,12,14,773,365,408
454,District-Mandla,Rural,11,1126,537,589,103,58,45,96,44,52,31,18,13,339,162,177,72,33,39,69,21,48,29,15,14,387,186,201
454,District-Mandla,Rural,12,1432,721,711,172,97,75,184,105,79,65,33,32,431,229,202,124,54,70,108,42,66,42,20,22,306,141,165
454,District-Mandla,Rural,13,1552,781,771,219,129,90,227,113,114,84,47,37,518,271,247,100,47,53,94,32,62,41,18,23,269,124,145
454,District-Mandla,Rural,14,2701,1337,1364,444,249,195,543,262,281,164,83,81,816,412,404,182,93,89,186,73,113,69,29,40,297,136,161
454,District-Mandla,Rural,15,4661,2434,2227,1007,601,406,1049,568,481,355,186,169,1115,600,515,335,162,173,303,112,191,121,39,82,376,166,210
454,District-Mandla,Rural,16,6423,3267,3156,1581,946,635,1667,884,783,464,228,236,1366,655,711,409,187,222,439,175,264,126,41,85,371,151,220
454,District-Mandla,Rural,17,7029,3438,3591,1930,1130,800,2022,1047,975,528,258,270,1302,559,743,468,186,282,441,141,300,116,35,81,222,82,140
454,District-Mandla,Rural,18,11957,5753,6204,3452,2018,1434,3614,1838,1776,787,394,393,1819,686,1133,861,344,517,853,284,569,202,61,141,369,128,241
454,District-Mandla,Rural,19,10236,4640,5596,3190,1815,1375,2955,1426,1529,693,338,355,1459,527,932,825,243,582,736,182,554,159,40,119,219,69,150
454,District-Mandla,Urban,5-19,6960,3817,3143,1012,827,185,371,256,115,94,53,41,2159,928,1231,129,85,44,63,31,32,9,3,6,3123,1634,1489
454,District-Mandla,Urban,5,1495,820,675,0,0,0,0,0,0,0,0,0,30,16,14,10,6,4,3,2,1,0,0,0,1452,796,656
454,District-Mandla,Urban,6,1049,551,498,0,0,0,1,1,0,0,0,0,29,18,11,3,1,2,4,2,2,0,0,0,1012,529,483
454,District-Mandla,Urban,7,227,113,114,0,0,0,1,0,1,0,0,0,17,9,8,1,0,1,1,1,0,0,0,0,207,103,104
454,District-Mandla,Urban,8,91,51,40,1,0,1,2,2,0,0,0,0,19,11,8,1,1,0,0,0,0,0,0,0,68,37,31
454,District-Mandla,Urban,9,85,45,40,1,1,0,0,0,0,0,0,0,22,12,10,0,0,0,0,0,0,0,0,0,62,32,30
454,District-Mandla,Urban,10,87,51,36,1,1,0,1,1,0,0,0,0,23,17,6,2,2,0,0,0,0,0,0,0,60,30,30
454,District-Mandla,Urban,11,60,37,23,5,4,1,2,1,1,1,1,0,27,15,12,1,1,0,0,0,0,1,0,1,23,15,8
454,District-Mandla,Urban,12,112,60,52,13,11,2,5,3,2,1,1,0,64,32,32,1,1,0,3,0,3,0,0,0,25,12,13
454,District-Mandla,Urban,13,136,73,63,24,19,5,5,3,2,5,3,2,73,34,39,5,3,2,3,1,2,0,0,0,21,10,11
454,District-Mandla,Urban,14,170,99,71,30,27,3,9,8,1,3,1,2,99,49,50,6,4,2,1,1,0,0,0,0,22,9,13
454,District-Mandla,Urban,15,364,222,142,67,55,12,33,25,8,15,6,9,205,113,92,10,5,5,4,3,1,0,0,0,30,15,15
454,District-Mandla,Urban,16,494,281,213,110,89,21,45,32,13,10,6,4,276,126,150,13,9,4,7,4,3,3,2,1,30,13,17
454,District-Mandla,Urban,17,617,339,278,166,135,31,61,43,18,19,9,10,321,132,189,13,9,4,10,3,7,1,0,1,26,8,18
454,District-Mandla,Urban,18,1027,577,450,309,252,57,106,76,30,18,12,6,487,180,307,44,31,13,17,10,7,1,1,0,45,15,30
454,District-Mandla,Urban,19,946,498,448,285,233,52,100,61,39,22,14,8,467,164,303,19,12,7,10,4,6,3,0,3,40,10,30
455,District-Chhindwara,Total,5-19,156141,80385,75756,28471,20015,8456,19773,10569,9204,5362,2626,2736,29360,11876,17484,7202,3783,3419,6485,2333,4152,2256,756,1500,57232,28427,28805
455,District-Chhindwara,Total,5,24072,12322,11750,5,4,1,4,1,3,1,1,0,324,167,157,107,50,57,58,28,30,13,6,7,23560,12065,11495
455,District-Chhindwara,Total,6,16863,8773,8090,7,3,4,5,3,2,3,2,1,445,206,239,88,45,43,48,25,23,20,7,13,16247,8482,7765
455,District-Chhindwara,Total,7,4888,2475,2413,18,13,5,10,2,8,4,2,2,411,208,203,27,12,15,28,11,17,11,5,6,4379,2222,2157
455,District-Chhindwara,Total,8,2421,1243,1178,29,17,12,21,12,9,2,1,1,407,205,202,32,19,13,22,7,15,20,7,13,1888,975,913
455,District-Chhindwara,Total,9,1768,882,886,29,20,9,19,6,13,14,5,9,396,208,188,37,15,22,27,12,15,22,11,11,1224,605,619
455,District-Chhindwara,Total,10,2505,1278,1227,58,41,17,44,26,18,18,10,8,589,311,278,63,39,24,65,29,36,43,17,26,1625,805,820
455,District-Chhindwara,Total,11,2324,1211,1113,206,136,70,141,84,57,36,18,18,706,368,338,126,65,61,88,43,45,50,22,28,971,475,496
455,District-Chhindwara,Total,12,3540,1819,1721,422,301,121,305,164,141,131,69,62,1163,582,581,225,135,90,194,67,127,94,28,66,1006,473,533
455,District-Chhindwara,Total,13,3793,1984,1809,569,394,175,433,232,201,169,82,87,1274,644,630,235,128,107,210,90,120,93,34,59,810,380,430
455,District-Chhindwara,Total,14,6302,3299,3003,1225,852,373,974,506,468,322,152,170,1992,975,1017,391,217,174,367,152,215,126,50,76,905,395,510
455,District-Chhindwara,Total,15,10250,5503,4747,2314,1622,692,1889,1033,856,566,301,265,2729,1337,1392,759,407,352,663,265,398,259,100,159,1071,438,633
455,District-Chhindwara,Total,16,14199,7527,6672,3683,2624,1059,2834,1516,1318,910,442,468,3624,1592,2032,931,502,429,885,330,555,343,123,220,989,398,591
455,District-Chhindwara,Total,17,15165,7901,7264,4490,3135,1355,3225,1716,1509,846,413,433,3869,1507,2362,905,476,429,883,325,558,254,81,173,693,248,445
455,District-Chhindwara,Total,18,25372,13041,12331,7993,5621,2372,5218,2844,2374,1291,634,657,5808,1935,3873,1881,1010,871,1613,538,1075,548,180,368,1020,279,741
455,District-Chhindwara,Total,19,22679,11127,11552,7423,5232,2191,4651,2424,2227,1049,494,555,5623,1631,3992,1395,663,732,1334,411,923,360,85,275,844,187,657
455,District-Chhindwara,Rural,5-19,131249,66660,64589,24460,16720,7740,18536,9690,8846,5085,2420,2665,21274,8441,12833,6601,3370,3231,6277,2216,4061,2224,733,1491,46792,23070,23722
455,District-Chhindwara,Rural,5,19314,9862,9452,4,3,1,2,1,1,1,1,0,224,114,110,91,42,49,51,23,28,13,6,7,18928,9672,9256
455,District-Chhindwara,Rural,6,13246,6891,6355,7,3,4,5,3,2,3,2,1,338,161,177,68,31,37,38,20,18,20,7,13,12767,6664,6103
455,District-Chhindwara,Rural,7,4127,2090,2037,14,9,5,10,2,8,4,2,2,322,166,156,25,11,14,27,10,17,11,5,6,3714,1885,1829
455,District-Chhindwara,Rural,8,2115,1072,1043,24,13,11,21,12,9,2,1,1,325,164,161,25,14,11,22,7,15,20,7,13,1676,854,822
455,District-Chhindwara,Rural,9,1549,760,789,24,16,8,18,6,12,14,5,9,315,160,155,33,12,21,27,12,15,22,11,11,1096,538,558
455,District-Chhindwara,Rural,10,2167,1092,1075,51,36,15,41,24,17,17,9,8,468,244,224,58,36,22,63,28,35,43,17,26,1426,698,728
455,District-Chhindwara,Rural,11,1960,996,964,157,100,57,132,77,55,34,16,18,542,275,267,108,58,50,87,42,45,50,22,28,850,406,444
455,District-Chhindwara,Rural,12,3045,1529,1516,345,235,110,288,152,136,127,65,62,892,443,449,202,118,84,185,64,121,92,28,64,914,424,490
455,District-Chhindwara,Rural,13,3260,1668,1592,469,315,154,409,216,193,165,78,87,1002,494,508,209,114,95,201,85,116,92,33,59,713,333,380
455,District-Chhindwara,Rural,14,5474,2795,2679,1058,720,338,920,468,452,314,145,169,1550,739,811,360,197,163,359,150,209,122,47,75,791,329,462
455,District-Chhindwara,Rural,15,8956,4702,4254,2003,1374,629,1784,958,826,543,282,261,2129,1000,1129,695,371,324,643,256,387,257,98,159,902,363,539
455,District-Chhindwara,Rural,16,12350,6415,5935,3220,2231,989,2662,1397,1265,863,413,450,2699,1163,1536,854,447,407,867,319,548,336,119,217,849,326,523
455,District-Chhindwara,Rural,17,13055,6665,6390,3892,2658,1234,3034,1579,1455,804,383,421,2792,1035,1757,840,428,412,844,300,544,253,80,173,596,202,394
455,District-Chhindwara,Rural,18,21659,11010,10649,6910,4747,2163,4870,2600,2270,1214,575,639,3961,1268,2693,1737,904,833,1572,519,1053,539,173,366,856,224,632
455,District-Chhindwara,Rural,19,18972,9113,9859,6282,4260,2022,4340,2195,2145,980,443,537,3715,1015,2700,1296,587,709,1291,381,910,354,80,274,714,152,562
455,District-Chhindwara,Urban,5-19,24892,13725,11167,4011,3295,716,1237,879,358,277,206,71,8086,3435,4651,601,413,188,208,117,91,32,23,9,10440,5357,5083
455,District-Chhindwara,Urban,5,4758,2460,2298,1,1,0,2,0,2,0,0,0,100,53,47,16,8,8,7,5,2,0,0,0,4632,2393,2239
455,District-Chhindwara,Urban,6,3617,1882,1735,0,0,0,0,0,0,0,0,0,107,45,62,20,14,6,10,5,5,0,0,0,3480,1818,1662
455,District-Chhindwara,Urban,7,761,385,376,4,4,0,0,0,0,0,0,0,89,42,47,2,1,1,1,1,0,0,0,0,665,337,328
455,District-Chhindwara,Urban,8,306,171,135,5,4,1,0,0,0,0,0,0,82,41,41,7,5,2,0,0,0,0,0,0,212,121,91
455,District-Chhindwara,Urban,9,219,122,97,5,4,1,1,0,1,0,0,0,81,48,33,4,3,1,0,0,0,0,0,0,128,67,61
455,District-Chhindwara,Urban,10,338,186,152,7,5,2,3,2,1,1,1,0,121,67,54,5,3,2,2,1,1,0,0,0,199,107,92
455,District-Chhindwara,Urban,11,364,215,149,49,36,13,9,7,2,2,2,0,164,93,71,18,7,11,1,1,0,0,0,0,121,69,52
455,District-Chhindwara,Urban,12,495,290,205,77,66,11,17,12,5,4,4,0,271,139,132,23,17,6,9,3,6,2,0,2,92,49,43
455,District-Chhindwara,Urban,13,533,316,217,100,79,21,24,16,8,4,4,0,272,150,122,26,14,12,9,5,4,1,1,0,97,47,50
455,District-Chhindwara,Urban,14,828,504,324,167,132,35,54,38,16,8,7,1,442,236,206,31,20,11,8,2,6,4,3,1,114,66,48
455,District-Chhindwara,Urban,15,1294,801,493,311,248,63,105,75,30,23,19,4,600,337,263,64,36,28,20,9,11,2,2,0,169,75,94
455,District-Chhindwara,Urban,16,1849,1112,737,463,393,70,172,119,53,47,29,18,925,429,496,77,55,22,18,11,7,7,4,3,140,72,68
455,District-Chhindwara,Urban,17,2110,1236,874,598,477,121,191,137,54,42,30,12,1077,472,605,65,48,17,39,25,14,1,1,0,97,46,51
455,District-Chhindwara,Urban,18,3713,2031,1682,1083,874,209,348,244,104,77,59,18,1847,667,1180,144,106,38,41,19,22,9,7,2,164,55,109
455,District-Chhindwara,Urban,19,3707,2014,1693,1141,972,169,311,229,82,69,51,18,1908,616,1292,99,76,23,43,30,13,6,5,1,130,35,95
456,District-Seoni,Total,5-19,106906,56523,50383,16906,11804,5102,18596,10324,8272,5723,2843,2880,19584,8301,11283,2615,1412,1203,3066,1313,1753,802,304,498,39614,20222,19392
456,District-Seoni,Total,5,19890,10309,9581,5,3,2,4,2,2,0,0,0,226,120,106,60,30,30,64,36,28,32,22,10,19499,10096,9403
456,District-Seoni,Total,6,12018,6172,5846,3,2,1,2,0,2,0,0,0,316,166,150,49,22,27,46,24,22,20,6,14,11582,5952,5630
456,District-Seoni,Total,7,3533,1813,1720,14,8,6,5,4,1,2,0,2,225,110,115,14,8,6,16,9,7,16,4,12,3241,1670,1571
456,District-Seoni,Total,8,1176,607,569,13,8,5,8,6,2,8,3,5,221,113,108,9,6,3,13,7,6,4,3,1,900,461,439
456,District-Seoni,Total,9,787,399,388,15,5,10,13,8,5,2,1,1,220,108,112,9,4,5,11,5,6,3,2,1,514,266,248
456,District-Seoni,Total,10,1074,569,505,32,20,12,28,18,10,17,9,8,265,153,112,21,13,8,23,13,10,6,2,4,682,341,341
456,District-Seoni,Total,11,1039,560,479,111,77,34,94,47,47,34,20,14,367,197,170,31,16,15,34,17,17,13,5,8,355,181,174
456,District-Seoni,Total,12,1627,936,691,220,164,56,218,113,105,72,36,36,619,353,266,60,39,21,87,33,54,30,14,16,321,184,137
456,District-Seoni,Total,13,1923,1103,820,258,183,75,285,175,110,122,73,49,755,419,336,70,36,34,105,47,58,26,12,14,302,158,144
456,District-Seoni,Total,14,3562,2050,1512,606,425,181,728,430,298,253,150,103,1345,716,629,116,69,47,159,82,77,48,20,28,307,158,149
456,District-Seoni,Total,15,6514,3726,2788,1246,899,347,1534,896,638,585,325,260,2074,1046,1028,253,160,93,317,161,156,80,38,42,425,201,224
456,District-Seoni,Total,16,9128,5031,4097,2039,1460,579,2429,1402,1027,834,421,413,2692,1228,1464,295,173,122,360,138,222,91,37,54,388,172,216
456,District-Seoni,Total,17,10937,5868,5069,2744,1956,788,3102,1672,1430,1053,525,528,2884,1181,1703,341,192,149,398,181,217,100,32,68,315,129,186
456,District-Seoni,Total,18,17783,9366,8417,5005,3464,1541,5375,2987,2388,1438,672,766,3925,1363,2562,676,354,322,744,311,433,179,61,118,441,154,287
456,District-Seoni,Total,19,15915,8014,7901,4595,3130,1465,4771,2564,2207,1303,608,695,3450,1028,2422,611,290,321,689,249,440,154,46,108,342,99,243
456,District-Seoni,Rural,5-19,98115,51496,46619,15491,10614,4877,18215,10045,8170,5629,2779,2850,16679,6920,9759,2489,1329,1160,3009,1273,1736,799,301,498,35804,18235,17569
456,District-Seoni,Rural,5,18089,9330,8759,4,3,1,4,2,2,0,0,0,187,91,96,50,26,24,61,34,27,32,22,10,17751,9152,8599
456,District-Seoni,Rural,6,10656,5482,5174,2,1,1,2,0,2,0,0,0,266,142,124,40,17,23,40,19,21,20,6,14,10286,5297,4989
456,District-Seoni,Rural,7,3250,1662,1588,12,7,5,3,3,0,2,0,2,183,93,90,13,7,6,15,9,6,16,4,12,3006,1539,1467
456,District-Seoni,Rural,8,1084,559,525,11,8,3,8,6,2,8,3,5,190,94,96,8,5,3,13,7,6,4,3,1,842,433,409
456,District-Seoni,Rural,9,709,359,350,13,4,9,13,8,5,2,1,1,192,91,101,9,4,5,11,5,6,3,2,1,466,244,222
456,District-Seoni,Rural,10,934,487,447,28,18,10,27,17,10,17,9,8,212,117,95,21,13,8,21,12,9,6,2,4,602,299,303
456,District-Seoni,Rural,11,919,496,423,100,71,29,93,46,47,34,20,14,309,165,144,27,15,12,32,15,17,13,5,8,311,159,152
456,District-Seoni,Rural,12,1459,828,631,193,144,49,215,111,104,70,34,36,525,296,229,55,35,20,84,30,54,30,14,16,287,164,123
456,District-Seoni,Rural,13,1758,995,763,235,162,73,279,170,109,122,73,49,654,359,295,67,34,33,103,46,57,26,12,14,272,139,133
456,District-Seoni,Rural,14,3303,1866,1437,562,386,176,703,409,294,246,143,103,1189,616,573,113,67,46,159,82,77,48,20,28,283,143,140
456,District-Seoni,Rural,15,6045,3426,2619,1143,815,328,1499,870,629,576,318,258,1823,899,924,240,150,90,310,158,152,80,38,42,374,178,196
456,District-Seoni,Rural,16,8514,4658,3856,1880,1335,545,2373,1360,1013,822,411,411,2351,1054,1297,287,168,119,357,138,219,91,37,54,353,155,198
456,District-Seoni,Rural,17,10171,5410,4761,2506,1748,758,3043,1635,1408,1039,518,521,2495,1012,1483,321,178,143,392,178,214,99,31,68,276,110,166
456,District-Seoni,Rural,18,16479,8594,7885,4585,3111,1474,5254,2897,2357,1413,659,754,3267,1095,2172,644,330,314,731,299,432,177,59,118,408,144,264
456,District-Seoni,Rural,19,14745,7344,7401,4217,2801,1416,4699,2511,2188,1278,590,688,2836,796,2040,594,280,314,680,241,439,154,46,108,287,79,208
456,District-Seoni,Urban,5-19,8791,5027,3764,1415,1190,225,381,279,102,94,64,30,2905,1381,1524,126,83,43,57,40,17,3,3,0,3810,1987,1823
456,District-Seoni,Urban,5,1801,979,822,1,0,1,0,0,0,0,0,0,39,29,10,10,4,6,3,2,1,0,0,0,1748,944,804
456,District-Seoni,Urban,6,1362,690,672,1,1,0,0,0,0,0,0,0,50,24,26,9,5,4,6,5,1,0,0,0,1296,655,641
456,District-Seoni,Urban,7,283,151,132,2,1,1,2,1,1,0,0,0,42,17,25,1,1,0,1,0,1,0,0,0,235,131,104
456,District-Seoni,Urban,8,92,48,44,2,0,2,0,0,0,0,0,0,31,19,12,1,1,0,0,0,0,0,0,0,58,28,30
456,District-Seoni,Urban,9,78,40,38,2,1,1,0,0,0,0,0,0,28,17,11,0,0,0,0,0,0,0,0,0,48,22,26
456,District-Seoni,Urban,10,140,82,58,4,2,2,1,1,0,0,0,0,53,36,17,0,0,0,2,1,1,0,0,0,80,42,38
456,District-Seoni,Urban,11,120,64,56,11,6,5,1,1,0,0,0,0,58,32,26,4,1,3,2,2,0,0,0,0,44,22,22
456,District-Seoni,Urban,12,168,108,60,27,20,7,3,2,1,2,2,0,94,57,37,5,4,1,3,3,0,0,0,0,34,20,14
456,District-Seoni,Urban,13,165,108,57,23,21,2,6,5,1,0,0,0,101,60,41,3,2,1,2,1,1,0,0,0,30,19,11
456,District-Seoni,Urban,14,259,184,75,44,39,5,25,21,4,7,7,0,156,100,56,3,2,1,0,0,0,0,0,0,24,15,9
456,District-Seoni,Urban,15,469,300,169,103,84,19,35,26,9,9,7,2,251,147,104,13,10,3,7,3,4,0,0,0,51,23,28
456,District-Seoni,Urban,16,614,373,241,159,125,34,56,42,14,12,10,2,341,174,167,8,5,3,3,0,3,0,0,0,35,17,18
456,District-Seoni,Urban,17,766,458,308,238,208,30,59,37,22,14,7,7,389,169,220,20,14,6,6,3,3,1,1,0,39,19,20
456,District-Seoni,Urban,18,1304,772,532,420,353,67,121,90,31,25,13,12,658,268,390,32,24,8,13,12,1,2,2,0,33,10,23
456,District-Seoni,Urban,19,1170,670,500,378,329,49,72,53,19,25,18,7,614,232,382,17,10,7,9,8,1,0,0,0,55,20,35
457,District-Balaghat,Total,5-19,117622,62576,55046,20881,13862,7019,21355,11681,9674,5968,2910,3058,19843,9411,10432,2985,1514,1471,3028,1225,1803,997,357,640,42565,21616,20949
457,District-Balaghat,Total,5,21632,11054,10578,8,5,3,3,0,3,3,2,1,387,183,204,100,50,50,83,36,47,28,9,19,21020,10769,10251
457,District-Balaghat,Total,6,12757,6680,6077,6,3,3,4,3,1,0,0,0,489,266,223,69,37,32,46,25,21,20,8,12,12123,6338,5785
457,District-Balaghat,Total,7,3250,1681,1569,12,10,2,3,3,0,5,2,3,364,179,185,24,7,17,18,5,13,8,6,2,2816,1469,1347
457,District-Balaghat,Total,8,1430,755,675,19,9,10,10,6,4,3,2,1,318,178,140,19,8,11,20,13,7,10,8,2,1031,531,500
457,District-Balaghat,Total,9,1090,543,547,29,20,9,10,5,5,6,6,0,334,173,161,16,7,9,18,5,13,6,2,4,671,325,346
457,District-Balaghat,Total,10,1631,858,773,32,20,12,37,26,11,17,8,9,443,254,189,50,31,19,25,10,15,20,8,12,1007,501,506
457,District-Balaghat,Total,11,1430,769,661,146,106,40,116,63,53,37,20,17,497,271,226,49,24,25,48,22,26,17,4,13,520,259,261
457,District-Balaghat,Total,12,2111,1221,890,265,187,78,255,139,116,92,56,36,775,450,325,95,57,38,108,51,57,47,21,26,474,260,214
457,District-Balaghat,Total,13,2316,1328,988,331,238,93,343,194,149,107,67,40,905,522,383,98,56,42,112,48,64,29,14,15,391,189,202
457,District-Balaghat,Total,14,3892,2286,1606,710,488,222,804,476,328,255,153,102,1363,805,558,140,67,73,147,71,76,57,24,33,416,202,214
457,District-Balaghat,Total,15,7050,4148,2902,1484,1021,463,1673,1016,657,588,346,242,2048,1195,853,296,156,140,312,146,166,120,51,69,529,217,312
457,District-Balaghat,Total,16,10056,5704,4352,2487,1703,784,2835,1651,1184,829,434,395,2582,1324,1258,365,194,171,341,155,186,145,64,81,472,179,293
457,District-Balaghat,Total,17,11545,6391,5154,3296,2262,1034,3534,2012,1522,1020,470,550,2560,1171,1389,336,180,156,363,142,221,110,32,78,326,122,204
457,District-Balaghat,Total,18,19444,10260,9184,6076,4016,2060,6001,3248,2753,1587,742,845,3560,1357,2203,771,372,399,776,296,480,213,66,147,460,163,297
457,District-Balaghat,Total,19,17988,8898,9090,5980,3774,2206,5727,2839,2888,1419,602,817,3218,1083,2135,557,268,289,611,200,411,167,40,127,309,92,217
457,District-Balaghat,Rural,5-19,104472,55266,49206,18939,12318,6621,20409,11063,9346,5697,2746,2951,16094,7678,8416,2675,1313,1362,2837,1124,1713,916,327,589,36905,18697,18208
457,District-Balaghat,Rural,5,19040,9684,9356,8,5,3,3,0,3,3,2,1,346,161,185,91,43,48,80,34,46,28,9,19,18481,9430,9051
457,District-Balaghat,Rural,6,10955,5709,5246,4,2,2,4,3,1,0,0,0,425,224,201,61,32,29,39,21,18,20,8,12,10402,5419,4983
457,District-Balaghat,Rural,7,2812,1442,1370,11,9,2,3,3,0,4,1,3,316,155,161,20,5,15,18,5,13,8,6,2,2432,1258,1174
457,District-Balaghat,Rural,8,1269,668,601,18,8,10,9,5,4,3,2,1,278,150,128,18,7,11,19,12,7,9,7,2,915,477,438
457,District-Balaghat,Rural,9,953,466,487,26,17,9,10,5,5,6,6,0,290,144,146,14,5,9,18,5,13,6,2,4,583,282,301
457,District-Balaghat,Rural,10,1446,754,692,30,18,12,36,25,11,17,8,9,386,221,165,47,29,18,25,10,15,18,8,10,887,435,452
457,District-Balaghat,Rural,11,1244,655,589,131,94,37,109,57,52,37,20,17,410,221,189,44,21,23,47,21,26,15,4,11,451,217,234
457,District-Balaghat,Rural,12,1841,1050,791,230,159,71,244,131,113,89,53,36,643,377,266,86,51,35,103,47,56,43,19,24,403,213,190
457,District-Balaghat,Rural,13,2023,1157,866,296,210,86,318,177,141,101,66,35,752,433,319,87,50,37,101,43,58,24,9,15,344,169,175
457,District-Balaghat,Rural,14,3440,2004,1436,625,424,201,758,448,310,246,147,99,1154,687,467,130,58,72,134,61,73,50,21,29,343,158,185
457,District-Balaghat,Rural,15,6308,3696,2612,1345,906,439,1582,959,623,560,326,234,1709,999,710,260,136,124,289,134,155,110,49,61,453,187,266
457,District-Balaghat,Rural,16,9068,5126,3942,2249,1516,733,2712,1562,1150,793,410,383,2155,1116,1039,324,172,152,320,141,179,138,62,76,377,147,230
457,District-Balaghat,Rural,17,10357,5722,4635,3002,2026,976,3365,1903,1462,974,443,531,2027,938,1089,300,155,145,338,129,209,99,29,70,252,99,153
457,District-Balaghat,Rural,18,17532,9182,8350,5507,3567,1940,5767,3091,2676,1505,693,812,2790,1055,1735,685,309,376,724,278,446,197,58,139,357,131,226
457,District-Balaghat,Rural,19,16184,7951,8233,5457,3357,2100,5489,2694,2795,1359,569,790,2413,797,1616,508,240,268,582,183,399,151,36,115,225,75,150
457,District-Balaghat,Urban,5-19,13150,7310,5840,1942,1544,398,946,618,328,271,164,107,3749,1733,2016,310,201,109,191,101,90,81,30,51,5660,2919,2741
457,District-Balaghat,Urban,5,2592,1370,1222,0,0,0,0,0,0,0,0,0,41,22,19,9,7,2,3,2,1,0,0,0,2539,1339,1200
457,District-Balaghat,Urban,6,1802,971,831,2,1,1,0,0,0,0,0,0,64,42,22,8,5,3,7,4,3,0,0,0,1721,919,802
457,District-Balaghat,Urban,7,438,239,199,1,1,0,0,0,0,1,1,0,48,24,24,4,2,2,0,0,0,0,0,0,384,211,173
457,District-Balaghat,Urban,8,161,87,74,1,1,0,1,1,0,0,0,0,40,28,12,1,1,0,1,1,0,1,1,0,116,54,62
457,District-Balaghat,Urban,9,137,77,60,3,3,0,0,0,0,0,0,0,44,29,15,2,2,0,0,0,0,0,0,0,88,43,45
457,District-Balaghat,Urban,10,185,104,81,2,2,0,1,1,0,0,0,0,57,33,24,3,2,1,0,0,0,2,0,2,120,66,54
457,District-Balaghat,Urban,11,186,114,72,15,12,3,7,6,1,0,0,0,87,50,37,5,3,2,1,1,0,2,0,2,69,42,27
457,District-Balaghat,Urban,12,270,171,99,35,28,7,11,8,3,3,3,0,132,73,59,9,6,3,5,4,1,4,2,2,71,47,24
457,District-Balaghat,Urban,13,293,171,122,35,28,7,25,17,8,6,1,5,153,89,64,11,6,5,11,5,6,5,5,0,47,20,27
457,District-Balaghat,Urban,14,452,282,170,85,64,21,46,28,18,9,6,3,209,118,91,10,9,1,13,10,3,7,3,4,73,44,29
457,District-Balaghat,Urban,15,742,452,290,139,115,24,91,57,34,28,20,8,339,196,143,36,20,16,23,12,11,10,2,8,76,30,46
457,District-Balaghat,Urban,16,988,578,410,238,187,51,123,89,34,36,24,12,427,208,219,41,22,19,21,14,7,7,2,5,95,32,63
457,District-Balaghat,Urban,17,1188,669,519,294,236,58,169,109,60,46,27,19,533,233,300,36,25,11,25,13,12,11,3,8,74,23,51
457,District-Balaghat,Urban,18,1912,1078,834,569,449,120,234,157,77,82,49,33,770,302,468,86,63,23,52,18,34,16,8,8,103,32,71
457,District-Balaghat,Urban,19,1804,947,857,523,417,106,238,145,93,60,33,27,805,286,519,49,28,21,29,17,12,16,4,12,84,17,67
458,District-Guna,Total,5-19,130970,62905,68065,13373,10604,2769,9336,4893,4443,2358,987,1371,23171,7858,15313,6945,3932,3013,6850,2135,4715,1547,518,1029,67390,31978,35412
458,District-Guna,Total,5,24721,13151,11570,8,6,2,1,1,0,3,2,1,214,111,103,129,79,50,127,71,56,33,18,15,24206,12863,11343
458,District-Guna,Total,6,16515,8517,7998,6,4,2,7,4,3,5,3,2,306,169,137,114,57,57,78,33,45,23,10,13,15976,8237,7739
458,District-Guna,Total,7,5530,2779,2751,11,7,4,4,1,3,1,0,1,260,133,127,54,29,25,33,15,18,24,9,15,5143,2585,2558
458,District-Guna,Total,8,3939,1894,2045,16,8,8,10,6,4,3,2,1,335,158,177,48,29,19,45,24,21,20,3,17,3462,1664,1798
458,District-Guna,Total,9,2277,1103,1174,31,19,12,8,2,6,4,1,3,297,150,147,22,10,12,42,13,29,37,20,17,1836,888,948
458,District-Guna,Total,10,3663,1734,1929,57,37,20,33,19,14,13,3,10,495,236,259,82,42,40,94,38,56,45,18,27,2844,1341,1503
458,District-Guna,Total,11,2332,1103,1229,96,77,19,82,38,44,30,11,19,555,253,302,97,57,40,110,45,65,56,28,28,1306,594,712
458,District-Guna,Total,12,4131,1932,2199,254,181,73,208,105,103,62,25,37,1101,475,626,245,152,93,290,107,183,111,53,58,1860,834,1026
458,District-Guna,Total,13,3356,1466,1890,301,217,84,276,126,150,81,28,53,1056,406,650,185,104,81,216,74,142,94,39,55,1147,472,675
458,District-Guna,Total,14,5384,2311,3073,577,416,161,521,241,280,195,62,133,1856,694,1162,373,216,157,416,159,257,110,39,71,1336,484,852
458,District-Guna,Total,15,9176,4300,4876,1284,982,302,1158,586,572,336,128,208,2933,1056,1877,761,498,263,800,352,448,200,81,119,1704,617,1087
458,District-Guna,Total,16,10168,4804,5364,1769,1395,374,1491,747,744,377,173,204,3178,1118,2060,849,537,312,832,300,532,160,54,106,1512,480,1032
458,District-Guna,Total,17,9140,4218,4922,1828,1441,387,1325,719,606,355,168,187,2806,850,1956,801,469,332,708,220,488,141,44,97,1176,307,869
458,District-Guna,Total,18,18476,8447,10029,4237,3455,782,2618,1453,1165,591,258,333,4596,1267,3329,1959,1067,892,1853,453,1400,309,72,237,2313,422,1891
458,District-Guna,Total,19,12162,5146,7016,2898,2359,539,1594,845,749,302,123,179,3183,782,2401,1226,586,640,1206,231,975,184,30,154,1569,190,1379
458,District-Guna,Rural,5-19,105683,49699,55984,10761,8317,2444,8573,4325,4248,2201,876,1325,17124,5698,11426,5976,3201,2775,6474,1901,4573,1498,481,1017,53076,24900,28176
458,District-Guna,Rural,5,19528,10349,9179,5,4,1,1,1,0,3,2,1,158,84,74,105,67,38,108,61,47,33,18,15,19115,10112,9003
458,District-Guna,Rural,6,12835,6544,6291,4,2,2,6,3,3,5,3,2,236,133,103,87,43,44,65,28,37,23,10,13,12409,6322,6087
458,District-Guna,Rural,7,4307,2150,2157,9,5,4,3,0,3,1,0,1,190,91,99,38,20,18,28,11,17,24,9,15,4014,2014,2000
458,District-Guna,Rural,8,3221,1531,1690,13,7,6,9,5,4,3,2,1,267,129,138,41,23,18,42,24,18,19,2,17,2827,1339,1488
458,District-Guna,Rural,9,1850,865,985,28,16,12,8,2,6,3,1,2,222,107,115,18,7,11,37,9,28,36,19,17,1498,704,794
458,District-Guna,Rural,10,2954,1380,1574,49,30,19,29,16,13,12,2,10,377,174,203,72,37,35,88,33,55,44,17,27,2283,1071,1212
458,District-Guna,Rural,11,1884,869,1015,77,58,19,76,34,42,28,10,18,418,191,227,84,49,35,104,40,64,55,27,28,1042,460,582
458,District-Guna,Rural,12,3420,1561,1859,202,137,65,194,95,99,54,21,33,861,360,501,221,134,87,278,98,180,109,51,58,1501,665,836
458,District-Guna,Rural,13,2744,1159,1585,243,169,74,257,113,144,78,28,50,812,306,506,156,83,73,202,65,137,91,37,54,905,358,547
458,District-Guna,Rural,14,4495,1869,2626,488,337,151,486,219,267,185,54,131,1465,536,929,324,176,148,394,144,250,108,38,70,1045,365,680
458,District-Guna,Rural,15,7813,3569,4244,1070,801,269,1098,542,556,321,120,201,2357,818,1539,656,415,241,751,316,435,194,76,118,1366,481,885
458,District-Guna,Rural,16,8495,3898,4597,1453,1135,318,1379,674,705,356,157,199,2464,828,1636,730,435,295,779,265,514,157,51,106,1177,353,824
458,District-Guna,Rural,17,7387,3275,4112,1469,1117,352,1199,621,578,325,144,181,2020,565,1455,691,386,305,665,199,466,133,37,96,885,206,679
458,District-Guna,Rural,18,15132,6714,8418,3406,2713,693,2389,1268,1121,549,224,325,3230,866,2364,1679,855,824,1779,408,1371,295,63,232,1805,317,1488
458,District-Guna,Rural,19,9618,3966,5652,2245,1786,459,1439,732,707,278,108,170,2047,510,1537,1074,471,603,1154,200,954,177,26,151,1204,133,1071
458,District-Guna,Urban,5-19,25287,13206,12081,2612,2287,325,763,568,195,157,111,46,6047,2160,3887,969,731,238,376,234,142,49,37,12,14314,7078,7236
458,District-Guna,Urban,5,5193,2802,2391,3,2,1,0,0,0,0,0,0,56,27,29,24,12,12,19,10,9,0,0,0,5091,2751,2340
458,District-Guna,Urban,6,3680,1973,1707,2,2,0,1,1,0,0,0,0,70,36,34,27,14,13,13,5,8,0,0,0,3567,1915,1652
458,District-Guna,Urban,7,1223,629,594,2,2,0,1,1,0,0,0,0,70,42,28,16,9,7,5,4,1,0,0,0,1129,571,558
458,District-Guna,Urban,8,718,363,355,3,1,2,1,1,0,0,0,0,68,29,39,7,6,1,3,0,3,1,1,0,635,325,310
458,District-Guna,Urban,9,427,238,189,3,3,0,0,0,0,1,0,1,75,43,32,4,3,1,5,4,1,1,1,0,338,184,154
458,District-Guna,Urban,10,709,354,355,8,7,1,4,3,1,1,1,0,118,62,56,10,5,5,6,5,1,1,1,0,561,270,291
458,District-Guna,Urban,11,448,234,214,19,19,0,6,4,2,2,1,1,137,62,75,13,8,5,6,5,1,1,1,0,264,134,130
458,District-Guna,Urban,12,711,371,340,52,44,8,14,10,4,8,4,4,240,115,125,24,18,6,12,9,3,2,2,0,359,169,190
458,District-Guna,Urban,13,612,307,305,58,48,10,19,13,6,3,0,3,244,100,144,29,21,8,14,9,5,3,2,1,242,114,128
458,District-Guna,Urban,14,889,442,447,89,79,10,35,22,13,10,8,2,391,158,233,49,40,9,22,15,7,2,1,1,291,119,172
458,District-Guna,Urban,15,1363,731,632,214,181,33,60,44,16,15,8,7,576,238,338,105,83,22,49,36,13,6,5,1,338,136,202
458,District-Guna,Urban,16,1673,906,767,316,260,56,112,73,39,21,16,5,714,290,424,119,102,17,53,35,18,3,3,0,335,127,208
458,District-Guna,Urban,17,1753,943,810,359,324,35,126,98,28,30,24,6,786,285,501,110,83,27,43,21,22,8,7,1,291,101,190
458,District-Guna,Urban,18,3344,1733,1611,831,742,89,229,185,44,42,34,8,1366,401,965,280,212,68,74,45,29,14,9,5,508,105,403
458,District-Guna,Urban,19,2544,1180,1364,653,573,80,155,113,42,24,15,9,1136,272,864,152,115,37,52,31,21,7,4,3,365,57,308
459,District-Ashoknagar,Total,5-19,89231,45539,43692,10851,9388,1463,4620,3133,1487,1197,582,615,20732,6544,14188,3367,2281,1086,1858,861,997,496,164,332,46110,22586,23524
459,District-Ashoknagar,Total,5,17685,9432,8253,3,2,1,1,0,1,0,0,0,201,109,92,74,39,35,29,16,13,6,4,2,17371,9262,8109
459,District-Ashoknagar,Total,6,12748,6604,6144,5,2,3,2,1,1,0,0,0,226,105,121,71,38,33,29,13,16,9,4,5,12406,6441,5965
459,District-Ashoknagar,Total,7,4072,2115,1957,11,8,3,2,1,1,0,0,0,229,118,111,24,14,10,17,9,8,6,3,3,3783,1962,1821
459,District-Ashoknagar,Total,8,2290,1193,1097,10,7,3,2,1,1,1,0,1,240,134,106,21,13,8,17,8,9,3,1,2,1996,1029,967
459,District-Ashoknagar,Total,9,1329,687,642,8,7,1,5,2,3,3,2,1,224,118,106,24,17,7,5,4,1,5,2,3,1055,535,520
459,District-Ashoknagar,Total,10,2148,1107,1041,21,16,5,10,8,2,5,3,2,357,187,170,39,23,16,12,8,4,6,3,3,1698,859,839
459,District-Ashoknagar,Total,11,1319,650,669,70,58,12,38,22,16,7,2,5,388,182,206,43,28,15,24,10,14,8,1,7,741,347,394
459,District-Ashoknagar,Total,12,2084,1043,1041,154,133,21,79,47,32,24,13,11,799,346,453,107,75,32,61,30,31,24,12,12,836,387,449
459,District-Ashoknagar,Total,13,1906,904,1002,187,157,30,113,67,46,37,21,16,795,298,497,99,67,32,61,33,28,23,9,14,591,252,339
459,District-Ashoknagar,Total,14,3239,1441,1798,376,307,69,245,139,106,81,32,49,1529,520,1009,150,103,47,96,53,43,32,10,22,730,277,453
459,District-Ashoknagar,Total,15,5688,2840,2848,958,809,149,473,317,156,178,89,89,2578,868,1710,327,254,73,194,121,73,65,34,31,915,348,567
459,District-Ashoknagar,Total,16,6865,3541,3324,1445,1232,213,690,454,236,204,91,113,3001,993,2008,399,314,85,227,133,94,53,20,33,846,304,542
459,District-Ashoknagar,Total,17,6530,3242,3288,1535,1326,209,668,488,180,179,88,91,2769,758,2011,395,286,109,223,115,108,50,13,37,711,168,543
459,District-Ashoknagar,Total,18,12707,6558,6149,3565,3113,452,1446,1000,446,301,158,143,4427,1155,3272,972,642,330,497,193,304,111,28,83,1388,269,1119
459,District-Ashoknagar,Total,19,8621,4182,4439,2503,2211,292,846,586,260,177,83,94,2969,653,2316,622,368,254,366,115,251,95,20,75,1043,146,897
459,District-Ashoknagar,Rural,5-19,75871,38420,37451,9192,7994,1198,4291,2869,1422,1119,533,586,17223,5196,12027,2845,1871,974,1758,789,969,468,151,317,38975,19017,19958
459,District-Ashoknagar,Rural,5,15115,8085,7030,3,2,1,0,0,0,0,0,0,153,81,72,60,34,26,26,14,12,5,4,1,14868,7950,6918
459,District-Ashoknagar,Rural,6,10846,5593,5253,4,1,3,2,1,1,0,0,0,185,86,99,56,32,24,25,11,14,2,2,0,10572,5460,5112
459,District-Ashoknagar,Rural,7,3423,1776,1647,10,8,2,2,1,1,0,0,0,182,99,83,19,10,9,13,7,6,4,3,1,3193,1648,1545
459,District-Ashoknagar,Rural,8,1893,974,919,8,6,2,2,1,1,1,0,1,189,103,86,16,9,7,16,8,8,2,0,2,1659,847,812
459,District-Ashoknagar,Rural,9,1079,559,520,6,5,1,5,2,3,2,1,1,176,93,83,20,15,5,3,2,1,5,2,3,862,439,423
459,District-Ashoknagar,Rural,10,1769,923,846,19,15,4,9,7,2,4,2,2,285,157,128,33,19,14,11,7,4,5,2,3,1403,714,689
459,District-Ashoknagar,Rural,11,1082,516,566,58,48,10,31,18,13,6,2,4,306,136,170,34,21,13,23,9,14,8,1,7,616,281,335
459,District-Ashoknagar,Rural,12,1674,835,839,131,115,16,70,41,29,22,12,10,630,261,369,90,65,25,59,29,30,23,11,12,649,301,348
459,District-Ashoknagar,Rural,13,1574,747,827,162,135,27,106,63,43,33,19,14,663,242,421,87,58,29,56,29,27,22,9,13,445,192,253
459,District-Ashoknagar,Rural,14,2721,1146,1575,312,247,65,217,112,105,78,29,49,1296,421,875,122,80,42,90,49,41,31,9,22,575,199,376
459,District-Ashoknagar,Rural,15,4912,2433,2479,834,700,134,447,301,146,170,84,86,2215,714,1501,266,207,59,182,110,72,63,33,30,735,284,451
459,District-Ashoknagar,Rural,16,5956,3013,2943,1230,1050,180,653,426,227,188,81,107,2591,810,1781,338,265,73,218,128,90,52,19,33,686,234,452
459,District-Ashoknagar,Rural,17,5560,2742,2818,1321,1159,162,602,433,169,169,82,87,2284,595,1689,324,227,97,205,101,104,49,13,36,606,132,474
459,District-Ashoknagar,Rural,18,10911,5560,5351,3004,2635,369,1352,917,435,279,145,134,3663,911,2752,837,528,309,480,182,298,108,27,81,1188,215,973
459,District-Ashoknagar,Rural,19,7356,3518,3838,2090,1868,222,793,546,247,167,76,91,2405,487,1918,543,301,242,351,103,248,89,16,73,918,121,797
459,District-Ashoknagar,Urban,5-19,13360,7119,6241,1659,1394,265,329,264,65,78,49,29,3509,1348,2161,522,410,112,100,72,28,28,13,15,7135,3569,3566
459,District-Ashoknagar,Urban,5,2570,1347,1223,0,0,0,1,0,1,0,0,0,48,28,20,14,5,9,3,2,1,1,0,1,2503,1312,1191
459,District-Ashoknagar,Urban,6,1902,1011,891,1,1,0,0,0,0,0,0,0,41,19,22,15,6,9,4,2,2,7,2,5,1834,981,853
459,District-Ashoknagar,Urban,7,649,339,310,1,0,1,0,0,0,0,0,0,47,19,28,5,4,1,4,2,2,2,0,2,590,314,276
459,District-Ashoknagar,Urban,8,397,219,178,2,1,1,0,0,0,0,0,0,51,31,20,5,4,1,1,0,1,1,1,0,337,182,155
459,District-Ashoknagar,Urban,9,250,128,122,2,2,0,0,0,0,1,1,0,48,25,23,4,2,2,2,2,0,0,0,0,193,96,97
459,District-Ashoknagar,Urban,10,379,184,195,2,1,1,1,1,0,1,1,0,72,30,42,6,4,2,1,1,0,1,1,0,295,145,150
459,District-Ashoknagar,Urban,11,237,134,103,12,10,2,7,4,3,1,0,1,82,46,36,9,7,2,1,1,0,0,0,0,125,66,59
459,District-Ashoknagar,Urban,12,410,208,202,23,18,5,9,6,3,2,1,1,169,85,84,17,10,7,2,1,1,1,1,0,187,86,101
459,District-Ashoknagar,Urban,13,332,157,175,25,22,3,7,4,3,4,2,2,132,56,76,12,9,3,5,4,1,1,0,1,146,60,86
459,District-Ashoknagar,Urban,14,518,295,223,64,60,4,28,27,1,3,3,0,233,99,134,28,23,5,6,4,2,1,1,0,155,78,77
459,District-Ashoknagar,Urban,15,776,407,369,124,109,15,26,16,10,8,5,3,363,154,209,61,47,14,12,11,1,2,1,1,180,64,116
459,District-Ashoknagar,Urban,16,909,528,381,215,182,33,37,28,9,16,10,6,410,183,227,61,49,12,9,5,4,1,1,0,160,70,90
459,District-Ashoknagar,Urban,17,970,500,470,214,167,47,66,55,11,10,6,4,485,163,322,71,59,12,18,14,4,1,0,1,105,36,69
459,District-Ashoknagar,Urban,18,1796,998,798,561,478,83,94,83,11,22,13,9,764,244,520,135,114,21,17,11,6,3,1,2,200,54,146
459,District-Ashoknagar,Urban,19,1265,664,601,413,343,70,53,40,13,10,7,3,564,166,398,79,67,12,15,12,3,6,4,2,125,25,100
460,District-Shahdol,Total,5-19,88719,45592,43127,8425,5909,2516,12009,6906,5103,3659,1907,1752,16919,7321,9598,2875,1436,1439,4104,1676,2428,1099,377,722,39629,20060,19569
460,District-Shahdol,Total,5,19050,9981,9069,6,4,2,9,6,3,1,0,1,233,124,109,149,99,50,174,98,76,35,11,24,18443,9639,8804
460,District-Shahdol,Total,6,10580,5637,4943,2,1,1,7,3,4,0,0,0,270,140,130,84,45,39,94,45,49,15,6,9,10108,5397,4711
460,District-Shahdol,Total,7,2919,1484,1435,15,8,7,17,9,8,0,0,0,232,124,108,47,24,23,29,12,17,8,4,4,2571,1303,1268
460,District-Shahdol,Total,8,1517,739,778,27,10,17,23,9,14,1,1,0,253,121,132,34,15,19,22,13,9,3,1,2,1154,569,585
460,District-Shahdol,Total,9,1095,555,540,24,11,13,18,8,10,5,2,3,268,138,130,31,17,14,17,6,11,8,2,6,724,371,353
460,District-Shahdol,Total,10,1927,997,930,40,16,24,49,33,16,9,3,6,417,221,196,46,25,21,38,22,16,12,7,5,1316,670,646
460,District-Shahdol,Total,11,1364,705,659,90,65,25,77,41,36,22,16,6,419,202,217,46,31,15,55,24,31,29,11,18,626,315,311
460,District-Shahdol,Total,12,1872,1034,838,138,100,38,210,142,68,64,41,23,633,330,303,82,43,39,118,51,67,47,19,28,580,308,272
460,District-Shahdol,Total,13,2065,1082,983,169,126,43,281,163,118,113,62,51,799,408,391,96,51,45,119,54,65,37,10,27,451,208,243
460,District-Shahdol,Total,14,3049,1656,1393,338,239,99,494,285,209,221,116,105,1126,595,531,118,64,54,197,90,107,52,23,29,503,244,259
460,District-Shahdol,Total,15,5148,2782,2366,672,487,185,1009,614,395,378,219,159,1728,833,895,251,136,115,380,185,195,115,50,65,615,258,357
460,District-Shahdol,Total,16,6710,3652,3058,1008,748,260,1550,928,622,519,281,238,2154,1005,1149,290,171,119,442,206,236,131,56,75,616,257,359
460,District-Shahdol,Total,17,7422,3891,3531,1312,953,359,1898,1145,753,563,295,268,2250,926,1324,318,157,161,470,203,267,140,48,92,471,164,307
460,District-Shahdol,Total,18,12720,6166,6554,2422,1667,755,3305,1856,1449,968,485,483,3253,1175,2078,695,308,387,1022,388,634,234,69,165,821,218,603
460,District-Shahdol,Total,19,11281,5231,6050,2162,1474,688,3062,1664,1398,795,386,409,2884,979,1905,588,250,338,927,279,648,233,60,173,630,139,491
460,District-Shahdol,Rural,5-19,74443,37830,36613,7243,4910,2333,11443,6464,4979,3484,1783,1701,12340,5320,7020,2649,1290,1359,3884,1536,2348,1043,342,701,32357,16185,16172
460,District-Shahdol,Rural,5,15884,8237,7647,5,4,1,7,4,3,1,0,1,158,86,72,135,91,44,155,85,70,35,11,24,15388,7956,7432
460,District-Shahdol,Rural,6,8391,4383,4008,2,1,1,7,3,4,0,0,0,197,100,97,79,42,37,89,42,47,13,4,9,8004,4191,3813
460,District-Shahdol,Rural,7,2369,1201,1168,10,5,5,17,9,8,0,0,0,184,98,86,44,23,21,28,11,17,6,2,4,2080,1053,1027
460,District-Shahdol,Rural,8,1267,622,645,26,9,17,23,9,14,1,1,0,208,103,105,34,15,19,21,12,9,3,1,2,951,472,479
460,District-Shahdol,Rural,9,915,457,458,22,10,12,18,8,10,5,2,3,227,118,109,29,16,13,17,6,11,8,2,6,589,295,294
460,District-Shahdol,Rural,10,1649,846,803,37,14,23,47,32,15,9,3,6,332,176,156,45,25,20,36,20,16,12,7,5,1131,569,562
460,District-Shahdol,Rural,11,1140,587,553,72,50,22,71,35,36,22,16,6,338,167,171,41,27,14,52,21,31,25,8,17,519,263,256
460,District-Shahdol,Rural,12,1579,868,711,113,79,34,200,135,65,63,41,22,502,260,242,77,42,35,111,48,63,45,19,26,468,244,224
460,District-Shahdol,Rural,13,1749,895,854,143,101,42,265,150,115,109,62,47,630,312,318,88,45,43,112,48,64,34,8,26,368,169,199
460,District-Shahdol,Rural,14,2606,1415,1191,294,208,86,478,276,202,213,111,102,871,459,412,109,58,51,188,83,105,46,19,27,407,201,206
460,District-Shahdol,Rural,15,4444,2394,2050,585,412,173,961,583,378,361,206,155,1351,652,699,228,123,105,359,175,184,110,49,61,489,194,295
460,District-Shahdol,Rural,16,5755,3119,2636,876,636,240,1476,868,608,496,265,231,1604,753,851,266,151,115,408,185,223,127,52,75,502,209,293
460,District-Shahdol,Rural,17,6296,3276,3020,1123,801,322,1800,1067,733,533,271,262,1616,648,968,292,141,151,447,188,259,130,44,86,355,116,239
460,District-Shahdol,Rural,18,10826,5160,5666,2078,1369,709,3144,1723,1421,916,446,470,2226,781,1445,645,275,370,968,357,611,225,63,162,624,146,478
460,District-Shahdol,Rural,19,9573,4370,5203,1857,1211,646,2929,1562,1367,755,359,396,1896,607,1289,537,216,321,893,255,638,224,53,171,482,107,375
460,District-Shahdol,Urban,5-19,14276,7762,6514,1182,999,183,566,442,124,175,124,51,4579,2001,2578,226,146,80,220,140,80,56,35,21,7272,3875,3397
460,District-Shahdol,Urban,5,3166,1744,1422,1,0,1,2,2,0,0,0,0,75,38,37,14,8,6,19,13,6,0,0,0,3055,1683,1372
460,District-Shahdol,Urban,6,2189,1254,935,0,0,0,0,0,0,0,0,0,73,40,33,5,3,2,5,3,2,2,2,0,2104,1206,898
460,District-Shahdol,Urban,7,550,283,267,5,3,2,0,0,0,0,0,0,48,26,22,3,1,2,1,1,0,2,2,0,491,250,241
460,District-Shahdol,Urban,8,250,117,133,1,1,0,0,0,0,0,0,0,45,18,27,0,0,0,1,1,0,0,0,0,203,97,106
460,District-Shahdol,Urban,9,180,98,82,2,1,1,0,0,0,0,0,0,41,20,21,2,1,1,0,0,0,0,0,0,135,76,59
460,District-Shahdol,Urban,10,278,151,127,3,2,1,2,1,1,0,0,0,85,45,40,1,0,1,2,2,0,0,0,0,185,101,84
460,District-Shahdol,Urban,11,224,118,106,18,15,3,6,6,0,0,0,0,81,35,46,5,4,1,3,3,0,4,3,1,107,52,55
460,District-Shahdol,Urban,12,293,166,127,25,21,4,10,7,3,1,0,1,131,70,61,5,1,4,7,3,4,2,0,2,112,64,48
460,District-Shahdol,Urban,13,316,187,129,26,25,1,16,13,3,4,0,4,169,96,73,8,6,2,7,6,1,3,2,1,83,39,44
460,District-Shahdol,Urban,14,443,241,202,44,31,13,16,9,7,8,5,3,255,136,119,9,6,3,9,7,2,6,4,2,96,43,53
460,District-Shahdol,Urban,15,704,388,316,87,75,12,48,31,17,17,13,4,377,181,196,23,13,10,21,10,11,5,1,4,126,64,62
460,District-Shahdol,Urban,16,955,533,422,132,112,20,74,60,14,23,16,7,550,252,298,24,20,4,34,21,13,4,4,0,114,48,66
460,District-Shahdol,Urban,17,1126,615,511,189,152,37,98,78,20,30,24,6,634,278,356,26,16,10,23,15,8,10,4,6,116,48,68
460,District-Shahdol,Urban,18,1894,1006,888,344,298,46,161,133,28,52,39,13,1027,394,633,50,33,17,54,31,23,9,6,3,197,72,125
460,District-Shahdol,Urban,19,1708,861,847,305,263,42,133,102,31,40,27,13,988,372,616,51,34,17,34,24,10,9,7,2,148,32,116
461,District-Anuppur,Total,5-19,57972,29770,28202,7836,5283,2553,6028,3426,2602,1926,1012,914,11291,4565,6726,2582,1277,1305,1842,766,1076,514,211,303,25953,13230,12723
461,District-Anuppur,Total,5,12419,6560,5859,2,1,1,4,4,0,0,0,0,138,69,69,89,40,49,65,29,36,16,5,11,12105,6412,5693
461,District-Anuppur,Total,6,7574,3977,3597,0,0,0,1,1,0,1,1,0,172,88,84,69,42,27,37,15,22,16,13,3,7278,3817,3461
461,District-Anuppur,Total,7,2038,1034,1004,14,6,8,1,0,1,2,1,1,136,64,72,27,11,16,21,13,8,15,6,9,1822,933,889
461,District-Anuppur,Total,8,906,454,452,18,11,7,10,8,2,1,1,0,157,75,82,16,6,10,9,3,6,7,5,2,688,345,343
461,District-Anuppur,Total,9,626,326,300,10,4,6,4,1,3,5,0,5,149,68,81,20,9,11,4,1,3,7,5,2,427,238,189
461,District-Anuppur,Total,10,1010,547,463,26,21,5,14,9,5,11,6,5,210,110,100,26,13,13,14,10,4,14,8,6,695,370,325
461,District-Anuppur,Total,11,810,415,395,84,59,25,50,24,26,16,10,6,229,114,115,47,25,22,29,11,18,12,7,5,343,165,178
461,District-Anuppur,Total,12,1110,585,525,151,96,55,103,63,40,45,26,19,377,185,192,88,51,37,51,29,22,15,7,8,280,128,152
461,District-Anuppur,Total,13,1267,642,625,207,123,84,131,76,55,55,30,25,456,214,242,91,48,43,66,33,33,28,14,14,233,104,129
461,District-Anuppur,Total,14,2021,1079,942,361,242,119,283,164,119,117,59,58,668,336,332,154,87,67,98,47,51,32,17,15,308,127,181
461,District-Anuppur,Total,15,3384,1856,1528,689,465,224,568,348,220,189,115,74,1081,497,584,263,155,108,172,94,78,50,26,24,372,156,216
461,District-Anuppur,Total,16,4390,2340,2050,951,689,262,805,462,343,303,170,133,1424,618,806,274,153,121,195,91,104,72,26,46,366,131,235
461,District-Anuppur,Total,17,4809,2527,2282,1172,829,343,971,571,400,308,159,149,1524,622,902,283,148,135,229,85,144,61,20,41,261,93,168
461,District-Anuppur,Total,18,8057,4008,4049,2166,1453,713,1538,886,652,441,234,207,2364,820,1544,606,289,317,427,180,247,82,27,55,433,119,314
461,District-Anuppur,Total,19,7551,3420,4131,1985,1284,701,1545,809,736,432,200,232,2206,685,1521,529,200,329,425,125,300,87,25,62,342,92,250
461,District-Anuppur,Rural,5-19,44500,22754,21746,6618,4220,2398,5606,3111,2495,1780,898,882,6616,2634,3982,2310,1093,1217,1742,711,1031,486,194,292,19342,9893,9449
461,District-Anuppur,Rural,5,9574,5055,4519,2,1,1,2,2,0,0,0,0,106,52,54,78,33,45,56,25,31,16,5,11,9314,4937,4377
461,District-Anuppur,Rural,6,5553,2880,2673,0,0,0,1,1,0,1,1,0,133,68,65,60,36,24,35,15,20,15,13,2,5308,2746,2562
461,District-Anuppur,Rural,7,1594,811,783,14,6,8,1,0,1,2,1,1,104,46,58,25,9,16,19,11,8,14,5,9,1415,733,682
461,District-Anuppur,Rural,8,704,357,347,15,8,7,10,8,2,0,0,0,118,57,61,14,5,9,8,3,5,6,4,2,533,272,261
461,District-Anuppur,Rural,9,487,259,228,10,4,6,4,1,3,5,0,5,108,49,59,18,8,10,4,1,3,7,5,2,331,191,140
461,District-Anuppur,Rural,10,773,426,347,24,19,5,10,6,4,10,5,5,156,80,76,26,13,13,14,10,4,13,7,6,520,286,234
461,District-Anuppur,Rural,11,620,316,304,74,49,25,47,22,25,16,10,6,150,75,75,45,24,21,27,10,17,10,5,5,251,121,130
461,District-Anuppur,Rural,12,862,458,404,138,85,53,96,56,40,40,23,17,255,131,124,83,47,36,48,27,21,15,7,8,187,82,105
461,District-Anuppur,Rural,13,975,490,485,178,101,77,126,74,52,50,26,24,290,132,158,83,45,38,66,33,33,25,13,12,157,66,91
461,District-Anuppur,Rural,14,1605,861,744,319,206,113,267,156,111,111,56,55,431,220,211,138,75,63,95,47,48,31,17,14,213,84,129
461,District-Anuppur,Rural,15,2660,1457,1203,593,383,210,523,313,210,175,104,71,679,313,366,239,136,103,163,90,73,46,23,23,242,95,147
461,District-Anuppur,Rural,16,3427,1814,1613,800,552,248,754,424,330,281,151,130,860,362,498,245,131,114,186,85,101,69,23,46,232,86,146
461,District-Anuppur,Rural,17,3720,1953,1767,984,667,317,897,513,384,286,141,145,864,349,515,247,126,121,214,75,139,59,19,40,169,63,106
461,District-Anuppur,Rural,18,6170,3041,3129,1800,1133,667,1430,801,629,403,205,198,1258,406,852,532,236,296,403,166,237,78,24,54,266,70,196
461,District-Anuppur,Rural,19,5776,2576,3200,1667,1006,661,1438,734,704,400,175,225,1104,294,810,477,169,308,404,113,291,82,24,58,204,61,143
461,District-Anuppur,Urban,5-19,13472,7016,6456,1218,1063,155,422,315,107,146,114,32,4675,1931,2744,272,184,88,100,55,45,28,17,11,6611,3337,3274
461,District-Anuppur,Urban,5,2845,1505,1340,0,0,0,2,2,0,0,0,0,32,17,15,11,7,4,9,4,5,0,0,0,2791,1475,1316
461,District-Anuppur,Urban,6,2021,1097,924,0,0,0,0,0,0,0,0,0,39,20,19,9,6,3,2,0,2,1,0,1,1970,1071,899
461,District-Anuppur,Urban,7,444,223,221,0,0,0,0,0,0,0,0,0,32,18,14,2,2,0,2,2,0,1,1,0,407,200,207
461,District-Anuppur,Urban,8,202,97,105,3,3,0,0,0,0,1,1,0,39,18,21,2,1,1,1,0,1,1,1,0,155,73,82
461,District-Anuppur,Urban,9,139,67,72,0,0,0,0,0,0,0,0,0,41,19,22,2,1,1,0,0,0,0,0,0,96,47,49
461,District-Anuppur,Urban,10,237,121,116,2,2,0,4,3,1,1,1,0,54,30,24,0,0,0,0,0,0,1,1,0,175,84,91
461,District-Anuppur,Urban,11,190,99,91,10,10,0,3,2,1,0,0,0,79,39,40,2,1,1,2,1,1,2,2,0,92,44,48
461,District-Anuppur,Urban,12,248,127,121,13,11,2,7,7,0,5,3,2,122,54,68,5,4,1,3,2,1,0,0,0,93,46,47
461,District-Anuppur,Urban,13,292,152,140,29,22,7,5,2,3,5,4,1,166,82,84,8,3,5,0,0,0,3,1,2,76,38,38
461,District-Anuppur,Urban,14,416,218,198,42,36,6,16,8,8,6,3,3,237,116,121,16,12,4,3,0,3,1,0,1,95,43,52
461,District-Anuppur,Urban,15,724,399,325,96,82,14,45,35,10,14,11,3,402,184,218,24,19,5,9,4,5,4,3,1,130,61,69
461,District-Anuppur,Urban,16,963,526,437,151,137,14,51,38,13,22,19,3,564,256,308,29,22,7,9,6,3,3,3,0,134,45,89
461,District-Anuppur,Urban,17,1089,574,515,188,162,26,74,58,16,22,18,4,660,273,387,36,22,14,15,10,5,2,1,1,92,30,62
461,District-Anuppur,Urban,18,1887,967,920,366,320,46,108,85,23,38,29,9,1106,414,692,74,53,21,24,14,10,4,3,1,167,49,118
461,District-Anuppur,Urban,19,1775,844,931,318,278,40,107,75,32,32,25,7,1102,391,711,52,31,21,21,12,9,5,1,4,138,31,107
462,District-Sidhi,Total,5-19,108401,56625,51776,11310,8466,2844,9976,6149,3827,3275,1905,1370,19433,7893,11540,3794,1992,1802,3605,1465,2140,1116,434,682,55892,28321,27571
462,District-Sidhi,Total,5,24533,13133,11400,4,4,0,7,5,2,1,1,0,193,101,92,170,93,77,104,54,50,17,11,6,24037,12864,11173
462,District-Sidhi,Total,6,15345,8158,7187,6,5,1,10,4,6,1,1,0,230,114,116,103,70,33,87,43,44,25,11,14,14883,7910,6973
462,District-Sidhi,Total,7,4858,2473,2385,19,9,10,8,7,1,3,3,0,231,100,131,50,26,24,39,22,17,7,6,1,4501,2300,2201
462,District-Sidhi,Total,8,2474,1289,1185,17,8,9,5,3,2,1,1,0,231,120,111,28,11,17,29,15,14,9,4,5,2154,1127,1027
462,District-Sidhi,Total,9,1496,745,751,18,11,7,10,9,1,3,2,1,260,130,130,43,21,22,37,18,19,7,5,2,1118,549,569
462,District-Sidhi,Total,10,2279,1177,1102,28,15,13,34,19,15,9,7,2,400,206,194,64,37,27,56,24,32,25,12,13,1663,857,806
462,District-Sidhi,Total,11,1600,831,769,79,53,26,75,45,30,24,14,10,455,228,227,78,50,28,77,36,41,19,9,10,793,396,397
462,District-Sidhi,Total,12,2215,1177,1038,202,141,61,150,103,47,55,35,20,662,326,336,117,66,51,123,56,67,35,26,9,871,424,447
462,District-Sidhi,Total,13,2197,1126,1071,192,135,57,183,106,77,76,36,40,768,402,366,117,53,64,135,65,70,29,15,14,697,314,383
462,District-Sidhi,Total,14,3369,1787,1582,402,290,112,393,242,151,159,103,56,1242,612,630,201,111,90,195,92,103,68,35,33,709,302,407
462,District-Sidhi,Total,15,5888,3334,2554,892,667,225,906,591,315,348,225,123,1925,970,955,402,258,144,346,165,181,121,53,68,948,405,543
462,District-Sidhi,Total,16,7326,3954,3372,1352,1007,345,1333,825,508,460,270,190,2449,1087,1362,404,245,159,375,176,199,133,51,82,820,293,527
462,District-Sidhi,Total,17,7953,4272,3681,1739,1327,412,1519,934,585,517,308,209,2625,1070,1555,367,209,158,405,163,242,140,51,89,641,210,431
462,District-Sidhi,Total,18,15406,7897,7509,3580,2744,836,3072,1922,1150,954,569,385,4562,1523,3039,944,465,479,890,334,556,274,89,185,1130,251,879
462,District-Sidhi,Total,19,11462,5272,6190,2780,2050,730,2271,1334,937,664,330,334,3200,904,2296,706,277,429,707,202,505,207,56,151,927,119,808
462,District-Sidhi,Rural,5-19,101323,52848,48475,10378,7711,2667,9708,5955,3753,3202,1861,1341,17798,7275,10523,3531,1840,1691,3526,1423,2103,1102,426,676,52078,26357,25721
462,District-Sidhi,Rural,5,22855,12236,10619,3,3,0,7,5,2,1,1,0,182,97,85,165,90,75,100,51,49,17,11,6,22380,11978,10402
462,District-Sidhi,Rural,6,14259,7571,6688,6,5,1,10,4,6,1,1,0,218,108,110,101,70,31,83,40,43,25,11,14,13815,7332,6483
462,District-Sidhi,Rural,7,4582,2332,2250,18,8,10,8,7,1,3,3,0,214,94,120,45,24,21,38,21,17,7,6,1,4249,2169,2080
462,District-Sidhi,Rural,8,2304,1205,1099,16,7,9,5,3,2,1,1,0,210,106,104,26,10,16,29,15,14,9,4,5,2008,1059,949
462,District-Sidhi,Rural,9,1413,696,717,18,11,7,10,9,1,3,2,1,238,118,120,43,21,22,37,18,19,7,5,2,1057,512,545
462,District-Sidhi,Rural,10,2124,1095,1029,28,15,13,33,18,15,8,6,2,368,190,178,62,35,27,50,23,27,24,12,12,1551,796,755
462,District-Sidhi,Rural,11,1508,777,731,71,48,23,75,45,30,23,13,10,429,213,216,72,45,27,76,35,41,17,8,9,745,370,375
462,District-Sidhi,Rural,12,2065,1099,966,183,129,54,148,102,46,55,35,20,606,299,307,110,62,48,119,53,66,34,26,8,810,393,417
462,District-Sidhi,Rural,13,2039,1045,994,174,119,55,175,100,75,74,35,39,705,375,330,108,49,59,126,61,65,29,15,14,648,291,357
462,District-Sidhi,Rural,14,3153,1672,1481,367,266,101,386,237,149,159,103,56,1151,567,584,181,98,83,189,86,103,66,34,32,654,281,373
462,District-Sidhi,Rural,15,5503,3115,2388,817,608,209,868,562,306,339,219,120,1790,910,880,367,231,136,335,162,173,120,52,68,867,371,496
462,District-Sidhi,Rural,16,6868,3690,3178,1237,913,324,1303,804,499,448,261,187,2240,996,1244,372,224,148,370,172,198,131,49,82,767,271,496
462,District-Sidhi,Rural,17,7471,4015,3456,1613,1227,386,1481,906,575,501,299,202,2404,991,1413,336,192,144,397,157,240,139,51,88,600,192,408
462,District-Sidhi,Rural,18,14430,7380,7050,3282,2489,793,2982,1860,1122,934,557,377,4147,1392,2755,879,431,448,880,330,550,270,86,184,1056,235,821
462,District-Sidhi,Rural,19,10749,4920,5829,2545,1863,682,2217,1293,924,652,325,327,2896,819,2077,664,258,406,697,199,498,207,56,151,871,107,764
462,District-Sidhi,Urban,5-19,7078,3777,3301,932,755,177,268,194,74,73,44,29,1635,618,1017,263,152,111,79,42,37,14,8,6,3814,1964,1850
462,District-Sidhi,Urban,5,1678,897,781,1,1,0,0,0,0,0,0,0,11,4,7,5,3,2,4,3,1,0,0,0,1657,886,771
462,District-Sidhi,Urban,6,1086,587,499,0,0,0,0,0,0,0,0,0,12,6,6,2,0,2,4,3,1,0,0,0,1068,578,490
462,District-Sidhi,Urban,7,276,141,135,1,1,0,0,0,0,0,0,0,17,6,11,5,2,3,1,1,0,0,0,0,252,131,121
462,District-Sidhi,Urban,8,170,84,86,1,1,0,0,0,0,0,0,0,21,14,7,2,1,1,0,0,0,0,0,0,146,68,78
462,District-Sidhi,Urban,9,83,49,34,0,0,0,0,0,0,0,0,0,22,12,10,0,0,0,0,0,0,0,0,0,61,37,24
462,District-Sidhi,Urban,10,155,82,73,0,0,0,1,1,0,1,1,0,32,16,16,2,2,0,6,1,5,1,0,1,112,61,51
462,District-Sidhi,Urban,11,92,54,38,8,5,3,0,0,0,1,1,0,26,15,11,6,5,1,1,1,0,2,1,1,48,26,22
462,District-Sidhi,Urban,12,150,78,72,19,12,7,2,1,1,0,0,0,56,27,29,7,4,3,4,3,1,1,0,1,61,31,30
462,District-Sidhi,Urban,13,158,81,77,18,16,2,8,6,2,2,1,1,63,27,36,9,4,5,9,4,5,0,0,0,49,23,26
462,District-Sidhi,Urban,14,216,115,101,35,24,11,7,5,2,0,0,0,91,45,46,20,13,7,6,6,0,2,1,1,55,21,34
462,District-Sidhi,Urban,15,385,219,166,75,59,16,38,29,9,9,6,3,135,60,75,35,27,8,11,3,8,1,1,0,81,34,47
462,District-Sidhi,Urban,16,458,264,194,115,94,21,30,21,9,12,9,3,209,91,118,32,21,11,5,4,1,2,2,0,53,22,31
462,District-Sidhi,Urban,17,482,257,225,126,100,26,38,28,10,16,9,7,221,79,142,31,17,14,8,6,2,1,0,1,41,18,23
462,District-Sidhi,Urban,18,976,517,459,298,255,43,90,62,28,20,12,8,415,131,284,65,34,31,10,4,6,4,3,1,74,16,58
462,District-Sidhi,Urban,19,713,352,361,235,187,48,54,41,13,12,5,7,304,85,219,42,19,23,10,3,7,0,0,0,56,12,44
463,District-Singrauli,Total,5-19,128219,63831,64388,13580,9893,3687,8915,4943,3972,1636,882,754,17096,7258,9838,7754,3381,4373,6218,1925,4293,1149,365,784,71871,35184,36687
463,District-Singrauli,Total,5,26779,14274,12505,11,9,2,4,2,2,1,1,0,199,107,92,169,89,80,102,54,48,25,11,14,26268,14001,12267
463,District-Singrauli,Total,6,18175,9536,8639,11,8,3,3,2,1,0,0,0,247,123,124,135,72,63,105,35,70,18,11,7,17656,9285,8371
463,District-Singrauli,Total,7,6118,3120,2998,19,9,10,6,3,3,0,0,0,277,129,148,78,35,43,60,25,35,11,9,2,5667,2910,2757
463,District-Singrauli,Total,8,4114,2006,2108,29,15,14,15,8,7,4,2,2,370,174,196,79,39,40,57,30,27,14,5,9,3546,1733,1813
463,District-Singrauli,Total,9,2505,1205,1300,22,11,11,8,4,4,3,2,1,316,162,154,73,36,37,57,22,35,13,6,7,2013,962,1051
463,District-Singrauli,Total,10,4140,2052,2088,52,31,21,26,16,10,3,1,2,547,285,262,132,68,64,87,44,43,24,12,12,3269,1595,1674
463,District-Singrauli,Total,11,2712,1302,1410,133,97,36,67,37,30,17,7,10,525,256,269,152,78,74,122,48,74,22,9,13,1674,770,904
463,District-Singrauli,Total,12,3628,1706,1922,243,166,77,146,79,67,25,11,14,914,479,435,241,120,121,215,74,141,51,13,38,1793,764,1029
463,District-Singrauli,Total,13,3319,1499,1820,265,187,78,220,117,103,56,28,28,904,423,481,257,103,154,202,62,140,55,19,36,1360,560,800
463,District-Singrauli,Total,14,4709,2132,2577,523,362,161,462,241,221,105,47,58,1338,612,726,390,173,217,345,128,217,75,28,47,1471,541,930
463,District-Singrauli,Total,15,7186,3582,3604,1081,795,286,855,491,364,188,104,84,1903,909,994,706,355,351,654,253,401,156,50,106,1643,625,1018
463,District-Singrauli,Total,16,8577,4144,4433,1558,1122,436,1264,709,555,260,141,119,2140,928,1212,901,424,477,789,275,514,139,46,93,1526,499,1027
463,District-Singrauli,Total,17,8004,3997,4007,1829,1355,474,1294,747,547,250,136,114,1953,811,1142,811,385,426,677,203,474,117,29,88,1073,331,742
463,District-Singrauli,Total,18,16123,7789,8334,4297,3165,1132,2569,1436,1133,438,254,184,3189,1147,2042,2070,856,1214,1564,444,1120,258,78,180,1738,409,1329
463,District-Singrauli,Total,19,12130,5487,6643,3507,2561,946,1976,1051,925,286,148,138,2274,713,1561,1560,548,1012,1182,228,954,171,39,132,1174,199,975
463,District-Singrauli,Rural,5-19,108291,53542,54749,12084,8581,3503,8394,4564,3830,1542,819,723,12652,5411,7241,7199,3020,4179,5949,1793,4156,1084,327,757,59387,29027,30360
463,District-Singrauli,Rural,5,22776,12137,10639,6,5,1,2,1,1,0,0,0,147,85,62,139,73,66,83,46,37,22,10,12,22377,11917,10460
463,District-Singrauli,Rural,6,14852,7763,7089,9,7,2,3,2,1,0,0,0,182,90,92,116,65,51,82,26,56,18,11,7,14442,7562,6880
463,District-Singrauli,Rural,7,4949,2514,2435,14,7,7,6,3,3,0,0,0,201,97,104,67,27,40,52,24,28,8,7,1,4601,2349,2252
463,District-Singrauli,Rural,8,3354,1597,1757,19,8,11,13,7,6,4,2,2,277,127,150,70,34,36,50,25,25,12,4,8,2909,1390,1519
463,District-Singrauli,Rural,9,2022,971,1051,20,10,10,7,3,4,2,2,0,241,124,117,66,34,32,49,19,30,12,5,7,1625,774,851
463,District-Singrauli,Rural,10,3435,1684,1751,43,24,19,25,15,10,3,1,2,412,226,186,124,63,61,79,39,40,21,11,10,2728,1305,1423
463,District-Singrauli,Rural,11,2216,1064,1152,112,83,29,61,34,27,16,7,9,404,195,209,132,64,68,116,46,70,22,9,13,1353,626,727
463,District-Singrauli,Rural,12,3055,1447,1608,208,139,69,137,75,62,23,10,13,728,385,343,233,115,118,210,72,138,50,12,38,1466,639,827
463,District-Singrauli,Rural,13,2707,1211,1496,218,149,69,206,110,96,53,27,26,680,317,363,236,95,141,195,60,135,50,18,32,1069,435,634
463,District-Singrauli,Rural,14,3936,1786,2150,448,301,147,432,222,210,98,45,53,1025,486,539,366,161,205,334,123,211,71,25,46,1162,423,739
463,District-Singrauli,Rural,15,6184,3063,3121,981,704,277,813,457,356,181,99,82,1464,705,759,655,320,335,623,233,390,146,44,102,1321,501,820
463,District-Singrauli,Rural,16,7418,3602,3816,1408,997,411,1198,659,539,246,130,116,1615,718,897,845,389,456,764,263,501,133,41,92,1209,405,804
463,District-Singrauli,Rural,17,6857,3367,3490,1627,1171,456,1216,691,525,232,123,109,1429,577,852,756,346,410,651,189,462,109,27,82,837,243,594
463,District-Singrauli,Rural,18,14042,6661,7381,3825,2742,1083,2417,1327,1090,414,235,179,2306,806,1500,1933,752,1181,1526,418,1108,246,68,178,1375,313,1062
463,District-Singrauli,Rural,19,10488,4675,5813,3146,2234,912,1858,958,900,270,138,132,1541,473,1068,1461,482,979,1135,210,925,164,35,129,913,145,768
463,District-Singrauli,Urban,5-19,19928,10289,9639,1496,1312,184,521,379,142,94,63,31,4444,1847,2597,555,361,194,269,132,137,65,38,27,12484,6157,6327
463,District-Singrauli,Urban,5,4003,2137,1866,5,4,1,2,1,1,1,1,0,52,22,30,30,16,14,19,8,11,3,1,2,3891,2084,1807
463,District-Singrauli,Urban,6,3323,1773,1550,2,1,1,0,0,0,0,0,0,65,33,32,19,7,12,23,9,14,0,0,0,3214,1723,1491
463,District-Singrauli,Urban,7,1169,606,563,5,2,3,0,0,0,0,0,0,76,32,44,11,8,3,8,1,7,3,2,1,1066,561,505
463,District-Singrauli,Urban,8,760,409,351,10,7,3,2,1,1,0,0,0,93,47,46,9,5,4,7,5,2,2,1,1,637,343,294
463,District-Singrauli,Urban,9,483,234,249,2,1,1,1,1,0,1,0,1,75,38,37,7,2,5,8,3,5,1,1,0,388,188,200
463,District-Singrauli,Urban,10,705,368,337,9,7,2,1,1,0,0,0,0,135,59,76,8,5,3,8,5,3,3,1,2,541,290,251
463,District-Singrauli,Urban,11,496,238,258,21,14,7,6,3,3,1,0,1,121,61,60,20,14,6,6,2,4,0,0,0,321,144,177
463,District-Singrauli,Urban,12,573,259,314,35,27,8,9,4,5,2,1,1,186,94,92,8,5,3,5,2,3,1,1,0,327,125,202
463,District-Singrauli,Urban,13,612,288,324,47,38,9,14,7,7,3,1,2,224,106,118,21,8,13,7,2,5,5,1,4,291,125,166
463,District-Singrauli,Urban,14,773,346,427,75,61,14,30,19,11,7,2,5,313,126,187,24,12,12,11,5,6,4,3,1,309,118,191
463,District-Singrauli,Urban,15,1002,519,483,100,91,9,42,34,8,7,5,2,439,204,235,51,35,16,31,20,11,10,6,4,322,124,198
463,District-Singrauli,Urban,16,1159,542,617,150,125,25,66,50,16,14,11,3,525,210,315,56,35,21,25,12,13,6,5,1,317,94,223
463,District-Singrauli,Urban,17,1147,630,517,202,184,18,78,56,22,18,13,5,524,234,290,55,39,16,26,14,12,8,2,6,236,88,148
463,District-Singrauli,Urban,18,2081,1128,953,472,423,49,152,109,43,24,19,5,883,341,542,137,104,33,38,26,12,12,10,2,363,96,267
463,District-Singrauli,Urban,19,1642,812,830,361,327,34,118,93,25,16,10,6,733,240,493,99,66,33,47,18,29,7,4,3,261,54,207
464,District-Jhabua,Total,5-19,184654,85441,99213,11137,7207,3930,8020,4177,3843,2229,1175,1054,9597,4430,5167,24412,9269,15143,21118,6991,14127,6768,2620,4148,101373,49572,51801
464,District-Jhabua,Total,5,25228,13297,11931,3,2,1,2,2,0,0,0,0,89,44,45,86,50,36,61,24,37,52,26,26,24935,13149,11786
464,District-Jhabua,Total,6,22352,11336,11016,0,0,0,1,1,0,1,0,1,127,70,57,90,44,46,97,34,63,98,50,48,21938,11137,10801
464,District-Jhabua,Total,7,11942,5923,6019,11,9,2,5,2,3,7,3,4,239,116,123,85,41,44,138,56,82,123,62,61,11334,5634,5700
464,District-Jhabua,Total,8,11829,5778,6051,11,7,4,20,9,11,13,6,7,436,226,210,200,104,96,302,140,162,263,126,137,10584,5160,5424
464,District-Jhabua,Total,9,6659,3129,3530,20,12,8,30,18,12,23,16,7,415,198,217,200,82,118,288,122,166,281,114,167,5402,2567,2835
464,District-Jhabua,Total,10,11660,5453,6207,78,39,39,123,59,64,95,39,56,766,391,375,600,280,320,879,367,512,676,275,401,8443,4003,4440
464,District-Jhabua,Total,11,6051,2736,3315,135,82,53,146,60,86,112,60,52,580,282,298,515,233,282,598,232,366,488,198,290,3477,1589,1888
464,District-Jhabua,Total,12,11223,4990,6233,392,228,164,452,226,226,246,125,121,1072,531,541,1335,580,755,1745,661,1084,972,396,576,5009,2243,2766
464,District-Jhabua,Total,13,7784,3345,4439,407,231,176,457,211,246,232,112,120,822,406,416,1125,475,650,1356,493,863,684,278,406,2701,1139,1562
464,District-Jhabua,Total,14,9750,4229,5521,835,490,345,841,398,443,285,147,138,925,468,457,1850,754,1096,1976,692,1284,728,301,427,2310,979,1331
464,District-Jhabua,Total,15,12156,5452,6704,1373,821,552,1184,606,578,337,193,144,953,494,459,2880,1204,1676,2810,1046,1764,756,275,481,1863,813,1050
464,District-Jhabua,Total,16,12001,5076,6925,1564,1019,545,1277,662,615,302,156,146,849,395,454,3196,1214,1982,2953,942,2011,598,194,404,1262,494,768
464,District-Jhabua,Total,17,9111,3726,5385,1503,975,528,970,481,489,199,107,92,642,256,386,2695,964,1731,2073,612,1461,329,107,222,700,224,476
464,District-Jhabua,Total,18,16606,6953,9653,2838,1932,906,1574,879,695,238,136,102,999,344,655,5875,2150,3725,3657,1050,2607,477,149,328,948,313,635
464,District-Jhabua,Total,19,10302,4018,6284,1967,1360,607,938,563,375,139,75,64,683,209,474,3680,1094,2586,2185,520,1665,243,69,174,467,128,339
464,District-Jhabua,Rural,5-19,177453,81756,95697,10149,6409,3740,7782,4019,3763,2184,1148,1036,7774,3763,4011,24049,9083,14966,20947,6928,14019,6726,2605,4121,97842,47801,50041
464,District-Jhabua,Rural,5,23928,12596,11332,1,0,1,2,2,0,0,0,0,72,36,36,80,47,33,60,23,37,52,26,26,23661,12462,11199
464,District-Jhabua,Rural,6,21327,10811,10516,0,0,0,1,1,0,1,0,1,98,55,43,87,43,44,93,32,61,98,50,48,20949,10630,10319
464,District-Jhabua,Rural,7,11612,5737,5875,10,8,2,5,2,3,7,3,4,209,100,109,82,39,43,137,55,82,123,62,61,11039,5468,5571
464,District-Jhabua,Rural,8,11587,5645,5942,10,6,4,19,8,11,13,6,7,396,205,191,197,102,95,301,139,162,260,126,134,10391,5053,5338
464,District-Jhabua,Rural,9,6543,3080,3463,20,12,8,28,17,11,23,16,7,390,188,202,199,81,118,288,122,166,281,114,167,5314,2530,2784
464,District-Jhabua,Rural,10,11454,5339,6115,74,37,37,123,59,64,94,39,55,724,362,362,590,274,316,871,361,510,673,275,398,8305,3932,4373
464,District-Jhabua,Rural,11,5881,2648,3233,122,71,51,140,56,84,110,59,51,525,259,266,504,224,280,591,229,362,486,197,289,3403,1553,1850
464,District-Jhabua,Rural,12,10968,4861,6107,364,205,159,442,221,221,246,125,121,979,484,495,1319,571,748,1731,657,1074,966,394,572,4921,2204,2717
464,District-Jhabua,Rural,13,7585,3263,4322,382,215,167,447,203,244,230,112,118,739,376,363,1108,470,638,1342,488,854,683,277,406,2654,1122,1532
464,District-Jhabua,Rural,14,9444,4063,5381,781,447,334,825,389,436,281,143,138,804,411,393,1827,739,1088,1953,683,1270,721,298,423,2252,953,1299
464,District-Jhabua,Rural,15,11756,5243,6513,1271,747,524,1161,593,568,333,190,143,800,428,372,2836,1180,1656,2796,1041,1755,754,275,479,1805,789,1016
464,District-Jhabua,Rural,16,11497,4834,6663,1449,930,519,1239,638,601,296,152,144,635,314,321,3150,1194,1956,2934,938,1996,591,192,399,1203,476,727
464,District-Jhabua,Rural,17,8620,3468,5152,1358,852,506,946,463,483,192,104,88,423,189,234,2657,942,1715,2055,604,1451,327,106,221,662,208,454
464,District-Jhabua,Rural,18,15655,6490,9165,2562,1712,850,1515,838,677,230,131,99,612,226,386,5776,2100,3676,3621,1037,2584,470,146,324,869,300,569
464,District-Jhabua,Rural,19,9596,3678,5918,1745,1167,578,889,529,360,128,68,60,368,130,238,3637,1077,2560,2174,519,1655,241,67,174,414,121,293
464,District-Jhabua,Urban,5-19,7201,3685,3516,988,798,190,238,158,80,45,27,18,1823,667,1156,363,186,177,171,63,108,42,15,27,3531,1771,1760
464,District-Jhabua,Urban,5,1300,701,599,2,2,0,0,0,0,0,0,0,17,8,9,6,3,3,1,1,0,0,0,0,1274,687,587
464,District-Jhabua,Urban,6,1025,525,500,0,0,0,0,0,0,0,0,0,29,15,14,3,1,2,4,2,2,0,0,0,989,507,482
464,District-Jhabua,Urban,7,330,186,144,1,1,0,0,0,0,0,0,0,30,16,14,3,2,1,1,1,0,0,0,0,295,166,129
464,District-Jhabua,Urban,8,242,133,109,1,1,0,1,1,0,0,0,0,40,21,19,3,2,1,1,1,0,3,0,3,193,107,86
464,District-Jhabua,Urban,9,116,49,67,0,0,0,2,1,1,0,0,0,25,10,15,1,1,0,0,0,0,0,0,0,88,37,51
464,District-Jhabua,Urban,10,206,114,92,4,2,2,0,0,0,1,0,1,42,29,13,10,6,4,8,6,2,3,0,3,138,71,67
464,District-Jhabua,Urban,11,170,88,82,13,11,2,6,4,2,2,1,1,55,23,32,11,9,2,7,3,4,2,1,1,74,36,38
464,District-Jhabua,Urban,12,255,129,126,28,23,5,10,5,5,0,0,0,93,47,46,16,9,7,14,4,10,6,2,4,88,39,49
464,District-Jhabua,Urban,13,199,82,117,25,16,9,10,8,2,2,0,2,83,30,53,17,5,12,14,5,9,1,1,0,47,17,30
464,District-Jhabua,Urban,14,306,166,140,54,43,11,16,9,7,4,4,0,121,57,64,23,15,8,23,9,14,7,3,4,58,26,32
464,District-Jhabua,Urban,15,400,209,191,102,74,28,23,13,10,4,3,1,153,66,87,44,24,20,14,5,9,2,0,2,58,24,34
464,District-Jhabua,Urban,16,504,242,262,115,89,26,38,24,14,6,4,2,214,81,133,46,20,26,19,4,15,7,2,5,59,18,41
464,District-Jhabua,Urban,17,491,258,233,145,123,22,24,18,6,7,3,4,219,67,152,38,22,16,18,8,10,2,1,1,38,16,22
464,District-Jhabua,Urban,18,951,463,488,276,220,56,59,41,18,8,5,3,387,118,269,99,50,49,36,13,23,7,3,4,79,13,66
464,District-Jhabua,Urban,19,706,340,366,222,193,29,49,34,15,11,7,4,315,79,236,43,17,26,11,1,10,2,2,0,53,7,46
465,District-Alirajpur,Total,5-19,152617,73000,79617,6131,3914,2217,4366,2170,2196,1102,545,557,5748,2633,3115,24629,11239,13390,17693,6646,11047,5997,2658,3339,86951,43195,43756
465,District-Alirajpur,Total,5,18983,9754,9229,1,1,0,0,0,0,0,0,0,49,26,23,121,55,66,70,28,42,57,29,28,18685,9615,9070
465,District-Alirajpur,Total,6,17778,9047,8731,2,1,1,3,0,3,0,0,0,77,41,36,113,59,54,98,40,58,91,54,37,17394,8852,8542
465,District-Alirajpur,Total,7,10297,5235,5062,7,4,3,1,1,0,2,0,2,121,70,51,155,91,64,131,64,67,129,66,63,9751,4939,4812
465,District-Alirajpur,Total,8,10155,5011,5144,7,3,4,5,4,1,10,4,6,214,103,111,295,156,139,240,103,137,293,144,149,9091,4494,4597
465,District-Alirajpur,Total,9,6476,3246,3230,20,16,4,14,9,5,17,8,9,203,105,98,301,155,146,313,150,163,220,103,117,5388,2700,2688
465,District-Alirajpur,Total,10,9626,4898,4728,57,36,21,52,27,25,40,19,21,419,212,207,654,355,299,639,307,332,548,280,268,7217,3662,3555
465,District-Alirajpur,Total,11,5934,2934,3000,99,63,36,101,47,54,37,19,18,366,187,179,648,322,326,599,268,331,387,181,206,3697,1847,1850
465,District-Alirajpur,Total,12,8990,4438,4552,221,129,92,235,124,111,99,51,48,607,313,294,1316,674,642,1217,569,648,741,359,382,4554,2219,2335
465,District-Alirajpur,Total,13,6784,3200,3584,235,129,106,257,116,141,112,60,52,543,264,279,1201,584,617,1154,494,660,556,259,297,2726,1294,1432
465,District-Alirajpur,Total,14,8752,4106,4646,471,271,200,479,240,239,148,75,73,647,298,349,2049,996,1053,1819,746,1073,603,282,321,2536,1198,1338
465,District-Alirajpur,Total,15,9586,4467,5119,716,454,262,632,311,321,171,87,84,577,273,304,2775,1383,1392,2201,845,1356,630,282,348,1884,832,1052
465,District-Alirajpur,Total,16,10765,4718,6047,996,588,408,709,353,356,169,75,94,557,248,309,3495,1631,1864,2637,954,1683,628,238,390,1574,631,943
465,District-Alirajpur,Total,17,7609,3341,4268,834,543,291,544,268,276,109,58,51,422,159,263,2688,1202,1486,1811,639,1172,362,137,225,839,335,504
465,District-Alirajpur,Total,18,12743,5434,7309,1495,1009,486,815,389,426,109,50,59,517,207,310,5282,2272,3010,2945,929,2016,504,172,332,1076,406,670
465,District-Alirajpur,Total,19,8139,3171,4968,970,667,303,519,281,238,79,39,40,429,127,302,3536,1304,2232,1819,510,1309,248,72,176,539,171,368
465,District-Alirajpur,Rural,5-19,147600,70515,77085,5504,3395,2109,4257,2101,2156,1085,530,555,4583,2244,2339,24272,11036,13236,17423,6548,10875,5933,2626,3307,84543,42035,42508
465,District-Alirajpur,Rural,5,18108,9292,8816,1,1,0,0,0,0,0,0,0,38,19,19,119,55,64,68,27,41,56,29,27,17826,9161,8665
465,District-Alirajpur,Rural,6,17144,8727,8417,2,1,1,3,0,3,0,0,0,62,32,30,105,56,49,94,39,55,89,53,36,16789,8546,8243
465,District-Alirajpur,Rural,7,10096,5128,4968,7,4,3,1,1,0,2,0,2,108,62,46,151,90,61,127,63,64,124,64,60,9576,4844,4732
465,District-Alirajpur,Rural,8,9999,4939,5060,7,3,4,5,4,1,10,4,6,199,95,104,288,151,137,227,97,130,282,140,142,8981,4445,4536
465,District-Alirajpur,Rural,9,6365,3193,3172,19,16,3,14,9,5,16,7,9,192,99,93,293,153,140,302,145,157,215,101,114,5314,2663,2651
465,District-Alirajpur,Rural,10,9440,4807,4633,56,35,21,50,25,25,40,19,21,397,204,193,642,347,295,627,301,326,537,272,265,7091,3604,3487
465,District-Alirajpur,Rural,11,5790,2850,2940,90,55,35,96,45,51,37,19,18,329,164,165,639,316,323,589,262,327,382,178,204,3628,1811,1817
465,District-Alirajpur,Rural,12,8806,4348,4458,210,119,91,231,120,111,99,51,48,564,291,273,1302,664,638,1191,558,633,734,357,377,4475,2188,2287
465,District-Alirajpur,Rural,13,6608,3113,3495,220,120,100,253,113,140,111,59,52,479,235,244,1181,572,609,1136,486,650,551,256,295,2677,1272,1405
465,District-Alirajpur,Rural,14,8529,4005,4524,447,255,192,472,235,237,143,71,72,566,272,294,2013,979,1034,1791,733,1058,600,279,321,2497,1181,1316
465,District-Alirajpur,Rural,15,9263,4301,4962,642,390,252,617,303,314,170,86,84,463,236,227,2738,1356,1382,2169,835,1334,629,282,347,1835,813,1022
465,District-Alirajpur,Rural,16,10429,4559,5870,927,536,391,696,346,350,167,73,94,408,193,215,3446,1607,1839,2616,947,1669,628,238,390,1541,619,922
465,District-Alirajpur,Rural,17,7253,3170,4083,724,449,275,530,260,270,108,57,51,279,121,158,2655,1182,1473,1788,637,1151,360,136,224,809,328,481
465,District-Alirajpur,Rural,18,12201,5177,7024,1351,892,459,794,376,418,105,46,59,305,139,166,5219,2237,2982,2910,919,1991,501,170,331,1016,398,618
465,District-Alirajpur,Rural,19,7569,2906,4663,801,519,282,495,264,231,77,38,39,194,82,112,3481,1271,2210,1788,499,1289,245,71,174,488,162,326
465,District-Alirajpur,Urban,5-19,5017,2485,2532,627,519,108,109,69,40,17,15,2,1165,389,776,357,203,154,270,98,172,64,32,32,2408,1160,1248
465,District-Alirajpur,Urban,5,875,462,413,0,0,0,0,0,0,0,0,0,11,7,4,2,0,2,2,1,1,1,0,1,859,454,405
465,District-Alirajpur,Urban,6,634,320,314,0,0,0,0,0,0,0,0,0,15,9,6,8,3,5,4,1,3,2,1,1,605,306,299
465,District-Alirajpur,Urban,7,201,107,94,0,0,0,0,0,0,0,0,0,13,8,5,4,1,3,4,1,3,5,2,3,175,95,80
465,District-Alirajpur,Urban,8,156,72,84,0,0,0,0,0,0,0,0,0,15,8,7,7,5,2,13,6,7,11,4,7,110,49,61
465,District-Alirajpur,Urban,9,111,53,58,1,0,1,0,0,0,1,1,0,11,6,5,8,2,6,11,5,6,5,2,3,74,37,37
465,District-Alirajpur,Urban,10,186,91,95,1,1,0,2,2,0,0,0,0,22,8,14,12,8,4,12,6,6,11,8,3,126,58,68
465,District-Alirajpur,Urban,11,144,84,60,9,8,1,5,2,3,0,0,0,37,23,14,9,6,3,10,6,4,5,3,2,69,36,33
465,District-Alirajpur,Urban,12,184,90,94,11,10,1,4,4,0,0,0,0,43,22,21,14,10,4,26,11,15,7,2,5,79,31,48
465,District-Alirajpur,Urban,13,176,87,89,15,9,6,4,3,1,1,1,0,64,29,35,20,12,8,18,8,10,5,3,2,49,22,27
465,District-Alirajpur,Urban,14,223,101,122,24,16,8,7,5,2,5,4,1,81,26,55,36,17,19,28,13,15,3,3,0,39,17,22
465,District-Alirajpur,Urban,15,323,166,157,74,64,10,15,8,7,1,1,0,114,37,77,37,27,10,32,10,22,1,0,1,49,19,30
465,District-Alirajpur,Urban,16,336,159,177,69,52,17,13,7,6,2,2,0,149,55,94,49,24,25,21,7,14,0,0,0,33,12,21
465,District-Alirajpur,Urban,17,356,171,185,110,94,16,14,8,6,1,1,0,143,38,105,33,20,13,23,2,21,2,1,1,30,7,23
465,District-Alirajpur,Urban,18,542,257,285,144,117,27,21,13,8,4,4,0,212,68,144,63,35,28,35,10,25,3,2,1,60,8,52
465,District-Alirajpur,Urban,19,570,265,305,169,148,21,24,17,7,2,1,1,235,45,190,55,33,22,31,11,20,3,1,2,51,9,42
466,District-Khandwa (East Nimar),Total,5-19,159765,81294,78471,29048,20370,8678,10229,5620,4609,2489,1113,1376,25939,9269,16670,14703,7158,7545,6563,2541,4022,1577,628,949,69217,34595,34622
466,District-Khandwa (East Nimar),Total,5,24934,13159,11775,6,4,2,2,1,1,0,0,0,221,124,97,121,73,48,71,33,38,36,18,18,24477,12906,11571
466,District-Khandwa (East Nimar),Total,6,18259,9324,8935,11,6,5,6,4,2,0,0,0,336,157,179,101,49,52,57,31,26,30,12,18,17718,9065,8653
466,District-Khandwa (East Nimar),Total,7,6108,3185,2923,14,5,9,6,3,3,1,1,0,323,167,156,64,35,29,55,25,30,26,11,15,5619,2938,2681
466,District-Khandwa (East Nimar),Total,8,4623,2329,2294,20,13,7,6,2,4,9,6,3,391,197,194,81,41,40,75,33,42,43,26,17,3998,2011,1987
466,District-Khandwa (East Nimar),Total,9,2762,1371,1391,44,25,19,24,11,13,4,1,3,410,197,213,85,45,40,82,39,43,29,15,14,2084,1038,1046
466,District-Khandwa (East Nimar),Total,10,4689,2407,2282,113,74,39,64,28,36,21,8,13,763,387,376,233,127,106,186,89,97,109,57,52,3200,1637,1563
466,District-Khandwa (East Nimar),Total,11,3281,1649,1632,271,192,79,104,59,45,45,25,20,776,355,421,292,150,142,177,84,93,58,32,26,1558,752,806
466,District-Khandwa (East Nimar),Total,12,5965,2937,3028,561,362,199,278,146,132,103,45,58,1585,727,858,666,344,322,367,155,212,128,63,65,2277,1095,1182
466,District-Khandwa (East Nimar),Total,13,5204,2573,2631,721,474,247,348,195,153,117,58,59,1544,690,854,650,330,320,342,132,210,105,44,61,1377,650,727
466,District-Khandwa (East Nimar),Total,14,8218,3974,4244,1575,1003,572,765,376,389,197,93,104,2356,986,1370,1123,536,587,590,242,348,155,63,92,1457,675,782
466,District-Khandwa (East Nimar),Total,15,11026,5520,5506,2790,1825,965,1098,611,487,321,151,170,2912,1182,1730,1596,822,774,753,311,442,170,57,113,1386,561,825
466,District-Khandwa (East Nimar),Total,16,14096,7066,7030,4219,2850,1369,1602,851,751,379,168,211,3474,1218,2256,2066,1070,996,884,360,524,185,72,113,1287,477,810
466,District-Khandwa (East Nimar),Total,17,12837,6367,6470,4415,3011,1404,1580,850,730,388,154,234,3035,913,2122,1714,839,875,716,257,459,147,51,96,842,292,550
466,District-Khandwa (East Nimar),Total,18,21899,11442,10457,8152,5972,2180,2573,1465,1108,536,235,301,4444,1184,3260,3521,1693,1828,1304,490,814,201,59,142,1168,344,824
466,District-Khandwa (East Nimar),Total,19,15864,7991,7873,6136,4554,1582,1773,1018,755,368,168,200,3369,785,2584,2390,1004,1386,904,260,644,155,48,107,769,154,615
466,District-Khandwa (East Nimar),Rural,5-19,138584,69919,68665,25819,17451,8368,9542,5088,4454,2336,995,1341,19064,6982,12082,14050,6632,7418,6338,2405,3933,1506,581,925,59929,29785,30144
466,District-Khandwa (East Nimar),Rural,5,21424,11280,10144,6,4,2,2,1,1,0,0,0,172,97,75,111,68,43,68,31,37,35,18,17,21030,11061,9969
466,District-Khandwa (East Nimar),Rural,6,15389,7810,7579,9,4,5,5,3,2,0,0,0,269,125,144,90,43,47,54,30,24,30,12,18,14932,7593,7339
466,District-Khandwa (East Nimar),Rural,7,5409,2822,2587,14,5,9,6,3,3,1,1,0,270,139,131,61,32,29,52,24,28,26,11,15,4979,2607,2372
466,District-Khandwa (East Nimar),Rural,8,4199,2104,2095,20,13,7,6,2,4,9,6,3,317,156,161,76,40,36,75,33,42,43,26,17,3653,1828,1825
466,District-Khandwa (East Nimar),Rural,9,2517,1226,1291,40,21,19,24,11,13,4,1,3,349,160,189,83,44,39,80,37,43,29,15,14,1908,937,971
466,District-Khandwa (East Nimar),Rural,10,4203,2137,2066,104,66,38,62,27,35,21,8,13,632,321,311,224,119,105,183,87,96,106,55,51,2871,1454,1417
466,District-Khandwa (East Nimar),Rural,11,2905,1438,1467,236,164,72,94,49,45,45,25,20,628,288,340,278,139,139,174,81,93,55,30,25,1395,662,733
466,District-Khandwa (East Nimar),Rural,12,5343,2581,2762,510,319,191,270,142,128,99,43,56,1279,582,697,634,317,317,360,152,208,122,59,63,2069,967,1102
466,District-Khandwa (East Nimar),Rural,13,4588,2232,2356,638,401,237,328,181,147,112,54,58,1210,541,669,625,309,316,334,127,207,102,43,59,1239,576,663
466,District-Khandwa (East Nimar),Rural,14,7272,3474,3798,1420,866,554,728,347,381,190,86,104,1840,802,1038,1081,502,579,574,230,344,149,58,91,1290,583,707
466,District-Khandwa (East Nimar),Rural,15,9681,4784,4897,2527,1601,926,1024,557,467,303,134,169,2213,904,1309,1520,761,759,720,296,424,165,52,113,1209,479,730
466,District-Khandwa (East Nimar),Rural,16,12386,6117,6269,3790,2451,1339,1515,784,731,365,157,208,2583,898,1685,1992,1011,981,857,345,512,172,64,108,1112,407,705
466,District-Khandwa (East Nimar),Rural,17,11040,5405,5635,3922,2570,1352,1469,767,702,357,134,223,2162,656,1506,1634,773,861,676,231,445,140,46,94,680,228,452
466,District-Khandwa (East Nimar),Rural,18,18973,9894,9079,7292,5184,2108,2403,1333,1070,500,206,294,3003,810,2193,3366,1565,1801,1254,459,795,191,52,139,964,285,679
466,District-Khandwa (East Nimar),Rural,19,13255,6615,6640,5291,3782,1509,1606,881,725,330,140,190,2137,503,1634,2275,909,1366,877,242,635,141,40,101,598,118,480
466,District-Khandwa (East Nimar),Urban,5-19,21181,11375,9806,3229,2919,310,687,532,155,153,118,35,6875,2287,4588,653,526,127,225,136,89,71,47,24,9288,4810,4478
466,District-Khandwa (East Nimar),Urban,5,3510,1879,1631,0,0,0,0,0,0,0,0,0,49,27,22,10,5,5,3,2,1,1,0,1,3447,1845,1602
466,District-Khandwa (East Nimar),Urban,6,2870,1514,1356,2,2,0,1,1,0,0,0,0,67,32,35,11,6,5,3,1,2,0,0,0,2786,1472,1314
466,District-Khandwa (East Nimar),Urban,7,699,363,336,0,0,0,0,0,0,0,0,0,53,28,25,3,3,0,3,1,2,0,0,0,640,331,309
466,District-Khandwa (East Nimar),Urban,8,424,225,199,0,0,0,0,0,0,0,0,0,74,41,33,5,1,4,0,0,0,0,0,0,345,183,162
466,District-Khandwa (East Nimar),Urban,9,245,145,100,4,4,0,0,0,0,0,0,0,61,37,24,2,1,1,2,2,0,0,0,0,176,101,75
466,District-Khandwa (East Nimar),Urban,10,486,270,216,9,8,1,2,1,1,0,0,0,131,66,65,9,8,1,3,2,1,3,2,1,329,183,146
466,District-Khandwa (East Nimar),Urban,11,376,211,165,35,28,7,10,10,0,0,0,0,148,67,81,14,11,3,3,3,0,3,2,1,163,90,73
466,District-Khandwa (East Nimar),Urban,12,622,356,266,51,43,8,8,4,4,4,2,2,306,145,161,32,27,5,7,3,4,6,4,2,208,128,80
466,District-Khandwa (East Nimar),Urban,13,616,341,275,83,73,10,20,14,6,5,4,1,334,149,185,25,21,4,8,5,3,3,1,2,138,74,64
466,District-Khandwa (East Nimar),Urban,14,946,500,446,155,137,18,37,29,8,7,7,0,516,184,332,42,34,8,16,12,4,6,5,1,167,92,75
466,District-Khandwa (East Nimar),Urban,15,1345,736,609,263,224,39,74,54,20,18,17,1,699,278,421,76,61,15,33,15,18,5,5,0,177,82,95
466,District-Khandwa (East Nimar),Urban,16,1710,949,761,429,399,30,87,67,20,14,11,3,891,320,571,74,59,15,27,15,12,13,8,5,175,70,105
466,District-Khandwa (East Nimar),Urban,17,1797,962,835,493,441,52,111,83,28,31,20,11,873,257,616,80,66,14,40,26,14,7,5,2,162,64,98
466,District-Khandwa (East Nimar),Urban,18,2926,1548,1378,860,788,72,170,132,38,36,29,7,1441,374,1067,155,128,27,50,31,19,10,7,3,204,59,145
466,District-Khandwa (East Nimar),Urban,19,2609,1376,1233,845,772,73,167,137,30,38,28,10,1232,282,950,115,95,20,27,18,9,14,8,6,171,36,135
467,District-Burhanpur,Total,5-19,103778,53186,50592,15480,11385,4095,3934,2224,1710,630,335,295,17276,5958,11318,11478,6178,5300,4847,2109,2738,1011,462,549,49122,24535,24587
467,District-Burhanpur,Total,5,14137,7556,6581,3,1,2,2,2,0,1,0,1,127,67,60,43,26,17,40,21,19,3,1,2,13918,7438,6480
467,District-Burhanpur,Total,6,11539,5913,5626,5,3,2,0,0,0,0,0,0,222,106,116,35,16,19,29,11,18,7,3,4,11241,5774,5467
467,District-Burhanpur,Total,7,4675,2440,2235,7,4,3,4,1,3,1,0,1,188,92,96,35,26,9,30,15,15,18,12,6,4392,2290,2102
467,District-Burhanpur,Total,8,4386,2202,2184,8,2,6,10,7,3,2,2,0,260,130,130,80,42,38,59,25,34,45,26,19,3922,1968,1954
467,District-Burhanpur,Total,9,2438,1290,1148,15,9,6,10,6,4,1,0,1,252,134,118,111,69,42,69,30,39,35,19,16,1945,1023,922
467,District-Burhanpur,Total,10,4419,2265,2154,56,35,21,40,22,18,4,2,2,468,246,222,340,192,148,216,113,103,93,41,52,3202,1614,1588
467,District-Burhanpur,Total,11,2792,1386,1406,148,88,60,53,22,31,17,6,11,527,236,291,255,168,87,148,68,80,60,25,35,1584,773,811
467,District-Burhanpur,Total,12,4995,2603,2392,369,241,128,136,66,70,26,13,13,1055,527,528,651,381,270,377,202,175,110,47,63,2271,1126,1145
467,District-Burhanpur,Total,13,4010,1936,2074,430,276,154,168,71,97,54,30,24,1091,474,617,570,302,268,290,135,155,60,20,40,1347,628,719
467,District-Burhanpur,Total,14,5862,2961,2901,956,629,327,315,169,146,74,37,37,1570,703,867,994,530,464,484,219,265,132,70,62,1337,604,733
467,District-Burhanpur,Total,15,6836,3614,3222,1512,1074,438,472,272,200,97,50,47,1797,740,1057,1311,746,565,531,257,274,103,41,62,1013,434,579
467,District-Burhanpur,Total,16,8575,4545,4030,2330,1655,675,625,350,275,70,44,26,2183,784,1399,1627,951,676,684,320,364,125,59,66,931,382,549
467,District-Burhanpur,Total,17,7276,3818,3458,2382,1799,583,554,323,231,91,50,41,2005,587,1418,1184,660,524,426,180,246,68,36,32,566,183,383
467,District-Burhanpur,Total,18,12551,6360,6191,4098,3151,947,881,525,356,102,53,49,3000,692,2308,2611,1363,1248,896,354,542,95,38,57,868,184,684
467,District-Burhanpur,Total,19,9287,4297,4990,3161,2418,743,664,388,276,90,48,42,2531,440,2091,1631,706,925,568,159,409,57,24,33,585,114,471
467,District-Burhanpur,Rural,5-19,77690,39212,38478,11367,7816,3551,3376,1840,1536,505,248,257,9510,3418,6092,10268,5175,5093,4567,1946,2621,943,406,537,37154,18363,18791
467,District-Burhanpur,Rural,5,10046,5366,4680,2,0,2,1,1,0,0,0,0,78,42,36,40,24,16,40,21,19,3,1,2,9882,5277,4605
467,District-Burhanpur,Rural,6,8102,4088,4014,3,1,2,0,0,0,0,0,0,141,63,78,29,12,17,27,9,18,7,3,4,7895,4000,3895
467,District-Burhanpur,Rural,7,3620,1878,1742,5,2,3,4,1,3,0,0,0,125,66,59,32,24,8,28,14,14,18,12,6,3408,1759,1649
467,District-Burhanpur,Rural,8,3849,1915,1934,7,1,6,10,7,3,2,2,0,181,94,87,75,39,36,57,24,33,44,25,19,3473,1723,1750
467,District-Burhanpur,Rural,9,2047,1076,971,13,8,5,9,5,4,1,0,1,165,92,73,107,68,39,68,29,39,34,18,16,1650,856,794
467,District-Burhanpur,Rural,10,3835,1944,1891,44,25,19,39,21,18,4,2,2,333,176,157,329,187,142,211,110,101,91,39,52,2784,1384,1400
467,District-Burhanpur,Rural,11,2262,1076,1186,102,52,50,47,18,29,15,5,10,328,145,183,236,152,84,138,60,78,55,20,35,1341,624,717
467,District-Burhanpur,Rural,12,4116,2062,2054,273,156,117,122,57,65,23,11,12,670,334,336,605,342,263,358,187,171,103,41,62,1962,934,1028
467,District-Burhanpur,Rural,13,3169,1486,1683,346,206,140,149,60,89,49,25,24,686,305,381,515,261,254,272,126,146,55,17,38,1097,486,611
467,District-Burhanpur,Rural,14,4628,2273,2355,761,477,284,281,148,133,63,27,36,950,426,524,909,456,453,459,204,255,127,66,61,1078,469,609
467,District-Burhanpur,Rural,15,5159,2667,2492,1155,763,392,413,232,181,79,38,41,1029,427,602,1167,634,533,494,237,257,97,37,60,725,299,426
467,District-Burhanpur,Rural,16,6437,3371,3066,1785,1194,591,544,291,253,53,33,20,1174,426,748,1462,807,655,647,299,348,117,51,66,655,270,385
467,District-Burhanpur,Rural,17,5078,2616,2462,1696,1196,500,467,266,201,74,34,40,1035,303,732,1024,525,499,392,158,234,60,29,31,330,105,225
467,District-Burhanpur,Rural,18,8962,4519,4443,2960,2147,813,739,430,309,79,38,41,1423,331,1092,2303,1104,1199,847,328,519,83,30,53,528,111,417
467,District-Burhanpur,Rural,19,6380,2875,3505,2215,1588,627,551,303,248,63,33,30,1192,188,1004,1435,540,895,529,140,389,49,17,32,346,66,280
467,District-Burhanpur,Urban,5-19,26088,13974,12114,4113,3569,544,558,384,174,125,87,38,7766,2540,5226,1210,1003,207,280,163,117,68,56,12,11968,6172,5796
467,District-Burhanpur,Urban,5,4091,2190,1901,1,1,0,1,1,0,1,0,1,49,25,24,3,2,1,0,0,0,0,0,0,4036,2161,1875
467,District-Burhanpur,Urban,6,3437,1825,1612,2,2,0,0,0,0,0,0,0,81,43,38,6,4,2,2,2,0,0,0,0,3346,1774,1572
467,District-Burhanpur,Urban,7,1055,562,493,2,2,0,0,0,0,1,0,1,63,26,37,3,2,1,2,1,1,0,0,0,984,531,453
467,District-Burhanpur,Urban,8,537,287,250,1,1,0,0,0,0,0,0,0,79,36,43,5,3,2,2,1,1,1,1,0,449,245,204
467,District-Burhanpur,Urban,9,391,214,177,2,1,1,1,1,0,0,0,0,87,42,45,4,1,3,1,1,0,1,1,0,295,167,128
467,District-Burhanpur,Urban,10,584,321,263,12,10,2,1,1,0,0,0,0,135,70,65,11,5,6,5,3,2,2,2,0,418,230,188
467,District-Burhanpur,Urban,11,530,310,220,46,36,10,6,4,2,2,1,1,199,91,108,19,16,3,10,8,2,5,5,0,243,149,94
467,District-Burhanpur,Urban,12,879,541,338,96,85,11,14,9,5,3,2,1,385,193,192,46,39,7,19,15,4,7,6,1,309,192,117
467,District-Burhanpur,Urban,13,841,450,391,84,70,14,19,11,8,5,5,0,405,169,236,55,41,14,18,9,9,5,3,2,250,142,108
467,District-Burhanpur,Urban,14,1234,688,546,195,152,43,34,21,13,11,10,1,620,277,343,85,74,11,25,15,10,5,4,1,259,135,124
467,District-Burhanpur,Urban,15,1677,947,730,357,311,46,59,40,19,18,12,6,768,313,455,144,112,32,37,20,17,6,4,2,288,135,153
467,District-Burhanpur,Urban,16,2138,1174,964,545,461,84,81,59,22,17,11,6,1009,358,651,165,144,21,37,21,16,8,8,0,276,112,164
467,District-Burhanpur,Urban,17,2198,1202,996,686,603,83,87,57,30,17,16,1,970,284,686,160,135,25,34,22,12,8,7,1,236,78,158
467,District-Burhanpur,Urban,18,3589,1841,1748,1138,1004,134,142,95,47,23,15,8,1577,361,1216,308,259,49,49,26,23,12,8,4,340,73,267
467,District-Burhanpur,Urban,19,2907,1422,1485,946,830,116,113,85,28,27,15,12,1339,252,1087,196,166,30,39,19,20,8,7,1,239,48,191
