497,District-Nandurbar,Total,5-19,179559,84148,95411,31154,17492,13662,8735,3866,4869,1428,614,814,26394,10756,15638,23383,10422,12961,7192,2430,4762,1155,462,693,80118,38106,42012
497,District-Nandurbar,Total,5,26031,13437,12594,38,24,14,13,7,6,1,0,1,403,225,178,609,308,301,120,59,61,37,17,20,24810,12797,12013
497,District-Nandurbar,Total,6,18683,9449,9234,40,24,16,10,5,5,3,2,1,564,290,274,477,259,218,125,59,66,28,14,14,17436,8796,8640
497,District-Nandurbar,Total,7,8690,4183,4507,100,49,51,19,6,13,4,1,3,693,386,307,293,135,158,96,45,51,27,9,18,7458,3552,3906
497,District-Nandurbar,Total,8,6031,2917,3114,119,56,63,22,12,10,4,3,1,936,480,456,301,150,151,70,33,37,29,11,18,4550,2172,2378
497,District-Nandurbar,Total,9,5007,2362,2645,136,72,64,30,10,20,9,5,4,954,479,475,307,143,164,96,41,55,34,17,17,3441,1595,1846
497,District-Nandurbar,Total,10,6946,3286,3660,238,126,112,79,47,32,40,20,20,1420,724,696,552,267,285,212,98,114,63,29,34,4342,1975,2367
497,District-Nandurbar,Total,11,5896,2735,3161,481,263,218,175,67,108,45,26,19,1474,715,759,634,288,346,227,81,146,66,29,37,2794,1266,1528
497,District-Nandurbar,Total,12,7860,3570,4290,863,462,401,365,162,203,103,48,55,2046,948,1098,1032,485,547,393,135,258,105,41,64,2953,1289,1664
497,District-Nandurbar,Total,13,8007,3652,4355,1111,582,529,486,221,265,117,48,69,2106,963,1143,1153,531,622,393,167,226,92,40,52,2549,1100,1449
497,District-Nandurbar,Total,14,9718,4311,5407,2019,1079,940,683,301,382,132,53,79,2244,971,1273,1587,707,880,602,202,400,110,41,69,2341,957,1384
497,District-Nandurbar,Total,15,12504,5898,6606,3363,1830,1533,1041,480,561,224,101,123,2481,1087,1394,2480,1222,1258,751,283,468,123,44,79,2041,851,1190
497,District-Nandurbar,Total,16,14237,6644,7593,4464,2504,1960,1337,620,717,233,95,138,2563,1020,1543,2848,1386,1462,943,326,617,113,49,64,1736,644,1092
497,District-Nandurbar,Total,17,13303,6113,7190,4681,2672,2009,1208,553,655,169,74,95,2455,817,1638,2744,1275,1469,798,265,533,94,38,56,1154,419,735
497,District-Nandurbar,Total,18,20149,8776,11373,7258,4158,3100,1764,748,1016,190,71,119,3250,936,2314,4693,1980,2713,1335,384,951,145,61,84,1514,438,1076
497,District-Nandurbar,Total,19,16497,6815,9682,6243,3591,2652,1503,627,876,154,67,87,2805,715,2090,3673,1286,2387,1031,252,779,89,22,67,999,255,744
497,District-Nandurbar,Rural,5-19,160911,74956,85955,28742,15654,13088,8270,3556,4714,1295,537,758,20958,9026,11932,22152,9706,12446,6909,2290,4619,1100,436,664,71485,33751,37734
497,District-Nandurbar,Rural,5,22703,11642,11061,34,21,13,12,6,6,1,0,1,356,199,157,517,267,250,112,55,57,36,16,20,21635,11078,10557
497,District-Nandurbar,Rural,6,16361,8183,8178,34,22,12,9,4,5,3,2,1,513,268,245,401,210,191,112,52,60,25,13,12,15264,7612,7652
497,District-Nandurbar,Rural,7,7718,3716,4002,89,45,44,16,5,11,2,0,2,604,337,267,259,122,137,90,43,47,26,9,17,6632,3155,3477
497,District-Nandurbar,Rural,8,5544,2670,2874,107,51,56,20,10,10,4,3,1,829,427,402,282,143,139,68,31,37,28,11,17,4206,1994,2212
497,District-Nandurbar,Rural,9,4615,2176,2439,125,67,58,30,10,20,9,5,4,846,423,423,288,136,152,91,38,53,34,17,17,3192,1480,1712
497,District-Nandurbar,Rural,10,6385,2984,3401,216,113,103,78,46,32,40,20,20,1248,637,611,511,237,274,198,90,108,63,29,34,4031,1812,2219
497,District-Nandurbar,Rural,11,5455,2510,2945,436,235,201,169,65,104,42,24,18,1324,638,686,609,275,334,221,78,143,65,29,36,2589,1166,1423
497,District-Nandurbar,Rural,12,7310,3299,4011,819,429,390,350,154,196,97,43,54,1828,845,983,990,466,524,384,130,254,104,40,64,2738,1192,1546
497,District-Nandurbar,Rural,13,7421,3361,4060,1040,532,508,467,208,259,108,45,63,1869,853,1016,1087,497,590,382,160,222,89,38,51,2379,1028,1351
497,District-Nandurbar,Rural,14,9034,3996,5038,1906,1003,903,668,289,379,125,49,76,1950,861,1089,1513,667,846,585,196,389,108,41,67,2179,890,1289
497,District-Nandurbar,Rural,15,11480,5377,6103,3157,1683,1474,999,450,549,210,96,114,2046,914,1132,2363,1143,1220,720,271,449,115,41,74,1870,779,1091
497,District-Nandurbar,Rural,16,12943,6019,6924,4162,2274,1888,1288,590,698,213,81,132,1964,835,1129,2724,1301,1423,898,306,592,106,43,63,1588,589,999
497,District-Nandurbar,Rural,17,11875,5434,6441,4330,2406,1924,1133,498,635,156,68,88,1766,628,1138,2610,1186,1424,771,249,522,90,36,54,1019,363,656
497,District-Nandurbar,Rural,18,17794,7734,10060,6666,3674,2992,1642,663,979,160,52,108,2079,673,1406,4486,1861,2625,1290,361,929,130,54,76,1341,396,945
497,District-Nandurbar,Rural,19,14273,5855,8418,5621,3099,2522,1389,558,831,125,49,76,1736,488,1248,3512,1195,2317,987,230,757,81,19,62,822,217,605
497,District-Nandurbar,Urban,5-19,18648,9192,9456,2412,1838,574,465,310,155,133,77,56,5436,1730,3706,1231,716,515,283,140,143,55,26,29,8633,4355,4278
497,District-Nandurbar,Urban,5,3328,1795,1533,4,3,1,1,1,0,0,0,0,47,26,21,92,41,51,8,4,4,1,1,0,3175,1719,1456
497,District-Nandurbar,Urban,6,2322,1266,1056,6,2,4,1,1,0,0,0,0,51,22,29,76,49,27,13,7,6,3,1,2,2172,1184,988
497,District-Nandurbar,Urban,7,972,467,505,11,4,7,3,1,2,2,1,1,89,49,40,34,13,21,6,2,4,1,0,1,826,397,429
497,District-Nandurbar,Urban,8,487,247,240,12,5,7,2,2,0,0,0,0,107,53,54,19,7,12,2,2,0,1,0,1,344,178,166
497,District-Nandurbar,Urban,9,392,186,206,11,5,6,0,0,0,0,0,0,108,56,52,19,7,12,5,3,2,0,0,0,249,115,134
497,District-Nandurbar,Urban,10,561,302,259,22,13,9,1,1,0,0,0,0,172,87,85,41,30,11,14,8,6,0,0,0,311,163,148
497,District-Nandurbar,Urban,11,441,225,216,45,28,17,6,2,4,3,2,1,150,77,73,25,13,12,6,3,3,1,0,1,205,100,105
497,District-Nandurbar,Urban,12,550,271,279,44,33,11,15,8,7,6,5,1,218,103,115,42,19,23,9,5,4,1,1,0,215,97,118
497,District-Nandurbar,Urban,13,586,291,295,71,50,21,19,13,6,9,3,6,237,110,127,66,34,32,11,7,4,3,2,1,170,72,98
497,District-Nandurbar,Urban,14,684,315,369,113,76,37,15,12,3,7,4,3,294,110,184,74,40,34,17,6,11,2,0,2,162,67,95
497,District-Nandurbar,Urban,15,1024,521,503,206,147,59,42,30,12,14,5,9,435,173,262,117,79,38,31,12,19,8,3,5,171,72,99
497,District-Nandurbar,Urban,16,1294,625,669,302,230,72,49,30,19,20,14,6,599,185,414,124,85,39,45,20,25,7,6,1,148,55,93
497,District-Nandurbar,Urban,17,1428,679,749,351,266,85,75,55,20,13,6,7,689,189,500,134,89,45,27,16,11,4,2,2,135,56,79
497,District-Nandurbar,Urban,18,2355,1042,1313,592,484,108,122,85,37,30,19,11,1171,263,908,207,119,88,45,23,22,15,7,8,173,42,131
497,District-Nandurbar,Urban,19,2224,960,1264,622,492,130,114,69,45,29,18,11,1069,227,842,161,91,70,44,22,22,8,3,5,177,38,139
498,District-Dhule,Total,5-19,182007,90540,91467,36492,23156,13336,6046,2875,3171,1043,510,533,33340,12091,21249,19716,9651,10065,3737,1536,2201,661,273,388,80972,40448,40524
498,District-Dhule,Total,5,31598,16694,14904,81,55,26,27,18,9,3,2,1,1318,650,668,544,300,244,205,119,86,38,18,20,29382,15532,13850
498,District-Dhule,Total,6,22414,11645,10769,74,40,34,18,6,12,2,1,1,1377,696,681,427,226,201,145,75,70,40,21,19,20331,10580,9751
498,District-Dhule,Total,7,9014,4569,4445,143,85,58,17,10,7,7,3,4,1080,549,531,265,128,137,95,40,55,27,15,12,7380,3739,3641
498,District-Dhule,Total,8,5522,2689,2833,145,91,54,27,8,19,6,2,4,958,479,479,258,132,126,80,33,47,21,10,11,4027,1934,2093
498,District-Dhule,Total,9,4693,2328,2365,168,89,79,27,21,6,12,7,5,1085,558,527,299,148,151,104,55,49,30,14,16,2968,1436,1532
498,District-Dhule,Total,10,6405,3115,3290,296,152,144,45,17,28,19,9,10,1422,721,701,573,290,283,137,57,80,47,20,27,3866,1849,2017
498,District-Dhule,Total,11,5379,2620,2759,689,418,271,141,70,71,34,15,19,1474,682,792,575,289,286,163,69,94,37,14,23,2266,1063,1203
498,District-Dhule,Total,12,6572,3123,3449,1096,634,462,198,96,102,65,34,31,1845,813,1032,996,479,517,224,97,127,62,23,39,2086,947,1139
498,District-Dhule,Total,13,6235,2919,3316,1230,701,529,245,110,135,67,26,41,1764,741,1023,954,454,500,222,100,122,47,21,26,1706,766,940
498,District-Dhule,Total,14,7834,3781,4053,2056,1223,833,396,185,211,94,40,54,2137,874,1263,1415,698,717,275,111,164,37,15,22,1424,635,789
498,District-Dhule,Total,15,11026,5508,5518,3461,2180,1281,668,332,336,118,54,64,2783,1060,1723,2170,1138,1032,385,156,229,62,26,36,1379,562,817
498,District-Dhule,Total,16,12560,6248,6312,4758,2971,1787,804,398,406,133,73,60,3083,1030,2053,2192,1136,1056,358,156,202,50,24,26,1182,460,722
498,District-Dhule,Total,17,12987,6520,6467,5206,3382,1824,865,419,446,124,72,52,3285,973,2312,2277,1201,1076,312,128,184,53,18,35,865,327,538
498,District-Dhule,Total,18,20925,10196,10729,8915,5891,3024,1364,643,721,210,104,106,4935,1258,3677,3637,1707,1930,582,213,369,58,20,38,1224,360,864
498,District-Dhule,Total,19,18843,8585,10258,8174,5244,2930,1204,542,662,149,68,81,4794,1007,3787,3134,1325,1809,450,127,323,52,14,38,886,258,628
498,District-Dhule,Rural,5-19,143221,70942,72279,30944,18433,12511,5424,2416,3008,907,411,496,20211,8082,12129,18257,8629,9628,3482,1388,2094,614,239,375,63382,31344,32038
498,District-Dhule,Rural,5,24398,12821,11577,66,46,20,18,12,6,3,2,1,935,458,477,485,264,221,180,104,76,34,14,20,22677,11921,10756
498,District-Dhule,Rural,6,16907,8682,8225,53,27,26,13,4,9,2,1,1,998,513,485,382,200,182,121,60,61,36,18,18,15302,7859,7443
498,District-Dhule,Rural,7,7383,3692,3691,116,68,48,17,10,7,4,2,2,830,425,405,253,120,133,91,37,54,27,15,12,6045,3015,3030
498,District-Dhule,Rural,8,4707,2266,2441,127,76,51,22,6,16,6,2,4,767,384,383,245,123,122,79,33,46,21,10,11,3440,1632,1808
498,District-Dhule,Rural,9,3878,1910,1968,143,70,73,24,19,5,12,7,5,880,458,422,277,140,137,97,50,47,30,14,16,2415,1152,1263
498,District-Dhule,Rural,10,5302,2531,2771,266,128,138,43,17,26,18,9,9,1135,584,551,534,266,268,129,52,77,44,17,27,3133,1458,1675
498,District-Dhule,Rural,11,4415,2117,2298,593,342,251,121,53,68,30,12,18,1088,514,574,536,262,274,157,65,92,34,13,21,1856,856,1000
498,District-Dhule,Rural,12,5520,2574,2946,942,515,427,184,86,98,62,31,31,1364,599,765,928,432,496,213,92,121,56,18,38,1771,801,970
498,District-Dhule,Rural,13,5156,2356,2800,1064,566,498,222,95,127,65,25,40,1225,515,710,900,418,482,214,93,121,41,17,24,1425,627,798
498,District-Dhule,Rural,14,6433,3067,3366,1798,1002,796,364,166,198,87,34,53,1395,597,798,1310,627,683,259,103,156,36,14,22,1184,524,660
498,District-Dhule,Rural,15,8831,4418,4413,2972,1768,1204,616,292,324,107,47,60,1603,662,941,2008,1026,982,363,147,216,58,23,35,1104,453,651
498,District-Dhule,Rural,16,9956,4991,4965,4100,2420,1680,727,336,391,111,59,52,1679,622,1057,2039,1029,1010,334,143,191,49,23,26,917,359,558
498,District-Dhule,Rural,17,9981,5097,4884,4396,2683,1713,784,360,424,102,54,48,1623,550,1073,2091,1067,1024,293,116,177,50,15,35,642,252,390
498,District-Dhule,Rural,18,16061,7887,8174,7493,4660,2833,1208,520,688,170,73,97,2380,678,1702,3366,1505,1861,530,181,349,53,17,36,861,253,608
498,District-Dhule,Rural,19,14293,6533,7760,6815,4062,2753,1061,440,621,128,53,75,2309,523,1786,2903,1150,1753,422,112,310,45,11,34,610,182,428
498,District-Dhule,Urban,5-19,38786,19598,19188,5548,4723,825,622,459,163,136,99,37,13129,4009,9120,1459,1022,437,255,148,107,47,34,13,17590,9104,8486
498,District-Dhule,Urban,5,7200,3873,3327,15,9,6,9,6,3,0,0,0,383,192,191,59,36,23,25,15,10,4,4,0,6705,3611,3094
498,District-Dhule,Urban,6,5507,2963,2544,21,13,8,5,2,3,0,0,0,379,183,196,45,26,19,24,15,9,4,3,1,5029,2721,2308
498,District-Dhule,Urban,7,1631,877,754,27,17,10,0,0,0,3,1,2,250,124,126,12,8,4,4,3,1,0,0,0,1335,724,611
498,District-Dhule,Urban,8,815,423,392,18,15,3,5,2,3,0,0,0,191,95,96,13,9,4,1,0,1,0,0,0,587,302,285
498,District-Dhule,Urban,9,815,418,397,25,19,6,3,2,1,0,0,0,205,100,105,22,8,14,7,5,2,0,0,0,553,284,269
498,District-Dhule,Urban,10,1103,584,519,30,24,6,2,0,2,1,0,1,287,137,150,39,24,15,8,5,3,3,3,0,733,391,342
498,District-Dhule,Urban,11,964,503,461,96,76,20,20,17,3,4,3,1,386,168,218,39,27,12,6,4,2,3,1,2,410,207,203
498,District-Dhule,Urban,12,1052,549,503,154,119,35,14,10,4,3,3,0,481,214,267,68,47,21,11,5,6,6,5,1,315,146,169
498,District-Dhule,Urban,13,1079,563,516,166,135,31,23,15,8,2,1,1,539,226,313,54,36,18,8,7,1,6,4,2,281,139,142
498,District-Dhule,Urban,14,1401,714,687,258,221,37,32,19,13,7,6,1,742,277,465,105,71,34,16,8,8,1,1,0,240,111,129
498,District-Dhule,Urban,15,2195,1090,1105,489,412,77,52,40,12,11,7,4,1180,398,782,162,112,50,22,9,13,4,3,1,275,109,166
498,District-Dhule,Urban,16,2604,1257,1347,658,551,107,77,62,15,22,14,8,1404,408,996,153,107,46,24,13,11,1,1,0,265,101,164
498,District-Dhule,Urban,17,3006,1423,1583,810,699,111,81,59,22,22,18,4,1662,423,1239,186,134,52,19,12,7,3,3,0,223,75,148
498,District-Dhule,Urban,18,4864,2309,2555,1422,1231,191,156,123,33,40,31,9,2555,580,1975,271,202,69,52,32,20,5,3,2,363,107,256
498,District-Dhule,Urban,19,4550,2052,2498,1359,1182,177,143,102,41,21,15,6,2485,484,2001,231,175,56,28,15,13,7,3,4,276,76,200
499,District-Jalgaon,Total,5-19,332333,166832,165501,70566,45379,25187,11839,6402,5437,2166,1145,1021,75284,25575,49709,21866,11031,10835,4676,2184,2492,873,419,454,145063,74697,70366
499,District-Jalgaon,Total,5,62884,34217,28667,163,108,55,31,21,10,4,3,1,2276,1217,1059,782,451,331,372,186,186,36,22,14,59220,32209,27011
499,District-Jalgaon,Total,6,41035,21947,19088,109,67,42,46,26,20,6,2,4,2629,1359,1270,516,264,252,250,125,125,27,15,12,37452,20089,17363
499,District-Jalgaon,Total,7,14823,7760,7063,184,112,72,28,20,8,3,3,0,1896,1006,890,274,137,137,132,72,60,15,8,7,12291,6402,5889
499,District-Jalgaon,Total,8,7964,4038,3926,219,135,84,36,15,21,4,2,2,1681,876,805,235,121,114,82,42,40,13,7,6,5694,2840,2854
499,District-Jalgaon,Total,9,6228,3136,3092,206,125,81,39,19,20,8,5,3,1613,799,814,261,129,132,102,50,52,20,13,7,3979,1996,1983
499,District-Jalgaon,Total,10,8933,4509,4424,354,206,148,75,37,38,20,13,7,2175,1113,1062,475,232,243,134,76,58,50,27,23,5650,2805,2845
499,District-Jalgaon,Total,11,7354,3570,3784,960,632,328,161,85,76,46,31,15,2393,1074,1319,560,260,300,181,81,100,55,28,27,2998,1379,1619
499,District-Jalgaon,Total,12,9154,4389,4765,1476,918,558,304,171,133,73,32,41,3074,1343,1731,922,449,473,222,98,124,61,24,37,3022,1354,1668
499,District-Jalgaon,Total,13,9090,4368,4722,1779,1045,734,358,194,164,107,54,53,3329,1454,1875,968,468,500,227,107,120,70,31,39,2252,1015,1237
499,District-Jalgaon,Total,14,12590,5911,6679,3168,1924,1244,619,299,320,137,69,68,4660,1828,2832,1364,690,674,315,142,173,67,38,29,2260,921,1339
499,District-Jalgaon,Total,15,18669,9134,9535,5772,3633,2139,1012,521,491,252,147,105,6202,2323,3879,2401,1239,1162,485,220,265,104,45,59,2441,1006,1435
499,District-Jalgaon,Total,16,22668,11235,11433,8348,5338,3010,1492,836,656,280,146,134,7566,2470,5096,2497,1391,1106,423,211,212,88,44,44,1974,799,1175
499,District-Jalgaon,Total,17,25812,12558,13254,10380,6749,3631,1739,929,810,300,154,146,8733,2485,6248,2461,1353,1108,439,213,226,68,39,29,1692,636,1056
499,District-Jalgaon,Total,18,44371,21495,22876,19303,12770,6533,2981,1685,1296,503,257,246,13833,3384,10449,4588,2292,2296,718,338,380,116,47,69,2329,722,1607
499,District-Jalgaon,Total,19,40758,18565,22193,18145,11617,6528,2918,1544,1374,423,227,196,13224,2844,10380,3562,1555,2007,594,223,371,83,31,52,1809,524,1285
499,District-Jalgaon,Rural,5-19,243248,122233,121015,59400,36090,23310,9642,4849,4793,1788,871,917,45562,16243,29319,18939,9040,9899,3799,1691,2108,765,348,417,103353,53101,50252
499,District-Jalgaon,Rural,5,45181,24531,20650,102,65,37,20,12,8,4,3,1,1374,737,637,610,341,269,257,132,125,32,20,12,42782,23221,19561
499,District-Jalgaon,Rural,6,28665,15229,13436,81,46,35,26,13,13,5,2,3,1643,836,807,396,195,201,168,85,83,23,11,12,26323,14041,12282
499,District-Jalgaon,Rural,7,10450,5415,5035,119,67,52,18,12,6,2,2,0,1244,688,556,209,105,104,95,53,42,14,7,7,8749,4481,4268
499,District-Jalgaon,Rural,8,5804,2929,2875,162,100,62,28,12,16,4,2,2,1149,606,543,193,102,91,67,33,34,11,6,5,4190,2068,2122
499,District-Jalgaon,Rural,9,4605,2267,2338,160,93,67,31,14,17,8,5,3,1089,543,546,224,108,116,81,40,41,17,11,6,2995,1453,1542
499,District-Jalgaon,Rural,10,6678,3341,3337,295,166,129,65,31,34,18,12,6,1517,776,741,414,195,219,120,69,51,45,23,22,4204,2069,2135
499,District-Jalgaon,Rural,11,5368,2570,2798,736,448,288,129,64,65,42,29,13,1574,724,850,488,217,271,153,67,86,54,28,26,2192,993,1199
499,District-Jalgaon,Rural,12,6850,3242,3608,1219,712,507,250,131,119,64,28,36,2017,893,1124,817,391,426,185,78,107,53,20,33,2245,989,1256
499,District-Jalgaon,Rural,13,6851,3247,3604,1506,831,675,296,150,146,90,43,47,2205,991,1214,857,401,456,193,89,104,61,24,37,1643,718,925
499,District-Jalgaon,Rural,14,9504,4461,5043,2736,1586,1150,508,228,280,118,55,63,2986,1200,1786,1189,578,611,277,119,158,58,31,27,1632,664,968
499,District-Jalgaon,Rural,15,14180,6956,7224,4912,2939,1973,859,408,451,215,125,90,3934,1554,2380,2100,1039,1061,408,172,236,93,37,56,1659,682,977
499,District-Jalgaon,Rural,16,17150,8603,8547,7143,4343,2800,1222,649,573,235,111,124,4671,1593,3078,2154,1148,1006,352,163,189,80,37,43,1293,559,734
499,District-Jalgaon,Rural,17,19036,9380,9656,8756,5385,3371,1406,684,722,243,110,133,5046,1490,3556,2125,1110,1015,362,168,194,59,33,26,1039,400,639
499,District-Jalgaon,Rural,18,33077,16324,16753,16323,10235,6088,2417,1279,1138,402,184,218,7867,2021,5846,4027,1876,2151,591,260,331,97,37,60,1353,432,921
499,District-Jalgaon,Rural,19,29849,13738,16111,15150,9074,6076,2367,1162,1205,338,160,178,7246,1591,5655,3136,1234,1902,490,163,327,68,23,45,1054,331,723
499,District-Jalgaon,Urban,5-19,89085,44599,44486,11166,9289,1877,2197,1553,644,378,274,104,29722,9332,20390,2927,1991,936,877,493,384,108,71,37,41710,21596,20114
499,District-Jalgaon,Urban,5,17703,9686,8017,61,43,18,11,9,2,0,0,0,902,480,422,172,110,62,115,54,61,4,2,2,16438,8988,7450
499,District-Jalgaon,Urban,6,12370,6718,5652,28,21,7,20,13,7,1,0,1,986,523,463,120,69,51,82,40,42,4,4,0,11129,6048,5081
499,District-Jalgaon,Urban,7,4373,2345,2028,65,45,20,10,8,2,1,1,0,652,318,334,65,32,33,37,19,18,1,1,0,3542,1921,1621
499,District-Jalgaon,Urban,8,2160,1109,1051,57,35,22,8,3,5,0,0,0,532,270,262,42,19,23,15,9,6,2,1,1,1504,772,732
499,District-Jalgaon,Urban,9,1623,869,754,46,32,14,8,5,3,0,0,0,524,256,268,37,21,16,21,10,11,3,2,1,984,543,441
499,District-Jalgaon,Urban,10,2255,1168,1087,59,40,19,10,6,4,2,1,1,658,337,321,61,37,24,14,7,7,5,4,1,1446,736,710
499,District-Jalgaon,Urban,11,1986,1000,986,224,184,40,32,21,11,4,2,2,819,350,469,72,43,29,28,14,14,1,0,1,806,386,420
499,District-Jalgaon,Urban,12,2304,1147,1157,257,206,51,54,40,14,9,4,5,1057,450,607,105,58,47,37,20,17,8,4,4,777,365,412
499,District-Jalgaon,Urban,13,2239,1121,1118,273,214,59,62,44,18,17,11,6,1124,463,661,111,67,44,34,18,16,9,7,2,609,297,312
499,District-Jalgaon,Urban,14,3086,1450,1636,432,338,94,111,71,40,19,14,5,1674,628,1046,175,112,63,38,23,15,9,7,2,628,257,371
499,District-Jalgaon,Urban,15,4489,2178,2311,860,694,166,153,113,40,37,22,15,2268,769,1499,301,200,101,77,48,29,11,8,3,782,324,458
499,District-Jalgaon,Urban,16,5518,2632,2886,1205,995,210,270,187,83,45,35,10,2895,877,2018,343,243,100,71,48,23,8,7,1,681,240,441
499,District-Jalgaon,Urban,17,6776,3178,3598,1624,1364,260,333,245,88,57,44,13,3687,995,2692,336,243,93,77,45,32,9,6,3,653,236,417
499,District-Jalgaon,Urban,18,11294,5171,6123,2980,2535,445,564,406,158,101,73,28,5966,1363,4603,561,416,145,127,78,49,19,10,9,976,290,686
499,District-Jalgaon,Urban,19,10909,4827,6082,2995,2543,452,551,382,169,85,67,18,5978,1253,4725,426,321,105,104,60,44,15,8,7,755,193,562
500,District-Buldana,Total,5-19,175894,86131,89763,45654,26503,19151,6084,3165,2919,1022,438,584,40092,13216,26876,6964,3249,3715,993,390,603,159,57,102,74926,39113,35813
500,District-Buldana,Total,5,35695,19276,16419,27,14,13,5,4,1,1,1,0,420,223,197,859,459,400,102,45,57,11,5,6,34270,18525,15745
500,District-Buldana,Total,6,23099,12390,10709,28,12,16,8,4,4,2,2,0,641,333,308,531,268,263,77,41,36,13,5,8,21799,11725,10074
500,District-Buldana,Total,7,6923,3650,3273,110,62,48,2,0,2,2,0,2,961,532,429,174,84,90,15,7,8,5,4,1,5654,2961,2693
500,District-Buldana,Total,8,3229,1612,1617,119,59,60,18,6,12,1,0,1,1002,501,501,92,46,46,17,6,11,1,1,0,1979,993,986
500,District-Buldana,Total,9,2732,1374,1358,141,85,56,12,4,8,3,2,1,1084,543,541,73,34,39,12,4,8,0,0,0,1407,702,705
500,District-Buldana,Total,10,3739,1889,1850,203,105,98,21,7,14,13,5,8,1358,739,619,108,48,60,26,8,18,9,7,2,2001,970,1031
500,District-Buldana,Total,11,3262,1620,1642,444,266,178,53,26,27,13,8,5,1432,710,722,136,66,70,27,12,15,10,4,6,1147,528,619
500,District-Buldana,Total,12,3961,1907,2054,702,424,278,101,58,43,36,12,24,1722,801,921,220,94,126,29,4,25,12,5,7,1139,509,630
500,District-Buldana,Total,13,4368,1951,2417,880,453,427,138,70,68,27,9,18,2049,876,1173,232,102,130,46,18,28,12,2,10,984,421,563
500,District-Buldana,Total,14,6048,2793,3255,1648,957,691,264,140,124,65,30,35,2668,1060,1608,369,145,224,60,24,36,11,2,9,963,435,528
500,District-Buldana,Total,15,8654,4019,4635,3097,1812,1285,443,233,210,95,41,54,3381,1237,2144,578,274,304,88,41,47,12,4,8,960,377,583
500,District-Buldana,Total,16,12056,5695,6361,5174,3105,2069,794,424,370,127,63,64,4382,1385,2997,694,360,334,100,46,54,12,6,6,773,306,467
500,District-Buldana,Total,17,14061,6616,7445,6900,4165,2735,921,509,412,143,69,74,4743,1268,3475,640,328,312,96,32,64,18,6,12,600,239,361
500,District-Buldana,Total,18,23495,10742,12753,12389,7271,5118,1608,855,753,253,106,147,7124,1637,5487,1205,543,662,166,63,103,15,5,10,735,262,473
500,District-Buldana,Total,19,24572,10597,13975,13792,7713,6079,1696,825,871,241,90,151,7125,1371,5754,1053,398,655,132,39,93,18,1,17,515,160,355
500,District-Buldana,Rural,5-19,140285,68188,72097,40501,22330,18171,5160,2434,2726,897,344,553,28059,9524,18535,6032,2665,3367,871,311,560,143,45,98,58622,30535,28087
500,District-Buldana,Rural,5,28605,15448,13157,26,13,13,4,3,1,0,0,0,335,183,152,701,378,323,96,42,54,9,3,6,27434,14826,12608
500,District-Buldana,Rural,6,17916,9571,8345,21,7,14,6,4,2,0,0,0,503,269,234,429,223,206,70,37,33,10,3,7,16877,9028,7849
500,District-Buldana,Rural,7,5279,2773,2506,87,47,40,2,0,2,2,0,2,769,431,338,140,70,70,15,7,8,4,3,1,4260,2215,2045
500,District-Buldana,Rural,8,2533,1254,1279,94,51,43,17,5,12,1,0,1,810,410,400,79,37,42,15,4,11,1,1,0,1516,746,770
500,District-Buldana,Rural,9,2161,1065,1096,119,68,51,11,4,7,3,2,1,845,423,422,63,28,35,12,4,8,0,0,0,1108,536,572
500,District-Buldana,Rural,10,3005,1496,1509,166,87,79,18,5,13,13,5,8,1080,572,508,96,40,56,25,8,17,9,7,2,1598,772,826
500,District-Buldana,Rural,11,2582,1259,1323,379,212,167,42,19,23,13,8,5,1083,544,539,117,53,64,26,12,14,10,4,6,912,407,505
500,District-Buldana,Rural,12,3095,1495,1600,611,359,252,84,47,37,33,9,24,1284,613,671,198,81,117,26,3,23,11,4,7,848,379,469
500,District-Buldana,Rural,13,3377,1468,1909,758,367,391,119,57,62,27,9,18,1480,624,856,197,78,119,44,17,27,11,1,10,741,315,426
500,District-Buldana,Rural,14,4700,2101,2599,1423,780,643,233,114,119,59,27,32,1862,716,1146,333,126,207,51,17,34,9,1,8,730,320,410
500,District-Buldana,Rural,15,6881,3145,3736,2716,1506,1210,367,175,192,86,36,50,2364,874,1490,526,234,292,80,37,43,11,3,8,731,280,451
500,District-Buldana,Rural,16,9552,4477,5075,4566,2600,1966,678,327,351,108,48,60,2915,931,1984,606,300,306,83,36,47,11,5,6,585,230,355
500,District-Buldana,Rural,17,11263,5266,5997,6096,3494,2602,779,391,388,116,49,67,3214,879,2335,548,262,286,81,20,61,18,6,12,411,165,246
500,District-Buldana,Rural,18,19037,8650,10387,11030,6155,4875,1348,637,711,220,81,139,4714,1094,3620,1056,437,619,137,44,93,12,3,9,520,199,321
500,District-Buldana,Rural,19,20299,8720,11579,12409,6584,5825,1452,646,806,216,70,146,4801,961,3840,943,318,625,110,23,87,17,1,16,351,117,234
500,District-Buldana,Urban,5-19,35609,17943,17666,5153,4173,980,924,731,193,125,94,31,12033,3692,8341,932,584,348,122,79,43,16,12,4,16304,8578,7726
500,District-Buldana,Urban,5,7090,3828,3262,1,1,0,1,1,0,1,1,0,85,40,45,158,81,77,6,3,3,2,2,0,6836,3699,3137
500,District-Buldana,Urban,6,5183,2819,2364,7,5,2,2,0,2,2,2,0,138,64,74,102,45,57,7,4,3,3,2,1,4922,2697,2225
500,District-Buldana,Urban,7,1644,877,767,23,15,8,0,0,0,0,0,0,192,101,91,34,14,20,0,0,0,1,1,0,1394,746,648
500,District-Buldana,Urban,8,696,358,338,25,8,17,1,1,0,0,0,0,192,91,101,13,9,4,2,2,0,0,0,0,463,247,216
500,District-Buldana,Urban,9,571,309,262,22,17,5,1,0,1,0,0,0,239,120,119,10,6,4,0,0,0,0,0,0,299,166,133
500,District-Buldana,Urban,10,734,393,341,37,18,19,3,2,1,0,0,0,278,167,111,12,8,4,1,0,1,0,0,0,403,198,205
500,District-Buldana,Urban,11,680,361,319,65,54,11,11,7,4,0,0,0,349,166,183,19,13,6,1,0,1,0,0,0,235,121,114
500,District-Buldana,Urban,12,866,412,454,91,65,26,17,11,6,3,3,0,438,188,250,22,13,9,3,1,2,1,1,0,291,130,161
500,District-Buldana,Urban,13,991,483,508,122,86,36,19,13,6,0,0,0,569,252,317,35,24,11,2,1,1,1,1,0,243,106,137
500,District-Buldana,Urban,14,1348,692,656,225,177,48,31,26,5,6,3,3,806,344,462,36,19,17,9,7,2,2,1,1,233,115,118
500,District-Buldana,Urban,15,1773,874,899,381,306,75,76,58,18,9,5,4,1017,363,654,52,40,12,8,4,4,1,1,0,229,97,132
500,District-Buldana,Urban,16,2504,1218,1286,608,505,103,116,97,19,19,15,4,1467,454,1013,88,60,28,17,10,7,1,1,0,188,76,112
500,District-Buldana,Urban,17,2798,1350,1448,804,671,133,142,118,24,27,20,7,1529,389,1140,92,66,26,15,12,3,0,0,0,189,74,115
500,District-Buldana,Urban,18,4458,2092,2366,1359,1116,243,260,218,42,33,25,8,2410,543,1867,149,106,43,29,19,10,3,2,1,215,63,152
500,District-Buldana,Urban,19,4273,1877,2396,1383,1129,254,244,179,65,25,20,5,2324,410,1914,110,80,30,22,16,6,1,0,1,164,43,121
501,District-Akola,Total,5-19,108413,54946,53467,24159,16973,7186,3578,2288,1290,693,386,307,31454,10018,21436,3315,1913,1402,446,223,223,86,44,42,44682,23101,21581
501,District-Akola,Total,5,21008,11041,9967,20,14,6,4,2,2,3,3,0,419,205,214,527,286,241,65,30,35,10,6,4,19960,10495,9465
501,District-Akola,Total,6,14499,7662,6837,27,16,11,5,4,1,1,0,1,526,265,261,364,197,167,59,27,32,4,2,2,13513,7151,6362
501,District-Akola,Total,7,4217,2212,2005,84,50,34,9,8,1,0,0,0,612,301,311,122,71,51,8,4,4,3,1,2,3379,1777,1602
501,District-Akola,Total,8,1805,913,892,83,52,31,12,7,5,1,0,1,604,307,297,47,27,20,9,4,5,1,1,0,1048,515,533
501,District-Akola,Total,9,1654,827,827,95,52,43,9,5,4,1,1,0,679,329,350,44,23,21,2,1,1,1,0,1,823,416,407
501,District-Akola,Total,10,2381,1217,1164,119,63,56,9,5,4,6,1,5,832,415,417,84,39,45,8,6,2,2,1,1,1321,687,634
501,District-Akola,Total,11,2087,1070,1017,276,170,106,29,17,12,5,1,4,900,437,463,72,43,29,11,9,2,7,2,5,787,391,396
501,District-Akola,Total,12,2259,1165,1094,403,261,142,56,28,28,5,1,4,1115,517,598,93,51,42,18,7,11,3,0,3,566,300,266
501,District-Akola,Total,13,2504,1265,1239,460,313,147,80,50,30,31,20,11,1321,593,728,89,52,37,16,11,5,7,2,5,500,224,276
501,District-Akola,Total,14,3614,1835,1779,827,557,270,146,97,49,24,12,12,1898,817,1081,168,88,80,22,10,12,6,3,3,523,251,272
501,District-Akola,Total,15,5408,2694,2714,1620,1124,496,271,176,95,46,29,17,2651,964,1687,244,147,97,29,14,15,8,5,3,539,235,304
501,District-Akola,Total,16,7443,3742,3701,2540,1849,691,397,292,105,95,61,34,3597,1170,2427,257,147,110,38,16,22,9,6,3,510,201,309
501,District-Akola,Total,17,8827,4410,4417,3552,2560,992,543,361,182,115,76,39,3904,1059,2845,269,169,100,37,24,13,7,3,4,400,158,242
501,District-Akola,Total,18,15298,7647,7651,6853,4945,1908,1003,634,369,157,88,69,6198,1430,4768,520,329,191,68,33,35,13,9,4,486,179,307
501,District-Akola,Total,19,15409,7246,8163,7200,4947,2253,1005,602,403,203,93,110,6198,1209,4989,415,244,171,56,27,29,5,3,2,327,121,206
501,District-Akola,Rural,5-19,64777,32643,32134,17155,10948,6207,2616,1478,1138,519,240,279,15201,5006,10195,2353,1262,1091,351,158,193,74,38,36,26508,13513,12995
501,District-Akola,Rural,5,12841,6686,6155,14,9,5,3,1,2,3,3,0,262,133,129,343,178,165,57,26,31,9,5,4,12150,6331,5819
501,District-Akola,Rural,6,8274,4313,3961,23,13,10,5,4,1,1,0,1,325,164,161,231,123,108,41,19,22,3,2,1,7645,3988,3657
501,District-Akola,Rural,7,2559,1302,1257,64,35,29,8,7,1,0,0,0,396,198,198,80,44,36,6,4,2,2,1,1,2003,1013,990
501,District-Akola,Rural,8,1118,548,570,70,42,28,9,5,4,1,0,1,388,197,191,34,19,15,6,2,4,1,1,0,609,282,327
501,District-Akola,Rural,9,1038,523,515,67,39,28,6,3,3,0,0,0,419,210,209,37,20,17,1,1,0,1,0,1,507,250,257
501,District-Akola,Rural,10,1537,762,775,99,50,49,8,4,4,6,1,5,509,242,267,62,31,31,6,5,1,2,1,1,845,428,417
501,District-Akola,Rural,11,1356,687,669,219,130,89,20,9,11,5,1,4,532,256,276,53,30,23,8,6,2,6,2,4,513,253,260
501,District-Akola,Rural,12,1375,695,680,287,173,114,38,17,21,4,0,4,601,278,323,66,34,32,14,4,10,3,0,3,362,189,173
501,District-Akola,Rural,13,1446,740,706,332,210,122,59,32,27,24,13,11,636,301,335,67,39,28,8,5,3,7,2,5,313,138,175
501,District-Akola,Rural,14,2007,1008,999,560,342,218,101,56,45,20,9,11,869,382,487,128,62,66,16,5,11,6,3,3,307,149,158
501,District-Akola,Rural,15,2992,1490,1502,1112,694,418,168,95,73,31,14,17,1150,431,719,195,113,82,23,9,14,7,5,2,306,129,177
501,District-Akola,Rural,16,4082,2053,2029,1695,1122,573,259,173,86,63,35,28,1531,502,1029,191,96,95,30,10,20,9,6,3,304,109,195
501,District-Akola,Rural,17,5108,2630,2478,2466,1635,831,395,240,155,81,46,35,1719,486,1233,203,113,90,31,20,11,4,1,3,209,89,120
501,District-Akola,Rural,18,9106,4549,4557,4806,3137,1669,735,403,332,120,58,62,2773,626,2147,356,200,156,54,20,34,9,6,3,253,99,154
501,District-Akola,Rural,19,9938,4657,5281,5341,3317,2024,802,429,373,160,60,100,3091,600,2491,307,160,147,50,22,28,5,3,2,182,66,116
501,District-Akola,Urban,5-19,43636,22303,21333,7004,6025,979,962,810,152,174,146,28,16253,5012,11241,962,651,311,95,65,30,12,6,6,18174,9588,8586
501,District-Akola,Urban,5,8167,4355,3812,6,5,1,1,1,0,0,0,0,157,72,85,184,108,76,8,4,4,1,1,0,7810,4164,3646
501,District-Akola,Urban,6,6225,3349,2876,4,3,1,0,0,0,0,0,0,201,101,100,133,74,59,18,8,10,1,0,1,5868,3163,2705
501,District-Akola,Urban,7,1658,910,748,20,15,5,1,1,0,0,0,0,216,103,113,42,27,15,2,0,2,1,0,1,1376,764,612
501,District-Akola,Urban,8,687,365,322,13,10,3,3,2,1,0,0,0,216,110,106,13,8,5,3,2,1,0,0,0,439,233,206
501,District-Akola,Urban,9,616,304,312,28,13,15,3,2,1,1,1,0,260,119,141,7,3,4,1,0,1,0,0,0,316,166,150
501,District-Akola,Urban,10,844,455,389,20,13,7,1,1,0,0,0,0,323,173,150,22,8,14,2,1,1,0,0,0,476,259,217
501,District-Akola,Urban,11,731,383,348,57,40,17,9,8,1,0,0,0,368,181,187,19,13,6,3,3,0,1,0,1,274,138,136
501,District-Akola,Urban,12,884,470,414,116,88,28,18,11,7,1,1,0,514,239,275,27,17,10,4,3,1,0,0,0,204,111,93
501,District-Akola,Urban,13,1058,525,533,128,103,25,21,18,3,7,7,0,685,292,393,22,13,9,8,6,2,0,0,0,187,86,101
501,District-Akola,Urban,14,1607,827,780,267,215,52,45,41,4,4,3,1,1029,435,594,40,26,14,6,5,1,0,0,0,216,102,114
501,District-Akola,Urban,15,2416,1204,1212,508,430,78,103,81,22,15,15,0,1501,533,968,49,34,15,6,5,1,1,0,1,233,106,127
501,District-Akola,Urban,16,3361,1689,1672,845,727,118,138,119,19,32,26,6,2066,668,1398,66,51,15,8,6,2,0,0,0,206,92,114
501,District-Akola,Urban,17,3719,1780,1939,1086,925,161,148,121,27,34,30,4,2185,573,1612,66,56,10,6,4,2,3,2,1,191,69,122
501,District-Akola,Urban,18,6192,3098,3094,2047,1808,239,268,231,37,37,30,7,3425,804,2621,164,129,35,14,13,1,4,3,1,233,80,153
501,District-Akola,Urban,19,5471,2589,2882,1859,1630,229,203,173,30,43,33,10,3107,609,2498,108,84,24,6,5,1,0,0,0,145,55,90
502,District-Washim,Total,5-19,76763,38184,38579,20254,11830,8424,3432,1809,1623,419,216,203,16157,5473,10684,3051,1426,1625,503,216,287,58,31,27,32889,17183,15706
502,District-Washim,Total,5,16975,9156,7819,11,5,6,0,0,0,1,1,0,214,105,109,457,238,219,46,23,23,4,3,1,16242,8781,7461
502,District-Washim,Total,6,10171,5375,4796,17,12,5,2,1,1,0,0,0,254,126,128,264,143,121,24,14,10,4,3,1,9606,5076,4530
502,District-Washim,Total,7,2779,1445,1334,64,32,32,3,3,0,0,0,0,320,163,157,73,40,33,10,5,5,2,0,2,2307,1202,1105
502,District-Washim,Total,8,1180,630,550,71,46,25,9,2,7,0,0,0,345,167,178,39,27,12,4,0,4,3,0,3,709,388,321
502,District-Washim,Total,9,978,480,498,63,40,23,5,1,4,0,0,0,378,198,180,34,18,16,8,4,4,0,0,0,490,219,271
502,District-Washim,Total,10,1455,740,715,105,56,49,11,8,3,2,1,1,483,259,224,51,25,26,10,6,4,1,0,1,792,385,407
502,District-Washim,Total,11,1220,629,591,221,130,91,33,22,11,5,3,2,505,251,254,65,25,40,13,5,8,1,1,0,377,192,185
502,District-Washim,Total,12,1481,732,749,368,210,158,66,34,32,9,3,6,600,296,304,87,38,49,12,6,6,3,1,2,336,144,192
502,District-Washim,Total,13,1662,802,860,437,227,210,67,38,29,9,3,6,732,336,396,107,46,61,18,9,9,2,1,1,290,142,148
502,District-Washim,Total,14,2477,1142,1335,801,429,372,146,76,70,18,9,9,1022,442,580,145,54,91,35,11,24,6,4,2,304,117,187
502,District-Washim,Total,15,3741,1734,2007,1419,814,605,253,117,136,33,17,16,1358,502,856,235,99,136,56,27,29,5,4,1,382,154,228
502,District-Washim,Total,16,5279,2554,2725,2349,1409,940,390,217,173,60,34,26,1841,616,1225,285,142,143,47,19,28,7,4,3,300,113,187
502,District-Washim,Total,17,6043,2823,3220,2919,1692,1227,499,266,233,75,44,31,1964,575,1389,288,137,151,54,17,37,3,0,3,241,92,149
502,District-Washim,Total,18,10848,5150,5698,5676,3412,2264,971,530,441,102,47,55,3234,779,2455,477,225,252,90,42,48,11,7,4,287,108,179
502,District-Washim,Total,19,10474,4792,5682,5733,3316,2417,977,494,483,105,54,51,2907,658,2249,444,169,275,76,28,48,6,3,3,226,70,156
502,District-Washim,Rural,5-19,62438,30911,31527,18079,10061,8018,3087,1537,1550,350,167,183,11469,4055,7414,2665,1179,1486,443,182,261,54,28,26,26291,13702,12589
502,District-Washim,Rural,5,13926,7483,6443,8,3,5,0,0,0,1,1,0,177,88,89,385,201,184,44,23,21,4,3,1,13307,7164,6143
502,District-Washim,Rural,6,8049,4257,3792,15,11,4,2,1,1,0,0,0,199,97,102,221,120,101,17,11,6,3,2,1,7592,4015,3577
502,District-Washim,Rural,7,2170,1117,1053,58,30,28,3,3,0,0,0,0,267,134,133,57,29,28,10,5,5,2,0,2,1773,916,857
502,District-Washim,Rural,8,928,475,453,60,36,24,8,1,7,0,0,0,291,138,153,33,21,12,4,0,4,3,0,3,529,279,250
502,District-Washim,Rural,9,774,385,389,51,31,20,5,1,4,0,0,0,303,160,143,26,14,12,7,4,3,0,0,0,382,175,207
502,District-Washim,Rural,10,1161,593,568,89,48,41,11,8,3,2,1,1,394,217,177,44,20,24,7,5,2,1,0,1,613,294,319
502,District-Washim,Rural,11,993,518,475,193,109,84,29,18,11,4,3,1,407,211,196,58,24,34,10,3,7,1,1,0,291,149,142
502,District-Washim,Rural,12,1222,598,624,322,179,143,58,28,30,7,3,4,480,235,245,76,32,44,12,6,6,3,1,2,264,114,150
502,District-Washim,Rural,13,1327,641,686,386,187,199,57,30,27,7,3,4,546,268,278,95,36,59,16,8,8,2,1,1,218,108,110
502,District-Washim,Rural,14,1974,883,1091,698,356,342,131,64,67,15,7,8,736,322,414,130,45,85,29,7,22,6,4,2,229,78,151
502,District-Washim,Rural,15,2971,1351,1620,1251,684,567,221,98,123,25,12,13,920,334,586,208,81,127,46,19,27,5,4,1,295,119,176
502,District-Washim,Rural,16,4266,2052,2214,2074,1182,892,357,187,170,49,27,22,1240,425,815,256,121,135,41,16,25,6,3,3,243,91,152
502,District-Washim,Rural,17,4956,2287,2669,2595,1416,1179,446,224,222,61,32,29,1350,409,941,264,120,144,49,14,35,3,0,3,188,72,116
502,District-Washim,Rural,18,8851,4230,4621,5081,2913,2168,869,445,424,91,38,53,2106,540,1566,412,177,235,79,34,45,10,7,3,203,76,127
502,District-Washim,Rural,19,8870,4041,4829,5198,2876,2322,890,429,461,88,40,48,2053,477,1576,400,138,262,72,27,45,5,2,3,164,52,112
502,District-Washim,Urban,5-19,14325,7273,7052,2175,1769,406,345,272,73,69,49,20,4688,1418,3270,386,247,139,60,34,26,4,3,1,6598,3481,3117
502,District-Washim,Urban,5,3049,1673,1376,3,2,1,0,0,0,0,0,0,37,17,20,72,37,35,2,0,2,0,0,0,2935,1617,1318
502,District-Washim,Urban,6,2122,1118,1004,2,1,1,0,0,0,0,0,0,55,29,26,43,23,20,7,3,4,1,1,0,2014,1061,953
502,District-Washim,Urban,7,609,328,281,6,2,4,0,0,0,0,0,0,53,29,24,16,11,5,0,0,0,0,0,0,534,286,248
502,District-Washim,Urban,8,252,155,97,11,10,1,1,1,0,0,0,0,54,29,25,6,6,0,0,0,0,0,0,0,180,109,71
502,District-Washim,Urban,9,204,95,109,12,9,3,0,0,0,0,0,0,75,38,37,8,4,4,1,0,1,0,0,0,108,44,64
502,District-Washim,Urban,10,294,147,147,16,8,8,0,0,0,0,0,0,89,42,47,7,5,2,3,1,2,0,0,0,179,91,88
502,District-Washim,Urban,11,227,111,116,28,21,7,4,4,0,1,0,1,98,40,58,7,1,6,3,2,1,0,0,0,86,43,43
502,District-Washim,Urban,12,259,134,125,46,31,15,8,6,2,2,0,2,120,61,59,11,6,5,0,0,0,0,0,0,72,30,42
502,District-Washim,Urban,13,335,161,174,51,40,11,10,8,2,2,0,2,186,68,118,12,10,2,2,1,1,0,0,0,72,34,38
502,District-Washim,Urban,14,503,259,244,103,73,30,15,12,3,3,2,1,286,120,166,15,9,6,6,4,2,0,0,0,75,39,36
502,District-Washim,Urban,15,770,383,387,168,130,38,32,19,13,8,5,3,438,168,270,27,18,9,10,8,2,0,0,0,87,35,52
502,District-Washim,Urban,16,1013,502,511,275,227,48,33,30,3,11,7,4,601,191,410,29,21,8,6,3,3,1,1,0,57,22,35
502,District-Washim,Urban,17,1087,536,551,324,276,48,53,42,11,14,12,2,614,166,448,24,17,7,5,3,2,0,0,0,53,20,33
502,District-Washim,Urban,18,1997,920,1077,595,499,96,102,85,17,11,9,2,1128,239,889,65,48,17,11,8,3,1,0,1,84,32,52
502,District-Washim,Urban,19,1604,751,853,535,440,95,87,65,22,17,14,3,854,181,673,44,31,13,4,1,3,1,1,0,62,18,44
503,District-Amravati,Total,5-19,156086,80342,75744,39193,28126,11067,10917,6421,4496,2256,1217,1039,43540,13690,29850,2854,1472,1382,947,386,561,182,77,105,56197,28953,27244
503,District-Amravati,Total,5,30387,15860,14527,31,24,7,3,3,0,1,1,0,677,345,332,157,85,72,74,36,38,11,8,3,29433,15358,14075
503,District-Amravati,Total,6,17121,8880,8241,18,10,8,11,6,5,1,1,0,836,437,399,75,40,35,50,21,29,10,5,5,16120,8360,7760
503,District-Amravati,Total,7,3808,2006,1802,51,30,21,10,6,4,1,1,0,482,238,244,31,19,12,14,9,5,5,1,4,3214,1702,1512
503,District-Amravati,Total,8,1570,778,792,39,22,17,12,7,5,0,0,0,409,200,209,22,11,11,5,3,2,3,3,0,1080,532,548
503,District-Amravati,Total,9,1240,629,611,52,27,25,15,9,6,3,2,1,363,185,178,17,10,7,12,4,8,4,1,3,774,391,383
503,District-Amravati,Total,10,2200,1142,1058,87,49,38,13,4,9,4,3,1,546,279,267,36,21,15,17,9,8,1,1,0,1496,776,720
503,District-Amravati,Total,11,1726,935,791,312,221,91,65,35,30,18,10,8,688,325,363,47,23,24,22,11,11,4,3,1,570,307,263
503,District-Amravati,Total,12,2365,1236,1129,510,359,151,131,69,62,30,15,15,1117,501,616,96,46,50,30,15,15,6,4,2,445,227,218
503,District-Amravati,Total,13,2854,1471,1383,642,442,200,213,124,89,47,25,22,1469,642,827,84,46,38,29,8,21,6,2,4,364,182,182
503,District-Amravati,Total,14,4869,2529,2340,1348,924,424,495,282,213,102,58,44,2307,982,1325,158,79,79,68,34,34,11,5,6,380,165,215
503,District-Amravati,Total,15,8342,4366,3976,2820,1962,858,930,538,392,209,118,91,3516,1340,2176,265,143,122,91,36,55,23,8,15,488,221,267
503,District-Amravati,Total,16,12660,6681,5979,4710,3351,1359,1446,860,586,325,163,162,5256,1878,3378,351,174,177,103,41,62,26,7,19,443,207,236
503,District-Amravati,Total,17,15481,8121,7360,6215,4501,1714,1839,1106,733,380,202,178,6218,1894,4324,307,191,116,105,52,53,16,6,10,401,169,232
503,District-Amravati,Total,18,25353,12963,12390,11028,8001,3027,2800,1679,1121,587,338,249,9576,2359,7217,636,320,316,180,62,118,27,14,13,519,190,329
503,District-Amravati,Total,19,26110,12745,13365,11330,8203,3127,2934,1693,1241,548,280,268,10080,2085,7995,572,264,308,147,45,102,29,9,20,470,166,304
503,District-Amravati,Rural,5-19,101879,52059,49820,30606,20485,10121,9212,5014,4198,1892,920,972,23092,6998,16094,2143,963,1180,767,277,490,146,51,95,34021,17351,16670
503,District-Amravati,Rural,5,19274,10005,9269,25,19,6,2,2,0,1,1,0,411,212,199,108,54,54,47,26,21,10,7,3,18670,9684,8986
503,District-Amravati,Rural,6,9964,5160,4804,13,6,7,10,5,5,1,1,0,529,279,250,49,28,21,32,15,17,9,5,4,9321,4821,4500
503,District-Amravati,Rural,7,2176,1120,1056,29,15,14,9,5,4,0,0,0,277,131,146,16,10,6,10,7,3,4,0,4,1831,952,879
503,District-Amravati,Rural,8,849,402,447,26,14,12,6,1,5,0,0,0,204,98,106,16,6,10,3,2,1,3,3,0,591,278,313
503,District-Amravati,Rural,9,707,337,370,37,16,21,12,6,6,3,2,1,196,94,102,10,5,5,8,2,6,3,0,3,438,212,226
503,District-Amravati,Rural,10,1298,669,629,61,35,26,7,0,7,4,3,1,300,151,149,26,14,12,11,6,5,1,1,0,888,459,429
503,District-Amravati,Rural,11,993,532,461,233,161,72,50,23,27,13,5,8,330,155,175,29,11,18,15,6,9,3,2,1,320,169,151
503,District-Amravati,Rural,12,1376,677,699,356,226,130,109,49,60,23,11,12,535,224,311,76,34,42,23,11,12,5,3,2,249,119,130
503,District-Amravati,Rural,13,1734,860,874,483,306,177,176,95,81,42,20,22,744,313,431,56,25,31,26,5,21,3,1,2,204,95,109
503,District-Amravati,Rural,14,3183,1604,1579,1069,685,384,413,210,203,85,44,41,1193,492,701,120,50,70,58,26,32,8,3,5,237,94,143
503,District-Amravati,Rural,15,5521,2800,2721,2198,1421,777,771,407,364,181,95,86,1782,626,1156,213,107,106,76,24,52,18,5,13,282,115,167
503,District-Amravati,Rural,16,8573,4491,4082,3730,2467,1263,1237,685,552,286,130,156,2699,955,1744,262,107,155,89,32,57,23,5,18,247,110,137
503,District-Amravati,Rural,17,10423,5489,4934,4815,3247,1568,1567,873,694,307,142,165,3201,980,2221,225,124,101,85,37,48,12,2,10,211,84,127
503,District-Amravati,Rural,18,17405,8926,8479,8633,5860,2773,2351,1312,1039,482,249,233,5006,1157,3849,487,209,278,157,48,109,20,9,11,269,82,187
503,District-Amravati,Rural,19,18403,8987,9416,8898,6007,2891,2492,1341,1151,464,217,247,5685,1131,4554,450,179,271,127,30,97,24,5,19,263,77,186
503,District-Amravati,Urban,5-19,54207,28283,25924,8587,7641,946,1705,1407,298,364,297,67,20448,6692,13756,711,509,202,180,109,71,36,26,10,22176,11602,10574
503,District-Amravati,Urban,5,11113,5855,5258,6,5,1,1,1,0,0,0,0,266,133,133,49,31,18,27,10,17,1,1,0,10763,5674,5089
503,District-Amravati,Urban,6,7157,3720,3437,5,4,1,1,1,0,0,0,0,307,158,149,26,12,14,18,6,12,1,0,1,6799,3539,3260
503,District-Amravati,Urban,7,1632,886,746,22,15,7,1,1,0,1,1,0,205,107,98,15,9,6,4,2,2,1,1,0,1383,750,633
503,District-Amravati,Urban,8,721,376,345,13,8,5,6,6,0,0,0,0,205,102,103,6,5,1,2,1,1,0,0,0,489,254,235
503,District-Amravati,Urban,9,533,292,241,15,11,4,3,3,0,0,0,0,167,91,76,7,5,2,4,2,2,1,1,0,336,179,157
503,District-Amravati,Urban,10,902,473,429,26,14,12,6,4,2,0,0,0,246,128,118,10,7,3,6,3,3,0,0,0,608,317,291
503,District-Amravati,Urban,11,733,403,330,79,60,19,15,12,3,5,5,0,358,170,188,18,12,6,7,5,2,1,1,0,250,138,112
503,District-Amravati,Urban,12,989,559,430,154,133,21,22,20,2,7,4,3,582,277,305,20,12,8,7,4,3,1,1,0,196,108,88
503,District-Amravati,Urban,13,1120,611,509,159,136,23,37,29,8,5,5,0,725,329,396,28,21,7,3,3,0,3,1,2,160,87,73
503,District-Amravati,Urban,14,1686,925,761,279,239,40,82,72,10,17,14,3,1114,490,624,38,29,9,10,8,2,3,2,1,143,71,72
503,District-Amravati,Urban,15,2821,1566,1255,622,541,81,159,131,28,28,23,5,1734,714,1020,52,36,16,15,12,3,5,3,2,206,106,100
503,District-Amravati,Urban,16,4087,2190,1897,980,884,96,209,175,34,39,33,6,2557,923,1634,89,67,22,14,9,5,3,2,1,196,97,99
503,District-Amravati,Urban,17,5058,2632,2426,1400,1254,146,272,233,39,73,60,13,3017,914,2103,82,67,15,20,15,5,4,4,0,190,85,105
503,District-Amravati,Urban,18,7948,4037,3911,2395,2141,254,449,367,82,105,89,16,4570,1202,3368,149,111,38,23,14,9,7,5,2,250,108,142
503,District-Amravati,Urban,19,7707,3758,3949,2432,2196,236,442,352,90,84,63,21,4395,954,3441,122,85,37,20,15,5,5,4,1,207,89,118
504,District-Wardha,Total,5-19,59750,32893,26857,15502,11399,4103,3864,2412,1452,973,575,398,13412,5102,8310,857,492,365,246,117,129,60,31,29,24836,12765,12071
504,District-Wardha,Total,5,13225,6935,6290,6,4,2,0,0,0,0,0,0,154,87,67,60,37,23,21,11,10,7,3,4,12977,6793,6184
504,District-Wardha,Total,6,8408,4389,4019,3,2,1,4,2,2,0,0,0,203,102,101,32,20,12,9,2,7,2,1,1,8155,4260,3895
504,District-Wardha,Total,7,1609,824,785,3,2,1,2,2,0,0,0,0,167,84,83,12,8,4,6,6,0,0,0,0,1419,722,697
504,District-Wardha,Total,8,529,269,260,12,10,2,3,2,1,1,0,1,129,67,62,6,3,3,4,1,3,0,0,0,374,186,188
504,District-Wardha,Total,9,367,175,192,13,7,6,2,1,1,0,0,0,128,65,63,8,5,3,2,2,0,0,0,0,214,95,119
504,District-Wardha,Total,10,620,312,308,19,15,4,5,4,1,1,0,1,173,88,85,19,12,7,7,3,4,0,0,0,396,190,206
504,District-Wardha,Total,11,476,262,214,98,70,28,18,11,7,2,1,1,183,98,85,16,8,8,3,1,2,1,1,0,155,72,83
504,District-Wardha,Total,12,683,369,314,142,97,45,31,19,12,10,6,4,302,149,153,29,16,13,10,4,6,1,1,0,158,77,81
504,District-Wardha,Total,13,792,424,368,201,135,66,48,26,22,10,5,5,377,190,187,21,11,10,8,0,8,1,0,1,126,57,69
504,District-Wardha,Total,14,1298,759,539,388,276,112,98,62,36,24,17,7,575,308,267,55,29,26,9,3,6,4,2,2,145,62,83
504,District-Wardha,Total,15,2388,1473,915,848,652,196,226,138,88,60,43,17,932,514,418,101,42,59,24,8,16,7,6,1,190,70,120
504,District-Wardha,Total,16,3993,2469,1524,1657,1226,431,473,321,152,127,78,49,1488,721,767,91,55,36,29,17,12,6,3,3,122,48,74
504,District-Wardha,Total,17,5500,3373,2127,2554,1928,626,686,444,242,173,122,51,1838,745,1093,106,69,37,27,15,12,6,2,4,110,48,62
504,District-Wardha,Total,18,9608,5433,4175,4610,3390,1220,1101,672,429,289,169,120,3199,1008,2191,181,106,75,47,24,23,16,9,7,165,55,110
504,District-Wardha,Total,19,10254,5427,4827,4948,3585,1363,1167,708,459,276,134,142,3564,876,2688,120,71,49,40,20,20,9,3,6,130,30,100
504,District-Wardha,Rural,5-19,42867,23725,19142,13067,9310,3757,3274,1974,1300,783,424,359,8643,3216,5427,664,365,299,175,77,98,24,13,11,16237,8346,7891
504,District-Wardha,Rural,5,8920,4629,4291,4,2,2,0,0,0,0,0,0,93,50,43,42,25,17,16,8,8,4,3,1,8761,4541,4220
504,District-Wardha,Rural,6,5362,2798,2564,3,2,1,1,0,1,0,0,0,130,66,64,23,17,6,4,1,3,2,1,1,5199,2711,2488
504,District-Wardha,Rural,7,1055,559,496,2,1,1,2,2,0,0,0,0,120,61,59,11,8,3,4,4,0,0,0,0,916,483,433
504,District-Wardha,Rural,8,340,177,163,9,7,2,3,2,1,0,0,0,87,49,38,5,2,3,2,0,2,0,0,0,234,117,117
504,District-Wardha,Rural,9,237,110,127,10,4,6,2,1,1,0,0,0,78,37,41,6,5,1,2,2,0,0,0,0,139,61,78
504,District-Wardha,Rural,10,403,203,200,14,11,3,4,3,1,0,0,0,117,60,57,18,11,7,5,2,3,0,0,0,245,116,129
504,District-Wardha,Rural,11,310,165,145,79,54,25,15,8,7,2,1,1,103,50,53,11,5,6,2,0,2,0,0,0,98,47,51
504,District-Wardha,Rural,12,443,242,201,116,76,40,29,17,12,7,3,4,171,84,87,24,12,12,7,4,3,1,1,0,88,45,43
504,District-Wardha,Rural,13,556,293,263,157,101,56,39,19,20,10,5,5,247,126,121,16,9,7,7,0,7,0,0,0,80,33,47
504,District-Wardha,Rural,14,918,539,379,321,222,99,84,53,31,18,11,7,362,193,169,46,24,22,8,2,6,1,0,1,78,34,44
504,District-Wardha,Rural,15,1707,1067,640,684,517,167,189,111,78,48,34,14,580,324,256,83,30,53,19,4,15,2,1,1,102,46,56
504,District-Wardha,Rural,16,2989,1862,1127,1381,991,390,408,276,132,97,53,44,956,465,491,69,41,28,17,10,7,1,1,0,60,25,35
504,District-Wardha,Rural,17,4242,2635,1607,2183,1615,568,569,352,217,145,102,43,1179,475,704,79,48,31,20,12,8,4,2,2,63,29,34
504,District-Wardha,Rural,18,7388,4196,3192,3886,2769,1117,915,538,377,232,123,109,2074,627,1447,143,83,60,32,16,16,4,2,2,102,38,64
504,District-Wardha,Rural,19,7997,4250,3747,4218,2938,1280,1014,592,422,224,92,132,2346,549,1797,88,45,43,30,12,18,5,2,3,72,20,52
504,District-Wardha,Urban,5-19,16883,9168,7715,2435,2089,346,590,438,152,190,151,39,4769,1886,2883,193,127,66,71,40,31,36,18,18,8599,4419,4180
504,District-Wardha,Urban,5,4305,2306,1999,2,2,0,0,0,0,0,0,0,61,37,24,18,12,6,5,3,2,3,0,3,4216,2252,1964
504,District-Wardha,Urban,6,3046,1591,1455,0,0,0,3,2,1,0,0,0,73,36,37,9,3,6,5,1,4,0,0,0,2956,1549,1407
504,District-Wardha,Urban,7,554,265,289,1,1,0,0,0,0,0,0,0,47,23,24,1,0,1,2,2,0,0,0,0,503,239,264
504,District-Wardha,Urban,8,189,92,97,3,3,0,0,0,0,1,0,1,42,18,24,1,1,0,2,1,1,0,0,0,140,69,71
504,District-Wardha,Urban,9,130,65,65,3,3,0,0,0,0,0,0,0,50,28,22,2,0,2,0,0,0,0,0,0,75,34,41
504,District-Wardha,Urban,10,217,109,108,5,4,1,1,1,0,1,0,1,56,28,28,1,1,0,2,1,1,0,0,0,151,74,77
504,District-Wardha,Urban,11,166,97,69,19,16,3,3,3,0,0,0,0,80,48,32,5,3,2,1,1,0,1,1,0,57,25,32
504,District-Wardha,Urban,12,240,127,113,26,21,5,2,2,0,3,3,0,131,65,66,5,4,1,3,0,3,0,0,0,70,32,38
504,District-Wardha,Urban,13,236,131,105,44,34,10,9,7,2,0,0,0,130,64,66,5,2,3,1,0,1,1,0,1,46,24,22
504,District-Wardha,Urban,14,380,220,160,67,54,13,14,9,5,6,6,0,213,115,98,9,5,4,1,1,0,3,2,1,67,28,39
504,District-Wardha,Urban,15,681,406,275,164,135,29,37,27,10,12,9,3,352,190,162,18,12,6,5,4,1,5,5,0,88,24,64
504,District-Wardha,Urban,16,1004,607,397,276,235,41,65,45,20,30,25,5,532,256,276,22,14,8,12,7,5,5,2,3,62,23,39
504,District-Wardha,Urban,17,1258,738,520,371,313,58,117,92,25,28,20,8,659,270,389,27,21,6,7,3,4,2,0,2,47,19,28
504,District-Wardha,Urban,18,2220,1237,983,724,621,103,186,134,52,57,46,11,1125,381,744,38,23,15,15,8,7,12,7,5,63,17,46
504,District-Wardha,Urban,19,2257,1177,1080,730,647,83,153,116,37,52,42,10,1218,327,891,32,26,6,10,8,2,4,1,3,58,10,48
505,District-Nagpur,Total,5-19,227997,123075,104922,48190,37086,11104,10217,6598,3619,2430,1551,879,65165,25158,40007,4032,2498,1534,1240,657,583,230,122,108,96493,49405,47088
505,District-Nagpur,Total,5,48055,25158,22897,79,52,27,20,7,13,2,1,1,2048,1055,993,295,170,125,195,104,91,12,3,9,45404,23766,21638
505,District-Nagpur,Total,6,33590,17470,16120,54,38,16,23,12,11,2,0,2,2333,1177,1156,211,119,92,129,70,59,18,5,13,30820,16049,14771
505,District-Nagpur,Total,7,7893,4080,3813,96,51,45,17,10,7,1,1,0,1310,673,637,74,44,30,31,14,17,5,2,3,6359,3285,3074
505,District-Nagpur,Total,8,3186,1653,1533,87,52,35,17,9,8,1,0,1,1081,531,550,34,17,17,21,7,14,3,0,3,1942,1037,905
505,District-Nagpur,Total,9,2629,1299,1330,81,46,35,18,10,8,3,3,0,1060,541,519,29,12,17,14,7,7,2,2,0,1422,678,744
505,District-Nagpur,Total,10,3980,2046,1934,146,99,47,27,16,11,6,5,1,1364,698,666,59,30,29,23,17,6,4,2,2,2351,1179,1172
505,District-Nagpur,Total,11,3403,1787,1616,493,344,149,100,60,40,14,7,7,1638,757,881,84,58,26,21,12,9,2,2,0,1051,547,504
505,District-Nagpur,Total,12,4013,2125,1888,769,583,186,137,89,48,27,15,12,1966,912,1054,134,75,59,39,26,13,5,3,2,936,422,514
505,District-Nagpur,Total,13,4204,2245,1959,800,598,202,155,99,56,23,18,5,2206,1041,1165,130,77,53,38,21,17,12,4,8,840,387,453
505,District-Nagpur,Total,14,6221,3504,2717,1563,1171,392,344,217,127,79,53,26,3103,1517,1586,184,114,70,65,35,30,20,10,10,863,387,476
505,District-Nagpur,Total,15,9958,5733,4225,2996,2305,691,650,444,206,161,114,47,4562,2124,2438,441,262,179,109,53,56,23,14,9,1016,417,599
505,District-Nagpur,Total,16,14654,8518,6136,5064,3896,1168,1252,813,439,312,197,115,6558,2910,3648,432,278,154,113,57,56,18,8,10,905,359,546
505,District-Nagpur,Total,17,19270,11043,8227,7538,5804,1734,1673,1110,563,392,254,138,8269,3182,5087,465,295,170,101,62,39,27,16,11,805,320,485
505,District-Nagpur,Total,18,32587,18264,14323,13755,10733,3022,2897,1873,1024,705,461,244,13251,4212,9039,821,534,287,193,110,83,43,27,16,922,314,608
505,District-Nagpur,Total,19,34354,18150,16204,14669,11314,3355,2887,1829,1058,702,422,280,14416,3828,10588,639,413,226,148,62,86,36,24,12,857,258,599
505,District-Nagpur,Rural,5-19,85668,46147,39521,23366,16057,7309,6308,3760,2548,1516,842,674,19914,8017,11897,1894,998,896,606,284,322,149,71,78,31915,16118,15797
505,District-Nagpur,Rural,5,16072,8384,7688,35,22,13,8,2,6,2,1,1,571,310,261,117,63,54,51,25,26,8,1,7,15280,7960,7320
505,District-Nagpur,Rural,6,10235,5271,4964,13,9,4,2,1,1,0,0,0,659,320,339,81,44,37,27,17,10,9,5,4,9444,4875,4569
505,District-Nagpur,Rural,7,2679,1363,1316,33,16,17,3,2,1,1,1,0,457,239,218,32,20,12,10,3,7,3,1,2,2140,1081,1059
505,District-Nagpur,Rural,8,1170,575,595,31,18,13,6,5,1,1,0,1,390,199,191,15,8,7,8,1,7,3,0,3,716,344,372
505,District-Nagpur,Rural,9,1033,482,551,32,12,20,6,2,4,1,1,0,422,204,218,13,2,11,6,3,3,1,1,0,552,257,295
505,District-Nagpur,Rural,10,1454,725,729,53,38,15,10,7,3,1,1,0,523,257,266,25,10,15,11,8,3,4,2,2,827,402,425
505,District-Nagpur,Rural,11,1243,638,605,187,118,69,49,29,20,8,3,5,530,243,287,44,28,16,12,7,5,1,1,0,412,209,203
505,District-Nagpur,Rural,12,1453,725,728,301,191,110,63,38,25,16,10,6,628,300,328,59,26,33,24,16,8,3,1,2,359,143,216
505,District-Nagpur,Rural,13,1570,797,773,334,206,128,71,40,31,14,9,5,728,359,369,57,26,31,25,9,16,9,1,8,332,147,185
505,District-Nagpur,Rural,14,2361,1301,1060,693,450,243,181,110,71,49,30,19,948,504,444,90,43,47,45,21,24,13,6,7,342,137,205
505,District-Nagpur,Rural,15,3902,2244,1658,1361,947,414,366,232,134,112,74,38,1376,693,683,219,105,114,71,29,42,11,6,5,386,158,228
505,District-Nagpur,Rural,16,6110,3560,2550,2494,1724,770,799,477,322,195,109,86,1985,962,1023,213,118,95,72,33,39,17,7,10,335,130,205
505,District-Nagpur,Rural,17,8154,4725,3429,3793,2644,1149,1062,664,398,238,130,108,2489,1019,1470,230,118,112,56,28,28,19,9,10,267,113,154
505,District-Nagpur,Rural,18,13620,7694,5926,6726,4702,2024,1835,1088,747,447,257,190,3819,1262,2557,388,221,167,112,57,55,24,14,10,269,93,176
505,District-Nagpur,Rural,19,14612,7663,6949,7280,4960,2320,1847,1063,784,431,216,215,4389,1146,3243,311,166,145,76,27,49,24,16,8,254,69,185
505,District-Nagpur,Urban,5-19,142329,76928,65401,24824,21029,3795,3909,2838,1071,914,709,205,45251,17141,28110,2138,1500,638,634,373,261,81,51,30,64578,33287,31291
505,District-Nagpur,Urban,5,31983,16774,15209,44,30,14,12,5,7,0,0,0,1477,745,732,178,107,71,144,79,65,4,2,2,30124,15806,14318
505,District-Nagpur,Urban,6,23355,12199,11156,41,29,12,21,11,10,2,0,2,1674,857,817,130,75,55,102,53,49,9,0,9,21376,11174,10202
505,District-Nagpur,Urban,7,5214,2717,2497,63,35,28,14,8,6,0,0,0,853,434,419,42,24,18,21,11,10,2,1,1,4219,2204,2015
505,District-Nagpur,Urban,8,2016,1078,938,56,34,22,11,4,7,0,0,0,691,332,359,19,9,10,13,6,7,0,0,0,1226,693,533
505,District-Nagpur,Urban,9,1596,817,779,49,34,15,12,8,4,2,2,0,638,337,301,16,10,6,8,4,4,1,1,0,870,421,449
505,District-Nagpur,Urban,10,2526,1321,1205,93,61,32,17,9,8,5,4,1,841,441,400,34,20,14,12,9,3,0,0,0,1524,777,747
505,District-Nagpur,Urban,11,2160,1149,1011,306,226,80,51,31,20,6,4,2,1108,514,594,40,30,10,9,5,4,1,1,0,639,338,301
505,District-Nagpur,Urban,12,2560,1400,1160,468,392,76,74,51,23,11,5,6,1338,612,726,75,49,26,15,10,5,2,2,0,577,279,298
505,District-Nagpur,Urban,13,2634,1448,1186,466,392,74,84,59,25,9,9,0,1478,682,796,73,51,22,13,12,1,3,3,0,508,240,268
505,District-Nagpur,Urban,14,3860,2203,1657,870,721,149,163,107,56,30,23,7,2155,1013,1142,94,71,23,20,14,6,7,4,3,521,250,271
505,District-Nagpur,Urban,15,6056,3489,2567,1635,1358,277,284,212,72,49,40,9,3186,1431,1755,222,157,65,38,24,14,12,8,4,630,259,371
505,District-Nagpur,Urban,16,8544,4958,3586,2570,2172,398,453,336,117,117,88,29,4573,1948,2625,219,160,59,41,24,17,1,1,0,570,229,341
505,District-Nagpur,Urban,17,11116,6318,4798,3745,3160,585,611,446,165,154,124,30,5780,2163,3617,235,177,58,45,34,11,8,7,1,538,207,331
505,District-Nagpur,Urban,18,18967,10570,8397,7029,6031,998,1062,785,277,258,204,54,9432,2950,6482,433,313,120,81,53,28,19,13,6,653,221,432
505,District-Nagpur,Urban,19,19742,10487,9255,7389,6354,1035,1040,766,274,271,206,65,10027,2682,7345,328,247,81,72,35,37,12,8,4,603,189,414
506,District-Bhandara,Total,5-19,55271,29847,25424,10814,7394,3420,6633,3869,2764,1424,790,634,11838,5297,6541,784,434,350,476,228,248,113,46,67,23189,11789,11400
506,District-Bhandara,Total,5,13212,6744,6468,23,15,8,10,4,6,3,1,2,667,356,311,104,48,56,79,32,47,14,6,8,12312,6282,6030
506,District-Bhandara,Total,6,7984,4124,3860,18,11,7,19,13,6,1,1,0,703,336,367,55,28,27,42,25,17,9,5,4,7137,3705,3432
506,District-Bhandara,Total,7,1658,818,840,22,12,10,8,3,5,0,0,0,277,136,141,28,16,12,15,4,11,4,3,1,1304,644,660
506,District-Bhandara,Total,8,549,292,257,19,9,10,2,1,1,2,1,1,188,91,97,5,3,2,2,1,1,0,0,0,331,186,145
506,District-Bhandara,Total,9,483,242,241,20,9,11,7,6,1,3,1,2,173,82,91,8,7,1,3,2,1,2,2,0,267,133,134
506,District-Bhandara,Total,10,786,393,393,31,19,12,12,9,3,2,1,1,225,106,119,16,9,7,7,2,5,2,1,1,491,246,245
506,District-Bhandara,Total,11,714,369,345,147,101,46,63,37,26,7,2,5,254,118,136,24,15,9,19,7,12,2,0,2,198,89,109
506,District-Bhandara,Total,12,731,393,338,192,132,60,81,48,33,25,14,11,258,115,143,28,14,14,13,4,9,4,1,3,130,65,65
506,District-Bhandara,Total,13,744,405,339,159,101,58,93,39,54,16,9,7,309,177,132,22,11,11,14,5,9,3,1,2,128,62,66
506,District-Bhandara,Total,14,1018,591,427,255,169,86,134,89,45,36,26,10,427,229,198,31,12,19,18,5,13,4,1,3,113,60,53
506,District-Bhandara,Total,15,1857,1166,691,547,397,150,284,189,95,88,65,23,681,394,287,71,33,38,32,13,19,6,3,3,148,72,76
506,District-Bhandara,Total,16,3343,2080,1263,1072,776,296,644,440,204,161,105,56,1197,638,559,59,29,30,49,26,23,7,3,4,154,63,91
506,District-Bhandara,Total,17,4631,2805,1826,1589,1155,434,1069,669,400,217,130,87,1493,720,773,71,39,32,46,29,17,13,7,6,133,56,77
506,District-Bhandara,Total,18,8050,4547,3503,2996,2071,925,1909,1144,765,393,199,194,2347,936,1411,133,86,47,68,36,32,23,10,13,181,65,116
506,District-Bhandara,Total,19,9511,4878,4633,3724,2417,1307,2298,1178,1120,470,235,235,2639,863,1776,129,84,45,69,37,32,20,3,17,162,61,101
506,District-Bhandara,Rural,5-19,46197,24975,21222,9776,6557,3219,6191,3552,2639,1345,733,612,8988,4049,4939,713,387,326,417,199,218,107,42,65,18660,9456,9204
506,District-Bhandara,Rural,5,10871,5557,5314,21,13,8,10,4,6,3,1,2,531,285,246,92,41,51,64,27,37,13,5,8,10137,5181,4956
506,District-Bhandara,Rural,6,6247,3204,3043,16,10,6,18,12,6,1,1,0,546,260,286,49,26,23,39,23,16,9,5,4,5569,2867,2702
506,District-Bhandara,Rural,7,1263,615,648,20,10,10,6,3,3,0,0,0,210,104,106,25,13,12,13,3,10,4,3,1,985,479,506
506,District-Bhandara,Rural,8,431,229,202,14,6,8,2,1,1,1,1,0,151,74,77,5,3,2,2,1,1,0,0,0,256,143,113
506,District-Bhandara,Rural,9,404,203,201,16,8,8,6,6,0,3,1,2,143,68,75,6,5,1,3,2,1,2,2,0,225,111,114
506,District-Bhandara,Rural,10,631,325,306,29,18,11,11,8,3,2,1,1,169,84,85,15,9,6,6,2,4,2,1,1,397,202,195
506,District-Bhandara,Rural,11,576,297,279,123,83,40,61,35,26,6,2,4,191,90,101,23,14,9,17,7,10,2,0,2,153,66,87
506,District-Bhandara,Rural,12,597,326,271,164,110,54,74,43,31,25,14,11,192,87,105,24,13,11,12,3,9,3,1,2,103,55,48
506,District-Bhandara,Rural,13,616,331,285,138,88,50,83,32,51,14,8,6,243,142,101,19,8,11,13,5,8,3,1,2,103,47,56
506,District-Bhandara,Rural,14,838,499,339,231,155,76,118,80,38,35,25,10,316,174,142,30,12,18,15,4,11,4,1,3,89,48,41
506,District-Bhandara,Rural,15,1548,984,564,478,348,130,256,169,87,84,61,23,511,299,212,66,30,36,27,13,14,5,2,3,121,62,59
506,District-Bhandara,Rural,16,2845,1784,1061,947,675,272,604,405,199,154,102,52,913,503,410,54,26,28,42,21,21,7,3,4,124,49,75
506,District-Bhandara,Rural,17,3992,2417,1575,1435,1027,408,994,613,381,208,122,86,1124,545,579,66,34,32,39,23,16,12,6,6,114,47,67
506,District-Bhandara,Rural,18,7020,3962,3058,2723,1840,883,1785,1053,732,371,181,190,1784,716,1068,123,79,44,63,32,31,22,9,13,149,52,97
506,District-Bhandara,Rural,19,8318,4242,4076,3421,2166,1255,2163,1088,1075,438,213,225,1964,618,1346,116,74,42,62,33,29,19,3,16,135,47,88
506,District-Bhandara,Urban,5-19,9074,4872,4202,1038,837,201,442,317,125,79,57,22,2850,1248,1602,71,47,24,59,29,30,6,4,2,4529,2333,2196
506,District-Bhandara,Urban,5,2341,1187,1154,2,2,0,0,0,0,0,0,0,136,71,65,12,7,5,15,5,10,1,1,0,2175,1101,1074
506,District-Bhandara,Urban,6,1737,920,817,2,1,1,1,1,0,0,0,0,157,76,81,6,2,4,3,2,1,0,0,0,1568,838,730
506,District-Bhandara,Urban,7,395,203,192,2,2,0,2,0,2,0,0,0,67,32,35,3,3,0,2,1,1,0,0,0,319,165,154
506,District-Bhandara,Urban,8,118,63,55,5,3,2,0,0,0,1,0,1,37,17,20,0,0,0,0,0,0,0,0,0,75,43,32
506,District-Bhandara,Urban,9,79,39,40,4,1,3,1,0,1,0,0,0,30,14,16,2,2,0,0,0,0,0,0,0,42,22,20
506,District-Bhandara,Urban,10,155,68,87,2,1,1,1,1,0,0,0,0,56,22,34,1,0,1,1,0,1,0,0,0,94,44,50
506,District-Bhandara,Urban,11,138,72,66,24,18,6,2,2,0,1,0,1,63,28,35,1,1,0,2,0,2,0,0,0,45,23,22
506,District-Bhandara,Urban,12,134,67,67,28,22,6,7,5,2,0,0,0,66,28,38,4,1,3,1,1,0,1,0,1,27,10,17
506,District-Bhandara,Urban,13,128,74,54,21,13,8,10,7,3,2,1,1,66,35,31,3,3,0,1,0,1,0,0,0,25,15,10
506,District-Bhandara,Urban,14,180,92,88,24,14,10,16,9,7,1,1,0,111,55,56,1,0,1,3,1,2,0,0,0,24,12,12
506,District-Bhandara,Urban,15,309,182,127,69,49,20,28,20,8,4,4,0,170,95,75,5,3,2,5,0,5,1,1,0,27,10,17
506,District-Bhandara,Urban,16,498,296,202,125,101,24,40,35,5,7,3,4,284,135,149,5,3,2,7,5,2,0,0,0,30,14,16
506,District-Bhandara,Urban,17,639,388,251,154,128,26,75,56,19,9,8,1,369,175,194,5,5,0,7,6,1,1,1,0,19,9,10
506,District-Bhandara,Urban,18,1030,585,445,273,231,42,124,91,33,22,18,4,563,220,343,10,7,3,5,4,1,1,1,0,32,13,19
506,District-Bhandara,Urban,19,1193,636,557,303,251,52,135,90,45,32,22,10,675,245,430,13,10,3,7,4,3,1,0,1,27,14,13
507,District-Gondiya,Total,5-19,69861,36104,33757,11866,7881,3985,9465,5158,4307,2353,1155,1198,15492,6608,8884,926,482,444,485,224,261,141,54,87,29133,14542,14591
507,District-Gondiya,Total,5,15033,7615,7418,15,9,6,12,8,4,1,1,0,346,167,179,155,76,79,57,26,31,10,8,2,14437,7320,7117
507,District-Gondiya,Total,6,9350,4723,4627,10,4,6,6,1,5,4,2,2,426,207,219,94,50,44,43,20,23,13,5,8,8754,4434,4320
507,District-Gondiya,Total,7,2354,1145,1209,21,11,10,6,2,4,1,0,1,450,209,241,29,16,13,10,7,3,3,1,2,1834,899,935
507,District-Gondiya,Total,8,1114,544,570,31,15,16,5,3,2,1,1,0,477,240,237,13,6,7,8,4,4,2,1,1,577,274,303
507,District-Gondiya,Total,9,986,503,483,35,21,14,6,4,2,3,2,1,454,230,224,15,8,7,3,1,2,1,0,1,469,237,232
507,District-Gondiya,Total,10,1305,638,667,43,21,22,16,7,9,4,0,4,559,281,278,17,6,11,6,0,6,1,1,0,659,322,337
507,District-Gondiya,Total,11,1182,599,583,136,85,51,60,32,28,13,6,7,563,284,279,31,19,12,8,1,7,4,0,4,367,172,195
507,District-Gondiya,Total,12,1222,636,586,172,116,56,120,64,56,15,9,6,567,290,277,21,9,12,11,5,6,5,1,4,311,142,169
507,District-Gondiya,Total,13,1317,686,631,175,119,56,101,49,52,34,14,20,678,343,335,37,17,20,14,7,7,2,0,2,276,137,139
507,District-Gondiya,Total,14,1758,928,830,336,226,110,209,120,89,64,39,25,785,379,406,44,20,24,22,9,13,11,5,6,287,130,157
507,District-Gondiya,Total,15,2609,1479,1130,598,426,172,400,238,162,136,88,48,1019,534,485,66,29,37,43,18,25,8,3,5,339,143,196
507,District-Gondiya,Total,16,4306,2467,1839,1106,782,324,966,590,376,271,148,123,1580,789,791,70,39,31,45,23,22,17,10,7,251,86,165
507,District-Gondiya,Total,17,6114,3335,2779,1828,1221,607,1608,941,667,411,196,215,1897,803,1094,87,48,39,59,31,28,18,3,15,206,92,114
507,District-Gondiya,Total,18,9896,5249,4647,3401,2264,1137,2766,1500,1266,661,335,326,2633,949,1684,125,68,57,75,34,41,23,6,17,212,93,119
507,District-Gondiya,Total,19,11315,5557,5758,3959,2561,1398,3184,1599,1585,734,314,420,3058,903,2155,122,71,51,81,38,43,23,10,13,154,61,93
507,District-Gondiya,Rural,5-19,59584,30633,28951,10523,6845,3678,8947,4819,4128,2235,1081,1154,12388,5263,7125,763,395,368,433,199,234,136,51,85,24159,11980,12179
507,District-Gondiya,Rural,5,12736,6440,6296,14,8,6,9,6,3,1,1,0,282,138,144,120,62,58,50,24,26,10,8,2,12250,6193,6057
507,District-Gondiya,Rural,6,7542,3784,3758,7,3,4,6,1,5,4,2,2,370,180,190,68,38,30,30,12,18,13,5,8,7044,3543,3501
507,District-Gondiya,Rural,7,1900,905,995,16,8,8,6,2,4,0,0,0,363,168,195,22,11,11,9,6,3,3,1,2,1481,709,772
507,District-Gondiya,Rural,8,908,432,476,28,13,15,5,3,2,1,1,0,382,188,194,10,6,4,8,4,4,2,1,1,472,216,256
507,District-Gondiya,Rural,9,826,417,409,25,15,10,5,3,2,3,2,1,387,191,196,13,6,7,3,1,2,1,0,1,389,199,190
507,District-Gondiya,Rural,10,1051,512,539,34,14,20,14,6,8,4,0,4,442,230,212,13,3,10,5,0,5,1,1,0,538,258,280
507,District-Gondiya,Rural,11,969,479,490,112,63,49,54,27,27,12,5,7,444,228,216,25,14,11,8,1,7,4,0,4,310,141,169
507,District-Gondiya,Rural,12,1009,503,506,147,94,53,109,58,51,14,8,6,444,215,229,18,6,12,11,5,6,5,1,4,261,116,145
507,District-Gondiya,Rural,13,1089,550,539,148,99,49,91,40,51,32,12,20,537,269,268,33,15,18,12,5,7,2,0,2,234,110,124
507,District-Gondiya,Rural,14,1457,781,676,286,197,89,194,113,81,57,33,24,628,306,322,30,14,16,19,9,10,9,3,6,234,106,128
507,District-Gondiya,Rural,15,2173,1230,943,516,359,157,361,216,145,121,76,45,792,418,374,60,25,35,39,17,22,8,3,5,276,116,160
507,District-Gondiya,Rural,16,3692,2118,1574,960,665,295,899,551,348,249,134,115,1265,632,633,58,32,26,40,20,20,17,10,7,204,74,130
507,District-Gondiya,Rural,17,5439,2962,2477,1624,1064,560,1531,885,646,396,192,204,1570,669,901,77,43,34,56,29,27,16,2,14,169,78,91
507,District-Gondiya,Rural,18,8760,4607,4153,3029,1972,1057,2626,1404,1222,635,319,316,2092,737,1355,108,59,49,68,31,37,22,6,16,180,79,101
507,District-Gondiya,Rural,19,10033,4913,5120,3577,2271,1306,3037,1504,1533,706,296,410,2390,694,1696,108,61,47,75,35,40,23,10,13,117,42,75
507,District-Gondiya,Urban,5-19,10277,5471,4806,1343,1036,307,518,339,179,118,74,44,3104,1345,1759,163,87,76,52,25,27,5,3,2,4974,2562,2412
507,District-Gondiya,Urban,5,2297,1175,1122,1,1,0,3,2,1,0,0,0,64,29,35,35,14,21,7,2,5,0,0,0,2187,1127,1060
507,District-Gondiya,Urban,6,1808,939,869,3,1,2,0,0,0,0,0,0,56,27,29,26,12,14,13,8,5,0,0,0,1710,891,819
507,District-Gondiya,Urban,7,454,240,214,5,3,2,0,0,0,1,0,1,87,41,46,7,5,2,1,1,0,0,0,0,353,190,163
507,District-Gondiya,Urban,8,206,112,94,3,2,1,0,0,0,0,0,0,95,52,43,3,0,3,0,0,0,0,0,0,105,58,47
507,District-Gondiya,Urban,9,160,86,74,10,6,4,1,1,0,0,0,0,67,39,28,2,2,0,0,0,0,0,0,0,80,38,42
507,District-Gondiya,Urban,10,254,126,128,9,7,2,2,1,1,0,0,0,117,51,66,4,3,1,1,0,1,0,0,0,121,64,57
507,District-Gondiya,Urban,11,213,120,93,24,22,2,6,5,1,1,1,0,119,56,63,6,5,1,0,0,0,0,0,0,57,31,26
507,District-Gondiya,Urban,12,213,133,80,25,22,3,11,6,5,1,1,0,123,75,48,3,3,0,0,0,0,0,0,0,50,26,24
507,District-Gondiya,Urban,13,228,136,92,27,20,7,10,9,1,2,2,0,141,74,67,4,2,2,2,2,0,0,0,0,42,27,15
507,District-Gondiya,Urban,14,301,147,154,50,29,21,15,7,8,7,6,1,157,73,84,14,6,8,3,0,3,2,2,0,53,24,29
507,District-Gondiya,Urban,15,436,249,187,82,67,15,39,22,17,15,12,3,227,116,111,6,4,2,4,1,3,0,0,0,63,27,36
507,District-Gondiya,Urban,16,614,349,265,146,117,29,67,39,28,22,14,8,315,157,158,12,7,5,5,3,2,0,0,0,47,12,35
507,District-Gondiya,Urban,17,675,373,302,204,157,47,77,56,21,15,4,11,327,134,193,10,5,5,3,2,1,2,1,1,37,14,23
507,District-Gondiya,Urban,18,1136,642,494,372,292,80,140,96,44,26,16,10,541,212,329,17,9,8,7,3,4,1,0,1,32,14,18
507,District-Gondiya,Urban,19,1282,644,638,382,290,92,147,95,52,28,18,10,668,209,459,14,10,4,6,3,3,0,0,0,37,19,18
508,District-Gadchiroli,Total,5-19,77101,37435,39666,15705,8924,6781,10457,5086,5371,2623,1225,1398,12731,5464,7267,5217,2167,3050,2238,775,1463,434,169,265,27696,13625,14071
508,District-Gadchiroli,Total,5,12956,6643,6313,15,8,7,6,3,3,0,0,0,105,56,49,415,221,194,97,53,44,27,12,15,12291,6290,6001
508,District-Gadchiroli,Total,6,8072,4119,3953,14,6,8,6,4,2,1,0,1,186,95,91,308,152,156,88,46,42,22,13,9,7447,3803,3644
508,District-Gadchiroli,Total,7,2550,1300,1250,47,23,24,14,3,11,3,2,1,275,137,138,123,67,56,30,13,17,11,5,6,2047,1050,997
508,District-Gadchiroli,Total,8,1377,659,718,77,37,40,8,3,5,1,1,0,292,139,153,102,52,50,30,8,22,13,8,5,854,411,443
508,District-Gadchiroli,Total,9,1273,610,663,75,35,40,17,10,7,5,1,4,338,191,147,96,39,57,39,16,23,15,6,9,688,312,376
508,District-Gadchiroli,Total,10,1565,744,821,111,65,46,42,21,21,7,4,3,377,185,192,138,78,60,47,17,30,12,5,7,831,369,462
508,District-Gadchiroli,Total,11,1575,734,841,197,114,83,106,51,55,28,16,12,491,221,270,152,71,81,65,25,40,16,8,8,520,228,292
508,District-Gadchiroli,Total,12,1962,932,1030,307,161,146,164,83,81,44,27,17,592,296,296,232,104,128,105,41,64,25,9,16,493,211,282
508,District-Gadchiroli,Total,13,2132,986,1146,405,222,183,228,106,122,68,26,42,647,319,328,223,96,127,104,38,66,22,8,14,435,171,264
508,District-Gadchiroli,Total,14,3079,1466,1613,737,388,349,423,203,220,130,66,64,885,444,441,316,127,189,150,57,93,33,8,25,405,173,232
508,District-Gadchiroli,Total,15,4649,2194,2455,1246,687,559,802,364,438,230,102,128,1157,584,573,497,198,299,211,67,144,42,14,28,464,178,286
508,District-Gadchiroli,Total,16,6278,3102,3176,1890,1090,800,1338,675,663,385,191,194,1440,673,767,514,212,302,281,96,185,53,21,32,377,144,233
508,District-Gadchiroli,Total,17,7448,3679,3769,2491,1430,1061,1759,874,885,432,208,224,1644,714,930,535,224,311,274,103,171,41,16,25,272,110,162
508,District-Gadchiroli,Total,18,11545,5410,6135,4130,2398,1732,2840,1367,1473,663,303,360,2309,804,1505,852,305,547,368,104,264,53,20,33,330,109,221
508,District-Gadchiroli,Total,19,10640,4857,5783,3963,2260,1703,2704,1319,1385,626,278,348,1993,606,1387,714,221,493,349,91,258,49,16,33,242,66,176
508,District-Gadchiroli,Rural,5-19,71937,34806,37131,15175,8544,6631,10230,4939,5291,2541,1170,1371,11102,4791,6311,5106,2115,2991,2204,761,1443,428,169,259,25151,12317,12834
508,District-Gadchiroli,Rural,5,11787,6032,5755,14,7,7,4,2,2,0,0,0,90,45,45,395,211,184,96,53,43,27,12,15,11161,5702,5459
508,District-Gadchiroli,Rural,6,7179,3640,3539,12,5,7,6,4,2,1,0,1,171,92,79,292,144,148,87,46,41,21,13,8,6589,3336,3253
508,District-Gadchiroli,Rural,7,2296,1167,1129,41,19,22,14,3,11,3,2,1,244,120,124,118,65,53,29,13,16,11,5,6,1836,940,896
508,District-Gadchiroli,Rural,8,1277,607,670,70,33,37,8,3,5,1,1,0,253,119,134,101,51,50,29,7,22,13,8,5,802,385,417
508,District-Gadchiroli,Rural,9,1196,570,626,68,33,35,17,10,7,5,1,4,303,168,135,96,39,57,37,15,22,15,6,9,655,298,357
508,District-Gadchiroli,Rural,10,1468,702,766,105,61,44,42,21,21,7,4,3,338,169,169,134,74,60,46,16,30,11,5,6,785,352,433
508,District-Gadchiroli,Rural,11,1476,689,787,186,106,80,102,49,53,28,16,12,440,197,243,150,69,81,65,25,40,16,8,8,489,219,270
508,District-Gadchiroli,Rural,12,1863,883,980,296,153,143,160,79,81,41,24,17,536,273,263,230,104,126,104,41,63,24,9,15,472,200,272
508,District-Gadchiroli,Rural,13,2037,948,1089,395,215,180,227,106,121,67,25,42,595,297,298,217,94,123,102,37,65,21,8,13,413,166,247
508,District-Gadchiroli,Rural,14,2913,1386,1527,708,368,340,415,196,219,128,64,64,783,403,380,315,126,189,150,57,93,33,8,25,381,164,217
508,District-Gadchiroli,Rural,15,4430,2067,2363,1203,654,549,792,358,434,223,98,125,1039,517,522,490,195,295,209,66,143,42,14,28,432,165,267
508,District-Gadchiroli,Rural,16,5985,2943,3042,1848,1061,787,1308,657,651,373,182,191,1272,593,679,503,206,297,279,94,185,53,21,32,349,129,220
508,District-Gadchiroli,Rural,17,7072,3468,3604,2413,1372,1041,1722,847,875,418,198,220,1430,617,813,523,218,305,267,99,168,41,16,25,258,101,157
508,District-Gadchiroli,Rural,18,10928,5125,5803,3989,2295,1694,2781,1329,1452,642,290,352,1965,691,1274,834,298,536,359,102,257,52,20,32,306,100,206
508,District-Gadchiroli,Rural,19,10030,4579,5451,3827,2162,1665,2632,1275,1357,604,265,339,1643,490,1153,708,221,487,345,90,255,48,16,32,223,60,163
508,District-Gadchiroli,Urban,5-19,5164,2629,2535,530,380,150,227,147,80,82,55,27,1629,673,956,111,52,59,34,14,20,6,0,6,2545,1308,1237
508,District-Gadchiroli,Urban,5,1169,611,558,1,1,0,2,1,1,0,0,0,15,11,4,20,10,10,1,0,1,0,0,0,1130,588,542
508,District-Gadchiroli,Urban,6,893,479,414,2,1,1,0,0,0,0,0,0,15,3,12,16,8,8,1,0,1,1,0,1,858,467,391
508,District-Gadchiroli,Urban,7,254,133,121,6,4,2,0,0,0,0,0,0,31,17,14,5,2,3,1,0,1,0,0,0,211,110,101
508,District-Gadchiroli,Urban,8,100,52,48,7,4,3,0,0,0,0,0,0,39,20,19,1,1,0,1,1,0,0,0,0,52,26,26
508,District-Gadchiroli,Urban,9,77,40,37,7,2,5,0,0,0,0,0,0,35,23,12,0,0,0,2,1,1,0,0,0,33,14,19
508,District-Gadchiroli,Urban,10,97,42,55,6,4,2,0,0,0,0,0,0,39,16,23,4,4,0,1,1,0,1,0,1,46,17,29
508,District-Gadchiroli,Urban,11,99,45,54,11,8,3,4,2,2,0,0,0,51,24,27,2,2,0,0,0,0,0,0,0,31,9,22
508,District-Gadchiroli,Urban,12,99,49,50,11,8,3,4,4,0,3,3,0,56,23,33,2,0,2,1,0,1,1,0,1,21,11,10
508,District-Gadchiroli,Urban,13,95,38,57,10,7,3,1,0,1,1,1,0,52,22,30,6,2,4,2,1,1,1,0,1,22,5,17
508,District-Gadchiroli,Urban,14,166,80,86,29,20,9,8,7,1,2,2,0,102,41,61,1,1,0,0,0,0,0,0,0,24,9,15
508,District-Gadchiroli,Urban,15,219,127,92,43,33,10,10,6,4,7,4,3,118,67,51,7,3,4,2,1,1,0,0,0,32,13,19
508,District-Gadchiroli,Urban,16,293,159,134,42,29,13,30,18,12,12,9,3,168,80,88,11,6,5,2,2,0,0,0,0,28,15,13
508,District-Gadchiroli,Urban,17,376,211,165,78,58,20,37,27,10,14,10,4,214,97,117,12,6,6,7,4,3,0,0,0,14,9,5
508,District-Gadchiroli,Urban,18,617,285,332,141,103,38,59,38,21,21,13,8,344,113,231,18,7,11,9,2,7,1,0,1,24,9,15
508,District-Gadchiroli,Urban,19,610,278,332,136,98,38,72,44,28,22,13,9,350,116,234,6,0,6,4,1,3,1,0,1,19,6,13
509,District-Chandrapur,Total,5-19,116718,60873,55845,24303,15860,8443,12869,7218,5651,3328,1749,1579,27311,11425,15886,2671,1380,1291,1182,537,645,208,93,115,44846,22611,22235
509,District-Chandrapur,Total,5,24316,12468,11848,26,17,9,6,1,5,4,2,2,915,475,440,182,94,88,106,57,49,14,6,8,23063,11816,11247
509,District-Chandrapur,Total,6,14456,7393,7063,26,17,9,11,5,6,2,1,1,1039,521,518,90,48,42,90,40,50,9,5,4,13189,6756,6433
509,District-Chandrapur,Total,7,3146,1625,1521,26,13,13,6,3,3,6,5,1,401,199,202,24,12,12,27,16,11,5,3,2,2651,1374,1277
509,District-Chandrapur,Total,8,1264,620,644,32,15,17,11,7,4,2,0,2,336,168,168,16,6,10,11,8,3,1,1,0,855,415,440
509,District-Chandrapur,Total,9,980,486,494,30,13,17,13,8,5,1,0,1,298,148,150,26,10,16,15,6,9,3,1,2,594,300,294
509,District-Chandrapur,Total,10,1546,761,785,39,20,19,8,6,2,4,2,2,397,197,200,46,21,25,21,13,8,5,2,3,1026,500,526
509,District-Chandrapur,Total,11,1426,762,664,235,158,77,89,55,34,20,9,11,498,255,243,72,44,28,29,9,20,3,1,2,480,231,249
509,District-Chandrapur,Total,12,1652,866,786,348,238,110,109,59,50,27,13,14,643,322,321,112,57,55,42,11,31,8,3,5,363,163,200
509,District-Chandrapur,Total,13,1740,931,809,345,230,115,143,82,61,34,26,8,801,395,406,87,48,39,34,12,22,8,2,6,288,136,152
509,District-Chandrapur,Total,14,2757,1491,1266,656,453,203,290,172,118,87,45,42,1188,612,576,157,66,91,64,18,46,4,0,4,311,125,186
509,District-Chandrapur,Total,15,5195,3005,2190,1382,977,405,725,455,270,217,130,87,2011,1052,959,300,157,143,109,48,61,19,7,12,432,179,253
509,District-Chandrapur,Total,16,8074,4719,3355,2500,1721,779,1371,824,547,392,245,147,3004,1529,1475,296,172,124,119,55,64,29,11,18,363,162,201
509,District-Chandrapur,Total,17,11057,6034,5023,3755,2490,1265,2188,1230,958,588,313,275,3712,1608,2104,302,162,140,109,56,53,33,15,18,370,160,210
509,District-Chandrapur,Total,18,19219,10091,9128,7217,4740,2477,3828,2176,1652,990,492,498,5925,2117,3808,519,272,247,226,106,120,32,20,12,482,168,314
509,District-Chandrapur,Total,19,19890,9621,10269,7686,4758,2928,4071,2135,1936,954,466,488,6143,1827,4316,442,211,231,180,82,98,35,16,19,379,126,253
509,District-Chandrapur,Rural,5-19,84616,44039,40577,20340,12574,7766,11688,6351,5337,3010,1526,1484,16551,7166,9385,2192,1068,1124,980,425,555,164,68,96,29691,14861,14830
509,District-Chandrapur,Rural,5,16720,8540,8180,16,9,7,4,1,3,3,1,2,528,270,258,136,72,64,84,44,40,9,4,5,15940,8139,7801
509,District-Chandrapur,Rural,6,9119,4582,4537,20,14,6,4,0,4,2,1,1,610,303,307,62,31,31,61,25,36,8,4,4,8352,4204,4148
509,District-Chandrapur,Rural,7,2046,1061,985,19,10,9,6,3,3,5,4,1,237,119,118,16,8,8,21,12,9,4,2,2,1738,903,835
509,District-Chandrapur,Rural,8,820,394,426,25,13,12,8,6,2,2,0,2,197,100,97,14,5,9,10,7,3,1,1,0,563,262,301
509,District-Chandrapur,Rural,9,684,324,360,23,10,13,10,5,5,1,0,1,206,97,109,21,8,13,12,4,8,3,1,2,408,199,209
509,District-Chandrapur,Rural,10,996,477,519,30,16,14,7,5,2,4,2,2,245,124,121,39,17,22,17,11,6,4,2,2,650,300,350
509,District-Chandrapur,Rural,11,917,477,440,166,100,66,70,41,29,17,8,9,287,153,134,61,37,24,23,8,15,2,0,2,291,130,161
509,District-Chandrapur,Rural,12,1069,566,503,260,171,89,98,52,46,21,9,12,349,193,156,90,43,47,37,9,28,6,2,4,208,87,121
509,District-Chandrapur,Rural,13,1239,673,566,272,173,99,123,66,57,29,22,7,518,268,250,73,37,36,30,10,20,8,2,6,186,95,91
509,District-Chandrapur,Rural,14,1990,1099,891,528,348,180,253,143,110,76,40,36,771,421,350,133,57,76,55,18,37,2,0,2,172,72,100
509,District-Chandrapur,Rural,15,3951,2285,1666,1147,771,376,645,393,252,198,115,83,1332,730,602,262,133,129,95,38,57,18,6,12,254,99,155
509,District-Chandrapur,Rural,16,6302,3645,2657,2116,1385,731,1235,726,509,352,216,136,1992,1029,963,246,131,115,109,48,61,21,6,15,231,104,127
509,District-Chandrapur,Rural,17,8675,4729,3946,3203,2025,1178,2008,1100,908,538,280,258,2345,1047,1298,243,125,118,83,45,38,26,12,14,229,95,134
509,District-Chandrapur,Rural,18,14772,7739,7033,6023,3745,2278,3478,1922,1556,907,430,477,3459,1254,2205,426,201,225,192,81,111,22,12,10,265,94,171
509,District-Chandrapur,Rural,19,15316,7448,7868,6492,3784,2708,3739,1888,1851,855,398,457,3475,1058,2417,370,163,207,151,65,86,30,14,16,204,78,126
509,District-Chandrapur,Urban,5-19,32102,16834,15268,3963,3286,677,1181,867,314,318,223,95,10760,4259,6501,479,312,167,202,112,90,44,25,19,15155,7750,7405
509,District-Chandrapur,Urban,5,7596,3928,3668,10,8,2,2,0,2,1,1,0,387,205,182,46,22,24,22,13,9,5,2,3,7123,3677,3446
509,District-Chandrapur,Urban,6,5337,2811,2526,6,3,3,7,5,2,0,0,0,429,218,211,28,17,11,29,15,14,1,1,0,4837,2552,2285
509,District-Chandrapur,Urban,7,1100,564,536,7,3,4,0,0,0,1,1,0,164,80,84,8,4,4,6,4,2,1,1,0,913,471,442
509,District-Chandrapur,Urban,8,444,226,218,7,2,5,3,1,2,0,0,0,139,68,71,2,1,1,1,1,0,0,0,0,292,153,139
509,District-Chandrapur,Urban,9,296,162,134,7,3,4,3,3,0,0,0,0,92,51,41,5,2,3,3,2,1,0,0,0,186,101,85
509,District-Chandrapur,Urban,10,550,284,266,9,4,5,1,1,0,0,0,0,152,73,79,7,4,3,4,2,2,1,0,1,376,200,176
509,District-Chandrapur,Urban,11,509,285,224,69,58,11,19,14,5,3,1,2,211,102,109,11,7,4,6,1,5,1,1,0,189,101,88
509,District-Chandrapur,Urban,12,583,300,283,88,67,21,11,7,4,6,4,2,294,129,165,22,14,8,5,2,3,2,1,1,155,76,79
509,District-Chandrapur,Urban,13,501,258,243,73,57,16,20,16,4,5,4,1,283,127,156,14,11,3,4,2,2,0,0,0,102,41,61
509,District-Chandrapur,Urban,14,767,392,375,128,105,23,37,29,8,11,5,6,417,191,226,24,9,15,9,0,9,2,0,2,139,53,86
509,District-Chandrapur,Urban,15,1244,720,524,235,206,29,80,62,18,19,15,4,679,322,357,38,24,14,14,10,4,1,1,0,178,80,98
509,District-Chandrapur,Urban,16,1772,1074,698,384,336,48,136,98,38,40,29,11,1012,500,512,50,41,9,10,7,3,8,5,3,132,58,74
509,District-Chandrapur,Urban,17,2382,1305,1077,552,465,87,180,130,50,50,33,17,1367,561,806,59,37,22,26,11,15,7,3,4,141,65,76
509,District-Chandrapur,Urban,18,4447,2352,2095,1194,995,199,350,254,96,83,62,21,2466,863,1603,93,71,22,34,25,9,10,8,2,217,74,143
509,District-Chandrapur,Urban,19,4574,2173,2401,1194,974,220,332,247,85,99,68,31,2668,769,1899,72,48,24,29,17,12,5,2,3,175,48,127
510,District-Yavatmal,Total,5-19,185924,93858,92066,52662,32194,20468,10385,5624,4761,1929,986,943,41997,15651,26346,7848,3724,4124,1239,528,711,156,67,89,69708,35084,34624
510,District-Yavatmal,Total,5,32861,17185,15676,30,19,11,9,5,4,2,0,2,435,223,212,857,478,379,88,39,49,7,3,4,31433,16418,15015
510,District-Yavatmal,Total,6,21573,11072,10501,47,26,21,13,5,8,0,0,0,639,291,348,589,303,286,78,38,40,4,1,3,20203,10408,9795
510,District-Yavatmal,Total,7,6487,3304,3183,138,83,55,15,7,8,3,2,1,871,443,428,187,101,86,20,10,10,2,2,0,5251,2656,2595
510,District-Yavatmal,Total,8,3127,1545,1582,140,74,66,9,4,5,2,0,2,1005,517,488,90,47,43,12,7,5,0,0,0,1869,896,973
510,District-Yavatmal,Total,9,2614,1271,1343,156,91,65,26,13,13,9,6,3,1008,504,504,89,46,43,19,8,11,3,1,2,1304,602,702
510,District-Yavatmal,Total,10,3869,1916,1953,254,129,125,42,14,28,17,5,12,1354,703,651,131,64,67,20,12,8,5,2,3,2046,987,1059
510,District-Yavatmal,Total,11,3447,1645,1802,539,313,226,85,41,44,16,8,8,1507,705,802,169,71,98,40,19,21,4,3,1,1087,485,602
510,District-Yavatmal,Total,12,4408,2118,2290,922,540,382,188,98,90,36,15,21,1893,902,991,251,99,152,42,15,27,5,1,4,1071,448,623
510,District-Yavatmal,Total,13,4981,2284,2697,1246,671,575,269,121,148,69,32,37,2189,945,1244,277,119,158,39,18,21,9,6,3,883,372,511
510,District-Yavatmal,Total,14,7399,3582,3817,2454,1346,1108,475,239,236,118,57,61,2947,1343,1604,439,191,248,82,29,53,10,5,5,874,372,502
510,District-Yavatmal,Total,15,11625,5771,5854,4649,2694,1955,961,499,462,203,95,108,3968,1680,2288,752,347,405,119,51,68,19,8,11,954,397,557
510,District-Yavatmal,Total,16,15482,7878,7604,7131,4311,2820,1482,817,665,278,147,131,4808,1827,2981,782,364,418,140,50,90,22,10,12,839,352,487
510,District-Yavatmal,Total,17,17196,8895,8301,8382,5230,3152,1791,994,797,338,188,150,5162,1772,3390,778,388,390,142,63,79,16,8,8,587,252,335
510,District-Yavatmal,Total,18,26174,13405,12769,13620,8679,4941,2490,1389,1101,426,230,196,7321,2080,5241,1340,657,683,209,100,109,24,8,16,744,262,482
510,District-Yavatmal,Total,19,24681,11987,12694,12954,7988,4966,2530,1378,1152,412,201,211,6890,1716,5174,1117,449,668,189,69,120,26,9,17,563,177,386
510,District-Yavatmal,Rural,5-19,154685,77852,76833,48357,28680,19677,9703,5091,4612,1797,889,908,31240,11772,19468,7098,3268,3830,1141,472,669,138,58,80,55211,27622,27589
510,District-Yavatmal,Rural,5,26337,13724,12613,27,16,11,8,4,4,2,0,2,318,167,151,706,396,310,71,34,37,5,2,3,25200,13105,12095
510,District-Yavatmal,Rural,6,16655,8496,8159,40,22,18,11,4,7,0,0,0,480,223,257,469,246,223,69,34,35,3,0,3,15583,7967,7616
510,District-Yavatmal,Rural,7,5160,2593,2567,113,68,45,14,7,7,3,2,1,679,333,346,156,79,77,19,9,10,2,2,0,4174,2093,2081
510,District-Yavatmal,Rural,8,2534,1247,1287,123,65,58,8,4,4,2,0,2,813,414,399,84,43,41,11,6,5,0,0,0,1493,715,778
510,District-Yavatmal,Rural,9,2149,1023,1126,137,80,57,23,11,12,9,6,3,810,394,416,80,40,40,18,7,11,3,1,2,1069,484,585
510,District-Yavatmal,Rural,10,3213,1583,1630,230,114,116,41,13,28,17,5,12,1101,566,535,112,54,58,19,11,8,5,2,3,1688,818,870
510,District-Yavatmal,Rural,11,2853,1342,1511,485,275,210,79,37,42,15,7,8,1187,548,639,147,58,89,38,18,20,4,3,1,898,396,502
510,District-Yavatmal,Rural,12,3699,1755,1944,841,477,364,173,89,84,36,15,21,1518,720,798,232,88,144,39,13,26,5,1,4,855,352,503
510,District-Yavatmal,Rural,13,4255,1921,2334,1164,617,547,255,111,144,66,30,36,1757,748,1009,249,103,146,38,18,20,8,5,3,718,289,429
510,District-Yavatmal,Rural,14,6323,3002,3321,2289,1214,1075,452,220,232,114,55,59,2292,1033,1259,402,170,232,77,25,52,9,4,5,688,281,407
510,District-Yavatmal,Rural,15,10087,4978,5109,4341,2450,1891,914,465,449,195,90,105,3056,1290,1766,702,315,387,111,47,64,17,6,11,751,315,436
510,District-Yavatmal,Rural,16,13406,6808,6598,6611,3879,2732,1382,732,650,260,134,126,3595,1394,2201,735,332,403,129,42,87,20,9,11,674,286,388
510,District-Yavatmal,Rural,17,14714,7603,7111,7696,4686,3010,1679,906,773,312,165,147,3714,1248,2466,730,355,375,127,56,71,15,8,7,441,179,262
510,District-Yavatmal,Rural,18,22250,11483,10767,12444,7683,4761,2312,1243,1069,388,202,186,5102,1474,3628,1241,583,658,196,88,108,20,8,12,547,202,345
510,District-Yavatmal,Rural,19,21050,10294,10756,11816,7034,4782,2352,1245,1107,378,178,200,4818,1220,3598,1053,406,647,179,64,115,22,7,15,432,140,292
510,District-Yavatmal,Urban,5-19,31239,16006,15233,4305,3514,791,682,533,149,132,97,35,10757,3879,6878,750,456,294,98,56,42,18,9,9,14497,7462,7035
510,District-Yavatmal,Urban,5,6524,3461,3063,3,3,0,1,1,0,0,0,0,117,56,61,151,82,69,17,5,12,2,1,1,6233,3313,2920
510,District-Yavatmal,Urban,6,4918,2576,2342,7,4,3,2,1,1,0,0,0,159,68,91,120,57,63,9,4,5,1,1,0,4620,2441,2179
510,District-Yavatmal,Urban,7,1327,711,616,25,15,10,1,0,1,0,0,0,192,110,82,31,22,9,1,1,0,0,0,0,1077,563,514
510,District-Yavatmal,Urban,8,593,298,295,17,9,8,1,0,1,0,0,0,192,103,89,6,4,2,1,1,0,0,0,0,376,181,195
510,District-Yavatmal,Urban,9,465,248,217,19,11,8,3,2,1,0,0,0,198,110,88,9,6,3,1,1,0,0,0,0,235,118,117
510,District-Yavatmal,Urban,10,656,333,323,24,15,9,1,1,0,0,0,0,253,137,116,19,10,9,1,1,0,0,0,0,358,169,189
510,District-Yavatmal,Urban,11,594,303,291,54,38,16,6,4,2,1,1,0,320,157,163,22,13,9,2,1,1,0,0,0,189,89,100
510,District-Yavatmal,Urban,12,709,363,346,81,63,18,15,9,6,0,0,0,375,182,193,19,11,8,3,2,1,0,0,0,216,96,120
510,District-Yavatmal,Urban,13,726,363,363,82,54,28,14,10,4,3,2,1,432,197,235,28,16,12,1,0,1,1,1,0,165,83,82
510,District-Yavatmal,Urban,14,1076,580,496,165,132,33,23,19,4,4,2,2,655,310,345,37,21,16,5,4,1,1,1,0,186,91,95
510,District-Yavatmal,Urban,15,1538,793,745,308,244,64,47,34,13,8,5,3,912,390,522,50,32,18,8,4,4,2,2,0,203,82,121
510,District-Yavatmal,Urban,16,2076,1070,1006,520,432,88,100,85,15,18,13,5,1213,433,780,47,32,15,11,8,3,2,1,1,165,66,99
510,District-Yavatmal,Urban,17,2482,1292,1190,686,544,142,112,88,24,26,23,3,1448,524,924,48,33,15,15,7,8,1,0,1,146,73,73
510,District-Yavatmal,Urban,18,3924,1922,2002,1176,996,180,178,146,32,38,28,10,2219,606,1613,99,74,25,13,12,1,4,0,4,197,60,137
510,District-Yavatmal,Urban,19,3631,1693,1938,1138,954,184,178,133,45,34,23,11,2072,496,1576,64,43,21,10,5,5,4,2,2,131,37,94
511,District-Nanded,Total,5-19,304681,152678,152003,79620,52855,26765,13858,7248,6610,2135,1085,1050,72359,22225,50134,14435,7742,6693,2734,1269,1465,415,207,208,119125,60047,59078
511,District-Nanded,Total,5,55855,29269,26586,82,50,32,25,12,13,1,0,1,1429,720,709,564,303,261,185,104,81,12,7,5,53557,28073,25484
511,District-Nanded,Total,6,34146,17854,16292,53,34,19,20,12,8,1,0,1,1510,770,740,361,194,167,155,88,67,14,8,6,32032,16748,15284
511,District-Nanded,Total,7,10650,5345,5305,94,52,42,13,5,8,3,1,2,1141,569,572,148,76,72,39,19,20,5,3,2,9207,4620,4587
511,District-Nanded,Total,8,5155,2656,2499,131,74,57,21,11,10,2,0,2,1190,637,553,119,64,55,24,11,13,6,4,2,3662,1855,1807
511,District-Nanded,Total,9,3859,1871,1988,152,77,75,28,12,16,2,0,2,1162,568,594,143,77,66,32,18,14,12,7,5,2328,1112,1216
511,District-Nanded,Total,10,6270,3145,3125,309,184,125,82,41,41,16,5,11,1820,862,958,259,142,117,64,33,31,19,9,10,3701,1869,1832
511,District-Nanded,Total,11,5459,2728,2731,785,473,312,158,87,71,33,16,17,2000,924,1076,304,167,137,52,25,27,19,8,11,2108,1028,1080
511,District-Nanded,Total,12,8345,4039,4306,1749,1075,674,345,164,181,56,29,27,3341,1427,1914,706,368,338,143,64,79,27,17,10,1978,895,1083
511,District-Nanded,Total,13,8115,3833,4282,1983,1229,754,420,210,210,96,44,52,3404,1292,2112,588,325,263,121,64,57,25,12,13,1478,657,821
511,District-Nanded,Total,14,12584,5855,6729,3877,2385,1492,846,416,430,156,75,81,5055,1742,3313,922,518,404,180,83,97,24,10,14,1524,626,898
511,District-Nanded,Total,15,19920,9882,10038,7252,4833,2419,1434,749,685,260,129,131,7166,2338,4828,1660,967,693,290,133,157,53,27,26,1805,706,1099
511,District-Nanded,Total,16,25694,12839,12855,10730,7289,3441,2027,1083,944,322,173,149,9076,2575,6501,1638,966,672,301,162,139,39,15,24,1561,576,985
511,District-Nanded,Total,17,25892,13327,12565,11763,8234,3529,2024,1144,880,314,169,145,8786,2322,6464,1551,884,667,282,139,143,42,25,17,1130,410,720
511,District-Nanded,Total,18,45901,23032,22869,22386,15203,7183,3620,1929,1691,510,260,250,13966,3204,10762,3145,1670,1475,460,199,261,70,26,44,1744,541,1203
511,District-Nanded,Total,19,36836,17003,19833,18274,11663,6611,2795,1373,1422,363,184,179,11313,2275,9038,2327,1021,1306,406,127,279,48,29,19,1310,331,979
511,District-Nanded,Rural,5-19,230296,115190,115106,68558,43660,24898,11706,5673,6033,1658,747,911,46909,14378,32531,12028,6058,5970,2128,903,1225,268,111,157,87041,43660,43381
511,District-Nanded,Rural,5,42344,22113,20231,71,42,29,11,3,8,1,0,1,1025,496,529,435,227,208,120,68,52,10,5,5,40671,21272,19399
511,District-Nanded,Rural,6,24780,12860,11920,41,26,15,11,3,8,1,0,1,1130,580,550,274,142,132,97,56,41,12,7,5,23214,12046,11168
511,District-Nanded,Rural,7,7638,3794,3844,70,41,29,11,5,6,3,1,2,793,390,403,120,64,56,26,11,15,3,2,1,6612,3280,3332
511,District-Nanded,Rural,8,3632,1854,1778,102,62,40,15,9,6,2,0,2,840,452,388,97,51,46,17,7,10,4,2,2,2555,1271,1284
511,District-Nanded,Rural,9,2675,1252,1423,126,62,64,26,10,16,2,0,2,800,379,421,112,56,56,23,14,9,8,3,5,1578,728,850
511,District-Nanded,Rural,10,4559,2230,2329,244,135,109,68,31,37,16,5,11,1272,588,684,210,110,100,55,28,27,17,8,9,2677,1325,1352
511,District-Nanded,Rural,11,3881,1893,1988,662,383,279,117,57,60,25,10,15,1359,622,737,246,128,118,38,16,22,9,3,6,1425,674,751
511,District-Nanded,Rural,12,6154,2888,3266,1453,844,609,295,131,164,40,18,22,2293,968,1325,594,294,300,117,47,70,18,11,7,1344,575,769
511,District-Nanded,Rural,13,6036,2798,3238,1665,973,692,350,159,191,84,38,46,2344,883,1461,491,258,233,95,45,50,17,5,12,990,437,553
511,District-Nanded,Rural,14,9642,4365,5277,3331,1959,1372,728,333,395,130,58,72,3462,1132,2330,775,409,366,148,60,88,16,6,10,1052,408,644
511,District-Nanded,Rural,15,15369,7566,7803,6245,3993,2252,1225,600,625,202,86,116,4840,1562,3278,1402,782,620,226,98,128,32,13,19,1197,432,765
511,District-Nanded,Rural,16,20072,10043,10029,9312,6123,3189,1731,869,862,264,131,133,6072,1649,4423,1367,765,602,237,118,119,28,9,19,1061,379,682
511,District-Nanded,Rural,17,19803,10282,9521,10118,6866,3252,1694,882,812,246,115,131,5525,1387,4138,1277,685,592,211,88,123,25,15,10,707,244,463
511,District-Nanded,Rural,18,35585,18125,17460,19338,12625,6713,3064,1508,1556,374,171,203,8590,1986,6604,2653,1299,1354,379,154,225,46,12,34,1141,370,771
511,District-Nanded,Rural,19,28126,13127,14999,15780,9526,6254,2360,1073,1287,268,114,154,6564,1304,5260,1975,788,1187,339,93,246,23,10,13,817,219,598
511,District-Nanded,Urban,5-19,74385,37488,36897,11062,9195,1867,2152,1575,577,477,338,139,25450,7847,17603,2407,1684,723,606,366,240,147,96,51,32084,16387,15697
511,District-Nanded,Urban,5,13511,7156,6355,11,8,3,14,9,5,0,0,0,404,224,180,129,76,53,65,36,29,2,2,0,12886,6801,6085
511,District-Nanded,Urban,6,9366,4994,4372,12,8,4,9,9,0,0,0,0,380,190,190,87,52,35,58,32,26,2,1,1,8818,4702,4116
511,District-Nanded,Urban,7,3012,1551,1461,24,11,13,2,0,2,0,0,0,348,179,169,28,12,16,13,8,5,2,1,1,2595,1340,1255
511,District-Nanded,Urban,8,1523,802,721,29,12,17,6,2,4,0,0,0,350,185,165,22,13,9,7,4,3,2,2,0,1107,584,523
511,District-Nanded,Urban,9,1184,619,565,26,15,11,2,2,0,0,0,0,362,189,173,31,21,10,9,4,5,4,4,0,750,384,366
511,District-Nanded,Urban,10,1711,915,796,65,49,16,14,10,4,0,0,0,548,274,274,49,32,17,9,5,4,2,1,1,1024,544,480
511,District-Nanded,Urban,11,1578,835,743,123,90,33,41,30,11,8,6,2,641,302,339,58,39,19,14,9,5,10,5,5,683,354,329
511,District-Nanded,Urban,12,2191,1151,1040,296,231,65,50,33,17,16,11,5,1048,459,589,112,74,38,26,17,9,9,6,3,634,320,314
511,District-Nanded,Urban,13,2079,1035,1044,318,256,62,70,51,19,12,6,6,1060,409,651,97,67,30,26,19,7,8,7,1,488,220,268
511,District-Nanded,Urban,14,2942,1490,1452,546,426,120,118,83,35,26,17,9,1593,610,983,147,109,38,32,23,9,8,4,4,472,218,254
511,District-Nanded,Urban,15,4551,2316,2235,1007,840,167,209,149,60,58,43,15,2326,776,1550,258,185,73,64,35,29,21,14,7,608,274,334
511,District-Nanded,Urban,16,5622,2796,2826,1418,1166,252,296,214,82,58,42,16,3004,926,2078,271,201,70,64,44,20,11,6,5,500,197,303
511,District-Nanded,Urban,17,6089,3045,3044,1645,1368,277,330,262,68,68,54,14,3261,935,2326,274,199,75,71,51,20,17,10,7,423,166,257
511,District-Nanded,Urban,18,10316,4907,5409,3048,2578,470,556,421,135,136,89,47,5376,1218,4158,492,371,121,81,45,36,24,14,10,603,171,432
511,District-Nanded,Urban,19,8710,3876,4834,2494,2137,357,435,300,135,95,70,25,4749,971,3778,352,233,119,67,34,33,25,19,6,493,112,381
512,District-Hingoli,Total,5-19,96170,48510,47660,28115,17393,10722,3779,1903,1876,628,279,349,19940,6719,13221,4145,2032,2113,580,229,351,71,36,35,38912,19919,18993
512,District-Hingoli,Total,5,17853,9566,8287,20,14,6,6,3,3,0,0,0,193,98,95,494,269,225,50,24,26,4,2,2,17086,9156,7930
512,District-Hingoli,Total,6,11208,5886,5322,22,16,6,2,0,2,0,0,0,281,131,150,298,143,155,31,18,13,3,2,1,10571,5576,4995
512,District-Hingoli,Total,7,3626,1852,1774,70,42,28,6,5,1,0,0,0,496,267,229,94,62,32,21,5,16,0,0,0,2939,1471,1468
512,District-Hingoli,Total,8,2007,981,1026,79,45,34,12,7,5,4,1,3,585,282,303,65,30,35,4,2,2,2,1,1,1256,613,643
512,District-Hingoli,Total,9,1735,871,864,92,60,32,8,6,2,0,0,0,666,329,337,38,17,21,6,5,1,3,2,1,922,452,470
512,District-Hingoli,Total,10,2367,1151,1216,130,61,69,18,9,9,3,0,3,747,367,380,90,46,44,13,4,9,7,3,4,1359,661,698
512,District-Hingoli,Total,11,2039,1020,1019,257,152,105,42,21,21,4,2,2,825,406,419,99,54,45,8,2,6,1,1,0,803,382,421
512,District-Hingoli,Total,12,2625,1230,1395,612,349,263,95,40,55,13,6,7,1032,458,574,177,82,95,29,7,22,8,4,4,659,284,375
512,District-Hingoli,Total,13,2722,1204,1518,702,367,335,114,52,62,29,12,17,1109,453,656,160,70,90,29,11,18,2,0,2,577,239,338
512,District-Hingoli,Total,14,3947,1758,2189,1360,747,613,203,90,113,43,18,25,1533,541,992,211,101,110,34,15,19,7,2,5,556,244,312
512,District-Hingoli,Total,15,6067,2986,3081,2457,1535,922,407,215,192,80,39,41,2048,699,1349,388,198,190,61,25,36,6,5,1,620,270,350
512,District-Hingoli,Total,16,7686,3825,3861,3717,2382,1335,502,265,237,99,44,55,2446,711,1735,370,197,173,57,30,27,3,2,1,492,194,298
512,District-Hingoli,Total,17,7757,4017,3740,4105,2716,1389,549,293,256,107,49,58,2231,613,1618,366,186,180,52,15,37,10,4,6,337,141,196
512,District-Hingoli,Total,18,13431,6898,6533,7857,5006,2851,943,501,442,147,66,81,3228,793,2435,728,349,379,102,42,60,6,2,4,420,139,281
512,District-Hingoli,Total,19,11100,5265,5835,6635,3901,2734,872,396,476,99,42,57,2520,571,1949,567,228,339,83,24,59,9,6,3,315,97,218
512,District-Hingoli,Rural,5-19,81843,41237,40606,25727,15441,10286,3432,1630,1802,541,206,335,14884,5184,9700,3669,1694,1975,500,178,322,62,29,33,33028,16875,16153
512,District-Hingoli,Rural,5,15526,8277,7249,19,13,6,5,3,2,0,0,0,151,76,75,436,232,204,43,19,24,3,2,1,14869,7932,6937
512,District-Hingoli,Rural,6,9546,4982,4564,18,12,6,2,0,2,0,0,0,235,110,125,257,131,126,24,15,9,2,1,1,9008,4713,4295
512,District-Hingoli,Rural,7,3052,1562,1490,58,36,22,5,4,1,0,0,0,394,216,178,83,52,31,18,5,13,0,0,0,2494,1249,1245
512,District-Hingoli,Rural,8,1690,828,862,66,39,27,10,5,5,4,1,3,483,233,250,61,27,34,3,2,1,2,1,1,1061,520,541
512,District-Hingoli,Rural,9,1429,713,716,77,50,27,8,6,2,0,0,0,538,259,279,33,13,20,5,4,1,3,2,1,765,379,386
512,District-Hingoli,Rural,10,1926,933,993,109,47,62,16,7,9,3,0,3,591,295,296,74,37,37,10,3,7,7,3,4,1116,541,575
512,District-Hingoli,Rural,11,1672,811,861,225,130,95,39,19,20,3,1,2,659,320,339,86,46,40,7,1,6,1,1,0,652,293,359
512,District-Hingoli,Rural,12,2142,988,1154,547,305,242,87,35,52,12,6,6,786,351,435,155,66,89,26,7,19,7,4,3,522,214,308
512,District-Hingoli,Rural,13,2224,973,1251,632,315,317,106,45,61,24,7,17,838,352,486,138,55,83,24,6,18,2,0,2,460,193,267
512,District-Hingoli,Rural,14,3295,1419,1876,1235,646,589,177,68,109,37,13,24,1178,403,775,187,84,103,29,12,17,7,2,5,445,191,254
512,District-Hingoli,Rural,15,5141,2515,2626,2250,1358,892,369,182,187,70,30,40,1561,546,1015,338,162,176,56,21,35,4,3,1,493,213,280
512,District-Hingoli,Rural,16,6530,3269,3261,3393,2119,1274,463,237,226,85,34,51,1840,551,1289,319,152,167,48,22,26,3,2,1,379,152,227
512,District-Hingoli,Rural,17,6642,3479,3163,3776,2445,1331,488,244,244,93,37,56,1652,477,1175,327,157,170,44,10,34,9,3,6,253,106,147
512,District-Hingoli,Rural,18,11466,5913,5553,7186,4436,2750,857,433,424,126,48,78,2255,570,1685,649,284,365,89,33,56,5,1,4,299,108,191
512,District-Hingoli,Rural,19,9562,4575,4987,6136,3490,2646,800,342,458,84,29,55,1723,425,1298,526,196,330,74,18,56,7,4,3,212,71,141
512,District-Hingoli,Urban,5-19,14327,7273,7054,2388,1952,436,347,273,74,87,73,14,5056,1535,3521,476,338,138,80,51,29,9,7,2,5884,3044,2840
512,District-Hingoli,Urban,5,2327,1289,1038,1,1,0,1,0,1,0,0,0,42,22,20,58,37,21,7,5,2,1,0,1,2217,1224,993
512,District-Hingoli,Urban,6,1662,904,758,4,4,0,0,0,0,0,0,0,46,21,25,41,12,29,7,3,4,1,1,0,1563,863,700
512,District-Hingoli,Urban,7,574,290,284,12,6,6,1,1,0,0,0,0,102,51,51,11,10,1,3,0,3,0,0,0,445,222,223
512,District-Hingoli,Urban,8,317,153,164,13,6,7,2,2,0,0,0,0,102,49,53,4,3,1,1,0,1,0,0,0,195,93,102
512,District-Hingoli,Urban,9,306,158,148,15,10,5,0,0,0,0,0,0,128,70,58,5,4,1,1,1,0,0,0,0,157,73,84
512,District-Hingoli,Urban,10,441,218,223,21,14,7,2,2,0,0,0,0,156,72,84,16,9,7,3,1,2,0,0,0,243,120,123
512,District-Hingoli,Urban,11,367,209,158,32,22,10,3,2,1,1,1,0,166,86,80,13,8,5,1,1,0,0,0,0,151,89,62
512,District-Hingoli,Urban,12,483,242,241,65,44,21,8,5,3,1,0,1,246,107,139,22,16,6,3,0,3,1,0,1,137,70,67
512,District-Hingoli,Urban,13,498,231,267,70,52,18,8,7,1,5,5,0,271,101,170,22,15,7,5,5,0,0,0,0,117,46,71
512,District-Hingoli,Urban,14,652,339,313,125,101,24,26,22,4,6,5,1,355,138,217,24,17,7,5,3,2,0,0,0,111,53,58
512,District-Hingoli,Urban,15,926,471,455,207,177,30,38,33,5,10,9,1,487,153,334,50,36,14,5,4,1,2,2,0,127,57,70
512,District-Hingoli,Urban,16,1156,556,600,324,263,61,39,28,11,14,10,4,606,160,446,51,45,6,9,8,1,0,0,0,113,42,71
512,District-Hingoli,Urban,17,1115,538,577,329,271,58,61,49,12,14,12,2,579,136,443,39,29,10,8,5,3,1,1,0,84,35,49
512,District-Hingoli,Urban,18,1965,985,980,671,570,101,86,68,18,21,18,3,973,223,750,79,65,14,13,9,4,1,1,0,121,31,90
512,District-Hingoli,Urban,19,1538,690,848,499,411,88,72,54,18,15,13,2,797,146,651,41,32,9,9,6,3,2,2,0,103,26,77
513,District-Parbhani,Total,5-19,162621,82365,80256,47132,30739,16393,5458,2806,2652,892,453,439,37969,12019,25950,7462,4098,3364,1133,542,591,156,96,60,62419,31612,30807
513,District-Parbhani,Total,5,29808,15798,14010,43,24,19,6,1,5,1,1,0,959,496,463,297,169,128,97,55,42,5,3,2,28400,15049,13351
513,District-Parbhani,Total,6,17498,9182,8316,42,20,22,8,4,4,2,1,1,946,485,461,168,95,73,80,36,44,6,3,3,16246,8538,7708
513,District-Parbhani,Total,7,5073,2588,2485,48,28,20,11,5,6,0,0,0,566,287,279,73,35,38,17,9,8,1,1,0,4357,2223,2134
513,District-Parbhani,Total,8,2617,1298,1319,85,50,35,7,5,2,1,1,0,549,265,284,61,31,30,15,5,10,4,1,3,1895,940,955
513,District-Parbhani,Total,9,2013,1053,960,94,57,37,15,8,7,1,0,1,577,314,263,45,23,22,21,8,13,2,2,0,1258,641,617
513,District-Parbhani,Total,10,3392,1660,1732,155,97,58,27,14,13,4,3,1,918,423,495,121,71,50,38,15,23,6,4,2,2123,1033,1090
513,District-Parbhani,Total,11,2896,1423,1473,403,260,143,68,28,40,14,8,6,1088,509,579,153,65,88,31,16,15,7,4,3,1132,533,599
513,District-Parbhani,Total,12,4157,1991,2166,811,512,299,136,69,67,24,12,12,1687,706,981,321,177,144,68,29,39,9,6,3,1101,480,621
513,District-Parbhani,Total,13,4273,2001,2272,1058,622,436,157,83,74,42,22,20,1861,730,1131,279,152,127,48,22,26,8,4,4,820,366,454
513,District-Parbhani,Total,14,6493,3088,3405,2134,1301,833,327,160,167,69,34,35,2658,975,1683,430,252,178,66,31,35,15,6,9,794,329,465
513,District-Parbhani,Total,15,10961,5454,5507,4359,2827,1532,601,290,311,137,65,72,3893,1320,2573,859,498,361,108,56,52,15,8,7,989,390,599
513,District-Parbhani,Total,16,13926,6991,6935,6232,4145,2087,812,426,386,110,49,61,4806,1373,3433,914,575,339,119,62,57,18,13,5,915,348,567
513,District-Parbhani,Total,17,14170,7433,6737,7061,4898,2163,833,475,358,146,74,72,4596,1214,3382,815,479,336,94,53,41,16,11,5,609,229,380
513,District-Parbhani,Total,18,25521,13141,12380,13763,9257,4506,1370,704,666,192,107,85,7238,1749,5489,1674,895,779,196,90,106,21,15,6,1067,324,743
513,District-Parbhani,Total,19,19823,9264,10559,10844,6641,4203,1080,534,546,149,76,73,5627,1173,4454,1252,581,671,135,55,80,23,15,8,713,189,524
513,District-Parbhani,Rural,5-19,110748,56048,54700,39575,24408,15167,4104,1815,2289,594,237,357,20189,6202,13987,5594,2747,2847,723,286,437,72,34,38,39897,20319,19578
513,District-Parbhani,Rural,5,20830,11064,9766,33,18,15,4,1,3,1,1,0,568,303,265,191,112,79,61,41,20,2,2,0,19970,10586,9384
513,District-Parbhani,Rural,6,11135,5823,5312,23,9,14,6,2,4,1,0,1,586,295,291,103,54,49,49,23,26,2,1,1,10365,5439,4926
513,District-Parbhani,Rural,7,2970,1496,1474,26,13,13,5,3,2,0,0,0,304,150,154,43,21,22,8,3,5,0,0,0,2584,1306,1278
513,District-Parbhani,Rural,8,1460,690,770,59,33,26,5,3,2,0,0,0,289,126,163,32,14,18,11,3,8,2,0,2,1062,511,551
513,District-Parbhani,Rural,9,1091,530,561,66,38,28,7,1,6,1,0,1,290,147,143,25,11,14,12,3,9,1,1,0,689,329,360
513,District-Parbhani,Rural,10,1974,963,1011,111,66,45,23,11,12,2,1,1,480,210,270,84,51,33,22,6,16,3,1,2,1249,617,632
513,District-Parbhani,Rural,11,1654,798,856,297,180,117,53,18,35,6,3,3,554,261,293,111,41,70,19,11,8,6,3,3,608,281,327
513,District-Parbhani,Rural,12,2407,1099,1308,649,380,269,100,43,57,17,6,11,833,323,510,239,123,116,37,9,28,5,2,3,527,213,314
513,District-Parbhani,Rural,13,2602,1178,1424,828,445,383,103,46,57,32,13,19,989,383,606,207,97,110,30,13,17,4,1,3,409,180,229
513,District-Parbhani,Rural,14,4252,1943,2309,1730,977,753,251,107,144,48,19,29,1466,503,963,328,176,152,40,16,24,7,3,4,382,142,240
513,District-Parbhani,Rural,15,7656,3725,3931,3650,2223,1427,476,202,274,88,33,55,2214,715,1499,655,336,319,67,29,38,8,3,5,498,184,314
513,District-Parbhani,Rural,16,9941,4997,4944,5292,3352,1940,627,290,337,78,27,51,2703,723,1980,704,410,294,78,32,46,4,1,3,455,162,293
513,District-Parbhani,Rural,17,10134,5409,4725,5938,3947,1991,624,318,306,94,39,55,2498,636,1862,617,323,294,60,23,37,8,5,3,295,118,177
513,District-Parbhani,Rural,18,18400,9580,8820,11630,7421,4209,1023,448,575,129,59,70,3721,855,2866,1271,595,676,134,46,88,7,3,4,485,153,332
513,District-Parbhani,Rural,19,14242,6753,7489,9243,5306,3937,797,322,475,97,36,61,2694,572,2122,984,383,601,95,28,67,13,8,5,319,98,221
513,District-Parbhani,Urban,5-19,51873,26317,25556,7557,6331,1226,1354,991,363,298,216,82,17780,5817,11963,1868,1351,517,410,256,154,84,62,22,22522,11293,11229
513,District-Parbhani,Urban,5,8978,4734,4244,10,6,4,2,0,2,0,0,0,391,193,198,106,57,49,36,14,22,3,1,2,8430,4463,3967
513,District-Parbhani,Urban,6,6363,3359,3004,19,11,8,2,2,0,1,1,0,360,190,170,65,41,24,31,13,18,4,2,2,5881,3099,2782
513,District-Parbhani,Urban,7,2103,1092,1011,22,15,7,6,2,4,0,0,0,262,137,125,30,14,16,9,6,3,1,1,0,1773,917,856
513,District-Parbhani,Urban,8,1157,608,549,26,17,9,2,2,0,1,1,0,260,139,121,29,17,12,4,2,2,2,1,1,833,429,404
513,District-Parbhani,Urban,9,922,523,399,28,19,9,8,7,1,0,0,0,287,167,120,20,12,8,9,5,4,1,1,0,569,312,257
513,District-Parbhani,Urban,10,1418,697,721,44,31,13,4,3,1,2,2,0,438,213,225,37,20,17,16,9,7,3,3,0,874,416,458
513,District-Parbhani,Urban,11,1242,625,617,106,80,26,15,10,5,8,5,3,534,248,286,42,24,18,12,5,7,1,1,0,524,252,272
513,District-Parbhani,Urban,12,1750,892,858,162,132,30,36,26,10,7,6,1,854,383,471,82,54,28,31,20,11,4,4,0,574,267,307
513,District-Parbhani,Urban,13,1671,823,848,230,177,53,54,37,17,10,9,1,872,347,525,72,55,17,18,9,9,4,3,1,411,186,225
513,District-Parbhani,Urban,14,2241,1145,1096,404,324,80,76,53,23,21,15,6,1192,472,720,102,76,26,26,15,11,8,3,5,412,187,225
513,District-Parbhani,Urban,15,3305,1729,1576,709,604,105,125,88,37,49,32,17,1679,605,1074,204,162,42,41,27,14,7,5,2,491,206,285
513,District-Parbhani,Urban,16,3985,1994,1991,940,793,147,185,136,49,32,22,10,2103,650,1453,210,165,45,41,30,11,14,12,2,460,186,274
513,District-Parbhani,Urban,17,4036,2024,2012,1123,951,172,209,157,52,52,35,17,2098,578,1520,198,156,42,34,30,4,8,6,2,314,111,203
513,District-Parbhani,Urban,18,7121,3561,3560,2133,1836,297,347,256,91,63,48,15,3517,894,2623,403,300,103,62,44,18,14,12,2,582,171,411
513,District-Parbhani,Urban,19,5581,2511,3070,1601,1335,266,283,212,71,52,40,12,2933,601,2332,268,198,70,40,27,13,10,7,3,394,91,303
514,District-Jalna,Total,5-19,174608,87403,87205,48484,29617,18867,6305,3085,3220,1096,499,597,37119,12691,24428,8649,4371,4278,1437,657,780,264,128,136,71254,36355,34899
514,District-Jalna,Total,5,34298,18280,16018,84,47,37,8,4,4,4,2,2,1248,668,580,426,227,199,145,85,60,27,13,14,32356,17234,15122
514,District-Jalna,Total,6,20454,10740,9714,64,40,24,11,4,7,1,0,1,1334,683,651,224,125,99,89,51,38,23,11,12,18708,9826,8882
514,District-Jalna,Total,7,6283,3194,3089,88,49,39,13,11,2,2,0,2,872,423,449,124,71,53,32,14,18,5,3,2,5147,2623,2524
514,District-Jalna,Total,8,3162,1640,1522,109,55,54,17,8,9,1,1,0,816,416,400,63,34,29,22,9,13,8,5,3,2126,1112,1014
514,District-Jalna,Total,9,2750,1372,1378,103,53,50,17,5,12,5,2,3,877,438,439,90,50,40,13,6,7,3,1,2,1642,817,825
514,District-Jalna,Total,10,4057,2063,1994,174,90,84,30,16,14,10,4,6,1138,585,553,145,67,78,38,18,20,9,4,5,2513,1279,1234
514,District-Jalna,Total,11,3319,1582,1737,476,281,195,80,36,44,20,7,13,1182,542,640,194,84,110,43,20,23,10,6,4,1314,606,708
514,District-Jalna,Total,12,4105,1998,2107,839,524,315,125,61,64,32,17,15,1621,759,862,344,152,192,64,27,37,17,6,11,1063,452,611
514,District-Jalna,Total,13,4267,1961,2306,1042,603,439,196,81,115,49,15,34,1814,758,1056,279,118,161,54,27,27,12,5,7,821,354,467
514,District-Jalna,Total,14,6576,2968,3608,2079,1197,882,357,173,184,72,27,45,2563,903,1660,479,238,241,78,36,42,17,12,5,931,382,549
514,District-Jalna,Total,15,10624,5097,5527,4123,2538,1585,637,290,347,141,65,76,3535,1231,2304,920,488,432,134,53,81,26,15,11,1108,417,691
514,District-Jalna,Total,16,13304,6734,6570,5911,3835,2076,880,448,432,176,81,95,4284,1344,2940,971,562,409,131,71,60,24,9,15,927,384,543
514,District-Jalna,Total,17,14218,7348,6870,7196,4714,2482,976,486,490,153,89,64,4101,1212,2889,914,491,423,128,66,62,27,12,15,723,278,445
514,District-Jalna,Total,18,25444,12537,12907,13787,8581,5206,1576,799,777,239,109,130,6536,1574,4962,1959,1019,940,258,108,150,28,15,13,1061,332,729
514,District-Jalna,Total,19,21747,9889,11858,12409,7010,5399,1382,663,719,191,80,111,5198,1155,4043,1517,645,872,208,66,142,28,11,17,814,259,555
514,District-Jalna,Rural,5-19,141498,70787,70711,43585,25554,18031,5362,2416,2946,890,345,545,25439,8933,16506,7623,3647,3976,1137,469,668,202,86,116,57260,29337,27923
514,District-Jalna,Rural,5,28576,15294,13282,77,42,35,3,2,1,3,2,1,984,544,440,377,203,174,91,54,37,24,12,12,27017,14435,12582
514,District-Jalna,Rural,6,16377,8558,7819,52,30,22,9,3,6,0,0,0,1003,523,480,187,101,86,68,35,33,17,8,9,15041,7858,7183
514,District-Jalna,Rural,7,4965,2512,2453,76,41,35,8,8,0,1,0,1,649,326,323,104,59,45,21,9,12,5,3,2,4101,2066,2035
514,District-Jalna,Rural,8,2402,1241,1161,93,47,46,12,7,5,1,1,0,620,326,294,55,29,26,19,7,12,6,3,3,1596,821,775
514,District-Jalna,Rural,9,2129,1081,1048,85,42,43,8,3,5,3,1,2,677,336,341,78,44,34,9,5,4,3,1,2,1266,649,617
514,District-Jalna,Rural,10,3149,1577,1572,147,69,78,22,12,10,8,3,5,823,419,404,117,52,65,32,13,19,9,4,5,1991,1005,986
514,District-Jalna,Rural,11,2534,1192,1342,404,225,179,53,22,31,15,6,9,860,395,465,170,68,102,31,12,19,6,4,2,995,460,535
514,District-Jalna,Rural,12,3082,1487,1595,735,441,294,98,43,55,23,11,12,1091,520,571,315,136,179,44,17,27,15,5,10,761,314,447
514,District-Jalna,Rural,13,3321,1500,1821,910,502,408,169,65,104,44,13,31,1289,544,745,244,94,150,44,19,25,9,2,7,612,261,351
514,District-Jalna,Rural,14,5193,2283,2910,1837,1009,828,291,125,166,60,16,44,1811,610,1201,429,202,227,61,23,38,11,7,4,693,291,402
514,District-Jalna,Rural,15,8663,4115,4548,3716,2204,1512,553,227,326,122,52,70,2508,871,1637,823,417,406,115,45,70,20,10,10,806,289,517
514,District-Jalna,Rural,16,10956,5552,5404,5358,3368,1990,773,373,400,147,57,90,3014,945,2069,854,474,380,108,54,54,20,6,14,682,275,407
514,District-Jalna,Rural,17,11449,5935,5514,6453,4084,2369,820,372,448,121,61,60,2642,777,1865,803,402,401,101,45,56,18,7,11,491,187,304
514,District-Jalna,Rural,18,20830,10361,10469,12427,7430,4997,1342,627,715,189,71,118,4216,1054,3162,1724,845,879,218,85,133,18,8,10,696,241,455
514,District-Jalna,Rural,19,17872,8099,9773,11215,6020,5195,1201,527,674,153,51,102,3252,743,2509,1343,521,822,175,46,129,21,6,15,512,185,327
514,District-Jalna,Urban,5-19,33110,16616,16494,4899,4063,836,943,669,274,206,154,52,11680,3758,7922,1026,724,302,300,188,112,62,42,20,13994,7018,6976
514,District-Jalna,Urban,5,5722,2986,2736,7,5,2,5,2,3,1,0,1,264,124,140,49,24,25,54,31,23,3,1,2,5339,2799,2540
514,District-Jalna,Urban,6,4077,2182,1895,12,10,2,2,1,1,1,0,1,331,160,171,37,24,13,21,16,5,6,3,3,3667,1968,1699
514,District-Jalna,Urban,7,1318,682,636,12,8,4,5,3,2,1,0,1,223,97,126,20,12,8,11,5,6,0,0,0,1046,557,489
514,District-Jalna,Urban,8,760,399,361,16,8,8,5,1,4,0,0,0,196,90,106,8,5,3,3,2,1,2,2,0,530,291,239
514,District-Jalna,Urban,9,621,291,330,18,11,7,9,2,7,2,1,1,200,102,98,12,6,6,4,1,3,0,0,0,376,168,208
514,District-Jalna,Urban,10,908,486,422,27,21,6,8,4,4,2,1,1,315,166,149,28,15,13,6,5,1,0,0,0,522,274,248
514,District-Jalna,Urban,11,785,390,395,72,56,16,27,14,13,5,1,4,322,147,175,24,16,8,12,8,4,4,2,2,319,146,173
514,District-Jalna,Urban,12,1023,511,512,104,83,21,27,18,9,9,6,3,530,239,291,29,16,13,20,10,10,2,1,1,302,138,164
514,District-Jalna,Urban,13,946,461,485,132,101,31,27,16,11,5,2,3,525,214,311,35,24,11,10,8,2,3,3,0,209,93,116
514,District-Jalna,Urban,14,1383,685,698,242,188,54,66,48,18,12,11,1,752,293,459,50,36,14,17,13,4,6,5,1,238,91,147
514,District-Jalna,Urban,15,1961,982,979,407,334,73,84,63,21,19,13,6,1027,360,667,97,71,26,19,8,11,6,5,1,302,128,174
514,District-Jalna,Urban,16,2348,1182,1166,553,467,86,107,75,32,29,24,5,1270,399,871,117,88,29,23,17,6,4,3,1,245,109,136
514,District-Jalna,Urban,17,2769,1413,1356,743,630,113,156,114,42,32,28,4,1459,435,1024,111,89,22,27,21,6,9,5,4,232,91,141
514,District-Jalna,Urban,18,4614,2176,2438,1360,1151,209,234,172,62,50,38,12,2320,520,1800,235,174,61,40,23,17,10,7,3,365,91,274
514,District-Jalna,Urban,19,3875,1790,2085,1194,990,204,181,136,45,38,29,9,1946,412,1534,174,124,50,33,20,13,7,5,2,302,74,228
515,District-Aurangabad,Total,5-19,283142,140695,142447,73573,47019,26554,8122,4032,4090,1679,873,806,60303,16267,44036,10971,5780,5191,1858,851,1007,375,172,203,126261,65701,60560
515,District-Aurangabad,Total,5,61164,32853,28311,51,35,16,18,11,7,1,1,0,978,493,485,413,226,187,239,128,111,20,13,7,59444,31946,27498
515,District-Aurangabad,Total,6,38591,20656,17935,36,26,10,15,8,7,4,3,1,1230,612,618,272,162,110,149,91,58,27,11,16,36858,19743,17115
515,District-Aurangabad,Total,7,10647,5577,5070,61,37,24,13,6,7,2,2,0,797,384,413,125,71,54,51,20,31,17,7,10,9581,5050,4531
515,District-Aurangabad,Total,8,4293,2150,2143,101,65,36,12,7,5,8,4,4,680,352,328,97,64,33,30,15,15,6,3,3,3359,1640,1719
515,District-Aurangabad,Total,9,3136,1585,1551,111,69,42,20,11,9,2,2,0,712,372,340,89,45,44,23,14,9,8,6,2,2171,1066,1105
515,District-Aurangabad,Total,10,5070,2652,2418,200,114,86,44,24,20,11,7,4,1012,523,489,206,116,90,50,24,26,8,3,5,3539,1841,1698
515,District-Aurangabad,Total,11,4039,2013,2026,701,464,237,86,44,42,27,9,18,1253,531,722,253,126,127,61,29,32,13,5,8,1645,805,840
515,District-Aurangabad,Total,12,5292,2550,2742,1206,789,417,154,71,83,49,23,26,1957,814,1143,505,230,275,77,26,51,18,9,9,1326,588,738
515,District-Aurangabad,Total,13,5962,2751,3211,1568,946,622,269,139,130,47,21,26,2375,841,1534,480,250,230,79,39,40,18,7,11,1126,508,618
515,District-Aurangabad,Total,14,8822,4132,4690,2954,1783,1171,405,194,211,129,66,63,3494,1228,2266,669,346,323,97,53,44,29,14,15,1045,448,597
515,District-Aurangabad,Total,15,14263,6915,7348,5534,3517,2017,692,346,346,154,87,67,5145,1688,3457,1228,672,556,156,65,91,43,16,27,1311,524,787
515,District-Aurangabad,Total,16,18605,9092,9513,8298,5432,2866,996,511,485,229,125,104,6582,1800,4782,1191,684,507,156,76,80,35,23,12,1118,441,677
515,District-Aurangabad,Total,17,22788,11126,11662,11000,7194,3806,1263,663,600,270,145,125,7776,1954,5822,1282,723,559,159,66,93,38,19,19,1000,362,638
515,District-Aurangabad,Total,18,41631,19712,21919,21460,13986,7474,2151,1067,1084,398,207,191,13513,2664,10849,2327,1219,1108,287,118,169,46,18,28,1449,433,1016
515,District-Aurangabad,Total,19,38839,16931,21908,20292,12562,7730,1984,930,1054,348,171,177,12799,2011,10788,1834,846,988,244,87,157,49,18,31,1289,306,983
515,District-Aurangabad,Rural,5-19,174140,86291,87849,57578,33643,23935,5977,2581,3396,1139,481,658,26458,7322,19136,8444,4002,4442,1196,466,730,264,102,162,73084,37694,35390
515,District-Aurangabad,Rural,5,37040,19831,17209,31,18,13,6,3,3,1,1,0,474,242,232,242,132,110,104,52,52,15,9,6,36167,19374,16793
515,District-Aurangabad,Rural,6,21320,11178,10142,26,19,7,7,4,3,3,2,1,578,292,286,153,87,66,62,33,29,17,8,9,20474,10733,9741
515,District-Aurangabad,Rural,7,5883,3070,2813,32,20,12,6,4,2,2,2,0,334,161,173,81,45,36,25,10,15,16,7,9,5387,2821,2566
515,District-Aurangabad,Rural,8,2432,1188,1244,48,30,18,7,5,2,5,2,3,328,180,148,68,44,24,18,6,12,6,3,3,1952,918,1034
515,District-Aurangabad,Rural,9,1734,851,883,71,41,30,11,7,4,1,1,0,338,186,152,61,29,32,15,8,7,6,4,2,1231,575,656
515,District-Aurangabad,Rural,10,2900,1491,1409,138,75,63,23,12,11,7,5,2,482,243,239,155,83,72,26,14,12,7,2,5,2062,1057,1005
515,District-Aurangabad,Rural,11,2302,1131,1171,503,314,189,53,28,25,16,4,12,554,235,319,193,87,106,41,17,24,11,4,7,931,442,489
515,District-Aurangabad,Rural,12,3179,1501,1678,897,543,354,109,47,62,33,13,20,947,401,546,404,173,231,62,18,44,11,7,4,716,299,417
515,District-Aurangabad,Rural,13,3700,1624,2076,1199,651,548,191,84,107,39,17,22,1197,416,781,371,173,198,58,29,29,14,4,10,631,250,381
515,District-Aurangabad,Rural,14,5692,2567,3125,2343,1288,1055,309,128,181,94,40,54,1788,611,1177,529,244,285,62,30,32,21,7,14,546,219,327
515,District-Aurangabad,Rural,15,9481,4540,4941,4412,2610,1802,531,231,300,108,50,58,2541,795,1746,1012,521,491,112,42,70,34,8,26,731,283,448
515,District-Aurangabad,Rural,16,12292,5986,6306,6608,4001,2607,749,334,415,159,64,95,3132,819,2313,949,504,445,109,48,61,19,11,8,567,205,362
515,District-Aurangabad,Rural,17,14703,7207,7496,8588,5166,3422,932,430,502,187,81,106,3381,805,2576,991,498,493,113,36,77,24,11,13,487,180,307
515,District-Aurangabad,Rural,18,27139,13161,13978,16928,10110,6818,1600,698,902,263,112,151,5616,1117,4499,1799,831,968,219,76,143,32,9,23,682,208,474
515,District-Aurangabad,Rural,19,24343,10965,13378,15754,8757,6997,1443,566,877,221,87,134,4768,819,3949,1436,551,885,170,47,123,31,8,23,520,130,390
515,District-Aurangabad,Urban,5-19,109002,54404,54598,15995,13376,2619,2145,1451,694,540,392,148,33845,8945,24900,2527,1778,749,662,385,277,111,70,41,53177,28007,25170
515,District-Aurangabad,Urban,5,24124,13022,11102,20,17,3,12,8,4,0,0,0,504,251,253,171,94,77,135,76,59,5,4,1,23277,12572,10705
515,District-Aurangabad,Urban,6,17271,9478,7793,10,7,3,8,4,4,1,1,0,652,320,332,119,75,44,87,58,29,10,3,7,16384,9010,7374
515,District-Aurangabad,Urban,7,4764,2507,2257,29,17,12,7,2,5,0,0,0,463,223,240,44,26,18,26,10,16,1,0,1,4194,2229,1965
515,District-Aurangabad,Urban,8,1861,962,899,53,35,18,5,2,3,3,2,1,352,172,180,29,20,9,12,9,3,0,0,0,1407,722,685
515,District-Aurangabad,Urban,9,1402,734,668,40,28,12,9,4,5,1,1,0,374,186,188,28,16,12,8,6,2,2,2,0,940,491,449
515,District-Aurangabad,Urban,10,2170,1161,1009,62,39,23,21,12,9,4,2,2,530,280,250,51,33,18,24,10,14,1,1,0,1477,784,693
515,District-Aurangabad,Urban,11,1737,882,855,198,150,48,33,16,17,11,5,6,699,296,403,60,39,21,20,12,8,2,1,1,714,363,351
515,District-Aurangabad,Urban,12,2113,1049,1064,309,246,63,45,24,21,16,10,6,1010,413,597,101,57,44,15,8,7,7,2,5,610,289,321
515,District-Aurangabad,Urban,13,2262,1127,1135,369,295,74,78,55,23,8,4,4,1178,425,753,109,77,32,21,10,11,4,3,1,495,258,237
515,District-Aurangabad,Urban,14,3130,1565,1565,611,495,116,96,66,30,35,26,9,1706,617,1089,140,102,38,35,23,12,8,7,1,499,229,270
515,District-Aurangabad,Urban,15,4782,2375,2407,1122,907,215,161,115,46,46,37,9,2604,893,1711,216,151,65,44,23,21,9,8,1,580,241,339
515,District-Aurangabad,Urban,16,6313,3106,3207,1690,1431,259,247,177,70,70,61,9,3450,981,2469,242,180,62,47,28,19,16,12,4,551,236,315
515,District-Aurangabad,Urban,17,8085,3919,4166,2412,2028,384,331,233,98,83,64,19,4395,1149,3246,291,225,66,46,30,16,14,8,6,513,182,331
515,District-Aurangabad,Urban,18,14492,6551,7941,4532,3876,656,551,369,182,135,95,40,7897,1547,6350,528,388,140,68,42,26,14,9,5,767,225,542
515,District-Aurangabad,Urban,19,14496,5966,8530,4538,3805,733,541,364,177,127,84,43,8031,1192,6839,398,295,103,74,40,34,18,10,8,769,176,593
516,District-Nashik,Total,5-19,442821,221501,221320,114870,71500,43370,15392,7198,8194,2922,1505,1417,90560,30303,60257,27115,12944,14171,3784,1527,2257,671,328,343,187507,96196,91311
516,District-Nashik,Total,5,85852,45712,40140,88,51,37,19,9,10,0,0,0,1410,756,654,1965,1067,898,250,122,128,49,31,18,82071,43676,38395
516,District-Nashik,Total,6,58653,31015,27638,82,53,29,25,10,15,4,1,3,1832,943,889,1296,686,610,171,79,92,32,15,17,55211,29228,25983
516,District-Nashik,Total,7,18342,9354,8988,224,124,100,26,12,14,5,1,4,1959,997,962,514,278,236,62,30,32,16,6,10,15536,7906,7630
516,District-Nashik,Total,8,8325,4034,4291,258,132,126,31,12,19,4,3,1,1933,975,958,315,148,167,62,32,30,16,5,11,5706,2727,2979
516,District-Nashik,Total,9,6954,3543,3411,354,174,180,43,16,27,11,7,4,2046,1074,972,348,167,181,51,27,24,17,8,9,4084,2070,2014
516,District-Nashik,Total,10,10366,5153,5213,566,301,265,98,36,62,37,22,15,2770,1392,1378,617,292,325,125,51,74,29,18,11,6124,3041,3083
516,District-Nashik,Total,11,9005,4467,4538,1415,887,528,222,107,115,54,27,27,3225,1510,1715,677,306,371,117,46,71,37,13,24,3258,1571,1687
516,District-Nashik,Total,12,11395,5596,5799,2456,1465,991,399,184,215,108,57,51,4226,1968,2258,1215,585,630,203,85,118,54,28,26,2734,1224,1510
516,District-Nashik,Total,13,12334,5919,6415,3284,1891,1393,573,258,315,155,68,87,4793,2102,2691,1179,579,600,167,61,106,46,21,25,2137,939,1198
516,District-Nashik,Total,14,17359,8393,8966,5680,3293,2387,996,468,528,250,124,126,6355,2583,3772,1671,840,831,244,110,134,43,17,26,2120,958,1162
516,District-Nashik,Total,15,24410,12178,12232,9635,5909,3726,1510,710,800,334,182,152,7825,3013,4812,2580,1325,1255,408,169,239,70,39,31,2048,831,1217
516,District-Nashik,Total,16,31150,15413,15737,14010,8722,5288,2071,944,1127,401,194,207,9621,3222,6399,2816,1483,1333,387,150,237,67,31,36,1777,667,1110
516,District-Nashik,Total,17,35063,17364,17699,17218,10999,6219,2357,1132,1225,424,209,215,10605,3037,7568,2721,1363,1358,401,172,229,49,25,24,1288,427,861
516,District-Nashik,Total,18,57506,27528,29978,29567,18711,10856,3605,1711,1894,596,316,280,16031,3690,12341,5080,2275,2805,624,230,394,80,41,39,1923,554,1369
516,District-Nashik,Total,19,56107,25832,30275,30033,18788,11245,3417,1589,1828,539,294,245,15929,3041,12888,4121,1550,2571,512,163,349,66,30,36,1490,377,1113
516,District-Nashik,Rural,5-19,273906,133939,139967,84486,46034,38452,12108,4921,7187,2107,899,1208,36195,13178,23017,21897,9511,12386,2921,1039,1882,510,211,299,113682,58146,55536
516,District-Nashik,Rural,5,52753,28107,24646,57,32,25,10,5,5,0,0,0,558,304,254,1490,805,685,144,73,71,46,30,16,50448,26858,23590
516,District-Nashik,Rural,6,35199,18491,16708,58,36,22,14,5,9,3,1,2,825,423,402,981,524,457,106,44,62,27,12,15,33185,17446,15739
516,District-Nashik,Rural,7,11348,5659,5689,154,85,69,13,6,7,5,1,4,1022,499,523,399,212,187,40,20,20,16,6,10,9699,4830,4869
516,District-Nashik,Rural,8,5251,2475,2776,189,91,98,19,7,12,4,3,1,1105,558,547,255,112,143,40,18,22,15,5,10,3624,1681,1943
516,District-Nashik,Rural,9,4364,2147,2217,273,130,143,28,10,18,11,7,4,1164,597,567,283,136,147,33,14,19,16,7,9,2556,1246,1310
516,District-Nashik,Rural,10,6740,3260,3480,466,241,225,71,25,46,34,20,14,1654,795,859,510,228,282,99,39,60,27,17,10,3879,1895,1984
516,District-Nashik,Rural,11,5766,2799,2967,1061,601,460,168,73,95,47,22,25,1800,854,946,576,250,326,92,34,58,32,10,22,1990,955,1035
516,District-Nashik,Rural,12,7544,3582,3962,1929,1060,869,333,143,190,93,43,50,2278,1059,1219,993,449,544,168,66,102,43,19,24,1707,743,964
516,District-Nashik,Rural,13,7915,3662,4253,2515,1303,1212,480,200,280,138,55,83,2405,1073,1332,969,452,517,142,48,94,40,15,25,1226,516,710
516,District-Nashik,Rural,14,11238,5265,5973,4490,2348,2142,846,358,488,205,89,116,2867,1192,1675,1385,656,729,203,84,119,34,11,23,1208,527,681
516,District-Nashik,Rural,15,15782,7671,8111,7423,4121,3302,1239,528,711,264,125,139,3162,1268,1894,2151,1042,1109,330,125,205,50,22,28,1163,440,723
516,District-Nashik,Rural,16,19905,9707,10198,10714,6055,4659,1670,669,1001,317,135,182,3617,1275,2342,2302,1111,1191,322,116,206,46,14,32,917,332,585
516,District-Nashik,Rural,17,21544,10401,11143,12644,7139,5505,1875,789,1086,288,118,170,3615,1043,2572,2152,961,1191,304,110,194,29,10,19,637,231,406
516,District-Nashik,Rural,18,34931,15940,18991,21222,11521,9701,2741,1090,1651,367,147,220,5169,1234,3935,4058,1520,2538,499,147,352,51,19,32,824,262,562
516,District-Nashik,Rural,19,33626,14773,18853,21291,11271,10020,2601,1013,1588,331,133,198,4954,1004,3950,3393,1053,2340,399,101,298,38,14,24,619,184,435
516,District-Nashik,Urban,5-19,168915,87562,81353,30384,25466,4918,3284,2277,1007,815,606,209,54365,17125,37240,5218,3433,1785,863,488,375,161,117,44,73825,38050,35775
516,District-Nashik,Urban,5,33099,17605,15494,31,19,12,9,4,5,0,0,0,852,452,400,475,262,213,106,49,57,3,1,2,31623,16818,14805
516,District-Nashik,Urban,6,23454,12524,10930,24,17,7,11,5,6,1,0,1,1007,520,487,315,162,153,65,35,30,5,3,2,22026,11782,10244
516,District-Nashik,Urban,7,6994,3695,3299,70,39,31,13,6,7,0,0,0,937,498,439,115,66,49,22,10,12,0,0,0,5837,3076,2761
516,District-Nashik,Urban,8,3074,1559,1515,69,41,28,12,5,7,0,0,0,828,417,411,60,36,24,22,14,8,1,0,1,2082,1046,1036
516,District-Nashik,Urban,9,2590,1396,1194,81,44,37,15,6,9,0,0,0,882,477,405,65,31,34,18,13,5,1,1,0,1528,824,704
516,District-Nashik,Urban,10,3626,1893,1733,100,60,40,27,11,16,3,2,1,1116,597,519,107,64,43,26,12,14,2,1,1,2245,1146,1099
516,District-Nashik,Urban,11,3239,1668,1571,354,286,68,54,34,20,7,5,2,1425,656,769,101,56,45,25,12,13,5,3,2,1268,616,652
516,District-Nashik,Urban,12,3851,2014,1837,527,405,122,66,41,25,15,14,1,1948,909,1039,222,136,86,35,19,16,11,9,2,1027,481,546
516,District-Nashik,Urban,13,4419,2257,2162,769,588,181,93,58,35,17,13,4,2388,1029,1359,210,127,83,25,13,12,6,6,0,911,423,488
516,District-Nashik,Urban,14,6121,3128,2993,1190,945,245,150,110,40,45,35,10,3488,1391,2097,286,184,102,41,26,15,9,6,3,912,431,481
516,District-Nashik,Urban,15,8628,4507,4121,2212,1788,424,271,182,89,70,57,13,4663,1745,2918,429,283,146,78,44,34,20,17,3,885,391,494
516,District-Nashik,Urban,16,11245,5706,5539,3296,2667,629,401,275,126,84,59,25,6004,1947,4057,514,372,142,65,34,31,21,17,4,860,335,525
516,District-Nashik,Urban,17,13519,6963,6556,4574,3860,714,482,343,139,136,91,45,6990,1994,4996,569,402,167,97,62,35,20,15,5,651,196,455
516,District-Nashik,Urban,18,22575,11588,10987,8345,7190,1155,864,621,243,229,169,60,10862,2456,8406,1022,755,267,125,83,42,29,22,7,1099,292,807
516,District-Nashik,Urban,19,22481,11059,11422,8742,7517,1225,816,576,240,208,161,47,10975,2037,8938,728,497,231,113,62,51,28,16,12,871,193,678
517,District-Thane,Total,5-19,759441,397701,361740,137208,105576,31632,27723,16509,11214,6298,3614,2684,207765,81282,126483,34192,19885,14307,12172,5205,6967,2248,920,1328,331835,164710,167125
517,District-Thane,Total,5,138346,71904,66442,405,304,101,124,69,55,11,8,3,6355,3258,3097,1530,810,720,911,460,451,68,40,28,128942,66955,61987
517,District-Thane,Total,6,97833,51010,46823,261,185,76,119,57,62,5,1,4,6917,3543,3374,1067,559,508,723,371,352,61,33,28,88680,46261,42419
517,District-Thane,Total,7,34595,17604,16991,532,363,169,126,80,46,10,4,6,5981,3041,2940,508,293,215,270,123,147,41,21,20,27127,13679,13448
517,District-Thane,Total,8,18610,9203,9407,495,324,171,125,67,58,21,12,9,5113,2575,2538,322,167,155,195,108,87,37,12,25,12302,5938,6364
517,District-Thane,Total,9,16605,8280,8325,498,318,180,154,86,68,11,7,4,5249,2685,2564,372,185,187,211,94,117,39,17,22,10071,4888,5183
517,District-Thane,Total,10,22626,11142,11484,655,419,236,216,114,102,51,27,24,6838,3442,3396,592,307,285,314,144,170,74,35,39,13886,6654,7232
517,District-Thane,Total,11,19162,9564,9598,2041,1491,550,389,197,192,79,39,40,7657,3563,4094,739,393,346,332,140,192,73,35,38,7852,3706,4146
517,District-Thane,Total,12,22164,10974,11190,3040,2203,837,674,367,307,170,88,82,9437,4328,5109,1237,624,613,514,217,297,153,52,101,6939,3095,3844
517,District-Thane,Total,13,20888,10150,10738,3281,2298,983,806,416,390,227,124,103,9451,4219,5232,1148,595,553,459,163,296,119,50,69,5397,2285,3112
517,District-Thane,Total,14,26967,13626,13341,5243,3749,1494,1325,718,607,366,178,188,12224,5393,6831,1768,970,798,711,302,409,153,53,100,5177,2263,2914
517,District-Thane,Total,15,38281,20057,18224,9360,6748,2612,2386,1378,1008,601,350,251,15865,6823,9042,3202,1910,1292,1093,483,610,231,79,152,5543,2286,3257
517,District-Thane,Total,16,46997,24433,22564,13413,9691,3722,3460,1982,1478,802,441,361,19267,7740,11527,3579,2044,1535,1270,544,726,237,99,138,4969,1892,3077
517,District-Thane,Total,17,58172,31730,26442,19935,15330,4605,4228,2564,1664,952,559,393,23463,8596,14867,4017,2472,1545,1196,514,682,219,88,131,4162,1607,2555
517,District-Thane,Total,18,100445,56038,44407,39255,31303,7952,6959,4327,2632,1582,942,640,36373,11770,24603,7895,4833,3062,2220,908,1312,420,171,249,5741,1784,3957
517,District-Thane,Total,19,97750,51986,45764,38794,30850,7944,6632,4087,2545,1410,834,576,37575,10306,27269,6216,3723,2493,1753,634,1119,323,135,188,5047,1417,3630
517,District-Thane,Rural,5-19,250342,120437,129905,42554,27697,14857,16323,8791,7532,3977,1983,1994,52099,20267,31832,16880,7090,9790,8071,2907,5164,1671,552,1119,108767,51150,57617
517,District-Thane,Rural,5,41744,21073,20671,47,28,19,15,11,4,4,1,3,715,360,355,478,235,243,233,111,122,37,21,16,40215,20306,19909
517,District-Thane,Rural,6,27634,13858,13776,33,21,12,12,6,6,2,0,2,998,497,501,339,151,188,176,90,86,31,15,16,26043,13078,12965
517,District-Thane,Rural,7,10720,5150,5570,101,65,36,26,15,11,4,0,4,1183,569,614,198,103,95,116,51,65,30,15,15,9062,4332,4730
517,District-Thane,Rural,8,6682,3090,3592,110,54,56,32,14,18,13,7,6,1323,648,675,138,62,76,96,54,42,25,7,18,4945,2244,2701
517,District-Thane,Rural,9,5705,2625,3080,127,71,56,54,25,29,6,4,2,1398,690,708,190,81,109,125,62,63,31,11,20,3774,1681,2093
517,District-Thane,Rural,10,8176,3723,4453,216,120,96,94,48,46,38,19,19,2029,980,1049,299,129,170,202,85,117,65,31,34,5233,2311,2922
517,District-Thane,Rural,11,6496,2950,3546,491,293,198,190,87,103,59,25,34,2065,976,1089,384,164,220,223,93,130,61,26,35,3023,1286,1737
517,District-Thane,Rural,12,8801,3908,4893,972,586,386,390,188,202,113,50,63,2946,1304,1642,698,274,424,384,146,238,131,38,93,3167,1322,1845
517,District-Thane,Rural,13,8275,3583,4692,1133,616,517,506,239,267,171,81,90,2951,1315,1636,658,273,385,349,112,237,92,34,58,2415,913,1502
517,District-Thane,Rural,14,10648,4933,5715,1955,1165,790,849,404,445,276,122,154,3717,1670,2047,1037,448,589,551,205,346,121,36,85,2142,883,1259
517,District-Thane,Rural,15,15046,7299,7747,3512,2094,1418,1550,843,707,427,227,200,4631,2072,2559,1749,834,915,821,325,496,174,52,122,2182,852,1330
517,District-Thane,Rural,16,18643,8875,9768,5230,3193,2037,2346,1268,1078,544,270,274,5420,2170,3250,2033,892,1141,967,371,596,195,66,129,1908,645,1263
517,District-Thane,Rural,17,19924,9863,10061,6489,4305,2184,2596,1439,1157,619,332,287,5867,2120,3747,1995,847,1148,858,313,545,162,52,110,1338,455,883
517,District-Thane,Rural,18,32789,15924,16865,11552,7871,3681,4049,2221,1828,902,452,450,8606,2691,5915,3808,1550,2258,1690,552,1138,288,84,204,1894,503,1391
517,District-Thane,Rural,19,29059,13583,15476,10586,7215,3371,3614,1983,1631,799,393,406,8250,2205,6045,2876,1047,1829,1280,337,943,228,64,164,1426,339,1087
517,District-Thane,Urban,5-19,509099,277264,231835,94654,77879,16775,11400,7718,3682,2321,1631,690,155666,61015,94651,17312,12795,4517,4101,2298,1803,577,368,209,223068,113560,109508
517,District-Thane,Urban,5,96602,50831,45771,358,276,82,109,58,51,7,7,0,5640,2898,2742,1052,575,477,678,349,329,31,19,12,88727,46649,42078
517,District-Thane,Urban,6,70199,37152,33047,228,164,64,107,51,56,3,1,2,5919,3046,2873,728,408,320,547,281,266,30,18,12,62637,33183,29454
517,District-Thane,Urban,7,23875,12454,11421,431,298,133,100,65,35,6,4,2,4798,2472,2326,310,190,120,154,72,82,11,6,5,18065,9347,8718
517,District-Thane,Urban,8,11928,6113,5815,385,270,115,93,53,40,8,5,3,3790,1927,1863,184,105,79,99,54,45,12,5,7,7357,3694,3663
517,District-Thane,Urban,9,10900,5655,5245,371,247,124,100,61,39,5,3,2,3851,1995,1856,182,104,78,86,32,54,8,6,2,6297,3207,3090
517,District-Thane,Urban,10,14450,7419,7031,439,299,140,122,66,56,13,8,5,4809,2462,2347,293,178,115,112,59,53,9,4,5,8653,4343,4310
517,District-Thane,Urban,11,12666,6614,6052,1550,1198,352,199,110,89,20,14,6,5592,2587,3005,355,229,126,109,47,62,12,9,3,4829,2420,2409
517,District-Thane,Urban,12,13363,7066,6297,2068,1617,451,284,179,105,57,38,19,6491,3024,3467,539,350,189,130,71,59,22,14,8,3772,1773,1999
517,District-Thane,Urban,13,12613,6567,6046,2148,1682,466,300,177,123,56,43,13,6500,2904,3596,490,322,168,110,51,59,27,16,11,2982,1372,1610
517,District-Thane,Urban,14,16319,8693,7626,3288,2584,704,476,314,162,90,56,34,8507,3723,4784,731,522,209,160,97,63,32,17,15,3035,1380,1655
517,District-Thane,Urban,15,23235,12758,10477,5848,4654,1194,836,535,301,174,123,51,11234,4751,6483,1453,1076,377,272,158,114,57,27,30,3361,1434,1927
517,District-Thane,Urban,16,28354,15558,12796,8183,6498,1685,1114,714,400,258,171,87,13847,5570,8277,1546,1152,394,303,173,130,42,33,9,3061,1247,1814
517,District-Thane,Urban,17,38248,21867,16381,13446,11025,2421,1632,1125,507,333,227,106,17596,6476,11120,2022,1625,397,338,201,137,57,36,21,2824,1152,1672
517,District-Thane,Urban,18,67656,40114,27542,27703,23432,4271,2910,2106,804,680,490,190,27767,9079,18688,4087,3283,804,530,356,174,132,87,45,3847,1281,2566
517,District-Thane,Urban,19,68691,38403,30288,28208,23635,4573,3018,2104,914,611,441,170,29325,8101,21224,3340,2676,664,473,297,176,95,71,24,3621,1078,2543
518,District-Mumbai Suburban,Total,5-19,493206,270143,223063,106034,84834,21200,9898,6585,3313,2787,1987,800,152134,58439,93695,15039,11461,3578,2756,1657,1099,516,355,161,204042,104825,99217
518,District-Mumbai Suburban,Total,5,96283,50651,45632,189,133,56,68,33,35,7,5,2,4557,2325,2232,973,524,449,571,298,273,41,22,19,89877,47311,42566
518,District-Mumbai Suburban,Total,6,66932,35281,31651,191,130,61,69,45,24,6,4,2,5205,2676,2529,579,316,263,390,200,190,26,14,12,60466,31896,28570
518,District-Mumbai Suburban,Total,7,19334,10286,9048,277,177,100,78,46,32,6,5,1,3140,1611,1529,251,156,95,114,67,47,13,7,6,15455,8217,7238
518,District-Mumbai Suburban,Total,8,9128,4683,4445,279,177,102,74,43,31,6,5,1,2695,1321,1374,163,101,62,60,30,30,6,1,5,5845,3005,2840
518,District-Mumbai Suburban,Total,9,7014,3628,3386,304,188,116,74,46,28,4,2,2,2514,1296,1218,133,84,49,61,34,27,11,6,5,3913,1972,1941
518,District-Mumbai Suburban,Total,10,10193,5292,4901,413,278,135,96,49,47,9,4,5,3307,1636,1671,234,144,90,75,42,33,10,6,4,6049,3133,2916
518,District-Mumbai Suburban,Total,11,9182,4847,4335,1569,1183,386,177,104,73,22,16,6,4181,1921,2260,286,184,102,68,33,35,15,13,2,2864,1393,1471
518,District-Mumbai Suburban,Total,12,10198,5558,4640,2096,1633,463,234,142,92,50,32,18,5083,2316,2767,418,299,119,51,29,22,13,11,2,2253,1096,1157
518,District-Mumbai Suburban,Total,13,10289,5374,4915,2178,1623,555,238,147,91,45,27,18,5525,2409,3116,361,255,106,65,37,28,16,8,8,1861,868,993
518,District-Mumbai Suburban,Total,14,13864,7165,6699,3138,2381,757,369,194,175,79,45,34,7659,3217,4442,527,381,146,77,49,28,28,16,12,1987,882,1105
518,District-Mumbai Suburban,Total,15,21596,11577,10019,5779,4420,1359,651,426,225,174,114,60,11206,4632,6574,1060,783,277,138,94,44,37,22,15,2551,1086,1465
518,District-Mumbai Suburban,Total,16,28240,15092,13148,8597,6598,1999,873,567,306,254,175,79,14812,5710,9102,1231,963,268,144,88,56,52,34,18,2277,957,1320
518,District-Mumbai Suburban,Total,17,39842,22312,17530,14382,11292,3090,1502,979,523,429,304,125,19390,7349,12041,1692,1363,329,215,140,75,50,37,13,2182,848,1334
518,District-Mumbai Suburban,Total,18,75168,44790,30378,32457,26786,5671,2586,1841,745,892,654,238,31415,10693,20722,3870,3214,656,378,267,111,103,81,22,3467,1254,2213
518,District-Mumbai Suburban,Total,19,75943,43607,32336,34185,27835,6350,2809,1923,886,804,595,209,31445,9327,22118,3261,2694,567,349,249,100,95,77,18,2995,907,2088
518,District-Mumbai Suburban,Rural,5-19,0,0,0,0,0,0,0,0,0,0,0,0,0,0,0,0,0,0,0,0,0,0,0,0,0,0,0
518,District-Mumbai Suburban,Rural,5,0,0,0,0,0,0,0,0,0,0,0,0,0,0,0,0,0,0,0,0,0,0,0,0,0,0,0
518,District-Mumbai Suburban,Rural,6,0,0,0,0,0,0,0,0,0,0,0,0,0,0,0,0,0,0,0,0,0,0,0,0,0,0,0
518,District-Mumbai Suburban,Rural,7,0,0,0,0,0,0,0,0,0,0,0,0,0,0,0,0,0,0,0,0,0,0,0,0,0,0,0
518,District-Mumbai Suburban,Rural,8,0,0,0,0,0,0,0,0,0,0,0,0,0,0,0,0,0,0,0,0,0,0,0,0,0,0,0
518,District-Mumbai Suburban,Rural,9,0,0,0,0,0,0,0,0,0,0,0,0,0,0,0,0,0,0,0,0,0,0,0,0,0,0,0
518,District-Mumbai Suburban,Rural,10,0,0,0,0,0,0,0,0,0,0,0,0,0,0,0,0,0,0,0,0,0,0,0,0,0,0,0
518,District-Mumbai Suburban,Rural,11,0,0,0,0,0,0,0,0,0,0,0,0,0,0,0,0,0,0,0,0,0,0,0,0,0,0,0
518,District-Mumbai Suburban,Rural,12,0,0,0,0,0,0,0,0,0,0,0,0,0,0,0,0,0,0,0,0,0,0,0,0,0,0,0
518,District-Mumbai Suburban,Rural,13,0,0,0,0,0,0,0,0,0,0,0,0,0,0,0,0,0,0,0,0,0,0,0,0,0,0,0
518,District-Mumbai Suburban,Rural,14,0,0,0,0,0,0,0,0,0,0,0,0,0,0,0,0,0,0,0,0,0,0,0,0,0,0,0
518,District-Mumbai Suburban,Rural,15,0,0,0,0,0,0,0,0,0,0,0,0,0,0,0,0,0,0,0,0,0,0,0,0,0,0,0
518,District-Mumbai Suburban,Rural,16,0,0,0,0,0,0,0,0,0,0,0,0,0,0,0,0,0,0,0,0,0,0,0,0,0,0,0
518,District-Mumbai Suburban,Rural,17,0,0,0,0,0,0,0,0,0,0,0,0,0,0,0,0,0,0,0,0,0,0,0,0,0,0,0
518,District-Mumbai Suburban,Rural,18,0,0,0,0,0,0,0,0,0,0,0,0,0,0,0,0,0,0,0,0,0,0,0,0,0,0,0
518,District-Mumbai Suburban,Rural,19,0,0,0,0,0,0,0,0,0,0,0,0,0,0,0,0,0,0,0,0,0,0,0,0,0,0,0
518,District-Mumbai Suburban,Urban,5-19,493206,270143,223063,106034,84834,21200,9898,6585,3313,2787,1987,800,152134,58439,93695,15039,11461,3578,2756,1657,1099,516,355,161,204042,104825,99217
518,District-Mumbai Suburban,Urban,5,96283,50651,45632,189,133,56,68,33,35,7,5,2,4557,2325,2232,973,524,449,571,298,273,41,22,19,89877,47311,42566
518,District-Mumbai Suburban,Urban,6,66932,35281,31651,191,130,61,69,45,24,6,4,2,5205,2676,2529,579,316,263,390,200,190,26,14,12,60466,31896,28570
518,District-Mumbai Suburban,Urban,7,19334,10286,9048,277,177,100,78,46,32,6,5,1,3140,1611,1529,251,156,95,114,67,47,13,7,6,15455,8217,7238
518,District-Mumbai Suburban,Urban,8,9128,4683,4445,279,177,102,74,43,31,6,5,1,2695,1321,1374,163,101,62,60,30,30,6,1,5,5845,3005,2840
518,District-Mumbai Suburban,Urban,9,7014,3628,3386,304,188,116,74,46,28,4,2,2,2514,1296,1218,133,84,49,61,34,27,11,6,5,3913,1972,1941
518,District-Mumbai Suburban,Urban,10,10193,5292,4901,413,278,135,96,49,47,9,4,5,3307,1636,1671,234,144,90,75,42,33,10,6,4,6049,3133,2916
518,District-Mumbai Suburban,Urban,11,9182,4847,4335,1569,1183,386,177,104,73,22,16,6,4181,1921,2260,286,184,102,68,33,35,15,13,2,2864,1393,1471
518,District-Mumbai Suburban,Urban,12,10198,5558,4640,2096,1633,463,234,142,92,50,32,18,5083,2316,2767,418,299,119,51,29,22,13,11,2,2253,1096,1157
518,District-Mumbai Suburban,Urban,13,10289,5374,4915,2178,1623,555,238,147,91,45,27,18,5525,2409,3116,361,255,106,65,37,28,16,8,8,1861,868,993
518,District-Mumbai Suburban,Urban,14,13864,7165,6699,3138,2381,757,369,194,175,79,45,34,7659,3217,4442,527,381,146,77,49,28,28,16,12,1987,882,1105
518,District-Mumbai Suburban,Urban,15,21596,11577,10019,5779,4420,1359,651,426,225,174,114,60,11206,4632,6574,1060,783,277,138,94,44,37,22,15,2551,1086,1465
518,District-Mumbai Suburban,Urban,16,28240,15092,13148,8597,6598,1999,873,567,306,254,175,79,14812,5710,9102,1231,963,268,144,88,56,52,34,18,2277,957,1320
518,District-Mumbai Suburban,Urban,17,39842,22312,17530,14382,11292,3090,1502,979,523,429,304,125,19390,7349,12041,1692,1363,329,215,140,75,50,37,13,2182,848,1334
518,District-Mumbai Suburban,Urban,18,75168,44790,30378,32457,26786,5671,2586,1841,745,892,654,238,31415,10693,20722,3870,3214,656,378,267,111,103,81,22,3467,1254,2213
518,District-Mumbai Suburban,Urban,19,75943,43607,32336,34185,27835,6350,2809,1923,886,804,595,209,31445,9327,22118,3261,2694,567,349,249,100,95,77,18,2995,907,2088
519,District-Mumbai,Total,5-19,153388,90000,63388,37053,31505,5548,3005,2043,962,741,553,188,45116,18780,26336,8355,6813,1542,1068,650,418,175,128,47,57875,29528,28347
519,District-Mumbai,Total,5,25778,13586,12192,82,64,18,27,10,17,1,0,1,1536,827,709,353,206,147,188,94,94,13,8,5,23578,12377,11201
519,District-Mumbai,Total,6,18404,9669,8735,76,52,24,30,17,13,0,0,0,1682,834,848,209,119,90,128,52,76,6,5,1,16273,8590,7683
519,District-Mumbai,Total,7,5741,2945,2796,91,51,40,24,13,11,0,0,0,1044,531,513,97,58,39,46,20,26,4,1,3,4435,2271,2164
519,District-Mumbai,Total,8,2913,1475,1438,109,72,37,21,7,14,0,0,0,926,481,445,73,31,42,26,20,6,3,1,2,1755,863,892
519,District-Mumbai,Total,9,2724,1468,1256,111,81,30,20,10,10,1,0,1,941,504,437,72,45,27,20,10,10,2,2,0,1557,816,741
519,District-Mumbai,Total,10,3751,1980,1771,138,103,35,42,25,17,3,2,1,1171,641,530,106,64,42,47,28,19,5,3,2,2239,1114,1125
519,District-Mumbai,Total,11,3402,1846,1556,557,441,116,59,34,25,2,2,0,1435,671,764,163,109,54,29,18,11,5,2,3,1152,569,583
519,District-Mumbai,Total,12,3683,2082,1601,799,641,158,80,45,35,13,12,1,1623,735,888,295,220,75,39,23,16,5,4,1,829,402,427
519,District-Mumbai,Total,13,3567,1975,1592,723,568,155,88,54,34,12,8,4,1725,797,928,227,162,65,39,22,17,5,4,1,748,360,388
519,District-Mumbai,Total,14,4674,2633,2041,1094,875,219,118,69,49,31,24,7,2306,1026,1280,351,272,79,40,19,21,4,3,1,730,345,385
519,District-Mumbai,Total,15,6922,4031,2891,1926,1577,349,223,152,71,59,45,14,3192,1356,1836,586,465,121,60,43,17,15,11,4,861,382,479
519,District-Mumbai,Total,16,8882,5242,3640,2860,2360,500,282,192,90,67,52,15,4136,1688,2448,681,557,124,70,50,20,14,12,2,772,331,441
519,District-Mumbai,Total,17,12492,7802,4690,4818,4057,761,394,280,114,114,86,28,5369,2188,3181,965,815,150,80,55,25,25,20,5,727,301,426
519,District-Mumbai,Total,18,24459,16384,8075,11280,9876,1404,782,558,224,234,178,56,8692,3311,5381,2174,1910,264,119,86,33,35,26,9,1143,439,704
519,District-Mumbai,Total,19,25996,16882,9114,12389,10687,1702,815,577,238,204,144,60,9338,3190,6148,2003,1780,223,137,110,27,34,26,8,1076,368,708
519,District-Mumbai,Rural,5-19,0,0,0,0,0,0,0,0,0,0,0,0,0,0,0,0,0,0,0,0,0,0,0,0,0,0,0
519,District-Mumbai,Rural,5,0,0,0,0,0,0,0,0,0,0,0,0,0,0,0,0,0,0,0,0,0,0,0,0,0,0,0
519,District-Mumbai,Rural,6,0,0,0,0,0,0,0,0,0,0,0,0,0,0,0,0,0,0,0,0,0,0,0,0,0,0,0
519,District-Mumbai,Rural,7,0,0,0,0,0,0,0,0,0,0,0,0,0,0,0,0,0,0,0,0,0,0,0,0,0,0,0
519,District-Mumbai,Rural,8,0,0,0,0,0,0,0,0,0,0,0,0,0,0,0,0,0,0,0,0,0,0,0,0,0,0,0
519,District-Mumbai,Rural,9,0,0,0,0,0,0,0,0,0,0,0,0,0,0,0,0,0,0,0,0,0,0,0,0,0,0,0
519,District-Mumbai,Rural,10,0,0,0,0,0,0,0,0,0,0,0,0,0,0,0,0,0,0,0,0,0,0,0,0,0,0,0
519,District-Mumbai,Rural,11,0,0,0,0,0,0,0,0,0,0,0,0,0,0,0,0,0,0,0,0,0,0,0,0,0,0,0
519,District-Mumbai,Rural,12,0,0,0,0,0,0,0,0,0,0,0,0,0,0,0,0,0,0,0,0,0,0,0,0,0,0,0
519,District-Mumbai,Rural,13,0,0,0,0,0,0,0,0,0,0,0,0,0,0,0,0,0,0,0,0,0,0,0,0,0,0,0
519,District-Mumbai,Rural,14,0,0,0,0,0,0,0,0,0,0,0,0,0,0,0,0,0,0,0,0,0,0,0,0,0,0,0
519,District-Mumbai,Rural,15,0,0,0,0,0,0,0,0,0,0,0,0,0,0,0,0,0,0,0,0,0,0,0,0,0,0,0
519,District-Mumbai,Rural,16,0,0,0,0,0,0,0,0,0,0,0,0,0,0,0,0,0,0,0,0,0,0,0,0,0,0,0
519,District-Mumbai,Rural,17,0,0,0,0,0,0,0,0,0,0,0,0,0,0,0,0,0,0,0,0,0,0,0,0,0,0,0
519,District-Mumbai,Rural,18,0,0,0,0,0,0,0,0,0,0,0,0,0,0,0,0,0,0,0,0,0,0,0,0,0,0,0
519,District-Mumbai,Rural,19,0,0,0,0,0,0,0,0,0,0,0,0,0,0,0,0,0,0,0,0,0,0,0,0,0,0,0
519,District-Mumbai,Urban,5-19,153388,90000,63388,37053,31505,5548,3005,2043,962,741,553,188,45116,18780,26336,8355,6813,1542,1068,650,418,175,128,47,57875,29528,28347
519,District-Mumbai,Urban,5,25778,13586,12192,82,64,18,27,10,17,1,0,1,1536,827,709,353,206,147,188,94,94,13,8,5,23578,12377,11201
519,District-Mumbai,Urban,6,18404,9669,8735,76,52,24,30,17,13,0,0,0,1682,834,848,209,119,90,128,52,76,6,5,1,16273,8590,7683
519,District-Mumbai,Urban,7,5741,2945,2796,91,51,40,24,13,11,0,0,0,1044,531,513,97,58,39,46,20,26,4,1,3,4435,2271,2164
519,District-Mumbai,Urban,8,2913,1475,1438,109,72,37,21,7,14,0,0,0,926,481,445,73,31,42,26,20,6,3,1,2,1755,863,892
519,District-Mumbai,Urban,9,2724,1468,1256,111,81,30,20,10,10,1,0,1,941,504,437,72,45,27,20,10,10,2,2,0,1557,816,741
519,District-Mumbai,Urban,10,3751,1980,1771,138,103,35,42,25,17,3,2,1,1171,641,530,106,64,42,47,28,19,5,3,2,2239,1114,1125
519,District-Mumbai,Urban,11,3402,1846,1556,557,441,116,59,34,25,2,2,0,1435,671,764,163,109,54,29,18,11,5,2,3,1152,569,583
519,District-Mumbai,Urban,12,3683,2082,1601,799,641,158,80,45,35,13,12,1,1623,735,888,295,220,75,39,23,16,5,4,1,829,402,427
519,District-Mumbai,Urban,13,3567,1975,1592,723,568,155,88,54,34,12,8,4,1725,797,928,227,162,65,39,22,17,5,4,1,748,360,388
519,District-Mumbai,Urban,14,4674,2633,2041,1094,875,219,118,69,49,31,24,7,2306,1026,1280,351,272,79,40,19,21,4,3,1,730,345,385
519,District-Mumbai,Urban,15,6922,4031,2891,1926,1577,349,223,152,71,59,45,14,3192,1356,1836,586,465,121,60,43,17,15,11,4,861,382,479
519,District-Mumbai,Urban,16,8882,5242,3640,2860,2360,500,282,192,90,67,52,15,4136,1688,2448,681,557,124,70,50,20,14,12,2,772,331,441
519,District-Mumbai,Urban,17,12492,7802,4690,4818,4057,761,394,280,114,114,86,28,5369,2188,3181,965,815,150,80,55,25,25,20,5,727,301,426
519,District-Mumbai,Urban,18,24459,16384,8075,11280,9876,1404,782,558,224,234,178,56,8692,3311,5381,2174,1910,264,119,86,33,35,26,9,1143,439,704
519,District-Mumbai,Urban,19,25996,16882,9114,12389,10687,1702,815,577,238,204,144,60,9338,3190,6148,2003,1780,223,137,110,27,34,26,8,1076,368,708
520,District-Raigarh,Total,5-19,151498,74485,77013,24657,18044,6613,8820,5031,3789,2235,1257,978,50102,17477,32625,4891,2659,2232,2170,999,1171,496,209,287,58127,28809,29318
520,District-Raigarh,Total,5,26224,13689,12535,52,41,11,21,8,13,1,1,0,1044,511,533,381,191,190,176,90,86,18,9,9,24531,12838,11693
520,District-Raigarh,Total,6,16767,8682,8085,41,26,15,11,4,7,4,3,1,1189,567,622,192,97,95,129,58,71,19,10,9,15182,7917,7265
520,District-Raigarh,Total,7,5704,2922,2782,89,51,38,26,15,11,2,0,2,972,497,475,62,34,28,44,18,26,3,1,2,4506,2306,2200
520,District-Raigarh,Total,8,3041,1464,1577,95,66,29,28,14,14,3,1,2,887,429,458,56,30,26,39,22,17,4,1,3,1929,901,1028
520,District-Raigarh,Total,9,2503,1232,1271,80,46,34,27,17,10,3,2,1,863,445,418,57,28,29,29,16,13,4,0,4,1440,678,762
520,District-Raigarh,Total,10,3466,1680,1786,114,67,47,30,13,17,4,1,3,1163,553,610,79,41,38,45,27,18,8,4,4,2023,974,1049
520,District-Raigarh,Total,11,3297,1609,1688,388,271,117,106,68,38,18,14,4,1416,640,776,106,58,48,58,31,27,11,2,9,1194,525,669
520,District-Raigarh,Total,12,3766,1789,1977,527,374,153,169,86,83,35,17,18,1721,738,983,150,75,75,66,23,43,18,11,7,1080,465,615
520,District-Raigarh,Total,13,3921,1833,2088,539,364,175,204,115,89,60,27,33,1997,826,1171,149,75,74,99,47,52,24,10,14,849,369,480
520,District-Raigarh,Total,14,5131,2415,2716,863,593,270,341,177,164,112,63,49,2520,988,1532,246,139,107,92,43,49,46,21,25,911,391,520
520,District-Raigarh,Total,15,8030,3903,4127,1590,1113,477,653,361,292,192,112,80,3819,1488,2331,470,275,195,214,111,103,66,30,36,1026,413,613
520,District-Raigarh,Total,16,10208,4759,5449,2402,1646,756,1010,538,472,279,140,139,4977,1782,3195,418,234,184,217,108,109,45,26,19,860,285,575
520,District-Raigarh,Total,17,13231,6367,6864,3459,2487,972,1355,783,572,374,224,150,6557,2194,4363,527,310,217,191,95,96,58,29,29,710,245,465
520,District-Raigarh,Total,18,22689,10978,11711,6931,5221,1710,2354,1376,978,579,334,245,10228,2989,7239,1068,584,484,418,170,248,97,28,69,1014,276,738
520,District-Raigarh,Total,19,23520,11163,12357,7487,5678,1809,2485,1456,1029,569,318,251,10749,2830,7919,930,488,442,353,140,213,75,27,48,872,226,646
520,District-Raigarh,Rural,5-19,106179,50920,55259,17590,12218,5372,7396,4085,3311,1995,1086,909,35310,12172,23138,3573,1802,1771,1750,774,976,431,177,254,38134,18606,19528
520,District-Raigarh,Rural,5,16937,8761,8176,35,27,8,12,5,7,0,0,0,656,316,340,238,116,122,107,52,55,16,8,8,15873,8237,7636
520,District-Raigarh,Rural,6,10363,5248,5115,24,17,7,5,3,2,4,3,1,736,331,405,104,47,57,72,35,37,18,10,8,9400,4802,4598
520,District-Raigarh,Rural,7,3630,1853,1777,46,31,15,10,5,5,2,0,2,580,303,277,38,23,15,28,12,16,2,1,1,2924,1478,1446
520,District-Raigarh,Rural,8,2033,966,1067,63,46,17,17,6,11,3,1,2,566,271,295,33,16,17,29,18,11,4,1,3,1318,607,711
520,District-Raigarh,Rural,9,1726,848,878,54,28,26,17,11,6,2,1,1,552,286,266,45,22,23,24,14,10,4,0,4,1028,486,542
520,District-Raigarh,Rural,10,2349,1131,1218,71,38,33,21,8,13,4,1,3,758,361,397,48,25,23,31,18,13,8,4,4,1408,676,732
520,District-Raigarh,Rural,11,2271,1101,1170,256,167,89,75,48,27,14,10,4,925,426,499,80,44,36,48,26,22,7,1,6,866,379,487
520,District-Raigarh,Rural,12,2692,1258,1434,336,233,103,144,70,74,32,15,17,1210,526,684,108,52,56,54,19,35,18,11,7,790,332,458
520,District-Raigarh,Rural,13,2828,1294,1534,359,233,126,165,93,72,57,26,31,1397,569,828,110,54,56,81,39,42,22,9,13,637,271,366
520,District-Raigarh,Rural,14,3759,1734,2025,608,389,219,285,146,139,98,54,44,1782,687,1095,191,104,87,81,37,44,40,17,23,674,300,374
520,District-Raigarh,Rural,15,6086,2867,3219,1154,761,393,572,302,270,173,97,76,2825,1069,1756,364,210,154,187,95,92,59,26,33,752,307,445
520,District-Raigarh,Rural,16,7869,3566,4303,1804,1182,622,880,459,421,257,125,132,3750,1313,2437,325,172,153,187,86,101,41,23,18,625,206,419
520,District-Raigarh,Rural,17,9935,4618,5317,2517,1698,819,1154,642,512,330,190,140,4823,1587,3236,392,218,174,165,81,84,47,21,26,507,181,326
520,District-Raigarh,Rural,18,16589,7677,8912,4849,3445,1404,1964,1106,858,512,283,229,7321,2131,5190,780,366,414,359,134,225,80,23,57,724,189,535
520,District-Raigarh,Rural,19,17112,7998,9114,5414,3923,1491,2075,1181,894,507,280,227,7429,1996,5433,717,333,384,297,108,189,65,22,43,608,155,453
520,District-Raigarh,Urban,5-19,45319,23565,21754,7067,5826,1241,1424,946,478,240,171,69,14792,5305,9487,1318,857,461,420,225,195,65,32,33,19993,10203,9790
520,District-Raigarh,Urban,5,9287,4928,4359,17,14,3,9,3,6,1,1,0,388,195,193,143,75,68,69,38,31,2,1,1,8658,4601,4057
520,District-Raigarh,Urban,6,6404,3434,2970,17,9,8,6,1,5,0,0,0,453,236,217,88,50,38,57,23,34,1,0,1,5782,3115,2667
520,District-Raigarh,Urban,7,2074,1069,1005,43,20,23,16,10,6,0,0,0,392,194,198,24,11,13,16,6,10,1,0,1,1582,828,754
520,District-Raigarh,Urban,8,1008,498,510,32,20,12,11,8,3,0,0,0,321,158,163,23,14,9,10,4,6,0,0,0,611,294,317
520,District-Raigarh,Urban,9,777,384,393,26,18,8,10,6,4,1,1,0,311,159,152,12,6,6,5,2,3,0,0,0,412,192,220
520,District-Raigarh,Urban,10,1117,549,568,43,29,14,9,5,4,0,0,0,405,192,213,31,16,15,14,9,5,0,0,0,615,298,317
520,District-Raigarh,Urban,11,1026,508,518,132,104,28,31,20,11,4,4,0,491,214,277,26,14,12,10,5,5,4,1,3,328,146,182
520,District-Raigarh,Urban,12,1074,531,543,191,141,50,25,16,9,3,2,1,511,212,299,42,23,19,12,4,8,0,0,0,290,133,157
520,District-Raigarh,Urban,13,1093,539,554,180,131,49,39,22,17,3,1,2,600,257,343,39,21,18,18,8,10,2,1,1,212,98,114
520,District-Raigarh,Urban,14,1372,681,691,255,204,51,56,31,25,14,9,5,738,301,437,55,35,20,11,6,5,6,4,2,237,91,146
520,District-Raigarh,Urban,15,1944,1036,908,436,352,84,81,59,22,19,15,4,994,419,575,106,65,41,27,16,11,7,4,3,274,106,168
520,District-Raigarh,Urban,16,2339,1193,1146,598,464,134,130,79,51,22,15,7,1227,469,758,93,62,31,30,22,8,4,3,1,235,79,156
520,District-Raigarh,Urban,17,3296,1749,1547,942,789,153,201,141,60,44,34,10,1734,607,1127,135,92,43,26,14,12,11,8,3,203,64,139
520,District-Raigarh,Urban,18,6100,3301,2799,2082,1776,306,390,270,120,67,51,16,2907,858,2049,288,218,70,59,36,23,17,5,12,290,87,203
520,District-Raigarh,Urban,19,6408,3165,3243,2073,1755,318,410,275,135,62,38,24,3320,834,2486,213,155,58,56,32,24,10,5,5,264,71,193
521,District-Pune,Total,5-19,516399,265103,251296,112291,80588,31703,13445,7943,5502,2971,1881,1090,138548,45452,93096,18275,10440,7835,3185,1595,1590,647,354,293,227037,116850,110187
521,District-Pune,Total,5,106463,56907,49556,200,130,70,52,28,24,0,0,0,4496,2380,2116,1374,760,614,507,252,255,55,30,25,99779,53327,46452
521,District-Pune,Total,6,73547,39176,34371,167,97,70,56,32,24,2,1,1,4922,2531,2391,920,512,408,353,196,157,38,24,14,67089,35783,31306
521,District-Pune,Total,7,21823,11356,10467,334,211,123,56,29,27,7,5,2,3407,1760,1647,321,169,152,105,54,51,14,9,5,17579,9119,8460
521,District-Pune,Total,8,10081,5221,4860,290,166,124,50,26,24,4,3,1,2908,1507,1401,212,115,97,48,25,23,9,3,6,6560,3376,3184
521,District-Pune,Total,9,8140,4187,3953,337,186,151,57,31,26,4,3,1,2827,1488,1339,197,103,94,45,25,20,11,4,7,4662,2347,2315
521,District-Pune,Total,10,11671,5906,5765,465,274,191,75,37,38,16,9,7,3523,1834,1689,352,185,167,93,41,52,14,8,6,7133,3518,3615
521,District-Pune,Total,11,9360,4727,4633,1537,1086,451,175,100,75,31,17,14,3740,1668,2072,414,217,197,72,36,36,12,4,8,3379,1599,1780
521,District-Pune,Total,12,10935,5369,5566,2142,1471,671,242,132,110,59,30,29,4587,1991,2596,700,345,355,133,59,74,31,14,17,3041,1327,1714
521,District-Pune,Total,13,10618,5199,5419,2288,1562,726,267,136,131,58,37,21,4794,2034,2760,641,310,331,94,44,50,25,12,13,2451,1064,1387
521,District-Pune,Total,14,13994,6862,7132,3655,2407,1248,455,244,211,117,68,49,6272,2572,3700,849,439,410,156,72,84,46,24,22,2444,1036,1408
521,District-Pune,Total,15,20753,10587,10166,6376,4378,1998,799,470,329,193,129,64,8635,3360,5275,1736,1010,726,207,104,103,69,37,32,2738,1099,1639
521,District-Pune,Total,16,27456,14036,13420,9817,6843,2974,1346,795,551,311,196,115,11637,4128,7509,1754,1004,750,245,125,120,48,28,20,2298,917,1381
521,District-Pune,Total,17,38746,19678,19068,15609,11263,4346,2024,1214,810,451,279,172,16443,4840,11603,1893,1143,750,247,142,105,74,41,33,2005,756,1249
521,District-Pune,Total,18,72649,36962,35687,32463,23804,8659,3711,2217,1494,833,544,289,28168,6888,21280,3887,2333,1554,479,236,243,104,64,40,3004,876,2128
521,District-Pune,Total,19,80163,38930,41233,36611,26710,9901,4080,2452,1628,885,560,325,32189,6471,25718,3025,1795,1230,401,184,217,97,52,45,2875,706,2169
521,District-Pune,Rural,5-19,225219,112223,112996,56878,35052,21826,7486,3694,3792,1537,770,767,51139,16899,34240,9617,4863,4754,1474,649,825,332,159,173,96756,50137,46619
521,District-Pune,Rural,5,46473,24992,21481,77,47,30,21,9,12,0,0,0,1203,667,536,810,448,362,192,97,95,29,20,9,44141,23704,20437
521,District-Pune,Rural,6,29777,15944,13833,68,38,30,18,9,9,2,1,1,1397,713,684,508,277,231,107,65,42,21,14,7,27656,14827,12829
521,District-Pune,Rural,7,9034,4695,4339,135,77,58,16,5,11,3,3,0,1302,696,606,178,95,83,37,18,19,5,3,2,7358,3798,3560
521,District-Pune,Rural,8,4310,2216,2094,136,71,65,23,13,10,3,2,1,1166,594,572,120,65,55,23,14,9,6,2,4,2833,1455,1378
521,District-Pune,Rural,9,3410,1731,1679,155,89,66,24,13,11,3,2,1,1161,612,549,115,59,56,22,10,12,4,0,4,1926,946,980
521,District-Pune,Rural,10,4948,2429,2519,241,136,105,33,13,20,12,7,5,1396,707,689,202,105,97,48,18,30,7,3,4,3009,1440,1569
521,District-Pune,Rural,11,3898,1984,1914,659,420,239,85,43,42,21,9,12,1421,679,742,235,120,115,33,17,16,7,2,5,1437,694,743
521,District-Pune,Rural,12,4765,2265,2500,984,624,360,126,56,70,29,10,19,1744,774,970,428,191,237,70,28,42,16,7,9,1368,575,793
521,District-Pune,Rural,13,4648,2207,2441,1045,601,444,155,71,84,38,26,12,1883,838,1045,380,177,203,50,20,30,14,6,8,1083,468,615
521,District-Pune,Rural,14,6466,3020,3446,1943,1106,837,251,114,137,70,30,40,2485,1016,1469,500,232,268,77,34,43,28,12,16,1112,476,636
521,District-Pune,Rural,15,9524,4709,4815,3371,2057,1314,477,245,232,103,54,49,3278,1281,1997,968,520,448,106,51,55,43,20,23,1178,481,697
521,District-Pune,Rural,16,12753,6195,6558,5304,3274,2030,811,400,411,165,78,87,4466,1511,2955,920,488,432,142,60,82,20,7,13,925,377,548
521,District-Pune,Rural,17,17765,8480,9285,8190,5136,3054,1113,565,548,250,119,131,6368,1815,4553,919,471,448,119,54,65,42,21,21,764,299,465
521,District-Pune,Rural,18,32388,15302,17086,16222,10131,6091,2069,1014,1055,392,200,192,10459,2568,7891,1928,959,969,248,91,157,45,20,25,1025,319,706
521,District-Pune,Rural,19,35060,16054,19006,18348,11245,7103,2264,1124,1140,446,229,217,11410,2428,8982,1406,656,750,200,72,128,45,22,23,941,278,663
521,District-Pune,Urban,5-19,291180,152880,138300,55413,45536,9877,5959,4249,1710,1434,1111,323,87409,28553,58856,8658,5577,3081,1711,946,765,315,195,120,130281,66713,63568
521,District-Pune,Urban,5,59990,31915,28075,123,83,40,31,19,12,0,0,0,3293,1713,1580,564,312,252,315,155,160,26,10,16,55638,29623,26015
521,District-Pune,Urban,6,43770,23232,20538,99,59,40,38,23,15,0,0,0,3525,1818,1707,412,235,177,246,131,115,17,10,7,39433,20956,18477
521,District-Pune,Urban,7,12789,6661,6128,199,134,65,40,24,16,4,2,2,2105,1064,1041,143,74,69,68,36,32,9,6,3,10221,5321,4900
521,District-Pune,Urban,8,5771,3005,2766,154,95,59,27,13,14,1,1,0,1742,913,829,92,50,42,25,11,14,3,1,2,3727,1921,1806
521,District-Pune,Urban,9,4730,2456,2274,182,97,85,33,18,15,1,1,0,1666,876,790,82,44,38,23,15,8,7,4,3,2736,1401,1335
521,District-Pune,Urban,10,6723,3477,3246,224,138,86,42,24,18,4,2,2,2127,1127,1000,150,80,70,45,23,22,7,5,2,4124,2078,2046
521,District-Pune,Urban,11,5462,2743,2719,878,666,212,90,57,33,10,8,2,2319,989,1330,179,97,82,39,19,20,5,2,3,1942,905,1037
521,District-Pune,Urban,12,6170,3104,3066,1158,847,311,116,76,40,30,20,10,2843,1217,1626,272,154,118,63,31,32,15,7,8,1673,752,921
521,District-Pune,Urban,13,5970,2992,2978,1243,961,282,112,65,47,20,11,9,2911,1196,1715,261,133,128,44,24,20,11,6,5,1368,596,772
521,District-Pune,Urban,14,7528,3842,3686,1712,1301,411,204,130,74,47,38,9,3787,1556,2231,349,207,142,79,38,41,18,12,6,1332,560,772
521,District-Pune,Urban,15,11229,5878,5351,3005,2321,684,322,225,97,90,75,15,5357,2079,3278,768,490,278,101,53,48,26,17,9,1560,618,942
521,District-Pune,Urban,16,14703,7841,6862,4513,3569,944,535,395,140,146,118,28,7171,2617,4554,834,516,318,103,65,38,28,21,7,1373,540,833
521,District-Pune,Urban,17,20981,11198,9783,7419,6127,1292,911,649,262,201,160,41,10075,3025,7050,974,672,302,128,88,40,32,20,12,1241,457,784
521,District-Pune,Urban,18,40261,21660,18601,16241,13673,2568,1642,1203,439,441,344,97,17709,4320,13389,1959,1374,585,231,145,86,59,44,15,1979,557,1422
521,District-Pune,Urban,19,45103,22876,22227,18263,15465,2798,1816,1328,488,439,331,108,20779,4043,16736,1619,1139,480,201,112,89,52,30,22,1934,428,1506
522,District-Ahmadnagar,Total,5-19,296024,146462,149562,83721,48111,35610,9501,4847,4654,1723,841,882,62826,20861,41965,12924,5909,7015,2193,997,1196,352,159,193,122784,64737,58047
522,District-Ahmadnagar,Total,5,61004,33448,27556,125,86,39,23,15,8,3,2,1,1766,944,822,676,356,320,231,127,104,38,22,16,58142,31896,26246
522,District-Ahmadnagar,Total,6,35517,19097,16420,108,61,47,29,14,15,1,0,1,2127,1065,1062,367,187,180,119,66,53,22,13,9,32744,17691,15053
522,District-Ahmadnagar,Total,7,10852,5744,5108,187,114,73,22,9,13,2,1,1,1577,831,746,177,98,79,64,32,32,15,5,10,8808,4654,4154
522,District-Ahmadnagar,Total,8,5408,2781,2627,178,111,67,24,15,9,3,3,0,1497,798,699,130,71,59,27,18,9,14,6,8,3535,1759,1776
522,District-Ahmadnagar,Total,9,4510,2380,2130,234,145,89,33,16,17,5,2,3,1484,778,706,151,82,69,32,15,17,10,6,4,2561,1336,1225
522,District-Ahmadnagar,Total,10,6689,3427,3262,314,172,142,43,23,20,11,2,9,1899,1001,898,255,120,135,75,37,38,24,11,13,4068,2061,2007
522,District-Ahmadnagar,Total,11,5554,2768,2786,972,593,379,97,50,47,22,9,13,2000,945,1055,331,159,172,47,20,27,13,4,9,2072,988,1084
522,District-Ahmadnagar,Total,12,6475,3082,3393,1451,866,585,187,96,91,41,23,18,2457,1083,1374,532,233,299,88,44,44,24,12,12,1695,725,970
522,District-Ahmadnagar,Total,13,6744,3171,3573,1710,973,737,219,112,107,44,17,27,2685,1132,1553,546,244,302,94,50,44,12,2,10,1434,641,793
522,District-Ahmadnagar,Total,14,9322,4318,5004,3059,1711,1348,391,198,193,91,36,55,3467,1382,2085,751,338,413,116,43,73,15,4,11,1432,606,826
522,District-Ahmadnagar,Total,15,14887,7397,7490,5881,3575,2306,840,442,398,165,87,78,4738,1835,2903,1408,672,736,218,99,119,28,14,14,1609,673,936
522,District-Ahmadnagar,Total,16,19276,9383,9893,8839,5304,3535,1175,629,546,195,96,99,6127,2015,4112,1378,681,697,223,115,108,38,20,18,1301,523,778
522,District-Ahmadnagar,Total,17,24393,11643,12750,12413,7464,4949,1576,809,767,265,111,154,7532,2084,5448,1347,657,690,225,102,123,31,15,16,1004,401,603
522,District-Ahmadnagar,Total,18,42785,19486,23299,23712,13522,10190,2495,1311,1184,440,213,227,11597,2603,8994,2745,1202,1543,365,146,219,34,13,21,1397,476,921
522,District-Ahmadnagar,Total,19,42608,18337,24271,24538,13414,11124,2347,1108,1239,435,239,196,11873,2365,9508,2130,809,1321,269,83,186,34,12,22,982,307,675
522,District-Ahmadnagar,Rural,5-19,242312,119154,123158,74642,40782,33860,8154,3916,4238,1372,562,810,45857,15905,29952,11603,5118,6485,1891,825,1066,300,128,172,98493,51918,46575
522,District-Ahmadnagar,Rural,5,49804,27338,22466,105,71,34,18,11,7,2,2,0,1364,742,622,597,311,286,195,106,89,35,21,14,47488,26074,21414
522,District-Ahmadnagar,Rural,6,27921,14966,12955,94,51,43,22,10,12,1,0,1,1653,827,826,323,166,157,94,52,42,22,13,9,25712,13847,11865
522,District-Ahmadnagar,Rural,7,8678,4572,4106,161,98,63,17,7,10,2,1,1,1271,672,599,159,89,70,59,30,29,15,5,10,6994,3670,3324
522,District-Ahmadnagar,Rural,8,4372,2227,2145,161,101,60,21,13,8,2,2,0,1193,632,561,111,61,50,20,14,6,11,4,7,2853,1400,1453
522,District-Ahmadnagar,Rural,9,3656,1911,1745,208,124,84,26,13,13,3,1,2,1207,628,579,139,71,68,29,14,15,10,6,4,2034,1054,980
522,District-Ahmadnagar,Rural,10,5463,2779,2684,280,152,128,39,21,18,11,2,9,1523,811,712,217,101,116,66,32,34,20,8,12,3307,1652,1655
522,District-Ahmadnagar,Rural,11,4519,2245,2274,842,501,341,85,45,40,20,9,11,1537,741,796,302,138,164,44,18,26,11,4,7,1678,789,889
522,District-Ahmadnagar,Rural,12,5338,2512,2826,1276,724,552,161,80,81,34,16,18,1909,853,1056,476,201,275,78,37,41,20,9,11,1384,592,792
522,District-Ahmadnagar,Rural,13,5525,2559,2966,1492,816,676,188,89,99,39,13,26,2075,878,1197,499,214,285,81,41,40,9,1,8,1142,507,635
522,District-Ahmadnagar,Rural,14,7719,3540,4179,2690,1429,1261,346,169,177,82,30,52,2657,1084,1573,693,304,389,101,35,66,13,3,10,1137,486,651
522,District-Ahmadnagar,Rural,15,12534,6222,6312,5316,3148,2168,733,370,363,150,77,73,3569,1402,2167,1279,595,684,196,88,108,23,12,11,1268,530,738
522,District-Ahmadnagar,Rural,16,16026,7768,8258,7956,4598,3358,1025,522,503,167,70,97,4427,1494,2933,1225,589,636,181,85,96,34,16,18,1011,394,617
522,District-Ahmadnagar,Rural,17,20235,9618,10617,11132,6421,4711,1332,635,697,215,81,134,5349,1504,3845,1221,578,643,195,83,112,21,9,12,770,307,463
522,District-Ahmadnagar,Rural,18,35524,16071,19453,21190,11441,9749,2146,1067,1079,333,130,203,8059,1926,6133,2447,1015,1432,322,119,203,29,9,20,998,364,634
522,District-Ahmadnagar,Rural,19,34998,14826,20172,21739,11107,10632,1995,864,1131,311,128,183,8064,1711,6353,1915,685,1230,230,71,159,27,8,19,717,252,465
522,District-Ahmadnagar,Urban,5-19,53712,27308,26404,9079,7329,1750,1347,931,416,351,279,72,16969,4956,12013,1321,791,530,302,172,130,52,31,21,24291,12819,11472
522,District-Ahmadnagar,Urban,5,11200,6110,5090,20,15,5,5,4,1,1,0,1,402,202,200,79,45,34,36,21,15,3,1,2,10654,5822,4832
522,District-Ahmadnagar,Urban,6,7596,4131,3465,14,10,4,7,4,3,0,0,0,474,238,236,44,21,23,25,14,11,0,0,0,7032,3844,3188
522,District-Ahmadnagar,Urban,7,2174,1172,1002,26,16,10,5,2,3,0,0,0,306,159,147,18,9,9,5,2,3,0,0,0,1814,984,830
522,District-Ahmadnagar,Urban,8,1036,554,482,17,10,7,3,2,1,1,1,0,304,166,138,19,10,9,7,4,3,3,2,1,682,359,323
522,District-Ahmadnagar,Urban,9,854,469,385,26,21,5,7,3,4,2,1,1,277,150,127,12,11,1,3,1,2,0,0,0,527,282,245
522,District-Ahmadnagar,Urban,10,1226,648,578,34,20,14,4,2,2,0,0,0,376,190,186,38,19,19,9,5,4,4,3,1,761,409,352
522,District-Ahmadnagar,Urban,11,1035,523,512,130,92,38,12,5,7,2,0,2,463,204,259,29,21,8,3,2,1,2,0,2,394,199,195
522,District-Ahmadnagar,Urban,12,1137,570,567,175,142,33,26,16,10,7,7,0,548,230,318,56,32,24,10,7,3,4,3,1,311,133,178
522,District-Ahmadnagar,Urban,13,1219,612,607,218,157,61,31,23,8,5,4,1,610,254,356,47,30,17,13,9,4,3,1,2,292,134,158
522,District-Ahmadnagar,Urban,14,1603,778,825,369,282,87,45,29,16,9,6,3,810,298,512,58,34,24,15,8,7,2,1,1,295,120,175
522,District-Ahmadnagar,Urban,15,2353,1175,1178,565,427,138,107,72,35,15,10,5,1169,433,736,129,77,52,22,11,11,5,2,3,341,143,198
522,District-Ahmadnagar,Urban,16,3250,1615,1635,883,706,177,150,107,43,28,26,2,1700,521,1179,153,92,61,42,30,12,4,4,0,290,129,161
522,District-Ahmadnagar,Urban,17,4158,2025,2133,1281,1043,238,244,174,70,50,30,20,2183,580,1603,126,79,47,30,19,11,10,6,4,234,94,140
522,District-Ahmadnagar,Urban,18,7261,3415,3846,2522,2081,441,349,244,105,107,83,24,3538,677,2861,298,187,111,43,27,16,5,4,1,399,112,287
522,District-Ahmadnagar,Urban,19,7610,3511,4099,2799,2307,492,352,244,108,124,111,13,3809,654,3155,215,124,91,39,12,27,7,4,3,265,55,210
523,District-Bid,Total,5-19,161616,81899,79717,44544,26171,18373,5223,2650,2573,950,454,496,30177,10232,19945,8283,3884,4399,895,362,533,168,80,88,71376,38066,33310
523,District-Bid,Total,5,35339,19614,15725,32,17,15,3,3,0,0,0,0,281,151,130,1125,611,514,75,39,36,21,12,9,33802,18781,15021
523,District-Bid,Total,6,22068,11986,10082,30,17,13,2,2,0,0,0,0,357,192,165,683,369,314,56,25,31,12,5,7,20928,11376,9552
523,District-Bid,Total,7,6289,3359,2930,89,57,32,2,2,0,1,1,0,633,338,295,194,101,93,20,8,12,9,3,6,5341,2849,2492
523,District-Bid,Total,8,2928,1473,1455,135,68,67,10,4,6,1,1,0,718,370,348,126,64,62,15,5,10,3,2,1,1920,959,961
523,District-Bid,Total,9,2149,1078,1071,145,82,63,9,3,6,6,4,2,729,377,352,62,31,31,18,8,10,7,5,2,1173,568,605
523,District-Bid,Total,10,3258,1601,1657,242,134,108,29,16,13,5,4,1,965,463,502,165,79,86,21,8,13,3,1,2,1828,896,932
523,District-Bid,Total,11,2577,1253,1324,418,246,172,38,14,24,10,3,7,991,452,539,161,73,88,20,11,9,6,3,3,933,451,482
523,District-Bid,Total,12,3464,1657,1807,726,424,302,99,48,51,21,9,12,1338,599,739,314,146,168,42,21,21,9,5,4,915,405,510
523,District-Bid,Total,13,3540,1640,1900,949,506,443,119,59,60,34,19,15,1428,627,801,251,118,133,32,11,21,9,4,5,718,296,422
523,District-Bid,Total,14,5282,2455,2827,1737,993,744,257,122,135,73,39,34,2016,773,1243,413,195,218,49,23,26,12,3,9,725,307,418
523,District-Bid,Total,15,7934,3977,3957,3188,1959,1229,436,228,208,88,38,50,2631,1006,1625,704,362,342,91,43,48,14,8,6,782,333,449
523,District-Bid,Total,16,10651,5455,5196,5044,3187,1857,673,346,327,115,54,61,3375,1162,2213,737,410,327,73,31,42,15,9,6,619,256,363
523,District-Bid,Total,17,11742,5932,5810,6190,3862,2328,762,411,351,133,63,70,3443,1044,2399,638,309,329,87,36,51,12,10,2,477,197,280
523,District-Bid,Total,18,23474,11255,12219,13270,7922,5348,1445,730,715,253,110,143,6134,1572,4562,1502,634,868,158,50,108,17,5,12,695,232,463
523,District-Bid,Total,19,20921,9164,11757,12349,6697,5652,1339,662,677,210,109,101,5138,1106,4032,1208,382,826,138,43,95,19,5,14,520,160,360
523,District-Bid,Rural,5-19,127440,64120,63320,39598,22106,17492,4401,2021,2380,796,323,473,19450,6720,12730,7108,3135,3973,705,248,457,137,57,80,55245,29510,25735
523,District-Bid,Rural,5,28095,15648,12447,25,12,13,2,2,0,0,0,0,187,100,87,907,488,419,44,21,23,20,11,9,26910,15014,11896
523,District-Bid,Rural,6,17032,9187,7845,24,13,11,2,2,0,0,0,0,235,122,113,543,293,250,41,19,22,11,4,7,16176,8734,7442
523,District-Bid,Rural,7,4678,2492,2186,69,45,24,1,1,0,1,1,0,438,239,199,150,76,74,15,5,10,6,2,4,3998,2123,1875
523,District-Bid,Rural,8,2212,1109,1103,115,65,50,9,3,6,1,1,0,532,280,252,106,51,55,10,3,7,2,1,1,1437,705,732
523,District-Bid,Rural,9,1641,812,829,120,71,49,8,3,5,5,4,1,548,283,265,55,28,27,14,6,8,6,4,2,885,413,472
523,District-Bid,Rural,10,2453,1171,1282,194,103,91,20,9,11,4,3,1,686,330,356,142,63,79,19,7,12,3,1,2,1385,655,730
523,District-Bid,Rural,11,1940,940,1000,346,192,154,32,9,23,8,2,6,694,327,367,137,59,78,15,9,6,5,2,3,703,340,363
523,District-Bid,Rural,12,2597,1191,1406,627,347,280,75,30,45,21,9,12,917,397,520,266,117,149,35,14,21,7,3,4,649,274,375
523,District-Bid,Rural,13,2701,1216,1485,834,419,415,97,39,58,29,14,15,969,427,542,222,97,125,26,7,19,7,2,5,517,211,306
523,District-Bid,Rural,14,4058,1814,2244,1506,799,707,213,88,125,62,30,32,1344,500,844,357,155,202,41,19,22,10,3,7,525,220,305
523,District-Bid,Rural,15,6190,3039,3151,2763,1599,1164,374,182,192,81,32,49,1709,644,1065,632,315,317,70,29,41,11,5,6,550,233,317
523,District-Bid,Rural,16,8417,4274,4143,4455,2690,1765,576,267,309,93,35,58,2145,732,1413,638,340,298,59,22,37,14,8,6,437,180,257
523,District-Bid,Rural,17,9305,4707,4598,5481,3274,2207,630,311,319,110,42,68,2139,666,1473,552,245,307,67,24,43,7,6,1,319,139,180
523,District-Bid,Rural,18,18984,9048,9936,11860,6735,5125,1222,563,659,219,83,136,3759,952,2807,1322,506,816,137,40,97,14,4,10,451,165,286
523,District-Bid,Rural,19,17137,7472,9665,11179,5742,5437,1140,512,628,162,67,95,3148,721,2427,1079,302,777,112,23,89,14,1,13,303,104,199
523,District-Bid,Urban,5-19,34176,17779,16397,4946,4065,881,822,629,193,154,131,23,10727,3512,7215,1175,749,426,190,114,76,31,23,8,16131,8556,7575
523,District-Bid,Urban,5,7244,3966,3278,7,5,2,1,1,0,0,0,0,94,51,43,218,123,95,31,18,13,1,1,0,6892,3767,3125
523,District-Bid,Urban,6,5036,2799,2237,6,4,2,0,0,0,0,0,0,122,70,52,140,76,64,15,6,9,1,1,0,4752,2642,2110
523,District-Bid,Urban,7,1611,867,744,20,12,8,1,1,0,0,0,0,195,99,96,44,25,19,5,3,2,3,1,2,1343,726,617
523,District-Bid,Urban,8,716,364,352,20,3,17,1,1,0,0,0,0,186,90,96,20,13,7,5,2,3,1,1,0,483,254,229
523,District-Bid,Urban,9,508,266,242,25,11,14,1,0,1,1,0,1,181,94,87,7,3,4,4,2,2,1,1,0,288,155,133
523,District-Bid,Urban,10,805,430,375,48,31,17,9,7,2,1,1,0,279,133,146,23,16,7,2,1,1,0,0,0,443,241,202
523,District-Bid,Urban,11,637,313,324,72,54,18,6,5,1,2,1,1,297,125,172,24,14,10,5,2,3,1,1,0,230,111,119
523,District-Bid,Urban,12,867,466,401,99,77,22,24,18,6,0,0,0,421,202,219,48,29,19,7,7,0,2,2,0,266,131,135
523,District-Bid,Urban,13,839,424,415,115,87,28,22,20,2,5,5,0,459,200,259,29,21,8,6,4,2,2,2,0,201,85,116
523,District-Bid,Urban,14,1224,641,583,231,194,37,44,34,10,11,9,2,672,273,399,56,40,16,8,4,4,2,0,2,200,87,113
523,District-Bid,Urban,15,1744,938,806,425,360,65,62,46,16,7,6,1,922,362,560,72,47,25,21,14,7,3,3,0,232,100,132
523,District-Bid,Urban,16,2234,1181,1053,589,497,92,97,79,18,22,19,3,1230,430,800,99,70,29,14,9,5,1,1,0,182,76,106
523,District-Bid,Urban,17,2437,1225,1212,709,588,121,132,100,32,23,21,2,1304,378,926,86,64,22,20,12,8,5,4,1,158,58,100
523,District-Bid,Urban,18,4490,2207,2283,1410,1187,223,223,167,56,34,27,7,2375,620,1755,180,128,52,21,10,11,3,1,2,244,67,177
523,District-Bid,Urban,19,3784,1692,2092,1170,955,215,199,150,49,48,42,6,1990,385,1605,129,80,49,26,20,6,5,4,1,217,56,161
524,District-Latur,Total,5-19,178987,90304,88683,43200,29754,13446,4582,2514,2068,739,391,348,49134,15944,33190,6362,3486,2876,838,438,400,147,66,81,73985,37711,36274
524,District-Latur,Total,5,34260,18166,16094,110,72,38,24,13,11,4,3,1,1662,909,753,394,192,202,111,62,49,20,12,8,31935,16903,15032
524,District-Latur,Total,6,22885,12086,10799,61,38,23,17,10,7,4,2,2,1514,802,712,253,132,121,92,55,37,13,5,8,20931,11042,9889
524,District-Latur,Total,7,7818,4054,3764,114,78,36,13,7,6,1,1,0,1205,604,601,106,58,48,28,17,11,7,2,5,6344,3287,3057
524,District-Latur,Total,8,3495,1744,1751,107,63,44,6,4,2,1,0,1,1099,549,550,52,33,19,17,9,8,4,2,2,2209,1084,1125
524,District-Latur,Total,9,2835,1472,1363,117,72,45,11,7,4,3,3,0,1126,583,543,52,34,18,17,9,8,5,0,5,1504,764,740
524,District-Latur,Total,10,3880,1988,1892,144,87,57,22,12,10,4,1,3,1321,675,646,111,60,51,20,12,8,9,5,4,2249,1136,1113
524,District-Latur,Total,11,3450,1741,1709,474,330,144,65,37,28,7,5,2,1406,665,741,164,80,84,14,4,10,7,5,2,1313,615,698
524,District-Latur,Total,12,4117,2100,2017,839,576,263,82,45,37,17,11,6,1804,815,989,259,132,127,36,16,20,9,4,5,1071,501,570
524,District-Latur,Total,13,3987,1974,2013,890,605,285,100,50,50,28,18,10,1846,781,1065,253,137,116,31,16,15,4,3,1,835,364,471
524,District-Latur,Total,14,5735,2767,2968,1549,1026,523,179,101,78,30,15,15,2708,1052,1656,341,183,158,39,22,17,10,2,8,879,366,513
524,District-Latur,Total,15,9183,4714,4469,3132,2227,905,361,222,139,65,37,28,3860,1389,2471,647,377,270,58,27,31,11,4,7,1049,431,618
524,District-Latur,Total,16,12270,6162,6108,4826,3469,1357,589,362,227,100,46,54,5109,1515,3594,618,378,240,69,40,29,11,8,3,948,344,604
524,District-Latur,Total,17,15076,7515,7561,6609,4703,1906,668,387,281,108,55,53,6126,1631,4495,681,410,271,70,41,29,13,4,9,801,284,517
524,District-Latur,Total,18,26505,12855,13650,12666,8714,3952,1300,672,628,183,98,85,9754,2170,7584,1381,772,609,117,58,59,16,7,9,1088,364,724
524,District-Latur,Total,19,23491,10966,12525,11562,7694,3868,1145,585,560,184,96,88,8594,1804,6790,1050,508,542,119,50,69,8,3,5,829,226,603
524,District-Latur,Rural,5-19,131965,66511,65454,36741,24242,12499,3657,1808,1849,572,264,308,32870,10623,22247,5098,2600,2498,549,261,288,119,51,68,52359,26662,25697
524,District-Latur,Rural,5,24944,13219,11725,88,54,34,14,6,8,3,2,1,1168,652,516,312,160,152,74,37,37,16,10,6,23269,12298,10971
524,District-Latur,Rural,6,16018,8422,7596,48,31,17,12,7,5,3,2,1,1048,554,494,183,93,90,66,40,26,10,5,5,14648,7690,6958
524,District-Latur,Rural,7,5458,2811,2647,94,62,32,10,5,5,0,0,0,837,418,419,86,45,41,20,13,7,6,2,4,4405,2266,2139
524,District-Latur,Rural,8,2452,1215,1237,83,45,38,3,2,1,0,0,0,796,396,400,38,23,15,6,2,4,3,1,2,1523,746,777
524,District-Latur,Rural,9,2022,1019,1003,90,52,38,7,4,3,0,0,0,819,423,396,32,19,13,12,6,6,5,0,5,1057,515,542
524,District-Latur,Rural,10,2773,1383,1390,114,63,51,14,6,8,2,0,2,925,466,459,88,48,40,10,5,5,9,5,4,1611,790,821
524,District-Latur,Rural,11,2417,1203,1214,350,226,124,45,22,23,4,2,2,955,459,496,126,54,72,11,3,8,7,5,2,919,432,487
524,District-Latur,Rural,12,2839,1430,1409,639,410,229,57,29,28,15,10,5,1168,531,637,197,93,104,23,7,16,7,2,5,733,348,385
524,District-Latur,Rural,13,2780,1355,1425,710,459,251,76,33,43,20,11,9,1200,504,696,191,96,95,21,10,11,4,3,1,558,239,319
524,District-Latur,Rural,14,4099,1954,2145,1255,782,473,145,71,74,26,11,15,1767,693,1074,278,136,142,27,13,14,7,1,6,594,247,347
524,District-Latur,Rural,15,6780,3505,3275,2631,1803,828,288,161,127,49,23,26,2525,921,1604,513,275,238,42,19,23,11,4,7,721,299,422
524,District-Latur,Rural,16,9251,4609,4642,4046,2803,1243,460,256,204,80,33,47,3457,971,2486,502,289,213,41,21,20,8,6,2,657,230,427
524,District-Latur,Rural,17,11418,5674,5744,5585,3822,1763,518,271,247,79,33,46,4145,1050,3095,536,294,242,34,18,16,9,1,8,512,185,327
524,District-Latur,Rural,18,20528,10115,10413,10964,7254,3710,1052,487,565,142,65,77,6468,1437,5031,1143,591,552,80,37,43,13,6,7,666,238,428
524,District-Latur,Rural,19,18186,8597,9589,10044,6376,3668,956,448,508,149,72,77,5592,1148,4444,873,384,489,82,30,52,4,0,4,486,139,347
524,District-Latur,Urban,5-19,47022,23793,23229,6459,5512,947,925,706,219,167,127,40,16264,5321,10943,1264,886,378,289,177,112,28,15,13,21626,11049,10577
524,District-Latur,Urban,5,9316,4947,4369,22,18,4,10,7,3,1,1,0,494,257,237,82,32,50,37,25,12,4,2,2,8666,4605,4061
524,District-Latur,Urban,6,6867,3664,3203,13,7,6,5,3,2,1,0,1,466,248,218,70,39,31,26,15,11,3,0,3,6283,3352,2931
524,District-Latur,Urban,7,2360,1243,1117,20,16,4,3,2,1,1,1,0,368,186,182,20,13,7,8,4,4,1,0,1,1939,1021,918
524,District-Latur,Urban,8,1043,529,514,24,18,6,3,2,1,1,0,1,303,153,150,14,10,4,11,7,4,1,1,0,686,338,348
524,District-Latur,Urban,9,813,453,360,27,20,7,4,3,1,3,3,0,307,160,147,20,15,5,5,3,2,0,0,0,447,249,198
524,District-Latur,Urban,10,1107,605,502,30,24,6,8,6,2,2,1,1,396,209,187,23,12,11,10,7,3,0,0,0,638,346,292
524,District-Latur,Urban,11,1033,538,495,124,104,20,20,15,5,3,3,0,451,206,245,38,26,12,3,1,2,0,0,0,394,183,211
524,District-Latur,Urban,12,1278,670,608,200,166,34,25,16,9,2,1,1,636,284,352,62,39,23,13,9,4,2,2,0,338,153,185
524,District-Latur,Urban,13,1207,619,588,180,146,34,24,17,7,8,7,1,646,277,369,62,41,21,10,6,4,0,0,0,277,125,152
524,District-Latur,Urban,14,1636,813,823,294,244,50,34,30,4,4,4,0,941,359,582,63,47,16,12,9,3,3,1,2,285,119,166
524,District-Latur,Urban,15,2403,1209,1194,501,424,77,73,61,12,16,14,2,1335,468,867,134,102,32,16,8,8,0,0,0,328,132,196
524,District-Latur,Urban,16,3019,1553,1466,780,666,114,129,106,23,20,13,7,1652,544,1108,116,89,27,28,19,9,3,2,1,291,114,177
524,District-Latur,Urban,17,3658,1841,1817,1024,881,143,150,116,34,29,22,7,1981,581,1400,145,116,29,36,23,13,4,3,1,289,99,190
524,District-Latur,Urban,18,5977,2740,3237,1702,1460,242,248,185,63,41,33,8,3286,733,2553,238,181,57,37,21,16,3,1,2,422,126,296
524,District-Latur,Urban,19,5305,2369,2936,1518,1318,200,189,137,52,35,24,11,3002,656,2346,177,124,53,37,20,17,4,3,1,343,87,256
525,District-Osmanabad,Total,5-19,105574,53649,51925,27170,17796,9374,3564,1950,1614,590,307,283,24179,7445,16734,3943,2071,1872,535,239,296,90,44,46,45503,23797,21706
525,District-Osmanabad,Total,5,22369,12091,10278,46,32,14,4,1,3,0,0,0,329,165,164,631,343,288,77,46,31,15,8,7,21267,11496,9771
525,District-Osmanabad,Total,6,13949,7510,6439,22,17,5,6,1,5,0,0,0,399,194,205,357,207,150,55,27,28,2,2,0,13108,7062,6046
525,District-Osmanabad,Total,7,4343,2238,2105,90,50,40,23,15,8,1,0,1,427,196,231,127,69,58,16,10,6,1,1,0,3658,1897,1761
525,District-Osmanabad,Total,8,1564,792,772,85,52,33,9,6,3,3,1,2,317,174,143,62,30,32,4,1,3,1,1,0,1083,527,556
525,District-Osmanabad,Total,9,1336,694,642,92,48,44,16,4,12,1,0,1,394,205,189,43,26,17,5,1,4,3,3,0,782,407,375
525,District-Osmanabad,Total,10,2272,1142,1130,153,94,59,23,10,13,2,0,2,512,253,259,90,50,40,8,3,5,7,2,5,1477,730,747
525,District-Osmanabad,Total,11,1770,892,878,262,172,90,40,21,19,2,2,0,526,238,288,89,40,49,13,5,8,2,0,2,836,414,422
525,District-Osmanabad,Total,12,1686,810,876,336,214,122,69,33,36,14,8,6,688,298,390,110,54,56,15,7,8,4,2,2,450,194,256
525,District-Osmanabad,Total,13,1919,879,1040,493,287,206,69,33,36,13,7,6,846,334,512,99,46,53,13,6,7,3,1,2,383,165,218
525,District-Osmanabad,Total,14,2841,1365,1476,876,525,351,142,72,70,26,12,14,1214,472,742,156,82,74,20,9,11,6,2,4,401,191,210
525,District-Osmanabad,Total,15,4926,2425,2501,1751,1143,608,254,151,103,45,31,14,1991,713,1278,325,181,144,51,19,32,11,4,7,498,183,315
525,District-Osmanabad,Total,16,7265,3658,3607,3048,2035,1013,446,263,183,84,44,40,2944,957,1987,312,196,116,38,17,21,10,4,6,383,142,241
525,District-Osmanabad,Total,17,9327,4722,4605,4320,2985,1335,624,353,271,93,55,38,3540,987,2553,350,188,162,47,20,27,10,5,5,343,129,214
525,District-Osmanabad,Total,18,15446,7618,7828,7925,5307,2618,916,488,428,176,82,94,5262,1238,4024,597,310,287,95,37,58,7,4,3,468,152,316
525,District-Osmanabad,Total,19,14561,6813,7748,7671,4835,2836,923,499,424,130,65,65,4790,1021,3769,595,249,346,78,31,47,8,5,3,366,108,258
525,District-Osmanabad,Rural,5-19,87787,44625,43162,24848,15913,8935,3115,1614,1501,497,233,264,18793,5725,13068,3402,1738,1664,431,184,247,63,23,40,36638,19195,17443
525,District-Osmanabad,Rural,5,18495,10012,8483,36,24,12,3,0,3,0,0,0,250,119,131,513,281,232,64,41,23,13,7,6,17616,9540,8076
525,District-Osmanabad,Rural,6,11185,5994,5191,17,13,4,6,1,5,0,0,0,314,150,164,289,170,119,46,22,24,1,1,0,10512,5637,4875
525,District-Osmanabad,Rural,7,3412,1735,1677,79,41,38,21,14,7,1,0,1,338,152,186,100,56,44,14,8,6,1,1,0,2858,1463,1395
525,District-Osmanabad,Rural,8,1197,606,591,67,39,28,9,6,3,3,1,2,262,145,117,54,25,29,2,0,2,1,1,0,799,389,410
525,District-Osmanabad,Rural,9,1046,545,501,76,40,36,13,3,10,1,0,1,308,156,152,37,21,16,5,1,4,3,3,0,603,321,282
525,District-Osmanabad,Rural,10,1818,918,900,130,80,50,20,7,13,2,0,2,416,214,202,71,38,33,5,3,2,7,2,5,1167,574,593
525,District-Osmanabad,Rural,11,1425,719,706,226,145,81,37,19,18,0,0,0,405,183,222,80,37,43,7,1,6,2,0,2,668,334,334
525,District-Osmanabad,Rural,12,1320,637,683,296,184,112,58,26,32,12,6,6,514,225,289,92,44,48,14,6,8,4,2,2,330,144,186
525,District-Osmanabad,Rural,13,1541,704,837,430,243,187,60,25,35,11,7,4,654,259,395,81,36,45,9,3,6,1,0,1,295,131,164
525,District-Osmanabad,Rural,14,2268,1092,1176,786,462,324,113,51,62,19,5,14,907,360,547,128,65,63,15,7,8,4,1,3,296,141,155
525,District-Osmanabad,Rural,15,4071,2006,2065,1562,995,567,215,122,93,40,27,13,1524,548,976,290,156,134,47,16,31,9,2,7,384,140,244
525,District-Osmanabad,Rural,16,6206,3107,3099,2788,1820,968,396,226,170,72,37,35,2345,734,1611,281,173,108,28,14,14,6,1,5,290,102,188
525,District-Osmanabad,Rural,17,7926,4002,3924,3948,2667,1281,537,288,249,75,39,36,2768,745,2023,312,160,152,38,13,25,6,1,5,242,89,153
525,District-Osmanabad,Rural,18,13321,6589,6732,7291,4789,2502,817,410,407,151,61,90,4125,943,3182,534,260,274,72,23,49,2,1,1,329,102,227
525,District-Osmanabad,Rural,19,12556,5959,6597,7116,4371,2745,810,416,394,110,50,60,3663,792,2871,540,216,324,65,26,39,3,0,3,249,88,161
525,District-Osmanabad,Urban,5-19,17787,9024,8763,2322,1883,439,449,336,113,93,74,19,5386,1720,3666,541,333,208,104,55,49,27,21,6,8865,4602,4263
525,District-Osmanabad,Urban,5,3874,2079,1795,10,8,2,1,1,0,0,0,0,79,46,33,118,62,56,13,5,8,2,1,1,3651,1956,1695
525,District-Osmanabad,Urban,6,2764,1516,1248,5,4,1,0,0,0,0,0,0,85,44,41,68,37,31,9,5,4,1,1,0,2596,1425,1171
525,District-Osmanabad,Urban,7,931,503,428,11,9,2,2,1,1,0,0,0,89,44,45,27,13,14,2,2,0,0,0,0,800,434,366
525,District-Osmanabad,Urban,8,367,186,181,18,13,5,0,0,0,0,0,0,55,29,26,8,5,3,2,1,1,0,0,0,284,138,146
525,District-Osmanabad,Urban,9,290,149,141,16,8,8,3,1,2,0,0,0,86,49,37,6,5,1,0,0,0,0,0,0,179,86,93
525,District-Osmanabad,Urban,10,454,224,230,23,14,9,3,3,0,0,0,0,96,39,57,19,12,7,3,0,3,0,0,0,310,156,154
525,District-Osmanabad,Urban,11,345,173,172,36,27,9,3,2,1,2,2,0,121,55,66,9,3,6,6,4,2,0,0,0,168,80,88
525,District-Osmanabad,Urban,12,366,173,193,40,30,10,11,7,4,2,2,0,174,73,101,18,10,8,1,1,0,0,0,0,120,50,70
525,District-Osmanabad,Urban,13,378,175,203,63,44,19,9,8,1,2,0,2,192,75,117,18,10,8,4,3,1,2,1,1,88,34,54
525,District-Osmanabad,Urban,14,573,273,300,90,63,27,29,21,8,7,7,0,307,112,195,28,17,11,5,2,3,2,1,1,105,50,55
525,District-Osmanabad,Urban,15,855,419,436,189,148,41,39,29,10,5,4,1,467,165,302,35,25,10,4,3,1,2,2,0,114,43,71
525,District-Osmanabad,Urban,16,1059,551,508,260,215,45,50,37,13,12,7,5,599,223,376,31,23,8,10,3,7,4,3,1,93,40,53
525,District-Osmanabad,Urban,17,1401,720,681,372,318,54,87,65,22,18,16,2,772,242,530,38,28,10,9,7,2,4,4,0,101,40,61
525,District-Osmanabad,Urban,18,2125,1029,1096,634,518,116,99,78,21,25,21,4,1137,295,842,63,50,13,23,14,9,5,3,2,139,50,89
525,District-Osmanabad,Urban,19,2005,854,1151,555,464,91,113,83,30,20,15,5,1127,229,898,55,33,22,13,5,8,5,5,0,117,20,97
526,District-Solapur,Total,5-19,302588,150298,152290,79244,52666,26578,8152,4292,3860,1452,734,718,72425,19964,52461,10754,5921,4833,1497,705,792,221,106,115,128843,65910,62933
526,District-Solapur,Total,5,62629,33270,29359,73,61,12,9,3,6,0,0,0,1059,553,506,471,244,227,210,103,107,22,13,9,60785,32293,28492
526,District-Solapur,Total,6,38543,20292,18251,37,19,18,16,6,10,6,3,3,1349,706,643,276,134,142,125,62,63,11,6,5,36723,19356,17367
526,District-Solapur,Total,7,11238,5815,5423,92,54,38,23,11,12,3,2,1,930,464,466,111,64,47,48,21,27,3,1,2,10028,5198,4830
526,District-Solapur,Total,8,4096,2115,1981,101,58,43,16,5,11,3,1,2,788,434,354,81,51,30,28,17,11,4,2,2,3075,1547,1528
526,District-Solapur,Total,9,3081,1522,1559,133,66,67,13,5,8,2,1,1,824,390,434,73,39,34,13,6,7,5,3,2,2018,1012,1006
526,District-Solapur,Total,10,4985,2473,2512,187,111,76,42,20,22,4,1,3,1080,510,570,135,71,64,41,21,20,10,5,5,3486,1734,1752
526,District-Solapur,Total,11,4093,2051,2042,691,480,211,90,48,42,16,10,6,1424,609,815,239,134,105,41,18,23,5,3,2,1587,749,838
526,District-Solapur,Total,12,5331,2603,2728,1234,805,429,144,78,66,30,13,17,2067,846,1221,390,214,176,66,25,41,13,7,6,1387,615,772
526,District-Solapur,Total,13,5713,2710,3003,1505,951,554,184,89,95,25,15,10,2468,939,1529,357,196,161,42,19,23,10,5,5,1122,496,626
526,District-Solapur,Total,14,8952,4248,4704,2874,1851,1023,348,198,150,61,27,34,3842,1302,2540,582,328,254,60,30,30,15,5,10,1170,507,663
526,District-Solapur,Total,15,15016,7493,7523,5633,3822,1811,667,388,279,128,61,67,5727,1940,3787,1190,648,542,132,58,74,21,8,13,1518,568,950
526,District-Solapur,Total,16,20796,10377,10419,8804,6086,2718,987,552,435,205,107,98,8173,2392,5781,1169,681,488,129,70,59,21,14,7,1308,475,833
526,District-Solapur,Total,17,26022,13082,12940,12112,8391,3721,1315,753,562,249,138,111,9793,2549,7244,1248,756,492,122,62,60,21,8,13,1162,425,737
526,District-Solapur,Total,18,47559,22614,24945,23579,15728,7851,2243,1165,1078,388,196,192,16733,3482,13251,2433,1354,1079,241,118,123,32,14,18,1910,557,1353
526,District-Solapur,Total,19,44534,19633,24901,22189,14183,8006,2055,971,1084,332,159,173,16168,2848,13320,1999,1007,992,199,75,124,28,12,16,1564,378,1186
526,District-Solapur,Rural,5-19,211402,105295,106107,61362,39147,22215,6193,2944,3249,1079,462,617,43915,11850,32065,7521,3847,3674,1012,436,576,157,67,90,90163,46542,43621
526,District-Solapur,Rural,5,45696,24301,21395,44,38,6,8,3,5,0,0,0,667,340,327,356,191,165,148,71,77,18,11,7,44455,23647,20808
526,District-Solapur,Rural,6,26977,14150,12827,24,11,13,6,2,4,6,3,3,816,420,396,205,102,103,85,49,36,11,6,5,25824,13557,12267
526,District-Solapur,Rural,7,7776,4040,3736,67,37,30,14,8,6,2,1,1,579,294,285,84,47,37,39,19,20,3,1,2,6988,3633,3355
526,District-Solapur,Rural,8,2718,1413,1305,73,40,33,4,0,4,3,1,2,504,281,223,59,35,24,17,8,9,3,1,2,2055,1047,1008
526,District-Solapur,Rural,9,2009,1007,1002,100,54,46,7,1,6,2,1,1,537,256,281,54,26,28,10,4,6,5,3,2,1294,662,632
526,District-Solapur,Rural,10,3291,1639,1652,127,72,55,26,13,13,4,1,3,672,325,347,96,48,48,27,12,15,10,5,5,2329,1163,1166
526,District-Solapur,Rural,11,2577,1296,1281,492,331,161,59,24,35,10,5,5,828,359,469,171,94,77,24,8,16,4,2,2,989,473,516
526,District-Solapur,Rural,12,3401,1644,1757,876,548,328,102,53,49,21,5,16,1196,503,693,286,139,147,50,16,34,7,4,3,863,376,487
526,District-Solapur,Rural,13,3559,1617,1942,1042,616,426,130,58,72,18,10,8,1453,526,927,250,126,124,28,10,18,9,4,5,629,267,362
526,District-Solapur,Rural,14,5895,2764,3131,2140,1306,834,268,146,122,46,17,29,2316,765,1551,386,212,174,42,18,24,13,4,9,684,296,388
526,District-Solapur,Rural,15,10195,5086,5109,4254,2784,1470,483,261,222,95,39,56,3500,1186,2314,876,444,432,92,33,59,15,6,9,880,333,547
526,District-Solapur,Rural,16,14365,7200,7165,6790,4565,2225,751,384,367,156,71,85,5077,1444,3633,763,414,349,86,43,43,12,7,5,730,272,458
526,District-Solapur,Rural,17,17736,9048,8688,9268,6260,3008,998,534,464,176,81,95,5789,1421,4368,833,475,358,65,31,34,13,5,8,594,241,353
526,District-Solapur,Rural,18,33898,16250,17648,18697,11979,6718,1725,780,945,298,127,171,10245,2066,8179,1734,882,852,165,71,94,18,5,13,1016,340,676
526,District-Solapur,Rural,19,31309,13840,17469,17368,10506,6862,1612,677,935,242,100,142,9736,1664,8072,1368,612,756,134,43,91,16,3,13,833,235,598
526,District-Solapur,Urban,5-19,91186,45003,46183,17882,13519,4363,1959,1348,611,373,272,101,28510,8114,20396,3233,2074,1159,485,269,216,64,39,25,38680,19368,19312
526,District-Solapur,Urban,5,16933,8969,7964,29,23,6,1,0,1,0,0,0,392,213,179,115,53,62,62,32,30,4,2,2,16330,8646,7684
526,District-Solapur,Urban,6,11566,6142,5424,13,8,5,10,4,6,0,0,0,533,286,247,71,32,39,40,13,27,0,0,0,10899,5799,5100
526,District-Solapur,Urban,7,3462,1775,1687,25,17,8,9,3,6,1,1,0,351,170,181,27,17,10,9,2,7,0,0,0,3040,1565,1475
526,District-Solapur,Urban,8,1378,702,676,28,18,10,12,5,7,0,0,0,284,153,131,22,16,6,11,9,2,1,1,0,1020,500,520
526,District-Solapur,Urban,9,1072,515,557,33,12,21,6,4,2,0,0,0,287,134,153,19,13,6,3,2,1,0,0,0,724,350,374
526,District-Solapur,Urban,10,1694,834,860,60,39,21,16,7,9,0,0,0,408,185,223,39,23,16,14,9,5,0,0,0,1157,571,586
526,District-Solapur,Urban,11,1516,755,761,199,149,50,31,24,7,6,5,1,596,250,346,68,40,28,17,10,7,1,1,0,598,276,322
526,District-Solapur,Urban,12,1930,959,971,358,257,101,42,25,17,9,8,1,871,343,528,104,75,29,16,9,7,6,3,3,524,239,285
526,District-Solapur,Urban,13,2154,1093,1061,463,335,128,54,31,23,7,5,2,1015,413,602,107,70,37,14,9,5,1,1,0,493,229,264
526,District-Solapur,Urban,14,3057,1484,1573,734,545,189,80,52,28,15,10,5,1526,537,989,196,116,80,18,12,6,2,1,1,486,211,275
526,District-Solapur,Urban,15,4821,2407,2414,1379,1038,341,184,127,57,33,22,11,2227,754,1473,314,204,110,40,25,15,6,2,4,638,235,403
526,District-Solapur,Urban,16,6431,3177,3254,2014,1521,493,236,168,68,49,36,13,3096,948,2148,406,267,139,43,27,16,9,7,2,578,203,375
526,District-Solapur,Urban,17,8286,4034,4252,2844,2131,713,317,219,98,73,57,16,4004,1128,2876,415,281,134,57,31,26,8,3,5,568,184,384
526,District-Solapur,Urban,18,13661,6364,7297,4882,3749,1133,518,385,133,90,69,21,6488,1416,5072,699,472,227,76,47,29,14,9,5,894,217,677
526,District-Solapur,Urban,19,13225,5793,7432,4821,3677,1144,443,294,149,90,59,31,6432,1184,5248,631,395,236,65,32,33,12,9,3,731,143,588
527,District-Satara,Total,5-19,155409,76165,79244,32127,21209,10918,7013,3422,3591,1668,745,923,42084,13485,28599,4326,2275,2051,1096,499,597,227,91,136,66868,34439,32429
527,District-Satara,Total,5,34386,18257,16129,90,59,31,19,7,12,9,8,1,1743,925,818,347,184,163,149,72,77,20,14,6,32009,16988,15021
527,District-Satara,Total,6,22195,11665,10530,68,45,23,14,6,8,4,2,2,1842,926,916,245,143,102,89,39,50,13,4,9,19920,10500,9420
527,District-Satara,Total,7,5862,3025,2837,129,76,53,21,8,13,4,3,1,972,507,465,97,54,43,35,21,14,4,2,2,4600,2354,2246
527,District-Satara,Total,8,2354,1194,1160,101,59,42,17,8,9,3,0,3,777,394,383,63,39,24,10,7,3,4,2,2,1379,685,694
527,District-Satara,Total,9,1991,1061,930,108,59,49,17,7,10,5,2,3,715,394,321,56,31,25,13,6,7,6,4,2,1071,558,513
527,District-Satara,Total,10,2907,1504,1403,141,86,55,22,10,12,4,2,2,862,450,412,99,53,46,28,17,11,12,5,7,1739,881,858
527,District-Satara,Total,11,2608,1313,1295,469,315,154,78,32,46,13,7,6,1028,450,578,120,66,54,32,15,17,8,0,8,860,428,432
527,District-Satara,Total,12,2836,1377,1459,654,420,234,113,46,67,24,10,14,1152,497,655,157,66,91,48,22,26,8,4,4,680,312,368
527,District-Satara,Total,13,2813,1264,1549,674,413,261,119,53,66,29,10,19,1230,464,766,137,70,67,37,18,19,4,2,2,583,234,349
527,District-Satara,Total,14,3950,1821,2129,1085,681,404,225,104,121,59,17,42,1680,629,1051,218,104,114,54,18,36,13,3,10,616,265,351
527,District-Satara,Total,15,6461,3080,3381,2072,1344,728,466,228,238,114,53,61,2542,916,1626,436,207,229,83,40,43,25,8,17,723,284,439
527,District-Satara,Total,16,8995,4184,4811,3175,2052,1123,745,364,381,181,74,107,3714,1154,2560,432,235,197,92,40,52,21,8,13,635,257,378
527,District-Satara,Total,17,12539,5839,6700,4700,3135,1565,1126,579,547,270,121,149,5261,1486,3775,445,240,205,98,43,55,25,6,19,614,229,385
527,District-Satara,Total,18,21418,9969,11449,8733,5883,2850,1896,962,934,454,221,233,8565,2130,6435,807,423,384,184,83,101,37,20,17,742,247,495
527,District-Satara,Total,19,24094,10612,13482,9928,6582,3346,2135,1008,1127,495,215,280,10001,2163,7838,667,360,307,144,58,86,27,9,18,697,217,480
527,District-Satara,Rural,5-19,129350,62906,66444,28050,17949,10101,6342,2950,3392,1524,651,873,34263,10949,23314,3570,1818,1752,945,418,527,198,80,118,54458,28091,26367
527,District-Satara,Rural,5,28296,15024,13272,80,52,28,18,7,11,8,7,1,1406,733,673,302,166,136,137,67,70,18,13,5,26327,13979,12348
527,District-Satara,Rural,6,18063,9462,8601,60,40,20,12,5,7,4,2,2,1497,743,754,201,111,90,75,35,40,13,4,9,16201,8522,7679
527,District-Satara,Rural,7,4809,2446,2363,116,68,48,18,6,12,4,3,1,803,420,383,73,41,32,32,19,13,4,2,2,3759,1887,1872
527,District-Satara,Rural,8,1923,977,946,87,51,36,16,8,8,3,0,3,649,331,318,40,25,15,9,6,3,3,1,2,1116,555,561
527,District-Satara,Rural,9,1608,859,749,98,53,45,15,6,9,5,2,3,588,321,267,41,23,18,12,6,6,4,2,2,845,446,399
527,District-Satara,Rural,10,2359,1217,1142,125,77,48,18,9,9,2,1,1,707,366,341,75,41,34,24,14,10,9,4,5,1399,705,694
527,District-Satara,Rural,11,2120,1065,1055,400,264,136,71,27,44,12,6,6,803,354,449,96,52,44,28,14,14,6,0,6,704,348,356
527,District-Satara,Rural,12,2304,1102,1202,553,349,204,108,42,66,22,10,12,922,389,533,124,51,73,44,21,23,6,2,4,525,238,287
527,District-Satara,Rural,13,2289,1036,1253,566,341,225,108,47,61,25,8,17,983,378,605,121,60,61,32,15,17,3,2,1,451,185,266
527,District-Satara,Rural,14,3212,1479,1733,927,566,361,202,91,111,48,11,37,1334,512,822,170,75,95,41,12,29,13,3,10,477,209,268
527,District-Satara,Rural,15,5394,2533,2861,1765,1105,660,411,190,221,105,45,60,2072,748,1324,373,172,201,70,34,36,21,8,13,577,231,346
527,District-Satara,Rural,16,7578,3438,4140,2741,1718,1023,670,311,359,162,62,100,3031,913,2118,370,194,176,78,29,49,19,8,11,507,203,304
527,District-Satara,Rural,17,10697,4888,5809,4128,2663,1465,1030,501,529,250,105,145,4340,1198,3142,363,187,176,84,36,48,23,6,17,479,192,287
527,District-Satara,Rural,18,18144,8350,9794,7605,4952,2653,1712,829,883,416,196,220,6985,1750,5235,669,336,333,152,59,93,33,17,16,572,211,361
527,District-Satara,Rural,19,20554,9030,11524,8799,5650,3149,1933,871,1062,458,193,265,8143,1793,6350,552,284,268,127,51,76,23,8,15,519,180,339
527,District-Satara,Urban,5-19,26059,13259,12800,4077,3260,817,671,472,199,144,94,50,7821,2536,5285,756,457,299,151,81,70,29,11,18,12410,6348,6062
527,District-Satara,Urban,5,6090,3233,2857,10,7,3,1,0,1,1,1,0,337,192,145,45,18,27,12,5,7,2,1,1,5682,3009,2673
527,District-Satara,Urban,6,4132,2203,1929,8,5,3,2,1,1,0,0,0,345,183,162,44,32,12,14,4,10,0,0,0,3719,1978,1741
527,District-Satara,Urban,7,1053,579,474,13,8,5,3,2,1,0,0,0,169,87,82,24,13,11,3,2,1,0,0,0,841,467,374
527,District-Satara,Urban,8,431,217,214,14,8,6,1,0,1,0,0,0,128,63,65,23,14,9,1,1,0,1,1,0,263,130,133
527,District-Satara,Urban,9,383,202,181,10,6,4,2,1,1,0,0,0,127,73,54,15,8,7,1,0,1,2,2,0,226,112,114
527,District-Satara,Urban,10,548,287,261,16,9,7,4,1,3,2,1,1,155,84,71,24,12,12,4,3,1,3,1,2,340,176,164
527,District-Satara,Urban,11,488,248,240,69,51,18,7,5,2,1,1,0,225,96,129,24,14,10,4,1,3,2,0,2,156,80,76
527,District-Satara,Urban,12,532,275,257,101,71,30,5,4,1,2,0,2,230,108,122,33,15,18,4,1,3,2,2,0,155,74,81
527,District-Satara,Urban,13,524,228,296,108,72,36,11,6,5,4,2,2,247,86,161,16,10,6,5,3,2,1,0,1,132,49,83
527,District-Satara,Urban,14,738,342,396,158,115,43,23,13,10,11,6,5,346,117,229,48,29,19,13,6,7,0,0,0,139,56,83
527,District-Satara,Urban,15,1067,547,520,307,239,68,55,38,17,9,8,1,470,168,302,63,35,28,13,6,7,4,0,4,146,53,93
527,District-Satara,Urban,16,1417,746,671,434,334,100,75,53,22,19,12,7,683,241,442,62,41,21,14,11,3,2,0,2,128,54,74
527,District-Satara,Urban,17,1842,951,891,572,472,100,96,78,18,20,16,4,921,288,633,82,53,29,14,7,7,2,0,2,135,37,98
527,District-Satara,Urban,18,3274,1619,1655,1128,931,197,184,133,51,38,25,13,1580,380,1200,138,87,51,32,24,8,4,3,1,170,36,134
527,District-Satara,Urban,19,3540,1582,1958,1129,932,197,202,137,65,37,22,15,1858,370,1488,115,76,39,17,7,10,4,1,3,178,37,141
528,District-Ratnagiri,Total,5-19,79912,35389,44523,16863,8723,8140,6405,2572,3833,2346,857,1489,20766,6254,14512,1191,593,598,387,169,218,127,52,75,31827,16169,15658
528,District-Ratnagiri,Total,5,16190,8338,7852,8,6,2,1,1,0,0,0,0,232,123,109,65,36,29,23,12,11,11,6,5,15850,8154,7696
528,District-Ratnagiri,Total,6,10607,5537,5070,4,3,1,2,1,1,1,1,0,353,169,184,38,23,15,14,11,3,10,4,6,10185,5325,4860
528,District-Ratnagiri,Total,7,2728,1384,1344,15,8,7,4,3,1,2,2,0,196,101,95,18,9,9,7,5,2,2,0,2,2484,1256,1228
528,District-Ratnagiri,Total,8,690,339,351,16,11,5,5,3,2,0,0,0,139,71,68,4,4,0,1,1,0,0,0,0,525,249,276
528,District-Ratnagiri,Total,9,507,244,263,17,6,11,4,2,2,1,0,1,130,63,67,11,4,7,1,1,0,0,0,0,343,168,175
528,District-Ratnagiri,Total,10,816,434,382,17,9,8,8,5,3,1,1,0,198,107,91,13,8,5,5,1,4,1,0,1,573,303,270
528,District-Ratnagiri,Total,11,682,313,369,104,64,40,26,11,15,11,5,6,245,94,151,19,6,13,10,2,8,1,1,0,266,130,136
528,District-Ratnagiri,Total,12,850,361,489,166,97,69,40,18,22,9,3,6,342,130,212,52,23,29,22,6,16,2,1,1,217,83,134
528,District-Ratnagiri,Total,13,1009,407,602,208,106,102,59,22,37,33,10,23,467,165,302,38,13,25,16,4,12,3,2,1,185,85,100
528,District-Ratnagiri,Total,14,1859,674,1185,490,232,258,201,67,134,80,27,53,832,248,584,60,26,34,18,10,8,10,2,8,168,62,106
528,District-Ratnagiri,Total,15,3455,1265,2190,1001,456,545,376,121,255,177,58,119,1465,462,1003,143,67,76,39,11,28,20,9,11,234,81,153
528,District-Ratnagiri,Total,16,5480,1995,3485,1722,824,898,759,243,516,292,88,204,2346,693,1653,130,59,71,51,22,29,17,6,11,163,60,103
528,District-Ratnagiri,Total,17,8195,3109,5086,2846,1416,1430,1176,415,761,459,176,283,3353,952,2401,145,71,74,37,16,21,9,3,6,170,60,110
528,District-Ratnagiri,Total,18,13146,5351,7795,4967,2629,2338,1815,776,1039,655,255,400,5084,1392,3692,263,151,112,78,37,41,23,12,11,261,99,162
528,District-Ratnagiri,Total,19,13698,5638,8060,5282,2856,2426,1929,884,1045,625,231,394,5384,1484,3900,192,93,99,65,30,35,18,6,12,203,54,149
528,District-Ratnagiri,Rural,5-19,68935,29920,39015,15423,7622,7801,6176,2420,3756,2264,805,1459,17190,5039,12151,992,484,508,354,156,198,116,47,69,26420,13347,13073
528,District-Ratnagiri,Rural,5,13461,6904,6557,3,1,2,1,1,0,0,0,0,156,88,68,53,31,22,20,10,10,11,6,5,13217,6767,6450
528,District-Ratnagiri,Rural,6,8710,4522,4188,4,3,1,2,1,1,1,1,0,265,117,148,31,20,11,12,9,3,10,4,6,8385,4367,4018
528,District-Ratnagiri,Rural,7,2340,1165,1175,13,7,6,4,3,1,2,2,0,158,84,74,16,8,8,6,5,1,2,0,2,2139,1056,1083
528,District-Ratnagiri,Rural,8,572,272,300,11,7,4,5,3,2,0,0,0,116,54,62,3,3,0,1,1,0,0,0,0,436,204,232
528,District-Ratnagiri,Rural,9,412,199,213,14,4,10,4,2,2,1,0,1,106,53,53,7,4,3,1,1,0,0,0,0,279,135,144
528,District-Ratnagiri,Rural,10,664,352,312,14,6,8,8,5,3,1,1,0,162,85,77,9,6,3,3,1,2,1,0,1,466,248,218
528,District-Ratnagiri,Rural,11,543,247,296,90,54,36,24,11,13,11,5,6,191,73,118,16,4,12,10,2,8,1,1,0,200,97,103
528,District-Ratnagiri,Rural,12,688,302,386,148,85,63,38,16,22,9,3,6,259,104,155,41,20,21,17,5,12,2,1,1,174,68,106
528,District-Ratnagiri,Rural,13,836,327,509,186,89,97,56,21,35,33,10,23,368,125,243,33,11,22,14,3,11,2,2,0,144,66,78
528,District-Ratnagiri,Rural,14,1610,574,1036,441,199,242,193,62,131,79,27,52,693,204,489,47,22,25,18,10,8,10,2,8,129,48,81
528,District-Ratnagiri,Rural,15,3067,1073,1994,896,381,515,364,111,253,176,57,119,1252,381,871,127,57,70,38,11,27,20,9,11,194,66,128
528,District-Ratnagiri,Rural,16,4923,1743,3180,1597,731,866,738,232,506,284,85,199,2005,572,1433,109,48,61,46,20,26,13,6,7,131,49,82
528,District-Ratnagiri,Rural,17,7386,2727,4659,2632,1249,1383,1144,392,752,442,164,278,2844,790,2054,130,64,66,35,15,20,8,3,5,151,50,101
528,District-Ratnagiri,Rural,18,11621,4619,7002,4525,2292,2233,1749,730,1019,627,239,388,4213,1124,3089,211,110,101,72,33,39,20,9,11,204,82,122
528,District-Ratnagiri,Rural,19,12102,4894,7208,4849,2514,2335,1846,830,1016,598,211,387,4402,1185,3217,159,76,83,61,30,31,16,4,12,171,44,127
528,District-Ratnagiri,Urban,5-19,10977,5469,5508,1440,1101,339,229,152,77,82,52,30,3576,1215,2361,199,109,90,33,13,20,11,5,6,5407,2822,2585
528,District-Ratnagiri,Urban,5,2729,1434,1295,5,5,0,0,0,0,0,0,0,76,35,41,12,5,7,3,2,1,0,0,0,2633,1387,1246
528,District-Ratnagiri,Urban,6,1897,1015,882,0,0,0,0,0,0,0,0,0,88,52,36,7,3,4,2,2,0,0,0,0,1800,958,842
528,District-Ratnagiri,Urban,7,388,219,169,2,1,1,0,0,0,0,0,0,38,17,21,2,1,1,1,0,1,0,0,0,345,200,145
528,District-Ratnagiri,Urban,8,118,67,51,5,4,1,0,0,0,0,0,0,23,17,6,1,1,0,0,0,0,0,0,0,89,45,44
528,District-Ratnagiri,Urban,9,95,45,50,3,2,1,0,0,0,0,0,0,24,10,14,4,0,4,0,0,0,0,0,0,64,33,31
528,District-Ratnagiri,Urban,10,152,82,70,3,3,0,0,0,0,0,0,0,36,22,14,4,2,2,2,0,2,0,0,0,107,55,52
528,District-Ratnagiri,Urban,11,139,66,73,14,10,4,2,0,2,0,0,0,54,21,33,3,2,1,0,0,0,0,0,0,66,33,33
528,District-Ratnagiri,Urban,12,162,59,103,18,12,6,2,2,0,0,0,0,83,26,57,11,3,8,5,1,4,0,0,0,43,15,28
528,District-Ratnagiri,Urban,13,173,80,93,22,17,5,3,1,2,0,0,0,99,40,59,5,2,3,2,1,1,1,0,1,41,19,22
528,District-Ratnagiri,Urban,14,249,100,149,49,33,16,8,5,3,1,0,1,139,44,95,13,4,9,0,0,0,0,0,0,39,14,25
528,District-Ratnagiri,Urban,15,388,192,196,105,75,30,12,10,2,1,1,0,213,81,132,16,10,6,1,0,1,0,0,0,40,15,25
528,District-Ratnagiri,Urban,16,557,252,305,125,93,32,21,11,10,8,3,5,341,121,220,21,11,10,5,2,3,4,0,4,32,11,21
528,District-Ratnagiri,Urban,17,809,382,427,214,167,47,32,23,9,17,12,5,509,162,347,15,7,8,2,1,1,1,0,1,19,10,9
528,District-Ratnagiri,Urban,18,1525,732,793,442,337,105,66,46,20,28,16,12,871,268,603,52,41,11,6,4,2,3,3,0,57,17,40
528,District-Ratnagiri,Urban,19,1596,744,852,433,342,91,83,54,29,27,20,7,982,299,683,33,17,16,4,0,4,2,2,0,32,10,22
529,District-Sindhudurg,Total,5-19,39009,19220,19789,4758,3136,1622,3322,1831,1491,1151,586,565,12309,4707,7602,643,374,269,387,197,190,76,43,33,16363,8346,8017
529,District-Sindhudurg,Total,5,7961,4164,3797,8,5,3,8,6,2,1,1,0,298,152,146,48,31,17,30,12,18,5,3,2,7563,3954,3609
529,District-Sindhudurg,Total,6,5502,2844,2658,8,7,1,3,3,0,1,1,0,342,182,160,24,16,8,31,17,14,5,2,3,5088,2616,2472
529,District-Sindhudurg,Total,7,1570,807,763,9,6,3,3,1,2,1,1,0,213,100,113,17,7,10,9,4,5,1,1,0,1317,687,630
529,District-Sindhudurg,Total,8,505,233,272,11,8,3,4,1,3,0,0,0,164,72,92,10,5,5,6,4,2,1,0,1,309,143,166
529,District-Sindhudurg,Total,9,449,227,222,10,4,6,1,1,0,0,0,0,183,97,86,6,2,4,1,1,0,3,1,2,245,121,124
529,District-Sindhudurg,Total,10,666,344,322,20,14,6,3,3,0,4,3,1,219,117,102,8,5,3,8,4,4,2,0,2,402,198,204
529,District-Sindhudurg,Total,11,575,294,281,75,51,24,17,7,10,7,3,4,253,119,134,17,7,10,8,3,5,4,3,1,194,101,93
529,District-Sindhudurg,Total,12,634,337,297,91,72,19,40,30,10,10,4,6,272,130,142,25,10,15,21,10,11,3,2,1,172,79,93
529,District-Sindhudurg,Total,13,615,307,308,85,57,28,34,19,15,12,8,4,314,142,172,24,11,13,9,3,6,2,1,1,135,66,69
529,District-Sindhudurg,Total,14,857,394,463,127,85,42,76,35,41,22,9,13,430,172,258,30,16,14,23,8,15,5,2,3,144,67,77
529,District-Sindhudurg,Total,15,1408,671,737,273,175,98,144,78,66,49,23,26,657,268,389,62,39,23,36,15,21,12,6,6,175,67,108
529,District-Sindhudurg,Total,16,2150,941,1209,397,240,157,308,158,150,116,50,66,1087,385,702,59,33,26,28,13,15,5,4,1,150,58,92
529,District-Sindhudurg,Total,17,3333,1595,1738,719,464,255,500,266,234,176,87,89,1695,644,1051,63,42,21,42,30,12,9,7,2,129,55,74
529,District-Sindhudurg,Total,18,5937,2866,3071,1371,904,467,979,557,422,350,179,171,2832,1025,1807,141,89,52,68,36,32,13,8,5,183,68,115
529,District-Sindhudurg,Total,19,6847,3196,3651,1554,1044,510,1202,666,536,402,217,185,3350,1102,2248,109,61,48,67,37,30,6,3,3,157,66,91
529,District-Sindhudurg,Rural,5-19,34514,16824,17690,4229,2717,1512,3153,1704,1449,1110,560,550,11027,4177,6850,531,307,224,340,166,174,72,40,32,14052,7153,6899
529,District-Sindhudurg,Rural,5,6916,3606,3310,7,4,3,8,6,2,1,1,0,251,127,124,38,24,14,28,12,16,5,3,2,6578,3429,3149
529,District-Sindhudurg,Rural,6,4683,2416,2267,8,7,1,2,2,0,1,1,0,294,159,135,21,14,7,29,15,14,5,2,3,4323,2216,2107
529,District-Sindhudurg,Rural,7,1383,706,677,9,6,3,3,1,2,1,1,0,188,87,101,16,7,9,9,4,5,1,1,0,1156,599,557
529,District-Sindhudurg,Rural,8,424,198,226,8,5,3,4,1,3,0,0,0,131,61,70,10,5,5,5,3,2,1,0,1,265,123,142
529,District-Sindhudurg,Rural,9,386,194,192,10,4,6,1,1,0,0,0,0,154,83,71,6,2,4,0,0,0,3,1,2,212,103,109
529,District-Sindhudurg,Rural,10,565,291,274,18,12,6,3,3,0,4,3,1,181,96,85,7,4,3,7,3,4,2,0,2,343,170,173
529,District-Sindhudurg,Rural,11,494,242,252,66,44,22,17,7,10,7,3,4,219,99,120,15,5,10,6,1,5,3,2,1,161,81,80
529,District-Sindhudurg,Rural,12,538,287,251,74,57,17,40,30,10,10,4,6,236,118,118,23,9,14,18,7,11,3,2,1,134,60,74
529,District-Sindhudurg,Rural,13,509,242,267,76,49,27,30,16,14,11,7,4,264,116,148,18,7,11,8,2,6,2,1,1,100,44,56
529,District-Sindhudurg,Rural,14,741,341,400,118,78,40,71,31,40,19,8,11,374,148,226,26,14,12,17,5,12,5,2,3,111,55,56
529,District-Sindhudurg,Rural,15,1260,596,664,241,153,88,136,71,65,47,21,26,593,241,352,51,31,20,33,15,18,11,6,5,148,58,90
529,District-Sindhudurg,Rural,16,1943,830,1113,353,205,148,288,141,147,112,48,64,991,345,646,51,29,22,23,10,13,4,3,1,121,49,72
529,District-Sindhudurg,Rural,17,3064,1430,1634,648,405,243,469,246,223,173,85,88,1566,585,981,52,36,16,34,22,12,8,6,2,114,45,69
529,District-Sindhudurg,Rural,18,5394,2585,2809,1227,799,428,927,518,409,335,171,164,2567,928,1639,110,67,43,62,33,29,13,8,5,153,61,92
529,District-Sindhudurg,Rural,19,6214,2860,3354,1366,889,477,1154,630,524,389,207,182,3018,984,2034,87,53,34,61,34,27,6,3,3,133,60,73
529,District-Sindhudurg,Urban,5-19,4495,2396,2099,529,419,110,169,127,42,41,26,15,1282,530,752,112,67,45,47,31,16,4,3,1,2311,1193,1118
529,District-Sindhudurg,Urban,5,1045,558,487,1,1,0,0,0,0,0,0,0,47,25,22,10,7,3,2,0,2,0,0,0,985,525,460
529,District-Sindhudurg,Urban,6,819,428,391,0,0,0,1,1,0,0,0,0,48,23,25,3,2,1,2,2,0,0,0,0,765,400,365
529,District-Sindhudurg,Urban,7,187,101,86,0,0,0,0,0,0,0,0,0,25,13,12,1,0,1,0,0,0,0,0,0,161,88,73
529,District-Sindhudurg,Urban,8,81,35,46,3,3,0,0,0,0,0,0,0,33,11,22,0,0,0,1,1,0,0,0,0,44,20,24
529,District-Sindhudurg,Urban,9,63,33,30,0,0,0,0,0,0,0,0,0,29,14,15,0,0,0,1,1,0,0,0,0,33,18,15
529,District-Sindhudurg,Urban,10,101,53,48,2,2,0,0,0,0,0,0,0,38,21,17,1,1,0,1,1,0,0,0,0,59,28,31
529,District-Sindhudurg,Urban,11,81,52,29,9,7,2,0,0,0,0,0,0,34,20,14,2,2,0,2,2,0,1,1,0,33,20,13
529,District-Sindhudurg,Urban,12,96,50,46,17,15,2,0,0,0,0,0,0,36,12,24,2,1,1,3,3,0,0,0,0,38,19,19
529,District-Sindhudurg,Urban,13,106,65,41,9,8,1,4,3,1,1,1,0,50,26,24,6,4,2,1,1,0,0,0,0,35,22,13
529,District-Sindhudurg,Urban,14,116,53,63,9,7,2,5,4,1,3,1,2,56,24,32,4,2,2,6,3,3,0,0,0,33,12,21
529,District-Sindhudurg,Urban,15,148,75,73,32,22,10,8,7,1,2,2,0,64,27,37,11,8,3,3,0,3,1,0,1,27,9,18
529,District-Sindhudurg,Urban,16,207,111,96,44,35,9,20,17,3,4,2,2,96,40,56,8,4,4,5,3,2,1,1,0,29,9,20
529,District-Sindhudurg,Urban,17,269,165,104,71,59,12,31,20,11,3,2,1,129,59,70,11,6,5,8,8,0,1,1,0,15,10,5
529,District-Sindhudurg,Urban,18,543,281,262,144,105,39,52,39,13,15,8,7,265,97,168,31,22,9,6,3,3,0,0,0,30,7,23
529,District-Sindhudurg,Urban,19,633,336,297,188,155,33,48,36,12,13,10,3,332,118,214,22,8,14,6,3,3,0,0,0,24,6,18
530,District-Kolhapur,Total,5-19,203028,100799,102229,39260,28370,10890,7737,3790,3947,1598,715,883,54770,15530,39240,4610,2660,1950,1102,510,592,205,94,111,93746,49130,44616
530,District-Kolhapur,Total,5,46667,25104,21563,92,66,26,22,13,9,1,1,0,2057,1075,982,356,205,151,158,82,76,31,16,15,43950,23646,20304
530,District-Kolhapur,Total,6,32524,17501,15023,67,41,26,23,16,7,3,2,1,2274,1163,1111,228,140,88,101,57,44,20,9,11,29808,16073,13735
530,District-Kolhapur,Total,7,8661,4589,4072,100,61,39,19,9,10,4,3,1,1216,675,541,84,44,40,29,17,12,3,2,1,7206,3778,3428
530,District-Kolhapur,Total,8,2793,1441,1352,92,51,41,10,5,5,3,1,2,827,413,414,42,12,30,15,7,8,1,0,1,1803,952,851
530,District-Kolhapur,Total,9,2329,1214,1115,109,55,54,10,5,5,3,0,3,813,428,385,49,30,19,14,5,9,6,1,5,1325,690,635
530,District-Kolhapur,Total,10,3387,1741,1646,123,78,45,22,13,9,4,1,3,921,492,429,74,47,27,22,10,12,6,3,3,2215,1097,1118
530,District-Kolhapur,Total,11,2990,1538,1452,562,396,166,83,38,45,16,7,9,1128,516,612,144,72,72,23,10,13,7,3,4,1027,496,531
530,District-Kolhapur,Total,12,3065,1519,1546,712,509,203,116,67,49,23,9,14,1234,498,736,190,90,100,47,23,24,9,4,5,734,319,415
530,District-Kolhapur,Total,13,3139,1512,1627,730,489,241,118,43,75,30,13,17,1406,576,830,165,82,83,40,18,22,4,2,2,646,289,357
530,District-Kolhapur,Total,14,4349,2154,2195,1138,820,318,194,92,102,45,19,26,2008,784,1224,218,116,102,42,15,27,9,4,5,695,304,391
530,District-Kolhapur,Total,15,7233,3527,3706,2085,1551,534,447,208,239,115,54,61,3113,1067,2046,478,262,216,106,44,62,14,8,6,875,333,542
530,District-Kolhapur,Total,16,10241,4961,5280,3442,2570,872,777,428,349,188,95,93,4601,1317,3284,410,237,173,79,34,45,13,7,6,731,273,458
530,District-Kolhapur,Total,17,15733,7520,8213,5825,4398,1427,1151,578,573,266,117,149,7148,1757,5391,487,310,177,103,53,50,18,10,8,735,297,438
530,District-Kolhapur,Total,18,28044,12741,15303,11024,8084,2940,2218,1101,1117,442,195,247,12157,2384,9773,946,573,373,182,74,108,39,17,22,1036,313,723
530,District-Kolhapur,Total,19,31873,13737,18136,13159,9201,3958,2527,1174,1353,455,198,257,13867,2385,11482,739,440,299,141,61,80,25,8,17,960,270,690
530,District-Kolhapur,Rural,5-19,138864,67945,70919,28319,18897,9422,6633,2998,3635,1367,548,819,34263,9646,24617,3445,1844,1601,895,397,498,183,82,101,63759,33533,30226
530,District-Kolhapur,Rural,5,32165,17269,14896,76,54,22,18,10,8,1,1,0,1423,738,685,269,152,117,125,63,62,23,13,10,30230,16238,13992
530,District-Kolhapur,Rural,6,22197,11981,10216,41,27,14,20,14,6,3,2,1,1602,803,799,175,107,68,79,45,34,19,8,11,20258,10975,9283
530,District-Kolhapur,Rural,7,5968,3138,2830,78,44,34,16,8,8,3,2,1,768,435,333,64,35,29,24,14,10,3,2,1,5012,2598,2414
530,District-Kolhapur,Rural,8,1867,955,912,68,38,30,8,3,5,2,1,1,517,254,263,31,9,22,12,4,8,1,0,1,1228,646,582
530,District-Kolhapur,Rural,9,1501,792,709,85,45,40,7,3,4,3,0,3,473,264,209,44,27,17,10,5,5,6,1,5,873,447,426
530,District-Kolhapur,Rural,10,2211,1137,1074,88,55,33,18,10,8,4,1,3,550,285,265,52,31,21,21,10,11,5,2,3,1473,743,730
530,District-Kolhapur,Rural,11,1962,1016,946,426,287,139,68,29,39,14,6,8,636,299,337,114,53,61,20,8,12,5,2,3,679,332,347
530,District-Kolhapur,Rural,12,1949,937,1012,503,344,159,102,55,47,17,4,13,681,258,423,154,66,88,35,16,19,9,4,5,448,190,258
530,District-Kolhapur,Rural,13,1982,919,1063,488,304,184,101,34,67,22,6,16,804,318,486,131,62,69,38,16,22,4,2,2,394,177,217
530,District-Kolhapur,Rural,14,2769,1325,1444,780,531,249,159,68,91,38,13,25,1160,442,718,164,79,85,35,10,25,7,3,4,426,179,247
530,District-Kolhapur,Rural,15,4805,2283,2522,1436,1005,431,377,166,211,92,38,54,1836,614,1222,379,196,183,89,35,54,14,8,6,582,221,361
530,District-Kolhapur,Rural,16,6821,3231,3590,2397,1667,730,648,330,318,154,69,85,2801,797,2004,298,157,141,63,27,36,12,6,6,448,178,270
530,District-Kolhapur,Rural,17,10692,4936,5756,4066,2842,1224,971,455,516,229,93,136,4489,1089,3400,339,206,133,90,45,45,16,9,7,492,197,295
530,District-Kolhapur,Rural,18,19437,8588,10849,8009,5410,2599,1900,868,1032,375,144,231,7658,1505,6153,687,374,313,144,54,90,35,14,21,629,219,410
530,District-Kolhapur,Rural,19,22538,9438,13100,9778,6244,3534,2220,945,1275,410,168,242,8865,1545,7320,544,290,254,110,45,65,24,8,16,587,193,394
530,District-Kolhapur,Urban,5-19,64164,32854,31310,10941,9473,1468,1104,792,312,231,167,64,20507,5884,14623,1165,816,349,207,113,94,22,12,10,29987,15597,14390
530,District-Kolhapur,Urban,5,14502,7835,6667,16,12,4,4,3,1,0,0,0,634,337,297,87,53,34,33,19,14,8,3,5,13720,7408,6312
530,District-Kolhapur,Urban,6,10327,5520,4807,26,14,12,3,2,1,0,0,0,672,360,312,53,33,20,22,12,10,1,1,0,9550,5098,4452
530,District-Kolhapur,Urban,7,2693,1451,1242,22,17,5,3,1,2,1,1,0,448,240,208,20,9,11,5,3,2,0,0,0,2194,1180,1014
530,District-Kolhapur,Urban,8,926,486,440,24,13,11,2,2,0,1,0,1,310,159,151,11,3,8,3,3,0,0,0,0,575,306,269
530,District-Kolhapur,Urban,9,828,422,406,24,10,14,3,2,1,0,0,0,340,164,176,5,3,2,4,0,4,0,0,0,452,243,209
530,District-Kolhapur,Urban,10,1176,604,572,35,23,12,4,3,1,0,0,0,371,207,164,22,16,6,1,0,1,1,1,0,742,354,388
530,District-Kolhapur,Urban,11,1028,522,506,136,109,27,15,9,6,2,1,1,492,217,275,30,19,11,3,2,1,2,1,1,348,164,184
530,District-Kolhapur,Urban,12,1116,582,534,209,165,44,14,12,2,6,5,1,553,240,313,36,24,12,12,7,5,0,0,0,286,129,157
530,District-Kolhapur,Urban,13,1157,593,564,242,185,57,17,9,8,8,7,1,602,258,344,34,20,14,2,2,0,0,0,0,252,112,140
530,District-Kolhapur,Urban,14,1580,829,751,358,289,69,35,24,11,7,6,1,848,342,506,54,37,17,7,5,2,2,1,1,269,125,144
530,District-Kolhapur,Urban,15,2428,1244,1184,649,546,103,70,42,28,23,16,7,1277,453,824,99,66,33,17,9,8,0,0,0,293,112,181
530,District-Kolhapur,Urban,16,3420,1730,1690,1045,903,142,129,98,31,34,26,8,1800,520,1280,112,80,32,16,7,9,1,1,0,283,95,188
530,District-Kolhapur,Urban,17,5041,2584,2457,1759,1556,203,180,123,57,37,24,13,2659,668,1991,148,104,44,13,8,5,2,1,1,243,100,143
530,District-Kolhapur,Urban,18,8607,4153,4454,3015,2674,341,318,233,85,67,51,16,4499,879,3620,259,199,60,38,20,18,4,3,1,407,94,313
530,District-Kolhapur,Urban,19,9335,4299,5036,3381,2957,424,307,229,78,45,30,15,5002,840,4162,195,150,45,31,16,15,1,0,1,373,77,296
531,District-Sangli,Total,5-19,157430,79604,77826,34106,24929,9177,5821,2864,2957,1233,618,615,42424,12461,29963,4406,2462,1944,1022,509,513,167,93,74,68251,35668,32583
531,District-Sangli,Total,5,35627,19163,16464,84,56,28,15,7,8,2,1,1,1489,778,711,345,188,157,165,96,69,24,15,9,33503,18022,15481
531,District-Sangli,Total,6,21471,11511,9960,58,43,15,22,9,13,3,2,1,1618,863,755,223,121,102,115,66,49,13,6,7,19419,10401,9018
531,District-Sangli,Total,7,5498,2866,2632,93,60,33,13,7,6,7,2,5,744,375,369,83,50,33,31,16,15,4,2,2,4523,2354,2169
531,District-Sangli,Total,8,2151,1104,1047,74,39,35,11,3,8,3,2,1,625,326,299,36,13,23,20,10,10,2,1,1,1380,710,670
531,District-Sangli,Total,9,1839,930,909,93,51,42,18,7,11,2,1,1,584,289,295,45,29,16,7,5,2,0,0,0,1090,548,542
531,District-Sangli,Total,10,2914,1540,1374,115,77,38,23,11,12,1,1,0,758,378,380,72,41,31,32,15,17,5,3,2,1908,1014,894
531,District-Sangli,Total,11,2420,1230,1190,422,287,135,77,32,45,12,3,9,884,385,499,107,62,45,22,10,12,1,1,0,895,450,445
531,District-Sangli,Total,12,2665,1336,1329,669,470,199,72,30,42,15,5,10,1042,418,624,138,83,55,40,17,23,4,2,2,685,311,374
531,District-Sangli,Total,13,2632,1322,1310,663,475,188,95,53,42,20,11,9,1129,445,684,149,75,74,31,16,15,7,5,2,538,242,296
531,District-Sangli,Total,14,3729,1909,1820,1039,739,300,179,93,86,46,25,21,1629,675,954,240,125,115,50,20,30,7,6,1,539,226,313
531,District-Sangli,Total,15,6645,3385,3260,2174,1593,581,408,220,188,79,40,39,2620,921,1699,453,233,220,77,37,40,15,7,8,819,334,485
531,District-Sangli,Total,16,9140,4823,4317,3332,2529,803,622,361,261,144,85,59,3858,1250,2608,416,253,163,72,30,42,21,11,10,675,304,371
531,District-Sangli,Total,17,12862,6496,6366,5112,3887,1225,927,504,423,216,113,103,5431,1402,4029,470,291,179,78,44,34,14,8,6,614,247,367
531,District-Sangli,Total,18,23205,11097,12108,9779,7236,2543,1565,756,809,342,166,176,9579,2064,7515,887,501,386,147,71,76,27,15,12,879,288,591
531,District-Sangli,Total,19,24632,10892,13740,10399,7387,3012,1774,771,1003,341,161,180,10434,1892,8542,742,397,345,135,56,79,23,11,12,784,217,567
531,District-Sangli,Rural,5-19,116990,59246,57744,28032,19877,8155,5030,2334,2696,1003,439,564,29106,8354,20752,3408,1831,1577,791,372,419,120,61,59,49500,25978,23522
531,District-Sangli,Rural,5,26614,14334,12280,57,35,22,9,3,6,1,0,1,1014,522,492,260,143,117,123,72,51,17,10,7,25133,13549,11584
531,District-Sangli,Rural,6,15328,8209,7119,40,27,13,18,9,9,3,2,1,1107,605,502,166,93,73,80,46,34,9,5,4,13905,7422,6483
531,District-Sangli,Rural,7,3815,1995,1820,73,50,23,11,6,5,4,2,2,502,261,241,61,37,24,22,11,11,4,2,2,3138,1626,1512
531,District-Sangli,Rural,8,1456,760,696,57,29,28,6,1,5,2,1,1,396,211,185,29,10,19,15,8,7,2,1,1,949,499,450
531,District-Sangli,Rural,9,1268,653,615,74,43,31,14,7,7,0,0,0,390,197,193,38,22,16,5,4,1,0,0,0,747,380,367
531,District-Sangli,Rural,10,2006,1059,947,93,60,33,16,7,9,1,1,0,505,254,251,60,35,25,21,11,10,2,1,1,1308,690,618
531,District-Sangli,Rural,11,1700,859,841,320,212,108,66,25,41,9,2,7,573,246,327,86,53,33,15,6,9,1,1,0,630,314,316
531,District-Sangli,Rural,12,1902,956,946,527,354,173,65,27,38,12,3,9,699,282,417,109,65,44,29,11,18,3,1,2,458,213,245
531,District-Sangli,Rural,13,1880,942,938,524,359,165,79,45,34,15,8,7,742,286,456,117,59,58,27,12,15,3,2,1,373,171,202
531,District-Sangli,Rural,14,2709,1383,1326,847,581,266,149,70,79,39,18,21,1073,448,625,186,94,92,39,14,25,2,2,0,374,156,218
531,District-Sangli,Rural,15,4919,2527,2392,1774,1281,493,350,181,169,69,30,39,1766,620,1146,345,171,174,60,25,35,10,4,6,545,215,330
531,District-Sangli,Rural,16,6899,3652,3247,2735,2026,709,523,281,242,115,63,52,2661,841,1820,321,192,129,55,21,34,18,10,8,471,218,253
531,District-Sangli,Rural,17,9758,4956,4802,4185,3120,1065,793,416,377,181,86,95,3752,915,2837,367,210,157,66,34,32,9,3,6,405,172,233
531,District-Sangli,Rural,18,17723,8550,9173,8048,5771,2277,1371,623,748,282,120,162,6638,1410,5228,679,364,315,119,53,66,22,11,11,564,198,366
531,District-Sangli,Rural,19,19013,8411,10602,8678,5929,2749,1560,633,927,270,103,167,7288,1256,6032,584,283,301,115,44,71,18,8,10,500,155,345
531,District-Sangli,Urban,5-19,40440,20358,20082,6074,5052,1022,791,530,261,230,179,51,13318,4107,9211,998,631,367,231,137,94,47,32,15,18751,9690,9061
531,District-Sangli,Urban,5,9013,4829,4184,27,21,6,6,4,2,1,1,0,475,256,219,85,45,40,42,24,18,7,5,2,8370,4473,3897
531,District-Sangli,Urban,6,6143,3302,2841,18,16,2,4,0,4,0,0,0,511,258,253,57,28,29,35,20,15,4,1,3,5514,2979,2535
531,District-Sangli,Urban,7,1683,871,812,20,10,10,2,1,1,3,0,3,242,114,128,22,13,9,9,5,4,0,0,0,1385,728,657
531,District-Sangli,Urban,8,695,344,351,17,10,7,5,2,3,1,1,0,229,115,114,7,3,4,5,2,3,0,0,0,431,211,220
531,District-Sangli,Urban,9,571,277,294,19,8,11,4,0,4,2,1,1,194,92,102,7,7,0,2,1,1,0,0,0,343,168,175
531,District-Sangli,Urban,10,908,481,427,22,17,5,7,4,3,0,0,0,253,124,129,12,6,6,11,4,7,3,2,1,600,324,276
531,District-Sangli,Urban,11,720,371,349,102,75,27,11,7,4,3,1,2,311,139,172,21,9,12,7,4,3,0,0,0,265,136,129
531,District-Sangli,Urban,12,763,380,383,142,116,26,7,3,4,3,2,1,343,136,207,29,18,11,11,6,5,1,1,0,227,98,129
531,District-Sangli,Urban,13,752,380,372,139,116,23,16,8,8,5,3,2,387,159,228,32,16,16,4,4,0,4,3,1,165,71,94
531,District-Sangli,Urban,14,1020,526,494,192,158,34,30,23,7,7,7,0,556,227,329,54,31,23,11,6,5,5,4,1,165,70,95
531,District-Sangli,Urban,15,1726,858,868,400,312,88,58,39,19,10,10,0,854,301,553,108,62,46,17,12,5,5,3,2,274,119,155
531,District-Sangli,Urban,16,2241,1171,1070,597,503,94,99,80,19,29,22,7,1197,409,788,95,61,34,17,9,8,3,1,2,204,86,118
531,District-Sangli,Urban,17,3104,1540,1564,927,767,160,134,88,46,35,27,8,1679,487,1192,103,81,22,12,10,2,5,5,0,209,75,134
531,District-Sangli,Urban,18,5482,2547,2935,1731,1465,266,194,133,61,60,46,14,2941,654,2287,208,137,71,28,18,10,5,4,1,315,90,225
531,District-Sangli,Urban,19,5619,2481,3138,1721,1458,263,214,138,76,71,58,13,3146,636,2510,158,114,44,20,12,8,5,3,2,284,62,222
