261,District-Mon,Total,5-19,43515,22960,20555,3869,2092,1777,2009,1032,977,1079,553,526,2284,1033,1251,7353,3923,3430,2881,1487,1394,2462,1305,1157,21578,11535,10043
261,District-Mon,Total,5,4747,2549,2198,3,2,1,1,0,1,0,0,0,20,10,10,49,29,20,56,28,28,68,35,33,4550,2445,2105
261,District-Mon,Total,6,4399,2306,2093,0,0,0,1,1,0,3,0,3,17,8,9,61,32,29,68,31,37,101,54,47,4148,2180,1968
261,District-Mon,Total,7,2868,1512,1356,7,5,2,4,1,3,4,1,3,92,37,55,65,37,28,73,40,33,89,52,37,2534,1339,1195
261,District-Mon,Total,8,2398,1231,1167,5,3,2,7,2,5,5,2,3,106,47,59,82,49,33,102,46,56,132,63,69,1959,1019,940
261,District-Mon,Total,9,2058,1066,992,13,6,7,11,6,5,10,5,5,108,48,60,111,58,53,89,53,36,170,95,75,1546,795,751
261,District-Mon,Total,10,2528,1343,1185,25,18,7,22,10,12,26,11,15,118,63,55,195,121,74,202,95,107,213,96,117,1727,929,798
261,District-Mon,Total,11,1994,1054,940,46,21,25,31,16,15,42,22,20,131,52,79,262,137,125,199,97,102,233,131,102,1050,578,472
261,District-Mon,Total,12,2100,1141,959,99,56,43,61,31,30,53,33,20,134,70,64,376,200,176,235,112,123,226,121,105,916,518,398
261,District-Mon,Total,13,1964,1031,933,115,60,55,86,46,40,57,24,33,140,68,72,437,236,201,207,109,98,225,116,109,697,372,325
261,District-Mon,Total,14,2132,1163,969,218,120,98,123,65,58,77,35,42,135,61,74,609,329,280,226,121,105,193,111,82,551,321,230
261,District-Mon,Total,15,2984,1609,1375,393,213,180,212,115,97,140,86,54,228,109,119,872,466,406,328,187,141,231,118,113,580,315,265
261,District-Mon,Total,16,3009,1590,1419,514,276,238,281,148,133,160,80,80,216,105,111,952,495,457,271,142,129,190,116,74,425,228,197
261,District-Mon,Total,17,2954,1547,1407,634,353,281,306,157,149,157,77,80,264,122,142,907,473,434,248,130,118,125,62,63,313,173,140
261,District-Mon,Total,18,4136,2143,1993,978,513,465,496,255,241,193,106,87,316,129,187,1327,699,628,349,169,180,161,91,70,316,181,135
261,District-Mon,Total,19,3244,1675,1569,819,446,373,367,179,188,152,71,81,259,104,155,1048,562,486,228,127,101,105,44,61,266,142,124
261,District-Mon,Rural,5-19,40876,21545,19331,3707,1989,1718,1790,919,871,1012,518,494,1675,796,879,7297,3885,3412,2765,1403,1362,2416,1277,1139,20214,10758,9456
261,District-Mon,Rural,5,4374,2353,2021,3,2,1,1,0,1,0,0,0,18,10,8,49,29,20,53,25,28,68,35,33,4182,2252,1930
261,District-Mon,Rural,6,4074,2134,1940,0,0,0,1,1,0,3,0,3,15,6,9,59,31,28,64,27,37,101,54,47,3831,2015,1816
261,District-Mon,Rural,7,2716,1433,1283,6,4,2,3,1,2,4,1,3,70,28,42,63,35,28,70,38,32,88,51,37,2412,1275,1137
261,District-Mon,Rural,8,2317,1185,1132,5,3,2,6,2,4,5,2,3,92,40,52,82,49,33,100,44,56,132,63,69,1895,982,913
261,District-Mon,Rural,9,1972,1017,955,13,6,7,11,6,5,10,5,5,90,42,48,111,58,53,88,53,35,170,95,75,1479,752,727
261,District-Mon,Rural,10,2435,1298,1137,25,18,7,20,9,11,25,11,14,97,52,45,194,121,73,198,93,105,213,96,117,1663,898,765
261,District-Mon,Rural,11,1908,1007,901,44,20,24,27,13,14,39,21,18,105,41,64,262,137,125,194,94,100,231,130,101,1006,551,455
261,District-Mon,Rural,12,2008,1078,930,94,52,42,55,26,29,50,31,19,108,55,53,373,198,175,228,107,121,223,120,103,877,489,388
261,District-Mon,Rural,13,1882,985,897,112,58,54,81,42,39,57,24,33,106,54,52,435,236,199,202,106,96,224,115,109,665,350,315
261,District-Mon,Rural,14,2009,1091,918,210,115,95,107,58,49,75,33,42,96,45,51,607,328,279,220,116,104,187,108,79,507,288,219
261,District-Mon,Rural,15,2818,1521,1297,383,208,175,186,101,85,134,82,52,170,85,85,870,466,404,318,181,137,221,114,107,536,284,252
261,District-Mon,Rural,16,2836,1497,1339,499,267,232,258,136,122,148,73,75,146,78,68,943,487,456,262,134,128,186,113,73,394,209,185
261,District-Mon,Rural,17,2751,1435,1316,614,340,274,273,139,134,146,71,75,186,94,92,902,469,433,232,119,113,122,59,63,276,144,132
261,District-Mon,Rural,18,3835,1983,1852,935,487,448,447,227,220,175,96,79,214,91,123,1315,692,623,328,154,174,151,84,67,270,152,118
261,District-Mon,Rural,19,2941,1528,1413,764,409,355,314,158,156,141,68,73,162,75,87,1032,549,483,208,112,96,99,40,59,221,117,104
261,District-Mon,Urban,5-19,2639,1415,1224,162,103,59,219,113,106,67,35,32,609,237,372,56,38,18,116,84,32,46,28,18,1364,777,587
261,District-Mon,Urban,5,373,196,177,0,0,0,0,0,0,0,0,0,2,0,2,0,0,0,3,3,0,0,0,0,368,193,175
261,District-Mon,Urban,6,325,172,153,0,0,0,0,0,0,0,0,0,2,2,0,2,1,1,4,4,0,0,0,0,317,165,152
261,District-Mon,Urban,7,152,79,73,1,1,0,1,0,1,0,0,0,22,9,13,2,2,0,3,2,1,1,1,0,122,64,58
261,District-Mon,Urban,8,81,46,35,0,0,0,1,0,1,0,0,0,14,7,7,0,0,0,2,2,0,0,0,0,64,37,27
261,District-Mon,Urban,9,86,49,37,0,0,0,0,0,0,0,0,0,18,6,12,0,0,0,1,0,1,0,0,0,67,43,24
261,District-Mon,Urban,10,93,45,48,0,0,0,2,1,1,1,0,1,21,11,10,1,0,1,4,2,2,0,0,0,64,31,33
261,District-Mon,Urban,11,86,47,39,2,1,1,4,3,1,3,1,2,26,11,15,0,0,0,5,3,2,2,1,1,44,27,17
261,District-Mon,Urban,12,92,63,29,5,4,1,6,5,1,3,2,1,26,15,11,3,2,1,7,5,2,3,1,2,39,29,10
261,District-Mon,Urban,13,82,46,36,3,2,1,5,4,1,0,0,0,34,14,20,2,0,2,5,3,2,1,1,0,32,22,10
261,District-Mon,Urban,14,123,72,51,8,5,3,16,7,9,2,2,0,39,16,23,2,1,1,6,5,1,6,3,3,44,33,11
261,District-Mon,Urban,15,166,88,78,10,5,5,26,14,12,6,4,2,58,24,34,2,0,2,10,6,4,10,4,6,44,31,13
261,District-Mon,Urban,16,173,93,80,15,9,6,23,12,11,12,7,5,70,27,43,9,8,1,9,8,1,4,3,1,31,19,12
261,District-Mon,Urban,17,203,112,91,20,13,7,33,18,15,11,6,5,78,28,50,5,4,1,16,11,5,3,3,0,37,29,8
261,District-Mon,Urban,18,301,160,141,43,26,17,49,28,21,18,10,8,102,38,64,12,7,5,21,15,6,10,7,3,46,29,17
261,District-Mon,Urban,19,303,147,156,55,37,18,53,21,32,11,3,8,97,29,68,16,13,3,20,15,5,6,4,2,45,25,20
262,District-Mokokchung,Total,5-19,10898,6042,4856,2727,1629,1098,1199,685,514,431,213,218,2081,977,1104,511,348,163,239,151,88,105,65,40,3605,1974,1631
262,District-Mokokchung,Total,5,1458,778,680,0,0,0,0,0,0,0,0,0,12,6,6,4,3,1,7,2,5,1,1,0,1434,766,668
262,District-Mokokchung,Total,6,930,494,436,3,2,1,0,0,0,0,0,0,26,16,10,2,1,1,4,3,1,5,1,4,890,471,419
262,District-Mokokchung,Total,7,300,149,151,1,0,1,2,1,1,2,1,1,38,16,22,2,2,0,2,2,0,2,2,0,251,125,126
262,District-Mokokchung,Total,8,222,120,102,4,1,3,1,1,0,1,0,1,53,30,23,5,2,3,4,2,2,4,1,3,150,83,67
262,District-Mokokchung,Total,9,215,122,93,12,8,4,3,3,0,4,2,2,38,17,21,4,4,0,1,1,0,1,1,0,152,86,66
262,District-Mokokchung,Total,10,310,183,127,14,7,7,6,5,1,3,3,0,64,38,26,18,14,4,6,5,1,11,4,7,188,107,81
262,District-Mokokchung,Total,11,245,130,115,38,15,23,18,9,9,6,3,3,60,24,36,10,4,6,12,9,3,9,5,4,92,61,31
262,District-Mokokchung,Total,12,303,183,120,49,30,19,22,13,9,11,8,3,83,40,43,20,13,7,26,18,8,22,15,7,70,46,24
262,District-Mokokchung,Total,13,359,214,145,82,44,38,40,28,12,15,7,8,91,50,41,31,21,10,23,13,10,8,7,1,69,44,25
262,District-Mokokchung,Total,14,433,255,178,103,56,47,59,39,20,31,17,14,103,60,43,29,22,7,31,19,12,10,7,3,67,35,32
262,District-Mokokchung,Total,15,728,433,295,248,164,84,96,61,35,39,16,23,203,104,99,64,38,26,22,16,6,3,2,1,53,32,21
262,District-Mokokchung,Total,16,927,536,391,333,212,121,143,79,64,61,28,33,229,109,120,67,49,18,29,16,13,10,6,4,55,37,18
262,District-Mokokchung,Total,17,1140,617,523,451,262,189,217,114,103,61,31,30,278,126,152,63,37,26,17,13,4,7,5,2,46,29,17
262,District-Mokokchung,Total,18,1733,961,772,701,410,291,322,175,147,105,56,49,409,187,222,109,78,31,38,23,15,3,2,1,46,30,16
262,District-Mokokchung,Total,19,1595,867,728,688,418,270,270,157,113,92,41,51,394,154,240,83,60,23,17,9,8,9,6,3,42,22,20
262,District-Mokokchung,Rural,5-19,8849,4831,4018,2323,1304,1019,1049,569,480,392,178,214,1451,704,747,449,300,149,187,109,78,96,56,40,2902,1611,1291
262,District-Mokokchung,Rural,5,1208,636,572,0,0,0,0,0,0,0,0,0,8,5,3,4,3,1,7,2,5,1,1,0,1188,625,563
262,District-Mokokchung,Rural,6,769,418,351,2,1,1,0,0,0,0,0,0,24,15,9,1,0,1,3,2,1,5,1,4,734,399,335
262,District-Mokokchung,Rural,7,239,121,118,1,0,1,1,1,0,2,1,1,31,12,19,2,2,0,2,2,0,2,2,0,198,101,97
262,District-Mokokchung,Rural,8,181,98,83,4,1,3,1,1,0,1,0,1,44,27,17,4,2,2,2,0,2,4,1,3,121,66,55
262,District-Mokokchung,Rural,9,164,98,66,12,8,4,3,3,0,4,2,2,25,12,13,4,4,0,1,1,0,1,1,0,114,67,47
262,District-Mokokchung,Rural,10,247,150,97,14,7,7,3,2,1,3,3,0,53,31,22,14,11,3,5,4,1,11,4,7,144,88,56
262,District-Mokokchung,Rural,11,196,101,95,29,11,18,15,6,9,6,3,3,46,17,29,7,1,6,9,7,2,9,5,4,75,51,24
262,District-Mokokchung,Rural,12,221,131,90,38,20,18,15,7,8,9,6,3,51,26,25,17,10,7,21,15,6,20,13,7,50,34,16
262,District-Mokokchung,Rural,13,275,160,115,68,33,35,29,19,10,14,6,8,60,34,26,28,18,10,15,7,8,7,6,1,54,37,17
262,District-Mokokchung,Rural,14,337,190,147,80,35,45,46,29,17,28,14,14,76,47,29,26,20,6,24,13,11,10,7,3,47,25,22
262,District-Mokokchung,Rural,15,593,340,253,210,132,78,84,50,34,37,14,23,150,75,75,56,32,24,19,14,5,3,2,1,34,21,13
262,District-Mokokchung,Rural,16,773,439,334,295,181,114,123,63,60,59,26,33,167,80,87,53,39,14,27,14,13,8,4,4,41,32,9
262,District-Mokokchung,Rural,17,945,506,439,400,224,176,196,100,96,53,26,27,193,93,100,56,31,25,10,8,2,4,2,2,33,22,11
262,District-Mokokchung,Rural,18,1391,736,655,586,313,273,286,147,139,92,44,48,260,119,141,101,73,28,28,14,14,3,2,1,35,24,11
262,District-Mokokchung,Rural,19,1310,707,603,584,338,246,247,141,106,84,33,51,263,111,152,76,54,22,14,6,8,8,5,3,34,19,15
262,District-Mokokchung,Urban,5-19,2049,1211,838,404,325,79,150,116,34,39,35,4,630,273,357,62,48,14,52,42,10,9,9,0,703,363,340
262,District-Mokokchung,Urban,5,250,142,108,0,0,0,0,0,0,0,0,0,4,1,3,0,0,0,0,0,0,0,0,0,246,141,105
262,District-Mokokchung,Urban,6,161,76,85,1,1,0,0,0,0,0,0,0,2,1,1,1,1,0,1,1,0,0,0,0,156,72,84
262,District-Mokokchung,Urban,7,61,28,33,0,0,0,1,0,1,0,0,0,7,4,3,0,0,0,0,0,0,0,0,0,53,24,29
262,District-Mokokchung,Urban,8,41,22,19,0,0,0,0,0,0,0,0,0,9,3,6,1,0,1,2,2,0,0,0,0,29,17,12
262,District-Mokokchung,Urban,9,51,24,27,0,0,0,0,0,0,0,0,0,13,5,8,0,0,0,0,0,0,0,0,0,38,19,19
262,District-Mokokchung,Urban,10,63,33,30,0,0,0,3,3,0,0,0,0,11,7,4,4,3,1,1,1,0,0,0,0,44,19,25
262,District-Mokokchung,Urban,11,49,29,20,9,4,5,3,3,0,0,0,0,14,7,7,3,3,0,3,2,1,0,0,0,17,10,7
262,District-Mokokchung,Urban,12,82,52,30,11,10,1,7,6,1,2,2,0,32,14,18,3,3,0,5,3,2,2,2,0,20,12,8
262,District-Mokokchung,Urban,13,84,54,30,14,11,3,11,9,2,1,1,0,31,16,15,3,3,0,8,6,2,1,1,0,15,7,8
262,District-Mokokchung,Urban,14,96,65,31,23,21,2,13,10,3,3,3,0,27,13,14,3,2,1,7,6,1,0,0,0,20,10,10
262,District-Mokokchung,Urban,15,135,93,42,38,32,6,12,11,1,2,2,0,53,29,24,8,6,2,3,2,1,0,0,0,19,11,8
262,District-Mokokchung,Urban,16,154,97,57,38,31,7,20,16,4,2,2,0,62,29,33,14,10,4,2,2,0,2,2,0,14,5,9
262,District-Mokokchung,Urban,17,195,111,84,51,38,13,21,14,7,8,5,3,85,33,52,7,6,1,7,5,2,3,3,0,13,7,6
262,District-Mokokchung,Urban,18,342,225,117,115,97,18,36,28,8,13,12,1,149,68,81,8,5,3,10,9,1,0,0,0,11,6,5
262,District-Mokokchung,Urban,19,285,160,125,104,80,24,23,16,7,8,8,0,131,43,88,7,6,1,3,3,0,1,1,0,8,3,5
263,District-Zunheboto,Total,5-19,9990,5213,4777,1359,789,570,842,471,371,694,350,344,1138,562,576,407,207,200,236,114,122,356,174,182,4958,2546,2412
263,District-Zunheboto,Total,5,1762,906,856,0,0,0,0,0,0,1,0,1,15,8,7,15,8,7,8,2,6,30,15,15,1693,873,820
263,District-Zunheboto,Total,6,1377,706,671,0,0,0,1,1,0,1,1,0,12,6,6,6,2,4,13,7,6,29,12,17,1315,677,638
263,District-Zunheboto,Total,7,569,295,274,1,0,1,3,1,2,5,2,3,42,20,22,7,2,5,4,2,2,18,13,5,489,255,234
263,District-Zunheboto,Total,8,331,174,157,2,2,0,3,1,2,8,2,6,43,18,25,3,3,0,7,2,5,21,11,10,244,135,109
263,District-Zunheboto,Total,9,330,154,176,3,1,2,5,2,3,9,4,5,41,19,22,3,2,1,1,1,0,15,6,9,253,119,134
263,District-Zunheboto,Total,10,410,208,202,5,3,2,2,2,0,10,6,4,57,28,29,10,5,5,9,3,6,34,18,16,283,143,140
263,District-Zunheboto,Total,11,303,169,134,23,15,8,10,4,6,20,8,12,49,33,16,14,8,6,14,10,4,22,11,11,151,80,71
263,District-Zunheboto,Total,12,305,151,154,43,23,20,24,12,12,31,13,18,58,31,27,19,12,7,11,4,7,30,16,14,89,40,49
263,District-Zunheboto,Total,13,281,139,142,36,18,18,33,17,16,18,8,10,57,26,31,17,8,9,19,7,12,22,11,11,79,44,35
263,District-Zunheboto,Total,14,361,195,166,71,48,23,33,20,13,52,25,27,73,37,36,23,13,10,13,7,6,31,14,17,65,31,34
263,District-Zunheboto,Total,15,515,263,252,101,61,40,77,45,32,80,39,41,102,52,50,43,16,27,31,13,18,19,6,13,62,31,31
263,District-Zunheboto,Total,16,687,367,320,190,112,78,107,65,42,85,47,38,135,63,72,57,28,29,19,8,11,26,13,13,68,31,37
263,District-Zunheboto,Total,17,731,394,337,202,113,89,141,78,63,108,55,53,125,61,64,51,30,21,30,14,16,21,9,12,53,34,19
263,District-Zunheboto,Total,18,1047,540,507,350,199,151,204,108,96,129,61,68,172,77,95,80,42,38,28,16,12,22,11,11,62,26,36
263,District-Zunheboto,Total,19,981,552,429,332,194,138,199,115,84,137,79,58,157,83,74,59,28,31,29,18,11,16,8,8,52,27,25
263,District-Zunheboto,Rural,5-19,8455,4419,4036,1237,694,543,751,419,332,687,347,340,765,371,394,381,192,189,219,108,111,354,173,181,4061,2115,1946
263,District-Zunheboto,Rural,5,1450,762,688,0,0,0,0,0,0,1,0,1,13,7,6,13,8,5,7,2,5,30,15,15,1386,730,656
263,District-Zunheboto,Rural,6,1148,592,556,0,0,0,1,1,0,1,1,0,10,4,6,6,2,4,13,7,6,29,12,17,1088,565,523
263,District-Zunheboto,Rural,7,488,263,225,1,0,1,3,1,2,5,2,3,32,17,15,7,2,5,4,2,2,18,13,5,418,226,192
263,District-Zunheboto,Rural,8,286,146,140,2,2,0,3,1,2,8,2,6,33,13,20,1,1,0,7,2,5,21,11,10,211,114,97
263,District-Zunheboto,Rural,9,272,125,147,3,1,2,3,1,2,9,4,5,30,10,20,2,2,0,1,1,0,15,6,9,209,100,109
263,District-Zunheboto,Rural,10,346,174,172,5,3,2,2,2,0,10,6,4,44,20,24,10,5,5,7,3,4,34,18,16,234,117,117
263,District-Zunheboto,Rural,11,270,152,118,22,14,8,7,3,4,20,8,12,38,29,9,14,8,6,14,10,4,22,11,11,133,69,64
263,District-Zunheboto,Rural,12,262,131,131,34,18,16,23,12,11,31,13,18,42,24,18,18,11,7,11,4,7,30,16,14,73,33,40
263,District-Zunheboto,Rural,13,233,114,119,34,16,18,30,15,15,18,8,10,38,17,21,17,8,9,17,6,11,22,11,11,57,33,24
263,District-Zunheboto,Rural,14,310,166,144,68,46,22,30,18,12,52,25,27,50,23,27,21,12,9,13,7,6,31,14,17,45,21,24
263,District-Zunheboto,Rural,15,443,227,216,91,55,36,68,38,30,79,39,40,70,37,33,42,16,26,28,11,17,19,6,13,46,25,21
263,District-Zunheboto,Rural,16,590,317,273,179,103,76,97,60,37,85,47,38,88,41,47,53,27,26,17,7,10,25,12,13,46,20,26
263,District-Zunheboto,Rural,17,621,321,300,180,95,85,126,69,57,107,55,52,73,31,42,50,29,21,27,13,14,21,9,12,37,20,17
263,District-Zunheboto,Rural,18,901,464,437,325,178,147,178,96,82,127,60,67,111,47,64,72,37,35,26,16,10,21,11,10,41,19,22
263,District-Zunheboto,Rural,19,835,465,370,293,163,130,180,102,78,134,77,57,93,51,42,55,24,31,27,17,10,16,8,8,37,23,14
263,District-Zunheboto,Urban,5-19,1535,794,741,122,95,27,91,52,39,7,3,4,373,191,182,26,15,11,17,6,11,2,1,1,897,431,466
263,District-Zunheboto,Urban,5,312,144,168,0,0,0,0,0,0,0,0,0,2,1,1,2,0,2,1,0,1,0,0,0,307,143,164
263,District-Zunheboto,Urban,6,229,114,115,0,0,0,0,0,0,0,0,0,2,2,0,0,0,0,0,0,0,0,0,0,227,112,115
263,District-Zunheboto,Urban,7,81,32,49,0,0,0,0,0,0,0,0,0,10,3,7,0,0,0,0,0,0,0,0,0,71,29,42
263,District-Zunheboto,Urban,8,45,28,17,0,0,0,0,0,0,0,0,0,10,5,5,2,2,0,0,0,0,0,0,0,33,21,12
263,District-Zunheboto,Urban,9,58,29,29,0,0,0,2,1,1,0,0,0,11,9,2,1,0,1,0,0,0,0,0,0,44,19,25
263,District-Zunheboto,Urban,10,64,34,30,0,0,0,0,0,0,0,0,0,13,8,5,0,0,0,2,0,2,0,0,0,49,26,23
263,District-Zunheboto,Urban,11,33,17,16,1,1,0,3,1,2,0,0,0,11,4,7,0,0,0,0,0,0,0,0,0,18,11,7
263,District-Zunheboto,Urban,12,43,20,23,9,5,4,1,0,1,0,0,0,16,7,9,1,1,0,0,0,0,0,0,0,16,7,9
263,District-Zunheboto,Urban,13,48,25,23,2,2,0,3,2,1,0,0,0,19,9,10,0,0,0,2,1,1,0,0,0,22,11,11
263,District-Zunheboto,Urban,14,51,29,22,3,2,1,3,2,1,0,0,0,23,14,9,2,1,1,0,0,0,0,0,0,20,10,10
263,District-Zunheboto,Urban,15,72,36,36,10,6,4,9,7,2,1,0,1,32,15,17,1,0,1,3,2,1,0,0,0,16,6,10
263,District-Zunheboto,Urban,16,97,50,47,11,9,2,10,5,5,0,0,0,47,22,25,4,1,3,2,1,1,1,1,0,22,11,11
263,District-Zunheboto,Urban,17,110,73,37,22,18,4,15,9,6,1,0,1,52,30,22,1,1,0,3,1,2,0,0,0,16,14,2
263,District-Zunheboto,Urban,18,146,76,70,25,21,4,26,12,14,2,1,1,61,30,31,8,5,3,2,0,2,1,0,1,21,7,14
263,District-Zunheboto,Urban,19,146,87,59,39,31,8,19,13,6,3,2,1,64,32,32,4,4,0,2,1,1,0,0,0,15,4,11
264,District-Wokha,Total,5-19,12367,6313,6054,2558,1379,1179,676,348,328,362,194,168,3286,1668,1618,589,288,301,120,55,65,49,24,25,4727,2357,2370
264,District-Wokha,Total,5,1655,825,830,0,0,0,0,0,0,0,0,0,17,11,6,15,7,8,10,4,6,4,2,2,1609,801,808
264,District-Wokha,Total,6,1247,653,594,1,1,0,0,0,0,0,0,0,25,9,16,13,4,9,3,3,0,3,3,0,1202,633,569
264,District-Wokha,Total,7,502,258,244,1,1,0,0,0,0,0,0,0,51,26,25,4,3,1,3,1,2,1,1,0,442,226,216
264,District-Wokha,Total,8,286,150,136,5,4,1,2,2,0,0,0,0,52,29,23,3,1,2,2,2,0,1,0,1,221,112,109
264,District-Wokha,Total,9,303,168,135,6,3,3,1,1,0,2,1,1,44,27,17,7,4,3,0,0,0,4,3,1,239,129,110
264,District-Wokha,Total,10,337,164,173,7,4,3,0,0,0,2,0,2,68,35,33,21,6,15,5,3,2,4,2,2,230,114,116
264,District-Wokha,Total,11,253,130,123,30,17,13,5,3,2,6,2,4,69,35,34,11,4,7,4,2,2,1,0,1,127,67,60
264,District-Wokha,Total,12,308,133,175,45,21,24,16,8,8,9,5,4,109,45,64,24,14,10,4,2,2,4,1,3,97,37,60
264,District-Wokha,Total,13,339,172,167,62,31,31,14,7,7,8,5,3,139,75,64,26,14,12,7,3,4,4,2,2,79,35,44
264,District-Wokha,Total,14,472,231,241,117,64,53,32,17,15,15,10,5,168,78,90,37,17,20,10,2,8,3,1,2,90,42,48
264,District-Wokha,Total,15,692,382,310,216,130,86,43,22,21,32,20,12,251,136,115,58,34,24,10,5,5,2,2,0,80,33,47
264,District-Wokha,Total,16,1068,547,521,316,171,145,100,55,45,57,34,23,386,188,198,91,48,43,14,7,7,6,2,4,98,42,56
264,District-Wokha,Total,17,1158,588,570,382,219,163,107,64,43,62,35,27,448,207,241,71,28,43,10,4,6,5,2,3,73,29,44
264,District-Wokha,Total,18,2040,1044,996,730,383,347,203,95,108,77,44,33,799,415,384,126,67,59,21,8,13,6,3,3,78,29,49
264,District-Wokha,Total,19,1707,868,839,640,330,310,153,74,79,92,38,54,660,352,308,82,37,45,17,9,8,1,0,1,62,28,34
264,District-Wokha,Rural,5-19,10859,5531,5328,2362,1241,1121,591,294,297,343,181,162,2871,1473,1398,535,261,274,107,49,58,45,23,22,4005,2009,1996
264,District-Wokha,Rural,5,1399,697,702,0,0,0,0,0,0,0,0,0,16,10,6,14,7,7,9,4,5,4,2,2,1356,674,682
264,District-Wokha,Rural,6,1050,554,496,1,1,0,0,0,0,0,0,0,20,7,13,11,3,8,3,3,0,3,3,0,1012,537,475
264,District-Wokha,Rural,7,443,229,214,1,1,0,0,0,0,0,0,0,39,20,19,4,3,1,2,1,1,1,1,0,396,203,193
264,District-Wokha,Rural,8,259,137,122,5,4,1,1,1,0,0,0,0,47,26,21,2,1,1,2,2,0,1,0,1,201,103,98
264,District-Wokha,Rural,9,248,139,109,5,3,2,1,1,0,2,1,1,32,19,13,6,4,2,0,0,0,4,3,1,198,108,90
264,District-Wokha,Rural,10,293,144,149,6,3,3,0,0,0,2,0,2,59,30,29,20,5,15,5,3,2,4,2,2,197,101,96
264,District-Wokha,Rural,11,225,116,109,27,15,12,4,3,1,6,2,4,59,31,28,9,3,6,4,2,2,1,0,1,115,60,55
264,District-Wokha,Rural,12,270,118,152,44,21,23,15,8,7,8,4,4,89,38,51,21,11,10,4,2,2,4,1,3,85,33,52
264,District-Wokha,Rural,13,298,151,147,59,31,28,11,5,6,8,5,3,115,62,53,26,14,12,6,2,4,4,2,2,69,30,39
264,District-Wokha,Rural,14,422,206,216,111,59,52,28,16,12,14,9,5,143,65,78,33,15,18,8,2,6,3,1,2,82,39,43
264,District-Wokha,Rural,15,602,330,272,195,111,84,36,18,18,30,18,12,224,124,100,49,31,18,8,4,4,2,2,0,58,22,36
264,District-Wokha,Rural,16,958,489,469,290,154,136,93,49,44,56,33,23,342,169,173,83,44,39,13,6,7,5,2,3,76,32,44
264,District-Wokha,Rural,17,1039,525,514,349,196,153,95,57,38,59,32,27,407,188,219,63,24,39,9,3,6,4,2,2,53,23,30
264,District-Wokha,Rural,18,1852,954,898,687,353,334,177,79,98,74,44,30,708,378,330,120,65,55,20,8,12,4,2,2,62,25,37
264,District-Wokha,Rural,19,1501,742,759,582,289,293,130,57,73,84,33,51,571,306,265,74,31,43,14,7,7,1,0,1,45,19,26
264,District-Wokha,Urban,5-19,1508,782,726,196,138,58,85,54,31,19,13,6,415,195,220,54,27,27,13,6,7,4,1,3,722,348,374
264,District-Wokha,Urban,5,256,128,128,0,0,0,0,0,0,0,0,0,1,1,0,1,0,1,1,0,1,0,0,0,253,127,126
264,District-Wokha,Urban,6,197,99,98,0,0,0,0,0,0,0,0,0,5,2,3,2,1,1,0,0,0,0,0,0,190,96,94
264,District-Wokha,Urban,7,59,29,30,0,0,0,0,0,0,0,0,0,12,6,6,0,0,0,1,0,1,0,0,0,46,23,23
264,District-Wokha,Urban,8,27,13,14,0,0,0,1,1,0,0,0,0,5,3,2,1,0,1,0,0,0,0,0,0,20,9,11
264,District-Wokha,Urban,9,55,29,26,1,0,1,0,0,0,0,0,0,12,8,4,1,0,1,0,0,0,0,0,0,41,21,20
264,District-Wokha,Urban,10,44,20,24,1,1,0,0,0,0,0,0,0,9,5,4,1,1,0,0,0,0,0,0,0,33,13,20
264,District-Wokha,Urban,11,28,14,14,3,2,1,1,0,1,0,0,0,10,4,6,2,1,1,0,0,0,0,0,0,12,7,5
264,District-Wokha,Urban,12,38,15,23,1,0,1,1,0,1,1,1,0,20,7,13,3,3,0,0,0,0,0,0,0,12,4,8
264,District-Wokha,Urban,13,41,21,20,3,0,3,3,2,1,0,0,0,24,13,11,0,0,0,1,1,0,0,0,0,10,5,5
264,District-Wokha,Urban,14,50,25,25,6,5,1,4,1,3,1,1,0,25,13,12,4,2,2,2,0,2,0,0,0,8,3,5
264,District-Wokha,Urban,15,90,52,38,21,19,2,7,4,3,2,2,0,27,12,15,9,3,6,2,1,1,0,0,0,22,11,11
264,District-Wokha,Urban,16,110,58,52,26,17,9,7,6,1,1,1,0,44,19,25,8,4,4,1,1,0,1,0,1,22,10,12
264,District-Wokha,Urban,17,119,63,56,33,23,10,12,7,5,3,3,0,41,19,22,8,4,4,1,1,0,1,0,1,20,6,14
264,District-Wokha,Urban,18,188,90,98,43,30,13,26,16,10,3,0,3,91,37,54,6,2,4,1,0,1,2,1,1,16,4,12
264,District-Wokha,Urban,19,206,126,80,58,41,17,23,17,6,8,5,3,89,46,43,8,6,2,3,2,1,0,0,0,17,9,8
265,District-Dimapur ,Total,5-19,25042,12545,12497,3111,2209,902,1132,606,526,391,185,206,5534,2390,3144,1404,856,548,724,339,385,235,114,121,12511,5846,6665
265,District-Dimapur ,Total,5,3162,1589,1573,1,1,0,2,1,1,0,0,0,60,30,30,13,3,10,16,8,8,3,1,2,3067,1545,1522
265,District-Dimapur ,Total,6,2501,1264,1237,1,1,0,2,1,1,0,0,0,57,34,23,19,7,12,13,5,8,5,0,5,2404,1216,1188
265,District-Dimapur ,Total,7,1408,728,680,5,4,1,2,2,0,2,0,2,79,41,38,15,11,4,10,5,5,7,6,1,1288,659,629
265,District-Dimapur ,Total,8,961,469,492,5,1,4,1,1,0,2,0,2,99,60,39,7,3,4,16,7,9,5,2,3,826,395,431
265,District-Dimapur ,Total,9,861,408,453,6,3,3,8,4,4,0,0,0,105,55,50,19,9,10,19,8,11,11,7,4,693,322,371
265,District-Dimapur ,Total,10,1018,511,507,7,5,2,9,4,5,2,2,0,142,80,62,24,14,10,29,16,13,15,10,5,790,380,410
265,District-Dimapur ,Total,11,866,398,468,33,22,11,19,7,12,7,4,3,154,81,73,37,21,16,31,15,16,17,9,8,568,239,329
265,District-Dimapur ,Total,12,1054,527,527,74,52,22,32,16,16,16,7,9,261,130,131,82,42,40,57,23,34,15,5,10,517,252,265
265,District-Dimapur ,Total,13,967,458,509,100,70,30,48,20,28,14,5,9,259,120,139,70,43,27,49,30,19,26,13,13,401,157,244
265,District-Dimapur ,Total,14,1118,547,571,141,93,48,82,48,34,26,11,15,330,143,187,91,55,36,73,33,40,21,8,13,354,156,198
265,District-Dimapur ,Total,15,1584,796,788,244,166,78,101,59,42,38,20,18,526,243,283,180,108,72,80,39,41,26,15,11,389,146,243
265,District-Dimapur ,Total,16,1733,896,837,351,266,85,138,77,61,56,24,32,604,264,340,170,107,63,86,42,44,20,10,10,308,106,202
265,District-Dimapur ,Total,17,1835,914,921,416,287,129,152,69,83,64,29,35,684,284,400,177,104,73,69,38,31,24,13,11,249,90,159
265,District-Dimapur ,Total,18,2966,1514,1452,795,558,237,261,145,116,86,43,43,1061,421,640,280,192,88,96,46,50,24,9,15,363,100,263
265,District-Dimapur ,Total,19,3008,1526,1482,932,680,252,275,152,123,78,40,38,1113,404,709,220,137,83,80,24,56,16,6,10,294,83,211
265,District-Dimapur ,Rural,5-19,14608,7318,7290,1653,1101,552,776,400,376,297,135,162,2709,1294,1415,922,507,415,506,222,284,171,70,101,7574,3589,3985
265,District-Dimapur ,Rural,5,1877,939,938,1,1,0,1,1,0,0,0,0,21,13,8,7,1,6,2,1,1,3,1,2,1842,921,921
265,District-Dimapur ,Rural,6,1491,768,723,1,1,0,2,1,1,0,0,0,15,7,8,12,3,9,4,2,2,5,0,5,1452,754,698
265,District-Dimapur ,Rural,7,929,472,457,2,1,1,1,1,0,2,0,2,42,22,20,5,4,1,8,5,3,7,6,1,862,433,429
265,District-Dimapur ,Rural,8,591,287,304,4,0,4,0,0,0,2,0,2,47,29,18,5,3,2,10,3,7,5,2,3,518,250,268
265,District-Dimapur ,Rural,9,540,251,289,5,2,3,4,2,2,0,0,0,56,29,27,9,4,5,13,4,9,8,4,4,445,206,239
265,District-Dimapur ,Rural,10,616,318,298,3,3,0,6,3,3,2,2,0,75,45,30,14,8,6,16,8,8,13,9,4,487,240,247
265,District-Dimapur ,Rural,11,552,248,304,20,11,9,13,4,9,5,2,3,90,51,39,26,13,13,20,9,11,16,8,8,362,150,212
265,District-Dimapur ,Rural,12,638,312,326,37,25,12,21,10,11,12,5,7,134,66,68,52,22,30,42,15,27,10,3,7,330,166,164
265,District-Dimapur ,Rural,13,547,250,297,39,23,16,33,11,22,10,2,8,118,63,55,43,23,20,40,24,16,22,10,12,242,94,148
265,District-Dimapur ,Rural,14,644,324,320,64,38,26,56,35,21,19,6,13,170,84,86,60,35,25,56,27,29,14,4,10,205,95,110
265,District-Dimapur ,Rural,15,937,451,486,137,80,57,70,37,33,28,14,14,284,131,153,127,67,60,63,31,32,19,11,8,209,80,129
265,District-Dimapur ,Rural,16,991,490,501,168,116,52,92,47,45,42,18,24,322,148,174,112,65,47,59,28,31,14,5,9,182,63,119
265,District-Dimapur ,Rural,17,1028,506,522,206,133,73,114,47,67,54,26,28,345,167,178,125,64,61,46,23,23,14,5,9,124,41,83
265,District-Dimapur ,Rural,18,1619,831,788,436,276,160,182,99,83,68,35,33,482,220,262,181,112,69,71,31,40,11,1,10,188,57,131
265,District-Dimapur ,Rural,19,1608,871,737,530,391,139,181,102,79,53,25,28,508,219,289,144,83,61,56,11,45,10,1,9,126,39,87
265,District-Dimapur ,Urban,5-19,10434,5227,5207,1458,1108,350,356,206,150,94,50,44,2825,1096,1729,482,349,133,218,117,101,64,44,20,4937,2257,2680
265,District-Dimapur ,Urban,5,1285,650,635,0,0,0,1,0,1,0,0,0,39,17,22,6,2,4,14,7,7,0,0,0,1225,624,601
265,District-Dimapur ,Urban,6,1010,496,514,0,0,0,0,0,0,0,0,0,42,27,15,7,4,3,9,3,6,0,0,0,952,462,490
265,District-Dimapur ,Urban,7,479,256,223,3,3,0,1,1,0,0,0,0,37,19,18,10,7,3,2,0,2,0,0,0,426,226,200
265,District-Dimapur ,Urban,8,370,182,188,1,1,0,1,1,0,0,0,0,52,31,21,2,0,2,6,4,2,0,0,0,308,145,163
265,District-Dimapur ,Urban,9,321,157,164,1,1,0,4,2,2,0,0,0,49,26,23,10,5,5,6,4,2,3,3,0,248,116,132
265,District-Dimapur ,Urban,10,402,193,209,4,2,2,3,1,2,0,0,0,67,35,32,10,6,4,13,8,5,2,1,1,303,140,163
265,District-Dimapur ,Urban,11,314,150,164,13,11,2,6,3,3,2,2,0,64,30,34,11,8,3,11,6,5,1,1,0,206,89,117
265,District-Dimapur ,Urban,12,416,215,201,37,27,10,11,6,5,4,2,2,127,64,63,30,20,10,15,8,7,5,2,3,187,86,101
265,District-Dimapur ,Urban,13,420,208,212,61,47,14,15,9,6,4,3,1,141,57,84,27,20,7,9,6,3,4,3,1,159,63,96
265,District-Dimapur ,Urban,14,474,223,251,77,55,22,26,13,13,7,5,2,160,59,101,31,20,11,17,6,11,7,4,3,149,61,88
265,District-Dimapur ,Urban,15,647,345,302,107,86,21,31,22,9,10,6,4,242,112,130,53,41,12,17,8,9,7,4,3,180,66,114
265,District-Dimapur ,Urban,16,742,406,336,183,150,33,46,30,16,14,6,8,282,116,166,58,42,16,27,14,13,6,5,1,126,43,83
265,District-Dimapur ,Urban,17,807,408,399,210,154,56,38,22,16,10,3,7,339,117,222,52,40,12,23,15,8,10,8,2,125,49,76
265,District-Dimapur ,Urban,18,1347,683,664,359,282,77,79,46,33,18,8,10,579,201,378,99,80,19,25,15,10,13,8,5,175,43,132
265,District-Dimapur ,Urban,19,1400,655,745,402,289,113,94,50,44,25,15,10,605,185,420,76,54,22,24,13,11,6,5,1,168,44,124
266,District-Phek,Total,5-19,11396,5684,5712,2149,1081,1068,704,346,358,355,174,181,2261,1139,1122,803,356,447,228,90,138,132,67,65,4764,2431,2333
266,District-Phek,Total,5,1504,804,700,1,0,1,0,0,0,0,0,0,13,5,8,7,3,4,1,1,0,3,2,1,1479,793,686
266,District-Phek,Total,6,1125,570,555,1,1,0,0,0,0,0,0,0,19,10,9,12,6,6,3,3,0,6,5,1,1084,545,539
266,District-Phek,Total,7,520,276,244,1,0,1,1,0,1,0,0,0,42,19,23,6,5,1,2,1,1,2,1,1,466,250,216
266,District-Phek,Total,8,348,188,160,8,5,3,1,1,0,2,2,0,66,39,27,8,2,6,2,0,2,1,1,0,260,138,122
266,District-Phek,Total,9,388,203,185,4,3,1,3,1,2,6,4,2,76,47,29,12,9,3,0,0,0,1,1,0,286,138,148
266,District-Phek,Total,10,394,193,201,6,3,3,3,2,1,7,3,4,80,41,39,9,3,6,7,0,7,7,3,4,275,138,137
266,District-Phek,Total,11,344,167,177,29,13,16,5,1,4,9,6,3,77,41,36,28,9,19,5,3,2,9,4,5,182,90,92
266,District-Phek,Total,12,384,185,199,42,24,18,12,6,6,12,6,6,100,40,60,47,24,23,13,3,10,17,8,9,141,74,67
266,District-Phek,Total,13,344,157,187,52,31,21,16,5,11,15,7,8,107,46,61,29,14,15,11,3,8,12,6,6,102,45,57
266,District-Phek,Total,14,541,266,275,110,54,56,39,21,18,22,10,12,174,99,75,66,20,46,17,7,10,10,5,5,103,50,53
266,District-Phek,Total,15,746,367,379,195,94,101,61,32,29,41,20,21,232,116,116,90,47,43,23,7,16,8,6,2,96,45,51
266,District-Phek,Total,16,893,429,464,276,139,137,94,46,48,48,22,26,258,138,120,90,40,50,26,11,15,15,3,12,86,30,56
266,District-Phek,Total,17,978,497,481,333,180,153,111,60,51,45,25,20,270,137,133,103,45,58,38,13,25,9,2,7,69,35,34
266,District-Phek,Total,18,1545,745,800,585,292,293,200,101,99,74,34,40,401,185,216,145,65,80,45,21,24,19,14,5,76,33,43
266,District-Phek,Total,19,1342,637,705,506,242,264,158,70,88,74,35,39,346,176,170,151,64,87,35,17,18,13,6,7,59,27,32
266,District-Phek,Rural,5-19,10433,5184,5249,2023,999,1024,656,324,332,346,169,177,1918,980,938,772,337,435,217,85,132,131,66,65,4370,2224,2146
266,District-Phek,Rural,5,1386,739,647,1,0,1,0,0,0,0,0,0,11,4,7,7,3,4,1,1,0,3,2,1,1363,729,634
266,District-Phek,Rural,6,1035,526,509,1,1,0,0,0,0,0,0,0,16,8,8,12,6,6,2,2,0,6,5,1,998,504,494
266,District-Phek,Rural,7,493,262,231,0,0,0,1,0,1,0,0,0,40,17,23,6,5,1,2,1,1,2,1,1,442,238,204
266,District-Phek,Rural,8,329,176,153,7,4,3,1,1,0,2,2,0,63,38,25,8,2,6,2,0,2,1,1,0,245,128,117
266,District-Phek,Rural,9,346,182,164,4,3,1,2,1,1,6,4,2,71,44,27,12,9,3,0,0,0,1,1,0,250,120,130
266,District-Phek,Rural,10,366,178,188,6,3,3,3,2,1,7,3,4,70,36,34,9,3,6,7,0,7,7,3,4,257,128,129
266,District-Phek,Rural,11,317,154,163,27,11,16,4,1,3,9,6,3,67,36,31,28,9,19,5,3,2,9,4,5,168,84,84
266,District-Phek,Rural,12,356,168,188,38,21,17,12,6,6,12,6,6,89,34,55,46,23,23,12,3,9,17,8,9,130,67,63
266,District-Phek,Rural,13,311,142,169,47,27,20,14,5,9,15,7,8,92,40,52,28,14,14,11,3,8,12,6,6,92,40,52
266,District-Phek,Rural,14,499,239,260,104,50,54,36,18,18,22,10,12,155,87,68,64,19,45,16,6,10,10,5,5,92,44,48
266,District-Phek,Rural,15,676,330,346,185,87,98,58,30,28,40,19,21,197,100,97,84,44,40,21,5,16,8,6,2,83,39,44
266,District-Phek,Rural,16,810,383,427,260,130,130,86,39,47,47,21,26,215,117,98,87,37,50,23,10,13,15,3,12,77,26,51
266,District-Phek,Rural,17,891,452,439,318,169,149,103,57,46,44,24,20,223,116,107,98,43,55,37,13,24,9,2,7,59,28,31
266,District-Phek,Rural,18,1417,682,735,553,272,281,189,96,93,73,34,39,343,161,182,137,60,77,43,21,22,18,13,5,61,25,36
266,District-Phek,Rural,19,1201,571,630,472,221,251,147,68,79,69,33,36,266,142,124,146,60,86,35,17,18,13,6,7,53,24,29
266,District-Phek,Urban,5-19,963,500,463,126,82,44,48,22,26,9,5,4,343,159,184,31,19,12,11,5,6,1,1,0,394,207,187
266,District-Phek,Urban,5,118,65,53,0,0,0,0,0,0,0,0,0,2,1,1,0,0,0,0,0,0,0,0,0,116,64,52
266,District-Phek,Urban,6,90,44,46,0,0,0,0,0,0,0,0,0,3,2,1,0,0,0,1,1,0,0,0,0,86,41,45
266,District-Phek,Urban,7,27,14,13,1,0,1,0,0,0,0,0,0,2,2,0,0,0,0,0,0,0,0,0,0,24,12,12
266,District-Phek,Urban,8,19,12,7,1,1,0,0,0,0,0,0,0,3,1,2,0,0,0,0,0,0,0,0,0,15,10,5
266,District-Phek,Urban,9,42,21,21,0,0,0,1,0,1,0,0,0,5,3,2,0,0,0,0,0,0,0,0,0,36,18,18
266,District-Phek,Urban,10,28,15,13,0,0,0,0,0,0,0,0,0,10,5,5,0,0,0,0,0,0,0,0,0,18,10,8
266,District-Phek,Urban,11,27,13,14,2,2,0,1,0,1,0,0,0,10,5,5,0,0,0,0,0,0,0,0,0,14,6,8
266,District-Phek,Urban,12,28,17,11,4,3,1,0,0,0,0,0,0,11,6,5,1,1,0,1,0,1,0,0,0,11,7,4
266,District-Phek,Urban,13,33,15,18,5,4,1,2,0,2,0,0,0,15,6,9,1,0,1,0,0,0,0,0,0,10,5,5
266,District-Phek,Urban,14,42,27,15,6,4,2,3,3,0,0,0,0,19,12,7,2,1,1,1,1,0,0,0,0,11,6,5
266,District-Phek,Urban,15,70,37,33,10,7,3,3,2,1,1,1,0,35,16,19,6,3,3,2,2,0,0,0,0,13,6,7
266,District-Phek,Urban,16,83,46,37,16,9,7,8,7,1,1,1,0,43,21,22,3,3,0,3,1,2,0,0,0,9,4,5
266,District-Phek,Urban,17,87,45,42,15,11,4,8,3,5,1,1,0,47,21,26,5,2,3,1,0,1,0,0,0,10,7,3
266,District-Phek,Urban,18,128,63,65,32,20,12,11,5,6,1,0,1,58,24,34,8,5,3,2,0,2,1,1,0,15,8,7
266,District-Phek,Urban,19,141,66,75,34,21,13,11,2,9,5,2,3,80,34,46,5,4,1,0,0,0,0,0,0,6,3,3
267,District-Tuensang,Total,5-19,25999,13542,12457,3474,1924,1550,1158,573,585,710,384,326,2857,1464,1393,1892,997,895,617,323,294,633,322,311,14658,7555,7103
267,District-Tuensang,Total,5,3929,2061,1868,2,2,0,0,0,0,1,1,0,14,10,4,38,18,20,22,12,10,29,21,8,3823,1997,1826
267,District-Tuensang,Total,6,3364,1741,1623,3,3,0,1,0,1,3,2,1,24,14,10,31,18,13,39,21,18,38,19,19,3225,1664,1561
267,District-Tuensang,Total,7,2033,1061,972,13,9,4,4,2,2,6,3,3,71,41,30,27,12,15,30,19,11,65,33,32,1817,942,875
267,District-Tuensang,Total,8,1383,688,695,8,6,2,11,8,3,9,5,4,67,33,34,32,18,14,37,19,18,51,21,30,1168,578,590
267,District-Tuensang,Total,9,1246,617,629,11,7,4,11,8,3,21,11,10,85,46,39,47,25,22,29,12,17,50,23,27,992,485,507
267,District-Tuensang,Total,10,1389,704,685,26,13,13,18,9,9,15,7,8,127,64,63,49,23,26,45,24,21,62,35,27,1047,529,518
267,District-Tuensang,Total,11,1016,512,504,55,29,26,25,11,14,26,13,13,132,62,70,82,41,41,31,18,13,61,30,31,604,308,296
267,District-Tuensang,Total,12,1008,512,496,95,51,44,41,19,22,33,17,16,157,87,70,100,50,50,48,30,18,56,25,31,478,233,245
267,District-Tuensang,Total,13,907,522,385,124,69,55,46,31,15,48,26,22,167,100,67,117,72,45,42,19,23,43,24,19,320,181,139
267,District-Tuensang,Total,14,1000,549,451,201,129,72,73,43,30,62,22,40,184,104,80,156,72,84,45,24,21,43,22,21,236,133,103
267,District-Tuensang,Total,15,1462,781,681,401,222,179,125,68,57,83,48,35,292,141,151,208,116,92,56,27,29,39,21,18,258,138,120
267,District-Tuensang,Total,16,1495,825,670,426,241,185,153,75,78,91,55,36,287,147,140,227,145,82,49,23,26,31,12,19,231,127,104
267,District-Tuensang,Total,17,1671,892,779,564,312,252,188,87,101,91,54,37,383,193,190,225,114,111,52,30,22,22,16,6,146,86,60
267,District-Tuensang,Total,18,2167,1094,1073,813,428,385,237,102,135,145,76,69,442,213,229,282,146,136,56,28,28,16,9,7,176,92,84
267,District-Tuensang,Total,19,1929,983,946,732,403,329,225,110,115,76,44,32,425,209,216,271,127,144,36,17,19,27,11,16,137,62,75
267,District-Tuensang,Rural,5-19,23522,12249,11273,3283,1787,1496,1030,505,525,677,371,306,2298,1200,1098,1828,957,871,584,306,278,620,315,305,13202,6808,6394
267,District-Tuensang,Rural,5,3395,1796,1599,2,2,0,0,0,0,1,1,0,12,9,3,24,11,13,15,7,8,28,20,8,3313,1746,1567
267,District-Tuensang,Rural,6,2925,1519,1406,3,3,0,1,0,1,3,2,1,21,13,8,22,13,9,34,19,15,38,19,19,2803,1450,1353
267,District-Tuensang,Rural,7,1867,959,908,10,7,3,3,2,1,6,3,3,56,35,21,22,8,14,28,19,9,65,33,32,1677,852,825
267,District-Tuensang,Rural,8,1307,651,656,7,5,2,11,8,3,9,5,4,53,25,28,31,18,13,35,18,17,51,21,30,1110,551,559
267,District-Tuensang,Rural,9,1161,571,590,10,6,4,11,8,3,21,11,10,70,38,32,46,25,21,29,12,17,49,23,26,925,448,477
267,District-Tuensang,Rural,10,1313,663,650,26,13,13,17,8,9,14,6,8,110,53,57,49,23,26,44,23,21,62,35,27,991,502,489
267,District-Tuensang,Rural,11,938,478,460,52,29,23,21,9,12,25,13,12,117,56,61,79,39,40,30,18,12,58,30,28,556,284,272
267,District-Tuensang,Rural,12,940,482,458,86,47,39,36,17,19,30,16,14,132,74,58,100,50,50,46,29,17,55,24,31,455,225,230
267,District-Tuensang,Rural,13,844,482,362,119,66,53,37,24,13,47,25,22,139,82,57,114,69,45,40,19,21,42,24,18,306,173,133
267,District-Tuensang,Rural,14,919,511,408,190,121,69,61,36,25,57,21,36,156,94,62,152,70,82,45,24,21,41,20,21,217,125,92
267,District-Tuensang,Rural,15,1349,724,625,379,207,172,115,63,52,81,48,33,239,119,120,207,115,92,55,27,28,37,20,17,236,125,111
267,District-Tuensang,Rural,16,1389,763,626,416,231,185,141,65,76,91,55,36,230,121,109,222,140,82,46,20,26,31,12,19,212,119,93
267,District-Tuensang,Rural,17,1501,799,702,535,289,246,166,77,89,85,50,35,307,161,146,218,110,108,48,27,21,22,16,6,120,69,51
267,District-Tuensang,Rural,18,1957,983,974,758,391,367,212,93,119,136,71,65,341,167,174,276,142,134,54,27,27,15,8,7,165,84,81
267,District-Tuensang,Rural,19,1717,868,849,690,370,320,198,95,103,71,44,27,315,153,162,266,124,142,35,17,18,26,10,16,116,55,61
267,District-Tuensang,Urban,5-19,2477,1293,1184,191,137,54,128,68,60,33,13,20,559,264,295,64,40,24,33,17,16,13,7,6,1456,747,709
267,District-Tuensang,Urban,5,534,265,269,0,0,0,0,0,0,0,0,0,2,1,1,14,7,7,7,5,2,1,1,0,510,251,259
267,District-Tuensang,Urban,6,439,222,217,0,0,0,0,0,0,0,0,0,3,1,2,9,5,4,5,2,3,0,0,0,422,214,208
267,District-Tuensang,Urban,7,166,102,64,3,2,1,1,0,1,0,0,0,15,6,9,5,4,1,2,0,2,0,0,0,140,90,50
267,District-Tuensang,Urban,8,76,37,39,1,1,0,0,0,0,0,0,0,14,8,6,1,0,1,2,1,1,0,0,0,58,27,31
267,District-Tuensang,Urban,9,85,46,39,1,1,0,0,0,0,0,0,0,15,8,7,1,0,1,0,0,0,1,0,1,67,37,30
267,District-Tuensang,Urban,10,76,41,35,0,0,0,1,1,0,1,1,0,17,11,6,0,0,0,1,1,0,0,0,0,56,27,29
267,District-Tuensang,Urban,11,78,34,44,3,0,3,4,2,2,1,0,1,15,6,9,3,2,1,1,0,1,3,0,3,48,24,24
267,District-Tuensang,Urban,12,68,30,38,9,4,5,5,2,3,3,1,2,25,13,12,0,0,0,2,1,1,1,1,0,23,8,15
267,District-Tuensang,Urban,13,63,40,23,5,3,2,9,7,2,1,1,0,28,18,10,3,3,0,2,0,2,1,0,1,14,8,6
267,District-Tuensang,Urban,14,81,38,43,11,8,3,12,7,5,5,1,4,28,10,18,4,2,2,0,0,0,2,2,0,19,8,11
267,District-Tuensang,Urban,15,113,57,56,22,15,7,10,5,5,2,0,2,53,22,31,1,1,0,1,0,1,2,1,1,22,13,9
267,District-Tuensang,Urban,16,106,62,44,10,10,0,12,10,2,0,0,0,57,26,31,5,5,0,3,3,0,0,0,0,19,8,11
267,District-Tuensang,Urban,17,170,93,77,29,23,6,22,10,12,6,4,2,76,32,44,7,4,3,4,3,1,0,0,0,26,17,9
267,District-Tuensang,Urban,18,210,111,99,55,37,18,25,9,16,9,5,4,101,46,55,6,4,2,2,1,1,1,1,0,11,8,3
267,District-Tuensang,Urban,19,212,115,97,42,33,9,27,15,12,5,0,5,110,56,54,5,3,2,1,0,1,1,1,0,21,7,14
268,District-Longleng,Total,5-19,5080,2754,2326,726,387,339,253,121,132,226,121,105,358,182,176,390,213,177,169,92,77,310,164,146,2648,1474,1174
268,District-Longleng,Total,5,863,480,383,0,0,0,1,0,1,0,0,0,5,1,4,6,3,3,5,3,2,16,10,6,830,463,367
268,District-Longleng,Total,6,666,355,311,1,0,1,1,0,1,1,0,1,7,1,6,10,6,4,11,6,5,18,10,8,617,332,285
268,District-Longleng,Total,7,394,201,193,1,1,0,0,0,0,1,0,1,31,13,18,6,1,5,5,2,3,14,8,6,336,176,160
268,District-Longleng,Total,8,258,142,116,1,0,1,4,3,1,0,0,0,22,11,11,8,7,1,3,0,3,24,10,14,196,111,85
268,District-Longleng,Total,9,212,122,90,1,1,0,1,0,1,4,1,3,20,12,8,9,3,6,5,3,2,21,12,9,151,90,61
268,District-Longleng,Total,10,235,123,112,6,1,5,4,0,4,17,10,7,11,6,5,13,4,9,13,7,6,30,14,16,141,81,60
268,District-Longleng,Total,11,198,114,84,14,8,6,13,5,8,7,4,3,15,8,7,10,9,1,12,6,6,31,17,14,96,57,39
268,District-Longleng,Total,12,192,100,92,22,13,9,10,1,9,17,11,6,25,11,14,11,7,4,11,5,6,23,11,12,73,41,32
268,District-Longleng,Total,13,196,120,76,22,14,8,15,8,7,23,14,9,16,10,6,22,11,11,17,10,7,21,13,8,60,40,20
268,District-Longleng,Total,14,250,148,102,38,25,13,23,13,10,20,11,9,20,15,5,31,14,17,24,12,12,40,30,10,54,28,26
268,District-Longleng,Total,15,240,127,113,60,32,28,27,13,14,18,5,13,22,13,9,44,27,17,14,6,8,20,9,11,35,22,13
268,District-Longleng,Total,16,281,158,123,89,44,45,30,19,11,29,17,12,40,22,18,47,29,18,15,11,4,12,5,7,19,11,8
268,District-Longleng,Total,17,295,164,131,105,62,43,39,19,20,31,14,17,35,19,16,45,29,16,12,8,4,14,7,7,14,6,8
268,District-Longleng,Total,18,419,219,200,194,109,85,45,25,20,30,15,15,47,20,27,66,31,35,9,7,2,15,5,10,13,7,6
268,District-Longleng,Total,19,381,181,200,172,77,95,40,15,25,28,19,9,42,20,22,62,32,30,13,6,7,11,3,8,13,9,4
268,District-Longleng,Rural,5-19,4553,2482,2071,690,358,332,233,109,124,221,118,103,224,114,110,384,207,177,161,89,72,309,164,145,2331,1323,1008
268,District-Longleng,Rural,5,736,425,311,0,0,0,1,0,1,0,0,0,5,1,4,6,3,3,4,3,1,16,10,6,704,408,296
268,District-Longleng,Rural,6,564,304,260,1,0,1,1,0,1,1,0,1,7,1,6,10,6,4,11,6,5,18,10,8,515,281,234
268,District-Longleng,Rural,7,363,192,171,1,1,0,0,0,0,1,0,1,25,12,13,6,1,5,5,2,3,14,8,6,311,168,143
268,District-Longleng,Rural,8,248,137,111,1,0,1,4,3,1,0,0,0,19,10,9,8,7,1,3,0,3,24,10,14,189,107,82
268,District-Longleng,Rural,9,202,116,86,1,1,0,1,0,1,4,1,3,17,9,8,9,3,6,5,3,2,21,12,9,144,87,57
268,District-Longleng,Rural,10,225,117,108,6,1,5,3,0,3,17,10,7,9,5,4,13,4,9,13,7,6,30,14,16,134,76,58
268,District-Longleng,Rural,11,190,113,77,14,8,6,13,5,8,7,4,3,13,8,5,10,9,1,12,6,6,31,17,14,90,56,34
268,District-Longleng,Rural,12,176,90,86,21,12,9,9,1,8,16,10,6,19,9,10,11,7,4,11,5,6,23,11,12,66,35,31
268,District-Longleng,Rural,13,180,108,72,19,11,8,14,7,7,23,14,9,8,5,3,22,11,11,17,10,7,21,13,8,56,37,19
268,District-Longleng,Rural,14,223,133,90,37,24,13,21,12,9,20,11,9,8,8,0,31,14,17,21,10,11,40,30,10,45,24,21
268,District-Longleng,Rural,15,210,108,102,58,30,28,25,12,13,17,5,12,8,4,4,42,25,17,12,6,6,20,9,11,28,17,11
268,District-Longleng,Rural,16,255,142,113,87,43,44,28,17,11,28,16,12,20,10,10,47,29,18,15,11,4,12,5,7,18,11,7
268,District-Longleng,Rural,17,265,144,121,99,56,43,36,16,20,29,13,16,19,11,8,45,29,16,12,8,4,14,7,7,11,4,7
268,District-Longleng,Rural,18,380,198,182,184,102,82,41,22,19,30,15,15,27,12,15,64,29,35,9,7,2,14,5,9,11,6,5
268,District-Longleng,Rural,19,336,155,181,161,69,92,36,14,22,28,19,9,20,9,11,60,30,30,11,5,6,11,3,8,9,6,3
268,District-Longleng,Urban,5-19,527,272,255,36,29,7,20,12,8,5,3,2,134,68,66,6,6,0,8,3,5,1,0,1,317,151,166
268,District-Longleng,Urban,5,127,55,72,0,0,0,0,0,0,0,0,0,0,0,0,0,0,0,1,0,1,0,0,0,126,55,71
268,District-Longleng,Urban,6,102,51,51,0,0,0,0,0,0,0,0,0,0,0,0,0,0,0,0,0,0,0,0,0,102,51,51
268,District-Longleng,Urban,7,31,9,22,0,0,0,0,0,0,0,0,0,6,1,5,0,0,0,0,0,0,0,0,0,25,8,17
268,District-Longleng,Urban,8,10,5,5,0,0,0,0,0,0,0,0,0,3,1,2,0,0,0,0,0,0,0,0,0,7,4,3
268,District-Longleng,Urban,9,10,6,4,0,0,0,0,0,0,0,0,0,3,3,0,0,0,0,0,0,0,0,0,0,7,3,4
268,District-Longleng,Urban,10,10,6,4,0,0,0,1,0,1,0,0,0,2,1,1,0,0,0,0,0,0,0,0,0,7,5,2
268,District-Longleng,Urban,11,8,1,7,0,0,0,0,0,0,0,0,0,2,0,2,0,0,0,0,0,0,0,0,0,6,1,5
268,District-Longleng,Urban,12,16,10,6,1,1,0,1,0,1,1,1,0,6,2,4,0,0,0,0,0,0,0,0,0,7,6,1
268,District-Longleng,Urban,13,16,12,4,3,3,0,1,1,0,0,0,0,8,5,3,0,0,0,0,0,0,0,0,0,4,3,1
268,District-Longleng,Urban,14,27,15,12,1,1,0,2,1,1,0,0,0,12,7,5,0,0,0,3,2,1,0,0,0,9,4,5
268,District-Longleng,Urban,15,30,19,11,2,2,0,2,1,1,1,0,1,14,9,5,2,2,0,2,0,2,0,0,0,7,5,2
268,District-Longleng,Urban,16,26,16,10,2,1,1,2,2,0,1,1,0,20,12,8,0,0,0,0,0,0,0,0,0,1,0,1
268,District-Longleng,Urban,17,30,20,10,6,6,0,3,3,0,2,1,1,16,8,8,0,0,0,0,0,0,0,0,0,3,2,1
268,District-Longleng,Urban,18,39,21,18,10,7,3,4,3,1,0,0,0,20,8,12,2,2,0,0,0,0,1,0,1,2,1,1
268,District-Longleng,Urban,19,45,26,19,11,8,3,4,1,3,0,0,0,22,11,11,2,2,0,2,1,1,0,0,0,4,3,1
269,District-Kiphire,Total,5-19,9867,4968,4899,1009,505,504,513,270,243,153,77,76,1654,843,811,783,348,435,326,156,170,85,37,48,5344,2732,2612
269,District-Kiphire,Total,5,1454,760,694,1,0,1,1,0,1,2,1,1,8,5,3,11,7,4,13,5,8,2,0,2,1416,742,674
269,District-Kiphire,Total,6,1206,611,595,0,0,0,0,0,0,1,1,0,20,9,11,11,6,5,10,4,6,6,4,2,1158,587,571
269,District-Kiphire,Total,7,622,340,282,2,0,2,0,0,0,1,0,1,30,18,12,10,3,7,15,12,3,5,4,1,559,303,256
269,District-Kiphire,Total,8,478,237,241,0,0,0,1,0,1,2,1,1,45,18,27,14,9,5,13,8,5,5,4,1,398,197,201
269,District-Kiphire,Total,9,422,210,212,4,1,3,1,0,1,0,0,0,41,23,18,16,11,5,13,3,10,6,2,4,341,170,171
269,District-Kiphire,Total,10,429,224,205,4,3,1,1,1,0,2,2,0,70,39,31,19,10,9,15,10,5,1,1,0,317,158,159
269,District-Kiphire,Total,11,361,178,183,12,9,3,4,3,1,0,0,0,80,38,42,24,8,16,18,11,7,6,4,2,217,105,112
269,District-Kiphire,Total,12,392,192,200,18,8,10,17,7,10,10,4,6,131,71,60,30,11,19,18,7,11,6,1,5,162,83,79
269,District-Kiphire,Total,13,374,200,174,27,15,12,15,8,7,5,1,4,115,63,52,41,21,20,12,6,6,6,3,3,153,83,70
269,District-Kiphire,Total,14,424,232,192,38,23,15,31,16,15,9,6,3,141,75,66,57,27,30,24,16,8,8,5,3,116,64,52
269,District-Kiphire,Total,15,628,301,327,80,42,38,68,39,29,23,14,9,197,96,101,80,32,48,29,10,19,12,5,7,139,63,76
269,District-Kiphire,Total,16,658,324,334,133,70,63,74,32,42,21,12,9,208,105,103,77,33,44,33,16,17,4,2,2,108,54,54
269,District-Kiphire,Total,17,662,337,325,153,78,75,88,48,40,27,10,17,183,94,89,98,49,49,29,15,14,7,1,6,77,42,35
269,District-Kiphire,Total,18,942,454,488,251,120,131,115,65,50,26,16,10,223,113,110,147,61,86,56,19,37,7,1,6,117,59,58
269,District-Kiphire,Total,19,815,368,447,286,136,150,97,51,46,24,9,15,162,76,86,148,60,88,28,14,14,4,0,4,66,22,44
269,District-Kiphire,Rural,5-19,8661,4356,4305,934,460,474,459,240,219,146,75,71,1315,684,631,761,334,427,299,142,157,82,37,45,4665,2384,2281
269,District-Kiphire,Rural,5,1256,657,599,0,0,0,1,0,1,2,1,1,5,3,2,11,7,4,10,4,6,2,0,2,1225,642,583
269,District-Kiphire,Rural,6,1024,519,505,0,0,0,0,0,0,1,1,0,18,8,10,10,5,5,8,4,4,5,4,1,982,497,485
269,District-Kiphire,Rural,7,552,303,249,1,0,1,0,0,0,1,0,1,24,14,10,10,3,7,13,11,2,5,4,1,498,271,227
269,District-Kiphire,Rural,8,428,212,216,0,0,0,1,0,1,2,1,1,39,15,24,14,9,5,13,8,5,5,4,1,354,175,179
269,District-Kiphire,Rural,9,376,184,192,4,1,3,1,0,1,0,0,0,35,19,16,15,10,5,11,2,9,6,2,4,304,150,154
269,District-Kiphire,Rural,10,389,205,184,4,3,1,1,1,0,2,2,0,58,33,25,18,10,8,15,10,5,1,1,0,290,145,145
269,District-Kiphire,Rural,11,329,162,167,12,9,3,4,3,1,0,0,0,71,35,36,23,7,16,16,10,6,6,4,2,197,94,103
269,District-Kiphire,Rural,12,356,171,185,17,8,9,16,6,10,9,3,6,114,61,53,30,11,19,17,6,11,6,1,5,147,75,72
269,District-Kiphire,Rural,13,329,179,150,23,13,10,14,7,7,4,1,3,93,54,39,41,21,20,11,5,6,6,3,3,137,75,62
269,District-Kiphire,Rural,14,378,204,174,33,19,14,29,14,15,9,6,3,116,62,54,56,26,30,23,15,8,8,5,3,104,57,47
269,District-Kiphire,Rural,15,556,274,282,76,41,35,62,38,24,23,14,9,159,81,78,78,32,46,25,9,16,11,5,6,122,54,68
269,District-Kiphire,Rural,16,579,290,289,126,66,60,64,27,37,19,11,8,166,91,75,74,31,43,31,15,16,4,2,2,95,47,48
269,District-Kiphire,Rural,17,577,297,280,146,72,74,76,42,34,26,10,16,136,75,61,97,48,49,28,14,14,7,1,6,61,35,26
269,District-Kiphire,Rural,18,822,391,431,229,108,121,107,59,48,25,16,9,170,84,86,141,58,83,52,17,35,7,1,6,91,48,43
269,District-Kiphire,Rural,19,710,308,402,263,120,143,83,43,40,23,9,14,111,49,62,143,56,87,26,12,14,3,0,3,58,19,39
269,District-Kiphire,Urban,5-19,1206,612,594,75,45,30,54,30,24,7,2,5,339,159,180,22,14,8,27,14,13,3,0,3,679,348,331
269,District-Kiphire,Urban,5,198,103,95,1,0,1,0,0,0,0,0,0,3,2,1,0,0,0,3,1,2,0,0,0,191,100,91
269,District-Kiphire,Urban,6,182,92,90,0,0,0,0,0,0,0,0,0,2,1,1,1,1,0,2,0,2,1,0,1,176,90,86
269,District-Kiphire,Urban,7,70,37,33,1,0,1,0,0,0,0,0,0,6,4,2,0,0,0,2,1,1,0,0,0,61,32,29
269,District-Kiphire,Urban,8,50,25,25,0,0,0,0,0,0,0,0,0,6,3,3,0,0,0,0,0,0,0,0,0,44,22,22
269,District-Kiphire,Urban,9,46,26,20,0,0,0,0,0,0,0,0,0,6,4,2,1,1,0,2,1,1,0,0,0,37,20,17
269,District-Kiphire,Urban,10,40,19,21,0,0,0,0,0,0,0,0,0,12,6,6,1,0,1,0,0,0,0,0,0,27,13,14
269,District-Kiphire,Urban,11,32,16,16,0,0,0,0,0,0,0,0,0,9,3,6,1,1,0,2,1,1,0,0,0,20,11,9
269,District-Kiphire,Urban,12,36,21,15,1,0,1,1,1,0,1,1,0,17,10,7,0,0,0,1,1,0,0,0,0,15,8,7
269,District-Kiphire,Urban,13,45,21,24,4,2,2,1,1,0,1,0,1,22,9,13,0,0,0,1,1,0,0,0,0,16,8,8
269,District-Kiphire,Urban,14,46,28,18,5,4,1,2,2,0,0,0,0,25,13,12,1,1,0,1,1,0,0,0,0,12,7,5
269,District-Kiphire,Urban,15,72,27,45,4,1,3,6,1,5,0,0,0,38,15,23,2,0,2,4,1,3,1,0,1,17,9,8
269,District-Kiphire,Urban,16,79,34,45,7,4,3,10,5,5,2,1,1,42,14,28,3,2,1,2,1,1,0,0,0,13,7,6
269,District-Kiphire,Urban,17,85,40,45,7,6,1,12,6,6,1,0,1,47,19,28,1,1,0,1,1,0,0,0,0,16,7,9
269,District-Kiphire,Urban,18,120,63,57,22,12,10,8,6,2,1,0,1,53,29,24,6,3,3,4,2,2,0,0,0,26,11,15
269,District-Kiphire,Urban,19,105,60,45,23,16,7,14,8,6,1,0,1,51,27,24,5,4,1,2,2,0,1,0,1,8,3,5
270,District-Kohima,Total,5-19,15750,8137,7613,2951,1831,1120,561,326,235,265,143,122,3688,1710,1978,935,535,400,270,162,108,109,52,57,6971,3378,3593
270,District-Kohima,Total,5,2087,1053,1034,1,1,0,1,1,0,0,0,0,23,13,10,12,5,7,15,8,7,1,1,0,2034,1024,1010
270,District-Kohima,Total,6,1635,792,843,2,1,1,2,1,1,0,0,0,24,12,12,7,3,4,6,5,1,7,3,4,1587,767,820
270,District-Kohima,Total,7,669,356,313,6,3,3,2,0,2,1,1,0,83,38,45,9,8,1,9,6,3,1,0,1,558,300,258
270,District-Kohima,Total,8,394,201,193,5,3,2,1,0,1,4,1,3,95,54,41,6,2,4,3,1,2,0,0,0,280,140,140
270,District-Kohima,Total,9,555,290,265,8,3,5,0,0,0,4,3,1,105,54,51,15,6,9,6,4,2,8,3,5,409,217,192
270,District-Kohima,Total,10,628,309,319,8,4,4,4,1,3,4,4,0,150,82,68,25,9,16,15,8,7,9,4,5,413,197,216
270,District-Kohima,Total,11,550,265,285,37,28,9,9,4,5,6,3,3,182,80,102,32,17,15,7,3,4,7,1,6,270,129,141
270,District-Kohima,Total,12,604,298,306,86,47,39,17,9,8,14,5,9,199,104,95,58,31,27,16,11,5,10,6,4,204,85,119
270,District-Kohima,Total,13,614,298,316,94,61,33,24,9,15,9,2,7,211,95,116,50,25,25,14,7,7,8,4,4,204,95,109
270,District-Kohima,Total,14,769,424,345,151,89,62,38,25,13,12,6,6,280,148,132,79,49,30,21,12,9,7,6,1,181,89,92
270,District-Kohima,Total,15,1021,547,474,247,160,87,50,35,15,37,20,17,325,153,172,111,58,53,34,24,10,13,7,6,204,90,114
270,District-Kohima,Total,16,1160,611,549,359,223,136,63,38,25,39,29,10,386,172,214,106,55,51,28,19,9,13,5,8,166,70,96
270,District-Kohima,Total,17,1351,707,644,464,293,171,86,47,39,35,21,14,446,191,255,108,64,44,34,17,17,8,2,6,170,72,98
270,District-Kohima,Total,18,1860,1013,847,738,474,264,129,86,43,45,20,25,591,246,345,169,112,57,32,20,12,12,7,5,144,48,96
270,District-Kohima,Total,19,1853,973,880,745,441,304,135,70,65,55,28,27,588,268,320,148,91,57,30,17,13,5,3,2,147,55,92
270,District-Kohima,Rural,5-19,8982,4569,4413,1830,969,861,383,210,173,189,90,99,1607,802,805,563,272,291,148,86,62,76,41,35,4186,2099,2087
270,District-Kohima,Rural,5,1401,718,683,1,1,0,1,1,0,0,0,0,16,8,8,10,5,5,12,8,4,1,1,0,1360,694,666
270,District-Kohima,Rural,6,1067,521,546,1,0,1,2,1,1,0,0,0,15,7,8,6,2,4,5,5,0,5,2,3,1033,504,529
270,District-Kohima,Rural,7,428,223,205,4,2,2,1,0,1,1,1,0,46,22,24,7,6,1,7,4,3,1,0,1,361,188,173
270,District-Kohima,Rural,8,248,126,122,1,0,1,1,0,1,4,1,3,57,35,22,4,0,4,2,1,1,0,0,0,179,89,90
270,District-Kohima,Rural,9,364,192,172,5,2,3,0,0,0,3,2,1,57,33,24,9,3,6,3,2,1,4,3,1,283,147,136
270,District-Kohima,Rural,10,383,193,190,5,3,2,1,0,1,3,3,0,78,48,30,18,6,12,6,2,4,5,3,2,267,128,139
270,District-Kohima,Rural,11,290,148,142,26,21,5,4,1,3,6,3,3,70,29,41,19,10,9,4,2,2,5,1,4,156,81,75
270,District-Kohima,Rural,12,322,162,160,56,24,32,6,3,3,11,3,8,102,60,42,31,13,18,9,6,3,9,6,3,98,47,51
270,District-Kohima,Rural,13,289,138,151,55,32,23,16,4,12,8,1,7,87,38,49,29,16,13,8,4,4,7,4,3,79,39,40
270,District-Kohima,Rural,14,380,213,167,87,47,40,26,19,7,9,3,6,118,59,59,48,31,17,9,5,4,5,5,0,78,44,34
270,District-Kohima,Rural,15,476,248,228,140,82,58,30,18,12,32,17,15,114,63,51,61,21,40,17,9,8,8,4,4,74,34,40
270,District-Kohima,Rural,16,561,288,273,215,111,104,42,27,15,20,17,3,143,67,76,62,24,38,17,12,5,8,3,5,54,27,27
270,District-Kohima,Rural,17,705,368,337,285,153,132,61,32,29,20,10,10,193,98,95,64,31,33,20,9,11,4,2,2,58,33,25
270,District-Kohima,Rural,18,1014,520,494,451,243,208,96,58,38,33,15,18,263,116,147,103,59,44,15,10,5,10,5,5,43,14,29
270,District-Kohima,Rural,19,1054,511,543,498,248,250,96,46,50,39,14,25,248,119,129,92,45,47,14,7,7,4,2,2,63,30,33
270,District-Kohima,Urban,5-19,6768,3568,3200,1121,862,259,178,116,62,76,53,23,2081,908,1173,372,263,109,122,76,46,33,11,22,2785,1279,1506
270,District-Kohima,Urban,5,686,335,351,0,0,0,0,0,0,0,0,0,7,5,2,2,0,2,3,0,3,0,0,0,674,330,344
270,District-Kohima,Urban,6,568,271,297,1,1,0,0,0,0,0,0,0,9,5,4,1,1,0,1,0,1,2,1,1,554,263,291
270,District-Kohima,Urban,7,241,133,108,2,1,1,1,0,1,0,0,0,37,16,21,2,2,0,2,2,0,0,0,0,197,112,85
270,District-Kohima,Urban,8,146,75,71,4,3,1,0,0,0,0,0,0,38,19,19,2,2,0,1,0,1,0,0,0,101,51,50
270,District-Kohima,Urban,9,191,98,93,3,1,2,0,0,0,1,1,0,48,21,27,6,3,3,3,2,1,4,0,4,126,70,56
270,District-Kohima,Urban,10,245,116,129,3,1,2,3,1,2,1,1,0,72,34,38,7,3,4,9,6,3,4,1,3,146,69,77
270,District-Kohima,Urban,11,260,117,143,11,7,4,5,3,2,0,0,0,112,51,61,13,7,6,3,1,2,2,0,2,114,48,66
270,District-Kohima,Urban,12,282,136,146,30,23,7,11,6,5,3,2,1,97,44,53,27,18,9,7,5,2,1,0,1,106,38,68
270,District-Kohima,Urban,13,325,160,165,39,29,10,8,5,3,1,1,0,124,57,67,21,9,12,6,3,3,1,0,1,125,56,69
270,District-Kohima,Urban,14,389,211,178,64,42,22,12,6,6,3,3,0,162,89,73,31,18,13,12,7,5,2,1,1,103,45,58
270,District-Kohima,Urban,15,545,299,246,107,78,29,20,17,3,5,3,2,211,90,121,50,37,13,17,15,2,5,3,2,130,56,74
270,District-Kohima,Urban,16,599,323,276,144,112,32,21,11,10,19,12,7,243,105,138,44,31,13,11,7,4,5,2,3,112,43,69
270,District-Kohima,Urban,17,646,339,307,179,140,39,25,15,10,15,11,4,253,93,160,44,33,11,14,8,6,4,0,4,112,39,73
270,District-Kohima,Urban,18,846,493,353,287,231,56,33,28,5,12,5,7,328,130,198,66,53,13,17,10,7,2,2,0,101,34,67
270,District-Kohima,Urban,19,799,462,337,247,193,54,39,24,15,16,14,2,340,149,191,56,46,10,16,10,6,1,1,0,84,25,59
271,District-Peren,Total,5-19,8682,4308,4374,1770,917,853,1330,672,658,737,345,392,515,255,260,748,372,376,367,147,220,289,148,141,2926,1452,1474
271,District-Peren,Total,5,968,482,486,1,0,1,0,0,0,0,0,0,5,3,2,12,6,6,14,5,9,12,3,9,924,465,459
271,District-Peren,Total,6,714,346,368,2,2,0,5,3,2,1,1,0,10,4,6,7,5,2,5,2,3,21,14,7,663,315,348
271,District-Peren,Total,7,370,184,186,2,1,1,1,0,1,2,1,1,21,12,9,7,4,3,11,5,6,25,15,10,301,146,155
271,District-Peren,Total,8,237,118,119,1,0,1,3,3,0,6,4,2,24,14,10,3,2,1,8,5,3,27,14,13,165,76,89
271,District-Peren,Total,9,303,164,139,2,1,1,5,2,3,7,2,5,22,13,9,17,11,6,15,9,6,20,9,11,215,117,98
271,District-Peren,Total,10,357,185,172,8,5,3,13,6,7,11,4,7,22,11,11,8,3,5,26,15,11,36,25,11,233,116,117
271,District-Peren,Total,11,286,143,143,22,13,9,22,12,10,26,13,13,25,12,13,22,9,13,22,13,9,19,8,11,128,63,65
271,District-Peren,Total,12,279,143,136,33,20,13,29,15,14,29,10,19,27,12,15,24,11,13,34,17,17,14,10,4,89,48,41
271,District-Peren,Total,13,311,148,163,45,23,22,47,18,29,32,13,19,31,20,11,52,24,28,28,11,17,18,9,9,58,30,28
271,District-Peren,Total,14,420,203,217,77,38,39,74,36,38,55,30,25,43,15,28,72,33,39,33,17,16,20,11,9,46,23,23
271,District-Peren,Total,15,605,300,305,152,80,72,142,76,66,74,34,40,53,26,27,84,46,38,39,9,30,28,8,20,33,21,12
271,District-Peren,Total,16,730,362,368,235,123,112,172,83,89,116,60,56,44,24,20,94,50,44,32,5,27,14,6,8,23,11,12
271,District-Peren,Total,17,835,402,433,298,147,151,231,125,106,104,36,68,60,32,28,91,44,47,27,7,20,8,4,4,16,7,9
271,District-Peren,Total,18,1233,597,636,456,221,235,327,160,167,159,81,78,72,30,42,142,76,66,42,13,29,15,7,8,20,9,11
271,District-Peren,Total,19,1034,531,503,436,243,193,259,133,126,115,56,59,56,27,29,113,48,65,31,14,17,12,5,7,12,5,7
271,District-Peren,Rural,5-19,7762,3903,3859,1664,855,809,1192,622,570,639,304,335,449,231,218,722,356,366,304,131,173,234,118,116,2558,1286,1272
271,District-Peren,Rural,5,826,420,406,1,0,1,0,0,0,0,0,0,4,2,2,12,6,6,13,5,8,9,2,7,787,405,382
271,District-Peren,Rural,6,616,302,314,2,2,0,5,3,2,1,1,0,10,4,6,7,5,2,5,2,3,17,11,6,569,274,295
271,District-Peren,Rural,7,319,163,156,1,0,1,0,0,0,0,0,0,16,10,6,7,4,3,10,5,5,19,12,7,266,132,134
271,District-Peren,Rural,8,210,101,109,1,0,1,3,3,0,6,4,2,18,10,8,3,2,1,8,5,3,20,10,10,151,67,84
271,District-Peren,Rural,9,261,144,117,1,0,1,4,2,2,6,2,4,18,12,6,17,11,6,13,9,4,14,4,10,188,104,84
271,District-Peren,Rural,10,310,164,146,8,5,3,11,5,6,9,3,6,19,11,8,8,3,5,21,13,8,31,22,9,203,102,101
271,District-Peren,Rural,11,260,132,128,20,12,8,20,12,8,22,11,11,21,11,10,22,9,13,20,13,7,17,6,11,118,58,60
271,District-Peren,Rural,12,252,131,121,31,18,13,26,15,11,27,9,18,23,10,13,22,11,11,25,14,11,13,9,4,85,45,40
271,District-Peren,Rural,13,269,131,138,41,21,20,35,14,21,27,12,15,28,18,10,51,23,28,21,9,12,15,7,8,51,27,24
271,District-Peren,Rural,14,373,185,188,72,37,35,66,32,34,45,27,18,36,12,24,68,31,37,26,14,12,17,10,7,43,22,21
271,District-Peren,Rural,15,555,277,278,140,73,67,129,71,58,66,30,36,51,25,26,81,43,38,32,7,25,25,8,17,31,20,11
271,District-Peren,Rural,16,654,327,327,224,116,108,153,77,76,93,48,45,40,22,18,89,47,42,28,5,23,7,3,4,20,9,11
271,District-Peren,Rural,17,771,379,392,282,138,144,211,118,93,90,32,58,54,29,25,91,44,47,22,7,15,7,4,3,14,7,7
271,District-Peren,Rural,18,1144,563,581,429,208,221,302,151,151,144,75,69,64,30,34,135,72,63,36,11,25,14,7,7,20,9,11
271,District-Peren,Rural,19,942,484,458,411,225,186,227,119,108,103,50,53,47,25,22,109,45,64,24,12,12,9,3,6,12,5,7
271,District-Peren,Urban,5-19,920,405,515,106,62,44,138,50,88,98,41,57,66,24,42,26,16,10,63,16,47,55,30,25,368,166,202
271,District-Peren,Urban,5,142,62,80,0,0,0,0,0,0,0,0,0,1,1,0,0,0,0,1,0,1,3,1,2,137,60,77
271,District-Peren,Urban,6,98,44,54,0,0,0,0,0,0,0,0,0,0,0,0,0,0,0,0,0,0,4,3,1,94,41,53
271,District-Peren,Urban,7,51,21,30,1,1,0,1,0,1,2,1,1,5,2,3,0,0,0,1,0,1,6,3,3,35,14,21
271,District-Peren,Urban,8,27,17,10,0,0,0,0,0,0,0,0,0,6,4,2,0,0,0,0,0,0,7,4,3,14,9,5
271,District-Peren,Urban,9,42,20,22,1,1,0,1,0,1,1,0,1,4,1,3,0,0,0,2,0,2,6,5,1,27,13,14
271,District-Peren,Urban,10,47,21,26,0,0,0,2,1,1,2,1,1,3,0,3,0,0,0,5,2,3,5,3,2,30,14,16
271,District-Peren,Urban,11,26,11,15,2,1,1,2,0,2,4,2,2,4,1,3,0,0,0,2,0,2,2,2,0,10,5,5
271,District-Peren,Urban,12,27,12,15,2,2,0,3,0,3,2,1,1,4,2,2,2,0,2,9,3,6,1,1,0,4,3,1
271,District-Peren,Urban,13,42,17,25,4,2,2,12,4,8,5,1,4,3,2,1,1,1,0,7,2,5,3,2,1,7,3,4
271,District-Peren,Urban,14,47,18,29,5,1,4,8,4,4,10,3,7,7,3,4,4,2,2,7,3,4,3,1,2,3,1,2
271,District-Peren,Urban,15,50,23,27,12,7,5,13,5,8,8,4,4,2,1,1,3,3,0,7,2,5,3,0,3,2,1,1
271,District-Peren,Urban,16,76,35,41,11,7,4,19,6,13,23,12,11,4,2,2,5,3,2,4,0,4,7,3,4,3,2,1
271,District-Peren,Urban,17,64,23,41,16,9,7,20,7,13,14,4,10,6,3,3,0,0,0,5,0,5,1,0,1,2,0,2
271,District-Peren,Urban,18,89,34,55,27,13,14,25,9,16,15,6,9,8,0,8,7,4,3,6,2,4,1,0,1,0,0,0
271,District-Peren,Urban,19,92,47,45,25,18,7,32,14,18,12,6,6,9,2,7,4,3,1,7,2,5,3,2,1,0,0,0
