370,District-Bargarh,Total,5-19,145818,71725,74093,24471,17540,6931,29164,14664,14500,7814,3443,4371,44528,16865,27663,2403,1279,1124,2940,981,1959,759,252,507,33739,16701,17038
370,District-Bargarh,Total,5,16327,8368,7959,13,10,3,6,1,5,3,1,2,156,87,69,140,80,60,86,38,48,25,12,13,15898,8139,7759
370,District-Bargarh,Total,6,7896,4065,3831,12,9,3,11,3,8,4,2,2,273,125,148,75,31,44,50,18,32,12,2,10,7459,3875,3584
370,District-Bargarh,Total,7,2641,1330,1311,27,19,8,13,5,8,6,1,5,305,146,159,36,18,18,19,5,14,6,4,2,2229,1132,1097
370,District-Bargarh,Total,8,1244,661,583,22,15,7,15,10,5,13,6,7,324,163,161,11,6,5,14,6,8,8,3,5,837,452,385
370,District-Bargarh,Total,9,1390,689,701,29,23,6,27,15,12,11,6,5,385,183,202,28,19,9,19,8,11,10,4,6,881,431,450
370,District-Bargarh,Total,10,2247,1155,1092,71,46,25,80,46,34,29,11,18,647,321,326,16,15,1,30,14,16,12,5,7,1362,697,665
370,District-Bargarh,Total,11,2141,1136,1005,142,94,48,168,83,85,48,33,15,908,471,437,28,17,11,38,18,20,20,10,10,789,410,379
370,District-Bargarh,Total,12,3503,1848,1655,333,230,103,417,223,194,192,96,96,1778,915,863,70,48,22,102,43,59,35,18,17,576,275,301
370,District-Bargarh,Total,13,4507,2321,2186,542,338,204,715,356,359,264,139,125,2334,1168,1166,65,35,30,79,30,49,34,16,18,474,239,235
370,District-Bargarh,Total,14,7981,3964,4017,1146,750,396,1617,830,787,551,256,295,3833,1775,2058,136,66,70,157,59,98,56,25,31,485,203,282
370,District-Bargarh,Total,15,13514,6583,6931,2433,1615,818,3246,1647,1599,1010,459,551,5582,2333,3249,260,143,117,314,118,196,87,30,57,582,238,344
370,District-Bargarh,Total,16,16973,8139,8834,3370,2331,1039,4528,2221,2307,1325,574,751,6503,2528,3975,275,150,125,335,118,217,109,37,72,528,180,348
370,District-Bargarh,Total,17,19126,8916,10210,4191,2954,1237,5383,2598,2785,1420,601,819,6776,2277,4499,311,173,138,475,150,325,101,24,77,469,139,330
370,District-Bargarh,Total,18,25938,12734,13204,6632,4983,1649,7286,3749,3537,1725,754,971,8202,2544,5658,519,264,255,719,213,506,159,35,124,696,192,504
370,District-Bargarh,Total,19,20390,9816,10574,5508,4123,1385,5652,2877,2775,1213,504,709,6522,1829,4693,433,214,219,503,143,360,85,27,58,474,99,375
370,District-Bargarh,Rural,5-19,135482,66450,69032,22854,16266,6588,28587,14304,14283,7716,3385,4331,40085,15093,24992,2163,1143,1020,2863,951,1912,745,246,499,30469,15062,15407
370,District-Bargarh,Rural,5,14937,7656,7281,11,10,1,6,1,5,3,1,2,144,81,63,117,66,51,77,34,43,25,12,13,14554,7451,7103
370,District-Bargarh,Rural,6,6994,3570,3424,12,9,3,10,2,8,4,2,2,252,111,141,61,28,33,47,16,31,12,2,10,6596,3400,3196
370,District-Bargarh,Rural,7,2376,1202,1174,20,15,5,12,5,7,6,1,5,266,123,143,27,13,14,18,5,13,6,4,2,2021,1036,985
370,District-Bargarh,Rural,8,1119,589,530,17,10,7,15,10,5,13,6,7,287,143,144,10,6,4,13,5,8,8,3,5,756,406,350
370,District-Bargarh,Rural,9,1239,608,631,28,23,5,26,15,11,11,6,5,343,162,181,24,16,8,18,7,11,10,4,6,779,375,404
370,District-Bargarh,Rural,10,2065,1052,1013,64,42,22,76,42,34,28,11,17,589,288,301,14,13,1,29,13,16,12,5,7,1253,638,615
370,District-Bargarh,Rural,11,1966,1047,919,134,87,47,165,81,84,47,32,15,825,428,397,25,16,9,37,17,20,19,10,9,714,376,338
370,District-Bargarh,Rural,12,3215,1691,1524,307,210,97,403,215,188,187,93,94,1610,828,782,63,43,20,96,40,56,34,17,17,515,245,270
370,District-Bargarh,Rural,13,4201,2172,2029,504,315,189,697,346,351,260,138,122,2144,1076,1068,63,34,29,77,30,47,33,16,17,423,217,206
370,District-Bargarh,Rural,14,7447,3704,3743,1066,697,369,1584,812,772,541,249,292,3489,1627,1862,123,59,64,155,58,97,56,25,31,433,177,256
370,District-Bargarh,Rural,15,12741,6181,6560,2286,1504,782,3185,1610,1575,995,449,546,5125,2133,2992,234,127,107,308,116,192,87,30,57,521,212,309
370,District-Bargarh,Rural,16,15981,7632,8349,3170,2182,988,4436,2166,2270,1314,568,746,5923,2276,3647,246,130,116,322,113,209,107,36,71,463,161,302
370,District-Bargarh,Rural,17,17994,8330,9664,3935,2753,1182,5286,2537,2749,1403,590,813,6105,2003,4102,282,156,126,467,148,319,99,24,75,417,119,298
370,District-Bargarh,Rural,18,24297,11917,12380,6181,4605,1576,7153,3661,3492,1709,746,963,7310,2253,5057,476,242,234,705,211,494,153,32,121,610,167,443
370,District-Bargarh,Rural,19,18910,9099,9811,5119,3804,1315,5533,2801,2732,1195,493,702,5673,1561,4112,398,194,204,494,138,356,84,26,58,414,82,332
370,District-Bargarh,Urban,5-19,10336,5275,5061,1617,1274,343,577,360,217,98,58,40,4443,1772,2671,240,136,104,77,30,47,14,6,8,3270,1639,1631
370,District-Bargarh,Urban,5,1390,712,678,2,0,2,0,0,0,0,0,0,12,6,6,23,14,9,9,4,5,0,0,0,1344,688,656
370,District-Bargarh,Urban,6,902,495,407,0,0,0,1,1,0,0,0,0,21,14,7,14,3,11,3,2,1,0,0,0,863,475,388
370,District-Bargarh,Urban,7,265,128,137,7,4,3,1,0,1,0,0,0,39,23,16,9,5,4,1,0,1,0,0,0,208,96,112
370,District-Bargarh,Urban,8,125,72,53,5,5,0,0,0,0,0,0,0,37,20,17,1,0,1,1,1,0,0,0,0,81,46,35
370,District-Bargarh,Urban,9,151,81,70,1,0,1,1,0,1,0,0,0,42,21,21,4,3,1,1,1,0,0,0,0,102,56,46
370,District-Bargarh,Urban,10,182,103,79,7,4,3,4,4,0,1,0,1,58,33,25,2,2,0,1,1,0,0,0,0,109,59,50
370,District-Bargarh,Urban,11,175,89,86,8,7,1,3,2,1,1,1,0,83,43,40,3,1,2,1,1,0,1,0,1,75,34,41
370,District-Bargarh,Urban,12,288,157,131,26,20,6,14,8,6,5,3,2,168,87,81,7,5,2,6,3,3,1,1,0,61,30,31
370,District-Bargarh,Urban,13,306,149,157,38,23,15,18,10,8,4,1,3,190,92,98,2,1,1,2,0,2,1,0,1,51,22,29
370,District-Bargarh,Urban,14,534,260,274,80,53,27,33,18,15,10,7,3,344,148,196,13,7,6,2,1,1,0,0,0,52,26,26
370,District-Bargarh,Urban,15,773,402,371,147,111,36,61,37,24,15,10,5,457,200,257,26,16,10,6,2,4,0,0,0,61,26,35
370,District-Bargarh,Urban,16,992,507,485,200,149,51,92,55,37,11,6,5,580,252,328,29,20,9,13,5,8,2,1,1,65,19,46
370,District-Bargarh,Urban,17,1132,586,546,256,201,55,97,61,36,17,11,6,671,274,397,29,17,12,8,2,6,2,0,2,52,20,32
370,District-Bargarh,Urban,18,1641,817,824,451,378,73,133,88,45,16,8,8,892,291,601,43,22,21,14,2,12,6,3,3,86,25,61
370,District-Bargarh,Urban,19,1480,717,763,389,319,70,119,76,43,18,11,7,849,268,581,35,20,15,9,5,4,1,1,0,60,17,43
371,District-Jharsuguda,Total,5-19,52554,26506,26048,7616,5367,2249,6483,3533,2950,2018,1023,995,19965,8474,11491,954,509,445,761,311,450,180,67,113,14577,7222,7355
371,District-Jharsuguda,Total,5,6500,3398,3102,8,4,4,5,3,2,0,0,0,81,47,34,24,15,9,25,13,12,2,1,1,6355,3315,3040
371,District-Jharsuguda,Total,6,3925,2006,1919,4,2,2,2,1,1,1,0,1,138,69,69,29,15,14,9,2,7,1,0,1,3741,1917,1824
371,District-Jharsuguda,Total,7,1195,594,601,12,8,4,5,0,5,0,0,0,163,72,91,10,5,5,4,1,3,1,1,0,1000,507,493
371,District-Jharsuguda,Total,8,635,317,318,5,2,3,5,3,2,0,0,0,157,74,83,7,2,5,2,0,2,2,2,0,457,234,223
371,District-Jharsuguda,Total,9,447,228,219,10,7,3,5,4,1,2,1,1,161,85,76,5,2,3,1,0,1,3,2,1,260,127,133
371,District-Jharsuguda,Total,10,758,388,370,19,11,8,9,7,2,3,1,2,282,153,129,5,2,3,6,2,4,1,0,1,433,212,221
371,District-Jharsuguda,Total,11,662,343,319,52,34,18,35,18,17,7,6,1,329,160,169,16,10,6,5,4,1,6,4,2,212,107,105
371,District-Jharsuguda,Total,12,1197,634,563,119,90,29,88,45,43,23,12,11,641,329,312,17,9,8,20,7,13,3,0,3,286,142,144
371,District-Jharsuguda,Total,13,1515,806,709,156,115,41,137,62,75,39,21,18,903,482,421,23,13,10,33,16,17,7,4,3,217,93,124
371,District-Jharsuguda,Total,14,2423,1224,1199,284,182,102,283,150,133,123,69,54,1395,679,716,45,16,29,34,14,20,6,3,3,253,111,142
371,District-Jharsuguda,Total,15,3989,2050,1939,543,366,177,600,317,283,204,102,102,2170,1056,1114,92,45,47,85,38,47,18,6,12,277,120,157
371,District-Jharsuguda,Total,16,5444,2714,2730,906,616,290,934,505,429,321,167,154,2797,1220,1577,101,58,43,94,38,56,24,10,14,267,100,167
371,District-Jharsuguda,Total,17,6268,3001,3267,1215,810,405,1127,599,528,359,165,194,3080,1218,1862,142,80,62,97,40,57,28,14,14,220,75,145
371,District-Jharsuguda,Total,18,9590,4904,4686,2290,1662,628,1767,1004,763,528,264,264,4188,1644,2544,252,147,105,197,86,111,43,9,34,325,88,237
371,District-Jharsuguda,Total,19,8006,3899,4107,1993,1458,535,1481,815,666,408,215,193,3480,1186,2294,186,90,96,149,50,99,35,11,24,274,74,200
371,District-Jharsuguda,Rural,5-19,33532,16683,16849,5144,3363,1781,5744,3055,2689,1838,923,915,11872,5045,6827,552,273,279,598,235,363,147,51,96,7637,3738,3899
371,District-Jharsuguda,Rural,5,3642,1881,1761,1,0,1,1,0,1,0,0,0,41,22,19,13,7,6,15,9,6,2,1,1,3569,1842,1727
371,District-Jharsuguda,Rural,6,2003,987,1016,2,1,1,2,1,1,1,0,1,76,36,40,14,10,4,8,2,6,1,0,1,1899,937,962
371,District-Jharsuguda,Rural,7,613,309,304,7,5,2,4,0,4,0,0,0,81,36,45,4,2,2,4,1,3,1,1,0,512,264,248
371,District-Jharsuguda,Rural,8,323,165,158,2,0,2,5,3,2,0,0,0,86,42,44,5,1,4,1,0,1,2,2,0,222,117,105
371,District-Jharsuguda,Rural,9,207,101,106,3,3,0,4,4,0,2,1,1,78,40,38,4,1,3,0,0,0,2,1,1,114,51,63
371,District-Jharsuguda,Rural,10,379,195,184,8,5,3,5,4,1,3,1,2,149,82,67,1,0,1,6,2,4,1,0,1,206,101,105
371,District-Jharsuguda,Rural,11,358,185,173,31,20,11,27,14,13,6,5,1,178,84,94,9,6,3,4,3,1,4,2,2,99,51,48
371,District-Jharsuguda,Rural,12,709,364,345,66,48,18,70,31,39,22,12,10,381,197,184,9,5,4,14,5,9,3,0,3,144,66,78
371,District-Jharsuguda,Rural,13,964,515,449,98,69,29,121,54,67,35,18,17,567,310,257,12,6,6,24,11,13,7,4,3,100,43,57
371,District-Jharsuguda,Rural,14,1620,820,800,182,102,80,252,130,122,109,62,47,902,452,450,27,7,20,28,9,19,5,2,3,115,56,59
371,District-Jharsuguda,Rural,15,2682,1369,1313,364,231,133,534,284,250,181,88,93,1317,640,677,61,29,32,69,31,38,11,5,6,145,61,84
371,District-Jharsuguda,Rural,16,3821,1888,1933,629,404,225,827,443,384,291,148,143,1802,778,1024,55,33,22,72,28,44,19,7,12,126,47,79
371,District-Jharsuguda,Rural,17,4385,2054,2331,839,520,319,1032,537,495,331,148,183,1904,738,1166,83,41,42,82,33,49,22,11,11,92,26,66
371,District-Jharsuguda,Rural,18,6518,3274,3244,1591,1065,526,1552,854,698,482,242,240,2384,917,1467,146,77,69,154,67,87,34,5,29,175,47,128
371,District-Jharsuguda,Rural,19,5308,2576,2732,1321,890,431,1308,696,612,375,198,177,1926,671,1255,109,48,61,117,34,83,33,10,23,119,29,90
371,District-Jharsuguda,Urban,5-19,19022,9823,9199,2472,2004,468,739,478,261,180,100,80,8093,3429,4664,402,236,166,163,76,87,33,16,17,6940,3484,3456
371,District-Jharsuguda,Urban,5,2858,1517,1341,7,4,3,4,3,1,0,0,0,40,25,15,11,8,3,10,4,6,0,0,0,2786,1473,1313
371,District-Jharsuguda,Urban,6,1922,1019,903,2,1,1,0,0,0,0,0,0,62,33,29,15,5,10,1,0,1,0,0,0,1842,980,862
371,District-Jharsuguda,Urban,7,582,285,297,5,3,2,1,0,1,0,0,0,82,36,46,6,3,3,0,0,0,0,0,0,488,243,245
371,District-Jharsuguda,Urban,8,312,152,160,3,2,1,0,0,0,0,0,0,71,32,39,2,1,1,1,0,1,0,0,0,235,117,118
371,District-Jharsuguda,Urban,9,240,127,113,7,4,3,1,0,1,0,0,0,83,45,38,1,1,0,1,0,1,1,1,0,146,76,70
371,District-Jharsuguda,Urban,10,379,193,186,11,6,5,4,3,1,0,0,0,133,71,62,4,2,2,0,0,0,0,0,0,227,111,116
371,District-Jharsuguda,Urban,11,304,158,146,21,14,7,8,4,4,1,1,0,151,76,75,7,4,3,1,1,0,2,2,0,113,56,57
371,District-Jharsuguda,Urban,12,488,270,218,53,42,11,18,14,4,1,0,1,260,132,128,8,4,4,6,2,4,0,0,0,142,76,66
371,District-Jharsuguda,Urban,13,551,291,260,58,46,12,16,8,8,4,3,1,336,172,164,11,7,4,9,5,4,0,0,0,117,50,67
371,District-Jharsuguda,Urban,14,803,404,399,102,80,22,31,20,11,14,7,7,493,227,266,18,9,9,6,5,1,1,1,0,138,55,83
371,District-Jharsuguda,Urban,15,1307,681,626,179,135,44,66,33,33,23,14,9,853,416,437,31,16,15,16,7,9,7,1,6,132,59,73
371,District-Jharsuguda,Urban,16,1623,826,797,277,212,65,107,62,45,30,19,11,995,442,553,46,25,21,22,10,12,5,3,2,141,53,88
371,District-Jharsuguda,Urban,17,1883,947,936,376,290,86,95,62,33,28,17,11,1176,480,696,59,39,20,15,7,8,6,3,3,128,49,79
371,District-Jharsuguda,Urban,18,3072,1630,1442,699,597,102,215,150,65,46,22,24,1804,727,1077,106,70,36,43,19,24,9,4,5,150,41,109
371,District-Jharsuguda,Urban,19,2698,1323,1375,672,568,104,173,119,54,33,17,16,1554,515,1039,77,42,35,32,16,16,2,1,1,155,45,110
372,District-Sambalpur,Total,5-19,99768,49877,49891,18099,11147,6952,16309,8197,8112,4133,2037,2096,29771,13009,16762,2423,1236,1187,2018,781,1237,468,164,304,26547,13306,13241
372,District-Sambalpur,Total,5,11791,6187,5604,14,6,8,8,5,3,2,1,1,155,80,75,70,36,34,57,27,30,4,0,4,11481,6032,5449
372,District-Sambalpur,Total,6,6584,3420,3164,9,8,1,9,6,3,1,0,1,240,113,127,51,31,20,39,19,20,4,2,2,6231,3241,2990
372,District-Sambalpur,Total,7,2276,1137,1139,15,10,5,16,8,8,1,1,0,263,126,137,21,7,14,15,6,9,0,0,0,1945,979,966
372,District-Sambalpur,Total,8,1351,649,702,14,6,8,13,7,6,4,3,1,344,154,190,17,11,6,15,7,8,6,2,4,938,459,479
372,District-Sambalpur,Total,9,1137,555,582,25,14,11,28,11,17,5,2,3,343,172,171,12,6,6,12,3,9,3,0,3,709,347,362
372,District-Sambalpur,Total,10,1798,954,844,46,29,17,38,21,17,10,5,5,576,309,267,29,19,10,22,12,10,10,6,4,1067,553,514
372,District-Sambalpur,Total,11,1639,851,788,121,78,43,89,53,36,29,17,12,736,367,369,38,21,17,37,17,20,15,7,8,574,291,283
372,District-Sambalpur,Total,12,2640,1331,1309,244,145,99,260,128,132,94,45,49,1350,687,663,73,38,35,69,28,41,21,8,13,529,252,277
372,District-Sambalpur,Total,13,3453,1728,1725,429,226,203,444,218,226,153,83,70,1796,900,896,77,38,39,72,33,39,31,14,17,451,216,235
372,District-Sambalpur,Total,14,5409,2746,2663,857,483,374,921,446,475,308,148,160,2592,1326,1266,138,74,64,119,53,66,29,14,15,445,202,243
372,District-Sambalpur,Total,15,8465,4277,4188,1687,985,702,1753,872,881,524,252,272,3489,1712,1777,260,144,116,215,89,126,43,14,29,494,209,285
372,District-Sambalpur,Total,16,10526,5150,5376,2432,1396,1036,2417,1199,1218,619,319,300,4088,1837,2251,257,136,121,245,102,143,59,18,41,409,143,266
372,District-Sambalpur,Total,17,11951,5692,6259,3130,1837,1293,2900,1440,1460,695,342,353,4221,1696,2525,326,148,178,272,87,185,64,20,44,343,122,221
372,District-Sambalpur,Total,18,17331,8650,8681,5059,3268,1791,4187,2151,2036,972,460,512,5366,2089,3277,600,307,293,501,189,312,98,31,67,548,155,393
372,District-Sambalpur,Total,19,13417,6550,6867,4017,2656,1361,3226,1632,1594,716,359,357,4212,1441,2771,454,220,234,328,109,219,81,28,53,383,105,278
372,District-Sambalpur,Rural,5-19,75639,37557,38082,14572,8397,6175,14935,7384,7551,3824,1870,1954,20212,9209,11003,1795,853,942,1763,643,1120,412,140,272,18126,9061,9065
372,District-Sambalpur,Rural,5,8341,4342,3999,11,4,7,5,3,2,2,1,1,100,48,52,46,24,22,34,13,21,4,0,4,8139,4249,3890
372,District-Sambalpur,Rural,6,4396,2237,2159,7,6,1,5,3,2,1,0,1,132,63,69,34,22,12,20,6,14,3,1,2,4194,2136,2058
372,District-Sambalpur,Rural,7,1460,724,736,8,4,4,13,7,6,1,1,0,130,61,69,18,5,13,11,5,6,0,0,0,1279,641,638
372,District-Sambalpur,Rural,8,902,413,489,9,2,7,9,3,6,3,2,1,204,91,113,13,8,5,11,3,8,6,2,4,647,302,345
372,District-Sambalpur,Rural,9,711,363,348,15,8,7,23,11,12,4,2,2,209,109,100,9,4,5,7,1,6,2,0,2,442,228,214
372,District-Sambalpur,Rural,10,1170,612,558,29,19,10,30,16,14,8,4,4,353,184,169,23,14,9,17,7,10,5,3,2,705,365,340
372,District-Sambalpur,Rural,11,1128,563,565,87,49,38,79,45,34,25,14,11,469,226,243,32,18,14,32,13,19,10,5,5,394,193,201
372,District-Sambalpur,Rural,12,1917,979,938,185,104,81,237,115,122,86,42,44,930,492,438,54,28,26,55,23,32,18,7,11,352,168,184
372,District-Sambalpur,Rural,13,2664,1323,1341,343,171,172,400,194,206,143,79,64,1310,657,653,64,32,32,57,22,35,26,11,15,321,157,164
372,District-Sambalpur,Rural,14,4281,2167,2114,695,365,330,858,412,446,288,140,148,1908,1004,904,103,51,52,109,47,62,27,13,14,293,135,158
372,District-Sambalpur,Rural,15,6757,3393,3364,1409,779,630,1599,777,822,482,231,251,2510,1276,1234,200,101,99,187,74,113,40,11,29,330,144,186
372,District-Sambalpur,Rural,16,8411,4087,4324,1996,1057,939,2224,1095,1129,568,290,278,2896,1346,1550,180,90,90,227,91,136,54,17,37,266,101,165
372,District-Sambalpur,Rural,17,9577,4521,5056,2562,1412,1150,2663,1285,1378,650,319,331,2921,1227,1694,253,105,148,252,77,175,56,17,39,220,79,141
372,District-Sambalpur,Rural,18,13595,6771,6824,4060,2472,1588,3838,1955,1883,901,421,480,3485,1429,2056,439,206,233,449,161,288,86,26,60,337,101,236
372,District-Sambalpur,Rural,19,10329,5062,5267,3156,1945,1211,2952,1463,1489,662,324,338,2655,996,1659,327,145,182,295,100,195,75,27,48,207,62,145
372,District-Sambalpur,Urban,5-19,24129,12320,11809,3527,2750,777,1374,813,561,309,167,142,9559,3800,5759,628,383,245,255,138,117,56,24,32,8421,4245,4176
372,District-Sambalpur,Urban,5,3450,1845,1605,3,2,1,3,2,1,0,0,0,55,32,23,24,12,12,23,14,9,0,0,0,3342,1783,1559
372,District-Sambalpur,Urban,6,2188,1183,1005,2,2,0,4,3,1,0,0,0,108,50,58,17,9,8,19,13,6,1,1,0,2037,1105,932
372,District-Sambalpur,Urban,7,816,413,403,7,6,1,3,1,2,0,0,0,133,65,68,3,2,1,4,1,3,0,0,0,666,338,328
372,District-Sambalpur,Urban,8,449,236,213,5,4,1,4,4,0,1,1,0,140,63,77,4,3,1,4,4,0,0,0,0,291,157,134
372,District-Sambalpur,Urban,9,426,192,234,10,6,4,5,0,5,1,0,1,134,63,71,3,2,1,5,2,3,1,0,1,267,119,148
372,District-Sambalpur,Urban,10,628,342,286,17,10,7,8,5,3,2,1,1,223,125,98,6,5,1,5,5,0,5,3,2,362,188,174
372,District-Sambalpur,Urban,11,511,288,223,34,29,5,10,8,2,4,3,1,267,141,126,6,3,3,5,4,1,5,2,3,180,98,82
372,District-Sambalpur,Urban,12,723,352,371,59,41,18,23,13,10,8,3,5,420,195,225,19,10,9,14,5,9,3,1,2,177,84,93
372,District-Sambalpur,Urban,13,789,405,384,86,55,31,44,24,20,10,4,6,486,243,243,13,6,7,15,11,4,5,3,2,130,59,71
372,District-Sambalpur,Urban,14,1128,579,549,162,118,44,63,34,29,20,8,12,684,322,362,35,23,12,10,6,4,2,1,1,152,67,85
372,District-Sambalpur,Urban,15,1708,884,824,278,206,72,154,95,59,42,21,21,979,436,543,60,43,17,28,15,13,3,3,0,164,65,99
372,District-Sambalpur,Urban,16,2115,1063,1052,436,339,97,193,104,89,51,29,22,1192,491,701,77,46,31,18,11,7,5,1,4,143,42,101
372,District-Sambalpur,Urban,17,2374,1171,1203,568,425,143,237,155,82,45,23,22,1300,469,831,73,43,30,20,10,10,8,3,5,123,43,80
372,District-Sambalpur,Urban,18,3736,1879,1857,999,796,203,349,196,153,71,39,32,1881,660,1221,161,101,60,52,28,24,12,5,7,211,54,157
372,District-Sambalpur,Urban,19,3088,1488,1600,861,711,150,274,169,105,54,35,19,1557,445,1112,127,75,52,33,9,24,6,1,5,176,43,133
373,District-Debagarh,Total,5-19,31145,15107,16038,3253,1988,1265,6119,3209,2910,1982,903,1079,7226,3043,4183,616,296,320,1301,463,838,453,153,300,10195,5052,5143
373,District-Debagarh,Total,5,4391,2273,2118,2,2,0,1,1,0,0,0,0,32,13,19,16,7,9,23,11,12,15,6,9,4302,2233,2069
373,District-Debagarh,Total,6,2386,1213,1173,0,0,0,3,2,1,1,1,0,38,18,20,4,1,3,24,11,13,13,5,8,2303,1175,1128
373,District-Debagarh,Total,7,858,422,436,3,2,1,4,3,1,1,1,0,59,27,32,9,6,3,10,6,4,1,0,1,771,377,394
373,District-Debagarh,Total,8,543,271,272,2,1,1,7,2,5,0,0,0,83,38,45,3,2,1,7,3,4,3,2,1,438,223,215
373,District-Debagarh,Total,9,451,247,204,4,3,1,11,10,1,3,1,2,74,42,32,3,3,0,9,2,7,4,3,1,343,183,160
373,District-Debagarh,Total,10,746,380,366,4,1,3,17,9,8,9,7,2,174,87,87,6,4,2,16,3,13,10,5,5,510,264,246
373,District-Debagarh,Total,11,513,271,242,25,18,7,36,13,23,14,4,10,174,95,79,9,5,4,22,10,12,7,3,4,226,123,103
373,District-Debagarh,Total,12,816,388,428,37,21,16,81,43,38,47,19,28,324,151,173,15,6,9,47,21,26,28,10,18,237,117,120
373,District-Debagarh,Total,13,962,476,486,61,39,22,160,84,76,80,48,32,426,215,211,18,9,9,41,13,28,18,4,14,158,64,94
373,District-Debagarh,Total,14,1461,672,789,160,85,75,290,147,143,138,66,72,574,265,309,31,12,19,64,22,42,43,17,26,161,58,103
373,District-Debagarh,Total,15,2500,1187,1313,276,162,114,683,343,340,231,114,117,845,390,455,71,34,37,164,59,105,46,14,32,184,71,113
373,District-Debagarh,Total,16,2897,1322,1575,416,231,185,790,407,383,303,139,164,983,402,581,62,28,34,146,53,93,60,12,48,137,50,87
373,District-Debagarh,Total,17,3349,1525,1824,527,327,200,1025,532,493,335,136,199,1014,372,642,76,37,39,192,62,130,52,27,25,128,32,96
373,District-Debagarh,Total,18,5316,2544,2772,945,611,334,1712,911,801,453,200,253,1453,554,899,167,81,86,312,112,200,95,29,66,179,46,133
373,District-Debagarh,Total,19,3956,1916,2040,791,485,306,1299,702,597,367,167,200,973,374,599,126,61,65,224,75,149,58,16,42,118,36,82
373,District-Debagarh,Rural,5-19,29646,14351,15295,3099,1863,1236,6040,3159,2881,1962,891,1071,6656,2803,3853,556,260,296,1282,455,827,445,150,295,9606,4770,4836
373,District-Debagarh,Rural,5,4153,2161,1992,2,2,0,1,1,0,0,0,0,29,13,16,16,7,9,23,11,12,15,6,9,4067,2121,1946
373,District-Debagarh,Rural,6,2238,1129,1109,0,0,0,3,2,1,1,1,0,33,15,18,4,1,3,24,11,13,13,5,8,2160,1094,1066
373,District-Debagarh,Rural,7,818,402,416,2,1,1,4,3,1,1,1,0,53,26,27,8,5,3,10,6,4,1,0,1,739,360,379
373,District-Debagarh,Rural,8,510,249,261,2,1,1,7,2,5,0,0,0,72,30,42,3,2,1,7,3,4,3,2,1,416,209,207
373,District-Debagarh,Rural,9,428,236,192,4,3,1,11,10,1,3,1,2,67,39,28,3,3,0,9,2,7,4,3,1,327,175,152
373,District-Debagarh,Rural,10,716,367,349,4,1,3,17,9,8,9,7,2,163,84,79,5,4,1,16,3,13,10,5,5,492,254,238
373,District-Debagarh,Rural,11,486,258,228,21,14,7,36,13,23,14,4,10,158,88,70,8,5,3,22,10,12,7,3,4,220,121,99
373,District-Debagarh,Rural,12,770,365,405,32,17,15,79,41,38,47,19,28,302,139,163,15,6,9,45,20,25,28,10,18,222,113,109
373,District-Debagarh,Rural,13,921,451,470,57,35,22,158,83,75,80,48,32,403,200,203,15,7,8,41,13,28,18,4,14,149,61,88
373,District-Debagarh,Rural,14,1389,636,753,150,76,74,287,146,141,137,65,72,538,247,291,26,11,15,64,22,42,42,17,25,145,52,93
373,District-Debagarh,Rural,15,2388,1132,1256,263,154,109,670,336,334,227,112,115,793,366,427,64,29,35,162,58,104,45,14,31,164,63,101
373,District-Debagarh,Rural,16,2766,1262,1504,402,219,183,783,402,381,301,138,163,904,370,534,51,25,26,141,51,90,60,12,48,124,45,79
373,District-Debagarh,Rural,17,3203,1451,1752,500,305,195,1010,521,489,331,133,198,937,348,589,70,32,38,191,62,129,48,25,23,116,25,91
373,District-Debagarh,Rural,18,5089,2437,2652,907,580,327,1692,901,791,448,198,250,1329,506,823,153,71,82,305,109,196,95,29,66,160,43,117
373,District-Debagarh,Rural,19,3771,1815,1956,753,455,298,1282,689,593,363,164,199,875,332,543,115,52,63,222,74,148,56,15,41,105,34,71
373,District-Debagarh,Urban,5-19,1499,756,743,154,125,29,79,50,29,20,12,8,570,240,330,60,36,24,19,8,11,8,3,5,589,282,307
373,District-Debagarh,Urban,5,238,112,126,0,0,0,0,0,0,0,0,0,3,0,3,0,0,0,0,0,0,0,0,0,235,112,123
373,District-Debagarh,Urban,6,148,84,64,0,0,0,0,0,0,0,0,0,5,3,2,0,0,0,0,0,0,0,0,0,143,81,62
373,District-Debagarh,Urban,7,40,20,20,1,1,0,0,0,0,0,0,0,6,1,5,1,1,0,0,0,0,0,0,0,32,17,15
373,District-Debagarh,Urban,8,33,22,11,0,0,0,0,0,0,0,0,0,11,8,3,0,0,0,0,0,0,0,0,0,22,14,8
373,District-Debagarh,Urban,9,23,11,12,0,0,0,0,0,0,0,0,0,7,3,4,0,0,0,0,0,0,0,0,0,16,8,8
373,District-Debagarh,Urban,10,30,13,17,0,0,0,0,0,0,0,0,0,11,3,8,1,0,1,0,0,0,0,0,0,18,10,8
373,District-Debagarh,Urban,11,27,13,14,4,4,0,0,0,0,0,0,0,16,7,9,1,0,1,0,0,0,0,0,0,6,2,4
373,District-Debagarh,Urban,12,46,23,23,5,4,1,2,2,0,0,0,0,22,12,10,0,0,0,2,1,1,0,0,0,15,4,11
373,District-Debagarh,Urban,13,41,25,16,4,4,0,2,1,1,0,0,0,23,15,8,3,2,1,0,0,0,0,0,0,9,3,6
373,District-Debagarh,Urban,14,72,36,36,10,9,1,3,1,2,1,1,0,36,18,18,5,1,4,0,0,0,1,0,1,16,6,10
373,District-Debagarh,Urban,15,112,55,57,13,8,5,13,7,6,4,2,2,52,24,28,7,5,2,2,1,1,1,0,1,20,8,12
373,District-Debagarh,Urban,16,131,60,71,14,12,2,7,5,2,2,1,1,79,32,47,11,3,8,5,2,3,0,0,0,13,5,8
373,District-Debagarh,Urban,17,146,74,72,27,22,5,15,11,4,4,3,1,77,24,53,6,5,1,1,0,1,4,2,2,12,7,5
373,District-Debagarh,Urban,18,227,107,120,38,31,7,20,10,10,5,2,3,124,48,76,14,10,4,7,3,4,0,0,0,19,3,16
373,District-Debagarh,Urban,19,185,101,84,38,30,8,17,13,4,4,3,1,98,42,56,11,9,2,2,1,1,2,1,1,13,2,11
374,District-Sundargarh,Total,5-19,195006,98920,96086,17209,13127,4082,21203,11926,9277,8129,4363,3766,52103,23358,28745,5029,2929,2100,7247,2881,4366,2631,975,1656,81455,39361,42094
374,District-Sundargarh,Total,5,29879,15379,14500,20,20,0,11,4,7,3,1,2,276,152,124,119,63,56,110,56,54,19,8,11,29321,15075,14246
374,District-Sundargarh,Total,6,19958,10232,9726,15,12,3,8,1,7,0,0,0,380,202,178,95,54,41,79,41,38,16,7,9,19365,9915,9450
374,District-Sundargarh,Total,7,7767,3891,3876,25,16,9,28,12,16,7,6,1,633,298,335,38,23,15,48,26,22,21,8,13,6967,3502,3465
374,District-Sundargarh,Total,8,4616,2304,2312,37,23,14,24,14,10,14,9,5,692,358,334,33,20,13,60,28,32,27,13,14,3729,1839,1890
374,District-Sundargarh,Total,9,3263,1586,1677,22,15,7,37,24,13,17,13,4,793,387,406,44,19,25,54,26,28,27,13,14,2269,1089,1180
374,District-Sundargarh,Total,10,4804,2402,2402,62,39,23,61,32,29,49,26,23,1153,585,568,71,40,31,94,42,52,59,28,31,3255,1610,1645
374,District-Sundargarh,Total,11,3944,1959,1985,132,84,48,134,72,62,82,44,38,1535,809,726,79,49,30,110,48,62,75,29,46,1797,824,973
374,District-Sundargarh,Total,12,5980,2968,3012,286,191,95,386,198,188,193,99,94,2335,1202,1133,155,82,73,259,114,145,144,54,90,2222,1028,1194
374,District-Sundargarh,Total,13,6418,3171,3247,369,266,103,598,329,269,263,156,107,2825,1368,1457,174,108,66,285,111,174,148,59,89,1756,774,982
374,District-Sundargarh,Total,14,8947,4575,4372,769,547,222,1103,605,498,523,287,236,3907,2039,1868,266,141,125,484,193,291,219,87,132,1676,676,1000
374,District-Sundargarh,Total,15,13678,7133,6545,1455,1065,390,2138,1233,905,931,506,425,5478,2673,2805,562,332,230,792,330,462,287,126,161,2035,868,1167
374,District-Sundargarh,Total,16,15965,8155,7810,2074,1536,538,2866,1621,1245,1192,650,542,6386,2943,3443,560,320,240,893,360,533,340,129,211,1654,596,1058
374,District-Sundargarh,Total,17,17610,9090,8520,2567,1906,661,3431,1999,1432,1298,700,598,6894,3090,3804,685,383,302,930,375,555,318,107,211,1487,530,957
374,District-Sundargarh,Total,18,28710,14590,14120,4982,3914,1068,5768,3275,2493,2026,1060,966,10131,4088,6043,1224,738,486,1805,697,1108,548,183,365,2226,635,1591
374,District-Sundargarh,Total,19,23467,11485,11982,4394,3493,901,4610,2507,2103,1531,806,725,8685,3164,5521,924,557,367,1244,434,810,383,124,259,1696,400,1296
374,District-Sundargarh,Rural,5-19,141425,71204,70221,11270,8336,2934,19715,10845,8870,7736,4100,3636,33639,15621,18018,3534,1948,1586,6732,2604,4128,2489,906,1583,56310,26844,29466
374,District-Sundargarh,Rural,5,20350,10412,9938,5,5,0,9,4,5,3,1,2,161,92,69,84,41,43,81,40,41,15,6,9,19992,10223,9769
374,District-Sundargarh,Rural,6,12796,6453,6343,11,8,3,7,0,7,0,0,0,251,138,113,63,37,26,56,29,27,16,7,9,12392,6234,6158
374,District-Sundargarh,Rural,7,5424,2712,2712,11,7,4,24,11,13,7,6,1,399,181,218,29,20,9,46,26,20,21,8,13,4887,2453,2434
374,District-Sundargarh,Rural,8,3483,1725,1758,26,15,11,23,13,10,14,9,5,493,254,239,17,10,7,53,26,27,26,12,14,2831,1386,1445
374,District-Sundargarh,Rural,9,2452,1145,1307,15,11,4,31,20,11,17,13,4,559,269,290,37,14,23,49,21,28,27,13,14,1717,784,933
374,District-Sundargarh,Rural,10,3516,1766,1750,46,30,16,54,30,24,49,26,23,762,400,362,58,33,25,89,38,51,57,26,31,2401,1183,1218
374,District-Sundargarh,Rural,11,2916,1443,1473,77,48,29,118,62,56,79,41,38,1076,585,491,53,29,24,105,47,58,74,28,46,1334,603,731
374,District-Sundargarh,Rural,12,4540,2227,2313,194,120,74,356,179,177,179,92,87,1636,857,779,108,53,55,237,100,137,140,52,88,1690,774,916
374,District-Sundargarh,Rural,13,4868,2407,2461,243,160,83,552,299,253,249,146,103,2002,1008,994,120,69,51,269,102,167,138,56,82,1295,567,728
374,District-Sundargarh,Rural,14,6884,3517,3367,524,365,159,1031,552,479,499,272,227,2701,1464,1237,193,92,101,458,179,279,212,85,127,1266,508,758
374,District-Sundargarh,Rural,15,10613,5531,5082,1004,714,290,2008,1147,861,897,483,414,3773,1917,1856,398,225,173,736,296,440,274,119,155,1523,630,893
374,District-Sundargarh,Rural,16,12193,6168,6025,1449,1051,398,2681,1485,1196,1147,614,533,4156,1937,2219,382,207,175,834,332,502,325,122,203,1219,420,799
374,District-Sundargarh,Rural,17,13298,6892,6406,1726,1262,464,3210,1829,1381,1237,662,575,4414,2067,2347,491,262,229,863,340,523,295,95,200,1062,375,687
374,District-Sundargarh,Rural,18,21170,10623,10547,3221,2446,775,5350,2961,2389,1917,984,933,6108,2515,3593,852,493,359,1678,634,1044,508,160,348,1536,430,1106
374,District-Sundargarh,Rural,19,16922,8183,8739,2718,2094,624,4261,2253,2008,1442,751,691,5148,1937,3211,649,363,286,1178,394,784,361,117,244,1165,274,891
374,District-Sundargarh,Urban,5-19,53581,27716,25865,5939,4791,1148,1488,1081,407,393,263,130,18464,7737,10727,1495,981,514,515,277,238,142,69,73,25145,12517,12628
374,District-Sundargarh,Urban,5,9529,4967,4562,15,15,0,2,0,2,0,0,0,115,60,55,35,22,13,29,16,13,4,2,2,9329,4852,4477
374,District-Sundargarh,Urban,6,7162,3779,3383,4,4,0,1,1,0,0,0,0,129,64,65,32,17,15,23,12,11,0,0,0,6973,3681,3292
374,District-Sundargarh,Urban,7,2343,1179,1164,14,9,5,4,1,3,0,0,0,234,117,117,9,3,6,2,0,2,0,0,0,2080,1049,1031
374,District-Sundargarh,Urban,8,1133,579,554,11,8,3,1,1,0,0,0,0,199,104,95,16,10,6,7,2,5,1,1,0,898,453,445
374,District-Sundargarh,Urban,9,811,441,370,7,4,3,6,4,2,0,0,0,234,118,116,7,5,2,5,5,0,0,0,0,552,305,247
374,District-Sundargarh,Urban,10,1288,636,652,16,9,7,7,2,5,0,0,0,391,185,206,13,7,6,5,4,1,2,2,0,854,427,427
374,District-Sundargarh,Urban,11,1028,516,512,55,36,19,16,10,6,3,3,0,459,224,235,26,20,6,5,1,4,1,1,0,463,221,242
374,District-Sundargarh,Urban,12,1440,741,699,92,71,21,30,19,11,14,7,7,699,345,354,47,29,18,22,14,8,4,2,2,532,254,278
374,District-Sundargarh,Urban,13,1550,764,786,126,106,20,46,30,16,14,10,4,823,360,463,54,39,15,16,9,7,10,3,7,461,207,254
374,District-Sundargarh,Urban,14,2063,1058,1005,245,182,63,72,53,19,24,15,9,1206,575,631,73,49,24,26,14,12,7,2,5,410,168,242
374,District-Sundargarh,Urban,15,3065,1602,1463,451,351,100,130,86,44,34,23,11,1705,756,949,164,107,57,56,34,22,13,7,6,512,238,274
374,District-Sundargarh,Urban,16,3772,1987,1785,625,485,140,185,136,49,45,36,9,2230,1006,1224,178,113,65,59,28,31,15,7,8,435,176,259
374,District-Sundargarh,Urban,17,4312,2198,2114,841,644,197,221,170,51,61,38,23,2480,1023,1457,194,121,73,67,35,32,23,12,11,425,155,270
374,District-Sundargarh,Urban,18,7540,3967,3573,1761,1468,293,418,314,104,109,76,33,4023,1573,2450,372,245,127,127,63,64,40,23,17,690,205,485
374,District-Sundargarh,Urban,19,6545,3302,3243,1676,1399,277,349,254,95,89,55,34,3537,1227,2310,275,194,81,66,40,26,22,7,15,531,126,405
375,District-Kendujhar,Total,5-19,206439,100312,106127,12898,10351,2547,20582,11500,9082,6980,3717,3263,53751,23702,30049,5470,3046,2424,11208,4060,7148,3755,1230,2525,91795,42706,49089
375,District-Kendujhar,Total,5,29916,15195,14721,7,5,2,4,2,2,1,1,0,202,94,108,195,111,84,65,34,31,10,5,5,29432,14943,14489
375,District-Kendujhar,Total,6,18308,9284,9024,8,5,3,7,4,3,2,1,1,286,148,138,93,53,40,47,24,23,16,5,11,17849,9044,8805
375,District-Kendujhar,Total,7,9118,4321,4797,25,15,10,20,11,9,5,2,3,407,205,202,77,38,39,55,26,29,21,8,13,8508,4016,4492
375,District-Kendujhar,Total,8,5868,2784,3084,18,14,4,15,4,11,6,3,3,485,236,249,48,26,22,76,38,38,38,16,22,5182,2447,2735
375,District-Kendujhar,Total,9,4691,2244,2447,27,25,2,43,26,17,10,3,7,637,310,327,42,24,18,81,33,48,47,19,28,3804,1804,2000
375,District-Kendujhar,Total,10,7045,3372,3673,50,31,19,88,50,38,43,22,21,1165,597,568,87,51,36,193,83,110,112,39,73,5307,2499,2808
375,District-Kendujhar,Total,11,5055,2455,2600,93,71,22,146,68,78,68,39,29,1371,714,657,90,53,37,188,77,111,111,43,68,2988,1390,1598
375,District-Kendujhar,Total,12,7988,3807,4181,199,150,49,392,210,182,179,87,92,2597,1371,1226,190,103,87,479,196,283,264,104,160,3688,1586,2102
375,District-Kendujhar,Total,13,7561,3517,4044,248,171,77,517,255,262,250,118,132,2951,1463,1488,198,116,82,506,203,303,242,72,170,2649,1119,1530
375,District-Kendujhar,Total,14,9948,4814,5134,508,381,127,1146,648,498,467,244,223,4096,2066,2030,301,156,145,810,307,503,302,94,208,2318,918,1400
375,District-Kendujhar,Total,15,15380,7644,7736,1095,851,244,2134,1166,968,830,453,377,6207,3077,3130,594,334,260,1428,583,845,570,213,357,2522,967,1555
375,District-Kendujhar,Total,16,17700,8535,9165,1524,1175,349,2946,1665,1281,1067,595,472,7421,3265,4156,703,375,328,1497,574,923,466,154,312,2076,732,1344
375,District-Kendujhar,Total,17,17633,8406,9227,1933,1538,395,3215,1822,1393,1158,600,558,7455,3105,4350,635,350,285,1383,462,921,430,131,299,1424,398,1026
375,District-Kendujhar,Total,18,28459,13815,14644,3939,3223,716,5621,3226,2395,1689,927,762,10249,4059,6190,1320,760,560,2576,867,1709,656,203,453,2409,550,1859
375,District-Kendujhar,Total,19,21769,10119,11650,3224,2696,528,4288,2343,1945,1205,622,583,8222,2992,5230,897,496,401,1824,553,1271,470,124,346,1639,293,1346
375,District-Kendujhar,Rural,5-19,180915,87550,93365,10956,8682,2274,19991,11031,8960,6832,3616,3216,45755,20264,25491,4600,2523,2077,10895,3885,7010,3668,1190,2478,78218,36359,41859
375,District-Kendujhar,Rural,5,26051,13202,12849,4,4,0,3,2,1,1,1,0,162,76,86,152,89,63,59,31,28,10,5,5,25660,12994,12666
375,District-Kendujhar,Rural,6,15405,7791,7614,7,5,2,6,4,2,1,0,1,237,123,114,64,32,32,43,22,21,15,5,10,15032,7600,7432
375,District-Kendujhar,Rural,7,7851,3725,4126,19,11,8,20,11,9,5,2,3,327,168,159,56,29,27,52,23,29,19,6,13,7353,3475,3878
375,District-Kendujhar,Rural,8,5003,2378,2625,11,8,3,14,4,10,6,3,3,405,198,207,38,22,16,72,36,36,38,16,22,4419,2091,2328
375,District-Kendujhar,Rural,9,4029,1915,2114,22,20,2,42,25,17,10,3,7,531,261,270,27,13,14,81,33,48,47,19,28,3269,1541,1728
375,District-Kendujhar,Rural,10,5962,2866,3096,35,22,13,84,47,37,42,22,20,986,509,477,71,41,30,190,82,108,110,39,71,4444,2104,2340
375,District-Kendujhar,Rural,11,4356,2097,2259,84,65,19,142,65,77,68,39,29,1155,592,563,73,43,30,184,74,110,109,41,68,2541,1178,1363
375,District-Kendujhar,Rural,12,6993,3308,3685,173,131,42,379,197,182,175,84,91,2237,1188,1049,172,92,80,467,193,274,258,101,157,3132,1322,1810
375,District-Kendujhar,Rural,13,6595,3043,3552,199,132,67,507,246,261,248,117,131,2501,1241,1260,169,97,72,495,199,296,239,71,168,2237,940,1297
375,District-Kendujhar,Rural,14,8842,4291,4551,433,322,111,1130,636,494,454,236,218,3530,1802,1728,266,136,130,790,295,495,301,94,207,1938,770,1168
375,District-Kendujhar,Rural,15,13774,6846,6928,945,726,219,2082,1125,957,817,441,376,5407,2726,2681,498,279,219,1398,567,831,552,204,348,2075,778,1297
375,District-Kendujhar,Rural,16,15848,7619,8229,1315,999,316,2863,1607,1256,1045,578,467,6450,2830,3620,584,320,264,1451,548,903,454,150,304,1686,587,1099
375,District-Kendujhar,Rural,17,15784,7498,8286,1656,1308,348,3139,1762,1377,1141,589,552,6377,2660,3717,553,289,264,1343,439,904,418,126,292,1157,325,832
375,District-Kendujhar,Rural,18,25327,12162,13165,3339,2694,645,5435,3074,2361,1643,900,743,8670,3414,5256,1124,639,485,2504,825,1679,638,195,443,1974,421,1553
375,District-Kendujhar,Rural,19,19095,8809,10286,2714,2235,479,4145,2226,1919,1176,601,575,6780,2476,4304,753,402,351,1766,518,1248,460,118,342,1301,233,1068
375,District-Kendujhar,Urban,5-19,25524,12762,12762,1942,1669,273,591,469,122,148,101,47,7996,3438,4558,870,523,347,313,175,138,87,40,47,13577,6347,7230
375,District-Kendujhar,Urban,5,3865,1993,1872,3,1,2,1,0,1,0,0,0,40,18,22,43,22,21,6,3,3,0,0,0,3772,1949,1823
375,District-Kendujhar,Urban,6,2903,1493,1410,1,0,1,1,0,1,1,1,0,49,25,24,29,21,8,4,2,2,1,0,1,2817,1444,1373
375,District-Kendujhar,Urban,7,1267,596,671,6,4,2,0,0,0,0,0,0,80,37,43,21,9,12,3,3,0,2,2,0,1155,541,614
375,District-Kendujhar,Urban,8,865,406,459,7,6,1,1,0,1,0,0,0,80,38,42,10,4,6,4,2,2,0,0,0,763,356,407
375,District-Kendujhar,Urban,9,662,329,333,5,5,0,1,1,0,0,0,0,106,49,57,15,11,4,0,0,0,0,0,0,535,263,272
375,District-Kendujhar,Urban,10,1083,506,577,15,9,6,4,3,1,1,0,1,179,88,91,16,10,6,3,1,2,2,0,2,863,395,468
375,District-Kendujhar,Urban,11,699,358,341,9,6,3,4,3,1,0,0,0,216,122,94,17,10,7,4,3,1,2,2,0,447,212,235
375,District-Kendujhar,Urban,12,995,499,496,26,19,7,13,13,0,4,3,1,360,183,177,18,11,7,12,3,9,6,3,3,556,264,292
375,District-Kendujhar,Urban,13,966,474,492,49,39,10,10,9,1,2,1,1,450,222,228,29,19,10,11,4,7,3,1,2,412,179,233
375,District-Kendujhar,Urban,14,1106,523,583,75,59,16,16,12,4,13,8,5,566,264,302,35,20,15,20,12,8,1,0,1,380,148,232
375,District-Kendujhar,Urban,15,1606,798,808,150,125,25,52,41,11,13,12,1,800,351,449,96,55,41,30,16,14,18,9,9,447,189,258
375,District-Kendujhar,Urban,16,1852,916,936,209,176,33,83,58,25,22,17,5,971,435,536,119,55,64,46,26,20,12,4,8,390,145,245
375,District-Kendujhar,Urban,17,1849,908,941,277,230,47,76,60,16,17,11,6,1078,445,633,82,61,21,40,23,17,12,5,7,267,73,194
375,District-Kendujhar,Urban,18,3132,1653,1479,600,529,71,186,152,34,46,27,19,1579,645,934,196,121,75,72,42,30,18,8,10,435,129,306
375,District-Kendujhar,Urban,19,2674,1310,1364,510,461,49,143,117,26,29,21,8,1442,516,926,144,94,50,58,35,23,10,6,4,338,60,278
376,District-Mayurbhanj,Total,5-19,297473,145607,151866,16558,11929,4629,35721,20036,15685,12192,6470,5722,51282,24624,26658,9283,4438,4845,24124,8243,15881,8473,2703,5770,139840,67164,72676
376,District-Mayurbhanj,Total,5,44656,22942,21714,9,8,1,18,11,7,3,2,1,227,115,112,167,98,69,195,95,100,49,17,32,43988,22596,21392
376,District-Mayurbhanj,Total,6,31991,16399,15592,11,11,0,15,5,10,7,4,3,356,192,164,119,70,49,150,76,74,61,28,33,31272,16013,15259
376,District-Mayurbhanj,Total,7,15268,7407,7861,22,16,6,32,19,13,9,4,5,689,357,332,67,37,30,142,69,73,88,32,56,14219,6873,7346
376,District-Mayurbhanj,Total,8,10955,5325,5630,32,20,12,47,27,20,17,7,10,938,466,472,70,41,29,163,66,97,117,48,69,9571,4650,4921
376,District-Mayurbhanj,Total,9,7042,3341,3701,33,22,11,64,30,34,23,10,13,926,487,439,98,50,48,197,81,116,154,51,103,5547,2610,2937
376,District-Mayurbhanj,Total,10,9899,4780,5119,57,33,24,120,64,56,65,41,24,1509,789,720,168,92,76,431,172,259,285,94,191,7264,3495,3769
376,District-Mayurbhanj,Total,11,7248,3377,3871,147,99,48,265,131,134,144,77,67,1671,903,768,199,92,107,487,168,319,264,98,166,4071,1809,2262
376,District-Mayurbhanj,Total,12,11928,5699,6229,273,185,88,722,376,346,320,148,172,3170,1771,1399,442,227,215,1142,420,722,577,191,386,5282,2381,2901
376,District-Mayurbhanj,Total,13,10730,4986,5744,425,275,150,1023,516,507,459,228,231,3199,1726,1473,398,182,216,1150,400,750,555,184,371,3521,1475,2046
376,District-Mayurbhanj,Total,14,13880,6675,7205,794,547,247,1919,1060,859,786,396,390,4188,2256,1932,569,257,312,1718,570,1148,700,236,464,3206,1353,1853
376,District-Mayurbhanj,Total,15,21102,10512,10590,1506,1056,450,3785,2226,1559,1497,795,702,5870,3151,2719,1092,516,576,2952,1051,1901,1113,418,695,3287,1299,1988
376,District-Mayurbhanj,Total,16,22488,11206,11282,2076,1485,591,4802,2737,2065,1729,956,773,6106,3103,3003,1076,520,556,3218,1160,2058,1007,322,685,2474,923,1551
376,District-Mayurbhanj,Total,17,21723,10834,10889,2349,1687,662,5298,3071,2227,1756,982,774,5963,2782,3181,1033,496,537,2760,980,1780,882,261,621,1682,575,1107
376,District-Mayurbhanj,Total,18,39319,18881,20438,4864,3536,1328,10021,5701,4320,3125,1694,1431,9200,3843,5357,2222,1068,1154,5613,1831,3782,1574,475,1099,2700,733,1967
376,District-Mayurbhanj,Total,19,29244,13243,16001,3960,2949,1011,7590,4062,3528,2252,1126,1126,7270,2683,4587,1563,692,871,3806,1104,2702,1047,248,799,1756,379,1377
376,District-Mayurbhanj,Rural,5-19,284579,138922,145657,15141,10719,4422,35095,19618,15477,11937,6302,5635,46947,22851,24096,8898,4201,4697,23890,8123,15767,8362,2653,5709,134309,64455,69854
376,District-Mayurbhanj,Rural,5,42433,21790,20643,7,6,1,18,11,7,3,2,1,205,103,102,163,96,67,188,90,98,48,17,31,41801,21465,20336
376,District-Mayurbhanj,Rural,6,30353,15525,14828,11,11,0,15,5,10,7,4,3,331,177,154,114,65,49,140,69,71,58,26,32,29677,15168,14509
376,District-Mayurbhanj,Rural,7,14866,7199,7667,20,14,6,32,19,13,9,4,5,642,325,317,66,36,30,139,66,73,88,32,56,13870,6703,7167
376,District-Mayurbhanj,Rural,8,10694,5205,5489,29,18,11,47,27,20,17,7,10,889,445,444,68,40,28,161,65,96,116,48,68,9367,4555,4812
376,District-Mayurbhanj,Rural,9,6870,3258,3612,32,21,11,64,30,34,23,10,13,880,466,414,94,48,46,195,81,114,154,51,103,5428,2551,2877
376,District-Mayurbhanj,Rural,10,9644,4650,4994,52,29,23,112,59,53,64,40,24,1431,748,683,165,90,75,427,170,257,283,94,189,7110,3420,3690
376,District-Mayurbhanj,Rural,11,7014,3260,3754,136,90,46,260,128,132,142,75,67,1577,852,725,190,85,105,483,168,315,263,98,165,3963,1764,2199
376,District-Mayurbhanj,Rural,12,11556,5498,6058,253,168,85,710,368,342,305,140,165,3006,1678,1328,431,221,210,1130,414,716,573,190,383,5148,2319,2829
376,District-Mayurbhanj,Rural,13,10360,4799,5561,393,254,139,1003,501,502,452,223,229,3002,1628,1374,388,179,209,1141,394,747,549,183,366,3432,1437,1995
376,District-Mayurbhanj,Rural,14,13333,6398,6935,727,493,234,1876,1030,846,765,386,379,3920,2131,1789,551,247,304,1700,562,1138,691,231,460,3103,1318,1785
376,District-Mayurbhanj,Rural,15,20324,10091,10233,1405,969,436,3713,2179,1534,1468,777,691,5478,2973,2505,1047,485,562,2927,1034,1893,1095,411,684,3191,1263,1928
376,District-Mayurbhanj,Rural,16,21572,10692,10880,1907,1342,565,4731,2689,2042,1699,930,769,5650,2890,2760,1022,493,529,3188,1145,2043,993,319,674,2382,884,1498
376,District-Mayurbhanj,Rural,17,20575,10233,10342,2139,1507,632,5197,3000,2197,1714,957,757,5346,2534,2812,980,467,513,2737,969,1768,868,253,615,1594,546,1048
376,District-Mayurbhanj,Rural,18,37443,17930,19513,4455,3189,1266,9860,5602,4258,3064,1656,1408,8241,3506,4735,2133,1006,1127,5558,1807,3751,1556,462,1094,2576,702,1874
376,District-Mayurbhanj,Rural,19,27542,12394,15148,3575,2608,967,7457,3970,3487,2205,1091,1114,6349,2395,3954,1486,643,843,3776,1089,2687,1027,238,789,1667,360,1307
376,District-Mayurbhanj,Urban,5-19,12894,6685,6209,1417,1210,207,626,418,208,255,168,87,4335,1773,2562,385,237,148,234,120,114,111,50,61,5531,2709,2822
376,District-Mayurbhanj,Urban,5,2223,1152,1071,2,2,0,0,0,0,0,0,0,22,12,10,4,2,2,7,5,2,1,0,1,2187,1131,1056
376,District-Mayurbhanj,Urban,6,1638,874,764,0,0,0,0,0,0,0,0,0,25,15,10,5,5,0,10,7,3,3,2,1,1595,845,750
376,District-Mayurbhanj,Urban,7,402,208,194,2,2,0,0,0,0,0,0,0,47,32,15,1,1,0,3,3,0,0,0,0,349,170,179
376,District-Mayurbhanj,Urban,8,261,120,141,3,2,1,0,0,0,0,0,0,49,21,28,2,1,1,2,1,1,1,0,1,204,95,109
376,District-Mayurbhanj,Urban,9,172,83,89,1,1,0,0,0,0,0,0,0,46,21,25,4,2,2,2,0,2,0,0,0,119,59,60
376,District-Mayurbhanj,Urban,10,255,130,125,5,4,1,8,5,3,1,1,0,78,41,37,3,2,1,4,2,2,2,0,2,154,75,79
376,District-Mayurbhanj,Urban,11,234,117,117,11,9,2,5,3,2,2,2,0,94,51,43,9,7,2,4,0,4,1,0,1,108,45,63
376,District-Mayurbhanj,Urban,12,372,201,171,20,17,3,12,8,4,15,8,7,164,93,71,11,6,5,12,6,6,4,1,3,134,62,72
376,District-Mayurbhanj,Urban,13,370,187,183,32,21,11,20,15,5,7,5,2,197,98,99,10,3,7,9,6,3,6,1,5,89,38,51
376,District-Mayurbhanj,Urban,14,547,277,270,67,54,13,43,30,13,21,10,11,268,125,143,18,10,8,18,8,10,9,5,4,103,35,68
376,District-Mayurbhanj,Urban,15,778,421,357,101,87,14,72,47,25,29,18,11,392,178,214,45,31,14,25,17,8,18,7,11,96,36,60
376,District-Mayurbhanj,Urban,16,916,514,402,169,143,26,71,48,23,30,26,4,456,213,243,54,27,27,30,15,15,14,3,11,92,39,53
376,District-Mayurbhanj,Urban,17,1148,601,547,210,180,30,101,71,30,42,25,17,617,248,369,53,29,24,23,11,12,14,8,6,88,29,59
376,District-Mayurbhanj,Urban,18,1876,951,925,409,347,62,161,99,62,61,38,23,959,337,622,89,62,27,55,24,31,18,13,5,124,31,93
376,District-Mayurbhanj,Urban,19,1702,849,853,385,341,44,133,92,41,47,35,12,921,288,633,77,49,28,30,15,15,20,10,10,89,19,70
377,District-Baleshwar,Total,5-19,215147,107368,107779,21197,18651,2546,19669,12925,6744,7708,3933,3775,61881,21752,40129,5156,2965,2191,5079,1940,3139,1928,714,1214,92529,44488,48041
377,District-Baleshwar,Total,5,36782,18937,17845,25,21,4,13,13,0,4,3,1,684,357,327,115,68,47,95,52,43,23,11,12,35823,18412,17411
377,District-Baleshwar,Total,6,24743,12746,11997,18,13,5,17,11,6,1,0,1,611,311,300,66,39,27,69,41,28,42,24,18,23919,12307,11612
377,District-Baleshwar,Total,7,7876,3982,3894,31,24,7,10,7,3,4,3,1,633,309,324,28,15,13,49,26,23,21,9,12,7100,3589,3511
377,District-Baleshwar,Total,8,4978,2427,2551,31,23,8,29,17,12,9,5,4,657,318,339,25,11,14,45,24,21,26,10,16,4156,2019,2137
377,District-Baleshwar,Total,9,3083,1488,1595,23,17,6,29,14,15,13,6,7,615,321,294,30,17,13,35,19,16,30,10,20,2308,1084,1224
377,District-Baleshwar,Total,10,4804,2371,2433,48,36,12,48,33,15,37,22,15,1054,538,516,54,33,21,89,41,48,56,19,37,3418,1649,1769
377,District-Baleshwar,Total,11,3490,1644,1846,145,112,33,110,58,52,49,31,18,1172,562,610,72,32,40,90,38,52,68,34,34,1784,777,1007
377,District-Baleshwar,Total,12,5647,2808,2839,288,239,49,297,184,113,152,80,72,2118,1046,1072,173,99,74,218,85,133,124,53,71,2277,1022,1255
377,District-Baleshwar,Total,13,5982,2868,3114,401,328,73,474,277,197,254,129,125,2626,1209,1417,184,98,86,212,66,146,149,48,101,1682,713,969
377,District-Baleshwar,Total,14,8553,4237,4316,792,652,140,844,527,317,451,246,205,3933,1786,2147,295,170,125,359,139,220,170,61,109,1709,656,1053
377,District-Baleshwar,Total,15,14084,7079,7005,1778,1503,275,1922,1266,656,821,442,379,6141,2489,3652,597,344,253,645,264,381,243,103,140,1937,668,1269
377,District-Baleshwar,Total,16,17431,8754,8677,2597,2236,361,2692,1805,887,1177,636,541,7764,2841,4923,669,380,289,731,269,462,224,85,139,1577,502,1075
377,District-Baleshwar,Total,17,19223,9486,9737,3212,2823,389,3172,2126,1046,1208,601,607,8898,2921,5977,618,366,252,615,235,380,207,57,150,1293,357,936
377,District-Baleshwar,Total,18,31733,15822,15911,6265,5645,620,5400,3619,1781,1972,999,973,13255,3821,9434,1305,753,552,1111,407,704,322,115,207,2103,463,1640
377,District-Baleshwar,Total,19,26738,12719,14019,5543,4979,564,4612,2968,1644,1556,730,826,11720,2923,8797,925,540,385,716,234,482,223,75,148,1443,270,1173
377,District-Baleshwar,Rural,5-19,195303,97380,97923,18814,16484,2330,18932,12384,6548,7564,3815,3749,55194,19379,35815,4563,2594,1969,4813,1812,3001,1851,662,1189,83572,40250,43322
377,District-Baleshwar,Rural,5,33595,17347,16248,21,19,2,13,13,0,4,3,1,636,325,311,103,62,41,87,48,39,23,11,12,32708,16866,15842
377,District-Baleshwar,Rural,6,22430,11577,10853,16,12,4,16,10,6,1,0,1,558,281,277,59,34,25,57,36,21,40,23,17,21683,11181,10502
377,District-Baleshwar,Rural,7,7168,3639,3529,29,23,6,10,7,3,4,3,1,541,272,269,26,13,13,47,25,22,20,8,12,6491,3288,3203
377,District-Baleshwar,Rural,8,4491,2181,2310,27,21,6,26,14,12,9,5,4,579,277,302,22,11,11,39,19,20,26,10,16,3763,1824,1939
377,District-Baleshwar,Rural,9,2752,1329,1423,20,14,6,27,13,14,12,6,6,548,293,255,26,13,13,30,15,15,30,10,20,2059,965,1094
377,District-Baleshwar,Rural,10,4286,2112,2174,40,30,10,46,32,14,37,22,15,923,466,457,48,30,18,84,39,45,55,19,36,3053,1474,1579
377,District-Baleshwar,Rural,11,3107,1455,1652,121,92,29,109,57,52,45,28,17,1026,496,530,63,25,38,83,35,48,67,33,34,1593,689,904
377,District-Baleshwar,Rural,12,5040,2482,2558,257,212,45,287,176,111,149,78,71,1883,936,947,149,83,66,205,78,127,121,53,68,1989,866,1123
377,District-Baleshwar,Rural,13,5345,2554,2791,354,287,67,456,266,190,249,125,124,2311,1070,1241,162,81,81,198,59,139,144,45,99,1471,621,850
377,District-Baleshwar,Rural,14,7724,3813,3911,694,565,129,809,507,302,435,231,204,3529,1604,1925,254,142,112,342,133,209,160,55,105,1501,576,925
377,District-Baleshwar,Rural,15,12806,6415,6391,1572,1317,255,1840,1210,630,808,431,377,5516,2244,3272,524,302,222,615,249,366,234,96,138,1697,566,1131
377,District-Baleshwar,Rural,16,15899,7947,7952,2307,1969,338,2595,1725,870,1159,620,539,6948,2534,4414,592,336,256,699,251,448,212,75,137,1387,437,950
377,District-Baleshwar,Rural,17,17475,8622,8853,2876,2518,358,3058,2049,1009,1190,587,603,7927,2587,5340,551,322,229,581,220,361,195,49,146,1097,290,807
377,District-Baleshwar,Rural,18,28909,14375,14534,5532,4974,558,5209,3469,1740,1938,970,968,11853,3405,8448,1169,672,497,1060,384,676,315,110,205,1833,391,1442
377,District-Baleshwar,Rural,19,24276,11532,12744,4948,4431,517,4431,2836,1595,1524,706,818,10416,2589,7827,815,468,347,686,221,465,209,65,144,1247,216,1031
377,District-Baleshwar,Urban,5-19,19844,9988,9856,2383,2167,216,737,541,196,144,118,26,6687,2373,4314,593,371,222,266,128,138,77,52,25,8957,4238,4719
377,District-Baleshwar,Urban,5,3187,1590,1597,4,2,2,0,0,0,0,0,0,48,32,16,12,6,6,8,4,4,0,0,0,3115,1546,1569
377,District-Baleshwar,Urban,6,2313,1169,1144,2,1,1,1,1,0,0,0,0,53,30,23,7,5,2,12,5,7,2,1,1,2236,1126,1110
377,District-Baleshwar,Urban,7,708,343,365,2,1,1,0,0,0,0,0,0,92,37,55,2,2,0,2,1,1,1,1,0,609,301,308
377,District-Baleshwar,Urban,8,487,246,241,4,2,2,3,3,0,0,0,0,78,41,37,3,0,3,6,5,1,0,0,0,393,195,198
377,District-Baleshwar,Urban,9,331,159,172,3,3,0,2,1,1,1,0,1,67,28,39,4,4,0,5,4,1,0,0,0,249,119,130
377,District-Baleshwar,Urban,10,518,259,259,8,6,2,2,1,1,0,0,0,131,72,59,6,3,3,5,2,3,1,0,1,365,175,190
377,District-Baleshwar,Urban,11,383,189,194,24,20,4,1,1,0,4,3,1,146,66,80,9,7,2,7,3,4,1,1,0,191,88,103
377,District-Baleshwar,Urban,12,607,326,281,31,27,4,10,8,2,3,2,1,235,110,125,24,16,8,13,7,6,3,0,3,288,156,132
377,District-Baleshwar,Urban,13,637,314,323,47,41,6,18,11,7,5,4,1,315,139,176,22,17,5,14,7,7,5,3,2,211,92,119
377,District-Baleshwar,Urban,14,829,424,405,98,87,11,35,20,15,16,15,1,404,182,222,41,28,13,17,6,11,10,6,4,208,80,128
377,District-Baleshwar,Urban,15,1278,664,614,206,186,20,82,56,26,13,11,2,625,245,380,73,42,31,30,15,15,9,7,2,240,102,138
377,District-Baleshwar,Urban,16,1532,807,725,290,267,23,97,80,17,18,16,2,816,307,509,77,44,33,32,18,14,12,10,2,190,65,125
377,District-Baleshwar,Urban,17,1748,864,884,336,305,31,114,77,37,18,14,4,971,334,637,67,44,23,34,15,19,12,8,4,196,67,129
377,District-Baleshwar,Urban,18,2824,1447,1377,733,671,62,191,150,41,34,29,5,1402,416,986,136,81,55,51,23,28,7,5,2,270,72,198
377,District-Baleshwar,Urban,19,2462,1187,1275,595,548,47,181,132,49,32,24,8,1304,334,970,110,72,38,30,13,17,14,10,4,196,54,142
378,District-Bhadrak,Total,5-19,133182,64504,68678,10124,9426,698,8284,7032,1252,2596,2095,501,55931,18366,37565,1768,1297,471,1195,750,445,421,250,171,52863,25288,27575
378,District-Bhadrak,Total,5,21577,11268,10309,15,13,2,8,7,1,0,0,0,206,96,110,86,51,35,49,29,20,3,2,1,21210,11070,10140
378,District-Bhadrak,Total,6,13413,6906,6507,13,11,2,7,2,5,0,0,0,290,138,152,53,25,28,44,23,21,8,7,1,12998,6700,6298
378,District-Bhadrak,Total,7,4071,2034,2037,28,21,7,10,6,4,2,1,1,315,145,170,25,11,14,9,6,3,0,0,0,3682,1844,1838
378,District-Bhadrak,Total,8,1955,1002,953,22,15,7,12,11,1,0,0,0,341,166,175,15,6,9,6,4,2,0,0,0,1559,800,759
378,District-Bhadrak,Total,9,1717,853,864,15,9,6,17,13,4,2,2,0,336,163,173,19,11,8,7,6,1,3,1,2,1318,648,670
378,District-Bhadrak,Total,10,2824,1356,1468,31,24,7,27,20,7,6,6,0,633,277,356,22,12,10,26,14,12,6,4,2,2073,999,1074
378,District-Bhadrak,Total,11,2186,1100,1086,97,84,13,63,44,19,9,7,2,829,373,456,34,25,9,19,12,7,6,2,4,1129,553,576
378,District-Bhadrak,Total,12,2765,1362,1403,124,108,16,96,79,17,31,21,10,1404,619,785,46,31,15,33,27,6,19,12,7,1012,465,547
378,District-Bhadrak,Total,13,3322,1612,1710,209,178,31,134,111,23,58,44,14,2003,883,1120,56,39,17,34,23,11,19,11,8,809,323,486
378,District-Bhadrak,Total,14,5101,2478,2623,324,292,32,290,241,49,97,81,16,3282,1372,1910,103,77,26,79,44,35,28,17,11,898,354,544
378,District-Bhadrak,Total,15,8731,4046,4685,729,679,50,599,485,114,221,176,45,5713,2079,3634,160,128,32,124,79,45,66,43,23,1119,377,742
378,District-Bhadrak,Total,16,12060,5480,6580,1126,1043,83,1019,865,154,411,330,81,7892,2617,5275,217,174,43,150,101,49,47,24,23,1198,326,872
378,District-Bhadrak,Total,17,13751,6337,7414,1601,1483,118,1376,1179,197,427,339,88,8852,2763,6089,231,170,61,138,87,51,62,40,22,1064,276,788
378,District-Bhadrak,Total,18,21081,9953,11128,2983,2827,156,2349,2022,327,713,572,141,12743,3671,9072,404,321,83,255,162,93,95,57,38,1539,321,1218
378,District-Bhadrak,Total,19,18628,8717,9911,2807,2639,168,2277,1947,330,619,516,103,11092,3004,8088,297,216,81,222,133,89,59,30,29,1255,232,1023
378,District-Bhadrak,Rural,5-19,114715,55137,59578,8554,7986,568,7551,6402,1149,2358,1902,456,49098,15827,33271,1161,818,343,937,567,370,350,199,151,44706,21436,23270
378,District-Bhadrak,Rural,5,19050,9931,9119,12,11,1,6,5,1,0,0,0,173,79,94,75,45,30,42,25,17,3,2,1,18739,9764,8975
378,District-Bhadrak,Rural,6,11795,6062,5733,8,7,1,7,2,5,0,0,0,252,115,137,42,18,24,36,19,17,8,7,1,11442,5894,5548
378,District-Bhadrak,Rural,7,3446,1727,1719,25,20,5,10,6,4,2,1,1,241,103,138,22,10,12,8,5,3,0,0,0,3138,1582,1556
378,District-Bhadrak,Rural,8,1564,806,758,19,14,5,7,6,1,0,0,0,284,138,146,14,6,8,6,4,2,0,0,0,1234,638,596
378,District-Bhadrak,Rural,9,1360,659,701,10,5,5,11,9,2,2,2,0,254,118,136,13,8,5,5,4,1,2,1,1,1063,512,551
378,District-Bhadrak,Rural,10,2295,1082,1213,25,20,5,25,18,7,5,5,0,501,212,289,18,9,9,20,10,10,6,4,2,1695,804,891
378,District-Bhadrak,Rural,11,1726,842,884,78,69,9,55,37,18,9,7,2,673,292,381,20,12,8,12,7,5,6,2,4,873,416,457
378,District-Bhadrak,Rural,12,2126,1020,1106,99,87,12,81,64,17,27,19,8,1121,487,634,29,16,13,23,19,4,15,8,7,731,320,411
378,District-Bhadrak,Rural,13,2596,1231,1365,169,143,26,121,99,22,40,30,10,1617,697,920,38,25,13,23,15,8,13,7,6,575,215,360
378,District-Bhadrak,Rural,14,4173,1982,2191,241,215,26,250,208,42,82,69,13,2777,1145,1632,64,47,17,64,34,30,24,14,10,671,250,421
378,District-Bhadrak,Rural,15,7299,3347,3952,588,544,44,530,431,99,189,153,36,4946,1791,3155,109,84,25,104,66,38,57,36,21,776,242,534
378,District-Bhadrak,Rural,16,10396,4662,5734,923,858,65,924,782,142,379,308,71,7008,2303,4705,133,101,32,116,72,44,35,16,19,878,222,656
378,District-Bhadrak,Rural,17,11949,5476,6473,1343,1246,97,1257,1076,181,388,308,80,7857,2433,5424,153,117,36,108,66,42,51,30,21,792,200,592
378,District-Bhadrak,Rural,18,18473,8644,9829,2589,2458,131,2139,1837,302,661,527,134,11411,3244,8167,253,193,60,193,119,74,82,48,34,1145,218,927
378,District-Bhadrak,Rural,19,16467,7666,8801,2425,2289,136,2128,1822,306,574,473,101,9983,2670,7313,178,127,51,177,102,75,48,24,24,954,159,795
378,District-Bhadrak,Urban,5-19,18467,9367,9100,1570,1440,130,733,630,103,238,193,45,6833,2539,4294,607,479,128,258,183,75,71,51,20,8157,3852,4305
378,District-Bhadrak,Urban,5,2527,1337,1190,3,2,1,2,2,0,0,0,0,33,17,16,11,6,5,7,4,3,0,0,0,2471,1306,1165
378,District-Bhadrak,Urban,6,1618,844,774,5,4,1,0,0,0,0,0,0,38,23,15,11,7,4,8,4,4,0,0,0,1556,806,750
378,District-Bhadrak,Urban,7,625,307,318,3,1,2,0,0,0,0,0,0,74,42,32,3,1,2,1,1,0,0,0,0,544,262,282
378,District-Bhadrak,Urban,8,391,196,195,3,1,2,5,5,0,0,0,0,57,28,29,1,0,1,0,0,0,0,0,0,325,162,163
378,District-Bhadrak,Urban,9,357,194,163,5,4,1,6,4,2,0,0,0,82,45,37,6,3,3,2,2,0,1,0,1,255,136,119
378,District-Bhadrak,Urban,10,529,274,255,6,4,2,2,2,0,1,1,0,132,65,67,4,3,1,6,4,2,0,0,0,378,195,183
378,District-Bhadrak,Urban,11,460,258,202,19,15,4,8,7,1,0,0,0,156,81,75,14,13,1,7,5,2,0,0,0,256,137,119
378,District-Bhadrak,Urban,12,639,342,297,25,21,4,15,15,0,4,2,2,283,132,151,17,15,2,10,8,2,4,4,0,281,145,136
378,District-Bhadrak,Urban,13,726,381,345,40,35,5,13,12,1,18,14,4,386,186,200,18,14,4,11,8,3,6,4,2,234,108,126
378,District-Bhadrak,Urban,14,928,496,432,83,77,6,40,33,7,15,12,3,505,227,278,39,30,9,15,10,5,4,3,1,227,104,123
378,District-Bhadrak,Urban,15,1432,699,733,141,135,6,69,54,15,32,23,9,767,288,479,51,44,7,20,13,7,9,7,2,343,135,208
378,District-Bhadrak,Urban,16,1664,818,846,203,185,18,95,83,12,32,22,10,884,314,570,84,73,11,34,29,5,12,8,4,320,104,216
378,District-Bhadrak,Urban,17,1802,861,941,258,237,21,119,103,16,39,31,8,995,330,665,78,53,25,30,21,9,11,10,1,272,76,196
378,District-Bhadrak,Urban,18,2608,1309,1299,394,369,25,210,185,25,52,45,7,1332,427,905,151,128,23,62,43,19,13,9,4,394,103,291
378,District-Bhadrak,Urban,19,2161,1051,1110,382,350,32,149,125,24,45,43,2,1109,334,775,119,89,30,45,31,14,11,6,5,301,73,228
379,District-Kendrapara ,Total,5-19,111865,53791,58074,8531,7830,701,8635,6597,2038,2802,1738,1064,51085,17201,33884,612,462,150,662,369,293,236,118,118,39302,19476,19826
379,District-Kendrapara ,Total,5,19007,9864,9143,16,14,2,6,2,4,0,0,0,164,67,97,43,26,17,45,17,28,8,2,6,18725,9736,8989
379,District-Kendrapara ,Total,6,11483,5940,5543,10,10,0,7,4,3,2,2,0,222,103,119,30,22,8,22,12,10,6,3,3,11184,5784,5400
379,District-Kendrapara ,Total,7,2797,1390,1407,23,17,6,7,7,0,5,1,4,345,162,183,8,5,3,14,5,9,8,3,5,2387,1190,1197
379,District-Kendrapara ,Total,8,1282,641,641,14,13,1,11,5,6,2,2,0,352,166,186,5,1,4,9,5,4,5,4,1,884,445,439
379,District-Kendrapara ,Total,9,867,442,425,15,12,3,13,6,7,2,2,0,299,151,148,6,5,1,7,3,4,2,1,1,523,262,261
379,District-Kendrapara ,Total,10,1282,608,674,9,7,2,18,10,8,6,2,4,444,186,258,8,3,5,8,4,4,7,3,4,782,393,389
379,District-Kendrapara ,Total,11,1200,617,583,43,40,3,33,23,10,13,3,10,636,290,346,13,8,5,9,5,4,6,4,2,447,244,203
379,District-Kendrapara ,Total,12,1816,872,944,97,82,15,85,60,25,35,17,18,1071,460,611,9,6,3,17,8,9,13,9,4,489,230,259
379,District-Kendrapara ,Total,13,2459,1203,1256,148,134,14,137,93,44,67,43,24,1640,717,923,15,13,2,18,12,6,18,10,8,416,181,235
379,District-Kendrapara ,Total,14,4156,1961,2195,240,213,27,317,223,94,136,75,61,2940,1217,1723,28,23,5,30,17,13,19,9,10,446,184,262
379,District-Kendrapara ,Total,15,7331,3407,3924,551,486,65,697,527,170,299,197,102,5081,1897,3184,54,38,16,74,38,36,21,13,8,554,211,343
379,District-Kendrapara ,Total,16,10496,4720,5776,919,836,83,1105,848,257,420,260,160,7316,2499,4817,78,57,21,70,40,30,36,17,19,552,163,389
379,District-Kendrapara ,Total,17,12375,5622,6753,1370,1227,143,1470,1124,346,516,322,194,8304,2705,5599,68,57,11,81,39,42,22,7,15,544,141,403
379,District-Kendrapara ,Total,18,18632,8740,9892,2547,2378,169,2445,1926,519,696,443,253,11825,3588,8237,140,109,31,154,94,60,45,22,23,780,180,600
379,District-Kendrapara ,Total,19,16682,7764,8918,2529,2361,168,2284,1739,545,603,369,234,10446,2993,7453,107,89,18,104,70,34,20,11,9,589,132,457
379,District-Kendrapara ,Rural,5-19,105372,50491,54881,7638,7010,628,8320,6340,1980,2638,1638,1000,48442,16343,32099,512,388,124,625,349,276,225,110,115,36972,18313,18659
379,District-Kendrapara ,Rural,5,17953,9337,8616,13,11,2,6,2,4,0,0,0,155,63,92,42,25,17,45,17,28,8,2,6,17684,9217,8467
379,District-Kendrapara ,Rural,6,10861,5609,5252,8,8,0,7,4,3,2,2,0,210,97,113,26,19,7,22,12,10,6,3,3,10580,5464,5116
379,District-Kendrapara ,Rural,7,2619,1298,1321,18,14,4,7,7,0,5,1,4,321,153,168,6,3,3,13,5,8,8,3,5,2241,1112,1129
379,District-Kendrapara ,Rural,8,1188,585,603,14,13,1,10,4,6,2,2,0,331,155,176,5,1,4,9,5,4,5,4,1,812,401,411
379,District-Kendrapara ,Rural,9,826,416,410,13,10,3,13,6,7,2,2,0,287,145,142,5,4,1,7,3,4,2,1,1,497,245,252
379,District-Kendrapara ,Rural,10,1190,562,628,9,7,2,17,9,8,5,1,4,408,170,238,7,2,5,8,4,4,5,3,2,731,366,365
379,District-Kendrapara ,Rural,11,1131,576,555,42,39,3,33,23,10,11,2,9,607,275,332,13,8,5,9,5,4,6,4,2,410,220,190
379,District-Kendrapara ,Rural,12,1687,798,889,91,77,14,84,59,25,28,11,17,1005,423,582,7,5,2,16,8,8,13,9,4,443,206,237
379,District-Kendrapara ,Rural,13,2308,1116,1192,131,117,14,131,87,44,62,39,23,1549,676,873,12,10,2,17,11,6,16,8,8,390,168,222
379,District-Kendrapara ,Rural,14,3884,1823,2061,210,190,20,299,208,91,127,69,58,2781,1153,1628,21,18,3,26,14,12,19,9,10,401,162,239
379,District-Kendrapara ,Rural,15,6881,3172,3709,467,411,56,670,504,166,289,190,99,4813,1794,3019,42,31,11,71,37,34,19,11,8,510,194,316
379,District-Kendrapara ,Rural,16,9871,4412,5459,820,741,79,1050,807,243,390,241,149,6940,2374,4566,62,46,16,63,37,26,36,17,19,510,149,361
379,District-Kendrapara ,Rural,17,11685,5295,6390,1235,1105,130,1415,1080,335,485,304,181,7893,2587,5306,56,47,9,78,38,40,21,6,15,502,128,374
379,District-Kendrapara ,Rural,18,17519,8163,9356,2264,2115,149,2357,1854,503,660,426,234,11225,3410,7815,112,88,24,144,87,57,42,20,22,715,163,552
379,District-Kendrapara ,Rural,19,15769,7329,8440,2303,2152,151,2221,1686,535,570,348,222,9917,2868,7049,96,81,15,97,66,31,19,10,9,546,118,428
379,District-Kendrapara ,Urban,5-19,6493,3300,3193,893,820,73,315,257,58,164,100,64,2643,858,1785,100,74,26,37,20,17,11,8,3,2330,1163,1167
379,District-Kendrapara ,Urban,5,1054,527,527,3,3,0,0,0,0,0,0,0,9,4,5,1,1,0,0,0,0,0,0,0,1041,519,522
379,District-Kendrapara ,Urban,6,622,331,291,2,2,0,0,0,0,0,0,0,12,6,6,4,3,1,0,0,0,0,0,0,604,320,284
379,District-Kendrapara ,Urban,7,178,92,86,5,3,2,0,0,0,0,0,0,24,9,15,2,2,0,1,0,1,0,0,0,146,78,68
379,District-Kendrapara ,Urban,8,94,56,38,0,0,0,1,1,0,0,0,0,21,11,10,0,0,0,0,0,0,0,0,0,72,44,28
379,District-Kendrapara ,Urban,9,41,26,15,2,2,0,0,0,0,0,0,0,12,6,6,1,1,0,0,0,0,0,0,0,26,17,9
379,District-Kendrapara ,Urban,10,92,46,46,0,0,0,1,1,0,1,1,0,36,16,20,1,1,0,0,0,0,2,0,2,51,27,24
379,District-Kendrapara ,Urban,11,69,41,28,1,1,0,0,0,0,2,1,1,29,15,14,0,0,0,0,0,0,0,0,0,37,24,13
379,District-Kendrapara ,Urban,12,129,74,55,6,5,1,1,1,0,7,6,1,66,37,29,2,1,1,1,0,1,0,0,0,46,24,22
379,District-Kendrapara ,Urban,13,151,87,64,17,17,0,6,6,0,5,4,1,91,41,50,3,3,0,1,1,0,2,2,0,26,13,13
379,District-Kendrapara ,Urban,14,272,138,134,30,23,7,18,15,3,9,6,3,159,64,95,7,5,2,4,3,1,0,0,0,45,22,23
379,District-Kendrapara ,Urban,15,450,235,215,84,75,9,27,23,4,10,7,3,268,103,165,12,7,5,3,1,2,2,2,0,44,17,27
379,District-Kendrapara ,Urban,16,625,308,317,99,95,4,55,41,14,30,19,11,376,125,251,16,11,5,7,3,4,0,0,0,42,14,28
379,District-Kendrapara ,Urban,17,690,327,363,135,122,13,55,44,11,31,18,13,411,118,293,12,10,2,3,1,2,1,1,0,42,13,29
379,District-Kendrapara ,Urban,18,1113,577,536,283,263,20,88,72,16,36,17,19,600,178,422,28,21,7,10,7,3,3,2,1,65,17,48
379,District-Kendrapara ,Urban,19,913,435,478,226,209,17,63,53,10,33,21,12,529,125,404,11,8,3,7,4,3,1,1,0,43,14,29
380,District-Jagatsinghapur ,Total,5-19,78064,38365,39699,6314,5560,754,5564,3992,1572,1409,957,452,38912,14675,24237,671,493,178,472,240,232,86,38,48,24636,12410,12226
380,District-Jagatsinghapur ,Total,5,12404,6425,5979,16,13,3,5,4,1,0,0,0,323,169,154,34,20,14,41,23,18,5,4,1,11980,6192,5788
380,District-Jagatsinghapur ,Total,6,7742,4076,3666,17,13,4,1,1,0,1,1,0,381,194,187,36,24,12,24,15,9,2,2,0,7280,3826,3454
380,District-Jagatsinghapur ,Total,7,1553,804,749,20,16,4,6,2,4,2,2,0,269,126,143,5,4,1,8,3,5,1,0,1,1242,651,591
380,District-Jagatsinghapur ,Total,8,780,404,376,11,7,4,7,2,5,2,1,1,228,107,121,9,7,2,6,4,2,0,0,0,517,276,241
380,District-Jagatsinghapur ,Total,9,570,284,286,11,5,6,5,4,1,2,1,1,238,115,123,3,3,0,4,2,2,1,1,0,306,153,153
380,District-Jagatsinghapur ,Total,10,849,449,400,12,11,1,16,9,7,3,2,1,294,151,143,4,3,1,8,5,3,1,1,0,511,267,244
380,District-Jagatsinghapur ,Total,11,910,435,475,61,50,11,31,20,11,4,2,2,468,199,269,14,14,0,7,3,4,0,0,0,325,147,178
380,District-Jagatsinghapur ,Total,12,1182,566,616,76,64,12,64,41,23,10,8,2,668,288,380,23,20,3,17,6,11,4,2,2,320,137,183
380,District-Jagatsinghapur ,Total,13,1594,793,801,115,99,16,84,57,27,18,11,7,1078,480,598,25,20,5,15,7,8,1,0,1,258,119,139
380,District-Jagatsinghapur ,Total,14,2696,1298,1398,217,182,35,176,105,71,38,18,20,1957,845,1112,42,28,14,22,10,12,4,2,2,240,108,132
380,District-Jagatsinghapur ,Total,15,5226,2509,2717,449,396,53,417,284,133,117,71,46,3746,1546,2200,89,65,24,47,20,27,12,3,9,349,124,225
380,District-Jagatsinghapur ,Total,16,7070,3346,3724,624,544,80,691,467,224,179,117,62,5159,2038,3121,58,36,22,54,31,23,8,5,3,297,108,189
380,District-Jagatsinghapur ,Total,17,9019,4189,4830,959,835,124,887,629,258,252,173,79,6515,2367,4148,82,55,27,44,23,21,15,6,9,265,101,164
380,District-Jagatsinghapur ,Total,18,13660,6658,7002,1876,1665,211,1589,1173,416,408,288,120,9120,3247,5873,139,111,28,98,44,54,20,7,13,410,123,287
380,District-Jagatsinghapur ,Total,19,12809,6129,6680,1850,1660,190,1585,1194,391,373,262,111,8468,2803,5665,108,83,25,77,44,33,12,5,7,336,78,258
380,District-Jagatsinghapur ,Rural,5-19,69326,34030,35296,5450,4810,640,5289,3801,1488,1362,922,440,35082,13246,21836,405,288,117,403,195,208,73,30,43,21262,10738,10524
380,District-Jagatsinghapur ,Rural,5,10985,5686,5299,14,11,3,4,3,1,0,0,0,297,154,143,22,13,9,35,18,17,5,4,1,10608,5483,5125
380,District-Jagatsinghapur ,Rural,6,6826,3581,3245,13,10,3,1,1,0,1,1,0,356,182,174,30,19,11,19,11,8,2,2,0,6404,3355,3049
380,District-Jagatsinghapur ,Rural,7,1322,685,637,19,15,4,4,1,3,2,2,0,244,113,131,4,4,0,6,2,4,1,0,1,1042,548,494
380,District-Jagatsinghapur ,Rural,8,608,317,291,11,7,4,5,0,5,2,1,1,196,95,101,7,5,2,5,3,2,0,0,0,382,206,176
380,District-Jagatsinghapur ,Rural,9,454,230,224,8,4,4,5,4,1,2,1,1,207,99,108,3,3,0,3,1,2,1,1,0,225,117,108
380,District-Jagatsinghapur ,Rural,10,683,368,315,8,7,1,14,8,6,3,2,1,244,129,115,1,1,0,7,4,3,1,1,0,405,216,189
380,District-Jagatsinghapur ,Rural,11,746,346,400,52,42,10,28,19,9,4,2,2,406,168,238,9,9,0,5,1,4,0,0,0,242,105,137
380,District-Jagatsinghapur ,Rural,12,961,461,500,66,55,11,60,38,22,9,7,2,563,247,316,13,12,1,13,3,10,3,1,2,234,98,136
380,District-Jagatsinghapur ,Rural,13,1361,672,689,97,82,15,79,55,24,18,11,7,947,422,525,14,9,5,13,6,7,1,0,1,192,87,105
380,District-Jagatsinghapur ,Rural,14,2373,1143,1230,183,152,31,166,98,68,37,18,19,1746,762,984,27,16,11,18,8,10,4,2,2,192,87,105
380,District-Jagatsinghapur ,Rural,15,4611,2227,2384,370,328,42,397,272,125,111,66,45,3358,1409,1949,45,34,11,38,15,23,6,0,6,286,103,183
380,District-Jagatsinghapur ,Rural,16,6324,2998,3326,527,460,67,642,432,210,170,111,59,4668,1860,2808,28,17,11,46,26,20,6,3,3,237,89,148
380,District-Jagatsinghapur ,Rural,17,8147,3779,4368,835,731,104,844,600,244,246,169,77,5903,2143,3760,46,28,18,37,18,19,15,6,9,221,84,137
380,District-Jagatsinghapur ,Rural,18,12332,6003,6329,1647,1472,175,1519,1121,398,396,279,117,8257,2925,5332,83,64,19,90,41,49,16,5,11,324,96,228
380,District-Jagatsinghapur ,Rural,19,11593,5534,6059,1600,1434,166,1521,1149,372,361,252,109,7690,2538,5152,73,54,19,68,38,30,12,5,7,268,64,204
380,District-Jagatsinghapur ,Urban,5-19,8738,4335,4403,864,750,114,275,191,84,47,35,12,3830,1429,2401,266,205,61,69,45,24,13,8,5,3374,1672,1702
380,District-Jagatsinghapur ,Urban,5,1419,739,680,2,2,0,1,1,0,0,0,0,26,15,11,12,7,5,6,5,1,0,0,0,1372,709,663
380,District-Jagatsinghapur ,Urban,6,916,495,421,4,3,1,0,0,0,0,0,0,25,12,13,6,5,1,5,4,1,0,0,0,876,471,405
380,District-Jagatsinghapur ,Urban,7,231,119,112,1,1,0,2,1,1,0,0,0,25,13,12,1,0,1,2,1,1,0,0,0,200,103,97
380,District-Jagatsinghapur ,Urban,8,172,87,85,0,0,0,2,2,0,0,0,0,32,12,20,2,2,0,1,1,0,0,0,0,135,70,65
380,District-Jagatsinghapur ,Urban,9,116,54,62,3,1,2,0,0,0,0,0,0,31,16,15,0,0,0,1,1,0,0,0,0,81,36,45
380,District-Jagatsinghapur ,Urban,10,166,81,85,4,4,0,2,1,1,0,0,0,50,22,28,3,2,1,1,1,0,0,0,0,106,51,55
380,District-Jagatsinghapur ,Urban,11,164,89,75,9,8,1,3,1,2,0,0,0,62,31,31,5,5,0,2,2,0,0,0,0,83,42,41
380,District-Jagatsinghapur ,Urban,12,221,105,116,10,9,1,4,3,1,1,1,0,105,41,64,10,8,2,4,3,1,1,1,0,86,39,47
380,District-Jagatsinghapur ,Urban,13,233,121,112,18,17,1,5,2,3,0,0,0,131,58,73,11,11,0,2,1,1,0,0,0,66,32,34
380,District-Jagatsinghapur ,Urban,14,323,155,168,34,30,4,10,7,3,1,0,1,211,83,128,15,12,3,4,2,2,0,0,0,48,21,27
380,District-Jagatsinghapur ,Urban,15,615,282,333,79,68,11,20,12,8,6,5,1,388,137,251,44,31,13,9,5,4,6,3,3,63,21,42
380,District-Jagatsinghapur ,Urban,16,746,348,398,97,84,13,49,35,14,9,6,3,491,178,313,30,19,11,8,5,3,2,2,0,60,19,41
380,District-Jagatsinghapur ,Urban,17,872,410,462,124,104,20,43,29,14,6,4,2,612,224,388,36,27,9,7,5,2,0,0,0,44,17,27
380,District-Jagatsinghapur ,Urban,18,1328,655,673,229,193,36,70,52,18,12,9,3,863,322,541,56,47,9,8,3,5,4,2,2,86,27,59
380,District-Jagatsinghapur ,Urban,19,1216,595,621,250,226,24,64,45,19,12,10,2,778,265,513,35,29,6,9,6,3,0,0,0,68,14,54
381,District-Cuttack,Total,5-19,199989,99536,100453,21369,18651,2718,13571,9741,3830,4154,2688,1466,89515,32592,56923,2637,1733,904,1864,926,938,559,259,300,66320,32946,33374
381,District-Cuttack,Total,5,30357,16049,14308,64,59,5,28,16,12,2,2,0,463,222,241,157,103,54,129,75,54,16,8,8,29498,15564,13934
381,District-Cuttack,Total,6,18638,9713,8925,36,32,4,15,12,3,3,2,1,608,292,316,83,49,34,92,52,40,12,8,4,17789,9266,8523
381,District-Cuttack,Total,7,5041,2494,2547,57,46,11,30,16,14,1,0,1,812,361,451,25,14,11,38,17,21,8,2,6,4070,2038,2032
381,District-Cuttack,Total,8,2665,1283,1382,50,35,15,32,13,19,4,2,2,711,316,395,24,16,8,24,12,12,4,2,2,1816,887,929
381,District-Cuttack,Total,9,2017,996,1021,42,34,8,21,10,11,2,1,1,781,347,434,22,11,11,14,7,7,6,2,4,1129,584,545
381,District-Cuttack,Total,10,3113,1564,1549,58,40,18,37,22,15,8,5,3,1069,524,545,39,22,17,35,17,18,12,6,6,1855,928,927
381,District-Cuttack,Total,11,2833,1398,1435,113,90,23,79,50,29,19,12,7,1464,663,801,43,30,13,39,22,17,17,13,4,1059,518,541
381,District-Cuttack,Total,12,4333,2128,2205,303,239,64,172,107,65,64,43,21,2458,1119,1339,68,41,27,68,33,35,21,9,12,1179,537,642
381,District-Cuttack,Total,13,5131,2497,2634,366,294,72,245,163,82,92,58,34,3318,1484,1834,83,50,33,49,30,19,29,12,17,949,406,543
381,District-Cuttack,Total,14,8442,4134,4308,738,603,135,542,350,192,225,130,95,5669,2462,3207,127,83,44,90,45,45,49,20,29,1002,441,561
381,District-Cuttack,Total,15,14426,6887,7539,1573,1321,252,1160,774,386,445,285,160,9474,3790,5684,253,163,90,203,100,103,57,28,29,1261,426,835
381,District-Cuttack,Total,16,18461,8675,9786,2299,1970,329,1715,1160,555,585,368,217,12159,4479,7680,307,211,96,198,79,119,80,34,46,1118,374,744
381,District-Cuttack,Total,17,21624,10277,11347,3288,2858,430,2116,1501,615,686,450,236,13991,4823,9168,323,213,110,192,94,98,57,22,35,971,316,655
381,District-Cuttack,Total,18,34020,17125,16895,6508,5778,730,3951,2983,968,1098,723,375,19785,6551,13234,631,428,203,390,205,185,119,56,63,1538,401,1137
381,District-Cuttack,Total,19,28888,14316,14572,5874,5252,622,3428,2564,864,920,607,313,16753,5159,11594,452,299,153,303,138,165,72,37,35,1086,260,826
381,District-Cuttack,Rural,5-19,153717,75479,78238,15494,13650,1844,11612,8395,3217,3902,2500,1402,71069,25315,45754,1532,975,557,1382,656,726,505,223,282,48221,23765,24456
381,District-Cuttack,Rural,5,22665,11890,10775,19,17,2,5,3,2,0,0,0,272,137,135,62,38,24,55,31,24,11,4,7,22241,11660,10581
381,District-Cuttack,Rural,6,13322,6928,6394,12,11,1,6,5,1,3,2,1,393,190,203,33,22,11,38,22,16,11,8,3,12826,6668,6158
381,District-Cuttack,Rural,7,3562,1750,1812,19,14,5,16,8,8,1,0,1,481,223,258,15,11,4,19,7,12,7,1,6,3004,1486,1518
381,District-Cuttack,Rural,8,1780,845,935,21,13,8,13,5,8,3,1,2,428,188,240,11,9,2,16,8,8,4,2,2,1284,619,665
381,District-Cuttack,Rural,9,1319,625,694,16,11,5,11,4,7,2,1,1,496,208,288,10,5,5,8,6,2,5,1,4,771,389,382
381,District-Cuttack,Rural,10,2056,1008,1048,23,14,9,21,12,9,8,5,3,720,345,375,17,10,7,22,9,13,11,5,6,1234,608,626
381,District-Cuttack,Rural,11,1860,890,970,58,49,9,57,36,21,16,10,6,1008,445,563,21,15,6,23,12,11,14,10,4,663,313,350
381,District-Cuttack,Rural,12,3104,1490,1614,183,147,36,128,82,46,58,38,20,1820,812,1008,38,21,17,53,25,28,18,7,11,806,358,448
381,District-Cuttack,Rural,13,3820,1822,1998,239,184,55,198,134,64,83,49,34,2572,1141,1431,38,15,23,40,25,15,26,10,16,624,264,360
381,District-Cuttack,Rural,14,6565,3161,3404,505,408,97,470,311,159,212,119,93,4507,1930,2577,72,47,25,69,32,37,44,17,27,686,297,389
381,District-Cuttack,Rural,15,11599,5433,6166,1130,953,177,987,660,327,409,254,155,7825,3081,4744,135,91,44,166,76,90,53,25,28,894,293,601
381,District-Cuttack,Rural,16,14867,6829,8038,1672,1447,225,1470,997,473,558,347,211,9974,3594,6380,191,124,67,160,60,100,75,31,44,767,229,538
381,District-Cuttack,Rural,17,17440,8111,9329,2426,2117,309,1827,1295,532,642,418,224,11484,3873,7611,204,129,75,156,74,82,48,19,29,653,186,467
381,District-Cuttack,Rural,18,27112,13506,13606,4850,4353,497,3455,2618,837,1040,684,356,15863,5120,10743,412,271,141,314,162,152,111,51,60,1067,247,820
381,District-Cuttack,Rural,19,22646,11191,11455,4321,3912,409,2948,2225,723,867,572,295,13226,4028,9198,273,167,106,243,107,136,67,32,35,701,148,553
381,District-Cuttack,Urban,5-19,46272,24057,22215,5875,5001,874,1959,1346,613,252,188,64,18446,7277,11169,1105,758,347,482,270,212,54,36,18,18099,9181,8918
381,District-Cuttack,Urban,5,7692,4159,3533,45,42,3,23,13,10,2,2,0,191,85,106,95,65,30,74,44,30,5,4,1,7257,3904,3353
381,District-Cuttack,Urban,6,5316,2785,2531,24,21,3,9,7,2,0,0,0,215,102,113,50,27,23,54,30,24,1,0,1,4963,2598,2365
381,District-Cuttack,Urban,7,1479,744,735,38,32,6,14,8,6,0,0,0,331,138,193,10,3,7,19,10,9,1,1,0,1066,552,514
381,District-Cuttack,Urban,8,885,438,447,29,22,7,19,8,11,1,1,0,283,128,155,13,7,6,8,4,4,0,0,0,532,268,264
381,District-Cuttack,Urban,9,698,371,327,26,23,3,10,6,4,0,0,0,285,139,146,12,6,6,6,1,5,1,1,0,358,195,163
381,District-Cuttack,Urban,10,1057,556,501,35,26,9,16,10,6,0,0,0,349,179,170,22,12,10,13,8,5,1,1,0,621,320,301
381,District-Cuttack,Urban,11,973,508,465,55,41,14,22,14,8,3,2,1,456,218,238,22,15,7,16,10,6,3,3,0,396,205,191
381,District-Cuttack,Urban,12,1229,638,591,120,92,28,44,25,19,6,5,1,638,307,331,30,20,10,15,8,7,3,2,1,373,179,194
381,District-Cuttack,Urban,13,1311,675,636,127,110,17,47,29,18,9,9,0,746,343,403,45,35,10,9,5,4,3,2,1,325,142,183
381,District-Cuttack,Urban,14,1877,973,904,233,195,38,72,39,33,13,11,2,1162,532,630,55,36,19,21,13,8,5,3,2,316,144,172
381,District-Cuttack,Urban,15,2827,1454,1373,443,368,75,173,114,59,36,31,5,1649,709,940,118,72,46,37,24,13,4,3,1,367,133,234
381,District-Cuttack,Urban,16,3594,1846,1748,627,523,104,245,163,82,27,21,6,2185,885,1300,116,87,29,38,19,19,5,3,2,351,145,206
381,District-Cuttack,Urban,17,4184,2166,2018,862,741,121,289,206,83,44,32,12,2507,950,1557,119,84,35,36,20,16,9,3,6,318,130,188
381,District-Cuttack,Urban,18,6908,3619,3289,1658,1425,233,496,365,131,58,39,19,3922,1431,2491,219,157,62,76,43,33,8,5,3,471,154,317
381,District-Cuttack,Urban,19,6242,3125,3117,1553,1340,213,480,339,141,53,35,18,3527,1131,2396,179,132,47,60,31,29,5,5,0,385,112,273
382,District-Jajapur  ,Total,5-19,160166,78296,81870,9433,8703,730,7173,5884,1289,1661,1367,294,67722,26480,41242,1998,1410,588,2067,1125,942,552,267,285,69560,33060,36500
382,District-Jajapur  ,Total,5,26719,13835,12884,11,10,1,6,4,2,0,0,0,288,142,146,70,42,28,44,21,23,7,4,3,26293,13612,12681
382,District-Jajapur  ,Total,6,16766,8718,8048,8,7,1,5,4,1,1,1,0,360,191,169,44,25,19,45,25,20,3,1,2,16300,8464,7836
382,District-Jajapur  ,Total,7,5301,2658,2643,16,15,1,5,3,2,0,0,0,424,190,234,22,10,12,11,4,7,3,1,2,4820,2435,2385
382,District-Jajapur  ,Total,8,3179,1570,1609,10,9,1,10,4,6,1,1,0,491,255,236,10,5,5,7,3,4,2,0,2,2648,1293,1355
382,District-Jajapur  ,Total,9,2032,974,1058,10,8,2,5,3,2,2,2,0,427,200,227,9,5,4,9,4,5,2,2,0,1568,750,818
382,District-Jajapur  ,Total,10,3215,1590,1625,15,11,4,12,9,3,4,2,2,736,382,354,21,9,12,22,14,8,5,3,2,2400,1160,1240
382,District-Jajapur  ,Total,11,2451,1209,1242,61,56,5,34,24,10,5,4,1,949,451,498,28,23,5,25,11,14,5,4,1,1344,636,708
382,District-Jajapur  ,Total,12,3880,1887,1993,117,98,19,81,61,20,18,14,4,1738,810,928,47,35,12,76,42,34,19,14,5,1784,813,971
382,District-Jajapur  ,Total,13,3879,1891,1988,148,135,13,125,93,32,23,16,7,2151,1020,1131,39,32,7,57,25,32,22,13,9,1314,557,757
382,District-Jajapur  ,Total,14,6034,2943,3091,262,244,18,207,154,53,61,44,17,3722,1742,1980,69,53,16,117,67,50,36,14,22,1560,625,935
382,District-Jajapur  ,Total,15,10127,4848,5279,566,512,54,519,412,107,148,120,28,6434,2756,3678,221,151,70,242,129,113,70,36,34,1927,732,1195
382,District-Jajapur  ,Total,16,13594,6346,7248,960,872,88,806,642,164,244,200,44,9132,3695,5437,216,152,64,265,142,123,76,32,44,1895,611,1284
382,District-Jajapur  ,Total,17,15552,7145,8407,1399,1294,105,1138,926,212,270,229,41,10585,3902,6683,283,194,89,275,150,125,72,30,42,1530,420,1110
382,District-Jajapur  ,Total,18,26092,12646,13446,3052,2840,212,2340,1984,356,468,395,73,16580,6059,10521,507,371,136,536,306,230,133,69,64,2476,622,1854
382,District-Jajapur  ,Total,19,21345,10036,11309,2798,2592,206,1880,1561,319,416,339,77,13705,4685,9020,412,303,109,336,182,154,97,44,53,1701,330,1371
382,District-Jajapur  ,Rural,5-19,149455,73017,76438,8633,7978,655,6866,5636,1230,1580,1304,276,63398,24801,38597,1783,1265,518,1967,1072,895,514,253,261,64714,30708,34006
382,District-Jajapur  ,Rural,5,24793,12815,11978,9,8,1,6,4,2,0,0,0,267,129,138,64,39,25,41,21,20,7,4,3,24399,12610,11789
382,District-Jajapur  ,Rural,6,15527,8081,7446,7,7,0,5,4,1,1,1,0,325,170,155,41,23,18,44,25,19,2,0,2,15102,7851,7251
382,District-Jajapur  ,Rural,7,4947,2469,2478,11,10,1,5,3,2,0,0,0,394,179,215,22,10,12,11,4,7,3,1,2,4501,2262,2239
382,District-Jajapur  ,Rural,8,2922,1440,1482,9,8,1,8,4,4,1,1,0,439,225,214,10,5,5,4,2,2,2,0,2,2449,1195,1254
382,District-Jajapur  ,Rural,9,1872,903,969,9,7,2,4,2,2,1,1,0,399,188,211,8,4,4,8,4,4,2,2,0,1441,695,746
382,District-Jajapur  ,Rural,10,2996,1493,1503,13,10,3,12,9,3,3,2,1,675,355,320,19,8,11,21,13,8,5,3,2,2248,1093,1155
382,District-Jajapur  ,Rural,11,2274,1123,1151,58,54,4,33,23,10,5,4,1,875,414,461,26,21,5,24,10,14,5,4,1,1248,593,655
382,District-Jajapur  ,Rural,12,3610,1757,1853,101,87,14,77,58,19,18,14,4,1620,756,864,42,32,10,70,38,32,16,11,5,1666,761,905
382,District-Jajapur  ,Rural,13,3611,1767,1844,135,126,9,116,85,31,21,16,5,1998,957,1041,32,25,7,53,23,30,20,12,8,1236,523,713
382,District-Jajapur  ,Rural,14,5603,2740,2863,238,226,12,201,151,50,55,38,17,3438,1600,1838,59,46,13,110,64,46,33,14,19,1469,601,868
382,District-Jajapur  ,Rural,15,9446,4504,4942,507,461,46,489,388,101,138,113,25,6027,2584,3443,190,133,57,226,120,106,62,33,29,1807,672,1135
382,District-Jajapur  ,Rural,16,12712,5932,6780,875,791,84,763,605,158,231,190,41,8526,3471,5055,197,138,59,249,135,114,72,31,41,1799,571,1228
382,District-Jajapur  ,Rural,17,14624,6717,7907,1279,1184,95,1082,879,203,259,220,39,9975,3695,6280,251,175,76,264,141,123,68,29,39,1446,394,1052
382,District-Jajapur  ,Rural,18,24490,11836,12654,2793,2604,189,2250,1911,339,446,377,69,15590,5676,9914,453,332,121,519,295,224,124,66,58,2315,575,1740
382,District-Jajapur  ,Rural,19,20028,9440,10588,2589,2395,194,1815,1510,305,401,327,74,12850,4402,8448,369,274,95,323,177,146,93,43,50,1588,312,1276
382,District-Jajapur  ,Urban,5-19,10711,5279,5432,800,725,75,307,248,59,81,63,18,4324,1679,2645,215,145,70,100,53,47,38,14,24,4846,2352,2494
382,District-Jajapur  ,Urban,5,1926,1020,906,2,2,0,0,0,0,0,0,0,21,13,8,6,3,3,3,0,3,0,0,0,1894,1002,892
382,District-Jajapur  ,Urban,6,1239,637,602,1,0,1,0,0,0,0,0,0,35,21,14,3,2,1,1,0,1,1,1,0,1198,613,585
382,District-Jajapur  ,Urban,7,354,189,165,5,5,0,0,0,0,0,0,0,30,11,19,0,0,0,0,0,0,0,0,0,319,173,146
382,District-Jajapur  ,Urban,8,257,130,127,1,1,0,2,0,2,0,0,0,52,30,22,0,0,0,3,1,2,0,0,0,199,98,101
382,District-Jajapur  ,Urban,9,160,71,89,1,1,0,1,1,0,1,1,0,28,12,16,1,1,0,1,0,1,0,0,0,127,55,72
382,District-Jajapur  ,Urban,10,219,97,122,2,1,1,0,0,0,1,0,1,61,27,34,2,1,1,1,1,0,0,0,0,152,67,85
382,District-Jajapur  ,Urban,11,177,86,91,3,2,1,1,1,0,0,0,0,74,37,37,2,2,0,1,1,0,0,0,0,96,43,53
382,District-Jajapur  ,Urban,12,270,130,140,16,11,5,4,3,1,0,0,0,118,54,64,5,3,2,6,4,2,3,3,0,118,52,66
382,District-Jajapur  ,Urban,13,268,124,144,13,9,4,9,8,1,2,0,2,153,63,90,7,7,0,4,2,2,2,1,1,78,34,44
382,District-Jajapur  ,Urban,14,431,203,228,24,18,6,6,3,3,6,6,0,284,142,142,10,7,3,7,3,4,3,0,3,91,24,67
382,District-Jajapur  ,Urban,15,681,344,337,59,51,8,30,24,6,10,7,3,407,172,235,31,18,13,16,9,7,8,3,5,120,60,60
382,District-Jajapur  ,Urban,16,882,414,468,85,81,4,43,37,6,13,10,3,606,224,382,19,14,5,16,7,9,4,1,3,96,40,56
382,District-Jajapur  ,Urban,17,928,428,500,120,110,10,56,47,9,11,9,2,610,207,403,32,19,13,11,9,2,4,1,3,84,26,58
382,District-Jajapur  ,Urban,18,1602,810,792,259,236,23,90,73,17,22,18,4,990,383,607,54,39,15,17,11,6,9,3,6,161,47,114
382,District-Jajapur  ,Urban,19,1317,596,721,209,197,12,65,51,14,15,12,3,855,283,572,43,29,14,13,5,8,4,1,3,113,18,95
383,District-Dhenkanal,Total,5-19,106383,52704,53679,9084,7942,1142,9802,6865,2937,2714,1718,996,47360,17622,29738,1361,840,521,1980,817,1163,567,213,354,33515,16687,16828
383,District-Dhenkanal,Total,5,15277,8306,6971,10,10,0,5,4,1,1,0,1,166,83,83,55,38,17,43,17,26,9,6,3,14988,8148,6840
383,District-Dhenkanal,Total,6,8220,4245,3975,6,5,1,5,3,2,1,1,0,250,116,134,40,25,15,28,15,13,10,7,3,7880,4073,3807
383,District-Dhenkanal,Total,7,2711,1362,1349,14,9,5,5,2,3,3,1,2,283,147,136,11,5,6,16,5,11,11,7,4,2368,1186,1182
383,District-Dhenkanal,Total,8,1487,709,778,14,10,4,18,9,9,3,0,3,290,130,160,10,5,5,21,9,12,13,6,7,1118,540,578
383,District-Dhenkanal,Total,9,971,502,469,9,3,6,15,6,9,2,1,1,264,137,127,5,3,2,19,8,11,10,4,6,647,340,307
383,District-Dhenkanal,Total,10,1545,778,767,23,11,12,21,12,9,9,4,5,467,237,230,10,4,6,29,10,19,15,5,10,971,495,476
383,District-Dhenkanal,Total,11,1410,699,711,69,53,16,66,43,23,24,12,12,623,292,331,20,14,6,43,11,32,20,10,10,545,264,281
383,District-Dhenkanal,Total,12,2457,1155,1302,105,83,22,127,82,45,40,20,20,1392,608,784,35,16,19,64,24,40,36,15,21,658,307,351
383,District-Dhenkanal,Total,13,3184,1487,1697,165,123,42,237,152,85,78,39,39,2017,889,1128,43,24,19,82,36,46,31,9,22,531,215,316
383,District-Dhenkanal,Total,14,4819,2270,2549,294,245,49,401,234,167,154,83,71,3165,1405,1760,60,34,26,138,56,82,42,13,29,565,200,365
383,District-Dhenkanal,Total,15,8530,4064,4466,713,587,126,965,604,361,303,181,122,5422,2212,3210,146,83,63,230,103,127,55,21,34,696,273,423
383,District-Dhenkanal,Total,16,10949,5082,5867,1019,869,150,1398,951,447,410,271,139,7022,2583,4439,157,90,67,249,106,143,66,22,44,628,190,438
383,District-Dhenkanal,Total,17,11547,5574,5973,1374,1208,166,1557,1114,443,415,263,152,7234,2632,4602,159,99,60,237,94,143,61,23,38,510,141,369
383,District-Dhenkanal,Total,18,18755,9371,9384,2798,2505,293,2890,2125,765,756,488,268,10459,3546,6913,383,256,127,469,207,262,129,43,86,871,201,670
383,District-Dhenkanal,Total,19,14521,7100,7421,2471,2221,250,2092,1524,568,515,354,161,8306,2605,5701,227,144,83,312,116,196,59,22,37,539,114,425
383,District-Dhenkanal,Rural,5-19,99125,49078,50047,8351,7311,1040,9501,6644,2857,2651,1685,966,44108,16361,27747,1275,781,494,1933,796,1137,547,203,344,30759,15297,15462
383,District-Dhenkanal,Rural,5,14062,7670,6392,10,10,0,4,3,1,1,0,1,148,72,76,54,37,17,37,14,23,9,6,3,13799,7528,6271
383,District-Dhenkanal,Rural,6,7390,3833,3557,5,5,0,4,2,2,1,1,0,228,106,122,37,23,14,25,13,12,9,6,3,7081,3677,3404
383,District-Dhenkanal,Rural,7,2472,1223,1249,14,9,5,4,2,2,3,1,2,260,134,126,10,5,5,15,4,11,9,6,3,2157,1062,1095
383,District-Dhenkanal,Rural,8,1388,656,732,12,9,3,17,9,8,3,0,3,276,123,153,10,5,5,21,9,12,10,5,5,1039,496,543
383,District-Dhenkanal,Rural,9,897,459,438,7,3,4,14,5,9,0,0,0,237,123,114,4,3,1,18,8,10,9,4,5,608,313,295
383,District-Dhenkanal,Rural,10,1432,717,715,23,11,12,17,11,6,9,4,5,427,217,210,8,4,4,27,10,17,13,4,9,908,456,452
383,District-Dhenkanal,Rural,11,1327,659,668,63,48,15,64,42,22,23,12,11,584,277,307,19,13,6,43,11,32,19,10,9,512,246,266
383,District-Dhenkanal,Rural,12,2289,1063,1226,95,74,21,119,77,42,36,18,18,1297,559,738,34,16,18,62,23,39,35,14,21,611,282,329
383,District-Dhenkanal,Rural,13,3005,1403,1602,149,111,38,227,144,83,75,38,37,1896,842,1054,42,23,19,82,36,46,31,9,22,503,200,303
383,District-Dhenkanal,Rural,14,4540,2137,2403,265,220,45,394,229,165,150,82,68,2976,1320,1656,58,32,26,135,55,80,40,13,27,522,186,336
383,District-Dhenkanal,Rural,15,8042,3823,4219,644,535,109,944,591,353,298,179,119,5093,2072,3021,133,72,61,226,100,126,53,20,33,651,254,397
383,District-Dhenkanal,Rural,16,10378,4798,5580,942,806,136,1363,927,436,399,263,136,6630,2413,4217,149,82,67,242,103,139,64,21,43,589,183,406
383,District-Dhenkanal,Rural,17,10835,5229,5606,1260,1109,151,1513,1081,432,406,257,149,6742,2443,4299,147,94,53,234,92,142,61,23,38,472,130,342
383,District-Dhenkanal,Rural,18,17566,8762,8804,2584,2312,272,2799,2054,745,741,480,261,9695,3254,6441,359,238,121,458,202,256,128,42,86,802,180,622
383,District-Dhenkanal,Rural,19,13502,6646,6856,2278,2049,229,2018,1467,551,506,350,156,7619,2406,5213,211,134,77,308,116,192,57,20,37,505,104,401
383,District-Dhenkanal,Urban,5-19,7258,3626,3632,733,631,102,301,221,80,63,33,30,3252,1261,1991,86,59,27,47,21,26,20,10,10,2756,1390,1366
383,District-Dhenkanal,Urban,5,1215,636,579,0,0,0,1,1,0,0,0,0,18,11,7,1,1,0,6,3,3,0,0,0,1189,620,569
383,District-Dhenkanal,Urban,6,830,412,418,1,0,1,1,1,0,0,0,0,22,10,12,3,2,1,3,2,1,1,1,0,799,396,403
383,District-Dhenkanal,Urban,7,239,139,100,0,0,0,1,0,1,0,0,0,23,13,10,1,0,1,1,1,0,2,1,1,211,124,87
383,District-Dhenkanal,Urban,8,99,53,46,2,1,1,1,0,1,0,0,0,14,7,7,0,0,0,0,0,0,3,1,2,79,44,35
383,District-Dhenkanal,Urban,9,74,43,31,2,0,2,1,1,0,2,1,1,27,14,13,1,0,1,1,0,1,1,0,1,39,27,12
383,District-Dhenkanal,Urban,10,113,61,52,0,0,0,4,1,3,0,0,0,40,20,20,2,0,2,2,0,2,2,1,1,63,39,24
383,District-Dhenkanal,Urban,11,83,40,43,6,5,1,2,1,1,1,0,1,39,15,24,1,1,0,0,0,0,1,0,1,33,18,15
383,District-Dhenkanal,Urban,12,168,92,76,10,9,1,8,5,3,4,2,2,95,49,46,1,0,1,2,1,1,1,1,0,47,25,22
383,District-Dhenkanal,Urban,13,179,84,95,16,12,4,10,8,2,3,1,2,121,47,74,1,1,0,0,0,0,0,0,0,28,15,13
383,District-Dhenkanal,Urban,14,279,133,146,29,25,4,7,5,2,4,1,3,189,85,104,2,2,0,3,1,2,2,0,2,43,14,29
383,District-Dhenkanal,Urban,15,488,241,247,69,52,17,21,13,8,5,2,3,329,140,189,13,11,2,4,3,1,2,1,1,45,19,26
383,District-Dhenkanal,Urban,16,571,284,287,77,63,14,35,24,11,11,8,3,392,170,222,8,8,0,7,3,4,2,1,1,39,7,32
383,District-Dhenkanal,Urban,17,712,345,367,114,99,15,44,33,11,9,6,3,492,189,303,12,5,7,3,2,1,0,0,0,38,11,27
383,District-Dhenkanal,Urban,18,1189,609,580,214,193,21,91,71,20,15,8,7,764,292,472,24,18,6,11,5,6,1,1,0,69,21,48
383,District-Dhenkanal,Urban,19,1019,454,565,193,172,21,74,57,17,9,4,5,687,199,488,16,10,6,4,0,4,2,2,0,34,10,24
384,District-Anugul  ,Total,5-19,120244,58522,61722,12048,8985,3063,14446,8029,6417,4378,2270,2108,46379,18517,27862,1949,993,956,2860,1124,1736,905,320,585,37279,18284,18995
384,District-Anugul  ,Total,5,16411,8665,7746,11,8,3,7,6,1,2,1,1,174,81,93,88,41,47,78,37,41,12,5,7,16039,8486,7553
384,District-Anugul  ,Total,6,8709,4553,4156,13,11,2,13,7,6,9,6,3,251,118,133,35,17,18,47,26,21,9,6,3,8332,4362,3970
384,District-Anugul  ,Total,7,3226,1603,1623,26,17,9,16,6,10,1,1,0,374,188,186,17,9,8,38,16,22,4,0,4,2750,1366,1384
384,District-Anugul  ,Total,8,1799,872,927,25,12,13,26,15,11,3,0,3,374,190,184,17,8,9,22,14,8,7,1,6,1325,632,693
384,District-Anugul  ,Total,9,1363,685,678,25,13,12,19,12,7,5,3,2,405,212,193,22,14,8,23,11,12,5,1,4,859,419,440
384,District-Anugul  ,Total,10,2115,1068,1047,35,23,12,35,19,16,15,6,9,623,314,309,21,11,10,44,24,20,19,8,11,1323,663,660
384,District-Anugul  ,Total,11,1988,957,1031,94,69,25,114,61,53,39,14,25,881,400,481,30,16,14,52,21,31,27,9,18,751,367,384
384,District-Anugul  ,Total,12,3387,1557,1830,204,140,64,261,111,150,116,57,59,1746,814,932,64,23,41,108,42,66,46,14,32,842,356,486
384,District-Anugul  ,Total,13,3870,1824,2046,278,199,79,437,203,234,156,77,79,2196,1001,1195,73,32,41,110,50,60,36,17,19,584,245,339
384,District-Anugul  ,Total,14,5748,2790,2958,512,343,169,759,410,349,287,140,147,3172,1462,1710,106,51,55,173,75,98,59,21,38,680,288,392
384,District-Anugul  ,Total,15,9687,4644,5043,1081,756,325,1467,840,627,507,246,261,5195,2229,2966,224,109,115,300,131,169,100,43,57,813,290,523
384,District-Anugul  ,Total,16,11625,5426,6199,1469,1047,422,2031,1102,929,629,329,300,6188,2438,3750,233,124,109,318,127,191,99,44,55,658,215,443
384,District-Anugul  ,Total,17,13294,6080,7214,1861,1398,463,2458,1314,1144,723,361,362,6897,2551,4346,230,116,114,409,144,265,124,36,88,592,160,432
384,District-Anugul  ,Total,18,21036,10255,10781,3538,2722,816,3863,2248,1615,1060,581,479,10144,3853,6291,496,266,230,706,263,443,195,60,135,1034,262,772
384,District-Anugul  ,Total,19,15986,7543,8443,2876,2227,649,2940,1675,1265,826,448,378,7759,2666,5093,293,156,137,432,143,289,163,55,108,697,173,524
384,District-Anugul  ,Rural,5-19,105943,51254,54689,10557,7673,2884,13865,7633,6232,4207,2169,2038,40190,16049,24141,1674,839,835,2679,1036,1643,859,301,558,31912,15554,16358
384,District-Anugul  ,Rural,5,14202,7457,6745,11,8,3,7,6,1,2,1,1,143,65,78,80,36,44,65,31,34,12,5,7,13882,7305,6577
384,District-Anugul  ,Rural,6,7322,3781,3541,11,9,2,11,5,6,9,6,3,217,102,115,29,13,16,40,21,19,9,6,3,6996,3619,3377
384,District-Anugul  ,Rural,7,2763,1373,1390,25,16,9,16,6,10,0,0,0,298,149,149,15,8,7,35,16,19,4,0,4,2370,1178,1192
384,District-Anugul  ,Rural,8,1513,733,780,23,12,11,20,12,8,3,0,3,311,159,152,15,6,9,17,10,7,7,1,6,1117,533,584
384,District-Anugul  ,Rural,9,1167,590,577,24,12,12,17,12,5,5,3,2,342,183,159,20,14,6,18,8,10,5,1,4,736,357,379
384,District-Anugul  ,Rural,10,1799,909,890,33,21,12,31,15,16,15,6,9,519,263,256,17,8,9,41,21,20,18,8,10,1125,567,558
384,District-Anugul  ,Rural,11,1726,814,912,83,60,23,107,57,50,37,12,25,751,335,416,28,14,14,48,18,30,25,8,17,647,310,337
384,District-Anugul  ,Rural,12,2983,1373,1610,178,119,59,249,105,144,114,56,58,1528,717,811,59,21,38,100,39,61,45,14,31,710,302,408
384,District-Anugul  ,Rural,13,3469,1613,1856,238,162,76,427,198,229,153,74,79,1946,877,1069,58,25,33,107,49,58,35,17,18,505,211,294
384,District-Anugul  ,Rural,14,5140,2514,2626,454,291,163,736,399,337,274,137,137,2807,1324,1483,85,42,43,156,69,87,55,19,36,573,233,340
384,District-Anugul  ,Rural,15,8782,4181,4601,980,666,314,1404,796,608,492,240,252,4625,1971,2654,192,93,99,286,123,163,95,40,55,708,252,456
384,District-Anugul  ,Rural,16,10466,4847,5619,1309,911,398,1967,1057,910,597,306,291,5439,2130,3309,197,101,96,293,114,179,96,43,53,568,185,383
384,District-Anugul  ,Rural,17,11889,5394,6495,1642,1203,439,2362,1247,1115,691,343,348,5969,2189,3780,203,101,102,393,140,253,117,33,84,512,138,374
384,District-Anugul  ,Rural,18,18639,9048,9591,3053,2293,760,3712,2138,1574,1026,557,469,8703,3320,5383,422,222,200,672,246,426,176,53,123,875,219,656
384,District-Anugul  ,Rural,19,14083,6627,7456,2493,1890,603,2799,1580,1219,789,428,361,6592,2265,4327,254,135,119,408,131,277,160,53,107,588,145,443
384,District-Anugul  ,Urban,5-19,14301,7268,7033,1491,1312,179,581,396,185,171,101,70,6189,2468,3721,275,154,121,181,88,93,46,19,27,5367,2730,2637
384,District-Anugul  ,Urban,5,2209,1208,1001,0,0,0,0,0,0,0,0,0,31,16,15,8,5,3,13,6,7,0,0,0,2157,1181,976
384,District-Anugul  ,Urban,6,1387,772,615,2,2,0,2,2,0,0,0,0,34,16,18,6,4,2,7,5,2,0,0,0,1336,743,593
384,District-Anugul  ,Urban,7,463,230,233,1,1,0,0,0,0,1,1,0,76,39,37,2,1,1,3,0,3,0,0,0,380,188,192
384,District-Anugul  ,Urban,8,286,139,147,2,0,2,6,3,3,0,0,0,63,31,32,2,2,0,5,4,1,0,0,0,208,99,109
384,District-Anugul  ,Urban,9,196,95,101,1,1,0,2,0,2,0,0,0,63,29,34,2,0,2,5,3,2,0,0,0,123,62,61
384,District-Anugul  ,Urban,10,316,159,157,2,2,0,4,4,0,0,0,0,104,51,53,4,3,1,3,3,0,1,0,1,198,96,102
384,District-Anugul  ,Urban,11,262,143,119,11,9,2,7,4,3,2,2,0,130,65,65,2,2,0,4,3,1,2,1,1,104,57,47
384,District-Anugul  ,Urban,12,404,184,220,26,21,5,12,6,6,2,1,1,218,97,121,5,2,3,8,3,5,1,0,1,132,54,78
384,District-Anugul  ,Urban,13,401,211,190,40,37,3,10,5,5,3,3,0,250,124,126,15,7,8,3,1,2,1,0,1,79,34,45
384,District-Anugul  ,Urban,14,608,276,332,58,52,6,23,11,12,13,3,10,365,138,227,21,9,12,17,6,11,4,2,2,107,55,52
384,District-Anugul  ,Urban,15,905,463,442,101,90,11,63,44,19,15,6,9,570,258,312,32,16,16,14,8,6,5,3,2,105,38,67
384,District-Anugul  ,Urban,16,1159,579,580,160,136,24,64,45,19,32,23,9,749,308,441,36,23,13,25,13,12,3,1,2,90,30,60
384,District-Anugul  ,Urban,17,1405,686,719,219,195,24,96,67,29,32,18,14,928,362,566,27,15,12,16,4,12,7,3,4,80,22,58
384,District-Anugul  ,Urban,18,2397,1207,1190,485,429,56,151,110,41,34,24,10,1441,533,908,74,44,30,34,17,17,19,7,12,159,43,116
384,District-Anugul  ,Urban,19,1903,916,987,383,337,46,141,95,46,37,20,17,1167,401,766,39,21,18,24,12,12,3,2,1,109,28,81
385,District-Nayagarh  ,Total,5-19,80220,41024,39196,8594,7688,906,7529,5755,1774,2149,1459,690,37646,13442,24204,641,432,209,725,336,389,213,77,136,22723,11835,10888
385,District-Nayagarh  ,Total,5,11614,6415,5199,13,13,0,5,4,1,2,2,0,161,86,75,51,30,21,28,20,8,5,3,2,11349,6257,5092
385,District-Nayagarh  ,Total,6,5720,3118,2602,5,5,0,2,2,0,0,0,0,224,119,105,16,10,6,21,11,10,3,2,1,5449,2969,2480
385,District-Nayagarh  ,Total,7,1764,903,861,13,8,5,9,3,6,0,0,0,243,126,117,11,6,5,4,1,3,4,1,3,1480,758,722
385,District-Nayagarh  ,Total,8,893,466,427,13,8,5,8,7,1,1,1,0,280,150,130,5,1,4,1,0,1,3,0,3,582,299,283
385,District-Nayagarh  ,Total,9,618,301,317,14,8,6,5,2,3,3,0,3,269,130,139,7,4,3,4,1,3,0,0,0,316,156,160
385,District-Nayagarh  ,Total,10,1055,555,500,20,17,3,13,9,4,7,3,4,380,194,186,9,4,5,10,6,4,4,3,1,612,319,293
385,District-Nayagarh  ,Total,11,970,486,484,71,51,20,32,22,10,14,8,6,519,230,289,13,11,2,8,3,5,3,1,2,310,160,150
385,District-Nayagarh  ,Total,12,1565,790,775,106,93,13,100,68,32,38,14,24,976,461,515,27,17,10,18,5,13,15,5,10,285,127,158
385,District-Nayagarh  ,Total,13,1963,1014,949,153,132,21,150,99,51,61,31,30,1318,626,692,17,12,5,24,13,11,13,2,11,227,99,128
385,District-Nayagarh  ,Total,14,3524,1786,1738,296,246,50,312,219,93,141,83,58,2414,1083,1331,33,18,15,36,16,20,15,8,7,277,113,164
385,District-Nayagarh  ,Total,15,6605,3344,3261,670,581,89,742,548,194,240,158,82,4434,1840,2594,65,44,21,69,35,34,24,11,13,361,127,234
385,District-Nayagarh  ,Total,16,8104,4023,4081,980,856,124,1008,729,279,312,212,100,5308,2008,3300,58,33,25,76,35,41,18,7,11,344,143,201
385,District-Nayagarh  ,Total,17,9692,4686,5006,1420,1279,141,1217,947,270,360,240,120,6138,2022,4116,80,51,29,117,41,76,26,8,18,334,98,236
385,District-Nayagarh  ,Total,18,15080,7751,7329,2751,2514,237,2253,1805,448,569,408,161,8653,2669,5984,154,118,36,180,95,85,49,13,36,471,129,342
385,District-Nayagarh  ,Total,19,11053,5386,5667,2069,1877,192,1673,1291,382,401,299,102,6329,1698,4631,95,73,22,129,54,75,31,13,18,326,81,245
385,District-Nayagarh  ,Rural,5-19,74956,38236,36720,8000,7152,848,7275,5557,1718,2075,1401,674,34975,12374,22601,603,407,196,711,328,383,210,74,136,21107,10943,10164
385,District-Nayagarh  ,Rural,5,10764,5934,4830,12,12,0,4,3,1,2,2,0,141,75,66,46,27,19,25,18,7,5,3,2,10529,5794,4735
385,District-Nayagarh  ,Rural,6,5285,2864,2421,5,5,0,1,1,0,0,0,0,208,108,100,14,9,5,21,11,10,3,2,1,5033,2728,2305
385,District-Nayagarh  ,Rural,7,1647,842,805,10,5,5,9,3,6,0,0,0,223,119,104,11,6,5,4,1,3,4,1,3,1386,707,679
385,District-Nayagarh  ,Rural,8,834,436,398,12,7,5,8,7,1,1,1,0,252,136,116,5,1,4,0,0,0,3,0,3,553,284,269
385,District-Nayagarh  ,Rural,9,567,276,291,12,6,6,5,2,3,3,0,3,247,122,125,7,4,3,4,1,3,0,0,0,289,141,148
385,District-Nayagarh  ,Rural,10,1000,523,477,17,14,3,12,9,3,7,3,4,355,178,177,9,4,5,10,6,4,4,3,1,586,306,280
385,District-Nayagarh  ,Rural,11,896,453,443,66,47,19,30,20,10,14,8,6,479,219,260,11,9,2,8,3,5,3,1,2,285,146,139
385,District-Nayagarh  ,Rural,12,1464,734,730,98,85,13,99,67,32,37,14,23,914,430,484,26,16,10,18,5,13,15,5,10,257,112,145
385,District-Nayagarh  ,Rural,13,1832,934,898,141,121,20,146,97,49,59,30,29,1223,570,653,17,12,5,23,12,11,13,2,11,210,90,120
385,District-Nayagarh  ,Rural,14,3320,1676,1644,278,229,49,302,211,91,139,81,58,2264,1010,1254,30,17,13,36,16,20,15,8,7,256,104,152
385,District-Nayagarh  ,Rural,15,6202,3123,3079,615,536,79,709,522,187,229,150,79,4147,1708,2439,63,42,21,66,34,32,24,11,13,349,120,229
385,District-Nayagarh  ,Rural,16,7615,3772,3843,912,795,117,975,702,273,306,206,100,4959,1866,3093,55,32,23,75,35,40,18,7,11,315,129,186
385,District-Nayagarh  ,Rural,17,9095,4368,4727,1336,1206,130,1167,909,258,342,226,116,5722,1843,3879,76,50,26,113,38,75,26,8,18,313,88,225
385,District-Nayagarh  ,Rural,18,14163,7269,6894,2560,2334,226,2182,1749,433,549,393,156,8062,2455,5607,143,110,33,179,94,85,48,12,36,440,122,318
385,District-Nayagarh  ,Rural,19,10272,5032,5240,1926,1750,176,1626,1255,371,387,287,100,5779,1535,4244,90,68,22,129,54,75,29,11,18,306,72,234
385,District-Nayagarh  ,Urban,5-19,5264,2788,2476,594,536,58,254,198,56,74,58,16,2671,1068,1603,38,25,13,14,8,6,3,3,0,1616,892,724
385,District-Nayagarh  ,Urban,5,850,481,369,1,1,0,1,1,0,0,0,0,20,11,9,5,3,2,3,2,1,0,0,0,820,463,357
385,District-Nayagarh  ,Urban,6,435,254,181,0,0,0,1,1,0,0,0,0,16,11,5,2,1,1,0,0,0,0,0,0,416,241,175
385,District-Nayagarh  ,Urban,7,117,61,56,3,3,0,0,0,0,0,0,0,20,7,13,0,0,0,0,0,0,0,0,0,94,51,43
385,District-Nayagarh  ,Urban,8,59,30,29,1,1,0,0,0,0,0,0,0,28,14,14,0,0,0,1,0,1,0,0,0,29,15,14
385,District-Nayagarh  ,Urban,9,51,25,26,2,2,0,0,0,0,0,0,0,22,8,14,0,0,0,0,0,0,0,0,0,27,15,12
385,District-Nayagarh  ,Urban,10,55,32,23,3,3,0,1,0,1,0,0,0,25,16,9,0,0,0,0,0,0,0,0,0,26,13,13
385,District-Nayagarh  ,Urban,11,74,33,41,5,4,1,2,2,0,0,0,0,40,11,29,2,2,0,0,0,0,0,0,0,25,14,11
385,District-Nayagarh  ,Urban,12,101,56,45,8,8,0,1,1,0,1,0,1,62,31,31,1,1,0,0,0,0,0,0,0,28,15,13
385,District-Nayagarh  ,Urban,13,131,80,51,12,11,1,4,2,2,2,1,1,95,56,39,0,0,0,1,1,0,0,0,0,17,9,8
385,District-Nayagarh  ,Urban,14,204,110,94,18,17,1,10,8,2,2,2,0,150,73,77,3,1,2,0,0,0,0,0,0,21,9,12
385,District-Nayagarh  ,Urban,15,403,221,182,55,45,10,33,26,7,11,8,3,287,132,155,2,2,0,3,1,2,0,0,0,12,7,5
385,District-Nayagarh  ,Urban,16,489,251,238,68,61,7,33,27,6,6,6,0,349,142,207,3,1,2,1,0,1,0,0,0,29,14,15
385,District-Nayagarh  ,Urban,17,597,318,279,84,73,11,50,38,12,18,14,4,416,179,237,4,1,3,4,3,1,0,0,0,21,10,11
385,District-Nayagarh  ,Urban,18,917,482,435,191,180,11,71,56,15,20,15,5,591,214,377,11,8,3,1,1,0,1,1,0,31,7,24
385,District-Nayagarh  ,Urban,19,781,354,427,143,127,16,47,36,11,14,12,2,550,163,387,5,5,0,0,0,0,2,2,0,20,9,11
386,District-Khordha ,Total,5-19,160110,80017,80093,18675,15833,2842,9634,6847,2787,2294,1609,685,70478,26099,44379,3022,1800,1222,1531,742,789,335,134,201,54141,26953,27188
386,District-Khordha ,Total,5,24633,12918,11715,46,38,8,13,5,8,3,1,2,383,156,227,134,77,57,123,76,47,5,2,3,23926,12563,11363
386,District-Khordha ,Total,6,15098,7919,7179,25,16,9,19,9,10,1,1,0,550,292,258,96,55,41,92,43,49,6,0,6,14309,7503,6806
386,District-Khordha ,Total,7,4477,2285,2192,52,37,15,25,15,10,1,1,0,730,344,386,44,25,19,31,14,17,0,0,0,3594,1849,1745
386,District-Khordha ,Total,8,2449,1197,1252,41,29,12,25,18,7,2,0,2,728,336,392,28,16,12,21,7,14,2,2,0,1602,789,813
386,District-Khordha ,Total,9,1818,902,916,41,26,15,23,14,9,2,1,1,700,319,381,19,11,8,7,3,4,1,1,0,1025,527,498
386,District-Khordha ,Total,10,2940,1504,1436,57,44,13,36,21,15,10,6,4,1047,529,518,41,23,18,29,18,11,8,5,3,1712,858,854
386,District-Khordha ,Total,11,2625,1319,1306,180,147,33,87,53,34,11,7,4,1346,614,732,45,29,16,23,13,10,8,1,7,925,455,470
386,District-Khordha ,Total,12,3869,1964,1905,313,243,70,169,111,58,34,19,15,2175,1031,1144,112,71,41,60,34,26,20,9,11,986,446,540
386,District-Khordha ,Total,13,4128,1983,2145,365,292,73,221,136,85,54,37,17,2595,1134,1461,102,57,45,48,17,31,22,12,10,721,298,423
386,District-Khordha ,Total,14,6631,3254,3377,686,553,133,390,258,132,108,74,34,4397,1924,2473,163,82,81,78,33,45,31,19,12,778,311,467
386,District-Khordha ,Total,15,11254,5596,5658,1459,1186,273,858,587,271,228,147,81,7303,3075,4228,317,187,130,150,72,78,39,15,24,900,327,573
386,District-Khordha ,Total,16,14115,6798,7317,2000,1623,377,1192,839,353,340,241,99,9164,3503,5661,369,205,164,171,85,86,36,14,22,843,288,555
386,District-Khordha ,Total,17,16791,8003,8788,2859,2418,441,1576,1129,447,373,259,114,10657,3654,7003,382,232,150,177,74,103,43,14,29,724,223,501
386,District-Khordha ,Total,18,26815,13470,13345,5509,4821,688,2781,2042,739,619,452,167,15674,5253,10421,672,421,251,286,151,135,65,23,42,1209,307,902
386,District-Khordha ,Total,19,22467,10905,11562,5042,4360,682,2219,1610,609,508,363,145,13029,3935,9094,498,309,189,235,102,133,49,17,32,887,209,678
386,District-Khordha ,Rural,5-19,99855,48880,50975,10565,9320,1245,7159,5226,1933,1878,1309,569,47276,16675,30601,1240,745,495,921,431,490,244,88,156,30572,15086,15486
386,District-Khordha ,Rural,5,14498,7575,6923,9,8,1,5,2,3,2,1,1,173,72,101,55,26,29,45,25,20,3,1,2,14206,7440,6766
386,District-Khordha ,Rural,6,8397,4377,4020,14,12,2,11,6,5,1,1,0,288,144,144,45,23,22,32,14,18,5,0,5,8001,4177,3824
386,District-Khordha ,Rural,7,2409,1214,1195,24,18,6,15,10,5,1,1,0,333,145,188,21,12,9,7,2,5,0,0,0,2008,1026,982
386,District-Khordha ,Rural,8,1240,599,641,15,11,4,13,9,4,1,0,1,357,160,197,6,2,4,10,3,7,0,0,0,838,414,424
386,District-Khordha ,Rural,9,845,397,448,16,11,5,10,4,6,2,1,1,300,125,175,6,4,2,1,0,1,1,1,0,509,251,258
386,District-Khordha ,Rural,10,1424,722,702,31,24,7,11,4,7,6,3,3,512,259,253,14,8,6,12,8,4,7,4,3,831,412,419
386,District-Khordha ,Rural,11,1320,639,681,91,78,13,51,33,18,9,7,2,668,279,389,25,19,6,11,6,5,6,0,6,459,217,242
386,District-Khordha ,Rural,12,2083,1036,1047,151,122,29,110,76,34,26,15,11,1243,571,672,43,30,13,34,18,16,13,6,7,463,198,265
386,District-Khordha ,Rural,13,2463,1180,1283,194,162,32,159,107,52,41,25,16,1631,712,919,48,31,17,29,11,18,18,10,8,343,122,221
386,District-Khordha ,Rural,14,4172,2029,2143,362,298,64,289,198,91,92,63,29,2911,1242,1669,67,39,28,43,18,25,19,11,8,389,160,229
386,District-Khordha ,Rural,15,7539,3654,3885,841,724,117,630,432,198,183,111,72,5150,2090,3060,145,92,53,96,43,53,22,6,16,472,156,316
386,District-Khordha ,Rural,16,9565,4485,5080,1167,996,171,894,636,258,285,203,82,6456,2353,4103,144,79,65,123,59,64,28,9,19,468,150,318
386,District-Khordha ,Rural,17,11386,5237,6149,1637,1439,198,1195,883,312,316,216,100,7531,2458,5073,158,89,69,115,40,75,30,7,23,404,105,299
386,District-Khordha ,Rural,18,18036,8786,9250,3200,2882,318,2132,1601,531,498,361,137,10990,3488,7502,264,166,98,203,110,93,51,17,34,698,161,537
386,District-Khordha ,Rural,19,14478,6950,7528,2813,2535,278,1634,1225,409,415,301,114,8733,2577,6156,199,125,74,160,74,86,41,16,25,483,97,386
386,District-Khordha ,Urban,5-19,60255,31137,29118,8110,6513,1597,2475,1621,854,416,300,116,23202,9424,13778,1782,1055,727,610,311,299,91,46,45,23569,11867,11702
386,District-Khordha ,Urban,5,10135,5343,4792,37,30,7,8,3,5,1,0,1,210,84,126,79,51,28,78,51,27,2,1,1,9720,5123,4597
386,District-Khordha ,Urban,6,6701,3542,3159,11,4,7,8,3,5,0,0,0,262,148,114,51,32,19,60,29,31,1,0,1,6308,3326,2982
386,District-Khordha ,Urban,7,2068,1071,997,28,19,9,10,5,5,0,0,0,397,199,198,23,13,10,24,12,12,0,0,0,1586,823,763
386,District-Khordha ,Urban,8,1209,598,611,26,18,8,12,9,3,1,0,1,371,176,195,22,14,8,11,4,7,2,2,0,764,375,389
386,District-Khordha ,Urban,9,973,505,468,25,15,10,13,10,3,0,0,0,400,194,206,13,7,6,6,3,3,0,0,0,516,276,240
386,District-Khordha ,Urban,10,1516,782,734,26,20,6,25,17,8,4,3,1,535,270,265,27,15,12,17,10,7,1,1,0,881,446,435
386,District-Khordha ,Urban,11,1305,680,625,89,69,20,36,20,16,2,0,2,678,335,343,20,10,10,12,7,5,2,1,1,466,238,228
386,District-Khordha ,Urban,12,1786,928,858,162,121,41,59,35,24,8,4,4,932,460,472,69,41,28,26,16,10,7,3,4,523,248,275
386,District-Khordha ,Urban,13,1665,803,862,171,130,41,62,29,33,13,12,1,964,422,542,54,26,28,19,6,13,4,2,2,378,176,202
386,District-Khordha ,Urban,14,2459,1225,1234,324,255,69,101,60,41,16,11,5,1486,682,804,96,43,53,35,15,20,12,8,4,389,151,238
386,District-Khordha ,Urban,15,3715,1942,1773,618,462,156,228,155,73,45,36,9,2153,985,1168,172,95,77,54,29,25,17,9,8,428,171,257
386,District-Khordha ,Urban,16,4550,2313,2237,833,627,206,298,203,95,55,38,17,2708,1150,1558,225,126,99,48,26,22,8,5,3,375,138,237
386,District-Khordha ,Urban,17,5405,2766,2639,1222,979,243,381,246,135,57,43,14,3126,1196,1930,224,143,81,62,34,28,13,7,6,320,118,202
386,District-Khordha ,Urban,18,8779,4684,4095,2309,1939,370,649,441,208,121,91,30,4684,1765,2919,408,255,153,83,41,42,14,6,8,511,146,365
386,District-Khordha ,Urban,19,7989,3955,4034,2229,1825,404,585,385,200,93,62,31,4296,1358,2938,299,184,115,75,28,47,8,1,7,404,112,292
387,District-Puri,Total,5-19,126118,62343,63775,13507,11960,1547,10349,7560,2789,3033,1894,1139,58588,20131,38457,1293,944,349,593,310,283,168,71,97,38587,19473,19114
387,District-Puri,Total,5,18933,9886,9047,15,14,1,2,1,1,0,0,0,221,116,105,47,29,18,44,21,23,12,5,7,18592,9700,8892
387,District-Puri,Total,6,11393,6008,5385,14,12,2,4,2,2,3,2,1,370,188,182,39,28,11,36,22,14,9,3,6,10918,5751,5167
387,District-Puri,Total,7,3007,1475,1532,12,9,3,9,2,7,3,2,1,379,168,211,5,3,2,11,5,6,2,1,1,2586,1285,1301
387,District-Puri,Total,8,1375,676,699,17,11,6,13,8,5,3,3,0,387,160,227,10,2,8,4,2,2,1,1,0,940,489,451
387,District-Puri,Total,9,917,484,433,18,11,7,10,7,3,3,3,0,334,169,165,9,7,2,3,3,0,0,0,0,540,284,256
387,District-Puri,Total,10,1349,689,660,25,18,7,13,8,5,3,2,1,479,224,255,15,11,4,11,5,6,5,4,1,798,417,381
387,District-Puri,Total,11,1316,616,700,91,71,20,41,20,21,12,7,5,711,305,406,20,14,6,12,8,4,6,3,3,423,188,235
387,District-Puri,Total,12,2120,1058,1062,160,135,25,101,66,35,44,26,18,1250,549,701,47,34,13,21,12,9,8,5,3,489,231,258
387,District-Puri,Total,13,2573,1216,1357,196,164,32,160,107,53,55,32,23,1707,706,1001,45,31,14,21,9,12,5,2,3,384,165,219
387,District-Puri,Total,14,4749,2306,2443,455,377,78,352,250,102,139,81,58,3275,1375,1900,88,54,34,26,7,19,12,3,9,402,159,243
387,District-Puri,Total,15,8799,4223,4576,905,772,133,794,574,220,299,190,109,6101,2368,3733,172,129,43,54,33,21,18,6,12,456,151,305
387,District-Puri,Total,16,11928,5684,6244,1467,1286,181,1250,900,350,446,271,175,8071,2897,5174,163,120,43,62,30,32,15,3,12,454,177,277
387,District-Puri,Total,17,14374,6720,7654,2037,1805,232,1751,1235,516,533,323,210,9379,3038,6341,170,130,40,72,35,37,18,10,8,414,144,270
387,District-Puri,Total,18,23621,11777,11844,4222,3802,420,3238,2437,801,823,525,298,14233,4523,9710,275,219,56,123,67,56,35,14,21,672,190,482
387,District-Puri,Total,19,19664,9525,10139,3873,3473,400,2611,1943,668,667,427,240,11691,3345,8346,188,133,55,93,51,42,22,11,11,519,142,377
387,District-Puri,Rural,5-19,108680,53245,55435,10957,9797,1160,9782,7182,2600,2931,1828,1103,51694,17463,34231,524,363,161,469,241,228,154,67,87,32169,16304,15865
387,District-Puri,Rural,5,16515,8646,7869,14,13,1,2,1,1,0,0,0,180,97,83,38,24,14,35,15,20,12,5,7,16234,8491,7743
387,District-Puri,Rural,6,9797,5139,4658,13,11,2,1,1,0,3,2,1,294,144,150,32,23,9,34,22,12,8,3,5,9412,4933,4479
387,District-Puri,Rural,7,2455,1201,1254,8,6,2,7,1,6,3,2,1,313,133,180,3,3,0,9,4,5,2,1,1,2110,1051,1059
387,District-Puri,Rural,8,1036,499,537,14,9,5,10,6,4,3,3,0,315,131,184,4,0,4,3,1,2,1,1,0,686,348,338
387,District-Puri,Rural,9,664,362,302,14,9,5,8,5,3,3,3,0,264,134,130,4,4,0,2,2,0,0,0,0,369,205,164
387,District-Puri,Rural,10,969,475,494,16,10,6,9,7,2,3,2,1,362,160,202,6,2,4,8,2,6,4,3,1,561,289,272
387,District-Puri,Rural,11,988,453,535,72,57,15,37,16,21,11,7,4,575,239,336,8,5,3,8,5,3,5,3,2,272,121,151
387,District-Puri,Rural,12,1578,777,801,127,106,21,89,57,32,39,23,16,1006,440,566,19,13,6,15,8,7,7,4,3,276,126,150
387,District-Puri,Rural,13,2082,985,1097,148,122,26,150,102,48,54,32,22,1459,617,842,18,13,5,16,5,11,4,2,2,233,92,141
387,District-Puri,Rural,14,3987,1918,2069,332,277,55,328,234,94,134,78,56,2867,1200,1667,24,11,13,19,7,12,10,3,7,273,108,165
387,District-Puri,Rural,15,7558,3569,3989,701,602,99,752,545,207,281,176,105,5405,2073,3332,58,43,15,41,24,17,15,4,11,305,102,203
387,District-Puri,Rural,16,10486,4908,5578,1198,1050,148,1170,848,322,436,264,172,7242,2554,4688,59,41,18,47,24,23,13,3,10,321,124,197
387,District-Puri,Rural,17,12648,5825,6823,1645,1471,174,1657,1172,485,514,310,204,8403,2683,5720,68,51,17,56,27,29,18,10,8,287,101,186
387,District-Puri,Rural,18,20776,10225,10551,3496,3176,320,3073,2329,744,797,511,286,12687,3944,8743,109,79,30,98,52,46,35,14,21,481,120,361
387,District-Puri,Rural,19,17141,8263,8878,3159,2878,281,2489,1858,631,650,415,235,10322,2914,7408,74,51,23,78,43,35,20,11,9,349,93,256
387,District-Puri,Urban,5-19,17438,9098,8340,2550,2163,387,567,378,189,102,66,36,6894,2668,4226,769,581,188,124,69,55,14,4,10,6418,3169,3249
387,District-Puri,Urban,5,2418,1240,1178,1,1,0,0,0,0,0,0,0,41,19,22,9,5,4,9,6,3,0,0,0,2358,1209,1149
387,District-Puri,Urban,6,1596,869,727,1,1,0,3,1,2,0,0,0,76,44,32,7,5,2,2,0,2,1,0,1,1506,818,688
387,District-Puri,Urban,7,552,274,278,4,3,1,2,1,1,0,0,0,66,35,31,2,0,2,2,1,1,0,0,0,476,234,242
387,District-Puri,Urban,8,339,177,162,3,2,1,3,2,1,0,0,0,72,29,43,6,2,4,1,1,0,0,0,0,254,141,113
387,District-Puri,Urban,9,253,122,131,4,2,2,2,2,0,0,0,0,70,35,35,5,3,2,1,1,0,0,0,0,171,79,92
387,District-Puri,Urban,10,380,214,166,9,8,1,4,1,3,0,0,0,117,64,53,9,9,0,3,3,0,1,1,0,237,128,109
387,District-Puri,Urban,11,328,163,165,19,14,5,4,4,0,1,0,1,136,66,70,12,9,3,4,3,1,1,0,1,151,67,84
387,District-Puri,Urban,12,542,281,261,33,29,4,12,9,3,5,3,2,244,109,135,28,21,7,6,4,2,1,1,0,213,105,108
387,District-Puri,Urban,13,491,231,260,48,42,6,10,5,5,1,0,1,248,89,159,27,18,9,5,4,1,1,0,1,151,73,78
387,District-Puri,Urban,14,762,388,374,123,100,23,24,16,8,5,3,2,408,175,233,64,43,21,7,0,7,2,0,2,129,51,78
387,District-Puri,Urban,15,1241,654,587,204,170,34,42,29,13,18,14,4,696,295,401,114,86,28,13,9,4,3,2,1,151,49,102
387,District-Puri,Urban,16,1442,776,666,269,236,33,80,52,28,10,7,3,829,343,486,104,79,25,15,6,9,2,0,2,133,53,80
387,District-Puri,Urban,17,1726,895,831,392,334,58,94,63,31,19,13,6,976,355,621,102,79,23,16,8,8,0,0,0,127,43,84
387,District-Puri,Urban,18,2845,1552,1293,726,626,100,165,108,57,26,14,12,1546,579,967,166,140,26,25,15,10,0,0,0,191,70,121
387,District-Puri,Urban,19,2523,1262,1261,714,595,119,122,85,37,17,12,5,1369,431,938,114,82,32,15,8,7,2,0,2,170,49,121
388,District-Ganjam,Total,5-19,374647,180040,194607,42289,33167,9122,47200,27907,19293,12936,6408,6528,125973,45442,80531,10212,5474,4738,14270,4974,9296,3698,1105,2593,118069,55563,62506
388,District-Ganjam,Total,5,46448,24544,21904,31,25,6,20,15,5,4,2,2,596,312,284,196,119,77,182,88,94,25,17,8,45394,23966,21428
388,District-Ganjam,Total,6,26098,13613,12485,28,19,9,15,10,5,5,3,2,881,476,405,110,43,67,115,57,58,12,5,7,24932,13000,11932
388,District-Ganjam,Total,7,9734,4757,4977,46,30,16,30,16,14,0,0,0,1008,482,526,44,22,22,73,28,45,16,5,11,8517,4174,4343
388,District-Ganjam,Total,8,6127,2928,3199,51,32,19,31,18,13,8,4,4,1142,549,593,60,35,25,61,35,26,15,6,9,4759,2249,2510
388,District-Ganjam,Total,9,4489,2096,2393,51,36,15,47,29,18,15,5,10,1235,593,642,52,28,24,80,33,47,26,11,15,2983,1361,1622
388,District-Ganjam,Total,10,7867,3824,4043,114,81,33,134,69,65,54,27,27,2410,1159,1251,108,62,46,167,73,94,66,34,32,4814,2319,2495
388,District-Ganjam,Total,11,7140,3406,3734,307,225,82,337,189,148,121,54,67,3187,1544,1643,139,77,62,208,82,126,89,37,52,2752,1198,1554
388,District-Ganjam,Total,12,12928,6128,6800,758,550,208,947,506,441,334,157,177,6478,3087,3391,340,174,166,515,186,329,156,61,95,3400,1407,1993
388,District-Ganjam,Total,13,14421,6702,7719,1087,787,300,1471,805,666,569,271,298,7559,3380,4179,370,193,177,542,178,364,202,73,129,2621,1015,1606
388,District-Ganjam,Total,14,22523,10324,12199,2168,1557,611,3006,1605,1401,1068,488,580,11669,4964,6705,576,281,295,890,312,578,300,92,208,2846,1025,1821
388,District-Ganjam,Total,15,34433,15782,18651,4253,3150,1103,5451,3018,2433,1759,834,925,16103,6259,9844,1185,607,578,1787,609,1178,505,161,344,3390,1144,2246
388,District-Ganjam,Total,16,40545,18715,21830,5922,4501,1421,7334,4236,3098,2135,1044,1091,17989,6421,11568,1450,752,698,2082,717,1365,594,164,430,3039,880,2159
388,District-Ganjam,Total,17,39077,17857,21220,6460,5010,1450,7625,4493,3132,2057,1013,1044,16712,5283,11429,1374,732,642,1956,628,1328,461,114,347,2432,584,1848
388,District-Ganjam,Total,18,60192,28987,31205,12042,9735,2307,12107,7469,4638,2945,1562,1383,22707,6602,16105,2556,1444,1112,3360,1187,2173,754,192,562,3721,796,2925
388,District-Ganjam,Total,19,42625,20377,22248,8971,7429,1542,8645,5429,3216,1862,944,918,16297,4331,11966,1652,905,747,2252,761,1491,477,133,344,2469,445,2024
388,District-Ganjam,Rural,5-19,314175,150008,164167,33746,26240,7506,43944,25735,18209,12188,5947,6241,102497,36677,65820,8310,4342,3968,13260,4602,8658,3447,1016,2431,96783,45449,51334
388,District-Ganjam,Rural,5,38330,20255,18075,22,18,4,19,14,5,4,2,2,465,243,222,135,80,55,151,73,78,22,15,7,37512,19810,17702
388,District-Ganjam,Rural,6,20758,10879,9879,19,13,6,13,8,5,4,3,1,706,385,321,83,32,51,97,46,51,10,5,5,19826,10387,9439
388,District-Ganjam,Rural,7,8098,3906,4192,39,23,16,30,16,14,0,0,0,781,370,411,36,16,20,62,24,38,16,5,11,7134,3452,3682
388,District-Ganjam,Rural,8,5203,2478,2725,32,18,14,25,15,10,8,4,4,929,443,486,47,29,18,51,32,19,12,5,7,4099,1932,2167
388,District-Ganjam,Rural,9,3728,1730,1998,35,24,11,44,27,17,14,4,10,1009,475,534,41,23,18,69,28,41,21,10,11,2495,1139,1356
388,District-Ganjam,Rural,10,6529,3142,3387,88,65,23,116,60,56,49,24,25,1977,941,1036,79,45,34,148,67,81,64,32,32,4008,1908,2100
388,District-Ganjam,Rural,11,5929,2789,3140,219,161,58,302,172,130,114,48,66,2611,1260,1351,107,59,48,199,76,123,79,31,48,2298,982,1316
388,District-Ganjam,Rural,12,10833,5077,5756,570,408,162,874,464,410,314,144,170,5396,2550,2846,271,134,137,472,174,298,140,54,86,2796,1149,1647
388,District-Ganjam,Rural,13,12289,5690,6599,838,598,240,1378,753,625,536,248,288,6363,2880,3483,298,151,147,507,162,345,192,68,124,2177,830,1347
388,District-Ganjam,Rural,14,19328,8755,10573,1711,1201,510,2811,1484,1327,1021,466,555,9909,4180,5729,468,221,247,805,283,522,276,82,194,2327,838,1489
388,District-Ganjam,Rural,15,29508,13347,16161,3348,2441,907,5076,2784,2292,1665,782,883,13541,5203,8338,965,478,487,1672,576,1096,476,152,324,2765,931,1834
388,District-Ganjam,Rural,16,34841,15889,18952,4799,3607,1192,6835,3901,2934,2029,979,1050,14992,5276,9716,1195,595,600,1948,673,1275,554,154,400,2489,704,1785
388,District-Ganjam,Rural,17,33128,15048,18080,5230,4021,1209,7114,4143,2971,1952,951,1001,13512,4207,9305,1125,575,550,1810,576,1234,425,106,319,1960,469,1491
388,District-Ganjam,Rural,18,50462,24163,26299,9671,7761,1910,11291,6908,4383,2744,1433,1311,17833,5008,12825,2091,1172,919,3169,1109,2060,713,175,538,2950,597,2353
388,District-Ganjam,Rural,19,35211,16860,18351,7125,5881,1244,8016,4986,3030,1734,859,875,12473,3256,9217,1369,732,637,2100,703,1397,447,122,325,1947,321,1626
388,District-Ganjam,Urban,5-19,60472,30032,30440,8543,6927,1616,3256,2172,1084,748,461,287,23476,8765,14711,1902,1132,770,1010,372,638,251,89,162,21286,10114,11172
388,District-Ganjam,Urban,5,8118,4289,3829,9,7,2,1,1,0,0,0,0,131,69,62,61,39,22,31,15,16,3,2,1,7882,4156,3726
388,District-Ganjam,Urban,6,5340,2734,2606,9,6,3,2,2,0,1,0,1,175,91,84,27,11,16,18,11,7,2,0,2,5106,2613,2493
388,District-Ganjam,Urban,7,1636,851,785,7,7,0,0,0,0,0,0,0,227,112,115,8,6,2,11,4,7,0,0,0,1383,722,661
388,District-Ganjam,Urban,8,924,450,474,19,14,5,6,3,3,0,0,0,213,106,107,13,6,7,10,3,7,3,1,2,660,317,343
388,District-Ganjam,Urban,9,761,366,395,16,12,4,3,2,1,1,1,0,226,118,108,11,5,6,11,5,6,5,1,4,488,222,266
388,District-Ganjam,Urban,10,1338,682,656,26,16,10,18,9,9,5,3,2,433,218,215,29,17,12,19,6,13,2,2,0,806,411,395
388,District-Ganjam,Urban,11,1211,617,594,88,64,24,35,17,18,7,6,1,576,284,292,32,18,14,9,6,3,10,6,4,454,216,238
388,District-Ganjam,Urban,12,2095,1051,1044,188,142,46,73,42,31,20,13,7,1082,537,545,69,40,29,43,12,31,16,7,9,604,258,346
388,District-Ganjam,Urban,13,2132,1012,1120,249,189,60,93,52,41,33,23,10,1196,500,696,72,42,30,35,16,19,10,5,5,444,185,259
388,District-Ganjam,Urban,14,3195,1569,1626,457,356,101,195,121,74,47,22,25,1760,784,976,108,60,48,85,29,56,24,10,14,519,187,332
388,District-Ganjam,Urban,15,4925,2435,2490,905,709,196,375,234,141,94,52,42,2562,1056,1506,220,129,91,115,33,82,29,9,20,625,213,412
388,District-Ganjam,Urban,16,5704,2826,2878,1123,894,229,499,335,164,106,65,41,2997,1145,1852,255,157,98,134,44,90,40,10,30,550,176,374
388,District-Ganjam,Urban,17,5949,2809,3140,1230,989,241,511,350,161,105,62,43,3200,1076,2124,249,157,92,146,52,94,36,8,28,472,115,357
388,District-Ganjam,Urban,18,9730,4824,4906,2371,1974,397,816,561,255,201,129,72,4874,1594,3280,465,272,193,191,78,113,41,17,24,771,199,572
388,District-Ganjam,Urban,19,7414,3517,3897,1846,1548,298,629,443,186,128,85,43,3824,1075,2749,283,173,110,152,58,94,30,11,19,522,124,398
389,District-Gajapati,Total,5-19,73559,33389,40170,6817,4226,2591,8103,4017,4086,2034,920,1114,9575,4014,5561,5652,2238,3414,7413,2273,5140,1845,608,1237,32120,15093,17027
389,District-Gajapati,Total,5,10142,5121,5021,4,3,1,3,2,1,0,0,0,90,54,36,47,18,29,113,55,58,50,25,25,9835,4964,4871
389,District-Gajapati,Total,6,7128,3631,3497,6,3,3,2,0,2,0,0,0,114,50,64,52,25,27,105,54,51,60,35,25,6789,3464,3325
389,District-Gajapati,Total,7,3773,1816,1957,7,6,1,9,6,3,5,2,3,152,82,70,44,22,22,72,29,43,62,29,33,3422,1640,1782
389,District-Gajapati,Total,8,2752,1298,1454,7,1,6,18,7,11,5,3,2,209,102,107,50,14,36,86,38,48,56,21,35,2321,1112,1209
389,District-Gajapati,Total,9,2028,930,1098,12,6,6,18,5,13,13,6,7,261,135,126,56,24,32,108,38,70,51,21,30,1509,695,814
389,District-Gajapati,Total,10,2872,1299,1573,49,24,25,53,33,20,21,8,13,434,209,225,101,45,56,180,73,107,99,41,58,1935,866,1069
389,District-Gajapati,Total,11,2232,936,1296,79,43,36,109,48,61,45,20,25,459,203,256,107,40,67,195,62,133,87,28,59,1151,492,659
389,District-Gajapati,Total,12,3285,1387,1898,174,96,78,279,116,163,99,39,60,728,353,375,234,88,146,389,135,254,143,50,93,1239,510,729
389,District-Gajapati,Total,13,2959,1196,1763,211,116,95,355,157,198,99,33,66,683,296,387,222,80,142,411,132,279,124,42,82,854,340,514
389,District-Gajapati,Total,14,3647,1511,2136,415,229,186,551,256,295,159,70,89,798,338,460,352,146,206,579,179,400,155,50,105,638,243,395
389,District-Gajapati,Total,15,5538,2371,3167,696,406,290,1030,523,507,249,106,143,1061,467,594,617,223,394,941,327,614,221,67,154,723,252,471
389,District-Gajapati,Total,16,5876,2544,3332,868,527,341,1236,607,629,318,145,173,1102,457,645,724,312,412,926,272,654,188,58,130,514,166,348
389,District-Gajapati,Total,17,5601,2557,3044,1036,650,386,1207,629,578,288,140,148,1053,421,632,723,284,439,807,262,545,152,47,105,335,124,211
389,District-Gajapati,Total,18,9004,3958,5046,1811,1174,637,1916,975,941,419,208,211,1363,484,879,1346,548,798,1395,363,1032,225,57,168,529,149,380
389,District-Gajapati,Total,19,6722,2834,3888,1442,942,500,1317,653,664,314,140,174,1068,363,705,977,369,608,1106,254,852,172,37,135,326,76,250
389,District-Gajapati,Rural,5-19,68493,30945,37548,6160,3739,2421,7804,3835,3969,1954,891,1063,7948,3461,4487,5365,2042,3323,7266,2202,5064,1806,594,1212,30190,14181,16009
389,District-Gajapati,Rural,5,9432,4770,4662,4,3,1,3,2,1,0,0,0,76,47,29,45,17,28,106,51,55,50,25,25,9148,4625,4523
389,District-Gajapati,Rural,6,6674,3383,3291,6,3,3,2,0,2,0,0,0,104,45,59,49,24,25,104,54,50,60,35,25,6349,3222,3127
389,District-Gajapati,Rural,7,3621,1738,1883,7,6,1,9,6,3,5,2,3,138,74,64,42,22,20,68,27,41,62,29,33,3290,1572,1718
389,District-Gajapati,Rural,8,2634,1242,1392,7,1,6,17,6,11,5,3,2,187,93,94,49,14,35,86,38,48,54,20,34,2229,1067,1162
389,District-Gajapati,Rural,9,1957,891,1066,12,6,6,17,4,13,13,6,7,244,127,117,56,24,32,106,36,70,48,19,29,1461,669,792
389,District-Gajapati,Rural,10,2721,1211,1510,45,22,23,52,33,19,21,8,13,387,187,200,98,43,55,176,70,106,98,41,57,1844,807,1037
389,District-Gajapati,Rural,11,2136,893,1243,74,39,35,109,48,61,45,20,25,422,189,233,103,36,67,191,59,132,85,27,58,1107,475,632
389,District-Gajapati,Rural,12,3105,1295,1810,154,81,73,274,111,163,94,38,56,655,313,342,222,79,143,381,132,249,140,48,92,1185,493,692
389,District-Gajapati,Rural,13,2794,1122,1672,193,105,88,342,146,196,96,33,63,613,275,338,211,73,138,402,129,273,122,41,81,815,320,495
389,District-Gajapati,Rural,14,3411,1399,2012,374,199,175,527,242,285,153,67,86,713,309,404,323,128,195,568,176,392,151,49,102,602,229,373
389,District-Gajapati,Rural,15,5190,2202,2988,638,371,267,997,502,495,240,104,136,906,405,501,592,206,386,918,311,607,218,66,152,681,237,444
389,District-Gajapati,Rural,16,5439,2338,3101,788,466,322,1188,581,607,302,141,161,908,383,525,682,286,396,913,268,645,185,57,128,473,156,317
389,District-Gajapati,Rural,17,5120,2316,2804,936,572,364,1168,601,567,276,135,141,820,337,483,694,262,432,789,253,536,149,46,103,288,110,178
389,District-Gajapati,Rural,18,8186,3592,4594,1631,1037,594,1832,932,900,403,201,202,1012,385,627,1269,494,775,1377,357,1020,218,56,162,444,130,314
389,District-Gajapati,Rural,19,6073,2553,3520,1291,828,463,1267,621,646,301,133,168,763,292,471,930,334,596,1081,241,840,166,35,131,274,69,205
389,District-Gajapati,Urban,5-19,5066,2444,2622,657,487,170,299,182,117,80,29,51,1627,553,1074,287,196,91,147,71,76,39,14,25,1930,912,1018
389,District-Gajapati,Urban,5,710,351,359,0,0,0,0,0,0,0,0,0,14,7,7,2,1,1,7,4,3,0,0,0,687,339,348
389,District-Gajapati,Urban,6,454,248,206,0,0,0,0,0,0,0,0,0,10,5,5,3,1,2,1,0,1,0,0,0,440,242,198
389,District-Gajapati,Urban,7,152,78,74,0,0,0,0,0,0,0,0,0,14,8,6,2,0,2,4,2,2,0,0,0,132,68,64
389,District-Gajapati,Urban,8,118,56,62,0,0,0,1,1,0,0,0,0,22,9,13,1,0,1,0,0,0,2,1,1,92,45,47
389,District-Gajapati,Urban,9,71,39,32,0,0,0,1,1,0,0,0,0,17,8,9,0,0,0,2,2,0,3,2,1,48,26,22
389,District-Gajapati,Urban,10,151,88,63,4,2,2,1,0,1,0,0,0,47,22,25,3,2,1,4,3,1,1,0,1,91,59,32
389,District-Gajapati,Urban,11,96,43,53,5,4,1,0,0,0,0,0,0,37,14,23,4,4,0,4,3,1,2,1,1,44,17,27
389,District-Gajapati,Urban,12,180,92,88,20,15,5,5,5,0,5,1,4,73,40,33,12,9,3,8,3,5,3,2,1,54,17,37
389,District-Gajapati,Urban,13,165,74,91,18,11,7,13,11,2,3,0,3,70,21,49,11,7,4,9,3,6,2,1,1,39,20,19
389,District-Gajapati,Urban,14,236,112,124,41,30,11,24,14,10,6,3,3,85,29,56,29,18,11,11,3,8,4,1,3,36,14,22
389,District-Gajapati,Urban,15,348,169,179,58,35,23,33,21,12,9,2,7,155,62,93,25,17,8,23,16,7,3,1,2,42,15,27
389,District-Gajapati,Urban,16,437,206,231,80,61,19,48,26,22,16,4,12,194,74,120,42,26,16,13,4,9,3,1,2,41,10,31
389,District-Gajapati,Urban,17,481,241,240,100,78,22,39,28,11,12,5,7,233,84,149,29,22,7,18,9,9,3,1,2,47,14,33
389,District-Gajapati,Urban,18,818,366,452,180,137,43,84,43,41,16,7,9,351,99,252,77,54,23,18,6,12,7,1,6,85,19,66
389,District-Gajapati,Urban,19,649,281,368,151,114,37,50,32,18,13,7,6,305,71,234,47,35,12,25,13,12,6,2,4,52,7,45
390,District-Kandhamal,Total,5-19,76856,35265,41591,5784,3886,1898,12471,6156,6315,4175,1909,2266,12365,5325,7040,2090,781,1309,5818,1385,4433,1817,456,1361,32336,15367,16969
390,District-Kandhamal,Total,5,12256,6162,6094,2,1,1,5,2,3,1,0,1,69,33,36,31,21,10,34,15,19,26,16,10,12088,6074,6014
390,District-Kandhamal,Total,6,7691,3989,3702,10,7,3,2,2,0,0,0,0,118,64,54,23,11,12,28,11,17,15,5,10,7495,3889,3606
390,District-Kandhamal,Total,7,3306,1603,1703,8,2,6,7,4,3,0,0,0,150,68,82,15,3,12,21,3,18,9,2,7,3096,1521,1575
390,District-Kandhamal,Total,8,2173,1011,1162,2,1,1,12,6,6,4,3,1,192,94,98,15,5,10,28,6,22,20,4,16,1900,892,1008
390,District-Kandhamal,Total,9,1314,616,698,10,7,3,12,9,3,7,5,2,193,102,91,12,6,6,29,13,16,20,5,15,1031,469,562
390,District-Kandhamal,Total,10,2103,949,1154,19,10,9,42,21,21,29,13,16,383,192,191,34,11,23,64,16,48,48,18,30,1484,668,816
390,District-Kandhamal,Total,11,1678,745,933,43,27,16,107,51,56,47,20,27,420,191,229,40,15,25,105,33,72,69,33,36,847,375,472
390,District-Kandhamal,Total,12,2641,1136,1505,98,63,35,255,127,128,111,51,60,829,407,422,67,27,40,203,57,146,111,35,76,967,369,598
390,District-Kandhamal,Total,13,2635,1148,1487,132,92,40,359,170,189,188,84,104,859,417,442,77,27,50,253,67,186,90,31,59,677,260,417
390,District-Kandhamal,Total,14,3616,1585,2031,282,168,114,765,365,400,303,138,165,1076,520,556,98,31,67,364,100,264,135,38,97,593,225,368
390,District-Kandhamal,Total,15,6079,2726,3353,577,375,202,1469,740,729,575,273,302,1510,721,789,251,99,152,841,252,589,239,62,177,617,204,413
390,District-Kandhamal,Total,16,6499,2846,3653,713,482,231,1847,898,949,641,311,330,1586,687,899,226,87,139,788,174,614,230,53,177,468,154,314
390,District-Kandhamal,Total,17,5977,2613,3364,793,526,267,1826,909,917,605,261,344,1333,551,782,274,88,186,649,145,504,191,43,148,306,90,216
390,District-Kandhamal,Total,18,11280,4925,6355,1782,1234,548,3506,1751,1755,988,453,535,2092,749,1343,549,216,333,1520,337,1183,381,71,310,462,114,348
390,District-Kandhamal,Total,19,7608,3211,4397,1313,891,422,2257,1101,1156,676,297,379,1555,529,1026,378,134,244,891,156,735,233,40,193,305,63,242
390,District-Kandhamal,Rural,5-19,72605,33151,39454,5241,3466,1775,12275,6033,6242,4123,1873,2250,10781,4708,6073,2001,749,1252,5776,1369,4407,1804,453,1351,30604,14500,16104
390,District-Kandhamal,Rural,5,11451,5737,5714,2,1,1,5,2,3,1,0,1,56,29,27,30,20,10,33,14,19,25,15,10,11299,5656,5643
390,District-Kandhamal,Rural,6,7172,3728,3444,10,7,3,2,2,0,0,0,0,105,54,51,21,10,11,28,11,17,15,5,10,6991,3639,3352
390,District-Kandhamal,Rural,7,3148,1521,1627,7,1,6,6,4,2,0,0,0,138,62,76,13,2,11,20,3,17,9,2,7,2955,1447,1508
390,District-Kandhamal,Rural,8,2109,980,1129,2,1,1,12,6,6,4,3,1,176,86,90,15,5,10,28,6,22,20,4,16,1852,869,983
390,District-Kandhamal,Rural,9,1282,597,685,10,7,3,11,8,3,6,5,1,180,94,86,12,6,6,28,12,16,20,5,15,1015,460,555
390,District-Kandhamal,Rural,10,2031,916,1115,18,10,8,42,21,21,29,13,16,361,183,178,33,11,22,64,16,48,47,18,29,1437,644,793
390,District-Kandhamal,Rural,11,1617,715,902,37,22,15,105,50,55,47,20,27,391,178,213,39,15,24,105,33,72,69,33,36,824,364,460
390,District-Kandhamal,Rural,12,2553,1094,1459,92,61,31,251,123,128,110,50,60,777,382,395,66,26,40,200,57,143,109,34,75,948,361,587
390,District-Kandhamal,Rural,13,2523,1082,1441,121,82,39,355,168,187,188,84,104,791,378,413,74,26,48,251,67,184,90,31,59,653,246,407
390,District-Kandhamal,Rural,14,3458,1518,1940,259,153,106,753,360,393,299,137,162,976,481,495,95,30,65,363,100,263,135,38,97,578,219,359
390,District-Kandhamal,Rural,15,5827,2594,3233,527,339,188,1446,724,722,571,270,301,1367,653,714,242,96,146,837,251,586,237,62,175,600,199,401
390,District-Kandhamal,Rural,16,6188,2697,3491,656,436,220,1828,889,939,632,306,326,1395,610,785,215,84,131,783,171,612,228,53,175,451,148,303
390,District-Kandhamal,Rural,17,5619,2436,3183,714,467,247,1801,892,909,598,255,343,1118,470,648,262,81,181,645,144,501,191,43,148,290,84,206
390,District-Kandhamal,Rural,18,10622,4607,6015,1634,1113,521,3449,1714,1735,972,441,531,1729,624,1105,524,208,316,1508,330,1178,377,70,307,429,107,322
390,District-Kandhamal,Rural,19,7005,2929,4076,1152,766,386,2209,1070,1139,666,289,377,1221,424,797,360,129,231,883,154,729,232,40,192,282,57,225
390,District-Kandhamal,Urban,5-19,4251,2114,2137,543,420,123,196,123,73,52,36,16,1584,617,967,89,32,57,42,16,26,13,3,10,1732,867,865
390,District-Kandhamal,Urban,5,805,425,380,0,0,0,0,0,0,0,0,0,13,4,9,1,1,0,1,1,0,1,1,0,789,418,371
390,District-Kandhamal,Urban,6,519,261,258,0,0,0,0,0,0,0,0,0,13,10,3,2,1,1,0,0,0,0,0,0,504,250,254
390,District-Kandhamal,Urban,7,158,82,76,1,1,0,1,0,1,0,0,0,12,6,6,2,1,1,1,0,1,0,0,0,141,74,67
390,District-Kandhamal,Urban,8,64,31,33,0,0,0,0,0,0,0,0,0,16,8,8,0,0,0,0,0,0,0,0,0,48,23,25
390,District-Kandhamal,Urban,9,32,19,13,0,0,0,1,1,0,1,0,1,13,8,5,0,0,0,1,1,0,0,0,0,16,9,7
390,District-Kandhamal,Urban,10,72,33,39,1,0,1,0,0,0,0,0,0,22,9,13,1,0,1,0,0,0,1,0,1,47,24,23
390,District-Kandhamal,Urban,11,61,30,31,6,5,1,2,1,1,0,0,0,29,13,16,1,0,1,0,0,0,0,0,0,23,11,12
390,District-Kandhamal,Urban,12,88,42,46,6,2,4,4,4,0,1,1,0,52,25,27,1,1,0,3,0,3,2,1,1,19,8,11
390,District-Kandhamal,Urban,13,112,66,46,11,10,1,4,2,2,0,0,0,68,39,29,3,1,2,2,0,2,0,0,0,24,14,10
390,District-Kandhamal,Urban,14,158,67,91,23,15,8,12,5,7,4,1,3,100,39,61,3,1,2,1,0,1,0,0,0,15,6,9
390,District-Kandhamal,Urban,15,252,132,120,50,36,14,23,16,7,4,3,1,143,68,75,9,3,6,4,1,3,2,0,2,17,5,12
390,District-Kandhamal,Urban,16,311,149,162,57,46,11,19,9,10,9,5,4,191,77,114,11,3,8,5,3,2,2,0,2,17,6,11
390,District-Kandhamal,Urban,17,358,177,181,79,59,20,25,17,8,7,6,1,215,81,134,12,7,5,4,1,3,0,0,0,16,6,10
390,District-Kandhamal,Urban,18,658,318,340,148,121,27,57,37,20,16,12,4,363,125,238,25,8,17,12,7,5,4,1,3,33,7,26
390,District-Kandhamal,Urban,19,603,282,321,161,125,36,48,31,17,10,8,2,334,105,229,18,5,13,8,2,6,1,0,1,23,6,17
391,District-Baudh,Total,5-19,44197,21311,22886,5736,3953,1783,8596,4208,4388,2260,1018,1242,11758,4816,6942,938,429,509,1431,413,1018,391,107,284,13087,6367,6720
391,District-Baudh,Total,5,7021,3537,3484,7,5,2,3,0,3,1,1,0,73,34,39,43,25,18,40,17,23,13,4,9,6841,3451,3390
391,District-Baudh,Total,6,2933,1507,1426,3,2,1,6,3,3,1,0,1,111,58,53,13,4,9,22,11,11,10,4,6,2767,1425,1342
391,District-Baudh,Total,7,982,478,504,5,3,2,6,3,3,2,1,1,119,56,63,10,5,5,6,2,4,2,2,0,832,406,426
391,District-Baudh,Total,8,500,246,254,5,2,3,6,5,1,1,1,0,119,52,67,5,2,3,4,1,3,0,0,0,360,183,177
391,District-Baudh,Total,9,394,189,205,5,3,2,19,9,10,5,0,5,122,63,59,5,3,2,16,9,7,4,0,4,218,102,116
391,District-Baudh,Total,10,617,318,299,12,7,5,20,7,13,11,4,7,206,109,97,8,5,3,10,2,8,4,3,1,346,181,165
391,District-Baudh,Total,11,650,328,322,47,27,20,53,31,22,23,10,13,284,149,135,16,9,7,16,9,7,8,2,6,203,91,112
391,District-Baudh,Total,12,1133,598,535,117,79,38,144,81,63,49,26,23,558,288,270,33,15,18,38,16,22,23,7,16,171,86,85
391,District-Baudh,Total,13,1443,712,731,146,91,55,243,116,127,99,51,48,704,347,357,31,13,18,47,19,28,18,5,13,155,70,85
391,District-Baudh,Total,14,2377,1141,1236,307,197,110,522,258,264,193,85,108,1009,470,539,54,28,26,95,29,66,18,5,13,179,69,110
391,District-Baudh,Total,15,4047,1998,2049,664,451,213,1004,497,507,311,161,150,1565,686,879,115,59,56,137,50,87,37,13,24,214,81,133
391,District-Baudh,Total,16,4704,2204,2500,738,513,225,1333,657,676,405,182,223,1697,660,1037,89,40,49,193,58,135,57,19,38,192,75,117
391,District-Baudh,Total,17,5158,2348,2810,944,650,294,1503,717,786,370,161,209,1744,635,1109,140,71,69,228,56,172,58,15,43,171,43,128
391,District-Baudh,Total,18,7154,3367,3787,1560,1117,443,2163,1053,1110,479,198,281,2032,740,1292,207,83,124,349,90,259,85,17,68,279,69,210
391,District-Baudh,Total,19,5084,2340,2744,1176,806,370,1571,771,800,310,137,173,1415,469,946,169,67,102,230,44,186,54,11,43,159,35,124
391,District-Baudh,Rural,5-19,42849,20645,22204,5555,3820,1735,8512,4153,4359,2248,1011,1237,11137,4568,6569,923,421,502,1422,409,1013,390,106,284,12662,6157,6505
391,District-Baudh,Rural,5,6806,3431,3375,4,2,2,3,0,3,1,1,0,69,32,37,43,25,18,40,17,23,13,4,9,6633,3350,3283
391,District-Baudh,Rural,6,2835,1456,1379,2,1,1,6,3,3,1,0,1,110,58,52,13,4,9,21,10,11,10,4,6,2672,1376,1296
391,District-Baudh,Rural,7,953,458,495,5,3,2,6,3,3,2,1,1,116,54,62,9,4,5,6,2,4,2,2,0,807,389,418
391,District-Baudh,Rural,8,482,238,244,5,2,3,6,5,1,1,1,0,112,50,62,5,2,3,4,1,3,0,0,0,349,177,172
391,District-Baudh,Rural,9,383,180,203,5,3,2,19,9,10,5,0,5,116,57,59,5,3,2,16,9,7,4,0,4,213,99,114
391,District-Baudh,Rural,10,597,307,290,11,6,5,20,7,13,11,4,7,201,105,96,7,4,3,10,2,8,4,3,1,333,176,157
391,District-Baudh,Rural,11,635,318,317,45,27,18,53,31,22,23,10,13,276,143,133,16,9,7,16,9,7,8,2,6,198,87,111
391,District-Baudh,Rural,12,1102,582,520,113,76,37,144,81,63,48,26,22,544,282,262,33,15,18,37,16,21,23,7,16,160,79,81
391,District-Baudh,Rural,13,1409,699,710,145,90,55,241,115,126,99,51,48,679,338,341,30,13,17,47,19,28,18,5,13,150,68,82
391,District-Baudh,Rural,14,2322,1114,1208,300,193,107,516,256,260,193,85,108,977,454,523,53,28,25,95,29,66,18,5,13,170,64,106
391,District-Baudh,Rural,15,3945,1948,1997,639,435,204,997,492,505,310,160,150,1505,661,844,114,59,55,136,50,86,37,13,24,207,78,129
391,District-Baudh,Rural,16,4570,2140,2430,716,497,219,1323,651,672,404,181,223,1605,622,983,88,40,48,191,57,134,57,19,38,186,73,113
391,District-Baudh,Rural,17,5008,2270,2738,916,628,288,1488,710,778,368,160,208,1646,592,1054,139,70,69,225,54,171,57,14,43,169,42,127
391,District-Baudh,Rural,18,6904,3244,3660,1511,1079,432,2141,1036,1105,473,194,279,1878,682,1196,202,80,122,349,90,259,85,17,68,265,66,199
391,District-Baudh,Rural,19,4898,2260,2638,1138,778,360,1549,754,795,309,137,172,1303,438,865,166,65,101,229,44,185,54,11,43,150,33,117
391,District-Baudh,Urban,5-19,1348,666,682,181,133,48,84,55,29,12,7,5,621,248,373,15,8,7,9,4,5,1,1,0,425,210,215
391,District-Baudh,Urban,5,215,106,109,3,3,0,0,0,0,0,0,0,4,2,2,0,0,0,0,0,0,0,0,0,208,101,107
391,District-Baudh,Urban,6,98,51,47,1,1,0,0,0,0,0,0,0,1,0,1,0,0,0,1,1,0,0,0,0,95,49,46
391,District-Baudh,Urban,7,29,20,9,0,0,0,0,0,0,0,0,0,3,2,1,1,1,0,0,0,0,0,0,0,25,17,8
391,District-Baudh,Urban,8,18,8,10,0,0,0,0,0,0,0,0,0,7,2,5,0,0,0,0,0,0,0,0,0,11,6,5
391,District-Baudh,Urban,9,11,9,2,0,0,0,0,0,0,0,0,0,6,6,0,0,0,0,0,0,0,0,0,0,5,3,2
391,District-Baudh,Urban,10,20,11,9,1,1,0,0,0,0,0,0,0,5,4,1,1,1,0,0,0,0,0,0,0,13,5,8
391,District-Baudh,Urban,11,15,10,5,2,0,2,0,0,0,0,0,0,8,6,2,0,0,0,0,0,0,0,0,0,5,4,1
391,District-Baudh,Urban,12,31,16,15,4,3,1,0,0,0,1,0,1,14,6,8,0,0,0,1,0,1,0,0,0,11,7,4
391,District-Baudh,Urban,13,34,13,21,1,1,0,2,1,1,0,0,0,25,9,16,1,0,1,0,0,0,0,0,0,5,2,3
391,District-Baudh,Urban,14,55,27,28,7,4,3,6,2,4,0,0,0,32,16,16,1,0,1,0,0,0,0,0,0,9,5,4
391,District-Baudh,Urban,15,102,50,52,25,16,9,7,5,2,1,1,0,60,25,35,1,0,1,1,0,1,0,0,0,7,3,4
391,District-Baudh,Urban,16,134,64,70,22,16,6,10,6,4,1,1,0,92,38,54,1,0,1,2,1,1,0,0,0,6,2,4
391,District-Baudh,Urban,17,150,78,72,28,22,6,15,7,8,2,1,1,98,43,55,1,1,0,3,2,1,1,1,0,2,1,1
391,District-Baudh,Urban,18,250,123,127,49,38,11,22,17,5,6,4,2,154,58,96,5,3,2,0,0,0,0,0,0,14,3,11
391,District-Baudh,Urban,19,186,80,106,38,28,10,22,17,5,1,0,1,112,31,81,3,2,1,1,0,1,0,0,0,9,2,7
392,District-Subarnapur,Total,5-19,57472,28265,29207,7356,5443,1913,10475,5556,4919,2735,1311,1424,20941,8391,12550,782,387,395,1157,384,773,259,74,185,13767,6719,7048
392,District-Subarnapur,Total,5,6881,3544,3337,9,9,0,13,6,7,0,0,0,81,40,41,29,15,14,39,19,20,4,1,3,6706,3454,3252
392,District-Subarnapur,Total,6,3181,1617,1564,3,3,0,4,1,3,1,1,0,128,64,64,10,6,4,24,8,16,2,2,0,3009,1532,1477
392,District-Subarnapur,Total,7,1000,497,503,9,6,3,7,3,4,0,0,0,145,70,75,8,3,5,10,5,5,3,2,1,818,408,410
392,District-Subarnapur,Total,8,525,263,262,11,9,2,7,1,6,1,0,1,146,69,77,5,2,3,11,8,3,1,0,1,343,174,169
392,District-Subarnapur,Total,9,414,216,198,9,5,4,16,4,12,2,0,2,157,90,67,3,1,2,4,2,2,1,1,0,222,113,109
392,District-Subarnapur,Total,10,654,331,323,10,9,1,13,5,8,2,2,0,214,106,108,5,2,3,3,1,2,0,0,0,407,206,201
392,District-Subarnapur,Total,11,674,346,328,40,31,9,49,24,25,13,9,4,329,166,163,9,5,4,11,4,7,5,3,2,218,104,114
392,District-Subarnapur,Total,12,1161,612,549,107,73,34,109,53,56,21,10,11,665,356,309,20,13,7,28,10,18,5,3,2,206,94,112
392,District-Subarnapur,Total,13,1462,763,699,132,87,45,161,88,73,59,35,24,883,448,435,9,7,2,32,8,24,5,1,4,181,89,92
392,District-Subarnapur,Total,14,2721,1409,1312,302,230,72,465,231,234,150,89,61,1483,720,763,31,12,19,55,25,30,16,1,15,219,101,118
392,District-Subarnapur,Total,15,5183,2622,2561,637,459,178,1048,545,503,325,165,160,2683,1235,1448,84,48,36,96,38,58,20,9,11,290,123,167
392,District-Subarnapur,Total,16,6532,3124,3408,911,669,242,1514,755,759,414,202,212,3168,1297,1871,96,53,43,144,51,93,40,8,32,245,89,156
392,District-Subarnapur,Total,17,7750,3543,4207,1285,927,358,1830,946,884,510,220,290,3548,1274,2274,100,42,58,186,58,128,40,11,29,251,65,186
392,District-Subarnapur,Total,18,11012,5326,5686,2112,1583,529,2996,1658,1338,729,334,395,4188,1432,2756,212,103,109,305,83,222,67,20,47,403,113,290
392,District-Subarnapur,Total,19,8322,4052,4270,1779,1343,436,2243,1236,1007,508,244,264,3123,1024,2099,161,75,86,209,64,145,50,12,38,249,54,195
392,District-Subarnapur,Rural,5-19,53657,26348,27309,6867,5048,1819,10176,5385,4791,2662,1268,1394,19127,7651,11476,738,361,377,1118,370,748,250,69,181,12719,6196,6523
392,District-Subarnapur,Rural,5,6380,3282,3098,8,8,0,13,6,7,0,0,0,72,35,37,28,15,13,39,19,20,4,1,3,6216,3198,3018
392,District-Subarnapur,Rural,6,2905,1469,1436,2,2,0,4,1,3,1,1,0,122,60,62,7,4,3,21,7,14,2,2,0,2746,1392,1354
392,District-Subarnapur,Rural,7,936,461,475,9,6,3,6,2,4,0,0,0,135,66,69,8,3,5,10,5,5,2,1,1,766,378,388
392,District-Subarnapur,Rural,8,489,245,244,11,9,2,6,1,5,1,0,1,133,61,72,5,2,3,11,8,3,1,0,1,321,164,157
392,District-Subarnapur,Rural,9,379,193,186,6,3,3,15,3,12,2,0,2,141,80,61,2,0,2,4,2,2,1,1,0,208,104,104
392,District-Subarnapur,Rural,10,608,304,304,9,8,1,13,5,8,2,2,0,197,96,101,5,2,3,3,1,2,0,0,0,379,190,189
392,District-Subarnapur,Rural,11,625,329,296,36,27,9,48,23,25,13,9,4,299,158,141,9,5,4,11,4,7,4,3,1,205,100,105
392,District-Subarnapur,Rural,12,1062,561,501,90,60,30,106,51,55,20,9,11,607,330,277,18,11,7,28,10,18,5,3,2,188,87,101
392,District-Subarnapur,Rural,13,1364,715,649,124,80,44,157,86,71,59,35,24,815,416,399,9,7,2,32,8,24,5,1,4,163,82,81
392,District-Subarnapur,Rural,14,2569,1329,1240,281,212,69,462,230,232,148,88,60,1372,671,701,29,11,18,54,24,30,16,1,15,207,92,115
392,District-Subarnapur,Rural,15,4854,2462,2392,598,428,170,1018,530,488,318,162,156,2467,1142,1325,78,43,35,91,36,55,19,8,11,265,113,152
392,District-Subarnapur,Rural,16,6134,2916,3218,849,621,228,1465,726,739,407,198,209,2913,1179,1734,93,52,41,137,48,89,38,7,31,232,85,147
392,District-Subarnapur,Rural,17,7289,3315,3974,1211,867,344,1770,914,856,500,216,284,3267,1155,2112,94,39,55,179,55,124,39,10,29,229,59,170
392,District-Subarnapur,Rural,18,10338,4990,5348,1981,1482,499,2915,1605,1310,706,320,386,3808,1285,2523,202,98,104,295,80,215,65,19,46,366,101,265
392,District-Subarnapur,Rural,19,7725,3777,3948,1652,1235,417,2178,1202,976,485,228,257,2779,917,1862,151,69,82,203,63,140,49,12,37,228,51,177
392,District-Subarnapur,Urban,5-19,3815,1917,1898,489,395,94,299,171,128,73,43,30,1814,740,1074,44,26,18,39,14,25,9,5,4,1048,523,525
392,District-Subarnapur,Urban,5,501,262,239,1,1,0,0,0,0,0,0,0,9,5,4,1,0,1,0,0,0,0,0,0,490,256,234
392,District-Subarnapur,Urban,6,276,148,128,1,1,0,0,0,0,0,0,0,6,4,2,3,2,1,3,1,2,0,0,0,263,140,123
392,District-Subarnapur,Urban,7,64,36,28,0,0,0,1,1,0,0,0,0,10,4,6,0,0,0,0,0,0,1,1,0,52,30,22
392,District-Subarnapur,Urban,8,36,18,18,0,0,0,1,0,1,0,0,0,13,8,5,0,0,0,0,0,0,0,0,0,22,10,12
392,District-Subarnapur,Urban,9,35,23,12,3,2,1,1,1,0,0,0,0,16,10,6,1,1,0,0,0,0,0,0,0,14,9,5
392,District-Subarnapur,Urban,10,46,27,19,1,1,0,0,0,0,0,0,0,17,10,7,0,0,0,0,0,0,0,0,0,28,16,12
392,District-Subarnapur,Urban,11,49,17,32,4,4,0,1,1,0,0,0,0,30,8,22,0,0,0,0,0,0,1,0,1,13,4,9
392,District-Subarnapur,Urban,12,99,51,48,17,13,4,3,2,1,1,1,0,58,26,32,2,2,0,0,0,0,0,0,0,18,7,11
392,District-Subarnapur,Urban,13,98,48,50,8,7,1,4,2,2,0,0,0,68,32,36,0,0,0,0,0,0,0,0,0,18,7,11
392,District-Subarnapur,Urban,14,152,80,72,21,18,3,3,1,2,2,1,1,111,49,62,2,1,1,1,1,0,0,0,0,12,9,3
392,District-Subarnapur,Urban,15,329,160,169,39,31,8,30,15,15,7,3,4,216,93,123,6,5,1,5,2,3,1,1,0,25,10,15
392,District-Subarnapur,Urban,16,398,208,190,62,48,14,49,29,20,7,4,3,255,118,137,3,1,2,7,3,4,2,1,1,13,4,9
392,District-Subarnapur,Urban,17,461,228,233,74,60,14,60,32,28,10,4,6,281,119,162,6,3,3,7,3,4,1,1,0,22,6,16
392,District-Subarnapur,Urban,18,674,336,338,131,101,30,81,53,28,23,14,9,380,147,233,10,5,5,10,3,7,2,1,1,37,12,25
392,District-Subarnapur,Urban,19,597,275,322,127,108,19,65,34,31,23,16,7,344,107,237,10,6,4,6,1,5,1,0,1,21,3,18
393,District-Balangir,Total,5-19,167181,78847,88334,14131,11238,2893,20872,11852,9020,6654,3124,3530,53350,20969,32381,3992,2219,1773,7837,2654,5183,2353,656,1697,57992,26135,31857
393,District-Balangir,Total,5,23916,12270,11646,28,19,9,8,5,3,4,2,2,268,128,140,149,86,63,133,76,57,20,8,12,23306,11946,11360
393,District-Balangir,Total,6,10398,5194,5204,12,8,4,4,2,2,3,1,2,379,185,194,71,37,34,75,40,35,11,2,9,9843,4919,4924
393,District-Balangir,Total,7,4688,2240,2448,26,15,11,22,10,12,6,2,4,487,236,251,50,39,11,51,26,25,14,6,8,4032,1906,2126
393,District-Balangir,Total,8,3149,1453,1696,26,15,11,27,14,13,10,3,7,563,261,302,32,20,12,50,22,28,18,10,8,2423,1108,1315
393,District-Balangir,Total,9,2264,1040,1224,30,17,13,28,15,13,11,5,6,579,294,285,29,11,18,50,20,30,20,6,14,1517,672,845
393,District-Balangir,Total,10,3631,1683,1948,27,19,8,88,52,36,12,5,7,959,452,507,53,31,22,113,47,66,33,9,24,2346,1068,1278
393,District-Balangir,Total,11,2995,1338,1657,104,75,29,139,73,66,53,25,28,1141,537,604,66,35,31,133,54,79,56,22,34,1303,517,786
393,District-Balangir,Total,12,5414,2460,2954,209,160,49,341,164,177,147,71,76,2403,1131,1272,133,76,57,286,90,196,90,27,63,1805,741,1064
393,District-Balangir,Total,13,5509,2409,3100,307,228,79,504,251,253,210,90,120,2657,1187,1470,133,66,67,283,90,193,91,25,66,1324,472,852
393,District-Balangir,Total,14,8844,4028,4816,621,455,166,1158,617,541,437,190,247,4256,1914,2342,205,106,99,479,157,322,193,51,142,1495,538,957
393,District-Balangir,Total,15,14165,6561,7604,1267,959,308,2249,1244,1005,806,391,415,6399,2719,3680,417,237,180,895,309,586,269,76,193,1863,626,1237
393,District-Balangir,Total,16,17092,7752,9340,1866,1420,446,3128,1729,1399,1063,472,591,7469,2921,4548,472,249,223,1042,343,699,365,108,257,1687,510,1177
393,District-Balangir,Total,17,18228,8074,10154,2209,1730,479,3461,1936,1525,1163,497,666,7969,2813,5156,507,273,234,1199,382,817,298,75,223,1422,368,1054
393,District-Balangir,Total,18,27325,12971,14354,4169,3424,745,5552,3243,2309,1677,842,835,10459,3714,6745,930,516,414,1834,614,1220,551,145,406,2153,473,1680
393,District-Balangir,Total,19,19563,9374,10189,3230,2694,536,4163,2497,1666,1052,528,524,7362,2477,4885,745,437,308,1214,384,830,324,86,238,1473,271,1202
393,District-Balangir,Rural,5-19,153557,71978,81579,12541,9891,2650,20234,11396,8838,6569,3057,3512,47673,18743,28930,3696,2036,1660,7678,2568,5110,2331,643,1688,52835,23644,29191
393,District-Balangir,Rural,5,21693,11078,10615,18,12,6,8,5,3,4,2,2,227,110,117,122,71,51,112,62,50,18,8,10,21184,10808,10376
393,District-Balangir,Rural,6,9156,4538,4618,8,6,2,4,2,2,3,1,2,317,153,164,57,29,28,71,39,32,11,2,9,8685,4306,4379
393,District-Balangir,Rural,7,4252,2016,2236,20,12,8,20,9,11,6,2,4,401,192,209,48,38,10,47,23,24,14,6,8,3696,1734,1962
393,District-Balangir,Rural,8,2897,1335,1562,18,10,8,22,12,10,10,3,7,496,226,270,28,19,9,49,21,28,16,8,8,2258,1036,1222
393,District-Balangir,Rural,9,2057,942,1115,24,13,11,26,14,12,11,5,6,514,266,248,28,10,18,50,20,30,20,6,14,1384,608,776
393,District-Balangir,Rural,10,3316,1530,1786,23,16,7,81,46,35,12,5,7,858,398,460,48,28,20,109,43,66,32,8,24,2153,986,1167
393,District-Balangir,Rural,11,2703,1179,1524,83,59,24,131,69,62,51,23,28,1011,463,548,59,32,27,126,48,78,55,22,33,1187,463,724
393,District-Balangir,Rural,12,5014,2261,2753,173,133,40,328,153,175,145,69,76,2174,1025,1149,126,72,54,281,86,195,88,25,63,1699,698,1001
393,District-Balangir,Rural,13,5102,2215,2887,263,198,65,489,244,245,204,85,119,2422,1081,1341,120,58,62,278,86,192,91,25,66,1235,438,797
393,District-Balangir,Rural,14,8260,3743,4517,543,398,145,1131,600,531,433,186,247,3869,1745,2124,197,99,98,478,156,322,190,48,142,1419,511,908
393,District-Balangir,Rural,15,13262,6096,7166,1133,841,292,2206,1213,993,798,383,415,5860,2493,3367,386,217,169,882,302,580,268,76,192,1729,571,1158
393,District-Balangir,Rural,16,16002,7218,8784,1674,1263,411,3044,1675,1369,1046,459,587,6825,2674,4151,443,233,210,1021,335,686,364,107,257,1585,472,1113
393,District-Balangir,Rural,17,16823,7411,9412,1970,1529,441,3355,1858,1497,1148,491,657,7108,2504,4604,467,248,219,1180,374,806,295,73,222,1300,334,966
393,District-Balangir,Rural,18,25168,11892,13276,3732,3042,690,5374,3116,2258,1655,823,832,9205,3254,5951,872,480,392,1797,597,1200,547,144,403,1986,436,1550
393,District-Balangir,Rural,19,17852,8524,9328,2859,2359,500,4015,2380,1635,1043,520,523,6386,2159,4227,695,402,293,1197,376,821,322,85,237,1335,243,1092
393,District-Balangir,Urban,5-19,13624,6869,6755,1590,1347,243,638,456,182,85,67,18,5677,2226,3451,296,183,113,159,86,73,22,13,9,5157,2491,2666
393,District-Balangir,Urban,5,2223,1192,1031,10,7,3,0,0,0,0,0,0,41,18,23,27,15,12,21,14,7,2,0,2,2122,1138,984
393,District-Balangir,Urban,6,1242,656,586,4,2,2,0,0,0,0,0,0,62,32,30,14,8,6,4,1,3,0,0,0,1158,613,545
393,District-Balangir,Urban,7,436,224,212,6,3,3,2,1,1,0,0,0,86,44,42,2,1,1,4,3,1,0,0,0,336,172,164
393,District-Balangir,Urban,8,252,118,134,8,5,3,5,2,3,0,0,0,67,35,32,4,1,3,1,1,0,2,2,0,165,72,93
393,District-Balangir,Urban,9,207,98,109,6,4,2,2,1,1,0,0,0,65,28,37,1,1,0,0,0,0,0,0,0,133,64,69
393,District-Balangir,Urban,10,315,153,162,4,3,1,7,6,1,0,0,0,101,54,47,5,3,2,4,4,0,1,1,0,193,82,111
393,District-Balangir,Urban,11,292,159,133,21,16,5,8,4,4,2,2,0,130,74,56,7,3,4,7,6,1,1,0,1,116,54,62
393,District-Balangir,Urban,12,400,199,201,36,27,9,13,11,2,2,2,0,229,106,123,7,4,3,5,4,1,2,2,0,106,43,63
393,District-Balangir,Urban,13,407,194,213,44,30,14,15,7,8,6,5,1,235,106,129,13,8,5,5,4,1,0,0,0,89,34,55
393,District-Balangir,Urban,14,584,285,299,78,57,21,27,17,10,4,4,0,387,169,218,8,7,1,1,1,0,3,3,0,76,27,49
393,District-Balangir,Urban,15,903,465,438,134,118,16,43,31,12,8,8,0,539,226,313,31,20,11,13,7,6,1,0,1,134,55,79
393,District-Balangir,Urban,16,1090,534,556,192,157,35,84,54,30,17,13,4,644,247,397,29,16,13,21,8,13,1,1,0,102,38,64
393,District-Balangir,Urban,17,1405,663,742,239,201,38,106,78,28,15,6,9,861,309,552,40,25,15,19,8,11,3,2,1,122,34,88
393,District-Balangir,Urban,18,2157,1079,1078,437,382,55,178,127,51,22,19,3,1254,460,794,58,36,22,37,17,20,4,1,3,167,37,130
393,District-Balangir,Urban,19,1711,850,861,371,335,36,148,117,31,9,8,1,976,318,658,50,35,15,17,8,9,2,1,1,138,28,110
394,District-Nuapada,Total,5-19,63938,28766,35172,5345,3914,1431,11005,5403,5602,3043,1233,1810,10869,4232,6637,2085,1007,1078,5940,1611,4329,1743,465,1278,23908,10901,13007
394,District-Nuapada,Total,5,9463,4834,4629,9,7,2,0,0,0,1,1,0,56,27,29,34,18,16,66,33,33,34,18,16,9263,4730,4533
394,District-Nuapada,Total,6,5113,2546,2567,3,2,1,3,0,3,0,0,0,101,59,42,22,9,13,36,12,24,35,17,18,4913,2447,2466
394,District-Nuapada,Total,7,2252,1001,1251,4,2,2,7,2,5,3,1,2,132,49,83,18,8,10,51,19,32,35,12,23,2002,908,1094
394,District-Nuapada,Total,8,1363,593,770,4,3,1,8,2,6,8,4,4,140,63,77,17,5,12,47,13,34,43,14,29,1096,489,607
394,District-Nuapada,Total,9,1004,443,561,6,5,1,20,10,10,12,6,6,180,85,95,16,7,9,58,17,41,40,15,25,672,298,374
394,District-Nuapada,Total,10,1810,782,1028,17,12,5,58,36,22,28,13,15,356,153,203,41,19,22,117,37,80,72,29,43,1121,483,638
394,District-Nuapada,Total,11,1390,598,792,41,25,16,105,49,56,47,16,31,359,164,195,40,25,15,123,37,86,58,20,38,617,262,355
394,District-Nuapada,Total,12,2441,1035,1406,111,78,33,303,132,171,105,37,68,653,276,377,83,43,40,282,96,186,102,41,61,802,332,470
394,District-Nuapada,Total,13,2471,961,1510,101,68,33,412,163,249,165,60,105,706,292,414,79,43,36,333,106,227,106,30,76,569,199,370
394,District-Nuapada,Total,14,3233,1344,1889,234,164,70,720,318,402,270,111,159,856,357,499,125,62,63,410,129,281,126,41,85,492,162,330
394,District-Nuapada,Total,15,5351,2275,3076,520,350,170,1409,669,740,443,174,269,1245,497,748,229,126,103,742,224,518,209,62,147,554,173,381
394,District-Nuapada,Total,16,6223,2687,3536,783,559,224,1702,811,891,507,203,304,1444,570,874,259,126,133,804,222,582,199,52,147,525,144,381
394,District-Nuapada,Total,17,5986,2632,3354,818,605,213,1736,863,873,442,176,266,1442,536,906,253,130,123,740,193,547,193,38,155,362,91,271
394,District-Nuapada,Total,18,9349,4160,5189,1555,1161,394,2663,1378,1285,594,256,338,1875,661,1214,482,227,255,1315,308,1007,285,44,241,580,125,455
394,District-Nuapada,Total,19,6489,2875,3614,1139,873,266,1859,970,889,418,175,243,1324,443,881,387,159,228,816,165,651,206,32,174,340,58,282
394,District-Nuapada,Rural,5-19,61220,27410,33810,4936,3581,1355,10802,5268,5534,2998,1206,1792,9853,3875,5978,2002,953,1049,5902,1598,4304,1737,463,1274,22990,10466,12524
394,District-Nuapada,Rural,5,9114,4655,4459,8,6,2,0,0,0,1,1,0,53,26,27,32,17,15,66,33,33,33,18,15,8921,4554,4367
394,District-Nuapada,Rural,6,4893,2421,2472,3,2,1,3,0,3,0,0,0,95,54,41,20,7,13,34,12,22,35,17,18,4703,2329,2374
394,District-Nuapada,Rural,7,2191,971,1220,4,2,2,7,2,5,3,1,2,126,47,79,18,8,10,50,18,32,35,12,23,1948,881,1067
394,District-Nuapada,Rural,8,1317,577,740,4,3,1,8,2,6,8,4,4,125,59,66,16,5,11,46,13,33,43,14,29,1067,477,590
394,District-Nuapada,Rural,9,977,430,547,6,5,1,19,10,9,12,6,6,175,84,91,15,7,8,58,17,41,40,15,25,652,286,366
394,District-Nuapada,Rural,10,1748,751,997,15,10,5,56,35,21,28,13,15,342,147,195,39,17,22,117,37,80,72,29,43,1079,463,616
394,District-Nuapada,Rural,11,1340,577,763,40,25,15,102,47,55,47,16,31,333,153,180,40,25,15,120,35,85,58,20,38,600,256,344
394,District-Nuapada,Rural,12,2358,1000,1358,103,73,30,297,129,168,104,36,68,619,264,355,81,42,39,280,95,185,102,41,61,772,320,452
394,District-Nuapada,Rural,13,2382,914,1468,91,60,31,406,160,246,163,58,105,655,268,387,77,41,36,331,105,226,106,30,76,553,192,361
394,District-Nuapada,Rural,14,3117,1291,1826,216,153,63,712,315,397,269,111,158,797,331,466,123,61,62,404,128,276,126,41,85,470,151,319
394,District-Nuapada,Rural,15,5125,2160,2965,482,317,165,1381,652,729,438,172,266,1121,454,667,221,120,101,737,221,516,208,61,147,537,163,374
394,District-Nuapada,Rural,16,5955,2556,3399,726,513,213,1677,794,883,503,201,302,1310,522,788,241,117,124,800,220,580,196,51,145,502,138,364
394,District-Nuapada,Rural,17,5690,2492,3198,766,563,203,1704,839,865,431,170,261,1281,482,799,247,125,122,732,192,540,193,38,155,336,83,253
394,District-Nuapada,Rural,18,8873,3906,4967,1425,1052,373,2611,1341,1270,586,251,335,1666,583,1083,457,208,249,1312,307,1005,285,44,241,531,120,411
394,District-Nuapada,Rural,19,6140,2709,3431,1047,797,250,1819,942,877,405,166,239,1155,401,754,375,153,222,815,165,650,205,32,173,319,53,266
394,District-Nuapada,Urban,5-19,2718,1356,1362,409,333,76,203,135,68,45,27,18,1016,357,659,83,54,29,38,13,25,6,2,4,918,435,483
394,District-Nuapada,Urban,5,349,179,170,1,1,0,0,0,0,0,0,0,3,1,2,2,1,1,0,0,0,1,0,1,342,176,166
394,District-Nuapada,Urban,6,220,125,95,0,0,0,0,0,0,0,0,0,6,5,1,2,2,0,2,0,2,0,0,0,210,118,92
394,District-Nuapada,Urban,7,61,30,31,0,0,0,0,0,0,0,0,0,6,2,4,0,0,0,1,1,0,0,0,0,54,27,27
394,District-Nuapada,Urban,8,46,16,30,0,0,0,0,0,0,0,0,0,15,4,11,1,0,1,1,0,1,0,0,0,29,12,17
394,District-Nuapada,Urban,9,27,13,14,0,0,0,1,0,1,0,0,0,5,1,4,1,0,1,0,0,0,0,0,0,20,12,8
394,District-Nuapada,Urban,10,62,31,31,2,2,0,2,1,1,0,0,0,14,6,8,2,2,0,0,0,0,0,0,0,42,20,22
394,District-Nuapada,Urban,11,50,21,29,1,0,1,3,2,1,0,0,0,26,11,15,0,0,0,3,2,1,0,0,0,17,6,11
394,District-Nuapada,Urban,12,83,35,48,8,5,3,6,3,3,1,1,0,34,12,22,2,1,1,2,1,1,0,0,0,30,12,18
394,District-Nuapada,Urban,13,89,47,42,10,8,2,6,3,3,2,2,0,51,24,27,2,2,0,2,1,1,0,0,0,16,7,9
394,District-Nuapada,Urban,14,116,53,63,18,11,7,8,3,5,1,0,1,59,26,33,2,1,1,6,1,5,0,0,0,22,11,11
394,District-Nuapada,Urban,15,226,115,111,38,33,5,28,17,11,5,2,3,124,43,81,8,6,2,5,3,2,1,1,0,17,10,7
394,District-Nuapada,Urban,16,268,131,137,57,46,11,25,17,8,4,2,2,134,48,86,18,9,9,4,2,2,3,1,2,23,6,17
394,District-Nuapada,Urban,17,296,140,156,52,42,10,32,24,8,11,6,5,161,54,107,6,5,1,8,1,7,0,0,0,26,8,18
394,District-Nuapada,Urban,18,476,254,222,130,109,21,52,37,15,8,5,3,209,78,131,25,19,6,3,1,2,0,0,0,49,5,44
394,District-Nuapada,Urban,19,349,166,183,92,76,16,40,28,12,13,9,4,169,42,127,12,6,6,1,0,1,1,0,1,21,5,16
395,District-Kalahandi,Total,5-19,173857,78372,95485,11556,8513,3043,23053,12299,10754,6522,3022,3500,38198,15023,23175,5257,2407,2850,13148,3852,9296,3887,1018,2869,72236,32238,39998
395,District-Kalahandi,Total,5,25532,13010,12522,16,15,1,5,2,3,3,1,2,228,121,107,126,68,58,111,43,68,54,24,30,24989,12736,12253
395,District-Kalahandi,Total,6,13589,6802,6787,9,7,2,4,2,2,3,3,0,325,158,167,60,32,28,78,36,42,21,11,10,13089,6553,6536
395,District-Kalahandi,Total,7,6706,3055,3651,7,3,4,17,12,5,4,3,1,369,174,195,56,22,34,87,46,41,30,11,19,6136,2784,3352
395,District-Kalahandi,Total,8,4820,2138,2682,14,7,7,24,13,11,5,0,5,481,234,247,50,24,26,94,38,56,47,19,28,4105,1803,2302
395,District-Kalahandi,Total,9,3548,1570,1978,28,20,8,39,17,22,11,6,5,562,276,286,49,22,27,139,56,83,54,23,31,2666,1150,1516
395,District-Kalahandi,Total,10,5772,2483,3289,44,21,23,86,45,41,38,20,18,1083,499,584,96,48,48,243,101,142,156,57,99,4026,1692,2334
395,District-Kalahandi,Total,11,4453,1876,2577,101,71,30,208,103,105,78,28,50,1267,534,733,98,52,46,256,81,175,111,40,71,2334,967,1367
395,District-Kalahandi,Total,12,7520,2989,4531,240,168,72,582,246,336,245,95,150,2355,981,1374,205,106,99,641,209,432,253,80,173,2999,1104,1895
395,District-Kalahandi,Total,13,7400,2944,4456,347,218,129,849,391,458,346,142,204,2590,1070,1520,227,100,127,630,188,442,253,69,184,2158,766,1392
395,District-Kalahandi,Total,14,9645,3767,5878,585,354,231,1528,662,866,577,243,334,3354,1380,1974,371,171,200,987,269,718,369,91,278,1874,597,1277
395,District-Kalahandi,Total,15,14833,6315,8518,1224,838,386,2917,1417,1500,960,426,534,4649,1959,2690,670,306,364,1738,533,1205,544,149,395,2131,687,1444
395,District-Kalahandi,Total,16,15758,6788,8970,1580,1090,490,3528,1839,1689,1066,485,581,5056,2001,3055,643,275,368,1800,507,1293,456,117,339,1629,474,1155
395,District-Kalahandi,Total,17,14898,6578,8320,1772,1305,467,3610,1933,1677,944,442,502,4756,1763,2993,622,267,355,1589,447,1142,397,92,305,1208,329,879
395,District-Kalahandi,Total,18,22987,10687,12300,3151,2473,678,5688,3344,2344,1367,695,672,6320,2288,4032,1158,537,621,2843,827,2016,706,143,563,1754,380,1374
395,District-Kalahandi,Total,19,16396,7370,9026,2438,1923,515,3968,2273,1695,875,433,442,4803,1585,3218,826,377,449,1912,471,1441,436,92,344,1138,216,922
395,District-Kalahandi,Rural,5-19,165139,73968,91171,10566,7689,2877,22607,12030,10577,6410,2941,3469,34761,13622,21139,5030,2276,2754,13007,3785,9222,3861,1003,2858,68897,30622,38275
395,District-Kalahandi,Rural,5,24175,12293,11882,15,14,1,4,2,2,3,1,2,208,112,96,114,63,51,106,40,66,53,23,30,23672,12038,11634
395,District-Kalahandi,Rural,6,12738,6368,6370,6,5,1,3,2,1,3,3,0,302,145,157,57,31,26,76,35,41,21,11,10,12270,6136,6134
395,District-Kalahandi,Rural,7,6417,2911,3506,4,2,2,16,11,5,4,3,1,333,161,172,50,19,31,85,45,40,30,11,19,5895,2659,3236
395,District-Kalahandi,Rural,8,4647,2052,2595,11,5,6,23,12,11,5,0,5,440,213,227,48,22,26,94,38,56,47,19,28,3979,1743,2236
395,District-Kalahandi,Rural,9,3419,1503,1916,28,20,8,37,17,20,11,6,5,520,249,271,46,21,25,137,54,83,54,23,31,2586,1113,1473
395,District-Kalahandi,Rural,10,5579,2379,3200,41,19,22,86,45,41,38,20,18,1028,468,560,90,45,45,242,100,142,156,57,99,3898,1625,2273
395,District-Kalahandi,Rural,11,4284,1786,2498,91,61,30,204,102,102,77,27,50,1193,493,700,91,50,41,252,80,172,111,40,71,2265,933,1332
395,District-Kalahandi,Rural,12,7275,2864,4411,229,157,72,576,244,332,243,94,149,2225,915,1310,197,98,99,635,205,430,253,80,173,2917,1071,1846
395,District-Kalahandi,Rural,13,7128,2789,4339,321,195,126,832,379,453,342,141,201,2438,989,1449,212,93,119,623,185,438,252,68,184,2108,739,1369
395,District-Kalahandi,Rural,14,9273,3586,5687,552,332,220,1503,648,855,570,240,330,3145,1283,1862,355,161,194,978,266,712,367,91,276,1803,565,1238
395,District-Kalahandi,Rural,15,14192,5990,8202,1128,763,365,2866,1391,1475,950,421,529,4282,1791,2491,640,287,353,1716,522,1194,542,147,395,2068,668,1400
395,District-Kalahandi,Rural,16,15022,6422,8600,1453,991,462,3465,1807,1658,1048,471,577,4627,1815,2812,624,267,357,1779,497,1282,451,114,337,1575,460,1115
395,District-Kalahandi,Rural,17,14025,6151,7874,1621,1187,434,3540,1886,1654,926,429,497,4250,1570,2680,587,245,342,1575,439,1136,392,89,303,1134,306,828
395,District-Kalahandi,Rural,18,21656,10008,11648,2840,2200,640,5567,3260,2307,1337,671,666,5615,2048,3567,1121,514,607,2815,814,2001,699,139,560,1662,362,1300
395,District-Kalahandi,Rural,19,15309,6866,8443,2226,1738,488,3885,2224,1661,853,414,439,4155,1370,2785,798,360,438,1894,465,1429,433,91,342,1065,204,861
395,District-Kalahandi,Urban,5-19,8718,4404,4314,990,824,166,446,269,177,112,81,31,3437,1401,2036,227,131,96,141,67,74,26,15,11,3339,1616,1723
395,District-Kalahandi,Urban,5,1357,717,640,1,1,0,1,0,1,0,0,0,20,9,11,12,5,7,5,3,2,1,1,0,1317,698,619
395,District-Kalahandi,Urban,6,851,434,417,3,2,1,1,0,1,0,0,0,23,13,10,3,1,2,2,1,1,0,0,0,819,417,402
395,District-Kalahandi,Urban,7,289,144,145,3,1,2,1,1,0,0,0,0,36,13,23,6,3,3,2,1,1,0,0,0,241,125,116
395,District-Kalahandi,Urban,8,173,86,87,3,2,1,1,1,0,0,0,0,41,21,20,2,2,0,0,0,0,0,0,0,126,60,66
395,District-Kalahandi,Urban,9,129,67,62,0,0,0,2,0,2,0,0,0,42,27,15,3,1,2,2,2,0,0,0,0,80,37,43
395,District-Kalahandi,Urban,10,193,104,89,3,2,1,0,0,0,0,0,0,55,31,24,6,3,3,1,1,0,0,0,0,128,67,61
395,District-Kalahandi,Urban,11,169,90,79,10,10,0,4,1,3,1,1,0,74,41,33,7,2,5,4,1,3,0,0,0,69,34,35
395,District-Kalahandi,Urban,12,245,125,120,11,11,0,6,2,4,2,1,1,130,66,64,8,8,0,6,4,2,0,0,0,82,33,49
395,District-Kalahandi,Urban,13,272,155,117,26,23,3,17,12,5,4,1,3,152,81,71,15,7,8,7,3,4,1,1,0,50,27,23
395,District-Kalahandi,Urban,14,372,181,191,33,22,11,25,14,11,7,3,4,209,97,112,16,10,6,9,3,6,2,0,2,71,32,39
395,District-Kalahandi,Urban,15,641,325,316,96,75,21,51,26,25,10,5,5,367,168,199,30,19,11,22,11,11,2,2,0,63,19,44
395,District-Kalahandi,Urban,16,736,366,370,127,99,28,63,32,31,18,14,4,429,186,243,19,8,11,21,10,11,5,3,2,54,14,40
395,District-Kalahandi,Urban,17,873,427,446,151,118,33,70,47,23,18,13,5,506,193,313,35,22,13,14,8,6,5,3,2,74,23,51
395,District-Kalahandi,Urban,18,1331,679,652,311,273,38,121,84,37,30,24,6,705,240,465,37,23,14,28,13,15,7,4,3,92,18,74
395,District-Kalahandi,Urban,19,1087,504,583,212,185,27,83,49,34,22,19,3,648,215,433,28,17,11,18,6,12,3,1,2,73,12,61
396,District-Rayagada  ,Total,5-19,141487,64810,76677,8371,5795,2576,13994,7570,6424,3234,1548,1686,21337,9879,11458,6907,3195,3712,16829,5391,11438,3283,935,2348,67532,30497,37035
396,District-Rayagada  ,Total,5,18565,9328,9237,5,4,1,10,5,5,1,1,0,139,65,74,131,69,62,167,84,83,30,17,13,18082,9083,8999
396,District-Rayagada  ,Total,6,12374,6134,6240,6,5,1,12,9,3,2,0,2,250,119,131,91,46,45,131,67,64,33,20,13,11849,5868,5981
396,District-Rayagada  ,Total,7,7236,3436,3800,12,6,6,22,13,9,7,3,4,345,185,160,90,49,41,114,52,62,52,22,30,6594,3106,3488
396,District-Rayagada  ,Total,8,6319,2856,3463,17,10,7,26,9,17,1,0,1,494,237,257,50,16,34,156,65,91,52,23,29,5523,2496,3027
396,District-Rayagada  ,Total,9,4446,2023,2423,22,15,7,29,17,12,3,2,1,536,272,264,68,33,35,176,72,104,54,25,29,3558,1587,1971
396,District-Rayagada  ,Total,10,6662,2962,3700,44,23,21,108,45,63,30,15,15,1038,537,501,107,56,51,371,163,208,130,52,78,4834,2071,2763
396,District-Rayagada  ,Total,11,5081,2185,2896,106,57,49,189,84,105,65,29,36,1310,631,679,130,61,69,398,139,259,94,32,62,2789,1152,1637
396,District-Rayagada  ,Total,12,7581,3346,4235,222,145,77,424,208,216,160,74,86,2023,1003,1020,243,133,110,784,290,494,198,66,132,3527,1427,2100
396,District-Rayagada  ,Total,13,6434,2828,3606,235,148,87,589,268,321,209,76,133,1884,926,958,252,116,136,758,278,480,186,68,118,2321,948,1373
396,District-Rayagada  ,Total,14,7517,3344,4173,526,321,205,1035,540,495,305,132,173,2094,1033,1061,391,177,214,1117,391,726,249,69,180,1800,681,1119
396,District-Rayagada  ,Total,15,11547,5211,6336,985,644,341,1962,1064,898,505,243,262,2482,1232,1250,808,381,427,2337,765,1572,453,140,313,2015,742,1273
396,District-Rayagada  ,Total,16,11004,4963,6041,1152,761,391,2195,1166,1029,517,257,260,2281,1036,1245,866,399,467,2152,733,1419,450,119,331,1391,492,899
396,District-Rayagada  ,Total,17,9507,4321,5186,1204,856,348,2032,1135,897,417,208,209,1922,837,1085,797,372,425,1886,567,1319,324,73,251,925,273,652
396,District-Rayagada  ,Total,18,16060,7145,8915,2181,1578,603,3195,1816,1379,644,340,304,2628,1076,1552,1654,745,909,3764,1087,2677,608,129,479,1386,374,1012
396,District-Rayagada  ,Total,19,11154,4728,6426,1654,1222,432,2166,1191,975,368,168,200,1911,690,1221,1229,542,687,2518,638,1880,370,80,290,938,197,741
396,District-Rayagada  ,Rural,5-19,130537,59579,70958,7125,4849,2276,13465,7255,6210,3093,1470,1623,17563,8422,9141,6433,2929,3504,16533,5260,11273,3222,913,2309,63103,28481,34622
396,District-Rayagada  ,Rural,5,16982,8522,8460,5,4,1,5,3,2,1,1,0,103,49,54,119,61,58,160,81,79,28,16,12,16561,8307,8254
396,District-Rayagada  ,Rural,6,11397,5641,5756,5,4,1,9,6,3,1,0,1,209,101,108,82,40,42,117,58,59,33,20,13,10941,5412,5529
396,District-Rayagada  ,Rural,7,6860,3261,3599,11,5,6,21,13,8,6,2,4,290,157,133,85,45,40,108,51,57,51,22,29,6288,2966,3322
396,District-Rayagada  ,Rural,8,6057,2739,3318,14,8,6,22,7,15,1,0,1,427,207,220,47,16,31,154,64,90,52,23,29,5340,2414,2926
396,District-Rayagada  ,Rural,9,4222,1919,2303,17,11,6,27,16,11,2,1,1,466,236,230,65,32,33,167,69,98,54,25,29,3424,1529,1895
396,District-Rayagada  ,Rural,10,6339,2801,3538,40,20,20,101,42,59,30,15,15,943,488,455,102,51,51,358,155,203,128,51,77,4637,1979,2658
396,District-Rayagada  ,Rural,11,4808,2054,2754,88,47,41,186,82,104,63,28,35,1192,579,613,123,56,67,392,135,257,94,32,62,2670,1095,1575
396,District-Rayagada  ,Rural,12,7153,3138,4015,201,130,71,408,200,208,156,72,84,1823,912,911,226,124,102,772,283,489,194,64,130,3373,1353,2020
396,District-Rayagada  ,Rural,13,6010,2626,3384,203,124,79,570,256,314,205,73,132,1658,826,832,238,106,132,747,274,473,185,68,117,2204,899,1305
396,District-Rayagada  ,Rural,14,6994,3088,3906,451,266,185,1001,523,478,296,126,170,1845,908,937,366,167,199,1108,387,721,245,68,177,1682,643,1039
396,District-Rayagada  ,Rural,15,10719,4799,5920,860,552,308,1887,1020,867,489,230,259,2088,1063,1025,756,352,404,2295,744,1551,450,138,312,1894,700,1194
396,District-Rayagada  ,Rural,16,10131,4547,5584,1003,654,349,2114,1115,999,498,247,251,1884,886,998,804,364,440,2113,716,1397,439,114,325,1276,451,825
396,District-Rayagada  ,Rural,17,8538,3852,4686,1021,717,304,1950,1078,872,401,199,202,1429,646,783,734,343,391,1858,553,1305,316,72,244,829,244,585
396,District-Rayagada  ,Rural,18,14479,6427,8052,1844,1319,525,3088,1754,1334,600,318,282,1896,848,1048,1535,669,866,3708,1068,2640,592,125,467,1216,326,890
396,District-Rayagada  ,Rural,19,9848,4165,5683,1362,988,374,2076,1140,936,344,158,186,1310,516,794,1151,503,648,2476,622,1854,361,75,286,768,163,605
396,District-Rayagada  ,Urban,5-19,10950,5231,5719,1246,946,300,529,315,214,141,78,63,3774,1457,2317,474,266,208,296,131,165,61,22,39,4429,2016,2413
396,District-Rayagada  ,Urban,5,1583,806,777,0,0,0,5,2,3,0,0,0,36,16,20,12,8,4,7,3,4,2,1,1,1521,776,745
396,District-Rayagada  ,Urban,6,977,493,484,1,1,0,3,3,0,1,0,1,41,18,23,9,6,3,14,9,5,0,0,0,908,456,452
396,District-Rayagada  ,Urban,7,376,175,201,1,1,0,1,0,1,1,1,0,55,28,27,5,4,1,6,1,5,1,0,1,306,140,166
396,District-Rayagada  ,Urban,8,262,117,145,3,2,1,4,2,2,0,0,0,67,30,37,3,0,3,2,1,1,0,0,0,183,82,101
396,District-Rayagada  ,Urban,9,224,104,120,5,4,1,2,1,1,1,1,0,70,36,34,3,1,2,9,3,6,0,0,0,134,58,76
396,District-Rayagada  ,Urban,10,323,161,162,4,3,1,7,3,4,0,0,0,95,49,46,5,5,0,13,8,5,2,1,1,197,92,105
396,District-Rayagada  ,Urban,11,273,131,142,18,10,8,3,2,1,2,1,1,118,52,66,7,5,2,6,4,2,0,0,0,119,57,62
396,District-Rayagada  ,Urban,12,428,208,220,21,15,6,16,8,8,4,2,2,200,91,109,17,9,8,12,7,5,4,2,2,154,74,80
396,District-Rayagada  ,Urban,13,424,202,222,32,24,8,19,12,7,4,3,1,226,100,126,14,10,4,11,4,7,1,0,1,117,49,68
396,District-Rayagada  ,Urban,14,523,256,267,75,55,20,34,17,17,9,6,3,249,125,124,25,10,15,9,4,5,4,1,3,118,38,80
396,District-Rayagada  ,Urban,15,828,412,416,125,92,33,75,44,31,16,13,3,394,169,225,52,29,23,42,21,21,3,2,1,121,42,79
396,District-Rayagada  ,Urban,16,873,416,457,149,107,42,81,51,30,19,10,9,397,150,247,62,35,27,39,17,22,11,5,6,115,41,74
396,District-Rayagada  ,Urban,17,969,469,500,183,139,44,82,57,25,16,9,7,493,191,302,63,29,34,28,14,14,8,1,7,96,29,67
396,District-Rayagada  ,Urban,18,1581,718,863,337,259,78,107,62,45,44,22,22,732,228,504,119,76,43,56,19,37,16,4,12,170,48,122
396,District-Rayagada  ,Urban,19,1306,563,743,292,234,58,90,51,39,24,10,14,601,174,427,78,39,39,42,16,26,9,5,4,170,34,136
397,District-Nabarangapur ,Total,5-19,185772,88425,97347,10399,8338,2061,23616,13364,10252,6392,3144,3248,24495,11254,13241,7856,4530,3326,24339,8137,16202,6914,2167,4747,81761,37491,44270
397,District-Nabarangapur ,Total,5,24461,12323,12138,6,6,0,11,4,7,15,6,9,192,107,85,119,70,49,225,105,120,72,30,42,23821,11995,11826
397,District-Nabarangapur ,Total,6,14552,7195,7357,8,8,0,10,7,3,12,5,7,284,146,138,80,46,34,154,78,76,73,36,37,13931,6869,7062
397,District-Nabarangapur ,Total,7,8289,3847,4442,10,7,3,30,11,19,11,6,5,350,168,182,56,27,29,212,97,115,117,47,70,7503,3484,4019
397,District-Nabarangapur ,Total,8,7000,3382,3618,23,16,7,52,34,18,33,14,19,649,332,317,73,43,30,250,124,126,128,45,83,5792,2774,3018
397,District-Nabarangapur ,Total,9,5508,2573,2935,28,18,10,103,53,50,48,32,16,734,354,380,78,39,39,249,110,139,159,65,94,4109,1902,2207
397,District-Nabarangapur ,Total,10,9031,4283,4748,56,34,22,259,132,127,140,62,78,1339,623,716,186,119,67,641,275,366,280,120,160,6130,2918,3212
397,District-Nabarangapur ,Total,11,6976,3236,3740,130,96,34,405,201,204,190,99,91,1552,749,803,146,78,68,619,259,360,288,107,181,3646,1647,1999
397,District-Nabarangapur ,Total,12,10274,4813,5461,269,193,76,938,470,468,435,229,206,2530,1295,1235,322,194,128,1352,517,835,570,234,336,3858,1681,2177
397,District-Nabarangapur ,Total,13,9316,4315,5001,356,254,102,1310,693,617,505,248,257,2342,1159,1183,312,171,141,1306,473,833,560,208,352,2625,1109,1516
397,District-Nabarangapur ,Total,14,11201,5335,5866,688,513,175,2167,1163,1004,764,397,367,2446,1232,1214,510,281,229,1880,707,1173,693,253,440,2053,789,1264
397,District-Nabarangapur ,Total,15,16080,7807,8273,1210,918,292,3500,1970,1530,989,512,477,2889,1384,1505,1000,584,416,3268,1258,2010,904,314,590,2320,867,1453
397,District-Nabarangapur ,Total,16,15246,7404,7842,1510,1216,294,3756,2127,1629,921,454,467,2581,1190,1391,982,574,408,3016,1084,1932,802,236,566,1678,523,1155
397,District-Nabarangapur ,Total,17,12940,6215,6725,1501,1186,315,3153,1888,1265,692,355,337,2014,873,1141,953,547,406,2826,876,1950,603,159,444,1198,331,867
397,District-Nabarangapur ,Total,18,20618,9519,11099,2644,2210,434,4733,2793,1940,1027,467,560,2660,1046,1614,1784,1049,735,4951,1358,3593,1009,204,805,1810,392,1418
397,District-Nabarangapur ,Total,19,14280,6178,8102,1960,1663,297,3189,1818,1371,610,258,352,1933,596,1337,1255,708,547,3390,816,2574,656,109,547,1287,210,1077
397,District-Nabarangapur ,Rural,5-19,178217,84675,93542,9528,7623,1905,22920,12935,9985,6179,3018,3161,21937,10265,11672,7632,4378,3254,24038,8002,16036,6841,2140,4701,79142,36314,42828
397,District-Nabarangapur ,Rural,5,23470,11829,11641,6,6,0,10,4,6,10,4,6,178,98,80,116,68,48,207,96,111,68,28,40,22875,11525,11350
397,District-Nabarangapur ,Rural,6,13920,6876,7044,8,8,0,9,6,3,11,4,7,259,133,126,78,45,33,144,72,72,73,36,37,13338,6572,6766
397,District-Nabarangapur ,Rural,7,8082,3742,4340,9,6,3,28,10,18,11,6,5,328,158,170,56,27,29,211,97,114,117,47,70,7322,3391,3931
397,District-Nabarangapur ,Rural,8,6862,3316,3546,21,14,7,45,28,17,32,14,18,618,315,303,73,43,30,250,124,126,127,44,83,5696,2734,2962
397,District-Nabarangapur ,Rural,9,5390,2524,2866,27,17,10,99,52,47,47,32,15,693,332,361,76,39,37,248,109,139,158,65,93,4042,1878,2164
397,District-Nabarangapur ,Rural,10,8831,4182,4649,54,32,22,251,128,123,136,62,74,1280,596,684,184,117,67,632,270,362,279,119,160,6015,2858,3157
397,District-Nabarangapur ,Rural,11,6783,3151,3632,121,89,32,385,193,192,188,98,90,1466,713,753,142,76,66,611,255,356,287,107,180,3583,1620,1963
397,District-Nabarangapur ,Rural,12,9929,4642,5287,254,182,72,911,459,452,423,222,201,2373,1211,1162,307,185,122,1332,507,825,565,230,335,3764,1646,2118
397,District-Nabarangapur ,Rural,13,9000,4163,4837,327,233,94,1268,668,600,494,243,251,2198,1096,1102,305,167,138,1292,470,822,556,206,350,2560,1080,1480
397,District-Nabarangapur ,Rural,14,10799,5119,5680,637,471,166,2108,1132,976,744,384,360,2255,1144,1111,500,275,225,1858,694,1164,686,250,436,2011,769,1242
397,District-Nabarangapur ,Rural,15,15502,7513,7989,1135,859,276,3421,1921,1500,965,494,471,2640,1285,1355,971,563,408,3229,1238,1991,896,311,585,2245,842,1403
397,District-Nabarangapur ,Rural,16,14577,7057,7520,1386,1118,268,3654,2065,1589,895,436,459,2275,1074,1201,945,547,398,2989,1070,1919,793,233,560,1640,514,1126
397,District-Nabarangapur ,Rural,17,12207,5839,6368,1378,1085,293,3045,1820,1225,664,338,326,1692,745,947,920,524,396,2783,857,1926,595,157,438,1130,313,817
397,District-Nabarangapur ,Rural,18,19519,8970,10549,2402,2005,397,4602,2707,1895,984,443,541,2173,882,1291,1742,1022,720,4902,1339,3563,997,201,796,1717,371,1346
397,District-Nabarangapur ,Rural,19,13346,5752,7594,1763,1498,265,3084,1742,1342,575,238,337,1509,483,1026,1217,680,537,3350,804,2546,644,106,538,1204,201,1003
397,District-Nabarangapur ,Urban,5-19,7555,3750,3805,871,715,156,696,429,267,213,126,87,2558,989,1569,224,152,72,301,135,166,73,27,46,2619,1177,1442
397,District-Nabarangapur ,Urban,5,991,494,497,0,0,0,1,0,1,5,2,3,14,9,5,3,2,1,18,9,9,4,2,2,946,470,476
397,District-Nabarangapur ,Urban,6,632,319,313,0,0,0,1,1,0,1,1,0,25,13,12,2,1,1,10,6,4,0,0,0,593,297,296
397,District-Nabarangapur ,Urban,7,207,105,102,1,1,0,2,1,1,0,0,0,22,10,12,0,0,0,1,0,1,0,0,0,181,93,88
397,District-Nabarangapur ,Urban,8,138,66,72,2,2,0,7,6,1,1,0,1,31,17,14,0,0,0,0,0,0,1,1,0,96,40,56
397,District-Nabarangapur ,Urban,9,118,49,69,1,1,0,4,1,3,1,0,1,41,22,19,2,0,2,1,1,0,1,0,1,67,24,43
397,District-Nabarangapur ,Urban,10,200,101,99,2,2,0,8,4,4,4,0,4,59,27,32,2,2,0,9,5,4,1,1,0,115,60,55
397,District-Nabarangapur ,Urban,11,193,85,108,9,7,2,20,8,12,2,1,1,86,36,50,4,2,2,8,4,4,1,0,1,63,27,36
397,District-Nabarangapur ,Urban,12,345,171,174,15,11,4,27,11,16,12,7,5,157,84,73,15,9,6,20,10,10,5,4,1,94,35,59
397,District-Nabarangapur ,Urban,13,316,152,164,29,21,8,42,25,17,11,5,6,144,63,81,7,4,3,14,3,11,4,2,2,65,29,36
397,District-Nabarangapur ,Urban,14,402,216,186,51,42,9,59,31,28,20,13,7,191,88,103,10,6,4,22,13,9,7,3,4,42,20,22
397,District-Nabarangapur ,Urban,15,578,294,284,75,59,16,79,49,30,24,18,6,249,99,150,29,21,8,39,20,19,8,3,5,75,25,50
397,District-Nabarangapur ,Urban,16,669,347,322,124,98,26,102,62,40,26,18,8,306,116,190,37,27,10,27,14,13,9,3,6,38,9,29
397,District-Nabarangapur ,Urban,17,733,376,357,123,101,22,108,68,40,28,17,11,322,128,194,33,23,10,43,19,24,8,2,6,68,18,50
397,District-Nabarangapur ,Urban,18,1099,549,550,242,205,37,131,86,45,43,24,19,487,164,323,42,27,15,49,19,30,12,3,9,93,21,72
397,District-Nabarangapur ,Urban,19,934,426,508,197,165,32,105,76,29,35,20,15,424,113,311,38,28,10,40,12,28,12,3,9,83,9,74
398,District-Koraput,Total,5-19,194784,89415,105369,15042,10540,4502,20490,10842,9648,5599,2780,2819,25981,11915,14066,13386,5608,7778,22725,6605,16120,5529,1725,3804,86032,39400,46632
398,District-Koraput,Total,5,27181,13709,13472,7,6,1,8,3,5,5,2,3,197,90,107,138,63,75,216,100,116,90,41,49,26520,13404,13116
398,District-Koraput,Total,6,17020,8372,8648,2,1,1,5,4,1,4,2,2,328,152,176,91,41,50,221,94,127,124,58,66,16245,8020,8225
398,District-Koraput,Total,7,8826,4176,4650,21,15,6,23,10,13,9,2,7,455,239,216,83,44,39,231,98,133,94,38,56,7910,3730,4180
398,District-Koraput,Total,8,7236,3352,3884,29,15,14,35,20,15,20,9,11,584,262,322,113,46,67,262,100,162,133,51,82,6060,2849,3211
398,District-Koraput,Total,9,5298,2380,2918,47,29,18,66,26,40,43,16,27,657,308,349,102,42,60,302,117,185,151,68,83,3930,1774,2156
398,District-Koraput,Total,10,8552,3860,4692,86,56,30,202,99,103,136,67,69,1381,673,708,182,90,92,648,251,397,276,115,161,5641,2509,3132
398,District-Koraput,Total,11,6872,3024,3848,201,119,82,420,199,221,228,109,119,1698,814,884,260,115,145,598,214,384,233,87,146,3234,1367,1867
398,District-Koraput,Total,12,10694,4771,5923,426,256,170,982,474,508,505,231,274,2779,1391,1388,476,209,267,1187,423,764,454,173,281,3885,1614,2271
398,District-Koraput,Total,13,9528,4227,5301,599,341,258,1128,531,597,554,261,293,2500,1223,1277,556,247,309,1176,409,767,395,141,254,2620,1074,1546
398,District-Koraput,Total,14,11369,5126,6243,980,623,357,2028,1035,993,698,325,373,2574,1261,1313,827,348,479,1639,553,1086,489,184,305,2134,797,1337
398,District-Koraput,Total,15,16459,7681,8778,1847,1222,625,3249,1718,1531,931,487,444,2910,1446,1464,1631,725,906,2898,981,1917,733,246,487,2260,856,1404
398,District-Koraput,Total,16,15461,7121,8340,2158,1463,695,3349,1774,1575,760,399,361,2440,1180,1260,1697,719,978,2860,895,1965,585,171,414,1612,520,1092
398,District-Koraput,Total,17,13286,6018,7268,2208,1558,650,2655,1491,1164,551,283,268,2195,940,1255,1652,666,986,2496,672,1824,489,119,370,1040,289,751
398,District-Koraput,Total,18,21704,9289,12415,3637,2707,930,3887,2161,1726,728,381,347,2949,1137,1812,3251,1293,1958,4756,1068,3688,759,154,605,1737,388,1349
398,District-Koraput,Total,19,15298,6309,8989,2794,2129,665,2453,1297,1156,427,206,221,2334,799,1535,2327,960,1367,3235,630,2605,524,79,445,1204,209,995
398,District-Koraput,Rural,5-19,179130,81959,97171,12847,8885,3962,19793,10430,9363,5424,2693,2731,21159,10082,11077,12495,5214,7281,22463,6496,15967,5471,1711,3760,79478,36448,43030
398,District-Koraput,Rural,5,24741,12490,12251,6,5,1,8,3,5,5,2,3,163,74,89,126,59,67,205,93,112,90,41,49,24138,12213,11925
398,District-Koraput,Rural,6,15490,7573,7917,1,0,1,5,4,1,4,2,2,284,129,155,83,36,47,207,85,122,124,58,66,14782,7259,7523
398,District-Koraput,Rural,7,8314,3916,4398,18,14,4,23,10,13,9,2,7,409,211,198,76,40,36,228,95,133,94,38,56,7457,3506,3951
398,District-Koraput,Rural,8,6956,3217,3739,24,13,11,34,20,14,20,9,11,540,245,295,109,45,64,261,100,161,132,51,81,5836,2734,3102
398,District-Koraput,Rural,9,5032,2246,2786,38,23,15,66,26,40,42,15,27,596,281,315,93,37,56,300,115,185,151,68,83,3746,1681,2065
398,District-Koraput,Rural,10,8186,3691,4495,79,50,29,200,99,101,134,65,69,1277,620,657,175,87,88,641,249,392,275,115,160,5405,2406,2999
398,District-Koraput,Rural,11,6532,2873,3659,180,108,72,409,194,215,226,109,117,1565,750,815,242,108,134,595,213,382,232,86,146,3083,1305,1778
398,District-Koraput,Rural,12,10214,4544,5670,378,227,151,961,467,494,500,228,272,2581,1291,1290,447,197,250,1177,417,760,451,173,278,3719,1544,2175
398,District-Koraput,Rural,13,8941,3964,4977,530,296,234,1106,515,591,541,257,284,2241,1113,1128,499,221,278,1164,403,761,392,139,253,2468,1020,1448
398,District-Koraput,Rural,14,10620,4821,5799,863,547,316,1980,1014,966,683,323,360,2247,1135,1112,754,321,433,1618,546,1072,484,180,304,1991,755,1236
398,District-Koraput,Rural,15,15334,7135,8199,1621,1059,562,3149,1662,1487,911,477,434,2444,1245,1199,1521,678,843,2869,969,1900,722,242,480,2097,803,1294
398,District-Koraput,Rural,16,14146,6501,7645,1868,1259,609,3236,1707,1529,729,383,346,1887,957,930,1588,672,916,2830,884,1946,578,171,407,1430,468,962
398,District-Koraput,Rural,17,11873,5337,6536,1887,1319,568,2554,1432,1122,526,268,258,1564,684,880,1528,609,919,2460,659,1801,482,116,366,872,250,622
398,District-Koraput,Rural,18,19458,8243,11215,3079,2259,820,3730,2060,1670,697,365,332,1992,826,1166,3049,1203,1846,4707,1049,3658,749,154,595,1455,327,1128
398,District-Koraput,Rural,19,13293,5408,7885,2275,1706,569,2332,1217,1115,397,188,209,1369,521,848,2205,901,1304,3201,619,2582,515,79,436,999,177,822
398,District-Koraput,Urban,5-19,15654,7456,8198,2195,1655,540,697,412,285,175,87,88,4822,1833,2989,891,394,497,262,109,153,58,14,44,6554,2952,3602
398,District-Koraput,Urban,5,2440,1219,1221,1,1,0,0,0,0,0,0,0,34,16,18,12,4,8,11,7,4,0,0,0,2382,1191,1191
398,District-Koraput,Urban,6,1530,799,731,1,1,0,0,0,0,0,0,0,44,23,21,8,5,3,14,9,5,0,0,0,1463,761,702
398,District-Koraput,Urban,7,512,260,252,3,1,2,0,0,0,0,0,0,46,28,18,7,4,3,3,3,0,0,0,0,453,224,229
398,District-Koraput,Urban,8,280,135,145,5,2,3,1,0,1,0,0,0,44,17,27,4,1,3,1,0,1,1,0,1,224,115,109
398,District-Koraput,Urban,9,266,134,132,9,6,3,0,0,0,1,1,0,61,27,34,9,5,4,2,2,0,0,0,0,184,93,91
398,District-Koraput,Urban,10,366,169,197,7,6,1,2,0,2,2,2,0,104,53,51,7,3,4,7,2,5,1,0,1,236,103,133
398,District-Koraput,Urban,11,340,151,189,21,11,10,11,5,6,2,0,2,133,64,69,18,7,11,3,1,2,1,1,0,151,62,89
398,District-Koraput,Urban,12,480,227,253,48,29,19,21,7,14,5,3,2,198,100,98,29,12,17,10,6,4,3,0,3,166,70,96
398,District-Koraput,Urban,13,587,263,324,69,45,24,22,16,6,13,4,9,259,110,149,57,26,31,12,6,6,3,2,1,152,54,98
398,District-Koraput,Urban,14,749,305,444,117,76,41,48,21,27,15,2,13,327,126,201,73,27,46,21,7,14,5,4,1,143,42,101
398,District-Koraput,Urban,15,1125,546,579,226,163,63,100,56,44,20,10,10,466,201,265,110,47,63,29,12,17,11,4,7,163,53,110
398,District-Koraput,Urban,16,1315,620,695,290,204,86,113,67,46,31,16,15,553,223,330,109,47,62,30,11,19,7,0,7,182,52,130
398,District-Koraput,Urban,17,1413,681,732,321,239,82,101,59,42,25,15,10,631,256,375,124,57,67,36,13,23,7,3,4,168,39,129
398,District-Koraput,Urban,18,2246,1046,1200,558,448,110,157,101,56,31,16,15,957,311,646,202,90,112,49,19,30,10,0,10,282,61,221
398,District-Koraput,Urban,19,2005,901,1104,519,423,96,121,80,41,30,18,12,965,278,687,122,59,63,34,11,23,9,0,9,205,32,173
399,District-Malkangiri  ,Total,5-19,91889,42408,49481,6000,4502,1498,9273,4805,4468,2452,1196,1256,10341,4454,5887,6619,3267,3352,10926,3343,7583,3187,1001,2186,43091,19840,23251
399,District-Malkangiri  ,Total,5,13903,6900,7003,2,0,2,2,1,1,1,0,1,69,39,30,64,32,32,95,45,50,43,20,23,13627,6763,6864
399,District-Malkangiri  ,Total,6,8837,4348,4489,3,2,1,2,1,1,2,2,0,108,54,54,41,15,26,108,49,59,55,25,30,8518,4200,4318
399,District-Malkangiri  ,Total,7,4554,2180,2374,8,6,2,5,2,3,2,1,1,144,79,65,37,20,17,110,49,61,65,34,31,4183,1989,2194
399,District-Malkangiri  ,Total,8,3857,1785,2072,6,4,2,10,4,6,9,4,5,238,112,126,56,28,28,140,58,82,106,45,61,3292,1530,1762
399,District-Malkangiri  ,Total,9,2341,1045,1296,8,7,1,27,15,12,13,4,9,238,106,132,63,29,34,141,52,89,87,40,47,1764,792,972
399,District-Malkangiri  ,Total,10,4180,1891,2289,17,9,8,79,39,40,47,23,24,497,247,250,130,70,60,331,133,198,186,80,106,2893,1290,1603
399,District-Malkangiri  ,Total,11,2790,1259,1531,66,46,20,171,84,87,73,39,34,505,238,267,101,46,55,297,116,181,139,62,77,1438,628,810
399,District-Malkangiri  ,Total,12,4620,2188,2432,147,104,43,367,198,169,173,98,75,928,486,442,274,144,130,635,245,390,271,98,173,1825,815,1010
399,District-Malkangiri  ,Total,13,3947,1729,2218,167,110,57,480,234,246,232,100,132,904,458,446,243,121,122,583,187,396,214,63,151,1124,456,668
399,District-Malkangiri  ,Total,14,4819,2227,2592,327,227,100,803,397,406,296,163,133,1023,506,517,366,191,175,824,291,533,258,87,171,922,365,557
399,District-Malkangiri  ,Total,15,7558,3454,4104,704,514,190,1419,717,702,409,193,216,1278,566,712,786,426,360,1494,527,967,428,137,291,1040,374,666
399,District-Malkangiri  ,Total,16,7048,3142,3906,819,597,222,1467,758,709,379,184,195,1126,444,682,844,410,434,1360,418,942,356,93,263,697,238,459
399,District-Malkangiri  ,Total,17,5690,2616,3074,826,626,200,1165,621,544,230,114,116,911,345,566,766,366,400,1063,332,731,266,64,202,463,148,315
399,District-Malkangiri  ,Total,18,10800,4701,6099,1702,1316,386,1976,1066,910,383,177,206,1400,484,916,1738,849,889,2320,534,1786,457,106,351,824,169,655
399,District-Malkangiri  ,Total,19,6945,2943,4002,1198,934,264,1300,668,632,203,94,109,972,290,682,1110,520,590,1425,307,1118,256,47,209,481,83,398
399,District-Malkangiri  ,Rural,5-19,87202,40179,47023,5550,4144,1406,9061,4661,4400,2402,1163,1239,9079,3965,5114,6360,3127,3233,10742,3269,7473,3145,984,2161,40863,18866,21997
399,District-Malkangiri  ,Rural,5,13163,6543,6620,2,0,2,2,1,1,1,0,1,60,32,28,60,30,30,94,45,49,42,19,23,12902,6416,6486
399,District-Malkangiri  ,Rural,6,8349,4108,4241,3,2,1,2,1,1,2,2,0,100,50,50,39,14,25,106,48,58,55,25,30,8042,3966,4076
399,District-Malkangiri  ,Rural,7,4362,2092,2270,8,6,2,5,2,3,2,1,1,137,75,62,37,20,17,107,47,60,65,34,31,4001,1907,2094
399,District-Malkangiri  ,Rural,8,3719,1724,1995,6,4,2,10,4,6,9,4,5,228,106,122,54,27,27,138,57,81,106,45,61,3168,1477,1691
399,District-Malkangiri  ,Rural,9,2262,1008,1254,7,6,1,26,14,12,13,4,9,222,100,122,62,29,33,139,51,88,86,40,46,1707,764,943
399,District-Malkangiri  ,Rural,10,4039,1828,2211,14,7,7,77,38,39,47,23,24,472,238,234,128,69,59,328,132,196,186,80,106,2787,1241,1546
399,District-Malkangiri  ,Rural,11,2687,1203,1484,61,41,20,168,83,85,71,37,34,473,222,251,98,44,54,295,115,180,137,61,76,1384,600,784
399,District-Malkangiri  ,Rural,12,4444,2102,2342,137,96,41,364,197,167,173,98,75,863,453,410,257,136,121,630,243,387,269,98,171,1751,781,970
399,District-Malkangiri  ,Rural,13,3784,1659,2125,161,106,55,475,231,244,229,98,131,840,423,417,225,113,112,572,186,386,213,63,150,1069,439,630
399,District-Malkangiri  ,Rural,14,4611,2127,2484,307,214,93,789,387,402,290,157,133,936,465,471,357,186,171,803,286,517,256,86,170,873,346,527
399,District-Malkangiri  ,Rural,15,7212,3272,3940,657,472,185,1388,693,695,403,189,214,1141,509,632,752,405,347,1474,516,958,421,134,287,976,354,622
399,District-Malkangiri  ,Rural,16,6701,2969,3732,767,559,208,1441,743,698,370,180,190,984,379,605,813,394,419,1332,409,923,348,89,259,646,216,430
399,District-Malkangiri  ,Rural,17,5328,2449,2879,763,575,188,1137,604,533,226,110,116,757,298,459,743,356,387,1033,314,719,261,63,198,408,129,279
399,District-Malkangiri  ,Rural,18,10120,4388,5732,1566,1206,360,1918,1025,893,370,170,200,1140,398,742,1667,809,858,2290,522,1768,447,102,345,722,156,566
399,District-Malkangiri  ,Rural,19,6421,2707,3714,1091,850,241,1259,638,621,196,90,106,726,217,509,1068,495,573,1401,298,1103,253,45,208,427,74,353
399,District-Malkangiri  ,Urban,5-19,4687,2229,2458,450,358,92,212,144,68,50,33,17,1262,489,773,259,140,119,184,74,110,42,17,25,2228,974,1254
399,District-Malkangiri  ,Urban,5,740,357,383,0,0,0,0,0,0,0,0,0,9,7,2,4,2,2,1,0,1,1,1,0,725,347,378
399,District-Malkangiri  ,Urban,6,488,240,248,0,0,0,0,0,0,0,0,0,8,4,4,2,1,1,2,1,1,0,0,0,476,234,242
399,District-Malkangiri  ,Urban,7,192,88,104,0,0,0,0,0,0,0,0,0,7,4,3,0,0,0,3,2,1,0,0,0,182,82,100
399,District-Malkangiri  ,Urban,8,138,61,77,0,0,0,0,0,0,0,0,0,10,6,4,2,1,1,2,1,1,0,0,0,124,53,71
399,District-Malkangiri  ,Urban,9,79,37,42,1,1,0,1,1,0,0,0,0,16,6,10,1,0,1,2,1,1,1,0,1,57,28,29
399,District-Malkangiri  ,Urban,10,141,63,78,3,2,1,2,1,1,0,0,0,25,9,16,2,1,1,3,1,2,0,0,0,106,49,57
399,District-Malkangiri  ,Urban,11,103,56,47,5,5,0,3,1,2,2,2,0,32,16,16,3,2,1,2,1,1,2,1,1,54,28,26
399,District-Malkangiri  ,Urban,12,176,86,90,10,8,2,3,1,2,0,0,0,65,33,32,17,8,9,5,2,3,2,0,2,74,34,40
399,District-Malkangiri  ,Urban,13,163,70,93,6,4,2,5,3,2,3,2,1,64,35,29,18,8,10,11,1,10,1,0,1,55,17,38
399,District-Malkangiri  ,Urban,14,208,100,108,20,13,7,14,10,4,6,6,0,87,41,46,9,5,4,21,5,16,2,1,1,49,19,30
399,District-Malkangiri  ,Urban,15,346,182,164,47,42,5,31,24,7,6,4,2,137,57,80,34,21,13,20,11,9,7,3,4,64,20,44
399,District-Malkangiri  ,Urban,16,347,173,174,52,38,14,26,15,11,9,4,5,142,65,77,31,16,15,28,9,19,8,4,4,51,22,29
399,District-Malkangiri  ,Urban,17,362,167,195,63,51,12,28,17,11,4,4,0,154,47,107,23,10,13,30,18,12,5,1,4,55,19,36
399,District-Malkangiri  ,Urban,18,680,313,367,136,110,26,58,41,17,13,7,6,260,86,174,71,40,31,30,12,18,10,4,6,102,13,89
399,District-Malkangiri  ,Urban,19,524,236,288,107,84,23,41,30,11,7,4,3,246,73,173,42,25,17,24,9,15,3,2,1,54,9,45
