035,District-Gurdaspur,Total,5-19,147065,80668,66397,18398,16020,2378,6603,4855,1748,1714,1285,429,52116,21196,30920,4829,3728,1101,1909,1233,676,463,339,124,61033,32012,29021
035,District-Gurdaspur,Total,5,24113,13377,10736,34,25,9,22,12,10,0,0,0,658,364,294,270,151,119,168,86,82,9,6,3,22952,12733,10219
035,District-Gurdaspur,Total,6,17487,9702,7785,19,16,3,22,12,10,1,1,0,781,422,359,186,112,74,160,80,80,11,8,3,16307,9051,7256
035,District-Gurdaspur,Total,7,5401,2959,2442,44,35,9,18,11,7,0,0,0,704,379,325,75,42,33,49,30,19,12,5,7,4499,2457,2042
035,District-Gurdaspur,Total,8,2710,1444,1266,48,29,19,10,4,6,2,0,2,612,313,299,59,38,21,23,12,11,3,2,1,1953,1046,907
035,District-Gurdaspur,Total,9,2124,1127,997,58,45,13,30,13,17,3,2,1,586,305,281,45,25,20,28,15,13,5,4,1,1369,718,651
035,District-Gurdaspur,Total,10,2962,1601,1361,87,67,20,30,12,18,2,2,0,756,414,342,82,58,24,31,16,15,5,2,3,1969,1030,939
035,District-Gurdaspur,Total,11,2448,1287,1161,195,144,51,58,38,20,10,5,5,929,436,493,90,61,29,37,23,14,12,8,4,1117,572,545
035,District-Gurdaspur,Total,12,3418,1849,1569,370,306,64,126,82,44,38,22,16,1407,646,761,162,115,47,83,44,39,20,15,5,1212,619,593
035,District-Gurdaspur,Total,13,3629,1896,1733,391,318,73,136,88,48,40,30,10,1753,753,1000,176,129,47,74,48,26,17,11,6,1042,519,523
035,District-Gurdaspur,Total,14,5448,2893,2555,687,569,118,293,225,68,71,54,17,2750,1162,1588,282,222,60,105,76,29,31,26,5,1229,559,670
035,District-Gurdaspur,Total,15,8258,4352,3906,1244,1043,201,496,349,147,130,97,33,4153,1706,2447,510,387,123,170,116,54,53,38,15,1502,616,886
035,District-Gurdaspur,Total,16,10796,5695,5101,1835,1570,265,734,527,207,194,140,54,5682,2238,3444,566,448,118,190,130,60,61,47,14,1534,595,939
035,District-Gurdaspur,Total,17,13218,7233,5985,2628,2280,348,1029,765,264,266,193,73,7259,2860,4399,568,472,96,212,152,60,64,53,11,1192,458,734
035,District-Gurdaspur,Total,18,23134,13050,10084,5319,4709,610,1872,1421,451,535,411,124,12122,4726,7396,1041,861,180,358,245,113,95,71,24,1792,606,1186
035,District-Gurdaspur,Total,19,21919,12203,9716,5439,4864,575,1727,1296,431,422,328,94,11964,4472,7492,717,607,110,221,160,61,65,43,22,1364,433,931
035,District-Gurdaspur,Rural,5-19,113723,61755,51968,14557,12653,1904,5472,4022,1450,1399,1021,378,41094,16274,24820,3789,2916,873,1467,937,530,372,266,106,45573,23666,21907
035,District-Gurdaspur,Rural,5,17879,9924,7955,21,16,5,21,12,9,0,0,0,477,261,216,221,125,96,123,56,67,6,4,2,17010,9450,7560
035,District-Gurdaspur,Rural,6,12660,6998,5662,12,10,2,18,10,8,1,1,0,566,313,253,142,85,57,110,53,57,10,7,3,11801,6519,5282
035,District-Gurdaspur,Rural,7,4037,2223,1814,28,23,5,13,8,5,0,0,0,503,273,230,57,32,25,31,18,13,10,3,7,3395,1866,1529
035,District-Gurdaspur,Rural,8,2006,1060,946,41,25,16,7,3,4,1,0,1,431,218,213,52,34,18,18,8,10,3,2,1,1453,770,683
035,District-Gurdaspur,Rural,9,1611,853,758,44,34,10,22,11,11,2,1,1,415,214,201,40,22,18,16,8,8,5,4,1,1067,559,508
035,District-Gurdaspur,Rural,10,2197,1170,1027,67,50,17,18,7,11,1,1,0,513,272,241,63,48,15,21,10,11,4,1,3,1510,781,729
035,District-Gurdaspur,Rural,11,1843,945,898,150,112,38,39,24,15,8,3,5,685,312,373,69,45,24,26,17,9,8,6,2,858,426,432
035,District-Gurdaspur,Rural,12,2612,1396,1216,280,228,52,100,67,33,34,22,12,1052,476,576,132,93,39,70,37,33,16,12,4,928,461,467
035,District-Gurdaspur,Rural,13,2822,1431,1391,289,229,60,113,73,40,35,27,8,1387,564,823,134,96,38,59,41,18,14,9,5,791,392,399
035,District-Gurdaspur,Rural,14,4339,2222,2117,530,433,97,242,182,60,57,40,17,2200,888,1312,232,182,50,83,62,21,20,17,3,975,418,557
035,District-Gurdaspur,Rural,15,6625,3402,3223,987,823,164,404,283,121,98,70,28,3351,1318,2033,403,308,95,131,92,39,44,30,14,1207,478,729
035,District-Gurdaspur,Rural,16,8724,4517,4207,1447,1239,208,621,450,171,166,120,46,4648,1775,2873,451,352,99,150,102,48,47,36,11,1194,443,751
035,District-Gurdaspur,Rural,17,10598,5716,4882,2118,1829,289,863,636,227,218,152,66,5790,2233,3557,441,364,77,167,116,51,53,44,9,948,342,606
035,District-Gurdaspur,Rural,18,18564,10401,8163,4281,3800,481,1554,1181,373,432,323,109,9733,3725,6008,823,681,142,287,194,93,80,58,22,1374,439,935
035,District-Gurdaspur,Rural,19,17206,9497,7709,4262,3802,460,1437,1075,362,346,261,85,9343,3432,5911,529,449,80,175,123,52,52,33,19,1062,322,740
035,District-Gurdaspur,Urban,5-19,33342,18913,14429,3841,3367,474,1131,833,298,315,264,51,11022,4922,6100,1040,812,228,442,296,146,91,73,18,15460,8346,7114
035,District-Gurdaspur,Urban,5,6234,3453,2781,13,9,4,1,0,1,0,0,0,181,103,78,49,26,23,45,30,15,3,2,1,5942,3283,2659
035,District-Gurdaspur,Urban,6,4827,2704,2123,7,6,1,4,2,2,0,0,0,215,109,106,44,27,17,50,27,23,1,1,0,4506,2532,1974
035,District-Gurdaspur,Urban,7,1364,736,628,16,12,4,5,3,2,0,0,0,201,106,95,18,10,8,18,12,6,2,2,0,1104,591,513
035,District-Gurdaspur,Urban,8,704,384,320,7,4,3,3,1,2,1,0,1,181,95,86,7,4,3,5,4,1,0,0,0,500,276,224
035,District-Gurdaspur,Urban,9,513,274,239,14,11,3,8,2,6,1,1,0,171,91,80,5,3,2,12,7,5,0,0,0,302,159,143
035,District-Gurdaspur,Urban,10,765,431,334,20,17,3,12,5,7,1,1,0,243,142,101,19,10,9,10,6,4,1,1,0,459,249,210
035,District-Gurdaspur,Urban,11,605,342,263,45,32,13,19,14,5,2,2,0,244,124,120,21,16,5,11,6,5,4,2,2,259,146,113
035,District-Gurdaspur,Urban,12,806,453,353,90,78,12,26,15,11,4,0,4,355,170,185,30,22,8,13,7,6,4,3,1,284,158,126
035,District-Gurdaspur,Urban,13,807,465,342,102,89,13,23,15,8,5,3,2,366,189,177,42,33,9,15,7,8,3,2,1,251,127,124
035,District-Gurdaspur,Urban,14,1109,671,438,157,136,21,51,43,8,14,14,0,550,274,276,50,40,10,22,14,8,11,9,2,254,141,113
035,District-Gurdaspur,Urban,15,1633,950,683,257,220,37,92,66,26,32,27,5,802,388,414,107,79,28,39,24,15,9,8,1,295,138,157
035,District-Gurdaspur,Urban,16,2072,1178,894,388,331,57,113,77,36,28,20,8,1034,463,571,115,96,19,40,28,12,14,11,3,340,152,188
035,District-Gurdaspur,Urban,17,2620,1517,1103,510,451,59,166,129,37,48,41,7,1469,627,842,127,108,19,45,36,9,11,9,2,244,116,128
035,District-Gurdaspur,Urban,18,4570,2649,1921,1038,909,129,318,240,78,103,88,15,2389,1001,1388,218,180,38,71,51,20,15,13,2,418,167,251
035,District-Gurdaspur,Urban,19,4713,2706,2007,1177,1062,115,290,221,69,76,67,9,2621,1040,1581,188,158,30,46,37,9,13,10,3,302,111,191
036,District-Kapurthala ,Total,5-19,50843,28759,22084,9101,8008,1093,2142,1570,572,543,419,124,16094,6283,9811,2118,1648,470,700,436,264,121,84,37,20024,10311,9713
036,District-Kapurthala ,Total,5,7510,4012,3498,11,8,3,6,3,3,0,0,0,224,119,105,55,34,21,66,25,41,1,0,1,7147,3823,3324
036,District-Kapurthala ,Total,6,5967,3285,2682,9,7,2,4,3,1,0,0,0,303,160,143,58,40,18,47,29,18,7,4,3,5539,3042,2497
036,District-Kapurthala ,Total,7,1767,957,810,13,8,5,6,5,1,1,1,0,184,92,92,18,12,6,15,7,8,0,0,0,1530,832,698
036,District-Kapurthala ,Total,8,1055,555,500,19,15,4,5,4,1,1,0,1,179,91,88,26,16,10,17,11,6,2,2,0,806,416,390
036,District-Kapurthala ,Total,9,713,378,335,15,12,3,6,4,2,4,3,1,171,82,89,21,15,6,10,4,6,0,0,0,486,258,228
036,District-Kapurthala ,Total,10,1082,576,506,26,20,6,3,1,2,1,1,0,241,124,117,47,30,17,18,9,9,2,1,1,744,390,354
036,District-Kapurthala ,Total,11,834,446,388,82,67,15,20,14,6,3,3,0,292,140,152,49,36,13,11,6,5,3,1,2,374,179,195
036,District-Kapurthala ,Total,12,1230,650,580,127,98,29,29,18,11,5,4,1,478,204,274,87,70,17,34,23,11,5,3,2,465,230,235
036,District-Kapurthala ,Total,13,1267,731,536,167,146,21,46,32,14,14,11,3,544,273,271,103,77,26,22,15,7,7,4,3,364,173,191
036,District-Kapurthala ,Total,14,1935,1041,894,355,287,68,86,60,26,34,26,8,905,379,526,117,79,38,42,26,16,11,7,4,385,177,208
036,District-Kapurthala ,Total,15,2977,1708,1269,662,562,100,185,130,55,53,41,12,1334,524,810,242,195,47,64,37,27,11,8,3,426,211,215
036,District-Kapurthala ,Total,16,3844,2215,1629,978,845,133,249,175,74,69,52,17,1787,724,1063,249,198,51,76,48,28,20,14,6,416,159,257
036,District-Kapurthala ,Total,17,4728,2802,1926,1369,1205,164,347,260,87,104,79,25,2234,885,1349,214,175,39,73,51,22,16,13,3,371,134,237
036,District-Kapurthala ,Total,18,8005,4740,3265,2551,2305,246,588,441,147,125,97,28,3572,1248,2324,479,383,96,126,89,37,19,15,4,545,162,383
036,District-Kapurthala ,Total,19,7929,4663,3266,2717,2423,294,562,420,142,129,101,28,3646,1238,2408,353,288,65,79,56,23,17,12,5,426,125,301
036,District-Kapurthala ,Rural,5-19,35214,19844,15370,6712,5932,780,1638,1215,423,479,363,116,11718,4334,7384,1347,1039,308,407,270,137,88,61,27,12825,6630,6195
036,District-Kapurthala ,Rural,5,5022,2708,2314,6,5,1,5,2,3,0,0,0,141,70,71,32,17,15,19,8,11,0,0,0,4819,2606,2213
036,District-Kapurthala ,Rural,6,3814,2126,1688,5,4,1,0,0,0,0,0,0,189,97,92,32,25,7,17,12,5,2,1,1,3569,1987,1582
036,District-Kapurthala ,Rural,7,1077,592,485,9,6,3,3,3,0,0,0,0,117,57,60,9,6,3,10,4,6,0,0,0,929,516,413
036,District-Kapurthala ,Rural,8,617,322,295,6,3,3,1,1,0,0,0,0,112,49,63,18,9,9,5,4,1,1,1,0,474,255,219
036,District-Kapurthala ,Rural,9,387,205,182,6,4,2,3,2,1,4,3,1,96,41,55,16,12,4,3,2,1,0,0,0,259,141,118
036,District-Kapurthala ,Rural,10,653,343,310,14,11,3,1,0,1,1,1,0,155,80,75,31,18,13,10,5,5,1,1,0,440,227,213
036,District-Kapurthala ,Rural,11,501,257,244,51,39,12,14,10,4,3,3,0,170,74,96,30,19,11,8,5,3,2,1,1,223,106,117
036,District-Kapurthala ,Rural,12,797,419,378,90,74,16,19,11,8,5,4,1,323,135,188,51,40,11,21,15,6,4,2,2,284,138,146
036,District-Kapurthala ,Rural,13,852,482,370,117,106,11,37,24,13,13,10,3,394,193,201,62,45,17,12,7,5,5,3,2,212,94,118
036,District-Kapurthala ,Rural,14,1374,727,647,267,218,49,64,46,18,29,23,6,681,270,411,66,47,19,23,14,9,8,4,4,236,105,131
036,District-Kapurthala ,Rural,15,2161,1210,951,493,420,73,143,102,41,51,39,12,1027,389,638,150,118,32,34,17,17,10,8,2,253,117,136
036,District-Kapurthala ,Rural,16,2888,1641,1247,738,642,96,208,147,61,57,42,15,1385,546,839,156,124,32,55,37,18,15,10,5,274,93,181
036,District-Kapurthala ,Rural,17,3479,2045,1434,1020,901,119,272,209,63,96,72,24,1648,618,1030,149,123,26,43,28,15,12,10,2,239,84,155
036,District-Kapurthala ,Rural,18,5860,3441,2419,1907,1725,182,444,337,107,109,81,28,2621,868,1753,326,260,66,97,71,26,16,12,4,340,87,253
036,District-Kapurthala ,Rural,19,5732,3326,2406,1983,1774,209,424,321,103,111,85,26,2659,847,1812,219,176,43,50,41,9,12,8,4,274,74,200
036,District-Kapurthala ,Urban,5-19,15629,8915,6714,2389,2076,313,504,355,149,64,56,8,4376,1949,2427,771,609,162,293,166,127,33,23,10,7199,3681,3518
036,District-Kapurthala ,Urban,5,2488,1304,1184,5,3,2,1,1,0,0,0,0,83,49,34,23,17,6,47,17,30,1,0,1,2328,1217,1111
036,District-Kapurthala ,Urban,6,2153,1159,994,4,3,1,4,3,1,0,0,0,114,63,51,26,15,11,30,17,13,5,3,2,1970,1055,915
036,District-Kapurthala ,Urban,7,690,365,325,4,2,2,3,2,1,1,1,0,67,35,32,9,6,3,5,3,2,0,0,0,601,316,285
036,District-Kapurthala ,Urban,8,438,233,205,13,12,1,4,3,1,1,0,1,67,42,25,8,7,1,12,7,5,1,1,0,332,161,171
036,District-Kapurthala ,Urban,9,326,173,153,9,8,1,3,2,1,0,0,0,75,41,34,5,3,2,7,2,5,0,0,0,227,117,110
036,District-Kapurthala ,Urban,10,429,233,196,12,9,3,2,1,1,0,0,0,86,44,42,16,12,4,8,4,4,1,0,1,304,163,141
036,District-Kapurthala ,Urban,11,333,189,144,31,28,3,6,4,2,0,0,0,122,66,56,19,17,2,3,1,2,1,0,1,151,73,78
036,District-Kapurthala ,Urban,12,433,231,202,37,24,13,10,7,3,0,0,0,155,69,86,36,30,6,13,8,5,1,1,0,181,92,89
036,District-Kapurthala ,Urban,13,415,249,166,50,40,10,9,8,1,1,1,0,150,80,70,41,32,9,10,8,2,2,1,1,152,79,73
036,District-Kapurthala ,Urban,14,561,314,247,88,69,19,22,14,8,5,3,2,224,109,115,51,32,19,19,12,7,3,3,0,149,72,77
036,District-Kapurthala ,Urban,15,816,498,318,169,142,27,42,28,14,2,2,0,307,135,172,92,77,15,30,20,10,1,0,1,173,94,79
036,District-Kapurthala ,Urban,16,956,574,382,240,203,37,41,28,13,12,10,2,402,178,224,93,74,19,21,11,10,5,4,1,142,66,76
036,District-Kapurthala ,Urban,17,1249,757,492,349,304,45,75,51,24,8,7,1,586,267,319,65,52,13,30,23,7,4,3,1,132,50,82
036,District-Kapurthala ,Urban,18,2145,1299,846,644,580,64,144,104,40,16,16,0,951,380,571,153,123,30,29,18,11,3,3,0,205,75,130
036,District-Kapurthala ,Urban,19,2197,1337,860,734,649,85,138,99,39,18,16,2,987,391,596,134,112,22,29,15,14,5,4,1,152,51,101
037,District-Jalandhar,Total,5-19,136244,77513,58731,24858,21680,3178,4678,3398,1280,1311,992,319,44919,18461,26458,6233,4877,1356,1253,777,476,272,175,97,52720,27153,25567
037,District-Jalandhar,Total,5,19958,10709,9249,26,18,8,14,8,6,1,0,1,733,385,348,156,91,65,134,68,66,9,5,4,18885,10134,8751
037,District-Jalandhar,Total,6,15202,8178,7024,21,15,6,12,7,5,2,0,2,834,439,395,119,67,52,113,60,53,6,3,3,14095,7587,6508
037,District-Jalandhar,Total,7,4995,2611,2384,46,27,19,16,11,5,1,1,0,681,335,346,70,43,27,41,23,18,6,2,4,4134,2169,1965
037,District-Jalandhar,Total,8,2883,1541,1342,43,30,13,19,12,7,2,1,1,591,322,269,58,38,20,24,14,10,7,4,3,2139,1120,1019
037,District-Jalandhar,Total,9,2206,1184,1022,50,38,12,19,14,5,0,0,0,622,335,287,63,36,27,22,13,9,5,3,2,1425,745,680
037,District-Jalandhar,Total,10,3027,1651,1376,75,52,23,17,11,6,1,1,0,768,424,344,111,79,32,44,27,17,5,4,1,2006,1053,953
037,District-Jalandhar,Total,11,2514,1376,1138,217,174,43,50,33,17,9,7,2,921,461,460,115,76,39,43,26,17,3,1,2,1156,598,558
037,District-Jalandhar,Total,12,3342,1813,1529,400,316,84,90,47,43,18,13,5,1291,622,669,257,177,80,46,26,20,21,11,10,1219,601,618
037,District-Jalandhar,Total,13,3668,2025,1643,480,384,96,111,77,34,28,20,8,1648,763,885,273,208,65,65,44,21,18,7,11,1045,522,523
037,District-Jalandhar,Total,14,4953,2823,2130,848,709,139,181,118,63,50,41,9,2354,1124,1230,394,284,110,73,51,22,19,11,8,1034,485,549
037,District-Jalandhar,Total,15,7834,4655,3179,1698,1460,238,362,254,108,123,97,26,3633,1679,1954,675,515,160,109,71,38,37,25,12,1197,554,643
037,District-Jalandhar,Total,16,10219,6039,4180,2694,2328,366,538,395,143,160,120,40,4860,2059,2801,754,593,161,102,67,35,37,26,11,1074,451,623
037,District-Jalandhar,Total,17,12990,7774,5216,3893,3414,479,794,583,211,242,184,58,6189,2486,3703,798,654,144,110,73,37,33,22,11,931,358,573
037,District-Jalandhar,Total,18,21005,12579,8426,6920,6135,785,1227,922,305,327,260,67,9631,3470,6161,1401,1201,200,179,120,59,32,28,4,1288,443,845
037,District-Jalandhar,Total,19,21448,12555,8893,7447,6580,867,1228,906,322,347,247,100,10163,3557,6606,989,815,174,148,94,54,34,23,11,1092,333,759
037,District-Jalandhar,Rural,5-19,67867,38019,29848,13008,11471,1537,2888,2104,784,933,706,227,24630,9579,15051,2306,1743,563,513,315,198,158,104,54,23431,11997,11434
037,District-Jalandhar,Rural,5,9547,5046,4501,7,6,1,2,1,1,0,0,0,301,144,157,46,23,23,22,7,15,0,0,0,9169,4865,4304
037,District-Jalandhar,Rural,6,7103,3783,3320,10,6,4,2,1,1,0,0,0,382,208,174,37,19,18,29,15,14,1,0,1,6642,3534,3108
037,District-Jalandhar,Rural,7,2137,1145,992,11,7,4,6,4,2,0,0,0,247,120,127,20,14,6,7,4,3,1,1,0,1845,995,850
037,District-Jalandhar,Rural,8,1094,607,487,13,10,3,8,6,2,1,1,0,223,124,99,18,14,4,10,5,5,3,3,0,818,444,374
037,District-Jalandhar,Rural,9,771,418,353,25,20,5,5,2,3,0,0,0,205,118,87,17,11,6,5,3,2,3,2,1,511,262,249
037,District-Jalandhar,Rural,10,1031,546,485,31,27,4,7,5,2,0,0,0,267,148,119,39,24,15,12,6,6,2,1,1,673,335,338
037,District-Jalandhar,Rural,11,957,525,432,85,71,14,15,13,2,5,3,2,361,171,190,52,36,16,18,14,4,2,1,1,419,216,203
037,District-Jalandhar,Rural,12,1306,693,613,169,135,34,30,14,16,13,10,3,544,247,297,99,63,36,22,10,12,15,8,7,414,206,208
037,District-Jalandhar,Rural,13,1614,877,737,206,169,37,56,39,17,20,13,7,828,380,448,109,82,27,34,24,10,10,5,5,351,165,186
037,District-Jalandhar,Rural,14,2384,1338,1046,386,326,60,115,74,41,33,25,8,1256,590,666,172,114,58,36,24,12,10,5,5,376,180,196
037,District-Jalandhar,Rural,15,3996,2306,1690,836,712,124,228,157,71,96,76,20,2071,930,1141,247,186,61,48,30,18,23,15,8,447,200,247
037,District-Jalandhar,Rural,16,5616,3244,2372,1479,1290,189,356,270,86,115,86,29,2874,1162,1712,298,226,72,44,28,16,21,15,6,429,167,262
037,District-Jalandhar,Rural,17,7287,4268,3019,2159,1904,255,517,378,139,180,137,43,3654,1411,2243,307,242,65,60,38,22,28,19,9,382,139,243
037,District-Jalandhar,Rural,18,11297,6515,4782,3586,3209,377,785,588,197,236,189,47,5568,1881,3687,496,412,84,92,60,32,18,15,3,516,161,355
037,District-Jalandhar,Rural,19,11727,6708,5019,4005,3579,426,756,552,204,234,166,68,5849,1945,3904,349,277,72,74,47,27,21,14,7,439,128,311
037,District-Jalandhar,Urban,5-19,68377,39494,28883,11850,10209,1641,1790,1294,496,378,286,92,20289,8882,11407,3927,3134,793,740,462,278,114,71,43,29289,15156,14133
037,District-Jalandhar,Urban,5,10411,5663,4748,19,12,7,12,7,5,1,0,1,432,241,191,110,68,42,112,61,51,9,5,4,9716,5269,4447
037,District-Jalandhar,Urban,6,8099,4395,3704,11,9,2,10,6,4,2,0,2,452,231,221,82,48,34,84,45,39,5,3,2,7453,4053,3400
037,District-Jalandhar,Urban,7,2858,1466,1392,35,20,15,10,7,3,1,1,0,434,215,219,50,29,21,34,19,15,5,1,4,2289,1174,1115
037,District-Jalandhar,Urban,8,1789,934,855,30,20,10,11,6,5,1,0,1,368,198,170,40,24,16,14,9,5,4,1,3,1321,676,645
037,District-Jalandhar,Urban,9,1435,766,669,25,18,7,14,12,2,0,0,0,417,217,200,46,25,21,17,10,7,2,1,1,914,483,431
037,District-Jalandhar,Urban,10,1996,1105,891,44,25,19,10,6,4,1,1,0,501,276,225,72,55,17,32,21,11,3,3,0,1333,718,615
037,District-Jalandhar,Urban,11,1557,851,706,132,103,29,35,20,15,4,4,0,560,290,270,63,40,23,25,12,13,1,0,1,737,382,355
037,District-Jalandhar,Urban,12,2036,1120,916,231,181,50,60,33,27,5,3,2,747,375,372,158,114,44,24,16,8,6,3,3,805,395,410
037,District-Jalandhar,Urban,13,2054,1148,906,274,215,59,55,38,17,8,7,1,820,383,437,164,126,38,31,20,11,8,2,6,694,357,337
037,District-Jalandhar,Urban,14,2569,1485,1084,462,383,79,66,44,22,17,16,1,1098,534,564,222,170,52,37,27,10,9,6,3,658,305,353
037,District-Jalandhar,Urban,15,3838,2349,1489,862,748,114,134,97,37,27,21,6,1562,749,813,428,329,99,61,41,20,14,10,4,750,354,396
037,District-Jalandhar,Urban,16,4603,2795,1808,1215,1038,177,182,125,57,45,34,11,1986,897,1089,456,367,89,58,39,19,16,11,5,645,284,361
037,District-Jalandhar,Urban,17,5703,3506,2197,1734,1510,224,277,205,72,62,47,15,2535,1075,1460,491,412,79,50,35,15,5,3,2,549,219,330
037,District-Jalandhar,Urban,18,9708,6064,3644,3334,2926,408,442,334,108,91,71,20,4063,1589,2474,905,789,116,87,60,27,14,13,1,772,282,490
037,District-Jalandhar,Urban,19,9721,5847,3874,3442,3001,441,472,354,118,113,81,32,4314,1612,2702,640,538,102,74,47,27,13,9,4,653,205,448
038,District-Hoshiarpur,Total,5-19,95820,53224,42596,12111,10742,1369,3913,3089,824,1537,1225,312,32535,13592,18943,4265,2806,1459,1228,721,507,362,236,126,39869,20813,19056
038,District-Hoshiarpur,Total,5,16529,9046,7483,5,3,2,4,2,2,1,0,1,405,217,188,98,57,41,67,44,23,4,3,1,15945,8720,7225
038,District-Hoshiarpur,Total,6,11946,6484,5462,4,2,2,9,5,4,0,0,0,479,250,229,73,37,36,54,36,18,1,0,1,11326,6154,5172
038,District-Hoshiarpur,Total,7,3118,1691,1427,19,15,4,4,1,3,0,0,0,304,164,140,70,32,38,22,11,11,3,2,1,2696,1466,1230
038,District-Hoshiarpur,Total,8,1901,1004,897,22,12,10,6,4,2,2,2,0,290,155,135,75,46,29,16,8,8,12,7,5,1478,770,708
038,District-Hoshiarpur,Total,9,1322,671,651,26,17,9,3,2,1,2,1,1,259,131,128,43,22,21,18,13,5,7,4,3,964,481,483
038,District-Hoshiarpur,Total,10,2101,1095,1006,49,30,19,17,10,7,3,2,1,331,168,163,132,72,60,40,19,21,25,14,11,1504,780,724
038,District-Hoshiarpur,Total,11,1501,767,734,100,87,13,36,20,16,18,10,8,437,196,241,99,51,48,31,19,12,12,7,5,768,377,391
038,District-Hoshiarpur,Total,12,2072,1075,997,207,159,48,44,26,18,24,12,12,656,310,346,243,141,102,75,39,36,20,14,6,803,374,429
038,District-Hoshiarpur,Total,13,2128,1131,997,217,174,43,79,63,16,28,22,6,887,414,473,206,124,82,61,38,23,18,11,7,632,285,347
038,District-Hoshiarpur,Total,14,3088,1643,1445,371,302,69,142,99,43,49,35,14,1403,662,741,329,195,134,100,50,50,29,18,11,665,282,383
038,District-Hoshiarpur,Total,15,5014,2718,2296,748,621,127,221,170,51,101,77,24,2442,1079,1363,565,369,196,144,73,71,49,28,21,744,301,443
038,District-Hoshiarpur,Total,16,6777,3799,2978,1194,1025,169,444,341,103,168,133,35,3587,1568,2019,528,365,163,145,74,71,36,25,11,675,268,407
038,District-Hoshiarpur,Total,17,8780,5121,3659,1848,1674,174,690,572,118,268,214,54,4854,2061,2793,471,325,146,127,74,53,34,20,14,488,181,307
038,District-Hoshiarpur,Total,18,14328,8229,6099,3337,3037,300,1088,893,195,415,343,72,7698,2959,4739,822,597,225,191,124,67,70,49,21,707,227,480
038,District-Hoshiarpur,Total,19,15215,8750,6465,3964,3584,380,1126,881,245,458,374,84,8503,3258,5245,511,373,138,137,99,38,42,34,8,474,147,327
038,District-Hoshiarpur,Rural,5-19,77617,42772,34845,9652,8581,1071,3341,2690,651,1343,1054,289,27388,11322,16066,3359,2099,1260,999,568,431,280,176,104,31255,16282,14973
038,District-Hoshiarpur,Rural,5,13262,7252,6010,3,2,1,3,2,1,0,0,0,297,162,135,68,40,28,44,29,15,1,1,0,12846,7016,5830
038,District-Hoshiarpur,Rural,6,9413,5110,4303,3,2,1,3,2,1,0,0,0,378,201,177,61,31,30,36,25,11,0,0,0,8932,4849,4083
038,District-Hoshiarpur,Rural,7,2417,1312,1105,12,9,3,0,0,0,0,0,0,237,129,108,52,23,29,14,7,7,3,2,1,2099,1142,957
038,District-Hoshiarpur,Rural,8,1425,748,677,18,10,8,5,3,2,1,1,0,213,115,98,60,36,24,13,7,6,10,6,4,1105,570,535
038,District-Hoshiarpur,Rural,9,1012,495,517,22,14,8,2,1,1,2,1,1,209,103,106,33,16,17,14,9,5,4,3,1,726,348,378
038,District-Hoshiarpur,Rural,10,1639,843,796,39,25,14,12,7,5,3,2,1,256,127,129,115,62,53,34,15,19,21,13,8,1159,592,567
038,District-Hoshiarpur,Rural,11,1158,586,572,72,62,10,26,16,10,18,10,8,339,155,184,79,37,42,25,14,11,9,6,3,590,286,304
038,District-Hoshiarpur,Rural,12,1622,834,788,175,129,46,40,25,15,23,11,12,529,247,282,206,114,92,66,36,30,12,7,5,571,265,306
038,District-Hoshiarpur,Rural,13,1664,875,789,160,126,34,66,52,14,24,18,6,721,335,386,182,108,74,51,31,20,14,8,6,446,197,249
038,District-Hoshiarpur,Rural,14,2495,1324,1171,308,252,56,118,85,33,43,32,11,1138,542,596,262,142,120,89,45,44,27,16,11,510,210,300
038,District-Hoshiarpur,Rural,15,4067,2157,1910,571,479,92,189,147,42,86,65,21,2053,895,1158,465,287,178,124,61,63,40,22,18,539,201,338
038,District-Hoshiarpur,Rural,16,5636,3109,2527,930,796,134,397,307,90,153,119,34,3063,1326,1737,426,282,144,117,57,60,30,19,11,520,203,317
038,District-Hoshiarpur,Rural,17,7349,4244,3105,1482,1343,139,589,495,94,241,192,49,4167,1770,2397,376,245,131,103,57,46,25,12,13,366,130,236
038,District-Hoshiarpur,Rural,18,11816,6707,5109,2696,2462,234,927,778,149,355,286,69,6528,2476,4052,602,410,192,153,92,61,52,35,17,503,168,335
038,District-Hoshiarpur,Rural,19,12642,7176,5466,3161,2870,291,964,770,194,394,317,77,7260,2739,4521,372,266,106,116,83,33,32,26,6,343,105,238
038,District-Hoshiarpur,Urban,5-19,18203,10452,7751,2459,2161,298,572,399,173,194,171,23,5147,2270,2877,906,707,199,229,153,76,82,60,22,8614,4531,4083
038,District-Hoshiarpur,Urban,5,3267,1794,1473,2,1,1,1,0,1,1,0,1,108,55,53,30,17,13,23,15,8,3,2,1,3099,1704,1395
038,District-Hoshiarpur,Urban,6,2533,1374,1159,1,0,1,6,3,3,0,0,0,101,49,52,12,6,6,18,11,7,1,0,1,2394,1305,1089
038,District-Hoshiarpur,Urban,7,701,379,322,7,6,1,4,1,3,0,0,0,67,35,32,18,9,9,8,4,4,0,0,0,597,324,273
038,District-Hoshiarpur,Urban,8,476,256,220,4,2,2,1,1,0,1,1,0,77,40,37,15,10,5,3,1,2,2,1,1,373,200,173
038,District-Hoshiarpur,Urban,9,310,176,134,4,3,1,1,1,0,0,0,0,50,28,22,10,6,4,4,4,0,3,1,2,238,133,105
038,District-Hoshiarpur,Urban,10,462,252,210,10,5,5,5,3,2,0,0,0,75,41,34,17,10,7,6,4,2,4,1,3,345,188,157
038,District-Hoshiarpur,Urban,11,343,181,162,28,25,3,10,4,6,0,0,0,98,41,57,20,14,6,6,5,1,3,1,2,178,91,87
038,District-Hoshiarpur,Urban,12,450,241,209,32,30,2,4,1,3,1,1,0,127,63,64,37,27,10,9,3,6,8,7,1,232,109,123
038,District-Hoshiarpur,Urban,13,464,256,208,57,48,9,13,11,2,4,4,0,166,79,87,24,16,8,10,7,3,4,3,1,186,88,98
038,District-Hoshiarpur,Urban,14,593,319,274,63,50,13,24,14,10,6,3,3,265,120,145,67,53,14,11,5,6,2,2,0,155,72,83
038,District-Hoshiarpur,Urban,15,947,561,386,177,142,35,32,23,9,15,12,3,389,184,205,100,82,18,20,12,8,9,6,3,205,100,105
038,District-Hoshiarpur,Urban,16,1141,690,451,264,229,35,47,34,13,15,14,1,524,242,282,102,83,19,28,17,11,6,6,0,155,65,90
038,District-Hoshiarpur,Urban,17,1431,877,554,366,331,35,101,77,24,27,22,5,687,291,396,95,80,15,24,17,7,9,8,1,122,51,71
038,District-Hoshiarpur,Urban,18,2512,1522,990,641,575,66,161,115,46,60,57,3,1170,483,687,220,187,33,38,32,6,18,14,4,204,59,145
038,District-Hoshiarpur,Urban,19,2573,1574,999,803,714,89,162,111,51,64,57,7,1243,519,724,139,107,32,21,16,5,10,8,2,131,42,89
039,District-Shahid Bhagat Singh Nagar ,Total,5-19,36321,20598,15723,6259,5562,697,1643,1204,439,484,358,126,12874,5276,7598,1190,929,261,350,214,136,66,42,24,13455,7013,6442
039,District-Shahid Bhagat Singh Nagar ,Total,5,5301,2903,2398,8,8,0,0,0,0,0,0,0,142,66,76,41,26,15,24,11,13,1,1,0,5085,2791,2294
039,District-Shahid Bhagat Singh Nagar ,Total,6,3740,1997,1743,6,4,2,3,2,1,0,0,0,176,92,84,29,18,11,16,8,8,3,0,3,3507,1873,1634
039,District-Shahid Bhagat Singh Nagar ,Total,7,1177,647,530,8,4,4,3,2,1,0,0,0,139,69,70,14,8,6,14,7,7,2,2,0,997,555,442
039,District-Shahid Bhagat Singh Nagar ,Total,8,655,343,312,13,10,3,2,2,0,0,0,0,135,72,63,16,12,4,9,5,4,4,1,3,476,241,235
039,District-Shahid Bhagat Singh Nagar ,Total,9,548,267,281,5,3,2,1,1,0,0,0,0,115,45,70,12,9,3,7,3,4,2,1,1,406,205,201
039,District-Shahid Bhagat Singh Nagar ,Total,10,848,464,384,8,4,4,8,5,3,3,2,1,155,91,64,28,19,9,11,5,6,4,2,2,631,336,295
039,District-Shahid Bhagat Singh Nagar ,Total,11,630,307,323,35,26,9,7,3,4,3,2,1,202,97,105,19,15,4,9,6,3,2,2,0,353,156,197
039,District-Shahid Bhagat Singh Nagar ,Total,12,685,371,314,72,56,16,16,10,6,4,2,2,248,126,122,45,34,11,19,9,10,3,2,1,278,132,146
039,District-Shahid Bhagat Singh Nagar ,Total,13,786,401,385,97,81,16,27,18,9,3,2,1,344,155,189,48,30,18,17,10,7,3,2,1,247,103,144
039,District-Shahid Bhagat Singh Nagar ,Total,14,1156,635,521,145,124,21,46,33,13,19,16,3,622,290,332,68,42,26,28,14,14,1,1,0,227,115,112
039,District-Shahid Bhagat Singh Nagar ,Total,15,1856,1116,740,344,294,50,102,59,43,38,25,13,913,456,457,138,112,26,34,22,12,8,5,3,279,143,136
039,District-Shahid Bhagat Singh Nagar ,Total,16,2768,1611,1157,628,543,85,201,142,59,60,44,16,1436,650,786,146,117,29,38,27,11,4,3,1,255,85,170
039,District-Shahid Bhagat Singh Nagar ,Total,17,3695,2192,1503,967,857,110,255,196,59,84,66,18,1976,822,1154,153,123,30,40,26,14,4,3,1,216,99,117
039,District-Shahid Bhagat Singh Nagar ,Total,18,5972,3555,2417,1798,1611,187,489,379,110,142,107,35,2953,1100,1853,254,214,40,46,33,13,16,11,5,274,100,174
039,District-Shahid Bhagat Singh Nagar ,Total,19,6504,3789,2715,2125,1937,188,483,352,131,128,92,36,3318,1145,2173,179,150,29,38,28,10,9,6,3,224,79,145
039,District-Shahid Bhagat Singh Nagar ,Rural,5-19,28065,15829,12236,5115,4528,587,1435,1052,383,427,306,121,10446,4178,6268,783,581,202,271,159,112,53,32,21,9535,4993,4542
039,District-Shahid Bhagat Singh Nagar ,Rural,5,4035,2204,1831,7,7,0,0,0,0,0,0,0,114,51,63,31,17,14,17,6,11,1,1,0,3865,2122,1743
039,District-Shahid Bhagat Singh Nagar ,Rural,6,2764,1487,1277,5,4,1,3,2,1,0,0,0,148,76,72,27,16,11,12,7,5,3,0,3,2566,1382,1184
039,District-Shahid Bhagat Singh Nagar ,Rural,7,848,454,394,7,3,4,3,2,1,0,0,0,111,52,59,8,5,3,13,7,6,2,2,0,704,383,321
039,District-Shahid Bhagat Singh Nagar ,Rural,8,451,231,220,10,7,3,2,2,0,0,0,0,114,59,55,14,11,3,7,5,2,4,1,3,300,146,154
039,District-Shahid Bhagat Singh Nagar ,Rural,9,372,179,193,4,2,2,1,1,0,0,0,0,99,39,60,9,6,3,7,3,4,2,1,1,250,127,123
039,District-Shahid Bhagat Singh Nagar ,Rural,10,546,301,245,5,3,2,5,4,1,3,2,1,112,62,50,15,11,4,10,4,6,4,2,2,392,213,179
039,District-Shahid Bhagat Singh Nagar ,Rural,11,445,222,223,28,22,6,4,2,2,3,2,1,161,77,84,15,11,4,8,5,3,2,2,0,224,101,123
039,District-Shahid Bhagat Singh Nagar ,Rural,12,459,241,218,55,42,13,14,9,5,4,2,2,190,95,95,32,23,9,15,6,9,2,1,1,147,63,84
039,District-Shahid Bhagat Singh Nagar ,Rural,13,556,286,270,82,69,13,24,16,8,3,2,1,254,114,140,34,18,16,11,6,5,2,1,1,146,60,86
039,District-Shahid Bhagat Singh Nagar ,Rural,14,868,465,403,108,92,16,36,26,10,16,13,3,498,234,264,48,27,21,22,11,11,0,0,0,140,62,78
039,District-Shahid Bhagat Singh Nagar ,Rural,15,1385,820,565,264,219,45,85,51,34,30,18,12,733,372,361,79,60,19,25,14,11,5,2,3,164,84,80
039,District-Shahid Bhagat Singh Nagar ,Rural,16,2150,1246,904,489,423,66,175,126,49,54,39,15,1143,510,633,90,67,23,28,20,8,3,2,1,168,59,109
039,District-Shahid Bhagat Singh Nagar ,Rural,17,2971,1728,1243,785,689,96,226,171,55,77,59,18,1607,643,964,96,76,20,33,20,13,2,2,0,145,68,77
039,District-Shahid Bhagat Singh Nagar ,Rural,18,4801,2832,1969,1478,1313,165,427,332,95,122,90,32,2398,870,1528,165,132,33,34,25,9,14,10,4,163,60,103
039,District-Shahid Bhagat Singh Nagar ,Rural,19,5414,3133,2281,1788,1633,155,430,308,122,115,79,36,2764,924,1840,120,101,19,29,20,9,7,5,2,161,63,98
039,District-Shahid Bhagat Singh Nagar ,Urban,5-19,8256,4769,3487,1144,1034,110,208,152,56,57,52,5,2428,1098,1330,407,348,59,79,55,24,13,10,3,3920,2020,1900
039,District-Shahid Bhagat Singh Nagar ,Urban,5,1266,699,567,1,1,0,0,0,0,0,0,0,28,15,13,10,9,1,7,5,2,0,0,0,1220,669,551
039,District-Shahid Bhagat Singh Nagar ,Urban,6,976,510,466,1,0,1,0,0,0,0,0,0,28,16,12,2,2,0,4,1,3,0,0,0,941,491,450
039,District-Shahid Bhagat Singh Nagar ,Urban,7,329,193,136,1,1,0,0,0,0,0,0,0,28,17,11,6,3,3,1,0,1,0,0,0,293,172,121
039,District-Shahid Bhagat Singh Nagar ,Urban,8,204,112,92,3,3,0,0,0,0,0,0,0,21,13,8,2,1,1,2,0,2,0,0,0,176,95,81
039,District-Shahid Bhagat Singh Nagar ,Urban,9,176,88,88,1,1,0,0,0,0,0,0,0,16,6,10,3,3,0,0,0,0,0,0,0,156,78,78
039,District-Shahid Bhagat Singh Nagar ,Urban,10,302,163,139,3,1,2,3,1,2,0,0,0,43,29,14,13,8,5,1,1,0,0,0,0,239,123,116
039,District-Shahid Bhagat Singh Nagar ,Urban,11,185,85,100,7,4,3,3,1,2,0,0,0,41,20,21,4,4,0,1,1,0,0,0,0,129,55,74
039,District-Shahid Bhagat Singh Nagar ,Urban,12,226,130,96,17,14,3,2,1,1,0,0,0,58,31,27,13,11,2,4,3,1,1,1,0,131,69,62
039,District-Shahid Bhagat Singh Nagar ,Urban,13,230,115,115,15,12,3,3,2,1,0,0,0,90,41,49,14,12,2,6,4,2,1,1,0,101,43,58
039,District-Shahid Bhagat Singh Nagar ,Urban,14,288,170,118,37,32,5,10,7,3,3,3,0,124,56,68,20,15,5,6,3,3,1,1,0,87,53,34
039,District-Shahid Bhagat Singh Nagar ,Urban,15,471,296,175,80,75,5,17,8,9,8,7,1,180,84,96,59,52,7,9,8,1,3,3,0,115,59,56
039,District-Shahid Bhagat Singh Nagar ,Urban,16,618,365,253,139,120,19,26,16,10,6,5,1,293,140,153,56,50,6,10,7,3,1,1,0,87,26,61
039,District-Shahid Bhagat Singh Nagar ,Urban,17,724,464,260,182,168,14,29,25,4,7,7,0,369,179,190,57,47,10,7,6,1,2,1,1,71,31,40
039,District-Shahid Bhagat Singh Nagar ,Urban,18,1171,723,448,320,298,22,62,47,15,20,17,3,555,230,325,89,82,7,12,8,4,2,1,1,111,40,71
039,District-Shahid Bhagat Singh Nagar ,Urban,19,1090,656,434,337,304,33,53,44,9,13,13,0,554,221,333,59,49,10,9,8,1,2,1,1,63,16,47
040,District-Fatehgarh Sahib,Total,5-19,37129,21262,15867,7022,6327,695,1169,909,260,366,277,89,11564,4271,7293,1635,1320,315,369,222,147,60,36,24,14944,7900,7044
040,District-Fatehgarh Sahib,Total,5,6128,3403,2725,12,7,5,3,2,1,0,0,0,160,99,61,38,28,10,27,17,10,2,1,1,5886,3249,2637
040,District-Fatehgarh Sahib,Total,6,4333,2377,1956,10,8,2,2,2,0,0,0,0,151,77,74,41,27,14,20,13,7,1,0,1,4108,2250,1858
040,District-Fatehgarh Sahib,Total,7,1277,654,623,5,4,1,2,2,0,0,0,0,114,52,62,13,10,3,12,7,5,0,0,0,1131,579,552
040,District-Fatehgarh Sahib,Total,8,719,381,338,12,11,1,0,0,0,0,0,0,131,63,68,20,11,9,9,7,2,1,1,0,546,288,258
040,District-Fatehgarh Sahib,Total,9,508,276,232,16,13,3,2,1,1,0,0,0,108,56,52,13,6,7,10,2,8,0,0,0,359,198,161
040,District-Fatehgarh Sahib,Total,10,677,389,288,13,8,5,3,2,1,0,0,0,114,59,55,28,18,10,12,6,6,1,0,1,506,296,210
040,District-Fatehgarh Sahib,Total,11,615,338,277,59,45,14,5,2,3,3,2,1,195,97,98,36,20,16,10,4,6,5,2,3,302,166,136
040,District-Fatehgarh Sahib,Total,12,786,437,349,91,85,6,13,11,2,6,3,3,265,117,148,67,47,20,23,14,9,3,3,0,318,157,161
040,District-Fatehgarh Sahib,Total,13,826,445,381,116,98,18,24,15,9,6,6,0,357,162,195,70,50,20,12,7,5,3,2,1,238,105,133
040,District-Fatehgarh Sahib,Total,14,1213,656,557,200,172,28,49,30,19,14,11,3,571,250,321,91,66,25,23,9,14,7,2,5,258,116,142
040,District-Fatehgarh Sahib,Total,15,1920,1139,781,405,360,45,70,52,18,29,19,10,890,392,498,185,150,35,38,22,16,10,7,3,293,137,156
040,District-Fatehgarh Sahib,Total,16,2590,1531,1059,670,593,77,164,121,43,54,38,16,1253,505,748,166,133,33,43,29,14,8,5,3,232,107,125
040,District-Fatehgarh Sahib,Total,17,3534,2079,1455,1102,986,116,198,157,41,55,44,11,1724,607,1117,210,174,36,24,14,10,4,4,0,217,93,124
040,District-Fatehgarh Sahib,Total,18,5921,3562,2359,2109,1928,181,317,254,63,82,64,18,2679,860,1819,364,328,36,47,28,19,8,6,2,315,94,221
040,District-Fatehgarh Sahib,Total,19,6082,3595,2487,2202,2009,193,317,258,59,117,90,27,2852,875,1977,293,252,41,59,43,16,7,3,4,235,65,170
040,District-Fatehgarh Sahib,Rural,5-19,25326,14184,11142,4895,4322,573,944,728,216,303,225,78,8656,3048,5608,862,662,200,250,150,100,42,27,15,9374,5022,4352
040,District-Fatehgarh Sahib,Rural,5,4106,2298,1808,7,5,2,0,0,0,0,0,0,106,63,43,25,21,4,15,8,7,2,1,1,3951,2200,1751
040,District-Fatehgarh Sahib,Rural,6,2856,1569,1287,8,6,2,1,1,0,0,0,0,103,51,52,20,14,6,10,6,4,0,0,0,2714,1491,1223
040,District-Fatehgarh Sahib,Rural,7,772,408,364,5,4,1,0,0,0,0,0,0,73,39,34,8,7,1,7,4,3,0,0,0,679,354,325
040,District-Fatehgarh Sahib,Rural,8,386,195,191,6,5,1,0,0,0,0,0,0,80,33,47,13,6,7,3,3,0,1,1,0,283,147,136
040,District-Fatehgarh Sahib,Rural,9,269,153,116,13,12,1,0,0,0,0,0,0,64,37,27,9,3,6,6,1,5,0,0,0,177,100,77
040,District-Fatehgarh Sahib,Rural,10,381,218,163,9,6,3,2,2,0,0,0,0,71,38,33,13,6,7,5,4,1,1,0,1,280,162,118
040,District-Fatehgarh Sahib,Rural,11,342,184,158,36,26,10,3,0,3,1,0,1,120,60,60,18,11,7,5,2,3,1,0,1,158,85,73
040,District-Fatehgarh Sahib,Rural,12,445,246,199,55,51,4,12,10,2,3,2,1,174,73,101,34,24,10,11,6,5,1,1,0,155,79,76
040,District-Fatehgarh Sahib,Rural,13,538,287,251,80,67,13,17,10,7,4,4,0,250,107,143,42,30,12,11,6,5,3,2,1,131,61,70
040,District-Fatehgarh Sahib,Rural,14,775,405,370,132,108,24,31,16,15,11,8,3,403,168,235,52,34,18,11,4,7,4,1,3,131,66,65
040,District-Fatehgarh Sahib,Rural,15,1299,721,578,276,239,37,54,37,17,24,15,9,661,263,398,98,74,24,33,19,14,7,6,1,146,68,78
040,District-Fatehgarh Sahib,Rural,16,1881,1065,816,475,412,63,146,108,38,46,32,14,965,371,594,88,63,25,31,21,10,7,4,3,123,54,69
040,District-Fatehgarh Sahib,Rural,17,2614,1481,1133,790,689,101,164,130,34,48,38,10,1345,463,882,116,91,25,18,9,9,3,3,0,130,58,72
040,District-Fatehgarh Sahib,Rural,18,4222,2416,1806,1436,1287,149,251,202,49,66,50,16,2068,636,1432,182,160,22,37,23,14,7,5,2,175,53,122
040,District-Fatehgarh Sahib,Rural,19,4440,2538,1902,1567,1405,162,263,212,51,100,76,24,2173,646,1527,144,118,26,47,34,13,5,3,2,141,44,97
040,District-Fatehgarh Sahib,Urban,5-19,11803,7078,4725,2127,2005,122,225,181,44,63,52,11,2908,1223,1685,773,658,115,119,72,47,18,9,9,5570,2878,2692
040,District-Fatehgarh Sahib,Urban,5,2022,1105,917,5,2,3,3,2,1,0,0,0,54,36,18,13,7,6,12,9,3,0,0,0,1935,1049,886
040,District-Fatehgarh Sahib,Urban,6,1477,808,669,2,2,0,1,1,0,0,0,0,48,26,22,21,13,8,10,7,3,1,0,1,1394,759,635
040,District-Fatehgarh Sahib,Urban,7,505,246,259,0,0,0,2,2,0,0,0,0,41,13,28,5,3,2,5,3,2,0,0,0,452,225,227
040,District-Fatehgarh Sahib,Urban,8,333,186,147,6,6,0,0,0,0,0,0,0,51,30,21,7,5,2,6,4,2,0,0,0,263,141,122
040,District-Fatehgarh Sahib,Urban,9,239,123,116,3,1,2,2,1,1,0,0,0,44,19,25,4,3,1,4,1,3,0,0,0,182,98,84
040,District-Fatehgarh Sahib,Urban,10,296,171,125,4,2,2,1,0,1,0,0,0,43,21,22,15,12,3,7,2,5,0,0,0,226,134,92
040,District-Fatehgarh Sahib,Urban,11,273,154,119,23,19,4,2,2,0,2,2,0,75,37,38,18,9,9,5,2,3,4,2,2,144,81,63
040,District-Fatehgarh Sahib,Urban,12,341,191,150,36,34,2,1,1,0,3,1,2,91,44,47,33,23,10,12,8,4,2,2,0,163,78,85
040,District-Fatehgarh Sahib,Urban,13,288,158,130,36,31,5,7,5,2,2,2,0,107,55,52,28,20,8,1,1,0,0,0,0,107,44,63
040,District-Fatehgarh Sahib,Urban,14,438,251,187,68,64,4,18,14,4,3,3,0,168,82,86,39,32,7,12,5,7,3,1,2,127,50,77
040,District-Fatehgarh Sahib,Urban,15,621,418,203,129,121,8,16,15,1,5,4,1,229,129,100,87,76,11,5,3,2,3,1,2,147,69,78
040,District-Fatehgarh Sahib,Urban,16,709,466,243,195,181,14,18,13,5,8,6,2,288,134,154,78,70,8,12,8,4,1,1,0,109,53,56
040,District-Fatehgarh Sahib,Urban,17,920,598,322,312,297,15,34,27,7,7,6,1,379,144,235,94,83,11,6,5,1,1,1,0,87,35,52
040,District-Fatehgarh Sahib,Urban,18,1699,1146,553,673,641,32,66,52,14,16,14,2,611,224,387,182,168,14,10,5,5,1,1,0,140,41,99
040,District-Fatehgarh Sahib,Urban,19,1642,1057,585,635,604,31,54,46,8,17,14,3,679,229,450,149,134,15,12,9,3,2,0,2,94,21,73
041,District-Ludhiana,Total,5-19,238495,135779,102716,40679,35376,5303,7436,5075,2361,1917,1361,556,69771,29301,40470,12042,9424,2618,3049,1825,1224,562,373,189,103039,53044,49995
041,District-Ludhiana,Total,5,35498,19268,16230,51,37,14,29,13,16,1,1,0,1167,638,529,417,257,160,361,201,160,16,11,5,33456,18110,15346
041,District-Ludhiana,Total,6,27552,14844,12708,50,30,20,49,27,22,1,1,0,1330,720,610,331,189,142,304,167,137,6,3,3,25481,13707,11774
041,District-Ludhiana,Total,7,10264,5511,4753,109,70,39,41,21,20,3,2,1,1227,677,550,167,98,69,130,63,67,4,3,1,8583,4577,4006
041,District-Ludhiana,Total,8,6409,3314,3095,102,63,39,34,20,14,4,4,0,1180,602,578,148,96,52,77,48,29,6,3,3,4858,2478,2380
041,District-Ludhiana,Total,9,5086,2608,2478,108,70,38,51,26,25,3,2,1,1203,629,574,136,75,61,69,27,42,8,5,3,3508,1774,1734
041,District-Ludhiana,Total,10,6725,3664,3061,181,126,55,64,42,22,8,6,2,1507,810,697,227,145,82,93,51,42,20,12,8,4625,2472,2153
041,District-Ludhiana,Total,11,5541,3087,2454,450,363,87,105,71,34,16,9,7,1803,891,912,238,166,72,91,51,40,22,12,10,2816,1524,1292
041,District-Ludhiana,Total,12,6821,3705,3116,717,580,137,166,105,61,43,32,11,2467,1140,1327,437,311,126,133,81,52,33,16,17,2825,1440,1385
041,District-Ludhiana,Total,13,6979,3760,3219,891,711,180,201,132,69,44,34,10,2812,1324,1488,477,337,140,142,80,62,30,18,12,2382,1124,1258
041,District-Ludhiana,Total,14,9493,5286,4207,1590,1347,243,329,200,129,88,60,28,4179,1909,2270,729,561,168,173,92,81,48,34,14,2357,1083,1274
041,District-Ludhiana,Total,15,13799,8022,5777,2894,2396,498,609,422,187,165,123,42,5820,2632,3188,1343,1044,299,270,165,105,62,42,20,2636,1198,1438
041,District-Ludhiana,Total,16,16854,9972,6882,4224,3626,598,838,578,260,246,178,68,7317,3182,4135,1426,1124,302,259,164,95,70,50,20,2474,1070,1404
041,District-Ludhiana,Total,17,20632,12433,8199,6073,5296,777,1184,853,331,343,233,110,9231,3814,5417,1455,1201,254,271,182,89,70,46,24,2005,808,1197
041,District-Ludhiana,Total,18,33739,20585,13154,11458,10175,1283,1827,1276,551,473,333,140,14054,5249,8805,2601,2205,396,402,278,124,86,62,24,2838,1007,1831
041,District-Ludhiana,Total,19,33103,19720,13383,11781,10486,1295,1909,1289,620,479,343,136,14474,5084,9390,1910,1615,295,274,175,99,81,56,25,2195,672,1523
041,District-Ludhiana,Rural,5-19,95064,53031,42033,17171,14588,2583,4047,2746,1301,1331,895,436,30694,12071,18623,3743,2837,906,1093,639,454,272,172,100,36713,19083,17630
041,District-Ludhiana,Rural,5,14160,7682,6478,16,11,5,7,3,4,0,0,0,355,195,160,116,69,47,97,51,46,7,4,3,13562,7349,6213
041,District-Ludhiana,Rural,6,10798,5861,4937,14,8,6,13,5,8,1,1,0,463,234,229,118,69,49,85,46,39,0,0,0,10104,5498,4606
041,District-Ludhiana,Rural,7,3367,1797,1570,29,19,10,13,5,8,3,2,1,395,199,196,37,24,13,34,18,16,0,0,0,2856,1530,1326
041,District-Ludhiana,Rural,8,1779,890,889,27,16,11,6,4,2,2,2,0,357,180,177,38,29,9,13,7,6,1,1,0,1335,651,684
041,District-Ludhiana,Rural,9,1401,763,638,27,13,14,14,8,6,1,0,1,400,226,174,34,22,12,19,9,10,1,0,1,905,485,420
041,District-Ludhiana,Rural,10,1902,1036,866,61,42,19,21,14,7,5,3,2,464,245,219,45,26,19,24,18,6,10,7,3,1272,681,591
041,District-Ludhiana,Rural,11,1735,995,740,167,135,32,36,26,10,8,3,5,652,327,325,75,58,17,25,13,12,8,3,5,764,430,334
041,District-Ludhiana,Rural,12,2154,1153,1001,259,201,58,75,50,25,30,21,9,898,405,493,126,85,41,43,25,18,19,9,10,704,357,347
041,District-Ludhiana,Rural,13,2533,1338,1195,346,258,88,112,77,35,27,21,6,1121,508,613,154,107,47,53,30,23,13,5,8,707,332,375
041,District-Ludhiana,Rural,14,3702,1961,1741,671,547,124,170,99,71,61,39,22,1813,759,1054,222,158,64,65,29,36,22,13,9,678,317,361
041,District-Ludhiana,Rural,15,5604,3136,2468,1163,926,237,315,218,97,108,74,34,2629,1161,1468,452,326,126,121,67,54,35,21,14,781,343,438
041,District-Ludhiana,Rural,16,7404,4220,3184,1861,1561,300,487,336,151,178,123,55,3450,1425,2025,469,352,117,108,64,44,40,27,13,811,332,479
041,District-Ludhiana,Rural,17,9175,5361,3814,2683,2284,399,682,506,176,252,163,89,4342,1707,2635,443,353,90,108,74,34,38,27,11,627,247,380
041,District-Ludhiana,Rural,18,14496,8349,6147,4731,4110,621,1017,696,321,310,208,102,6498,2197,4301,816,669,147,178,118,60,39,29,10,907,322,585
041,District-Ludhiana,Rural,19,14854,8489,6365,5116,4457,659,1079,699,380,345,235,110,6857,2303,4554,598,490,108,120,70,50,39,26,13,700,209,491
041,District-Ludhiana,Urban,5-19,143431,82748,60683,23508,20788,2720,3389,2329,1060,586,466,120,39077,17230,21847,8299,6587,1712,1956,1186,770,290,201,89,66326,33961,32365
041,District-Ludhiana,Urban,5,21338,11586,9752,35,26,9,22,10,12,1,1,0,812,443,369,301,188,113,264,150,114,9,7,2,19894,10761,9133
041,District-Ludhiana,Urban,6,16754,8983,7771,36,22,14,36,22,14,0,0,0,867,486,381,213,120,93,219,121,98,6,3,3,15377,8209,7168
041,District-Ludhiana,Urban,7,6897,3714,3183,80,51,29,28,16,12,0,0,0,832,478,354,130,74,56,96,45,51,4,3,1,5727,3047,2680
041,District-Ludhiana,Urban,8,4630,2424,2206,75,47,28,28,16,12,2,2,0,823,422,401,110,67,43,64,41,23,5,2,3,3523,1827,1696
041,District-Ludhiana,Urban,9,3685,1845,1840,81,57,24,37,18,19,2,2,0,803,403,400,102,53,49,50,18,32,7,5,2,2603,1289,1314
041,District-Ludhiana,Urban,10,4823,2628,2195,120,84,36,43,28,15,3,3,0,1043,565,478,182,119,63,69,33,36,10,5,5,3353,1791,1562
041,District-Ludhiana,Urban,11,3806,2092,1714,283,228,55,69,45,24,8,6,2,1151,564,587,163,108,55,66,38,28,14,9,5,2052,1094,958
041,District-Ludhiana,Urban,12,4667,2552,2115,458,379,79,91,55,36,13,11,2,1569,735,834,311,226,85,90,56,34,14,7,7,2121,1083,1038
041,District-Ludhiana,Urban,13,4446,2422,2024,545,453,92,89,55,34,17,13,4,1691,816,875,323,230,93,89,50,39,17,13,4,1675,792,883
041,District-Ludhiana,Urban,14,5791,3325,2466,919,800,119,159,101,58,27,21,6,2366,1150,1216,507,403,104,108,63,45,26,21,5,1679,766,913
041,District-Ludhiana,Urban,15,8195,4886,3309,1731,1470,261,294,204,90,57,49,8,3191,1471,1720,891,718,173,149,98,51,27,21,6,1855,855,1000
041,District-Ludhiana,Urban,16,9450,5752,3698,2363,2065,298,351,242,109,68,55,13,3867,1757,2110,957,772,185,151,100,51,30,23,7,1663,738,925
041,District-Ludhiana,Urban,17,11457,7072,4385,3390,3012,378,502,347,155,91,70,21,4889,2107,2782,1012,848,164,163,108,55,32,19,13,1378,561,817
041,District-Ludhiana,Urban,18,19243,12236,7007,6727,6065,662,810,580,230,163,125,38,7556,3052,4504,1785,1536,249,224,160,64,47,33,14,1931,685,1246
041,District-Ludhiana,Urban,19,18249,11231,7018,6665,6029,636,830,590,240,134,108,26,7617,2781,4836,1312,1125,187,154,105,49,42,30,12,1495,463,1032
042,District-Moga,Total,5-19,79351,44343,35008,11316,9735,1581,2811,2072,739,802,587,215,22133,8647,13486,5193,4226,967,1505,1000,505,542,360,182,35049,17716,17333
042,District-Moga,Total,5,10873,5805,5068,23,15,8,4,3,1,1,1,0,299,155,144,142,77,65,90,52,38,19,13,6,10295,5489,4806
042,District-Moga,Total,6,8355,4532,3823,24,21,3,8,4,4,0,0,0,325,167,158,107,61,46,75,42,33,13,7,6,7803,4230,3573
042,District-Moga,Total,7,3616,1919,1697,36,30,6,13,6,7,7,5,2,343,161,182,53,34,19,28,19,9,9,6,3,3127,1658,1469
042,District-Moga,Total,8,1760,926,834,28,19,9,8,5,3,4,3,1,277,145,132,48,30,18,19,10,9,8,5,3,1368,709,659
042,District-Moga,Total,9,1799,947,852,37,28,9,6,4,2,2,1,1,300,156,144,50,37,13,26,13,13,4,2,2,1374,706,668
042,District-Moga,Total,10,2445,1332,1113,54,36,18,23,17,6,7,7,0,449,238,211,75,49,26,39,25,14,13,7,6,1785,953,832
042,District-Moga,Total,11,2077,1113,964,137,99,38,32,21,11,12,7,5,547,257,290,94,67,27,40,29,11,18,9,9,1197,624,573
042,District-Moga,Total,12,2307,1303,1004,240,186,54,48,34,14,16,13,3,795,384,411,168,126,42,64,45,19,16,7,9,960,508,452
042,District-Moga,Total,13,2742,1491,1251,288,225,63,92,64,28,28,12,16,1035,476,559,218,163,55,70,42,28,31,15,16,980,494,486
042,District-Moga,Total,14,3642,2033,1609,503,418,85,132,97,35,50,41,9,1518,682,836,303,229,74,96,61,35,31,24,7,1009,481,528
042,District-Moga,Total,15,5154,2952,2202,881,749,132,247,184,63,78,53,25,2028,867,1161,572,475,97,152,84,68,65,44,21,1131,496,635
042,District-Moga,Total,16,6225,3593,2632,1319,1142,177,341,244,97,113,84,29,2507,1003,1504,656,550,106,159,111,48,55,39,16,1075,420,655
042,District-Moga,Total,17,7102,4113,2989,1746,1503,243,466,354,112,132,102,30,2982,1087,1895,684,580,104,169,119,50,70,53,17,853,315,538
042,District-Moga,Total,18,10533,6140,4393,2859,2509,350,673,498,175,165,121,44,4225,1412,2813,1098,951,147,244,187,57,110,76,34,1159,386,773
042,District-Moga,Total,19,10721,6144,4577,3141,2755,386,718,537,181,187,137,50,4503,1457,3046,925,797,128,234,161,73,80,53,27,933,247,686
042,District-Moga,Rural,5-19,61105,33962,27143,8700,7506,1194,2371,1754,617,699,507,192,17670,6748,10922,3900,3186,714,1162,782,380,413,276,137,26190,13203,12987
042,District-Moga,Rural,5,8264,4404,3860,17,13,4,2,2,0,1,1,0,200,105,95,113,63,50,51,25,26,19,13,6,7861,4182,3679
042,District-Moga,Rural,6,6276,3405,2871,17,15,2,7,4,3,0,0,0,228,124,104,73,44,29,44,24,20,12,7,5,5895,3187,2708
042,District-Moga,Rural,7,2654,1407,1247,25,21,4,8,3,5,7,5,2,248,116,132,40,26,14,16,13,3,9,6,3,2301,1217,1084
042,District-Moga,Rural,8,1272,679,593,20,16,4,7,5,2,4,3,1,197,102,95,37,25,12,11,6,5,7,4,3,989,518,471
042,District-Moga,Rural,9,1313,686,627,25,20,5,5,3,2,2,1,1,230,117,113,36,26,10,19,9,10,3,1,2,993,509,484
042,District-Moga,Rural,10,1756,955,801,43,29,14,16,13,3,5,5,0,338,181,157,56,37,19,21,11,10,7,3,4,1270,676,594
042,District-Moga,Rural,11,1484,786,698,102,74,28,23,15,8,11,6,5,402,178,224,65,46,19,23,15,8,14,8,6,844,444,400
042,District-Moga,Rural,12,1702,937,765,180,136,44,37,28,9,12,10,2,611,287,324,134,103,31,45,31,14,12,6,6,671,336,335
042,District-Moga,Rural,13,2077,1110,967,222,179,43,72,48,24,26,11,15,815,354,461,162,123,39,49,30,19,27,13,14,704,352,352
042,District-Moga,Rural,14,2833,1564,1269,382,312,70,108,82,26,43,37,6,1217,524,693,229,174,55,78,51,27,23,17,6,753,367,386
042,District-Moga,Rural,15,4037,2299,1738,673,574,99,210,157,53,71,47,24,1649,706,943,414,342,72,120,67,53,47,32,15,853,374,479
042,District-Moga,Rural,16,4921,2829,2092,1033,896,137,288,205,83,94,69,25,2055,819,1236,485,409,76,131,91,40,35,24,11,800,316,484
042,District-Moga,Rural,17,5675,3253,2422,1356,1174,182,394,296,98,116,89,27,2437,867,1570,509,430,79,142,104,38,54,39,15,667,254,413
042,District-Moga,Rural,18,8232,4739,3493,2148,1885,263,568,420,148,147,107,40,3394,1114,2280,823,710,113,201,160,41,76,54,22,875,289,586
042,District-Moga,Rural,19,8609,4909,3700,2457,2162,295,626,473,153,160,116,44,3649,1154,2495,724,628,96,211,145,66,68,49,19,714,182,532
042,District-Moga,Urban,5-19,18246,10381,7865,2616,2229,387,440,318,122,103,80,23,4463,1899,2564,1293,1040,253,343,218,125,129,84,45,8859,4513,4346
042,District-Moga,Urban,5,2609,1401,1208,6,2,4,2,1,1,0,0,0,99,50,49,29,14,15,39,27,12,0,0,0,2434,1307,1127
042,District-Moga,Urban,6,2079,1127,952,7,6,1,1,0,1,0,0,0,97,43,54,34,17,17,31,18,13,1,0,1,1908,1043,865
042,District-Moga,Urban,7,962,512,450,11,9,2,5,3,2,0,0,0,95,45,50,13,8,5,12,6,6,0,0,0,826,441,385
042,District-Moga,Urban,8,488,247,241,8,3,5,1,0,1,0,0,0,80,43,37,11,5,6,8,4,4,1,1,0,379,191,188
042,District-Moga,Urban,9,486,261,225,12,8,4,1,1,0,0,0,0,70,39,31,14,11,3,7,4,3,1,1,0,381,197,184
042,District-Moga,Urban,10,689,377,312,11,7,4,7,4,3,2,2,0,111,57,54,19,12,7,18,14,4,6,4,2,515,277,238
042,District-Moga,Urban,11,593,327,266,35,25,10,9,6,3,1,1,0,145,79,66,29,21,8,17,14,3,4,1,3,353,180,173
042,District-Moga,Urban,12,605,366,239,60,50,10,11,6,5,4,3,1,184,97,87,34,23,11,19,14,5,4,1,3,289,172,117
042,District-Moga,Urban,13,665,381,284,66,46,20,20,16,4,2,1,1,220,122,98,56,40,16,21,12,9,4,2,2,276,142,134
042,District-Moga,Urban,14,809,469,340,121,106,15,24,15,9,7,4,3,301,158,143,74,55,19,18,10,8,8,7,1,256,114,142
042,District-Moga,Urban,15,1117,653,464,208,175,33,37,27,10,7,6,1,379,161,218,158,133,25,32,17,15,18,12,6,278,122,156
042,District-Moga,Urban,16,1304,764,540,286,246,40,53,39,14,19,15,4,452,184,268,171,141,30,28,20,8,20,15,5,275,104,171
042,District-Moga,Urban,17,1427,860,567,390,329,61,72,58,14,16,13,3,545,220,325,175,150,25,27,15,12,16,14,2,186,61,125
042,District-Moga,Urban,18,2301,1401,900,711,624,87,105,78,27,18,14,4,831,298,533,275,241,34,43,27,16,34,22,12,284,97,187
042,District-Moga,Urban,19,2112,1235,877,684,593,91,92,64,28,27,21,6,854,303,551,201,169,32,23,16,7,12,4,8,219,65,154
043,District-Firozpur,Total,5-19,181206,93990,87216,26812,23655,3157,7280,4352,2928,4346,1763,2583,46008,13419,32589,11291,9222,2069,3445,1929,1516,1862,782,1080,80162,38868,41294
043,District-Firozpur,Total,5,25789,14056,11733,12,9,3,3,1,2,1,1,0,443,233,210,123,67,56,52,28,24,11,9,2,25144,13708,11436
043,District-Firozpur,Total,6,18461,10050,8411,16,10,6,4,2,2,0,0,0,495,281,214,81,52,29,33,20,13,17,12,5,17815,9673,8142
043,District-Firozpur,Total,7,6647,3496,3151,22,16,6,0,0,0,1,1,0,382,203,179,65,36,29,15,9,6,8,5,3,6154,3226,2928
043,District-Firozpur,Total,8,4154,2176,1978,36,28,8,3,2,1,4,2,2,433,246,187,65,41,24,22,11,11,13,5,8,3578,1841,1737
043,District-Firozpur,Total,9,2937,1507,1430,36,24,12,7,3,4,7,3,4,414,212,202,66,46,20,22,13,9,13,6,7,2372,1200,1172
043,District-Firozpur,Total,10,4551,2422,2129,67,51,16,24,18,6,27,10,17,720,349,371,186,137,49,59,36,23,42,22,20,3426,1799,1627
043,District-Firozpur,Total,11,3567,1806,1761,184,153,31,55,27,28,49,18,31,938,392,546,195,149,46,74,44,30,36,18,18,2036,1005,1031
043,District-Firozpur,Total,12,5737,2901,2836,469,397,72,168,86,82,122,59,63,1757,710,1047,400,305,95,155,93,62,76,37,39,2590,1214,1376
043,District-Firozpur,Total,13,6191,2970,3221,558,449,109,235,141,94,169,63,106,2265,861,1404,475,366,109,177,99,78,111,58,53,2201,933,1268
043,District-Firozpur,Total,14,8891,4297,4594,1226,1022,204,454,260,194,318,139,179,3428,1160,2268,770,608,162,283,160,123,154,78,76,2258,870,1388
043,District-Firozpur,Total,15,13031,6565,6466,2295,1994,301,716,423,293,507,194,313,4776,1481,3295,1380,1124,256,423,238,185,239,121,118,2695,990,1705
043,District-Firozpur,Total,16,15934,7986,7948,3451,3035,416,1066,601,465,667,286,381,6018,1678,4340,1525,1249,276,462,262,200,277,105,172,2468,770,1698
043,District-Firozpur,Total,17,16030,8268,7762,4124,3635,489,1181,740,441,662,282,380,6039,1536,4503,1458,1231,227,411,238,173,200,81,119,1955,525,1430
043,District-Firozpur,Total,18,28096,14776,13320,7964,7139,825,1950,1200,750,1046,416,630,9781,2272,7509,2897,2457,440,800,442,358,386,139,247,3272,711,2561
043,District-Firozpur,Total,19,21190,10714,10476,6352,5693,659,1414,848,566,766,289,477,8119,1805,6314,1605,1354,251,457,236,221,279,86,193,2198,403,1795
043,District-Firozpur,Rural,5-19,139842,71222,68620,21309,18713,2596,6390,3668,2722,4039,1548,2491,35674,9714,25960,8553,6924,1629,2904,1509,1395,1664,646,1018,59309,28500,30809
043,District-Firozpur,Rural,5,19906,10831,9075,9,6,3,0,0,0,1,1,0,299,160,139,95,55,40,39,22,17,11,9,2,19452,10578,8874
043,District-Firozpur,Rural,6,13962,7619,6343,11,8,3,3,1,2,0,0,0,334,185,149,58,37,21,25,16,9,16,11,5,13515,7361,6154
043,District-Firozpur,Rural,7,4908,2600,2308,14,9,5,0,0,0,1,1,0,271,141,130,45,26,19,11,6,5,7,4,3,4559,2413,2146
043,District-Firozpur,Rural,8,2950,1550,1400,24,16,8,1,1,0,4,2,2,317,174,143,54,33,21,20,11,9,8,2,6,2522,1311,1211
043,District-Firozpur,Rural,9,2055,1044,1011,31,20,11,7,3,4,7,3,4,294,142,152,51,33,18,21,12,9,12,5,7,1632,826,806
043,District-Firozpur,Rural,10,3193,1651,1542,49,36,13,20,15,5,27,10,17,546,258,288,133,99,34,47,28,19,39,21,18,2332,1184,1148
043,District-Firozpur,Rural,11,2532,1244,1288,141,113,28,50,27,23,47,17,30,708,296,412,139,102,37,64,38,26,33,16,17,1350,635,715
043,District-Firozpur,Rural,12,4306,2116,2190,360,300,60,140,70,70,115,56,59,1411,551,860,296,221,75,133,76,57,70,33,37,1781,809,972
043,District-Firozpur,Rural,13,4779,2251,2528,439,346,93,213,124,89,161,58,103,1816,670,1146,374,287,87,158,85,73,102,52,50,1516,629,887
043,District-Firozpur,Rural,14,7106,3340,3766,989,826,163,403,221,182,300,129,171,2768,887,1881,602,469,133,248,130,118,139,65,74,1657,613,1044
043,District-Firozpur,Rural,15,10279,4993,5286,1859,1603,256,634,361,273,485,177,308,3810,1107,2703,1040,834,206,369,194,175,206,94,112,1876,623,1253
043,District-Firozpur,Rural,16,12639,6142,6497,2782,2447,335,944,507,437,624,252,372,4748,1220,3528,1162,940,222,373,193,180,246,87,159,1760,496,1264
043,District-Firozpur,Rural,17,12638,6395,6243,3310,2902,408,1045,630,415,608,248,360,4692,1103,3589,1105,941,164,345,184,161,173,64,109,1360,323,1037
043,District-Firozpur,Rural,18,22054,11324,10730,6336,5660,676,1715,1017,698,961,354,607,7492,1581,5911,2165,1817,348,674,340,334,350,114,236,2361,441,1920
043,District-Firozpur,Rural,19,16535,8122,8413,4955,4421,534,1215,691,524,698,240,458,6168,1239,4929,1234,1030,204,377,174,203,252,69,183,1636,258,1378
043,District-Firozpur,Urban,5-19,41364,22768,18596,5503,4942,561,890,684,206,307,215,92,10334,3705,6629,2738,2298,440,541,420,121,198,136,62,20853,10368,10485
043,District-Firozpur,Urban,5,5883,3225,2658,3,3,0,3,1,2,0,0,0,144,73,71,28,12,16,13,6,7,0,0,0,5692,3130,2562
043,District-Firozpur,Urban,6,4499,2431,2068,5,2,3,1,1,0,0,0,0,161,96,65,23,15,8,8,4,4,1,1,0,4300,2312,1988
043,District-Firozpur,Urban,7,1739,896,843,8,7,1,0,0,0,0,0,0,111,62,49,20,10,10,4,3,1,1,1,0,1595,813,782
043,District-Firozpur,Urban,8,1204,626,578,12,12,0,2,1,1,0,0,0,116,72,44,11,8,3,2,0,2,5,3,2,1056,530,526
043,District-Firozpur,Urban,9,882,463,419,5,4,1,0,0,0,0,0,0,120,70,50,15,13,2,1,1,0,1,1,0,740,374,366
043,District-Firozpur,Urban,10,1358,771,587,18,15,3,4,3,1,0,0,0,174,91,83,53,38,15,12,8,4,3,1,2,1094,615,479
043,District-Firozpur,Urban,11,1035,562,473,43,40,3,5,0,5,2,1,1,230,96,134,56,47,9,10,6,4,3,2,1,686,370,316
043,District-Firozpur,Urban,12,1431,785,646,109,97,12,28,16,12,7,3,4,346,159,187,104,84,20,22,17,5,6,4,2,809,405,404
043,District-Firozpur,Urban,13,1412,719,693,119,103,16,22,17,5,8,5,3,449,191,258,101,79,22,19,14,5,9,6,3,685,304,381
043,District-Firozpur,Urban,14,1785,957,828,237,196,41,51,39,12,18,10,8,660,273,387,168,139,29,35,30,5,15,13,2,601,257,344
043,District-Firozpur,Urban,15,2752,1572,1180,436,391,45,82,62,20,22,17,5,966,374,592,340,290,50,54,44,10,33,27,6,819,367,452
043,District-Firozpur,Urban,16,3295,1844,1451,669,588,81,122,94,28,43,34,9,1270,458,812,363,309,54,89,69,20,31,18,13,708,274,434
043,District-Firozpur,Urban,17,3392,1873,1519,814,733,81,136,110,26,54,34,20,1347,433,914,353,290,63,66,54,12,27,17,10,595,202,393
043,District-Firozpur,Urban,18,6042,3452,2590,1628,1479,149,235,183,52,85,62,23,2289,691,1598,732,640,92,126,102,24,36,25,11,911,270,641
043,District-Firozpur,Urban,19,4655,2592,2063,1397,1272,125,199,157,42,68,49,19,1951,566,1385,371,324,47,80,62,18,27,17,10,562,145,417
044,District-Muktsar,Total,5-19,77375,42420,34955,12328,11171,1157,2525,1625,900,969,495,474,19015,5896,13119,6359,5438,921,1647,959,688,650,315,335,33882,16521,17361
044,District-Muktsar,Total,5,10351,5664,4687,10,7,3,1,0,1,1,0,1,139,78,61,100,67,33,24,14,10,4,1,3,10072,5497,4575
044,District-Muktsar,Total,6,7222,4004,3218,9,8,1,1,1,0,0,0,0,171,93,78,66,45,21,15,7,8,4,2,2,6956,3848,3108
044,District-Muktsar,Total,7,2770,1453,1317,14,7,7,2,1,1,0,0,0,151,83,68,44,30,14,11,5,6,4,4,0,2544,1323,1221
044,District-Muktsar,Total,8,1754,923,831,15,10,5,2,1,1,0,0,0,159,79,80,43,32,11,8,5,3,9,6,3,1518,790,728
044,District-Muktsar,Total,9,1554,834,720,20,16,4,2,0,2,2,2,0,195,95,100,41,31,10,6,3,3,5,3,2,1283,684,599
044,District-Muktsar,Total,10,2298,1190,1108,45,35,10,10,3,7,2,2,0,353,164,189,100,64,36,36,22,14,18,11,7,1734,889,845
044,District-Muktsar,Total,11,1819,989,830,76,68,8,19,11,8,18,10,8,465,232,233,109,87,22,43,21,22,16,8,8,1073,552,521
044,District-Muktsar,Total,12,2393,1275,1118,159,144,15,50,28,22,29,16,13,766,351,415,205,147,58,83,47,36,26,16,10,1075,526,549
044,District-Muktsar,Total,13,2810,1440,1370,277,244,33,74,48,26,42,20,22,1029,417,612,231,184,47,92,52,40,40,20,20,1025,455,570
044,District-Muktsar,Total,14,3886,2064,1822,523,450,73,170,109,61,75,34,41,1424,558,866,402,330,72,133,81,52,57,26,31,1102,476,626
044,District-Muktsar,Total,15,5599,2960,2639,993,879,114,272,172,100,124,65,59,2010,650,1360,703,598,105,204,102,102,103,52,51,1190,442,748
044,District-Muktsar,Total,16,6668,3666,3002,1498,1346,152,397,251,146,137,73,64,2353,720,1633,837,733,104,239,148,91,77,36,41,1130,359,771
044,District-Muktsar,Total,17,7088,4027,3061,2005,1821,184,409,267,142,148,81,67,2523,722,1801,838,753,85,183,115,68,73,37,36,909,231,678
044,District-Muktsar,Total,18,11553,6646,4907,3483,3197,286,638,425,213,216,113,103,3831,931,2900,1583,1406,177,352,213,139,129,63,66,1321,298,1023
044,District-Muktsar,Total,19,9610,5285,4325,3201,2939,262,478,308,170,175,79,96,3446,723,2723,1057,931,126,218,124,94,85,30,55,950,151,799
044,District-Muktsar,Rural,5-19,57752,31397,26355,9492,8600,892,2044,1239,805,857,410,447,14277,4234,10043,4934,4235,699,1319,723,596,547,238,309,24282,11718,12564
044,District-Muktsar,Rural,5,7409,4037,3372,4,3,1,0,0,0,1,0,1,94,50,44,75,48,27,13,9,4,3,1,2,7219,3926,3293
044,District-Muktsar,Rural,6,5144,2825,2319,7,7,0,1,1,0,0,0,0,127,66,61,49,35,14,7,2,5,4,2,2,4949,2712,2237
044,District-Muktsar,Rural,7,2014,1061,953,7,4,3,2,1,1,0,0,0,98,55,43,33,20,13,8,3,5,3,3,0,1863,975,888
044,District-Muktsar,Rural,8,1240,661,579,10,7,3,2,1,1,0,0,0,126,61,65,32,23,9,6,3,3,6,5,1,1058,561,497
044,District-Muktsar,Rural,9,1104,609,495,11,8,3,2,0,2,1,1,0,135,68,67,26,18,8,3,2,1,4,2,2,922,510,412
044,District-Muktsar,Rural,10,1600,826,774,20,15,5,8,2,6,1,1,0,271,130,141,63,45,18,20,11,9,13,7,6,1204,615,589
044,District-Muktsar,Rural,11,1337,712,625,59,54,5,11,4,7,17,9,8,345,169,176,86,69,17,33,15,18,13,6,7,773,386,387
044,District-Muktsar,Rural,12,1782,929,853,126,113,13,38,19,19,27,14,13,593,264,329,152,108,44,64,30,34,23,13,10,759,368,391
044,District-Muktsar,Rural,13,2133,1066,1067,203,174,29,65,39,26,38,17,21,806,322,484,179,140,39,75,40,35,35,16,19,732,318,414
044,District-Muktsar,Rural,14,2996,1568,1428,411,359,52,144,89,55,71,32,39,1098,420,678,315,256,59,106,57,49,50,20,30,801,335,466
044,District-Muktsar,Rural,15,4321,2231,2090,758,672,86,225,135,90,114,55,59,1559,477,1082,543,461,82,165,81,84,88,40,48,869,310,559
044,District-Muktsar,Rural,16,5085,2755,2330,1171,1049,122,322,194,128,122,61,61,1750,486,1264,653,577,76,193,116,77,64,27,37,810,245,565
044,District-Muktsar,Rural,17,5543,3117,2426,1569,1423,146,330,206,124,134,71,63,1946,522,1424,673,610,63,156,97,59,62,29,33,673,159,514
044,District-Muktsar,Rural,18,8741,4986,3755,2681,2459,222,508,314,194,181,87,94,2819,650,2169,1214,1080,134,282,157,125,105,43,62,951,196,755
044,District-Muktsar,Rural,19,7303,4014,3289,2455,2253,202,386,234,152,150,62,88,2510,494,2016,841,745,96,188,100,88,74,24,50,699,102,597
044,District-Muktsar,Urban,5-19,19623,11023,8600,2836,2571,265,481,386,95,112,85,27,4738,1662,3076,1425,1203,222,328,236,92,103,77,26,9600,4803,4797
044,District-Muktsar,Urban,5,2942,1627,1315,6,4,2,1,0,1,0,0,0,45,28,17,25,19,6,11,5,6,1,0,1,2853,1571,1282
044,District-Muktsar,Urban,6,2078,1179,899,2,1,1,0,0,0,0,0,0,44,27,17,17,10,7,8,5,3,0,0,0,2007,1136,871
044,District-Muktsar,Urban,7,756,392,364,7,3,4,0,0,0,0,0,0,53,28,25,11,10,1,3,2,1,1,1,0,681,348,333
044,District-Muktsar,Urban,8,514,262,252,5,3,2,0,0,0,0,0,0,33,18,15,11,9,2,2,2,0,3,1,2,460,229,231
044,District-Muktsar,Urban,9,450,225,225,9,8,1,0,0,0,1,1,0,60,27,33,15,13,2,3,1,2,1,1,0,361,174,187
044,District-Muktsar,Urban,10,698,364,334,25,20,5,2,1,1,1,1,0,82,34,48,37,19,18,16,11,5,5,4,1,530,274,256
044,District-Muktsar,Urban,11,482,277,205,17,14,3,8,7,1,1,1,0,120,63,57,23,18,5,10,6,4,3,2,1,300,166,134
044,District-Muktsar,Urban,12,611,346,265,33,31,2,12,9,3,2,2,0,173,87,86,53,39,14,19,17,2,3,3,0,316,158,158
044,District-Muktsar,Urban,13,677,374,303,74,70,4,9,9,0,4,3,1,223,95,128,52,44,8,17,12,5,5,4,1,293,137,156
044,District-Muktsar,Urban,14,890,496,394,112,91,21,26,20,6,4,2,2,326,138,188,87,74,13,27,24,3,7,6,1,301,141,160
044,District-Muktsar,Urban,15,1278,729,549,235,207,28,47,37,10,10,10,0,451,173,278,160,137,23,39,21,18,15,12,3,321,132,189
044,District-Muktsar,Urban,16,1583,911,672,327,297,30,75,57,18,15,12,3,603,234,369,184,156,28,46,32,14,13,9,4,320,114,206
044,District-Muktsar,Urban,17,1545,910,635,436,398,38,79,61,18,14,10,4,577,200,377,165,143,22,27,18,9,11,8,3,236,72,164
044,District-Muktsar,Urban,18,2812,1660,1152,802,738,64,130,111,19,35,26,9,1012,281,731,369,326,43,70,56,14,24,20,4,370,102,268
044,District-Muktsar,Urban,19,2307,1271,1036,746,686,60,92,74,18,25,17,8,936,229,707,216,186,30,30,24,6,11,6,5,251,49,202
045,District-Faridkot,Total,5-19,46456,25476,20980,7383,6647,736,1890,1326,564,716,452,264,13606,4597,9009,2887,2476,411,834,557,277,236,141,95,18904,9280,9624
045,District-Faridkot,Total,5,6346,3385,2961,9,9,0,8,5,3,0,0,0,152,77,75,69,36,33,44,29,15,1,0,1,6063,3229,2834
045,District-Faridkot,Total,6,4295,2316,1979,4,4,0,6,3,3,1,1,0,151,70,81,31,17,14,34,21,13,1,1,0,4067,2199,1868
045,District-Faridkot,Total,7,1658,871,787,13,11,2,10,3,7,0,0,0,142,69,73,23,13,10,19,11,8,1,0,1,1450,764,686
045,District-Faridkot,Total,8,1003,505,498,17,14,3,8,3,5,0,0,0,131,69,62,21,12,9,7,7,0,2,1,1,817,399,418
045,District-Faridkot,Total,9,769,416,353,10,5,5,7,4,3,0,0,0,160,95,65,33,22,11,18,14,4,2,1,1,539,275,264
045,District-Faridkot,Total,10,1101,586,515,17,15,2,12,9,3,1,0,1,211,118,93,46,32,14,21,11,10,3,2,1,790,399,391
045,District-Faridkot,Total,11,1019,545,474,64,54,10,15,9,6,9,9,0,287,140,147,51,38,13,22,13,9,10,7,3,561,275,286
045,District-Faridkot,Total,12,1324,717,607,102,89,13,35,22,13,12,4,8,475,217,258,104,86,18,34,20,14,9,5,4,553,274,279
045,District-Faridkot,Total,13,1567,825,742,157,134,23,60,38,22,22,16,6,664,282,382,115,90,25,43,26,17,9,8,1,497,231,266
045,District-Faridkot,Total,14,2169,1153,1016,270,238,32,102,74,28,44,23,21,966,365,601,169,138,31,46,27,19,19,15,4,553,273,280
045,District-Faridkot,Total,15,3307,1807,1500,591,514,77,182,125,57,79,47,32,1362,484,878,327,294,33,83,58,25,37,22,15,646,263,383
045,District-Faridkot,Total,16,3885,2148,1737,881,779,102,236,170,66,107,68,39,1645,553,1092,336,291,45,97,67,30,25,14,11,558,206,352
045,District-Faridkot,Total,17,4508,2561,1947,1223,1101,122,310,217,93,148,95,53,1834,557,1277,354,320,34,100,71,29,24,14,10,515,186,329
045,District-Faridkot,Total,18,7004,4059,2945,2016,1844,172,480,344,136,147,104,43,2702,806,1896,712,647,65,154,110,44,44,24,20,749,180,569
045,District-Faridkot,Total,19,6501,3582,2919,2009,1836,173,419,300,119,146,85,61,2724,695,2029,496,440,56,112,72,40,49,27,22,546,127,419
045,District-Faridkot,Rural,5-19,30982,16859,14123,5267,4707,560,1378,958,420,599,351,248,9392,2969,6423,1982,1721,261,591,379,212,193,108,85,11580,5666,5914
045,District-Faridkot,Rural,5,4046,2165,1881,7,7,0,2,2,0,0,0,0,104,52,52,40,26,14,23,16,7,1,0,1,3869,2062,1807
045,District-Faridkot,Rural,6,2597,1417,1180,3,3,0,2,1,1,0,0,0,101,45,56,19,13,6,18,8,10,1,1,0,2453,1346,1107
045,District-Faridkot,Rural,7,962,503,459,8,7,1,1,0,1,0,0,0,75,37,38,14,8,6,9,5,4,1,0,1,854,446,408
045,District-Faridkot,Rural,8,552,283,269,10,7,3,1,0,1,0,0,0,66,39,27,9,6,3,5,5,0,2,1,1,459,225,234
045,District-Faridkot,Rural,9,442,237,205,6,3,3,2,0,2,0,0,0,99,56,43,23,17,6,11,9,2,2,1,1,299,151,148
045,District-Faridkot,Rural,10,659,365,294,10,8,2,5,4,1,1,0,1,139,85,54,26,21,5,12,7,5,2,1,1,464,239,225
045,District-Faridkot,Rural,11,660,347,313,36,30,6,6,4,2,5,5,0,200,96,104,34,25,9,15,8,7,6,3,3,358,176,182
045,District-Faridkot,Rural,12,834,436,398,62,56,6,24,15,9,11,3,8,321,144,177,68,56,12,23,13,10,7,3,4,318,146,172
045,District-Faridkot,Rural,13,1036,528,508,95,76,19,42,27,15,19,13,6,472,197,275,78,58,20,32,19,13,5,4,1,293,134,159
045,District-Faridkot,Rural,14,1509,781,728,181,159,22,72,51,21,40,19,21,712,262,450,114,97,17,33,18,15,17,13,4,340,162,178
045,District-Faridkot,Rural,15,2273,1226,1047,427,369,58,137,94,43,70,40,30,939,311,628,227,202,25,66,46,20,31,19,12,376,145,231
045,District-Faridkot,Rural,16,2780,1502,1278,656,576,80,168,114,54,93,54,39,1187,364,823,238,211,27,70,42,28,18,8,10,350,133,217
045,District-Faridkot,Rural,17,3207,1796,1411,866,777,89,242,164,78,128,79,49,1279,364,915,256,233,23,70,46,24,23,13,10,343,120,223
045,District-Faridkot,Rural,18,4849,2751,2098,1428,1294,134,361,258,103,108,70,38,1850,494,1356,475,434,41,117,82,35,39,21,18,471,98,373
045,District-Faridkot,Rural,19,4576,2522,2054,1472,1335,137,313,224,89,124,68,56,1848,423,1425,361,314,47,87,55,32,38,20,18,333,83,250
045,District-Faridkot,Urban,5-19,15474,8617,6857,2116,1940,176,512,368,144,117,101,16,4214,1628,2586,905,755,150,243,178,65,43,33,10,7324,3614,3710
045,District-Faridkot,Urban,5,2300,1220,1080,2,2,0,6,3,3,0,0,0,48,25,23,29,10,19,21,13,8,0,0,0,2194,1167,1027
045,District-Faridkot,Urban,6,1698,899,799,1,1,0,4,2,2,1,1,0,50,25,25,12,4,8,16,13,3,0,0,0,1614,853,761
045,District-Faridkot,Urban,7,696,368,328,5,4,1,9,3,6,0,0,0,67,32,35,9,5,4,10,6,4,0,0,0,596,318,278
045,District-Faridkot,Urban,8,451,222,229,7,7,0,7,3,4,0,0,0,65,30,35,12,6,6,2,2,0,0,0,0,358,174,184
045,District-Faridkot,Urban,9,327,179,148,4,2,2,5,4,1,0,0,0,61,39,22,10,5,5,7,5,2,0,0,0,240,124,116
045,District-Faridkot,Urban,10,442,221,221,7,7,0,7,5,2,0,0,0,72,33,39,20,11,9,9,4,5,1,1,0,326,160,166
045,District-Faridkot,Urban,11,359,198,161,28,24,4,9,5,4,4,4,0,87,44,43,17,13,4,7,5,2,4,4,0,203,99,104
045,District-Faridkot,Urban,12,490,281,209,40,33,7,11,7,4,1,1,0,154,73,81,36,30,6,11,7,4,2,2,0,235,128,107
045,District-Faridkot,Urban,13,531,297,234,62,58,4,18,11,7,3,3,0,192,85,107,37,32,5,11,7,4,4,4,0,204,97,107
045,District-Faridkot,Urban,14,660,372,288,89,79,10,30,23,7,4,4,0,254,103,151,55,41,14,13,9,4,2,2,0,213,111,102
045,District-Faridkot,Urban,15,1034,581,453,164,145,19,45,31,14,9,7,2,423,173,250,100,92,8,17,12,5,6,3,3,270,118,152
045,District-Faridkot,Urban,16,1105,646,459,225,203,22,68,56,12,14,14,0,458,189,269,98,80,18,27,25,2,7,6,1,208,73,135
045,District-Faridkot,Urban,17,1301,765,536,357,324,33,68,53,15,20,16,4,555,193,362,98,87,11,30,25,5,1,1,0,172,66,106
045,District-Faridkot,Urban,18,2155,1308,847,588,550,38,119,86,33,39,34,5,852,312,540,237,213,24,37,28,9,5,3,2,278,82,196
045,District-Faridkot,Urban,19,1925,1060,865,537,501,36,106,76,30,22,17,5,876,272,604,135,126,9,25,17,8,11,7,4,213,44,169
046,District-Bathinda,Total,5-19,106529,59384,47145,17961,15904,2057,5265,3300,1965,1706,830,876,26543,9225,17318,7148,5907,1241,2646,1531,1115,758,366,392,44502,22321,22181
046,District-Bathinda,Total,5,15101,8223,6878,19,14,5,6,4,2,0,0,0,307,159,148,158,114,44,108,52,56,7,5,2,14496,7875,6621
046,District-Bathinda,Total,6,10623,5719,4904,10,6,4,7,5,2,2,2,0,368,192,176,94,51,43,75,32,43,3,1,2,10064,5430,4634
046,District-Bathinda,Total,7,3753,1940,1813,18,8,10,10,5,5,1,1,0,297,147,150,47,33,14,40,23,17,9,4,5,3331,1719,1612
046,District-Bathinda,Total,8,2559,1333,1226,23,15,8,17,9,8,1,0,1,312,158,154,47,30,17,39,18,21,7,5,2,2113,1098,1015
046,District-Bathinda,Total,9,1693,921,772,35,24,11,6,3,3,1,0,1,320,175,145,36,21,15,31,12,19,13,3,10,1251,683,568
046,District-Bathinda,Total,10,2524,1358,1166,41,32,9,17,7,10,6,2,4,453,238,215,92,63,29,60,32,28,18,12,6,1837,972,865
046,District-Bathinda,Total,11,2057,1081,976,149,121,28,39,19,20,17,8,9,559,252,307,129,95,34,61,31,30,21,10,11,1082,545,537
046,District-Bathinda,Total,12,3089,1718,1371,282,248,34,94,58,36,39,21,18,942,462,480,238,183,55,100,43,57,38,19,19,1356,684,672
046,District-Bathinda,Total,13,3477,1799,1678,331,267,64,146,94,52,60,25,35,1295,553,742,259,193,66,131,76,55,54,31,23,1201,560,641
046,District-Bathinda,Total,14,4655,2530,2125,690,592,98,241,142,99,95,48,47,1756,718,1038,415,325,90,180,104,76,49,23,26,1229,578,651
046,District-Bathinda,Total,15,7250,4171,3079,1406,1205,201,490,332,158,171,87,84,2399,922,1477,862,713,149,305,188,117,107,60,47,1510,664,846
046,District-Bathinda,Total,16,8828,5038,3790,2115,1867,248,675,436,239,265,132,133,3206,1139,2067,880,753,127,317,193,124,109,59,50,1261,459,802
046,District-Bathinda,Total,17,9986,5757,4229,2845,2531,314,862,529,333,253,123,130,3575,1131,2444,987,842,145,317,199,118,96,35,61,1051,367,684
046,District-Bathinda,Total,18,16425,9554,6871,5147,4616,531,1357,853,504,432,214,218,5570,1613,3957,1723,1493,230,505,295,210,138,60,78,1553,410,1143
046,District-Bathinda,Total,19,14509,8242,6267,4850,4358,492,1298,804,494,363,167,196,5184,1366,3818,1181,998,183,377,233,144,89,39,50,1167,277,890
046,District-Bathinda,Rural,5-19,73420,40872,32548,13715,12122,1593,4341,2606,1735,1531,690,841,18597,6160,12437,5184,4307,877,1952,1090,862,661,287,374,27439,13610,13829
046,District-Bathinda,Rural,5,9466,5167,4299,13,9,4,2,1,1,0,0,0,170,86,84,110,75,35,46,27,19,7,5,2,9118,4964,4154
046,District-Bathinda,Rural,6,6480,3453,3027,8,5,3,4,3,1,1,1,0,216,116,100,68,35,33,29,11,18,3,1,2,6151,3281,2870
046,District-Bathinda,Rural,7,2385,1235,1150,12,5,7,5,1,4,1,1,0,169,81,88,37,26,11,22,14,8,8,4,4,2131,1103,1028
046,District-Bathinda,Rural,8,1577,832,745,15,13,2,10,5,5,1,0,1,205,105,100,33,20,13,23,11,12,6,4,2,1284,674,610
046,District-Bathinda,Rural,9,1012,530,482,20,13,7,5,2,3,1,0,1,203,107,96,24,13,11,21,9,12,12,3,9,726,383,343
046,District-Bathinda,Rural,10,1510,804,706,32,25,7,14,4,10,6,2,4,324,170,154,61,43,18,38,20,18,15,9,6,1020,531,489
046,District-Bathinda,Rural,11,1326,697,629,100,79,21,29,12,17,17,8,9,392,182,210,94,68,26,45,20,25,18,8,10,631,320,311
046,District-Bathinda,Rural,12,2056,1152,904,200,170,30,74,44,30,36,18,18,676,335,341,173,136,37,72,31,41,34,16,18,791,402,389
046,District-Bathinda,Rural,13,2416,1224,1192,239,188,51,117,74,43,57,24,33,954,402,552,173,134,39,99,53,46,49,27,22,728,322,406
046,District-Bathinda,Rural,14,3375,1835,1540,528,459,69,199,108,91,84,41,43,1292,525,767,314,247,67,150,80,70,45,19,26,763,356,407
046,District-Bathinda,Rural,15,5162,2948,2214,1073,907,166,405,266,139,151,74,77,1695,629,1066,617,519,98,221,130,91,93,49,44,907,374,533
046,District-Bathinda,Rural,16,6504,3682,2822,1615,1430,185,566,351,215,243,112,131,2322,786,1536,641,550,91,231,132,99,91,42,49,795,279,516
046,District-Bathinda,Rural,17,7490,4284,3206,2223,1972,251,732,435,297,225,101,124,2584,754,1830,719,625,94,258,153,105,86,26,60,663,218,445
046,District-Bathinda,Rural,18,12016,6976,5040,3930,3512,418,1128,685,443,383,171,212,3837,1022,2815,1252,1085,167,396,218,178,118,45,73,972,238,734
046,District-Bathinda,Rural,19,10645,6053,4592,3707,3335,372,1051,615,436,325,137,188,3558,860,2698,868,731,137,301,181,120,76,29,47,759,165,594
046,District-Bathinda,Urban,5-19,33109,18512,14597,4246,3782,464,924,694,230,175,140,35,7946,3065,4881,1964,1600,364,694,441,253,97,79,18,17063,8711,8352
046,District-Bathinda,Urban,5,5635,3056,2579,6,5,1,4,3,1,0,0,0,137,73,64,48,39,9,62,25,37,0,0,0,5378,2911,2467
046,District-Bathinda,Urban,6,4143,2266,1877,2,1,1,3,2,1,1,1,0,152,76,76,26,16,10,46,21,25,0,0,0,3913,2149,1764
046,District-Bathinda,Urban,7,1368,705,663,6,3,3,5,4,1,0,0,0,128,66,62,10,7,3,18,9,9,1,0,1,1200,616,584
046,District-Bathinda,Urban,8,982,501,481,8,2,6,7,4,3,0,0,0,107,53,54,14,10,4,16,7,9,1,1,0,829,424,405
046,District-Bathinda,Urban,9,681,391,290,15,11,4,1,1,0,0,0,0,117,68,49,12,8,4,10,3,7,1,0,1,525,300,225
046,District-Bathinda,Urban,10,1014,554,460,9,7,2,3,3,0,0,0,0,129,68,61,31,20,11,22,12,10,3,3,0,817,441,376
046,District-Bathinda,Urban,11,731,384,347,49,42,7,10,7,3,0,0,0,167,70,97,35,27,8,16,11,5,3,2,1,451,225,226
046,District-Bathinda,Urban,12,1033,566,467,82,78,4,20,14,6,3,3,0,266,127,139,65,47,18,28,12,16,4,3,1,565,282,283
046,District-Bathinda,Urban,13,1061,575,486,92,79,13,29,20,9,3,1,2,341,151,190,86,59,27,32,23,9,5,4,1,473,238,235
046,District-Bathinda,Urban,14,1280,695,585,162,133,29,42,34,8,11,7,4,464,193,271,101,78,23,30,24,6,4,4,0,466,222,244
046,District-Bathinda,Urban,15,2088,1223,865,333,298,35,85,66,19,20,13,7,704,293,411,245,194,51,84,58,26,14,11,3,603,290,313
046,District-Bathinda,Urban,16,2324,1356,968,500,437,63,109,85,24,22,20,2,884,353,531,239,203,36,86,61,25,18,17,1,466,180,286
046,District-Bathinda,Urban,17,2496,1473,1023,622,559,63,130,94,36,28,22,6,991,377,614,268,217,51,59,46,13,10,9,1,388,149,239
046,District-Bathinda,Urban,18,4409,2578,1831,1217,1104,113,229,168,61,49,43,6,1733,591,1142,471,408,63,109,77,32,20,15,5,581,172,409
046,District-Bathinda,Urban,19,3864,2189,1675,1143,1023,120,247,189,58,38,30,8,1626,506,1120,313,267,46,76,52,24,13,10,3,408,112,296
047,District-Mansa,Total,5-19,60864,32866,27998,10449,8911,1538,3764,1739,2025,1581,492,1089,14156,4783,9373,5049,4061,988,1950,946,1004,704,233,471,23211,11701,11510
047,District-Mansa,Total,5,8001,4367,3634,9,7,2,8,4,4,1,0,1,244,121,123,81,48,33,59,34,25,12,5,7,7587,4148,3439
047,District-Mansa,Total,6,5586,3040,2546,10,6,4,5,1,4,1,0,1,233,119,114,47,39,8,50,26,24,4,1,3,5236,2848,2388
047,District-Mansa,Total,7,2065,1060,1005,15,7,8,3,1,2,0,0,0,168,90,78,33,20,13,27,14,13,7,3,4,1812,925,887
047,District-Mansa,Total,8,1312,674,638,13,7,6,11,4,7,2,2,0,166,88,78,30,14,16,23,9,14,5,2,3,1062,548,514
047,District-Mansa,Total,9,926,457,469,10,4,6,8,2,6,0,0,0,139,74,65,29,13,16,22,8,14,7,4,3,711,352,359
047,District-Mansa,Total,10,1359,721,638,22,15,7,13,5,8,3,2,1,244,133,111,55,38,17,43,26,17,22,7,15,957,495,462
047,District-Mansa,Total,11,1188,636,552,81,65,16,29,14,15,20,6,14,293,141,152,80,52,28,40,17,23,22,12,10,623,329,294
047,District-Mansa,Total,12,1630,881,749,149,124,25,57,29,28,32,11,21,472,217,255,167,124,43,68,33,35,37,14,23,648,329,319
047,District-Mansa,Total,13,1981,1011,970,224,182,42,99,46,53,60,18,42,626,263,363,190,136,54,106,53,53,42,13,29,634,300,334
047,District-Mansa,Total,14,2785,1445,1340,408,324,84,203,92,111,88,35,53,947,358,589,328,245,83,175,94,81,56,19,37,580,278,302
047,District-Mansa,Total,15,4406,2303,2103,749,623,126,385,185,200,183,56,127,1431,527,904,545,428,117,227,110,117,84,27,57,802,347,455
047,District-Mansa,Total,16,5333,2894,2439,1251,1048,203,515,242,273,223,72,151,1686,546,1140,686,581,105,246,126,120,98,38,60,628,241,387
047,District-Mansa,Total,17,6133,3346,2787,1692,1450,242,616,287,329,255,82,173,1971,636,1335,690,564,126,238,120,118,74,14,60,597,193,404
047,District-Mansa,Total,18,9683,5503,4180,3025,2656,369,974,448,526,365,113,252,2847,826,2021,1220,1037,183,356,151,205,137,45,92,759,227,532
047,District-Mansa,Total,19,8476,4528,3948,2791,2393,398,838,379,459,348,95,253,2689,644,2045,868,722,146,270,125,145,97,29,68,575,141,434
047,District-Mansa,Rural,5-19,49009,26113,22896,8894,7521,1373,3361,1454,1907,1468,417,1051,11289,3610,7679,4110,3327,783,1618,747,871,635,196,439,17634,8841,8793
047,District-Mansa,Rural,5,6126,3336,2790,5,3,2,5,1,4,0,0,0,162,84,78,65,37,28,37,19,18,10,4,6,5842,3188,2654
047,District-Mansa,Rural,6,4209,2292,1917,5,2,3,3,0,3,1,0,1,175,89,86,36,31,5,32,13,19,3,1,2,3954,2156,1798
047,District-Mansa,Rural,7,1595,813,782,13,6,7,1,1,0,0,0,0,122,67,55,23,15,8,18,8,10,6,3,3,1412,713,699
047,District-Mansa,Rural,8,959,491,468,11,6,5,6,2,4,2,2,0,125,72,53,22,10,12,16,5,11,4,2,2,773,392,381
047,District-Mansa,Rural,9,701,348,353,9,4,5,5,1,4,0,0,0,113,59,54,21,9,12,17,5,12,4,1,3,532,269,263
047,District-Mansa,Rural,10,1025,546,479,22,15,7,10,4,6,3,2,1,189,107,82,37,29,8,26,15,11,21,6,15,717,368,349
047,District-Mansa,Rural,11,921,478,443,63,48,15,25,10,15,19,6,13,223,99,124,65,43,22,27,13,14,18,8,10,481,251,230
047,District-Mansa,Rural,12,1277,692,585,125,104,21,51,25,26,28,9,19,381,174,207,129,100,29,54,25,29,35,13,22,474,242,232
047,District-Mansa,Rural,13,1550,776,774,184,151,33,84,37,47,56,15,41,493,203,290,147,102,45,84,42,42,40,13,27,462,213,249
047,District-Mansa,Rural,14,2297,1156,1141,351,276,75,179,78,101,83,31,52,776,275,501,268,203,65,142,75,67,51,16,35,447,202,245
047,District-Mansa,Rural,15,3622,1839,1783,638,526,112,338,153,185,171,46,125,1164,405,759,439,340,99,195,89,106,76,23,53,601,257,344
047,District-Mansa,Rural,16,4458,2356,2102,1068,878,190,467,208,259,209,62,147,1380,416,964,568,479,89,216,108,108,89,34,55,461,171,290
047,District-Mansa,Rural,17,5131,2757,2374,1426,1210,216,555,246,309,236,68,168,1609,489,1120,575,474,101,208,102,106,65,13,52,457,155,302
047,District-Mansa,Rural,18,8077,4515,3562,2576,2253,323,891,384,507,330,92,238,2257,603,1654,1010,867,143,312,126,186,120,34,86,581,156,425
047,District-Mansa,Rural,19,7061,3718,3343,2398,2039,359,741,304,437,330,84,246,2120,468,1652,705,588,117,234,102,132,93,25,68,440,108,332
047,District-Mansa,Urban,5-19,11855,6753,5102,1555,1390,165,403,285,118,113,75,38,2867,1173,1694,939,734,205,332,199,133,69,37,32,5577,2860,2717
047,District-Mansa,Urban,5,1875,1031,844,4,4,0,3,3,0,1,0,1,82,37,45,16,11,5,22,15,7,2,1,1,1745,960,785
047,District-Mansa,Urban,6,1377,748,629,5,4,1,2,1,1,0,0,0,58,30,28,11,8,3,18,13,5,1,0,1,1282,692,590
047,District-Mansa,Urban,7,470,247,223,2,1,1,2,0,2,0,0,0,46,23,23,10,5,5,9,6,3,1,0,1,400,212,188
047,District-Mansa,Urban,8,353,183,170,2,1,1,5,2,3,0,0,0,41,16,25,8,4,4,7,4,3,1,0,1,289,156,133
047,District-Mansa,Urban,9,225,109,116,1,0,1,3,1,2,0,0,0,26,15,11,8,4,4,5,3,2,3,3,0,179,83,96
047,District-Mansa,Urban,10,334,175,159,0,0,0,3,1,2,0,0,0,55,26,29,18,9,9,17,11,6,1,1,0,240,127,113
047,District-Mansa,Urban,11,267,158,109,18,17,1,4,4,0,1,0,1,70,42,28,15,9,6,13,4,9,4,4,0,142,78,64
047,District-Mansa,Urban,12,353,189,164,24,20,4,6,4,2,4,2,2,91,43,48,38,24,14,14,8,6,2,1,1,174,87,87
047,District-Mansa,Urban,13,431,235,196,40,31,9,15,9,6,4,3,1,133,60,73,43,34,9,22,11,11,2,0,2,172,87,85
047,District-Mansa,Urban,14,488,289,199,57,48,9,24,14,10,5,4,1,171,83,88,60,42,18,33,19,14,5,3,2,133,76,57
047,District-Mansa,Urban,15,784,464,320,111,97,14,47,32,15,12,10,2,267,122,145,106,88,18,32,21,11,8,4,4,201,90,111
047,District-Mansa,Urban,16,875,538,337,183,170,13,48,34,14,14,10,4,306,130,176,118,102,16,30,18,12,9,4,5,167,70,97
047,District-Mansa,Urban,17,1002,589,413,266,240,26,61,41,20,19,14,5,362,147,215,115,90,25,30,18,12,9,1,8,140,38,102
047,District-Mansa,Urban,18,1606,988,618,449,403,46,83,64,19,35,21,14,590,223,367,210,170,40,44,25,19,17,11,6,178,71,107
047,District-Mansa,Urban,19,1415,810,605,393,354,39,97,75,22,18,11,7,569,176,393,163,134,29,36,23,13,4,4,0,135,33,102
048,District-Patiala,Total,5-19,122720,66253,56467,18447,16399,2048,4474,3349,1125,1558,1112,446,39953,14026,25927,5731,4373,1358,1724,1109,615,847,512,335,49986,25373,24613
048,District-Patiala,Total,5,18667,10223,8444,11,7,4,6,5,1,0,0,0,553,293,260,141,90,51,120,64,56,15,9,6,17821,9755,8066
048,District-Patiala,Total,6,13248,7270,5978,11,6,5,12,7,5,0,0,0,572,296,276,111,66,45,125,78,47,19,10,9,12398,6807,5591
048,District-Patiala,Total,7,4266,2274,1992,32,21,11,5,3,2,0,0,0,420,233,187,79,44,35,30,14,16,28,14,14,3672,1945,1727
048,District-Patiala,Total,8,2381,1276,1105,31,24,7,11,6,5,0,0,0,404,208,196,92,49,43,38,20,18,28,15,13,1777,954,823
048,District-Patiala,Total,9,1813,942,871,30,22,8,9,3,6,2,1,1,418,214,204,75,39,36,30,20,10,15,7,8,1234,636,598
048,District-Patiala,Total,10,2584,1406,1178,46,38,8,11,7,4,5,4,1,515,275,240,139,78,61,57,31,26,36,19,17,1775,954,821
048,District-Patiala,Total,11,2133,1180,953,151,123,28,52,29,23,10,6,4,697,353,344,127,84,43,38,23,15,26,17,9,1032,545,487
048,District-Patiala,Total,12,3108,1678,1430,331,283,48,70,48,22,21,14,7,1108,488,620,223,160,63,75,40,35,38,23,15,1242,622,620
048,District-Patiala,Total,13,3465,1711,1754,386,318,68,108,76,32,38,21,17,1532,629,903,224,156,68,71,39,32,41,18,23,1065,454,611
048,District-Patiala,Total,14,4825,2561,2264,660,568,92,195,139,56,79,61,18,2248,947,1301,348,251,97,113,67,46,68,41,27,1114,487,627
048,District-Patiala,Total,15,7693,4072,3621,1250,1065,185,408,305,103,135,86,49,3630,1389,2241,623,485,138,149,92,57,112,73,39,1386,577,809
048,District-Patiala,Total,16,9869,5258,4611,1996,1745,251,563,431,132,222,168,54,4793,1702,3091,711,545,166,194,141,53,81,51,30,1309,475,834
048,District-Patiala,Total,17,12020,6532,5488,2982,2687,295,754,561,193,269,182,87,5899,1970,3929,670,557,113,170,118,52,98,52,46,1178,405,773
048,District-Patiala,Total,18,18953,10317,8636,5245,4722,523,1183,890,293,423,308,115,8740,2629,6111,1272,1029,243,300,209,91,156,106,50,1634,424,1210
048,District-Patiala,Total,19,17695,9553,8142,5285,4770,515,1087,839,248,354,261,93,8424,2400,6024,896,740,156,214,153,61,86,57,29,1349,333,1016
048,District-Patiala,Rural,5-19,82910,43768,39142,12838,11514,1324,3381,2539,842,1323,922,401,28588,9208,19380,3242,2509,733,1129,724,405,725,417,308,31684,15935,15749
048,District-Patiala,Rural,5,12232,6723,5509,6,2,4,1,1,0,0,0,0,306,156,150,68,40,28,48,29,19,15,9,6,11788,6486,5302
048,District-Patiala,Rural,6,8422,4611,3811,5,2,3,9,4,5,0,0,0,328,169,159,41,21,20,53,31,22,17,9,8,7969,4375,3594
048,District-Patiala,Rural,7,2626,1411,1215,21,13,8,1,1,0,0,0,0,206,116,90,36,23,13,12,7,5,27,13,14,2323,1238,1085
048,District-Patiala,Rural,8,1368,721,647,16,13,3,5,2,3,0,0,0,210,99,111,39,23,16,16,7,9,26,13,13,1056,564,492
048,District-Patiala,Rural,9,1011,513,498,19,14,5,5,2,3,1,0,1,217,114,103,35,16,19,15,8,7,13,6,7,706,353,353
048,District-Patiala,Rural,10,1438,758,680,25,18,7,5,2,3,2,1,1,271,143,128,67,39,28,26,14,12,32,16,16,1010,525,485
048,District-Patiala,Rural,11,1222,689,533,90,78,12,31,19,12,7,4,3,420,200,220,65,43,22,23,17,6,19,13,6,567,315,252
048,District-Patiala,Rural,12,1850,955,895,193,164,29,47,32,15,16,9,7,701,299,402,115,81,34,51,25,26,31,20,11,696,325,371
048,District-Patiala,Rural,13,2287,1089,1198,260,218,42,79,59,20,30,14,16,1107,447,660,114,78,36,42,25,17,30,10,20,625,238,387
048,District-Patiala,Rural,14,3263,1682,1581,453,397,56,155,112,43,68,51,17,1619,643,976,179,130,49,82,46,36,56,32,24,651,271,380
048,District-Patiala,Rural,15,5414,2706,2708,827,709,118,308,221,87,120,73,47,2730,969,1761,364,283,81,104,62,42,93,58,35,868,331,537
048,District-Patiala,Rural,16,7022,3588,3434,1365,1199,166,441,337,104,192,142,50,3584,1196,2388,399,302,97,146,104,42,65,36,29,830,272,558
048,District-Patiala,Rural,17,8654,4522,4132,2122,1925,197,572,423,149,226,152,74,4401,1346,3055,406,336,70,114,70,44,88,45,43,725,225,500
048,District-Patiala,Rural,18,13567,7168,6399,3710,3368,342,897,678,219,365,260,105,6445,1766,4679,750,611,139,235,164,71,136,89,47,1029,232,797
048,District-Patiala,Rural,19,12534,6632,5902,3726,3394,332,825,646,179,296,216,80,6043,1545,4498,564,483,81,162,115,47,77,48,29,841,185,656
048,District-Patiala,Urban,5-19,39810,22485,17325,5609,4885,724,1093,810,283,235,190,45,11365,4818,6547,2489,1864,625,595,385,210,122,95,27,18302,9438,8864
048,District-Patiala,Urban,5,6435,3500,2935,5,5,0,5,4,1,0,0,0,247,137,110,73,50,23,72,35,37,0,0,0,6033,3269,2764
048,District-Patiala,Urban,6,4826,2659,2167,6,4,2,3,3,0,0,0,0,244,127,117,70,45,25,72,47,25,2,1,1,4429,2432,1997
048,District-Patiala,Urban,7,1640,863,777,11,8,3,4,2,2,0,0,0,214,117,97,43,21,22,18,7,11,1,1,0,1349,707,642
048,District-Patiala,Urban,8,1013,555,458,15,11,4,6,4,2,0,0,0,194,109,85,53,26,27,22,13,9,2,2,0,721,390,331
048,District-Patiala,Urban,9,802,429,373,11,8,3,4,1,3,1,1,0,201,100,101,40,23,17,15,12,3,2,1,1,528,283,245
048,District-Patiala,Urban,10,1146,648,498,21,20,1,6,5,1,3,3,0,244,132,112,72,39,33,31,17,14,4,3,1,765,429,336
048,District-Patiala,Urban,11,911,491,420,61,45,16,21,10,11,3,2,1,277,153,124,62,41,21,15,6,9,7,4,3,465,230,235
048,District-Patiala,Urban,12,1258,723,535,138,119,19,23,16,7,5,5,0,407,189,218,108,79,29,24,15,9,7,3,4,546,297,249
048,District-Patiala,Urban,13,1178,622,556,126,100,26,29,17,12,8,7,1,425,182,243,110,78,32,29,14,15,11,8,3,440,216,224
048,District-Patiala,Urban,14,1562,879,683,207,171,36,40,27,13,11,10,1,629,304,325,169,121,48,31,21,10,12,9,3,463,216,247
048,District-Patiala,Urban,15,2279,1366,913,423,356,67,100,84,16,15,13,2,900,420,480,259,202,57,45,30,15,19,15,4,518,246,272
048,District-Patiala,Urban,16,2847,1670,1177,631,546,85,122,94,28,30,26,4,1209,506,703,312,243,69,48,37,11,16,15,1,479,203,276
048,District-Patiala,Urban,17,3366,2010,1356,860,762,98,182,138,44,43,30,13,1498,624,874,264,221,43,56,48,8,10,7,3,453,180,273
048,District-Patiala,Urban,18,5386,3149,2237,1535,1354,181,286,212,74,58,48,10,2295,863,1432,522,418,104,65,45,20,20,17,3,605,192,413
048,District-Patiala,Urban,19,5161,2921,2240,1559,1376,183,262,193,69,58,45,13,2381,855,1526,332,257,75,52,38,14,9,9,0,508,148,360
049,District-Amritsar ,Total,5-19,201620,108645,92975,29999,24729,5270,8157,5289,2868,1905,1223,682,61091,23497,37594,14140,10407,3733,4719,2607,2112,1146,611,535,80463,40282,40181
049,District-Amritsar ,Total,5,25124,13671,11453,31,21,10,31,19,12,0,0,0,891,473,418,275,185,90,296,150,146,21,5,16,23579,12818,10761
049,District-Amritsar ,Total,6,19293,10546,8747,31,18,13,29,12,17,0,0,0,977,528,449,260,158,102,255,126,129,17,7,10,17724,9697,8027
049,District-Amritsar ,Total,7,7577,4004,3573,72,45,27,34,18,16,2,2,0,799,408,391,187,112,75,123,53,70,19,11,8,6341,3355,2986
049,District-Amritsar ,Total,8,4778,2552,2226,81,54,27,31,17,14,3,0,3,807,437,370,189,102,87,107,54,53,21,9,12,3539,1879,1660
049,District-Amritsar ,Total,9,3748,1978,1770,88,58,30,39,20,19,3,2,1,780,405,375,184,105,79,98,48,50,23,14,9,2533,1326,1207
049,District-Amritsar ,Total,10,5207,2709,2498,121,83,38,53,35,18,11,6,5,1074,549,525,346,204,142,136,64,72,46,21,25,3420,1747,1673
049,District-Amritsar ,Total,11,4691,2442,2249,273,215,58,114,64,50,28,19,9,1431,699,732,304,183,121,168,80,88,46,23,23,2327,1159,1168
049,District-Amritsar ,Total,12,6286,3289,2997,576,452,124,178,102,76,48,27,21,2054,942,1112,584,383,201,213,96,117,69,35,34,2564,1252,1312
049,District-Amritsar ,Total,13,7125,3682,3443,702,536,166,264,161,103,62,38,24,2757,1230,1527,656,431,225,255,142,113,72,37,35,2357,1107,1250
049,District-Amritsar ,Total,14,9960,5041,4919,1331,1023,308,439,260,179,129,79,50,4052,1658,2394,940,642,298,395,200,195,98,49,49,2576,1130,1446
049,District-Amritsar ,Total,15,13831,7264,6567,2293,1774,519,736,467,269,206,128,78,5471,2164,3307,1595,1155,440,474,270,204,145,85,60,2911,1221,1690
049,District-Amritsar ,Total,16,17270,9102,8168,3478,2770,708,1029,657,372,253,155,98,7124,2638,4486,1877,1393,484,566,315,251,150,74,76,2793,1100,1693
049,District-Amritsar ,Total,17,18706,10176,8530,4529,3684,845,1278,812,466,318,209,109,8065,2931,5134,1736,1351,385,483,295,188,123,67,56,2174,827,1347
049,District-Amritsar ,Total,18,30668,17085,13583,8272,7014,1258,2076,1380,696,471,305,166,12886,4523,8363,2906,2336,570,671,411,260,183,98,85,3203,1018,2185
049,District-Amritsar ,Total,19,27356,15104,12252,8121,6982,1139,1826,1265,561,371,253,118,11923,3912,8011,2101,1667,434,479,303,176,113,76,37,2422,646,1776
049,District-Amritsar ,Rural,5-19,113366,58957,54409,15977,13170,2807,5147,3273,1874,1484,900,584,33518,11899,21619,8354,6014,2340,3121,1590,1531,931,443,488,44834,21668,23166
049,District-Amritsar ,Rural,5,13747,7457,6290,12,7,5,8,7,1,0,0,0,380,203,177,128,97,31,123,53,70,18,4,14,13078,7086,5992
049,District-Amritsar ,Rural,6,10413,5644,4769,14,6,8,10,5,5,0,0,0,499,279,220,143,95,48,105,51,54,15,6,9,9627,5202,4425
049,District-Amritsar ,Rural,7,4297,2253,2044,34,20,14,13,6,7,2,2,0,389,195,194,114,70,44,70,27,43,19,11,8,3656,1922,1734
049,District-Amritsar ,Rural,8,2633,1382,1251,35,25,10,11,8,3,1,0,1,380,202,178,120,62,58,67,30,37,19,9,10,2000,1046,954
049,District-Amritsar ,Rural,9,2056,1050,1006,44,28,16,18,10,8,3,2,1,378,197,181,120,65,55,66,30,36,22,13,9,1405,705,700
049,District-Amritsar ,Rural,10,2825,1379,1446,64,43,21,21,14,7,10,5,5,509,252,257,231,130,101,86,32,54,40,16,24,1864,887,977
049,District-Amritsar ,Rural,11,2559,1264,1295,122,94,28,59,27,32,21,15,6,717,329,388,178,102,76,127,55,72,41,19,22,1294,623,671
049,District-Amritsar ,Rural,12,3556,1748,1808,277,215,62,104,57,47,40,19,21,1068,470,598,370,227,143,138,53,85,58,26,32,1501,681,820
049,District-Amritsar ,Rural,13,4124,2003,2121,366,274,92,161,96,65,46,29,17,1565,649,916,390,243,147,186,96,90,59,27,32,1351,589,762
049,District-Amritsar ,Rural,14,5894,2800,3094,727,556,171,287,165,122,104,58,46,2333,879,1454,582,387,195,294,138,156,81,38,43,1486,579,907
049,District-Amritsar ,Rural,15,8112,4004,4108,1188,901,287,492,300,192,172,102,70,3224,1151,2073,952,681,271,337,176,161,119,65,54,1628,628,1000
049,District-Amritsar ,Rural,16,10157,5037,5120,1899,1507,392,714,432,282,203,119,84,4097,1363,2734,1136,823,313,414,219,195,122,51,71,1572,523,1049
049,District-Amritsar ,Rural,17,10647,5561,5086,2426,1987,439,823,525,298,249,150,99,4475,1485,2990,1018,771,247,351,199,152,96,45,51,1209,399,810
049,District-Amritsar ,Rural,18,17430,9321,8109,4497,3821,676,1313,854,459,366,225,141,7157,2307,4850,1667,1315,352,450,258,192,137,60,77,1843,481,1362
049,District-Amritsar ,Rural,19,14916,8054,6862,4272,3686,586,1113,767,346,267,174,93,6347,1938,4409,1205,946,259,307,173,134,85,53,32,1320,317,1003
049,District-Amritsar ,Urban,5-19,88254,49688,38566,14022,11559,2463,3010,2016,994,421,323,98,27573,11598,15975,5786,4393,1393,1598,1017,581,215,168,47,35629,18614,17015
049,District-Amritsar ,Urban,5,11377,6214,5163,19,14,5,23,12,11,0,0,0,511,270,241,147,88,59,173,97,76,3,1,2,10501,5732,4769
049,District-Amritsar ,Urban,6,8880,4902,3978,17,12,5,19,7,12,0,0,0,478,249,229,117,63,54,150,75,75,2,1,1,8097,4495,3602
049,District-Amritsar ,Urban,7,3280,1751,1529,38,25,13,21,12,9,0,0,0,410,213,197,73,42,31,53,26,27,0,0,0,2685,1433,1252
049,District-Amritsar ,Urban,8,2145,1170,975,46,29,17,20,9,11,2,0,2,427,235,192,69,40,29,40,24,16,2,0,2,1539,833,706
049,District-Amritsar ,Urban,9,1692,928,764,44,30,14,21,10,11,0,0,0,402,208,194,64,40,24,32,18,14,1,1,0,1128,621,507
049,District-Amritsar ,Urban,10,2382,1330,1052,57,40,17,32,21,11,1,1,0,565,297,268,115,74,41,50,32,18,6,5,1,1556,860,696
049,District-Amritsar ,Urban,11,2132,1178,954,151,121,30,55,37,18,7,4,3,714,370,344,126,81,45,41,25,16,5,4,1,1033,536,497
049,District-Amritsar ,Urban,12,2730,1541,1189,299,237,62,74,45,29,8,8,0,986,472,514,214,156,58,75,43,32,11,9,2,1063,571,492
049,District-Amritsar ,Urban,13,3001,1679,1322,336,262,74,103,65,38,16,9,7,1192,581,611,266,188,78,69,46,23,13,10,3,1006,518,488
049,District-Amritsar ,Urban,14,4066,2241,1825,604,467,137,152,95,57,25,21,4,1719,779,940,358,255,103,101,62,39,17,11,6,1090,551,539
049,District-Amritsar ,Urban,15,5719,3260,2459,1105,873,232,244,167,77,34,26,8,2247,1013,1234,643,474,169,137,94,43,26,20,6,1283,593,690
049,District-Amritsar ,Urban,16,7113,4065,3048,1579,1263,316,315,225,90,50,36,14,3027,1275,1752,741,570,171,152,96,56,28,23,5,1221,577,644
049,District-Amritsar ,Urban,17,8059,4615,3444,2103,1697,406,455,287,168,69,59,10,3590,1446,2144,718,580,138,132,96,36,27,22,5,965,428,537
049,District-Amritsar ,Urban,18,13238,7764,5474,3775,3193,582,763,526,237,105,80,25,5729,2216,3513,1239,1021,218,221,153,68,46,38,8,1360,537,823
049,District-Amritsar ,Urban,19,12440,7050,5390,3849,3296,553,713,498,215,104,79,25,5576,1974,3602,896,721,175,172,130,42,28,23,5,1102,329,773
050,District-Tarn Taran,Total,5-19,105066,55735,49331,13684,11631,2053,4213,2930,1283,1182,814,368,31595,11277,20318,6752,5373,1379,2508,1650,858,534,359,175,44598,21701,22897
050,District-Tarn Taran,Total,5,13054,7174,5880,14,10,4,9,5,4,1,1,0,386,215,171,144,84,60,112,60,52,4,2,2,12384,6797,5587
050,District-Tarn Taran,Total,6,9481,5214,4267,12,10,2,14,9,5,0,0,0,420,227,193,110,69,41,85,46,39,1,1,0,8839,4852,3987
050,District-Tarn Taran,Total,7,3840,2093,1747,34,20,14,8,5,3,0,0,0,392,205,187,71,49,22,43,26,17,6,5,1,3286,1783,1503
050,District-Tarn Taran,Total,8,2423,1252,1171,35,20,15,16,16,0,2,1,1,361,189,172,57,33,24,34,16,18,5,3,2,1913,974,939
050,District-Tarn Taran,Total,9,1805,957,848,44,25,19,12,8,4,0,0,0,361,200,161,68,51,17,20,14,6,4,3,1,1296,656,640
050,District-Tarn Taran,Total,10,2652,1396,1256,57,39,18,14,12,2,6,4,2,485,221,264,128,99,29,45,36,9,9,3,6,1908,982,926
050,District-Tarn Taran,Total,11,2192,1130,1062,133,102,31,41,31,10,11,9,2,587,273,314,119,84,35,56,29,27,12,4,8,1233,598,635
050,District-Tarn Taran,Total,12,3525,1841,1684,256,193,63,86,59,27,23,15,8,1048,450,598,257,193,64,94,54,40,22,13,9,1739,864,875
050,District-Tarn Taran,Total,13,3941,1957,1984,348,268,80,134,94,40,51,32,19,1474,562,912,315,247,68,109,61,48,30,20,10,1480,673,807
050,District-Tarn Taran,Total,14,5386,2618,2768,561,446,115,214,137,77,71,42,29,2143,799,1344,471,353,118,169,104,65,55,37,18,1702,700,1002
050,District-Tarn Taran,Total,15,7588,3795,3793,1063,836,227,408,266,142,133,82,51,2888,1013,1875,766,589,177,291,183,108,72,53,19,1967,773,1194
050,District-Tarn Taran,Total,16,9378,4820,4558,1645,1364,281,507,337,170,180,128,52,3804,1272,2532,933,736,197,352,246,106,83,55,28,1874,682,1192
050,District-Tarn Taran,Total,17,9805,5087,4718,2046,1730,316,633,428,205,185,126,59,4357,1447,2910,832,692,140,285,193,92,63,40,23,1404,431,973
050,District-Tarn Taran,Total,18,16515,9127,7388,4003,3541,462,1111,799,312,277,196,81,6911,2287,4624,1515,1272,243,507,371,136,123,87,36,2068,574,1494
050,District-Tarn Taran,Total,19,13481,7274,6207,3433,3027,406,1006,724,282,242,178,64,5978,1917,4061,966,822,144,306,211,95,45,33,12,1505,362,1143
050,District-Tarn Taran,Rural,5-19,93439,49382,44057,12403,10505,1898,4005,2792,1213,1147,786,361,28387,9976,18411,6002,4723,1279,2328,1534,794,514,346,168,38653,18720,19933
050,District-Tarn Taran,Rural,5,11459,6298,5161,13,9,4,8,5,3,1,1,0,346,194,152,137,80,57,104,57,47,4,2,2,10846,5950,4896
050,District-Tarn Taran,Rural,6,8275,4557,3718,11,10,1,12,7,5,0,0,0,364,199,165,102,62,40,78,41,37,1,1,0,7707,4237,3470
050,District-Tarn Taran,Rural,7,3298,1801,1497,33,19,14,7,5,2,0,0,0,355,185,170,64,43,21,41,25,16,6,5,1,2792,1519,1273
050,District-Tarn Taran,Rural,8,2035,1041,994,32,17,15,16,16,0,2,1,1,316,171,145,53,30,23,28,12,16,5,3,2,1583,791,792
050,District-Tarn Taran,Rural,9,1552,823,729,43,25,18,12,8,4,0,0,0,326,184,142,58,43,15,17,13,4,4,3,1,1092,547,545
050,District-Tarn Taran,Rural,10,2273,1196,1077,53,36,17,14,12,2,6,4,2,445,202,243,106,82,24,37,29,8,9,3,6,1603,828,775
050,District-Tarn Taran,Rural,11,1896,975,921,121,92,29,38,28,10,11,9,2,522,239,283,106,73,33,55,28,27,12,4,8,1031,502,529
050,District-Tarn Taran,Rural,12,3086,1590,1496,225,165,60,82,56,26,22,14,8,940,397,543,224,167,57,83,47,36,21,13,8,1489,731,758
050,District-Tarn Taran,Rural,13,3527,1736,1791,320,245,75,131,93,38,47,28,19,1342,504,838,281,220,61,104,58,46,27,18,9,1275,570,705
050,District-Tarn Taran,Rural,14,4820,2328,2492,505,399,106,205,133,72,70,41,29,1934,713,1221,418,310,108,159,99,60,50,34,16,1479,599,880
050,District-Tarn Taran,Rural,15,6814,3372,3442,961,747,214,393,255,138,128,79,49,2600,885,1715,676,513,163,271,170,101,71,52,19,1714,671,1043
050,District-Tarn Taran,Rural,16,8465,4328,4137,1494,1237,257,485,327,158,175,125,50,3432,1124,2308,830,645,185,328,227,101,80,54,26,1641,589,1052
050,District-Tarn Taran,Rural,17,8899,4584,4315,1869,1571,298,608,410,198,179,120,59,3923,1283,2640,735,603,132,267,182,85,61,39,22,1257,376,881
050,District-Tarn Taran,Rural,18,14870,8167,6703,3593,3169,424,1051,756,295,269,190,79,6209,2013,4196,1333,1110,223,472,347,125,119,83,36,1824,499,1325
050,District-Tarn Taran,Rural,19,12170,6586,5584,3130,2764,366,943,681,262,237,174,63,5333,1683,3650,879,742,137,284,199,85,44,32,12,1320,311,1009
050,District-Tarn Taran,Urban,5-19,11627,6353,5274,1281,1126,155,208,138,70,35,28,7,3208,1301,1907,750,650,100,180,116,64,20,13,7,5945,2981,2964
050,District-Tarn Taran,Urban,5,1595,876,719,1,1,0,1,0,1,0,0,0,40,21,19,7,4,3,8,3,5,0,0,0,1538,847,691
050,District-Tarn Taran,Urban,6,1206,657,549,1,0,1,2,2,0,0,0,0,56,28,28,8,7,1,7,5,2,0,0,0,1132,615,517
050,District-Tarn Taran,Urban,7,542,292,250,1,1,0,1,0,1,0,0,0,37,20,17,7,6,1,2,1,1,0,0,0,494,264,230
050,District-Tarn Taran,Urban,8,388,211,177,3,3,0,0,0,0,0,0,0,45,18,27,4,3,1,6,4,2,0,0,0,330,183,147
050,District-Tarn Taran,Urban,9,253,134,119,1,0,1,0,0,0,0,0,0,35,16,19,10,8,2,3,1,2,0,0,0,204,109,95
050,District-Tarn Taran,Urban,10,379,200,179,4,3,1,0,0,0,0,0,0,40,19,21,22,17,5,8,7,1,0,0,0,305,154,151
050,District-Tarn Taran,Urban,11,296,155,141,12,10,2,3,3,0,0,0,0,65,34,31,13,11,2,1,1,0,0,0,0,202,96,106
050,District-Tarn Taran,Urban,12,439,251,188,31,28,3,4,3,1,1,1,0,108,53,55,33,26,7,11,7,4,1,0,1,250,133,117
050,District-Tarn Taran,Urban,13,414,221,193,28,23,5,3,1,2,4,4,0,132,58,74,34,27,7,5,3,2,3,2,1,205,103,102
050,District-Tarn Taran,Urban,14,566,290,276,56,47,9,9,4,5,1,1,0,209,86,123,53,43,10,10,5,5,5,3,2,223,101,122
050,District-Tarn Taran,Urban,15,774,423,351,102,89,13,15,11,4,5,3,2,288,128,160,90,76,14,20,13,7,1,1,0,253,102,151
050,District-Tarn Taran,Urban,16,913,492,421,151,127,24,22,10,12,5,3,2,372,148,224,103,91,12,24,19,5,3,1,2,233,93,140
050,District-Tarn Taran,Urban,17,906,503,403,177,159,18,25,18,7,6,6,0,434,164,270,97,89,8,18,11,7,2,1,1,147,55,92
050,District-Tarn Taran,Urban,18,1645,960,685,410,372,38,60,43,17,8,6,2,702,274,428,182,162,20,35,24,11,4,4,0,244,75,169
050,District-Tarn Taran,Urban,19,1311,688,623,303,263,40,63,43,20,5,4,1,645,234,411,87,80,7,22,12,10,1,1,0,185,51,134
051,District-Rupnagar,Total,5-19,40294,21722,18572,4993,4164,829,1628,1177,451,490,382,108,14204,5909,8295,1212,848,364,435,271,164,95,73,22,17237,8898,8339
051,District-Rupnagar,Total,5,6933,3730,3203,13,9,4,3,2,1,0,0,0,251,122,129,59,42,17,57,33,24,5,3,2,6545,3519,3026
051,District-Rupnagar,Total,6,4964,2715,2249,11,7,4,5,3,2,0,0,0,249,133,116,34,18,16,47,18,29,4,0,4,4614,2536,2078
051,District-Rupnagar,Total,7,1528,814,714,16,11,5,7,7,0,0,0,0,195,96,99,28,16,12,15,6,9,0,0,0,1267,678,589
051,District-Rupnagar,Total,8,867,467,400,13,8,5,7,3,4,0,0,0,186,102,84,26,17,9,9,5,4,1,1,0,625,331,294
051,District-Rupnagar,Total,9,611,320,291,19,6,13,2,0,2,2,2,0,157,86,71,20,13,7,7,4,3,0,0,0,404,209,195
051,District-Rupnagar,Total,10,903,445,458,31,19,12,6,4,2,0,0,0,188,95,93,32,15,17,12,7,5,3,1,2,631,304,327
051,District-Rupnagar,Total,11,747,364,383,62,43,19,11,6,5,2,2,0,254,109,145,27,14,13,13,7,6,3,3,0,375,180,195
051,District-Rupnagar,Total,12,872,443,429,71,53,18,20,12,8,5,4,1,331,152,179,55,30,25,13,8,5,5,3,2,372,181,191
051,District-Rupnagar,Total,13,926,480,446,91,74,17,22,11,11,3,1,2,428,197,231,48,29,19,18,10,8,2,0,2,314,158,156
051,District-Rupnagar,Total,14,1320,653,667,172,129,43,57,34,23,12,6,6,646,272,374,64,40,24,24,11,13,8,7,1,337,154,183
051,District-Rupnagar,Total,15,1995,1035,960,278,217,61,101,67,34,35,27,8,1004,433,571,122,85,37,38,28,10,15,13,2,402,165,237
051,District-Rupnagar,Total,16,2708,1419,1289,456,372,84,167,111,56,55,49,6,1527,638,889,116,82,34,36,25,11,5,4,1,346,138,208
051,District-Rupnagar,Total,17,3682,2034,1648,763,633,130,271,212,59,79,64,15,2082,875,1207,143,106,37,40,27,13,11,8,3,293,109,184
051,District-Rupnagar,Total,18,5925,3246,2679,1369,1171,198,429,298,131,132,102,30,3206,1253,1953,270,210,60,55,40,15,19,19,0,445,153,292
051,District-Rupnagar,Total,19,6313,3557,2756,1628,1412,216,520,407,113,165,125,40,3500,1346,2154,168,131,37,51,42,9,14,11,3,267,83,184
051,District-Rupnagar,Rural,5-19,30878,16494,14384,4118,3385,733,1393,989,404,407,306,101,11554,4686,6868,854,553,301,288,165,123,52,34,18,12212,6376,5836
051,District-Rupnagar,Rural,5,5259,2830,2429,12,9,3,3,2,1,0,0,0,209,101,108,49,35,14,49,29,20,5,3,2,4932,2651,2281
051,District-Rupnagar,Rural,6,3713,2052,1661,9,6,3,4,2,2,0,0,0,201,108,93,26,14,12,35,15,20,2,0,2,3436,1907,1529
051,District-Rupnagar,Rural,7,1097,596,501,14,9,5,6,6,0,0,0,0,159,81,78,25,15,10,11,4,7,0,0,0,882,481,401
051,District-Rupnagar,Rural,8,582,312,270,11,7,4,7,3,4,0,0,0,144,82,62,22,15,7,6,3,3,0,0,0,392,202,190
051,District-Rupnagar,Rural,9,411,220,191,15,4,11,2,0,2,2,2,0,121,69,52,16,10,6,6,4,2,0,0,0,249,131,118
051,District-Rupnagar,Rural,10,607,299,308,27,16,11,5,3,2,0,0,0,146,71,75,30,13,17,10,6,4,3,1,2,386,189,197
051,District-Rupnagar,Rural,11,520,239,281,51,36,15,10,6,4,1,1,0,189,77,112,18,8,10,10,6,4,0,0,0,241,105,136
051,District-Rupnagar,Rural,12,588,293,295,57,40,17,17,10,7,4,3,1,242,106,136,44,23,21,8,5,3,3,2,1,213,104,109
051,District-Rupnagar,Rural,13,662,328,334,66,52,14,17,7,10,2,0,2,314,138,176,38,21,17,17,10,7,1,0,1,207,100,107
051,District-Rupnagar,Rural,14,968,461,507,134,98,36,47,25,22,11,5,6,496,202,294,48,26,22,11,5,6,5,4,1,216,96,120
051,District-Rupnagar,Rural,15,1500,761,739,229,172,57,90,57,33,27,19,8,800,336,464,85,56,29,21,13,8,13,11,2,235,97,138
051,District-Rupnagar,Rural,16,2108,1076,1032,375,296,79,136,87,49,45,39,6,1239,498,741,81,55,26,23,13,10,2,1,1,207,87,120
051,District-Rupnagar,Rural,17,3012,1628,1384,633,524,109,235,180,55,63,49,14,1768,724,1044,94,63,31,23,12,11,5,2,3,191,74,117
051,District-Rupnagar,Rural,18,4696,2531,2165,1123,942,181,373,255,118,108,82,26,2627,1007,1620,172,124,48,32,20,12,4,4,0,257,97,160
051,District-Rupnagar,Rural,19,5155,2868,2287,1362,1174,188,441,346,95,144,106,38,2899,1086,1813,106,75,31,26,20,6,9,6,3,168,55,113
051,District-Rupnagar,Urban,5-19,9416,5228,4188,875,779,96,235,188,47,83,76,7,2650,1223,1427,358,295,63,147,106,41,43,39,4,5025,2522,2503
051,District-Rupnagar,Urban,5,1674,900,774,1,0,1,0,0,0,0,0,0,42,21,21,10,7,3,8,4,4,0,0,0,1613,868,745
051,District-Rupnagar,Urban,6,1251,663,588,2,1,1,1,1,0,0,0,0,48,25,23,8,4,4,12,3,9,2,0,2,1178,629,549
051,District-Rupnagar,Urban,7,431,218,213,2,2,0,1,1,0,0,0,0,36,15,21,3,1,2,4,2,2,0,0,0,385,197,188
051,District-Rupnagar,Urban,8,285,155,130,2,1,1,0,0,0,0,0,0,42,20,22,4,2,2,3,2,1,1,1,0,233,129,104
051,District-Rupnagar,Urban,9,200,100,100,4,2,2,0,0,0,0,0,0,36,17,19,4,3,1,1,0,1,0,0,0,155,78,77
051,District-Rupnagar,Urban,10,296,146,150,4,3,1,1,1,0,0,0,0,42,24,18,2,2,0,2,1,1,0,0,0,245,115,130
051,District-Rupnagar,Urban,11,227,125,102,11,7,4,1,0,1,1,1,0,65,32,33,9,6,3,3,1,2,3,3,0,134,75,59
051,District-Rupnagar,Urban,12,284,150,134,14,13,1,3,2,1,1,1,0,89,46,43,11,7,4,5,3,2,2,1,1,159,77,82
051,District-Rupnagar,Urban,13,264,152,112,25,22,3,5,4,1,1,1,0,114,59,55,10,8,2,1,0,1,1,0,1,107,58,49
051,District-Rupnagar,Urban,14,352,192,160,38,31,7,10,9,1,1,1,0,150,70,80,16,14,2,13,6,7,3,3,0,121,58,63
051,District-Rupnagar,Urban,15,495,274,221,49,45,4,11,10,1,8,8,0,204,97,107,37,29,8,17,15,2,2,2,0,167,68,99
051,District-Rupnagar,Urban,16,600,343,257,81,76,5,31,24,7,10,10,0,288,140,148,35,27,8,13,12,1,3,3,0,139,51,88
051,District-Rupnagar,Urban,17,670,406,264,130,109,21,36,32,4,16,15,1,314,151,163,49,43,6,17,15,2,6,6,0,102,35,67
051,District-Rupnagar,Urban,18,1229,715,514,246,229,17,56,43,13,24,20,4,579,246,333,98,86,12,23,20,3,15,15,0,188,56,132
051,District-Rupnagar,Urban,19,1158,689,469,266,238,28,79,61,18,21,19,2,601,260,341,62,56,6,25,22,3,5,5,0,99,28,71
052,District-Sahibzada Ajit Singh Nagar,Total,5-19,58749,32245,26504,8956,7337,1619,1688,1235,453,520,399,121,17115,6830,10285,3034,2059,975,653,382,271,157,113,44,26626,13890,12736
052,District-Sahibzada Ajit Singh Nagar,Total,5,10165,5569,4596,12,11,1,5,2,3,0,0,0,288,147,141,102,62,40,73,41,32,2,1,1,9683,5305,4378
052,District-Sahibzada Ajit Singh Nagar,Total,6,7222,3926,3296,7,3,4,4,3,1,0,0,0,328,172,156,72,42,30,66,42,24,5,3,2,6740,3661,3079
052,District-Sahibzada Ajit Singh Nagar,Total,7,2484,1349,1135,19,9,10,6,3,3,1,0,1,265,146,119,53,23,30,14,6,8,2,1,1,2124,1161,963
052,District-Sahibzada Ajit Singh Nagar,Total,8,1504,795,709,21,13,8,8,4,4,0,0,0,255,149,106,37,17,20,11,9,2,6,5,1,1166,598,568
052,District-Sahibzada Ajit Singh Nagar,Total,9,1280,691,589,25,18,7,10,6,4,2,0,2,299,160,139,41,28,13,18,9,9,4,2,2,881,468,413
052,District-Sahibzada Ajit Singh Nagar,Total,10,1713,925,788,40,26,14,9,5,4,2,1,1,379,205,174,71,43,28,18,9,9,3,3,0,1191,633,558
052,District-Sahibzada Ajit Singh Nagar,Total,11,1288,654,634,103,71,32,15,7,8,5,5,0,394,189,205,86,52,34,22,10,12,4,3,1,659,317,342
052,District-Sahibzada Ajit Singh Nagar,Total,12,1681,884,797,183,138,45,27,19,8,7,4,3,589,282,307,146,83,63,29,19,10,9,5,4,691,334,357
052,District-Sahibzada Ajit Singh Nagar,Total,13,1528,791,737,196,148,48,40,26,14,11,9,2,614,275,339,133,77,56,16,8,8,8,7,1,510,241,269
052,District-Sahibzada Ajit Singh Nagar,Total,14,2026,1104,922,310,225,85,55,41,14,24,18,6,883,417,466,188,110,78,54,32,22,13,10,3,499,251,248
052,District-Sahibzada Ajit Singh Nagar,Total,15,3043,1670,1373,631,496,135,140,97,43,47,39,8,1270,553,717,320,182,138,53,32,21,16,12,4,566,259,307
052,District-Sahibzada Ajit Singh Nagar,Total,16,3991,2132,1859,922,715,207,200,129,71,53,37,16,1863,762,1101,376,252,124,59,34,25,19,12,7,499,191,308
052,District-Sahibzada Ajit Singh Nagar,Total,17,4895,2693,2202,1291,1067,224,258,186,72,87,66,21,2418,909,1509,341,247,94,52,33,19,18,13,5,430,172,258
052,District-Sahibzada Ajit Singh Nagar,Total,18,7932,4544,3388,2567,2157,410,435,355,80,141,117,24,3498,1187,2311,616,470,146,89,54,35,26,18,8,560,186,374
052,District-Sahibzada Ajit Singh Nagar,Total,19,7997,4518,3479,2629,2240,389,476,352,124,140,103,37,3772,1277,2495,452,371,81,79,44,35,22,18,4,427,113,314
052,District-Sahibzada Ajit Singh Nagar,Rural,5-19,30560,16447,14113,5250,4246,1004,1106,813,293,380,286,94,10429,3915,6514,1388,886,502,332,185,147,84,57,27,11591,6059,5532
052,District-Sahibzada Ajit Singh Nagar,Rural,5,4649,2569,2080,4,3,1,2,1,1,0,0,0,135,72,63,54,32,22,31,19,12,0,0,0,4423,2442,1981
052,District-Sahibzada Ajit Singh Nagar,Rural,6,3217,1757,1460,6,2,4,1,0,1,0,0,0,159,86,73,28,16,12,28,15,13,0,0,0,2995,1638,1357
052,District-Sahibzada Ajit Singh Nagar,Rural,7,1150,615,535,10,5,5,3,0,3,1,0,1,116,63,53,30,12,18,8,3,5,1,0,1,981,532,449
052,District-Sahibzada Ajit Singh Nagar,Rural,8,675,354,321,13,7,6,3,2,1,0,0,0,121,70,51,17,10,7,7,5,2,1,0,1,513,260,253
052,District-Sahibzada Ajit Singh Nagar,Rural,9,489,255,234,9,5,4,4,1,3,2,0,2,136,72,64,19,12,7,7,3,4,1,1,0,311,161,150
052,District-Sahibzada Ajit Singh Nagar,Rural,10,731,369,362,22,14,8,5,4,1,2,1,1,196,90,106,40,23,17,7,6,1,0,0,0,459,231,228
052,District-Sahibzada Ajit Singh Nagar,Rural,11,529,268,261,53,38,15,12,6,6,4,4,0,175,92,83,49,27,22,11,3,8,2,2,0,223,96,127
052,District-Sahibzada Ajit Singh Nagar,Rural,12,768,374,394,97,67,30,16,10,6,4,2,2,296,133,163,71,40,31,17,10,7,5,2,3,262,110,152
052,District-Sahibzada Ajit Singh Nagar,Rural,13,726,382,344,106,82,24,26,18,8,8,6,2,316,137,179,75,44,31,6,4,2,3,3,0,186,88,98
052,District-Sahibzada Ajit Singh Nagar,Rural,14,1078,594,484,202,151,51,37,28,9,19,14,5,502,234,268,92,53,39,24,15,9,8,5,3,194,94,100
052,District-Sahibzada Ajit Singh Nagar,Rural,15,1624,899,725,343,273,70,92,68,24,39,33,6,733,313,420,140,75,65,31,17,14,10,8,2,236,112,124
052,District-Sahibzada Ajit Singh Nagar,Rural,16,2357,1198,1159,557,420,137,131,85,46,42,28,14,1220,469,751,160,92,68,35,19,16,12,8,4,200,77,123
052,District-Sahibzada Ajit Singh Nagar,Rural,17,3014,1570,1444,771,622,149,186,130,56,63,45,18,1617,571,1046,147,98,49,28,20,8,14,9,5,188,75,113
052,District-Sahibzada Ajit Singh Nagar,Rural,18,4736,2598,2138,1465,1214,251,293,240,53,90,77,13,2299,738,1561,280,206,74,46,26,20,13,8,5,250,89,161
052,District-Sahibzada Ajit Singh Nagar,Rural,19,4817,2645,2172,1592,1343,249,295,220,75,106,76,30,2408,775,1633,186,146,40,46,20,26,14,11,3,170,54,116
052,District-Sahibzada Ajit Singh Nagar,Urban,5-19,28189,15798,12391,3706,3091,615,582,422,160,140,113,27,6686,2915,3771,1646,1173,473,321,197,124,73,56,17,15035,7831,7204
052,District-Sahibzada Ajit Singh Nagar,Urban,5,5516,3000,2516,8,8,0,3,1,2,0,0,0,153,75,78,48,30,18,42,22,20,2,1,1,5260,2863,2397
052,District-Sahibzada Ajit Singh Nagar,Urban,6,4005,2169,1836,1,1,0,3,3,0,0,0,0,169,86,83,44,26,18,38,27,11,5,3,2,3745,2023,1722
052,District-Sahibzada Ajit Singh Nagar,Urban,7,1334,734,600,9,4,5,3,3,0,0,0,0,149,83,66,23,11,12,6,3,3,1,1,0,1143,629,514
052,District-Sahibzada Ajit Singh Nagar,Urban,8,829,441,388,8,6,2,5,2,3,0,0,0,134,79,55,20,7,13,4,4,0,5,5,0,653,338,315
052,District-Sahibzada Ajit Singh Nagar,Urban,9,791,436,355,16,13,3,6,5,1,0,0,0,163,88,75,22,16,6,11,6,5,3,1,2,570,307,263
052,District-Sahibzada Ajit Singh Nagar,Urban,10,982,556,426,18,12,6,4,1,3,0,0,0,183,115,68,31,20,11,11,3,8,3,3,0,732,402,330
052,District-Sahibzada Ajit Singh Nagar,Urban,11,759,386,373,50,33,17,3,1,2,1,1,0,219,97,122,37,25,12,11,7,4,2,1,1,436,221,215
052,District-Sahibzada Ajit Singh Nagar,Urban,12,913,510,403,86,71,15,11,9,2,3,2,1,293,149,144,75,43,32,12,9,3,4,3,1,429,224,205
052,District-Sahibzada Ajit Singh Nagar,Urban,13,802,409,393,90,66,24,14,8,6,3,3,0,298,138,160,58,33,25,10,4,6,5,4,1,324,153,171
052,District-Sahibzada Ajit Singh Nagar,Urban,14,948,510,438,108,74,34,18,13,5,5,4,1,381,183,198,96,57,39,30,17,13,5,5,0,305,157,148
052,District-Sahibzada Ajit Singh Nagar,Urban,15,1419,771,648,288,223,65,48,29,19,8,6,2,537,240,297,180,107,73,22,15,7,6,4,2,330,147,183
052,District-Sahibzada Ajit Singh Nagar,Urban,16,1634,934,700,365,295,70,69,44,25,11,9,2,643,293,350,216,160,56,24,15,9,7,4,3,299,114,185
052,District-Sahibzada Ajit Singh Nagar,Urban,17,1881,1123,758,520,445,75,72,56,16,24,21,3,801,338,463,194,149,45,24,13,11,4,4,0,242,97,145
052,District-Sahibzada Ajit Singh Nagar,Urban,18,3196,1946,1250,1102,943,159,142,115,27,51,40,11,1199,449,750,336,264,72,43,28,15,13,10,3,310,97,213
052,District-Sahibzada Ajit Singh Nagar,Urban,19,3180,1873,1307,1037,897,140,181,132,49,34,27,7,1364,502,862,266,225,41,33,24,9,8,7,1,257,59,198
053,District-Sangrur,Total,5-19,120989,66254,54735,19087,17331,1756,3996,2907,1089,1078,776,302,36887,12142,24745,6691,5860,831,1529,1040,489,425,297,128,51296,25901,25395
053,District-Sangrur,Total,5,18128,9914,8214,14,11,3,5,3,2,0,0,0,360,200,160,150,103,47,88,53,35,21,7,14,17490,9537,7953
053,District-Sangrur,Total,6,13459,7388,6071,13,9,4,6,3,3,0,0,0,402,234,168,114,72,42,72,42,30,15,7,8,12837,7021,5816
053,District-Sangrur,Total,7,4595,2468,2127,21,16,5,4,2,2,0,0,0,302,171,131,54,38,16,24,16,8,8,5,3,4182,2220,1962
053,District-Sangrur,Total,8,2332,1255,1077,24,19,5,5,2,3,0,0,0,316,164,152,61,44,17,21,10,11,10,4,6,1895,1012,883
053,District-Sangrur,Total,9,1624,881,743,36,31,5,10,6,4,1,1,0,292,147,145,41,27,14,9,5,4,8,6,2,1227,658,569
053,District-Sangrur,Total,10,2477,1327,1150,54,43,11,6,4,2,1,0,1,415,204,211,110,80,30,28,22,6,10,5,5,1853,969,884
053,District-Sangrur,Total,11,1965,1130,835,149,128,21,29,18,11,6,6,0,566,264,302,123,103,20,21,15,6,3,3,0,1068,593,475
053,District-Sangrur,Total,12,2764,1485,1279,264,231,33,56,36,20,14,13,1,955,413,542,228,182,46,51,26,25,15,10,5,1181,574,607
053,District-Sangrur,Total,13,3279,1751,1528,387,341,46,92,77,15,29,22,7,1392,584,808,243,196,47,59,37,22,18,11,7,1059,483,576
053,District-Sangrur,Total,14,4718,2492,2226,643,562,81,184,130,54,41,30,11,2155,821,1334,388,338,50,74,53,21,31,24,7,1202,534,668
053,District-Sangrur,Total,15,7710,4171,3539,1404,1239,165,358,240,118,94,60,34,3453,1265,2188,702,623,79,167,118,49,56,40,16,1476,586,890
053,District-Sangrur,Total,16,9783,5294,4489,2171,1965,206,527,388,139,160,119,41,4577,1518,3059,786,697,89,195,129,66,44,34,10,1323,444,879
053,District-Sangrur,Total,17,11621,6482,5139,3023,2760,263,668,492,176,186,133,53,5409,1704,3705,851,770,81,193,150,43,50,42,8,1241,431,810
053,District-Sangrur,Total,18,18755,10500,8255,5395,4958,437,1011,744,267,289,206,83,8297,2377,5920,1585,1453,132,299,215,84,88,69,19,1791,478,1313
053,District-Sangrur,Total,19,17779,9716,8063,5489,5018,471,1035,762,273,257,186,71,7996,2076,5920,1255,1134,121,228,149,79,48,30,18,1471,361,1110
053,District-Sangrur,Rural,5-19,83018,44934,38084,13593,12279,1314,3194,2274,920,900,637,263,26621,8418,18203,4100,3566,534,1113,738,375,329,215,114,33168,16807,16361
053,District-Sangrur,Rural,5,12220,6722,5498,10,8,2,3,3,0,0,0,0,238,138,100,118,82,36,63,35,28,17,6,11,11771,6450,5321
053,District-Sangrur,Rural,6,9022,4960,4062,11,7,4,5,3,2,0,0,0,263,154,109,75,54,21,60,36,24,11,6,5,8597,4700,3897
053,District-Sangrur,Rural,7,3126,1697,1429,19,15,4,4,2,2,0,0,0,214,120,94,39,27,12,16,13,3,7,4,3,2827,1516,1311
053,District-Sangrur,Rural,8,1390,749,641,20,15,5,5,2,3,0,0,0,227,110,117,33,23,10,13,7,6,10,4,6,1082,588,494
053,District-Sangrur,Rural,9,1009,541,468,27,23,4,9,5,4,1,1,0,202,95,107,21,12,9,4,2,2,6,4,2,739,399,340
053,District-Sangrur,Rural,10,1456,773,683,38,30,8,4,2,2,1,0,1,267,130,137,47,31,16,15,12,3,7,3,4,1077,565,512
053,District-Sangrur,Rural,11,1208,669,539,105,89,16,20,11,9,3,3,0,370,165,205,73,59,14,9,6,3,3,3,0,625,333,292
053,District-Sangrur,Rural,12,1672,866,806,171,144,27,47,28,19,11,10,1,641,267,374,116,88,28,39,19,20,13,9,4,634,301,333
053,District-Sangrur,Rural,13,2112,1093,1019,265,229,36,74,60,14,19,13,6,961,386,575,132,108,24,40,24,16,14,7,7,607,266,341
053,District-Sangrur,Rural,14,3144,1639,1505,414,357,57,144,99,45,36,27,9,1529,580,949,236,204,32,53,35,18,19,12,7,713,325,388
053,District-Sangrur,Rural,15,5223,2726,2497,975,851,124,272,169,103,73,43,30,2500,879,1621,407,358,49,112,79,33,36,21,15,848,326,522
053,District-Sangrur,Rural,16,6834,3620,3214,1529,1374,155,414,293,121,140,103,37,3314,1065,2249,477,415,62,137,87,50,35,26,9,788,257,531
053,District-Sangrur,Rural,17,8307,4573,3734,2177,1975,202,532,383,149,154,109,45,3934,1204,2730,540,488,52,149,117,32,38,31,7,783,266,517
053,District-Sangrur,Rural,18,13222,7284,5938,3800,3487,313,804,589,215,245,175,70,6015,1667,4348,957,872,85,223,154,69,74,56,18,1104,284,820
053,District-Sangrur,Rural,19,13073,7022,6051,4032,3675,357,857,625,232,217,153,64,5946,1458,4488,829,745,84,180,112,68,39,23,16,973,231,742
053,District-Sangrur,Urban,5-19,37971,21320,16651,5494,5052,442,802,633,169,178,139,39,10266,3724,6542,2591,2294,297,416,302,114,96,82,14,18128,9094,9034
053,District-Sangrur,Urban,5,5908,3192,2716,4,3,1,2,0,2,0,0,0,122,62,60,32,21,11,25,18,7,4,1,3,5719,3087,2632
053,District-Sangrur,Urban,6,4437,2428,2009,2,2,0,1,0,1,0,0,0,139,80,59,39,18,21,12,6,6,4,1,3,4240,2321,1919
053,District-Sangrur,Urban,7,1469,771,698,2,1,1,0,0,0,0,0,0,88,51,37,15,11,4,8,3,5,1,1,0,1355,704,651
053,District-Sangrur,Urban,8,942,506,436,4,4,0,0,0,0,0,0,0,89,54,35,28,21,7,8,3,5,0,0,0,813,424,389
053,District-Sangrur,Urban,9,615,340,275,9,8,1,1,1,0,0,0,0,90,52,38,20,15,5,5,3,2,2,2,0,488,259,229
053,District-Sangrur,Urban,10,1021,554,467,16,13,3,2,2,0,0,0,0,148,74,74,63,49,14,13,10,3,3,2,1,776,404,372
053,District-Sangrur,Urban,11,757,461,296,44,39,5,9,7,2,3,3,0,196,99,97,50,44,6,12,9,3,0,0,0,443,260,183
053,District-Sangrur,Urban,12,1092,619,473,93,87,6,9,8,1,3,3,0,314,146,168,112,94,18,12,7,5,2,1,1,547,273,274
053,District-Sangrur,Urban,13,1167,658,509,122,112,10,18,17,1,10,9,1,431,198,233,111,88,23,19,13,6,4,4,0,452,217,235
053,District-Sangrur,Urban,14,1574,853,721,229,205,24,40,31,9,5,3,2,626,241,385,152,134,18,21,18,3,12,12,0,489,209,280
053,District-Sangrur,Urban,15,2487,1445,1042,429,388,41,86,71,15,21,17,4,953,386,567,295,265,30,55,39,16,20,19,1,628,260,368
053,District-Sangrur,Urban,16,2949,1674,1275,642,591,51,113,95,18,20,16,4,1263,453,810,309,282,27,58,42,16,9,8,1,535,187,348
053,District-Sangrur,Urban,17,3314,1909,1405,846,785,61,136,109,27,32,24,8,1475,500,975,311,282,29,44,33,11,12,11,1,458,165,293
053,District-Sangrur,Urban,18,5533,3216,2317,1595,1471,124,207,155,52,44,31,13,2282,710,1572,628,581,47,76,61,15,14,13,1,687,194,493
053,District-Sangrur,Urban,19,4706,2694,2012,1457,1343,114,178,137,41,40,33,7,2050,618,1432,426,389,37,48,37,11,9,7,2,498,130,368
054,District-Barnala,Total,5-19,41963,23794,18169,7176,6513,663,1104,851,253,497,353,144,11567,3918,7649,2688,2343,345,541,406,135,187,127,60,18203,9283,8920
054,District-Barnala,Total,5,6791,3725,3066,0,0,0,0,0,0,0,0,0,201,107,94,32,21,11,17,11,6,2,0,2,6539,3586,2953
054,District-Barnala,Total,6,4830,2674,2156,6,5,1,3,2,1,0,0,0,196,102,94,13,11,2,16,6,10,3,1,2,4593,2547,2046
054,District-Barnala,Total,7,1475,775,700,3,3,0,1,1,0,0,0,0,116,70,46,12,7,5,6,3,3,3,0,3,1334,691,643
054,District-Barnala,Total,8,794,422,372,15,12,3,0,0,0,0,0,0,103,57,46,12,9,3,4,1,3,1,1,0,659,342,317
054,District-Barnala,Total,9,513,270,243,2,2,0,1,0,1,0,0,0,100,50,50,9,6,3,6,4,2,3,1,2,392,207,185
054,District-Barnala,Total,10,738,407,331,20,16,4,3,2,1,1,1,0,128,64,64,23,16,7,10,7,3,3,2,1,550,299,251
054,District-Barnala,Total,11,654,355,299,38,36,2,2,1,1,2,2,0,212,93,119,53,42,11,5,3,2,5,5,0,337,173,164
054,District-Barnala,Total,12,1028,592,436,108,94,14,17,10,7,9,7,2,338,154,184,96,83,13,12,9,3,4,1,3,444,234,210
054,District-Barnala,Total,13,1149,644,505,148,124,24,31,23,8,11,9,2,452,195,257,94,73,21,24,19,5,12,7,5,377,194,183
054,District-Barnala,Total,14,1614,892,722,237,204,33,43,34,9,25,19,6,666,269,397,159,128,31,35,22,13,11,6,5,438,210,228
054,District-Barnala,Total,15,2626,1523,1103,536,487,49,98,77,21,51,37,14,1019,378,641,320,279,41,53,41,12,22,15,7,527,209,318
054,District-Barnala,Total,16,3243,1839,1404,789,725,64,142,106,36,70,47,23,1373,451,922,317,281,36,70,55,15,24,18,6,458,156,302
054,District-Barnala,Total,17,3949,2336,1613,1177,1054,123,187,153,34,94,63,31,1612,518,1094,368,328,40,80,62,18,21,13,8,410,145,265
054,District-Barnala,Total,18,6447,3841,2606,1982,1829,153,307,236,71,129,98,31,2494,736,1758,724,638,86,119,99,20,41,30,11,651,175,476
054,District-Barnala,Total,19,6112,3499,2613,2115,1922,193,269,206,63,105,70,35,2557,674,1883,456,421,35,84,64,20,32,27,5,494,115,379
054,District-Barnala,Rural,5-19,27406,15492,11914,4983,4551,432,823,623,200,400,280,120,8070,2565,5505,1662,1471,191,348,258,90,129,90,39,10991,5654,5337
054,District-Barnala,Rural,5,4349,2379,1970,0,0,0,0,0,0,0,0,0,137,73,64,19,13,6,12,8,4,1,0,1,4180,2285,1895
054,District-Barnala,Rural,6,3031,1688,1343,4,4,0,1,1,0,0,0,0,135,69,66,9,8,1,9,3,6,1,0,1,2872,1603,1269
054,District-Barnala,Rural,7,856,464,392,2,2,0,0,0,0,0,0,0,68,37,31,9,5,4,5,3,2,2,0,2,770,417,353
054,District-Barnala,Rural,8,428,243,185,10,8,2,0,0,0,0,0,0,60,37,23,7,6,1,3,1,2,1,1,0,347,190,157
054,District-Barnala,Rural,9,285,153,132,2,2,0,1,0,1,0,0,0,62,32,30,7,5,2,3,2,1,1,0,1,209,112,97
054,District-Barnala,Rural,10,387,221,166,14,11,3,3,2,1,1,1,0,76,38,38,15,11,4,6,4,2,1,1,0,271,153,118
054,District-Barnala,Rural,11,356,198,158,27,25,2,1,0,1,2,2,0,116,51,65,31,23,8,1,1,0,2,2,0,176,94,82
054,District-Barnala,Rural,12,578,336,242,74,65,9,10,4,6,5,3,2,216,97,119,50,46,4,5,4,1,1,0,1,217,117,100
054,District-Barnala,Rural,13,690,387,303,96,82,14,19,13,6,10,8,2,285,123,162,56,43,13,17,13,4,8,5,3,199,100,99
054,District-Barnala,Rural,14,1043,565,478,162,140,22,30,23,7,16,10,6,457,171,286,91,76,15,18,10,8,8,5,3,261,130,131
054,District-Barnala,Rural,15,1666,932,734,347,322,25,68,53,15,36,26,10,700,238,462,187,165,22,28,21,7,20,13,7,280,94,186
054,District-Barnala,Rural,16,2226,1257,969,558,518,40,104,76,28,59,38,21,963,303,660,198,181,17,50,38,12,15,12,3,279,91,188
054,District-Barnala,Rural,17,2758,1614,1144,828,756,72,138,112,26,79,53,26,1169,345,824,236,214,22,49,35,14,13,8,5,246,91,155
054,District-Barnala,Rural,18,4373,2568,1805,1348,1248,100,238,182,56,99,77,22,1760,486,1274,443,390,53,78,66,12,29,21,8,378,98,280
054,District-Barnala,Rural,19,4380,2487,1893,1511,1368,143,210,157,53,93,62,31,1866,465,1401,304,285,19,64,49,15,26,22,4,306,79,227
054,District-Barnala,Urban,5-19,14557,8302,6255,2193,1962,231,281,228,53,97,73,24,3497,1353,2144,1026,872,154,193,148,45,58,37,21,7212,3629,3583
054,District-Barnala,Urban,5,2442,1346,1096,0,0,0,0,0,0,0,0,0,64,34,30,13,8,5,5,3,2,1,0,1,2359,1301,1058
054,District-Barnala,Urban,6,1799,986,813,2,1,1,2,1,1,0,0,0,61,33,28,4,3,1,7,3,4,2,1,1,1721,944,777
054,District-Barnala,Urban,7,619,311,308,1,1,0,1,1,0,0,0,0,48,33,15,3,2,1,1,0,1,1,0,1,564,274,290
054,District-Barnala,Urban,8,366,179,187,5,4,1,0,0,0,0,0,0,43,20,23,5,3,2,1,0,1,0,0,0,312,152,160
054,District-Barnala,Urban,9,228,117,111,0,0,0,0,0,0,0,0,0,38,18,20,2,1,1,3,2,1,2,1,1,183,95,88
054,District-Barnala,Urban,10,351,186,165,6,5,1,0,0,0,0,0,0,52,26,26,8,5,3,4,3,1,2,1,1,279,146,133
054,District-Barnala,Urban,11,298,157,141,11,11,0,1,1,0,0,0,0,96,42,54,22,19,3,4,2,2,3,3,0,161,79,82
054,District-Barnala,Urban,12,450,256,194,34,29,5,7,6,1,4,4,0,122,57,65,46,37,9,7,5,2,3,1,2,227,117,110
054,District-Barnala,Urban,13,459,257,202,52,42,10,12,10,2,1,1,0,167,72,95,38,30,8,7,6,1,4,2,2,178,94,84
054,District-Barnala,Urban,14,571,327,244,75,64,11,13,11,2,9,9,0,209,98,111,68,52,16,17,12,5,3,1,2,177,80,97
054,District-Barnala,Urban,15,960,591,369,189,165,24,30,24,6,15,11,4,319,140,179,133,114,19,25,20,5,2,2,0,247,115,132
054,District-Barnala,Urban,16,1017,582,435,231,207,24,38,30,8,11,9,2,410,148,262,119,100,19,20,17,3,9,6,3,179,65,114
054,District-Barnala,Urban,17,1191,722,469,349,298,51,49,41,8,15,10,5,443,173,270,132,114,18,31,27,4,8,5,3,164,54,110
054,District-Barnala,Urban,18,2074,1273,801,634,581,53,69,54,15,30,21,9,734,250,484,281,248,33,41,33,8,12,9,3,273,77,196
054,District-Barnala,Urban,19,1732,1012,720,604,554,50,59,49,10,12,8,4,691,209,482,152,136,16,20,15,5,6,5,1,188,36,152
