099,District-Ganganagar ,Total,5-19,183060,95077,87983,35353,29274,6079,14503,6281,8222,4707,1556,3151,31267,8601,22666,11230,7844,3386,4987,1960,3027,1551,522,1029,79462,39039,40423
099,District-Ganganagar ,Total,5,29013,15674,13339,18,16,2,7,5,2,0,0,0,262,129,133,79,47,32,43,21,22,14,10,4,28590,15446,13144
099,District-Ganganagar ,Total,6,21610,11568,10042,17,15,2,6,1,5,1,1,0,331,171,160,61,44,17,49,19,30,22,9,13,21123,11308,9815
099,District-Ganganagar ,Total,7,7067,3531,3536,36,27,9,17,5,12,6,3,3,366,168,198,61,40,21,34,12,22,22,11,11,6525,3265,3260
099,District-Ganganagar ,Total,8,4450,2177,2273,56,49,7,21,9,12,12,5,7,463,239,224,100,66,34,69,31,38,33,10,23,3696,1768,1928
099,District-Ganganagar ,Total,9,2809,1365,1444,38,26,12,20,6,14,14,6,8,398,211,187,99,63,36,66,25,41,39,13,26,2135,1015,1120
099,District-Ganganagar ,Total,10,4670,2288,2382,122,82,40,70,31,39,40,18,22,712,354,358,263,167,96,180,73,107,90,40,50,3193,1523,1670
099,District-Ganganagar ,Total,11,3795,1822,1973,270,214,56,140,66,74,74,26,48,923,403,520,267,162,105,161,77,84,72,30,42,1888,844,1044
099,District-Ganganagar ,Total,12,5754,2809,2945,604,491,113,377,187,190,192,83,109,1469,598,871,578,371,207,290,124,166,137,46,91,2107,909,1198
099,District-Ganganagar ,Total,13,6150,2880,3270,964,759,205,532,252,280,242,87,155,1810,641,1169,564,335,229,308,129,179,123,36,87,1607,641,966
099,District-Ganganagar ,Total,14,8627,4174,4453,1835,1472,363,1002,473,529,431,163,268,2457,776,1681,857,562,295,421,157,264,150,50,100,1474,521,953
099,District-Ganganagar ,Total,15,12893,6672,6221,3460,2850,610,1591,747,844,590,217,373,3424,1003,2421,1334,945,389,580,258,322,189,76,113,1725,576,1149
099,District-Ganganagar ,Total,16,15455,8085,7370,4733,3913,820,2192,983,1209,779,256,523,4036,1080,2956,1470,1070,400,601,264,337,164,63,101,1480,456,1024
099,District-Ganganagar ,Total,17,15093,8018,7075,5377,4500,877,2164,947,1217,675,213,462,3900,875,3025,1317,990,327,515,207,308,137,42,95,1008,244,764
099,District-Ganganagar ,Total,18,25478,13681,11797,9815,8186,1629,3517,1493,2024,904,271,633,5843,1130,4713,2556,1873,683,959,346,613,202,56,146,1682,326,1356
099,District-Ganganagar ,Total,19,20196,10333,9863,8008,6674,1334,2847,1076,1771,747,207,540,4873,823,4050,1624,1109,515,711,217,494,157,30,127,1229,197,1032
099,District-Ganganagar ,Rural,5-19,141850,73038,68812,29724,24219,5505,13281,5399,7882,4460,1384,3076,22244,5727,16517,8802,5905,2897,4287,1529,2758,1410,430,980,57642,28445,29197
099,District-Ganganagar ,Rural,5,22489,12114,10375,12,11,1,7,5,2,0,0,0,180,94,86,63,38,25,34,16,18,14,10,4,22179,11940,10239
099,District-Ganganagar ,Rural,6,16421,8723,7698,10,9,1,6,1,5,1,1,0,236,120,116,47,35,12,38,16,22,21,9,12,16062,8532,7530
099,District-Ganganagar ,Rural,7,5196,2555,2641,30,22,8,16,4,12,6,3,3,255,118,137,50,33,17,30,10,20,22,11,11,4787,2354,2433
099,District-Ganganagar ,Rural,8,3168,1528,1640,43,37,6,18,7,11,12,5,7,331,170,161,84,54,30,60,25,35,33,10,23,2587,1220,1367
099,District-Ganganagar ,Rural,9,1943,936,1007,32,21,11,20,6,14,13,6,7,291,155,136,79,49,30,63,24,39,39,13,26,1406,662,744
099,District-Ganganagar ,Rural,10,3221,1561,1660,104,68,36,63,26,37,36,15,21,517,251,266,207,132,75,161,62,99,86,38,48,2047,969,1078
099,District-Ganganagar ,Rural,11,2732,1314,1418,223,172,51,128,60,68,72,24,48,666,293,373,223,140,83,141,66,75,67,28,39,1212,531,681
099,District-Ganganagar ,Rural,12,4197,1988,2209,502,403,99,337,155,182,185,77,108,1071,409,662,443,266,177,245,100,145,123,37,86,1291,541,750
099,District-Ganganagar ,Rural,13,4713,2167,2546,821,639,182,479,214,265,237,83,154,1361,457,904,452,255,197,270,110,160,118,35,83,975,374,601
099,District-Ganganagar ,Rural,14,6792,3246,3546,1550,1231,319,944,429,515,413,150,263,1832,548,1284,677,429,248,361,120,241,135,39,96,880,300,580
099,District-Ganganagar ,Rural,15,10205,5201,5004,2945,2383,562,1446,644,802,560,196,364,2509,674,1835,1049,717,332,490,198,292,166,58,108,1040,331,709
099,District-Ganganagar ,Rural,16,12489,6431,6058,4050,3298,752,2036,873,1163,737,225,512,2968,714,2254,1166,821,345,514,205,309,143,48,95,875,247,628
099,District-Ganganagar ,Rural,17,12065,6331,5734,4549,3766,783,1971,798,1173,635,186,449,2790,550,2240,987,715,272,437,152,285,123,33,90,573,131,442
099,District-Ganganagar ,Rural,18,20241,10835,9406,8196,6725,1471,3205,1275,1930,849,233,616,4001,707,3294,1989,1395,594,817,262,555,180,43,137,1004,195,809
099,District-Ganganagar ,Rural,19,15978,8108,7870,6657,5434,1223,2605,902,1703,704,180,524,3236,467,2769,1286,826,460,626,163,463,140,18,122,724,118,606
099,District-Ganganagar ,Urban,5-19,41210,22039,19171,5629,5055,574,1222,882,340,247,172,75,9023,2874,6149,2428,1939,489,700,431,269,141,92,49,21820,10594,11226
099,District-Ganganagar ,Urban,5,6524,3560,2964,6,5,1,0,0,0,0,0,0,82,35,47,16,9,7,9,5,4,0,0,0,6411,3506,2905
099,District-Ganganagar ,Urban,6,5189,2845,2344,7,6,1,0,0,0,0,0,0,95,51,44,14,9,5,11,3,8,1,0,1,5061,2776,2285
099,District-Ganganagar ,Urban,7,1871,976,895,6,5,1,1,1,0,0,0,0,111,50,61,11,7,4,4,2,2,0,0,0,1738,911,827
099,District-Ganganagar ,Urban,8,1282,649,633,13,12,1,3,2,1,0,0,0,132,69,63,16,12,4,9,6,3,0,0,0,1109,548,561
099,District-Ganganagar ,Urban,9,866,429,437,6,5,1,0,0,0,1,0,1,107,56,51,20,14,6,3,1,2,0,0,0,729,353,376
099,District-Ganganagar ,Urban,10,1449,727,722,18,14,4,7,5,2,4,3,1,195,103,92,56,35,21,19,11,8,4,2,2,1146,554,592
099,District-Ganganagar ,Urban,11,1063,508,555,47,42,5,12,6,6,2,2,0,257,110,147,44,22,22,20,11,9,5,2,3,676,313,363
099,District-Ganganagar ,Urban,12,1557,821,736,102,88,14,40,32,8,7,6,1,398,189,209,135,105,30,45,24,21,14,9,5,816,368,448
099,District-Ganganagar ,Urban,13,1437,713,724,143,120,23,53,38,15,5,4,1,449,184,265,112,80,32,38,19,19,5,1,4,632,267,365
099,District-Ganganagar ,Urban,14,1835,928,907,285,241,44,58,44,14,18,13,5,625,228,397,180,133,47,60,37,23,15,11,4,594,221,373
099,District-Ganganagar ,Urban,15,2688,1471,1217,515,467,48,145,103,42,30,21,9,915,329,586,285,228,57,90,60,30,23,18,5,685,245,440
099,District-Ganganagar ,Urban,16,2966,1654,1312,683,615,68,156,110,46,42,31,11,1068,366,702,304,249,55,87,59,28,21,15,6,605,209,396
099,District-Ganganagar ,Urban,17,3028,1687,1341,828,734,94,193,149,44,40,27,13,1110,325,785,330,275,55,78,55,23,14,9,5,435,113,322
099,District-Ganganagar ,Urban,18,5237,2846,2391,1619,1461,158,312,218,94,55,38,17,1842,423,1419,567,478,89,142,84,58,22,13,9,678,131,547
099,District-Ganganagar ,Urban,19,4218,2225,1993,1351,1240,111,242,174,68,43,27,16,1637,356,1281,338,283,55,85,54,31,17,12,5,505,79,426
100,District-Hanumangarh,Total,5-19,171419,87605,83814,31879,25068,6811,10947,4391,6556,2997,979,2018,29235,9121,20114,10433,6842,3591,4603,1674,2929,1220,399,821,80105,39131,40974
100,District-Hanumangarh,Total,5,28857,15539,13318,19,13,6,6,4,2,2,1,1,206,111,95,113,61,52,79,52,27,11,5,6,28421,15292,13129
100,District-Hanumangarh,Total,6,21452,11320,10132,30,24,6,3,2,1,2,2,0,215,110,105,92,44,48,58,27,31,6,4,2,21046,11107,9939
100,District-Hanumangarh,Total,7,6513,3251,3262,58,42,16,18,7,11,9,4,5,521,256,265,83,51,32,32,14,18,12,3,9,5780,2874,2906
100,District-Hanumangarh,Total,8,4399,2153,2246,70,49,21,26,13,13,9,7,2,704,360,344,62,36,26,47,21,26,11,3,8,3470,1664,1806
100,District-Hanumangarh,Total,9,3034,1534,1500,48,33,15,16,9,7,5,1,4,606,326,280,69,40,29,43,21,22,19,8,11,2228,1096,1132
100,District-Hanumangarh,Total,10,4796,2319,2477,97,75,22,51,23,28,34,16,18,977,498,479,173,104,69,125,61,64,55,18,37,3284,1524,1760
100,District-Hanumangarh,Total,11,3850,1788,2062,230,168,62,104,38,66,50,13,37,1060,484,576,202,125,77,134,56,78,54,16,38,2016,888,1128
100,District-Hanumangarh,Total,12,5517,2639,2878,538,408,130,237,97,140,104,39,65,1626,710,916,403,264,139,230,77,153,86,29,57,2293,1015,1278
100,District-Hanumangarh,Total,13,6001,2754,3247,770,593,177,425,171,254,156,58,98,1927,737,1190,491,293,198,272,118,154,89,25,64,1871,759,1112
100,District-Hanumangarh,Total,14,7910,3651,4259,1554,1184,370,690,305,385,241,83,158,2449,816,1633,649,412,237,339,140,199,130,47,83,1858,664,1194
100,District-Hanumangarh,Total,15,11590,5746,5844,2835,2263,572,1267,549,718,408,138,270,3355,1089,2266,1179,806,373,527,187,340,141,57,84,1878,657,1221
100,District-Hanumangarh,Total,16,13564,6851,6713,4191,3362,829,1604,655,949,482,148,334,3623,952,2671,1355,965,390,545,207,338,138,49,89,1626,513,1113
100,District-Hanumangarh,Total,17,13221,6974,6247,4798,3866,932,1617,663,954,434,152,282,3316,852,2464,1254,863,391,466,175,291,130,44,86,1206,359,847
100,District-Hanumangarh,Total,18,23030,12230,10800,9192,7271,1921,2773,1143,1630,632,195,437,4857,1060,3797,2564,1717,847,966,343,623,190,58,132,1856,443,1413
100,District-Hanumangarh,Total,19,17685,8856,8829,7449,5717,1732,2110,712,1398,429,122,307,3793,760,3033,1744,1061,683,740,175,565,148,33,115,1272,276,996
100,District-Hanumangarh,Rural,5-19,139327,70985,68342,28096,21682,6414,10243,3889,6354,2829,881,1948,22110,6782,15328,8459,5339,3120,4072,1361,2711,1087,340,747,62431,30711,31720
100,District-Hanumangarh,Rural,5,23943,12859,11084,12,7,5,5,3,2,1,1,0,147,82,65,80,38,42,67,46,21,11,5,6,23620,12677,10943
100,District-Hanumangarh,Rural,6,17585,9225,8360,28,23,5,2,1,1,1,1,0,162,82,80,72,37,35,42,21,21,6,4,2,17272,9056,8216
100,District-Hanumangarh,Rural,7,5036,2489,2547,51,35,16,17,7,10,8,3,5,414,199,215,62,36,26,25,11,14,9,3,6,4450,2195,2255
100,District-Hanumangarh,Rural,8,3306,1621,1685,64,45,19,24,12,12,9,7,2,581,299,282,46,26,20,40,14,26,10,2,8,2532,1216,1316
100,District-Hanumangarh,Rural,9,2181,1072,1109,41,30,11,14,7,7,4,1,3,484,253,231,48,28,20,30,12,18,16,7,9,1544,734,810
100,District-Hanumangarh,Rural,10,3607,1732,1875,84,67,17,49,23,26,34,16,18,804,399,405,125,72,53,99,47,52,52,17,35,2360,1091,1269
100,District-Hanumangarh,Rural,11,2909,1314,1595,191,138,53,98,35,63,45,10,35,849,379,470,155,97,58,116,44,72,52,15,37,1403,596,807
100,District-Hanumangarh,Rural,12,4249,2017,2232,460,339,121,225,87,138,99,37,62,1268,558,710,312,199,113,195,64,131,79,25,54,1611,708,903
100,District-Hanumangarh,Rural,13,4734,2135,2599,671,510,161,402,157,245,149,52,97,1513,582,931,386,214,172,236,95,141,84,23,61,1293,502,791
100,District-Hanumangarh,Rural,14,6388,2939,3449,1381,1037,344,647,270,377,233,76,157,1917,629,1288,510,311,199,306,121,185,120,42,78,1274,453,821
100,District-Hanumangarh,Rural,15,9424,4664,4760,2502,1971,531,1179,487,692,391,129,262,2536,799,1737,972,644,328,465,150,315,126,48,78,1253,436,817
100,District-Hanumangarh,Rural,16,11323,5719,5604,3723,2948,775,1510,593,917,455,136,319,2842,714,2128,1079,752,327,491,174,317,120,46,74,1103,356,747
100,District-Hanumangarh,Rural,17,10912,5716,5196,4221,3339,882,1518,587,931,401,133,268,2466,592,1874,1000,663,337,418,142,276,105,29,76,783,231,552
100,District-Hanumangarh,Rural,18,19108,10157,8951,8117,6297,1820,2575,999,1576,598,173,425,3511,717,2794,2122,1362,760,873,283,590,167,47,120,1145,279,866
100,District-Hanumangarh,Rural,19,14622,7326,7296,6550,4896,1654,1978,621,1357,401,106,295,2616,498,2118,1490,860,630,669,137,532,130,27,103,788,181,607
100,District-Hanumangarh,Urban,5-19,32092,16620,15472,3783,3386,397,704,502,202,168,98,70,7125,2339,4786,1974,1503,471,531,313,218,133,59,74,17674,8420,9254
100,District-Hanumangarh,Urban,5,4914,2680,2234,7,6,1,1,1,0,1,0,1,59,29,30,33,23,10,12,6,6,0,0,0,4801,2615,2186
100,District-Hanumangarh,Urban,6,3867,2095,1772,2,1,1,1,1,0,1,1,0,53,28,25,20,7,13,16,6,10,0,0,0,3774,2051,1723
100,District-Hanumangarh,Urban,7,1477,762,715,7,7,0,1,0,1,1,1,0,107,57,50,21,15,6,7,3,4,3,0,3,1330,679,651
100,District-Hanumangarh,Urban,8,1093,532,561,6,4,2,2,1,1,0,0,0,123,61,62,16,10,6,7,7,0,1,1,0,938,448,490
100,District-Hanumangarh,Urban,9,853,462,391,7,3,4,2,2,0,1,0,1,122,73,49,21,12,9,13,9,4,3,1,2,684,362,322
100,District-Hanumangarh,Urban,10,1189,587,602,13,8,5,2,0,2,0,0,0,173,99,74,48,32,16,26,14,12,3,1,2,924,433,491
100,District-Hanumangarh,Urban,11,941,474,467,39,30,9,6,3,3,5,3,2,211,105,106,47,28,19,18,12,6,2,1,1,613,292,321
100,District-Hanumangarh,Urban,12,1268,622,646,78,69,9,12,10,2,5,2,3,358,152,206,91,65,26,35,13,22,7,4,3,682,307,375
100,District-Hanumangarh,Urban,13,1267,619,648,99,83,16,23,14,9,7,6,1,414,155,259,105,79,26,36,23,13,5,2,3,578,257,321
100,District-Hanumangarh,Urban,14,1522,712,810,173,147,26,43,35,8,8,7,1,532,187,345,139,101,38,33,19,14,10,5,5,584,211,373
100,District-Hanumangarh,Urban,15,2166,1082,1084,333,292,41,88,62,26,17,9,8,819,290,529,207,162,45,62,37,25,15,9,6,625,221,404
100,District-Hanumangarh,Urban,16,2241,1132,1109,468,414,54,94,62,32,27,12,15,781,238,543,276,213,63,54,33,21,18,3,15,523,157,366
100,District-Hanumangarh,Urban,17,2309,1258,1051,577,527,50,99,76,23,33,19,14,850,260,590,254,200,54,48,33,15,25,15,10,423,128,295
100,District-Hanumangarh,Urban,18,3922,2073,1849,1075,974,101,198,144,54,34,22,12,1346,343,1003,442,355,87,93,60,33,23,11,12,711,164,547
100,District-Hanumangarh,Urban,19,3063,1530,1533,899,821,78,132,91,41,28,16,12,1177,262,915,254,201,53,71,38,33,18,6,12,484,95,389
101,District-Bikaner,Total,5-19,317632,149078,168554,44730,33073,11657,19284,8389,10895,4590,1601,2989,41514,12828,28686,21796,11626,10170,12457,3666,8791,3579,1088,2491,169682,76807,92875
101,District-Bikaner,Total,5,50942,26583,24359,28,23,5,6,3,3,2,1,1,361,187,174,209,114,95,103,43,60,36,19,17,50197,26193,24004
101,District-Bikaner,Total,6,41021,20888,20133,21,15,6,8,2,6,3,2,1,398,210,188,180,98,82,108,57,51,56,26,30,40247,20478,19769
101,District-Bikaner,Total,7,16366,7826,8540,50,34,16,18,6,12,8,3,5,587,311,276,127,68,59,94,32,62,64,25,39,15418,7347,8071
101,District-Bikaner,Total,8,12788,5723,7065,55,41,14,15,6,9,20,6,14,776,383,393,152,64,88,137,49,88,127,56,71,11506,5118,6388
101,District-Bikaner,Total,9,7719,3313,4406,56,38,18,25,8,17,15,4,11,750,359,391,163,77,86,138,48,90,109,35,74,6463,2744,3719
101,District-Bikaner,Total,10,12260,5228,7032,140,84,56,108,37,71,70,25,45,1473,703,770,415,194,221,425,142,283,283,90,193,9346,3953,5393
101,District-Bikaner,Total,11,8872,3537,5335,309,206,103,230,96,134,122,34,88,1595,652,943,442,204,238,412,115,297,256,70,186,5506,2160,3346
101,District-Bikaner,Total,12,12377,4812,7565,787,490,297,600,230,370,236,69,167,2624,1003,1621,901,427,474,767,240,527,405,122,283,6057,2231,3826
101,District-Bikaner,Total,13,12910,4743,8167,1267,773,494,949,345,604,398,123,275,3093,1079,2014,1056,480,576,881,254,627,361,108,253,4905,1581,3324
101,District-Bikaner,Total,14,15646,6176,9470,2356,1512,844,1611,596,1015,561,181,380,3938,1265,2673,1556,821,735,1120,333,787,357,108,249,4147,1360,2787
101,District-Bikaner,Total,15,20559,8930,11629,4307,3022,1285,2428,1025,1403,620,236,384,4772,1531,3241,2416,1341,1075,1549,451,1098,369,112,257,4098,1212,2886
101,District-Bikaner,Total,16,23021,10528,12493,6049,4338,1711,3066,1354,1712,709,244,465,5152,1476,3676,2806,1584,1222,1558,512,1046,308,97,211,3373,923,2450
101,District-Bikaner,Total,17,20023,9608,10415,6441,4776,1665,2633,1188,1445,528,194,334,4328,1157,3171,2408,1362,1046,1160,345,815,225,62,163,2300,524,1776
101,District-Bikaner,Total,18,38050,19012,19038,13507,10427,3080,4653,2188,2465,824,300,524,6860,1573,5287,5573,3073,2500,2439,697,1742,370,96,274,3824,658,3166
101,District-Bikaner,Total,19,25078,12171,12907,9357,7294,2063,2934,1305,1629,474,179,295,4807,939,3868,3392,1719,1673,1566,348,1218,253,62,191,2295,325,1970
101,District-Bikaner,Rural,5-19,244537,113279,131258,36805,26050,10755,17725,7383,10342,4307,1432,2875,26349,8112,18237,17910,8782,9128,11510,3147,8363,3368,983,2385,126563,57390,69173
101,District-Bikaner,Rural,5,39229,20436,18793,16,13,3,3,1,2,2,1,1,202,106,96,151,79,72,89,37,52,33,16,17,38733,20183,18550
101,District-Bikaner,Rural,6,31748,16063,15685,10,5,5,7,1,6,3,2,1,246,125,121,130,70,60,87,45,42,55,26,29,31210,15789,15421
101,District-Bikaner,Rural,7,12550,5921,6629,32,20,12,14,6,8,6,2,4,359,189,170,100,52,48,84,27,57,64,25,39,11891,5600,6291
101,District-Bikaner,Rural,8,9854,4349,5505,37,26,11,12,4,8,20,6,14,516,251,265,127,54,73,129,44,85,122,54,68,8891,3910,4981
101,District-Bikaner,Rural,9,5908,2440,3468,45,30,15,23,8,15,15,4,11,494,220,274,138,64,74,123,40,83,109,35,74,4961,2039,2922
101,District-Bikaner,Rural,10,9277,3829,5448,105,63,42,100,33,67,70,25,45,1067,496,571,361,160,201,397,132,265,278,88,190,6899,2832,4067
101,District-Bikaner,Rural,11,6800,2567,4233,237,148,89,207,83,124,121,34,87,1195,478,717,354,157,197,378,98,280,255,70,185,4053,1499,2554
101,District-Bikaner,Rural,12,9587,3573,6014,650,383,267,567,210,357,229,66,163,1950,726,1224,759,352,407,719,213,506,396,117,279,4317,1506,2811
101,District-Bikaner,Rural,13,10171,3570,6601,1078,624,454,888,310,578,387,116,271,2320,768,1552,884,376,508,825,225,600,344,100,244,3445,1051,2394
101,District-Bikaner,Rural,14,12448,4717,7731,2001,1231,770,1519,549,970,537,169,368,2895,872,2023,1292,636,656,1049,301,748,335,95,240,2820,864,1956
101,District-Bikaner,Rural,15,16194,6902,9292,3631,2447,1184,2289,937,1352,588,218,370,3313,1021,2292,1982,1038,944,1421,388,1033,340,98,242,2630,755,1875
101,District-Bikaner,Rural,16,18127,8184,9943,5147,3557,1590,2855,1216,1639,667,222,445,3400,924,2476,2287,1199,1088,1437,437,1000,281,84,197,2053,545,1508
101,District-Bikaner,Rural,17,15135,7171,7964,5234,3715,1519,2404,1042,1362,500,174,326,2480,635,1845,1932,985,947,1059,287,772,198,50,148,1328,283,1045
101,District-Bikaner,Rural,18,29153,14667,14486,11179,8300,2879,4228,1906,2322,749,252,497,3712,880,2832,4592,2293,2299,2269,596,1673,333,75,258,2091,365,1726
101,District-Bikaner,Rural,19,18356,8890,9466,7403,5488,1915,2609,1077,1532,413,141,272,2200,421,1779,2821,1267,1554,1444,277,1167,225,50,175,1241,169,1072
101,District-Bikaner,Urban,5-19,73095,35799,37296,7925,7023,902,1559,1006,553,283,169,114,15165,4716,10449,3886,2844,1042,947,519,428,211,105,106,43119,19417,23702
101,District-Bikaner,Urban,5,11713,6147,5566,12,10,2,3,2,1,0,0,0,159,81,78,58,35,23,14,6,8,3,3,0,11464,6010,5454
101,District-Bikaner,Urban,6,9273,4825,4448,11,10,1,1,1,0,0,0,0,152,85,67,50,28,22,21,12,9,1,0,1,9037,4689,4348
101,District-Bikaner,Urban,7,3816,1905,1911,18,14,4,4,0,4,2,1,1,228,122,106,27,16,11,10,5,5,0,0,0,3527,1747,1780
101,District-Bikaner,Urban,8,2934,1374,1560,18,15,3,3,2,1,0,0,0,260,132,128,25,10,15,8,5,3,5,2,3,2615,1208,1407
101,District-Bikaner,Urban,9,1811,873,938,11,8,3,2,0,2,0,0,0,256,139,117,25,13,12,15,8,7,0,0,0,1502,705,797
101,District-Bikaner,Urban,10,2983,1399,1584,35,21,14,8,4,4,0,0,0,406,207,199,54,34,20,28,10,18,5,2,3,2447,1121,1326
101,District-Bikaner,Urban,11,2072,970,1102,72,58,14,23,13,10,1,0,1,400,174,226,88,47,41,34,17,17,1,0,1,1453,661,792
101,District-Bikaner,Urban,12,2790,1239,1551,137,107,30,33,20,13,7,3,4,674,277,397,142,75,67,48,27,21,9,5,4,1740,725,1015
101,District-Bikaner,Urban,13,2739,1173,1566,189,149,40,61,35,26,11,7,4,773,311,462,172,104,68,56,29,27,17,8,9,1460,530,930
101,District-Bikaner,Urban,14,3198,1459,1739,355,281,74,92,47,45,24,12,12,1043,393,650,264,185,79,71,32,39,22,13,9,1327,496,831
101,District-Bikaner,Urban,15,4365,2028,2337,676,575,101,139,88,51,32,18,14,1459,510,949,434,303,131,128,63,65,29,14,15,1468,457,1011
101,District-Bikaner,Urban,16,4894,2344,2550,902,781,121,211,138,73,42,22,20,1752,552,1200,519,385,134,121,75,46,27,13,14,1320,378,942
101,District-Bikaner,Urban,17,4888,2437,2451,1207,1061,146,229,146,83,28,20,8,1848,522,1326,476,377,99,101,58,43,27,12,15,972,241,731
101,District-Bikaner,Urban,18,8897,4345,4552,2328,2127,201,425,282,143,75,48,27,3148,693,2455,981,780,201,170,101,69,37,21,16,1733,293,1440
101,District-Bikaner,Urban,19,6722,3281,3441,1954,1806,148,325,228,97,61,38,23,2607,518,2089,571,452,119,122,71,51,28,12,16,1054,156,898
102,District-Churu,Total,5-19,228754,108979,119775,30918,23036,7882,17081,7907,9174,5128,1956,3172,36985,12376,24609,10936,6002,4934,7584,2436,5148,2941,905,2036,117181,54361,62820
102,District-Churu,Total,5,40383,21352,19031,10,10,0,12,6,6,6,1,5,254,142,112,165,96,69,73,38,35,46,17,29,39817,21042,18775
102,District-Churu,Total,6,30683,15834,14849,18,14,4,14,7,7,4,2,2,324,168,156,118,64,54,84,45,39,63,39,24,30058,15495,14563
102,District-Churu,Total,7,9950,4748,5202,52,34,18,33,15,18,14,4,10,823,416,407,59,33,26,45,22,23,55,21,34,8869,4203,4666
102,District-Churu,Total,8,7305,3393,3912,50,28,22,23,12,11,20,6,14,1044,544,500,72,37,35,72,27,45,67,22,45,5957,2717,3240
102,District-Churu,Total,9,4731,2097,2634,24,15,9,20,9,11,26,11,15,900,460,440,73,35,38,78,24,54,81,24,57,3529,1519,2010
102,District-Churu,Total,10,7515,3336,4179,70,45,25,91,35,56,80,42,38,1439,721,718,154,80,74,177,61,116,202,73,129,5302,2279,3023
102,District-Churu,Total,11,5615,2388,3227,192,130,62,133,63,70,92,31,61,1455,675,780,185,89,96,233,75,158,166,51,115,3159,1274,1885
102,District-Churu,Total,12,7639,3123,4516,472,326,146,372,160,212,220,100,120,2095,853,1242,404,200,204,405,135,270,250,82,168,3421,1267,2154
102,District-Churu,Total,13,8432,3198,5234,703,473,230,637,252,385,319,119,200,2590,900,1690,456,219,237,489,145,344,305,86,219,2933,1004,1929
102,District-Churu,Total,14,10480,4140,6340,1314,875,439,1175,491,684,480,186,294,3171,1090,2081,681,362,319,614,202,412,275,83,192,2770,851,1919
102,District-Churu,Total,15,14476,6321,8155,2640,1879,761,1854,834,1020,656,256,400,4221,1415,2806,1190,674,516,843,324,519,344,114,230,2728,825,1903
102,District-Churu,Total,16,16542,7577,8965,3828,2836,992,2511,1207,1304,788,294,494,4500,1403,3097,1370,786,584,903,326,577,275,80,195,2367,645,1722
102,District-Churu,Total,17,15558,7438,8120,4530,3415,1115,2474,1188,1286,648,230,418,3845,1102,2743,1283,749,534,800,268,532,230,67,163,1748,419,1329
102,District-Churu,Total,18,28604,14164,14440,9533,7301,2232,4487,2179,2308,1019,415,604,6048,1552,4496,2835,1626,1209,1608,470,1138,341,91,250,2733,530,2203
102,District-Churu,Total,19,20841,9870,10971,7482,5655,1827,3245,1449,1796,756,259,497,4276,935,3341,1891,952,939,1160,274,886,241,55,186,1790,291,1499
102,District-Churu,Rural,5-19,163715,78506,85209,24383,17059,7324,15438,6726,8712,4853,1804,3049,21453,7748,13705,8567,4114,4453,6757,1989,4768,2707,797,1910,79557,38269,41288
102,District-Churu,Rural,5,30398,16054,14344,7,7,0,12,6,6,6,1,5,154,84,70,134,79,55,58,33,25,38,12,26,29989,15832,14157
102,District-Churu,Rural,6,23137,11973,11164,14,11,3,12,5,7,3,1,2,204,102,102,90,49,41,69,35,34,49,27,22,22696,11743,10953
102,District-Churu,Rural,7,6940,3310,3630,39,24,15,28,10,18,14,4,10,651,328,323,53,29,24,37,16,21,52,21,31,6066,2878,3188
102,District-Churu,Rural,8,4883,2218,2665,46,25,21,23,12,11,19,5,14,790,412,378,50,22,28,61,23,38,62,20,42,3832,1699,2133
102,District-Churu,Rural,9,3143,1379,1764,19,11,8,20,9,11,26,11,15,688,345,343,60,27,33,73,23,50,77,22,55,2180,931,1249
102,District-Churu,Rural,10,4972,2193,2779,57,34,23,86,32,54,78,41,37,1040,529,511,130,66,64,159,49,110,189,68,121,3233,1374,1859
102,District-Churu,Rural,11,3775,1603,2172,156,99,57,118,53,65,91,31,60,1003,476,527,142,58,84,212,66,146,158,49,109,1895,771,1124
102,District-Churu,Rural,12,5164,2132,3032,381,249,132,347,141,206,215,96,119,1394,591,803,333,155,178,373,119,254,239,77,162,1882,704,1178
102,District-Churu,Rural,13,5838,2233,3605,573,363,210,581,220,361,306,115,191,1685,608,1077,367,156,211,445,129,316,286,80,206,1595,562,1033
102,District-Churu,Rural,14,7408,2952,4456,1096,687,409,1081,433,648,466,179,287,1980,697,1283,536,260,276,545,164,381,256,77,179,1448,455,993
102,District-Churu,Rural,15,10230,4509,5721,2127,1428,699,1707,733,974,622,237,385,2509,884,1625,919,461,458,746,265,481,316,95,221,1284,406,878
102,District-Churu,Rural,16,11763,5470,6293,3078,2158,920,2300,1048,1252,737,262,475,2501,813,1688,1058,527,531,809,271,538,252,73,179,1028,318,710
102,District-Churu,Rural,17,10958,5288,5670,3535,2510,1025,2238,1011,1227,605,208,397,1965,599,1366,979,501,478,697,205,492,208,55,153,731,199,532
102,District-Churu,Rural,18,20305,10174,10131,7495,5403,2092,4001,1815,2186,960,380,580,2873,793,2080,2201,1090,1111,1424,375,1049,308,79,229,1043,239,804
102,District-Churu,Rural,19,14801,7018,7783,5760,4050,1710,2884,1198,1686,705,233,472,2016,487,1529,1515,634,881,1049,216,833,217,42,175,655,158,497
102,District-Churu,Urban,5-19,65039,30473,34566,6535,5977,558,1643,1181,462,275,152,123,15532,4628,10904,2369,1888,481,827,447,380,234,108,126,37624,16092,21532
102,District-Churu,Urban,5,9985,5298,4687,3,3,0,0,0,0,0,0,0,100,58,42,31,17,14,15,5,10,8,5,3,9828,5210,4618
102,District-Churu,Urban,6,7546,3861,3685,4,3,1,2,2,0,1,1,0,120,66,54,28,15,13,15,10,5,14,12,2,7362,3752,3610
102,District-Churu,Urban,7,3010,1438,1572,13,10,3,5,5,0,0,0,0,172,88,84,6,4,2,8,6,2,3,0,3,2803,1325,1478
102,District-Churu,Urban,8,2422,1175,1247,4,3,1,0,0,0,1,1,0,254,132,122,22,15,7,11,4,7,5,2,3,2125,1018,1107
102,District-Churu,Urban,9,1588,718,870,5,4,1,0,0,0,0,0,0,212,115,97,13,8,5,5,1,4,4,2,2,1349,588,761
102,District-Churu,Urban,10,2543,1143,1400,13,11,2,5,3,2,2,1,1,399,192,207,24,14,10,18,12,6,13,5,8,2069,905,1164
102,District-Churu,Urban,11,1840,785,1055,36,31,5,15,10,5,1,0,1,452,199,253,43,31,12,21,9,12,8,2,6,1264,503,761
102,District-Churu,Urban,12,2475,991,1484,91,77,14,25,19,6,5,4,1,701,262,439,71,45,26,32,16,16,11,5,6,1539,563,976
102,District-Churu,Urban,13,2594,965,1629,130,110,20,56,32,24,13,4,9,905,292,613,89,63,26,44,16,28,19,6,13,1338,442,896
102,District-Churu,Urban,14,3072,1188,1884,218,188,30,94,58,36,14,7,7,1191,393,798,145,102,43,69,38,31,19,6,13,1322,396,926
102,District-Churu,Urban,15,4246,1812,2434,513,451,62,147,101,46,34,19,15,1712,531,1181,271,213,58,97,59,38,28,19,9,1444,419,1025
102,District-Churu,Urban,16,4779,2107,2672,750,678,72,211,159,52,51,32,19,1999,590,1409,312,259,53,94,55,39,23,7,16,1339,327,1012
102,District-Churu,Urban,17,4600,2150,2450,995,905,90,236,177,59,43,22,21,1880,503,1377,304,248,56,103,63,40,22,12,10,1017,220,797
102,District-Churu,Urban,18,8299,3990,4309,2038,1898,140,486,364,122,59,35,24,3175,759,2416,634,536,98,184,95,89,33,12,21,1690,291,1399
102,District-Churu,Urban,19,6040,2852,3188,1722,1605,117,361,251,110,51,26,25,2260,448,1812,376,318,58,111,58,53,24,13,11,1135,133,1002
103,District-Jhunjhunun,Total,5-19,158761,78282,80479,19030,14991,4039,9780,4455,5325,4266,1545,2721,30499,9440,21059,4211,2592,1619,2042,683,1359,927,321,606,88006,44255,43751
103,District-Jhunjhunun,Total,5,36940,20286,16654,9,8,1,6,4,2,2,2,0,182,102,80,112,69,43,26,14,12,38,20,18,36565,20067,16498
103,District-Jhunjhunun,Total,6,27343,14742,12601,13,12,1,2,0,2,1,0,1,180,85,95,83,51,32,37,15,22,40,20,20,26987,14559,12428
103,District-Jhunjhunun,Total,7,5508,2799,2709,31,24,7,10,2,8,9,5,4,508,282,226,20,14,6,14,6,8,20,10,10,4896,2456,2440
103,District-Jhunjhunun,Total,8,3250,1624,1626,20,13,7,15,5,10,4,2,2,673,374,299,25,7,18,17,9,8,9,4,5,2487,1210,1277
103,District-Jhunjhunun,Total,9,2097,1004,1093,21,11,10,12,3,9,5,2,3,519,259,260,29,13,16,15,10,5,16,7,9,1480,699,781
103,District-Jhunjhunun,Total,10,3520,1676,1844,38,29,9,11,3,8,18,9,9,835,423,412,70,40,30,24,8,16,24,9,15,2500,1155,1345
103,District-Jhunjhunun,Total,11,2580,1152,1428,88,60,28,47,21,26,35,14,21,858,393,465,56,28,28,28,9,19,30,11,19,1438,616,822
103,District-Jhunjhunun,Total,12,3450,1509,1941,202,149,53,105,43,62,70,37,33,1250,500,750,140,75,65,69,25,44,40,14,26,1574,666,908
103,District-Jhunjhunun,Total,13,3812,1429,2383,290,191,99,196,87,109,131,41,90,1602,522,1080,140,66,74,110,41,69,48,20,28,1295,461,834
103,District-Jhunjhunun,Total,14,5333,2079,3254,609,446,163,393,145,248,252,95,157,2187,702,1485,221,118,103,144,46,98,71,25,46,1456,502,954
103,District-Jhunjhunun,Total,15,8255,3523,4732,1340,1016,324,797,379,418,449,178,271,3259,1037,2222,452,273,179,197,71,126,109,37,72,1652,532,1120
103,District-Jhunjhunun,Total,16,10226,4513,5713,2089,1629,460,1252,608,644,618,220,398,3895,1135,2760,535,348,187,248,81,167,87,33,54,1502,459,1043
103,District-Jhunjhunun,Total,17,10525,4887,5638,2806,2239,567,1456,689,767,641,220,421,3674,1009,2665,467,303,164,233,89,144,102,36,66,1146,302,844
103,District-Jhunjhunun,Total,18,20665,10020,10645,6549,5280,1269,3021,1395,1626,1123,411,712,6238,1568,4670,1172,777,395,527,173,354,172,48,124,1863,368,1495
103,District-Jhunjhunun,Total,19,15257,7039,8218,4925,3884,1041,2457,1071,1386,908,309,599,4639,1049,3590,689,410,279,353,86,267,121,27,94,1165,203,962
103,District-Jhunjhunun,Rural,5-19,111170,55491,55679,14307,10910,3397,8822,3834,4988,3959,1366,2593,18009,5576,12433,2582,1432,1150,1717,515,1202,824,267,557,60950,31591,29359
103,District-Jhunjhunun,Rural,5,28305,15529,12776,3,2,1,6,4,2,1,1,0,102,53,49,98,58,40,24,13,11,37,20,17,28034,15378,12656
103,District-Jhunjhunun,Rural,6,20268,10953,9315,9,8,1,2,0,2,1,0,1,112,52,60,68,38,30,34,13,21,37,19,18,20005,10823,9182
103,District-Jhunjhunun,Rural,7,3567,1841,1726,27,21,6,9,2,7,9,5,4,327,186,141,19,13,6,12,5,7,20,10,10,3144,1599,1545
103,District-Jhunjhunun,Rural,8,1828,911,917,17,11,6,12,3,9,3,1,2,400,230,170,18,6,12,14,7,7,9,4,5,1355,649,706
103,District-Jhunjhunun,Rural,9,1208,611,597,15,9,6,10,2,8,5,2,3,304,154,150,23,9,14,13,9,4,15,7,8,823,419,404
103,District-Jhunjhunun,Rural,10,1949,946,1003,23,19,4,9,1,8,16,7,9,460,238,222,46,27,19,20,6,14,23,8,15,1352,640,712
103,District-Jhunjhunun,Rural,11,1460,656,804,67,43,24,44,20,24,34,14,20,490,227,263,35,18,17,25,8,17,25,9,16,740,317,423
103,District-Jhunjhunun,Rural,12,1887,840,1047,138,97,41,99,38,61,66,33,33,677,277,400,89,47,42,59,20,39,37,12,25,722,316,406
103,District-Jhunjhunun,Rural,13,2212,868,1344,214,139,75,176,75,101,125,40,85,869,290,579,83,35,48,99,36,63,46,18,28,600,235,365
103,District-Jhunjhunun,Rural,14,3265,1290,1975,440,321,119,359,129,230,234,86,148,1227,382,845,133,66,67,121,34,87,63,23,40,688,249,439
103,District-Jhunjhunun,Rural,15,5223,2275,2948,974,717,257,714,323,391,403,150,253,1835,582,1253,273,149,124,164,57,107,94,28,66,766,269,497
103,District-Jhunjhunun,Rural,16,6833,3038,3795,1546,1170,376,1118,521,597,566,193,373,2308,663,1645,316,188,128,204,64,140,71,24,47,704,215,489
103,District-Jhunjhunun,Rural,17,7360,3471,3889,2126,1651,475,1309,597,712,599,200,399,2223,626,1597,264,151,113,186,63,123,87,26,61,566,157,409
103,District-Jhunjhunun,Rural,18,14544,7074,7470,4905,3829,1076,2701,1188,1513,1052,363,689,3759,939,2820,686,405,281,439,120,319,152,38,114,850,192,658
103,District-Jhunjhunun,Rural,19,11261,5188,6073,3803,2873,930,2254,931,1323,845,271,574,2916,677,2239,431,222,209,303,60,243,108,21,87,601,133,468
103,District-Jhunjhunun,Urban,5-19,47591,22791,24800,4723,4081,642,958,621,337,307,179,128,12490,3864,8626,1629,1160,469,325,168,157,103,54,49,27056,12664,14392
103,District-Jhunjhunun,Urban,5,8635,4757,3878,6,6,0,0,0,0,1,1,0,80,49,31,14,11,3,2,1,1,1,0,1,8531,4689,3842
103,District-Jhunjhunun,Urban,6,7075,3789,3286,4,4,0,0,0,0,0,0,0,68,33,35,15,13,2,3,2,1,3,1,2,6982,3736,3246
103,District-Jhunjhunun,Urban,7,1941,958,983,4,3,1,1,0,1,0,0,0,181,96,85,1,1,0,2,1,1,0,0,0,1752,857,895
103,District-Jhunjhunun,Urban,8,1422,713,709,3,2,1,3,2,1,1,1,0,273,144,129,7,1,6,3,2,1,0,0,0,1132,561,571
103,District-Jhunjhunun,Urban,9,889,393,496,6,2,4,2,1,1,0,0,0,215,105,110,6,4,2,2,1,1,1,0,1,657,280,377
103,District-Jhunjhunun,Urban,10,1571,730,841,15,10,5,2,2,0,2,2,0,375,185,190,24,13,11,4,2,2,1,1,0,1148,515,633
103,District-Jhunjhunun,Urban,11,1120,496,624,21,17,4,3,1,2,1,0,1,368,166,202,21,10,11,3,1,2,5,2,3,698,299,399
103,District-Jhunjhunun,Urban,12,1563,669,894,64,52,12,6,5,1,4,4,0,573,223,350,51,28,23,10,5,5,3,2,1,852,350,502
103,District-Jhunjhunun,Urban,13,1600,561,1039,76,52,24,20,12,8,6,1,5,733,232,501,57,31,26,11,5,6,2,2,0,695,226,469
103,District-Jhunjhunun,Urban,14,2068,789,1279,169,125,44,34,16,18,18,9,9,960,320,640,88,52,36,23,12,11,8,2,6,768,253,515
103,District-Jhunjhunun,Urban,15,3032,1248,1784,366,299,67,83,56,27,46,28,18,1424,455,969,179,124,55,33,14,19,15,9,6,886,263,623
103,District-Jhunjhunun,Urban,16,3393,1475,1918,543,459,84,134,87,47,52,27,25,1587,472,1115,219,160,59,44,17,27,16,9,7,798,244,554
103,District-Jhunjhunun,Urban,17,3165,1416,1749,680,588,92,147,92,55,42,20,22,1451,383,1068,203,152,51,47,26,21,15,10,5,580,145,435
103,District-Jhunjhunun,Urban,18,6121,2946,3175,1644,1451,193,320,207,113,71,48,23,2479,629,1850,486,372,114,88,53,35,20,10,10,1013,176,837
103,District-Jhunjhunun,Urban,19,3996,1851,2145,1122,1011,111,203,140,63,63,38,25,1723,372,1351,258,188,70,50,26,24,13,6,7,564,70,494
104,District-Alwar,Total,5-19,343238,152154,191084,47873,33207,14666,29348,9723,19625,8565,2629,5936,39358,11627,27731,18841,6334,12507,15929,2218,13711,4898,872,4026,178426,85544,92882
104,District-Alwar,Total,5,71624,38271,33353,17,13,4,4,2,2,0,0,0,276,165,111,198,120,78,107,52,55,58,28,30,70964,37891,33073
104,District-Alwar,Total,6,53619,28055,25564,4,4,0,4,4,0,3,2,1,384,185,199,180,99,81,106,50,56,86,40,46,52852,27671,25181
104,District-Alwar,Total,7,13338,6487,6851,16,9,7,10,6,4,6,2,4,493,243,250,88,43,45,75,27,48,62,19,43,12588,6138,6450
104,District-Alwar,Total,8,8120,3559,4561,39,26,13,25,4,21,9,4,5,662,336,326,154,65,89,124,38,86,134,36,98,6973,3050,3923
104,District-Alwar,Total,9,5051,2008,3043,50,26,24,41,13,28,26,5,21,541,234,307,126,44,82,154,35,119,113,19,94,4000,1632,2368
104,District-Alwar,Total,10,8849,3569,5280,127,72,55,153,34,119,92,25,67,1162,500,662,295,123,172,369,84,285,263,49,214,6388,2682,3706
104,District-Alwar,Total,11,5825,2053,3772,297,183,114,273,71,202,138,30,108,1094,400,694,314,101,213,357,55,302,225,42,183,3127,1171,1956
104,District-Alwar,Total,12,9510,3146,6364,803,530,273,789,219,570,346,88,258,2097,718,1379,701,256,445,804,114,690,406,74,332,3564,1147,2417
104,District-Alwar,Total,13,9806,3056,6750,1047,605,442,1135,291,844,541,140,401,2294,714,1580,775,287,488,909,132,777,407,76,331,2698,811,1887
104,District-Alwar,Total,14,13925,4568,9357,2150,1303,847,2074,604,1470,784,217,567,3294,1055,2239,1180,391,789,1290,195,1095,462,67,395,2691,736,1955
104,District-Alwar,Total,15,19490,7253,12237,3905,2617,1288,3186,1050,2136,1100,334,766,4309,1338,2971,1917,754,1163,1651,276,1375,526,100,426,2896,784,2112
104,District-Alwar,Total,16,23906,9087,14819,5907,3956,1951,4303,1469,2834,1267,375,892,4960,1450,3510,2286,834,1452,2032,284,1748,569,109,460,2582,610,1972
104,District-Alwar,Total,17,22254,8681,13573,6523,4496,2027,4062,1356,2706,1111,348,763,4407,1127,3280,2150,662,1488,1721,208,1513,403,66,337,1877,418,1459
104,District-Alwar,Total,18,46084,19389,26695,15553,11247,4306,7897,2861,5036,1876,649,1227,7932,1935,5997,5080,1630,3450,3749,438,3311,741,95,646,3256,534,2722
104,District-Alwar,Total,19,31837,12972,18865,11435,8120,3315,5392,1739,3653,1266,410,856,5453,1227,4226,3397,925,2472,2481,230,2251,443,52,391,1970,269,1701
104,District-Alwar,Rural,5-19,299330,129471,169859,41852,27948,13904,28108,9028,19080,8224,2444,5780,30167,8840,21327,17059,5155,11904,15455,1999,13456,4776,822,3954,153689,73235,80454
104,District-Alwar,Rural,5,62317,33208,29109,13,9,4,4,2,2,0,0,0,204,116,88,168,106,62,94,45,49,57,28,29,61777,32902,28875
104,District-Alwar,Rural,6,46595,24283,22312,3,3,0,4,4,0,3,2,1,278,133,145,158,84,74,94,43,51,86,40,46,45969,23974,21995
104,District-Alwar,Rural,7,11483,5535,5948,15,8,7,10,6,4,6,2,4,399,204,195,78,39,39,69,22,47,62,19,43,10844,5235,5609
104,District-Alwar,Rural,8,6911,2953,3958,33,22,11,21,4,17,9,4,5,546,266,280,133,53,80,115,33,82,131,34,97,5923,2537,3386
104,District-Alwar,Rural,9,4358,1673,2685,43,20,23,40,13,27,25,5,20,460,200,260,114,39,75,146,33,113,111,18,93,3419,1345,2074
104,District-Alwar,Rural,10,7679,2951,4728,113,61,52,146,30,116,91,24,67,955,391,564,258,100,158,346,69,277,257,44,213,5513,2232,3281
104,District-Alwar,Rural,11,5080,1696,3384,263,157,106,260,65,195,136,29,107,897,303,594,287,86,201,348,50,298,222,42,180,2667,964,1703
104,District-Alwar,Rural,12,8300,2565,5735,693,439,254,754,207,547,335,82,253,1735,568,1167,615,201,414,774,107,667,401,72,329,2993,889,2104
104,District-Alwar,Rural,13,8675,2531,6144,939,520,419,1105,275,830,525,131,394,1879,556,1323,695,229,466,879,118,761,400,72,328,2253,630,1623
104,District-Alwar,Rural,14,12462,3858,8604,1928,1117,811,2014,570,1444,762,206,556,2727,838,1889,1071,319,752,1263,183,1080,456,64,392,2241,561,1680
104,District-Alwar,Rural,15,17280,6110,11170,3458,2230,1228,3077,991,2086,1062,313,749,3474,1037,2437,1721,607,1114,1600,248,1352,511,94,417,2377,590,1787
104,District-Alwar,Rural,16,21290,7782,13508,5243,3383,1860,4141,1375,2766,1225,354,871,3929,1132,2797,2081,703,1378,1981,259,1722,554,105,449,2136,471,1665
104,District-Alwar,Rural,17,19490,7300,12190,5690,3773,1917,3865,1244,2621,1073,325,748,3312,842,2470,1970,549,1421,1676,189,1487,386,60,326,1518,318,1200
104,District-Alwar,Rural,18,40108,16314,23794,13550,9481,4069,7555,2656,4899,1777,598,1179,5703,1403,4300,4594,1303,3291,3646,391,3255,719,86,633,2564,396,2168
104,District-Alwar,Rural,19,27302,10712,16590,9868,6725,3143,5112,1586,3526,1195,369,826,3669,851,2818,3116,737,2379,2424,209,2215,423,44,379,1495,191,1304
104,District-Alwar,Urban,5-19,43908,22683,21225,6021,5259,762,1240,695,545,341,185,156,9191,2787,6404,1782,1179,603,474,219,255,122,50,72,24737,12309,12428
104,District-Alwar,Urban,5,9307,5063,4244,4,4,0,0,0,0,0,0,0,72,49,23,30,14,16,13,7,6,1,0,1,9187,4989,4198
104,District-Alwar,Urban,6,7024,3772,3252,1,1,0,0,0,0,0,0,0,106,52,54,22,15,7,12,7,5,0,0,0,6883,3697,3186
104,District-Alwar,Urban,7,1855,952,903,1,1,0,0,0,0,0,0,0,94,39,55,10,4,6,6,5,1,0,0,0,1744,903,841
104,District-Alwar,Urban,8,1209,606,603,6,4,2,4,0,4,0,0,0,116,70,46,21,12,9,9,5,4,3,2,1,1050,513,537
104,District-Alwar,Urban,9,693,335,358,7,6,1,1,0,1,1,0,1,81,34,47,12,5,7,8,2,6,2,1,1,581,287,294
104,District-Alwar,Urban,10,1170,618,552,14,11,3,7,4,3,1,1,0,207,109,98,37,23,14,23,15,8,6,5,1,875,450,425
104,District-Alwar,Urban,11,745,357,388,34,26,8,13,6,7,2,1,1,197,97,100,27,15,12,9,5,4,3,0,3,460,207,253
104,District-Alwar,Urban,12,1210,581,629,110,91,19,35,12,23,11,6,5,362,150,212,86,55,31,30,7,23,5,2,3,571,258,313
104,District-Alwar,Urban,13,1131,525,606,108,85,23,30,16,14,16,9,7,415,158,257,80,58,22,30,14,16,7,4,3,445,181,264
104,District-Alwar,Urban,14,1463,710,753,222,186,36,60,34,26,22,11,11,567,217,350,109,72,37,27,12,15,6,3,3,450,175,275
104,District-Alwar,Urban,15,2210,1143,1067,447,387,60,109,59,50,38,21,17,835,301,534,196,147,49,51,28,23,15,6,9,519,194,325
104,District-Alwar,Urban,16,2616,1305,1311,664,573,91,162,94,68,42,21,21,1031,318,713,205,131,74,51,25,26,15,4,11,446,139,307
104,District-Alwar,Urban,17,2764,1381,1383,833,723,110,197,112,85,38,23,15,1095,285,810,180,113,67,45,19,26,17,6,11,359,100,259
104,District-Alwar,Urban,18,5976,3075,2901,2003,1766,237,342,205,137,99,51,48,2229,532,1697,486,327,159,103,47,56,22,9,13,692,138,554
104,District-Alwar,Urban,19,4535,2260,2275,1567,1395,172,280,153,127,71,41,30,1784,376,1408,281,188,93,57,21,36,20,8,12,475,78,397
105,District-Bharatpur,Total,5-19,286224,131111,155113,28674,22165,6509,23958,10176,13782,8069,2986,5083,43617,14668,28949,10234,4486,5748,11291,2353,8938,3878,720,3158,156503,73557,82946
105,District-Bharatpur,Total,5,56759,30595,26164,20,16,4,12,6,6,5,4,1,487,285,202,221,139,82,161,79,82,38,19,19,55815,30047,25768
105,District-Bharatpur,Total,6,45211,23433,21778,21,17,4,16,6,10,3,3,0,514,271,243,166,97,69,143,68,75,47,23,24,44301,22948,21353
105,District-Bharatpur,Total,7,12857,6261,6596,27,15,12,26,10,16,9,4,5,506,262,244,69,38,31,65,23,42,30,9,21,12125,5900,6225
105,District-Bharatpur,Total,8,8620,3771,4849,39,27,12,20,7,13,10,4,6,642,328,314,92,48,44,78,30,48,49,11,38,7690,3316,4374
105,District-Bharatpur,Total,9,4630,1909,2721,39,24,15,26,10,16,13,5,8,581,261,320,55,21,34,75,23,52,49,15,34,3792,1550,2242
105,District-Bharatpur,Total,10,7929,3262,4667,73,49,24,91,31,60,40,10,30,1165,533,632,114,44,70,182,40,142,124,25,99,6140,2530,3610
105,District-Bharatpur,Total,11,5209,1967,3242,190,125,65,182,54,128,93,32,61,1257,512,745,128,55,73,197,48,149,145,24,121,3017,1117,1900
105,District-Bharatpur,Total,12,8857,3224,5633,489,339,150,557,184,373,260,85,175,2550,994,1556,320,143,177,440,89,351,282,63,219,3959,1327,2632
105,District-Bharatpur,Total,13,8055,2796,5259,515,360,155,700,238,462,358,101,257,2611,931,1680,345,145,200,435,91,344,249,52,197,2842,878,1964
105,District-Bharatpur,Total,14,12550,4603,7947,1315,923,392,1505,545,960,712,246,466,4089,1480,2609,561,256,305,790,187,603,361,62,299,3217,904,2313
105,District-Bharatpur,Total,15,16237,6635,9602,2360,1739,621,2372,995,1377,954,338,616,4905,1762,3143,966,482,484,1088,264,824,430,87,343,3162,968,2194
105,District-Bharatpur,Total,16,20285,8521,11764,3592,2754,838,3666,1578,2088,1296,482,814,5818,1929,3889,1216,609,607,1386,335,1051,456,96,360,2855,738,2117
105,District-Bharatpur,Total,17,17750,7517,10233,3803,2909,894,3304,1425,1879,1110,421,689,4853,1476,3377,1145,530,615,1230,254,976,389,65,324,1916,437,1479
105,District-Bharatpur,Total,18,37140,16332,20808,9555,7607,1948,7021,3162,3859,1960,778,1182,8342,2306,6036,2912,1203,1709,3026,546,2480,742,116,626,3582,614,2968
105,District-Bharatpur,Total,19,24135,10285,13850,6636,5261,1375,4460,1925,2535,1246,473,773,5297,1338,3959,1924,676,1248,1995,276,1719,487,53,434,2090,283,1807
105,District-Bharatpur,Rural,5-19,242665,108964,133701,24833,18703,6130,22655,9193,13462,7682,2745,4937,33923,11317,22606,8836,3365,5471,10688,1998,8690,3663,632,3031,130385,61011,69374
105,District-Bharatpur,Rural,5,48676,26150,22526,15,11,4,11,5,6,5,4,1,369,213,156,193,122,71,144,71,73,36,18,18,47903,25706,22197
105,District-Bharatpur,Rural,6,38576,19905,18671,18,15,3,16,6,10,3,3,0,384,213,171,150,85,65,126,57,69,45,22,23,37834,19504,18330
105,District-Bharatpur,Rural,7,10807,5171,5636,24,14,10,23,7,16,9,4,5,413,211,202,62,32,30,62,23,39,27,7,20,10187,4873,5314
105,District-Bharatpur,Rural,8,7219,3082,4137,35,24,11,19,6,13,7,2,5,535,281,254,81,42,39,72,25,47,48,10,38,6422,2692,3730
105,District-Bharatpur,Rural,9,3838,1517,2321,33,20,13,24,8,16,13,5,8,503,226,277,48,18,30,70,18,52,47,13,34,3100,1209,1891
105,District-Bharatpur,Rural,10,6607,2607,4000,58,36,22,88,29,59,40,10,30,981,444,537,99,34,65,175,35,140,116,20,96,5050,1999,3051
105,District-Bharatpur,Rural,11,4286,1542,2744,163,104,59,174,47,127,88,29,59,1048,425,623,111,43,68,189,41,148,138,20,118,2375,833,1542
105,District-Bharatpur,Rural,12,7414,2523,4891,416,273,143,530,163,367,248,75,173,2131,802,1329,278,112,166,414,77,337,270,59,211,3127,962,2165
105,District-Bharatpur,Rural,13,6807,2240,4567,450,303,147,678,220,458,352,98,254,2183,754,1429,297,109,188,406,76,330,242,50,192,2199,630,1569
105,District-Bharatpur,Rural,14,10756,3738,7018,1158,776,382,1439,501,938,681,228,453,3394,1187,2207,484,197,287,747,161,586,342,56,286,2511,632,1879
105,District-Bharatpur,Rural,15,13733,5389,8344,2051,1463,588,2259,916,1343,924,323,601,3972,1389,2583,831,370,461,1025,224,801,405,77,328,2266,627,1639
105,District-Bharatpur,Rural,16,17322,7058,10264,3120,2332,788,3485,1445,2040,1241,448,793,4624,1515,3109,1018,445,573,1310,290,1020,430,85,345,2094,498,1596
105,District-Bharatpur,Rural,17,14939,6078,8861,3260,2421,839,3132,1298,1834,1059,392,667,3652,1055,2597,973,381,592,1155,201,954,368,58,310,1340,272,1068
105,District-Bharatpur,Rural,18,31392,13539,17853,8299,6470,1829,6595,2831,3764,1835,702,1133,6045,1687,4358,2507,872,1635,2882,473,2409,704,102,602,2525,402,2123
105,District-Bharatpur,Rural,19,20293,8425,11868,5733,4441,1292,4182,1711,2471,1177,422,755,3689,915,2774,1704,503,1201,1911,226,1685,445,35,410,1452,172,1280
105,District-Bharatpur,Urban,5-19,43559,22147,21412,3841,3462,379,1303,983,320,387,241,146,9694,3351,6343,1398,1121,277,603,355,248,215,88,127,26118,12546,13572
105,District-Bharatpur,Urban,5,8083,4445,3638,5,5,0,1,1,0,0,0,0,118,72,46,28,17,11,17,8,9,2,1,1,7912,4341,3571
105,District-Bharatpur,Urban,6,6635,3528,3107,3,2,1,0,0,0,0,0,0,130,58,72,16,12,4,17,11,6,2,1,1,6467,3444,3023
105,District-Bharatpur,Urban,7,2050,1090,960,3,1,2,3,3,0,0,0,0,93,51,42,7,6,1,3,0,3,3,2,1,1938,1027,911
105,District-Bharatpur,Urban,8,1401,689,712,4,3,1,1,1,0,3,2,1,107,47,60,11,6,5,6,5,1,1,1,0,1268,624,644
105,District-Bharatpur,Urban,9,792,392,400,6,4,2,2,2,0,0,0,0,78,35,43,7,3,4,5,5,0,2,2,0,692,341,351
105,District-Bharatpur,Urban,10,1322,655,667,15,13,2,3,2,1,0,0,0,184,89,95,15,10,5,7,5,2,8,5,3,1090,531,559
105,District-Bharatpur,Urban,11,923,425,498,27,21,6,8,7,1,5,3,2,209,87,122,17,12,5,8,7,1,7,4,3,642,284,358
105,District-Bharatpur,Urban,12,1443,701,742,73,66,7,27,21,6,12,10,2,419,192,227,42,31,11,26,12,14,12,4,8,832,365,467
105,District-Bharatpur,Urban,13,1248,556,692,65,57,8,22,18,4,6,3,3,428,177,251,48,36,12,29,15,14,7,2,5,643,248,395
105,District-Bharatpur,Urban,14,1794,865,929,157,147,10,66,44,22,31,18,13,695,293,402,77,59,18,43,26,17,19,6,13,706,272,434
105,District-Bharatpur,Urban,15,2504,1246,1258,309,276,33,113,79,34,30,15,15,933,373,560,135,112,23,63,40,23,25,10,15,896,341,555
105,District-Bharatpur,Urban,16,2963,1463,1500,472,422,50,181,133,48,55,34,21,1194,414,780,198,164,34,76,45,31,26,11,15,761,240,521
105,District-Bharatpur,Urban,17,2811,1439,1372,543,488,55,172,127,45,51,29,22,1201,421,780,172,149,23,75,53,22,21,7,14,576,165,411
105,District-Bharatpur,Urban,18,5748,2793,2955,1256,1137,119,426,331,95,125,76,49,2297,619,1678,405,331,74,144,73,71,38,14,24,1057,212,845
105,District-Bharatpur,Urban,19,3842,1860,1982,903,820,83,278,214,64,69,51,18,1608,423,1185,220,173,47,84,50,34,42,18,24,638,111,527
106,District-Dhaulpur,Total,5-19,152807,77560,75247,17785,15248,2537,13808,7498,6310,5711,2335,3376,21868,6842,15026,5037,3331,1706,4735,1488,3247,2330,678,1652,81533,40140,41393
106,District-Dhaulpur,Total,5,30342,16436,13906,4,4,0,0,0,0,0,0,0,81,34,47,144,86,58,28,20,8,38,18,20,30047,16274,13773
106,District-Dhaulpur,Total,6,24000,12798,11202,5,3,2,3,1,2,1,0,1,125,61,64,110,58,52,39,21,18,66,37,29,23651,12617,11034
106,District-Dhaulpur,Total,7,6812,3392,3420,8,5,3,3,2,1,6,4,2,227,132,95,56,31,25,33,7,26,53,20,33,6426,3191,3235
106,District-Dhaulpur,Total,8,4715,2269,2446,19,12,7,17,10,7,18,5,13,410,209,201,40,18,22,43,20,23,74,33,41,4094,1962,2132
106,District-Dhaulpur,Total,9,2150,996,1154,15,8,7,23,11,12,16,6,10,310,152,158,19,11,8,38,16,22,45,15,30,1684,777,907
106,District-Dhaulpur,Total,10,3962,1826,2136,34,23,11,55,25,30,48,23,25,643,286,357,75,38,37,89,34,55,103,43,60,2915,1354,1561
106,District-Dhaulpur,Total,11,2161,970,1191,99,78,21,86,38,48,82,32,50,524,221,303,59,31,28,68,24,44,78,25,53,1165,521,644
106,District-Dhaulpur,Total,12,4783,2133,2650,307,234,73,359,160,199,244,106,138,1228,531,697,188,116,72,246,84,162,210,73,137,2001,829,1172
106,District-Dhaulpur,Total,13,3458,1470,1988,298,228,70,362,176,186,309,117,192,1039,405,634,143,78,65,168,47,121,134,34,100,1005,385,620
106,District-Dhaulpur,Total,14,6721,2945,3776,785,612,173,961,457,504,558,205,353,2010,703,1307,358,241,117,368,130,238,225,57,168,1456,540,916
106,District-Dhaulpur,Total,15,8982,4497,4485,1507,1273,234,1523,816,707,752,333,419,2416,905,1511,552,384,168,481,179,302,265,82,183,1486,525,961
106,District-Dhaulpur,Total,16,11662,5880,5782,2366,1962,404,2305,1306,999,971,410,561,3012,992,2020,690,485,205,665,238,427,262,77,185,1391,410,981
106,District-Dhaulpur,Total,17,9698,4944,4754,2466,2089,377,1920,1043,877,770,311,459,2362,645,1717,530,370,160,504,161,343,193,58,135,953,267,686
106,District-Dhaulpur,Total,18,21644,11371,10273,6447,5736,711,3980,2235,1745,1295,531,764,4803,1077,3726,1387,977,410,1245,372,873,352,73,279,2135,370,1765
106,District-Dhaulpur,Total,19,11717,5633,6084,3425,2981,444,2211,1218,993,641,252,389,2678,489,2189,686,407,279,720,135,585,232,33,199,1124,118,1006
106,District-Dhaulpur,Rural,5-19,121231,60848,60383,14958,12712,2246,12988,6903,6085,5532,2217,3315,15576,4429,11147,3512,2090,1422,4228,1166,3062,2200,611,1589,62237,30720,31517
106,District-Dhaulpur,Rural,5,25344,13647,11697,4,4,0,0,0,0,0,0,0,58,22,36,123,73,50,22,16,6,38,18,20,25099,13514,11585
106,District-Dhaulpur,Rural,6,19564,10395,9169,4,3,1,2,0,2,1,0,1,82,35,47,87,42,45,32,15,17,66,37,29,19290,10263,9027
106,District-Dhaulpur,Rural,7,5308,2638,2670,8,5,3,3,2,1,6,4,2,185,108,77,44,22,22,29,5,24,52,20,32,4981,2472,2509
106,District-Dhaulpur,Rural,8,3262,1532,1730,15,9,6,15,8,7,18,5,13,305,151,154,23,12,11,39,17,22,72,32,40,2775,1298,1477
106,District-Dhaulpur,Rural,9,1448,651,797,15,8,7,19,9,10,15,5,10,224,106,118,13,6,7,33,15,18,45,15,30,1084,487,597
106,District-Dhaulpur,Rural,10,2678,1177,1501,30,20,10,51,23,28,45,21,24,478,199,279,55,28,27,80,28,52,98,40,58,1841,818,1023
106,District-Dhaulpur,Rural,11,1551,677,874,85,65,20,83,35,48,82,32,50,407,162,245,43,22,21,58,19,39,76,24,52,717,318,399
106,District-Dhaulpur,Rural,12,3311,1397,1914,245,185,60,336,144,192,232,98,134,900,373,527,123,73,50,222,64,158,203,68,135,1050,392,658
106,District-Dhaulpur,Rural,13,2578,1033,1545,258,194,64,344,165,179,304,115,189,766,272,494,98,46,52,146,34,112,128,34,94,534,173,361
106,District-Dhaulpur,Rural,14,5130,2162,2968,647,495,152,900,417,483,545,197,348,1487,479,1008,244,154,90,317,101,216,215,53,162,775,266,509
106,District-Dhaulpur,Rural,15,6951,3382,3569,1254,1055,199,1436,754,682,719,311,408,1744,595,1149,365,225,140,432,150,282,242,68,174,759,224,535
106,District-Dhaulpur,Rural,16,9269,4597,4672,2006,1648,358,2169,1216,953,945,393,552,2141,647,1494,458,294,164,572,174,398,241,64,177,737,161,576
106,District-Dhaulpur,Rural,17,7808,3908,3900,2079,1736,343,1791,947,844,746,294,452,1634,379,1255,384,242,142,454,129,325,176,48,128,544,133,411
106,District-Dhaulpur,Rural,18,17424,9085,8339,5413,4783,630,3749,2056,1693,1254,505,749,3290,620,2670,952,604,348,1134,299,835,327,62,265,1305,156,1149
106,District-Dhaulpur,Rural,19,9605,4567,5038,2895,2502,393,2090,1127,963,620,237,383,1875,281,1594,500,247,253,658,100,558,221,28,193,746,45,701
106,District-Dhaulpur,Urban,5-19,31576,16712,14864,2827,2536,291,820,595,225,179,118,61,6292,2413,3879,1525,1241,284,507,322,185,130,67,63,19296,9420,9876
106,District-Dhaulpur,Urban,5,4998,2789,2209,0,0,0,0,0,0,0,0,0,23,12,11,21,13,8,6,4,2,0,0,0,4948,2760,2188
106,District-Dhaulpur,Urban,6,4436,2403,2033,1,0,1,1,1,0,0,0,0,43,26,17,23,16,7,7,6,1,0,0,0,4361,2354,2007
106,District-Dhaulpur,Urban,7,1504,754,750,0,0,0,0,0,0,0,0,0,42,24,18,12,9,3,4,2,2,1,0,1,1445,719,726
106,District-Dhaulpur,Urban,8,1453,737,716,4,3,1,2,2,0,0,0,0,105,58,47,17,6,11,4,3,1,2,1,1,1319,664,655
106,District-Dhaulpur,Urban,9,702,345,357,0,0,0,4,2,2,1,1,0,86,46,40,6,5,1,5,1,4,0,0,0,600,290,310
106,District-Dhaulpur,Urban,10,1284,649,635,4,3,1,4,2,2,3,2,1,165,87,78,20,10,10,9,6,3,5,3,2,1074,536,538
106,District-Dhaulpur,Urban,11,610,293,317,14,13,1,3,3,0,0,0,0,117,59,58,16,9,7,10,5,5,2,1,1,448,203,245
106,District-Dhaulpur,Urban,12,1472,736,736,62,49,13,23,16,7,12,8,4,328,158,170,65,43,22,24,20,4,7,5,2,951,437,514
106,District-Dhaulpur,Urban,13,880,437,443,40,34,6,18,11,7,5,2,3,273,133,140,45,32,13,22,13,9,6,0,6,471,212,259
106,District-Dhaulpur,Urban,14,1591,783,808,138,117,21,61,40,21,13,8,5,523,224,299,114,87,27,51,29,22,10,4,6,681,274,407
106,District-Dhaulpur,Urban,15,2031,1115,916,253,218,35,87,62,25,33,22,11,672,310,362,187,159,28,49,29,20,23,14,9,727,301,426
106,District-Dhaulpur,Urban,16,2393,1283,1110,360,314,46,136,90,46,26,17,9,871,345,526,232,191,41,93,64,29,21,13,8,654,249,405
106,District-Dhaulpur,Urban,17,1890,1036,854,387,353,34,129,96,33,24,17,7,728,266,462,146,128,18,50,32,18,17,10,7,409,134,275
106,District-Dhaulpur,Urban,18,4220,2286,1934,1034,953,81,231,179,52,41,26,15,1513,457,1056,435,373,62,111,73,38,25,11,14,830,214,616
106,District-Dhaulpur,Urban,19,2112,1066,1046,530,479,51,121,91,30,21,15,6,803,208,595,186,160,26,62,35,27,11,5,6,378,73,305
107,District-Karauli,Total,5-19,163271,74549,88722,18693,13427,5266,12328,5488,6840,3802,1390,2412,24588,8562,16026,7332,2947,4385,6602,1285,5317,1971,369,1602,87955,41081,46874
107,District-Karauli,Total,5,32145,17506,14639,18,13,5,6,2,4,3,1,2,135,70,65,134,66,68,54,27,27,16,8,8,31779,17319,14460
107,District-Karauli,Total,6,24583,12809,11774,8,7,1,8,3,5,0,0,0,169,76,93,102,55,47,57,28,29,20,6,14,24219,12634,11585
107,District-Karauli,Total,7,6923,3356,3567,30,20,10,13,8,5,4,0,4,370,169,201,66,33,33,33,8,25,21,6,15,6386,3112,3274
107,District-Karauli,Total,8,4739,2045,2694,30,19,11,19,12,7,6,2,4,531,283,248,55,25,30,55,18,37,34,7,27,4009,1679,2330
107,District-Karauli,Total,9,2583,1084,1499,24,15,9,18,7,11,6,2,4,433,225,208,41,18,23,46,15,31,17,4,13,1998,798,1200
107,District-Karauli,Total,10,4789,1946,2843,53,22,31,45,12,33,30,13,17,933,424,509,113,48,65,128,39,89,66,17,49,3421,1371,2050
107,District-Karauli,Total,11,3097,1172,1925,136,83,53,101,39,62,64,13,51,792,315,477,100,47,53,148,36,112,71,21,50,1685,618,1067
107,District-Karauli,Total,12,5424,1968,3456,348,224,124,271,85,186,145,41,104,1655,647,1008,254,111,143,282,71,211,131,29,102,2338,760,1578
107,District-Karauli,Total,13,4886,1660,3226,397,245,152,372,112,260,208,56,152,1627,605,1022,236,86,150,308,65,243,116,20,96,1622,471,1151
107,District-Karauli,Total,14,7285,2518,4767,858,534,324,788,274,514,351,96,255,2373,775,1598,408,156,252,462,104,358,198,41,157,1847,538,1309
107,District-Karauli,Total,15,10009,3899,6110,1537,1080,457,1336,531,805,538,186,352,2988,1013,1975,707,312,395,632,150,482,236,48,188,2035,579,1456
107,District-Karauli,Total,16,11752,4838,6914,2329,1643,686,1856,833,1023,601,235,366,3257,1079,2178,837,387,450,772,171,601,237,41,196,1863,449,1414
107,District-Karauli,Total,17,9970,4237,5733,2407,1734,673,1695,770,925,524,210,314,2524,836,1688,775,313,462,717,125,592,179,29,150,1149,220,929
107,District-Karauli,Total,18,21751,9782,11969,6399,4740,1659,3573,1756,1817,827,352,475,4373,1341,3032,2139,855,1284,1765,291,1474,395,67,328,2280,380,1900
107,District-Karauli,Total,19,13335,5729,7606,4119,3048,1071,2227,1044,1183,495,183,312,2428,704,1724,1365,435,930,1143,137,1006,234,25,209,1324,153,1171
107,District-Karauli,Rural,5-19,137789,62080,75709,16366,11429,4937,11607,5035,6572,3636,1296,2340,19582,6765,12817,6084,2079,4005,6013,1031,4982,1856,318,1538,72645,34127,38518
107,District-Karauli,Rural,5,28058,15250,12808,16,12,4,5,1,4,3,1,2,118,61,57,115,56,59,45,22,23,16,8,8,27740,15089,12651
107,District-Karauli,Rural,6,21095,10991,10104,6,5,1,6,3,3,0,0,0,130,59,71,86,48,38,52,25,27,20,6,14,20795,10845,9950
107,District-Karauli,Rural,7,5738,2762,2976,20,11,9,11,6,5,4,0,4,296,129,167,55,26,29,27,5,22,20,6,14,5305,2579,2726
107,District-Karauli,Rural,8,3691,1555,2136,27,16,11,17,10,7,6,2,4,424,230,194,44,20,24,51,15,36,33,7,26,3089,1255,1834
107,District-Karauli,Rural,9,1994,800,1194,18,10,8,17,6,11,6,2,4,332,165,167,32,14,18,40,11,29,14,2,12,1535,590,945
107,District-Karauli,Rural,10,3783,1478,2305,46,16,30,43,12,31,29,12,17,782,350,432,95,36,59,107,31,76,61,13,48,2620,1008,1612
107,District-Karauli,Rural,11,2458,867,1591,120,70,50,93,32,61,64,13,51,663,246,417,85,36,49,135,28,107,61,17,44,1237,425,812
107,District-Karauli,Rural,12,4226,1419,2807,297,185,112,247,73,174,138,36,102,1338,496,842,200,75,125,254,59,195,120,23,97,1632,472,1160
107,District-Karauli,Rural,13,4019,1277,2742,335,190,145,351,100,251,198,51,147,1348,479,869,194,63,131,275,49,226,111,18,93,1207,327,880
107,District-Karauli,Rural,14,5985,1957,4028,753,452,301,742,252,490,340,91,249,1963,619,1344,306,92,214,407,76,331,187,36,151,1287,339,948
107,District-Karauli,Rural,15,8325,3137,5188,1320,897,423,1252,484,768,513,174,339,2406,798,1608,577,225,352,566,122,444,225,43,182,1466,394,1072
107,District-Karauli,Rural,16,9846,3933,5913,1994,1356,638,1749,764,985,572,223,349,2646,870,1776,634,245,389,690,135,555,226,35,191,1335,305,1030
107,District-Karauli,Rural,17,8459,3533,4926,2092,1470,622,1604,712,892,502,198,304,1983,657,1326,648,220,428,658,102,556,171,24,147,801,150,651
107,District-Karauli,Rural,18,18604,8245,10359,5646,4082,1564,3379,1626,1753,792,327,465,3333,1069,2264,1807,606,1201,1624,234,1390,369,59,310,1654,242,1412
107,District-Karauli,Rural,19,11508,4876,6632,3676,2657,1019,2091,954,1137,469,166,303,1820,537,1283,1206,317,889,1082,117,965,222,21,201,942,107,835
107,District-Karauli,Urban,5-19,25482,12469,13013,2327,1998,329,721,453,268,166,94,72,5006,1797,3209,1248,868,380,589,254,335,115,51,64,15310,6954,8356
107,District-Karauli,Urban,5,4087,2256,1831,2,1,1,1,1,0,0,0,0,17,9,8,19,10,9,9,5,4,0,0,0,4039,2230,1809
107,District-Karauli,Urban,6,3488,1818,1670,2,2,0,2,0,2,0,0,0,39,17,22,16,7,9,5,3,2,0,0,0,3424,1789,1635
107,District-Karauli,Urban,7,1185,594,591,10,9,1,2,2,0,0,0,0,74,40,34,11,7,4,6,3,3,1,0,1,1081,533,548
107,District-Karauli,Urban,8,1048,490,558,3,3,0,2,2,0,0,0,0,107,53,54,11,5,6,4,3,1,1,0,1,920,424,496
107,District-Karauli,Urban,9,589,284,305,6,5,1,1,1,0,0,0,0,101,60,41,9,4,5,6,4,2,3,2,1,463,208,255
107,District-Karauli,Urban,10,1006,468,538,7,6,1,2,0,2,1,1,0,151,74,77,18,12,6,21,8,13,5,4,1,801,363,438
107,District-Karauli,Urban,11,639,305,334,16,13,3,8,7,1,0,0,0,129,69,60,15,11,4,13,8,5,10,4,6,448,193,255
107,District-Karauli,Urban,12,1198,549,649,51,39,12,24,12,12,7,5,2,317,151,166,54,36,18,28,12,16,11,6,5,706,288,418
107,District-Karauli,Urban,13,867,383,484,62,55,7,21,12,9,10,5,5,279,126,153,42,23,19,33,16,17,5,2,3,415,144,271
107,District-Karauli,Urban,14,1300,561,739,105,82,23,46,22,24,11,5,6,410,156,254,102,64,38,55,28,27,11,5,6,560,199,361
107,District-Karauli,Urban,15,1684,762,922,217,183,34,84,47,37,25,12,13,582,215,367,130,87,43,66,28,38,11,5,6,569,185,384
107,District-Karauli,Urban,16,1906,905,1001,335,287,48,107,69,38,29,12,17,611,209,402,203,142,61,82,36,46,11,6,5,528,144,384
107,District-Karauli,Urban,17,1511,704,807,315,264,51,91,58,33,22,12,10,541,179,362,127,93,34,59,23,36,8,5,3,348,70,278
107,District-Karauli,Urban,18,3147,1537,1610,753,658,95,194,130,64,35,25,10,1040,272,768,332,249,83,141,57,84,26,8,18,626,138,488
107,District-Karauli,Urban,19,1827,853,974,443,391,52,136,90,46,26,17,9,608,167,441,159,118,41,61,20,41,12,4,8,382,46,336
108,District-Sawai Madhopur,Total,5-19,146126,60342,85784,14772,9744,5028,9463,4036,5427,2795,959,1836,24863,8150,16713,8796,2376,6420,6688,1118,5570,1786,237,1549,76963,33722,43241
108,District-Sawai Madhopur,Total,5,26584,14120,12464,7,6,1,2,1,1,0,0,0,138,75,63,179,95,84,99,49,50,7,4,3,26152,13890,12262
108,District-Sawai Madhopur,Total,6,19175,10042,9133,4,2,2,4,2,2,0,0,0,175,94,81,129,69,60,77,36,41,14,9,5,18772,9830,8942
108,District-Sawai Madhopur,Total,7,5895,2708,3187,21,9,12,4,3,1,0,0,0,408,213,195,63,28,35,24,10,14,17,3,14,5358,2442,2916
108,District-Sawai Madhopur,Total,8,4454,1820,2634,28,17,11,15,8,7,1,0,1,537,267,270,62,24,38,51,15,36,25,8,17,3735,1481,2254
108,District-Sawai Madhopur,Total,9,2688,1089,1599,33,14,19,22,8,14,7,1,6,508,236,272,61,26,35,45,12,33,25,4,21,1987,788,1199
108,District-Sawai Madhopur,Total,10,4890,1807,3083,72,37,35,50,16,34,33,6,27,918,414,504,130,35,95,133,33,100,64,15,49,3490,1251,2239
108,District-Sawai Madhopur,Total,11,3178,1077,2101,128,58,70,96,34,62,46,12,34,842,320,522,109,28,81,120,27,93,47,7,40,1790,591,1199
108,District-Sawai Madhopur,Total,12,5355,1583,3772,351,193,158,236,68,168,109,19,90,1523,498,1025,289,66,223,307,50,257,123,19,104,2417,670,1747
108,District-Sawai Madhopur,Total,13,5166,1435,3731,372,164,208,325,80,245,157,34,123,1699,555,1144,342,83,259,303,38,265,127,13,114,1841,468,1373
108,District-Sawai Madhopur,Total,14,6594,1880,4714,655,323,332,585,177,408,216,53,163,2176,672,1504,475,113,362,420,53,367,165,19,146,1902,470,1432
108,District-Sawai Madhopur,Total,15,9908,3279,6629,1333,782,551,1056,376,680,398,116,282,3076,998,2078,875,289,586,703,141,562,208,31,177,2259,546,1713
108,District-Sawai Madhopur,Total,16,11128,3757,7371,1924,1167,757,1380,536,844,453,163,290,3250,996,2254,1032,279,753,860,160,700,232,26,206,1997,430,1567
108,District-Sawai Madhopur,Total,17,9223,3274,5949,1874,1233,641,1244,525,719,328,118,210,2614,776,1838,907,214,693,680,122,558,170,19,151,1406,267,1139
108,District-Sawai Madhopur,Total,18,19943,7809,12134,4863,3460,1403,2841,1378,1463,685,304,381,4364,1289,3075,2573,688,1885,1765,248,1517,362,46,316,2490,396,2094
108,District-Sawai Madhopur,Total,19,11945,4662,7283,3107,2279,828,1603,824,779,362,133,229,2635,747,1888,1570,339,1231,1101,124,977,200,14,186,1367,202,1165
108,District-Sawai Madhopur,Rural,5-19,121148,48260,72888,12811,8044,4767,8753,3524,5229,2640,855,1785,18033,5708,12325,8138,1909,6229,6300,886,5414,1713,209,1504,62760,27125,35635
108,District-Sawai Madhopur,Rural,5,22226,11789,10437,7,6,1,0,0,0,0,0,0,106,59,47,153,82,71,80,39,41,7,4,3,21873,11599,10274
108,District-Sawai Madhopur,Rural,6,15942,8316,7626,3,1,2,4,2,2,0,0,0,130,74,56,110,56,54,59,30,29,14,9,5,15622,8144,7478
108,District-Sawai Madhopur,Rural,7,4733,2144,2589,18,7,11,3,2,1,0,0,0,261,139,122,54,22,32,19,8,11,16,3,13,4362,1963,2399
108,District-Sawai Madhopur,Rural,8,3483,1341,2142,20,12,8,10,4,6,1,0,1,372,186,186,52,19,33,44,11,33,24,7,17,2960,1102,1858
108,District-Sawai Madhopur,Rural,9,2102,796,1306,27,10,17,19,5,14,7,1,6,352,158,194,49,19,30,41,8,33,25,4,21,1582,591,991
108,District-Sawai Madhopur,Rural,10,3964,1351,2613,59,29,30,45,13,32,32,5,27,669,278,391,120,28,92,115,23,92,62,14,48,2862,961,1901
108,District-Sawai Madhopur,Rural,11,2568,776,1792,108,43,65,82,26,56,44,11,33,639,215,424,102,23,79,109,19,90,46,7,39,1438,432,1006
108,District-Sawai Madhopur,Rural,12,4443,1184,3259,303,160,143,218,54,164,106,17,89,1209,375,834,267,51,216,287,40,247,120,18,102,1933,469,1464
108,District-Sawai Madhopur,Rural,13,4291,1048,3243,329,129,200,304,70,234,152,30,122,1313,390,923,313,62,251,287,32,255,123,10,113,1470,325,1145
108,District-Sawai Madhopur,Rural,14,5561,1420,4141,577,257,320,544,148,396,214,52,162,1709,486,1223,439,88,351,400,42,358,161,18,143,1517,329,1188
108,District-Sawai Madhopur,Rural,15,8316,2511,5805,1151,629,522,994,333,661,376,103,273,2367,710,1657,801,229,572,662,114,548,202,27,175,1763,366,1397
108,District-Sawai Madhopur,Rural,16,9424,2983,6441,1710,983,727,1278,467,811,430,143,287,2466,719,1747,951,222,729,817,129,688,218,22,196,1554,298,1256
108,District-Sawai Madhopur,Rural,17,7609,2586,5023,1625,1022,603,1149,458,691,310,106,204,1836,550,1286,847,170,677,638,96,542,162,14,148,1042,170,872
108,District-Sawai Madhopur,Rural,18,16732,6327,10405,4245,2899,1346,2624,1216,1408,633,269,364,2944,880,2064,2398,558,1840,1693,206,1487,342,41,301,1853,258,1595
108,District-Sawai Madhopur,Rural,19,9754,3688,6066,2629,1857,772,1479,726,753,335,118,217,1660,489,1171,1482,280,1202,1049,89,960,191,11,180,929,118,811
108,District-Sawai Madhopur,Urban,5-19,24978,12082,12896,1961,1700,261,710,512,198,155,104,51,6830,2442,4388,658,467,191,388,232,156,73,28,45,14203,6597,7606
108,District-Sawai Madhopur,Urban,5,4358,2331,2027,0,0,0,2,1,1,0,0,0,32,16,16,26,13,13,19,10,9,0,0,0,4279,2291,1988
108,District-Sawai Madhopur,Urban,6,3233,1726,1507,1,1,0,0,0,0,0,0,0,45,20,25,19,13,6,18,6,12,0,0,0,3150,1686,1464
108,District-Sawai Madhopur,Urban,7,1162,564,598,3,2,1,1,1,0,0,0,0,147,74,73,9,6,3,5,2,3,1,0,1,996,479,517
108,District-Sawai Madhopur,Urban,8,971,479,492,8,5,3,5,4,1,0,0,0,165,81,84,10,5,5,7,4,3,1,1,0,775,379,396
108,District-Sawai Madhopur,Urban,9,586,293,293,6,4,2,3,3,0,0,0,0,156,78,78,12,7,5,4,4,0,0,0,0,405,197,208
108,District-Sawai Madhopur,Urban,10,926,456,470,13,8,5,5,3,2,1,1,0,249,136,113,10,7,3,18,10,8,2,1,1,628,290,338
108,District-Sawai Madhopur,Urban,11,610,301,309,20,15,5,14,8,6,2,1,1,203,105,98,7,5,2,11,8,3,1,0,1,352,159,193
108,District-Sawai Madhopur,Urban,12,912,399,513,48,33,15,18,14,4,3,2,1,314,123,191,22,15,7,20,10,10,3,1,2,484,201,283
108,District-Sawai Madhopur,Urban,13,875,387,488,43,35,8,21,10,11,5,4,1,386,165,221,29,21,8,16,6,10,4,3,1,371,143,228
108,District-Sawai Madhopur,Urban,14,1033,460,573,78,66,12,41,29,12,2,1,1,467,186,281,36,25,11,20,11,9,4,1,3,385,141,244
108,District-Sawai Madhopur,Urban,15,1592,768,824,182,153,29,62,43,19,22,13,9,709,288,421,74,60,14,41,27,14,6,4,2,496,180,316
108,District-Sawai Madhopur,Urban,16,1704,774,930,214,184,30,102,69,33,23,20,3,784,277,507,81,57,24,43,31,12,14,4,10,443,132,311
108,District-Sawai Madhopur,Urban,17,1614,688,926,249,211,38,95,67,28,18,12,6,778,226,552,60,44,16,42,26,16,8,5,3,364,97,267
108,District-Sawai Madhopur,Urban,18,3211,1482,1729,618,561,57,217,162,55,52,35,17,1420,409,1011,175,130,45,72,42,30,20,5,15,637,138,499
108,District-Sawai Madhopur,Urban,19,2191,974,1217,478,422,56,124,98,26,27,15,12,975,258,717,88,59,29,52,35,17,9,3,6,438,84,354
109,District-Dausa,Total,5-19,152847,65664,87183,17135,10166,6969,9084,3290,5794,2701,871,1830,23232,6954,16278,7285,1873,5412,4428,682,3746,1291,198,1093,87691,41630,46061
109,District-Dausa,Total,5,33851,18197,15654,16,15,1,6,3,3,2,2,0,154,80,74,177,105,72,74,41,33,18,9,9,33404,17942,15462
109,District-Dausa,Total,6,26612,13874,12738,18,12,6,4,1,3,0,0,0,179,83,96,144,74,70,65,25,40,13,3,10,26189,13676,12513
109,District-Dausa,Total,7,7045,3507,3538,42,32,10,14,8,6,4,1,3,472,241,231,70,33,37,32,10,22,13,3,10,6398,3179,3219
109,District-Dausa,Total,8,3615,1628,1987,75,38,37,17,5,12,5,1,4,529,272,257,54,16,38,37,11,26,11,3,8,2887,1282,1605
109,District-Dausa,Total,9,2481,1087,1394,37,20,17,22,7,15,7,3,4,461,211,250,53,23,30,27,4,23,18,4,14,1856,815,1041
109,District-Dausa,Total,10,4178,1812,2366,76,44,32,37,13,24,13,1,12,766,355,411,126,45,81,65,18,47,38,12,26,3057,1324,1733
109,District-Dausa,Total,11,2908,1145,1763,136,79,57,62,17,45,28,7,21,701,295,406,104,30,74,69,11,58,24,9,15,1784,697,1087
109,District-Dausa,Total,12,3628,1253,2375,275,174,101,166,53,113,67,18,49,1111,430,681,196,57,139,141,25,116,58,12,46,1614,484,1130
109,District-Dausa,Total,13,3849,1178,2671,372,194,178,223,67,156,87,17,70,1268,412,856,256,63,193,190,34,156,94,16,78,1359,375,984
109,District-Dausa,Total,14,5158,1582,3576,658,345,313,440,120,320,194,44,150,1721,530,1191,351,85,266,238,40,198,94,23,71,1462,395,1067
109,District-Dausa,Total,15,7876,2506,5370,1314,730,584,813,237,576,315,109,206,2572,738,1834,663,205,458,414,74,340,130,16,114,1655,397,1258
109,District-Dausa,Total,16,9661,3096,6565,1966,1096,870,1239,406,833,423,130,293,3009,799,2210,831,221,610,520,94,426,159,22,137,1514,328,1186
109,District-Dausa,Total,17,9380,3133,6247,2271,1289,982,1339,488,851,372,119,253,2716,688,2028,828,221,607,520,74,446,123,17,106,1211,237,974
109,District-Dausa,Total,18,18605,6563,12042,5410,3315,2095,2686,1058,1628,731,245,486,4484,1077,3407,1898,387,1511,1119,126,993,294,36,258,1983,319,1664
109,District-Dausa,Total,19,14000,5103,8897,4469,2783,1686,2016,807,1209,453,174,279,3089,743,2346,1534,308,1226,917,95,822,204,13,191,1318,180,1138
109,District-Dausa,Rural,5-19,136454,57716,78738,15677,8982,6695,8784,3092,5692,2629,824,1805,19494,5737,13757,6776,1544,5232,4309,618,3691,1250,177,1073,77535,36742,40793
109,District-Dausa,Rural,5,30548,16406,14142,13,12,1,5,2,3,2,2,0,130,66,64,164,98,66,61,31,30,16,8,8,30157,16187,13970
109,District-Dausa,Rural,6,23855,12380,11475,17,12,5,4,1,3,0,0,0,146,70,76,128,63,65,60,23,37,13,3,10,23487,12208,11279
109,District-Dausa,Rural,7,6178,3063,3115,41,31,10,14,8,6,4,1,3,398,203,195,60,27,33,32,10,22,11,1,10,5618,2782,2836
109,District-Dausa,Rural,8,3108,1379,1729,68,32,36,17,5,12,5,1,4,436,224,212,46,13,33,36,11,25,11,3,8,2489,1090,1399
109,District-Dausa,Rural,9,2129,917,1212,33,17,16,22,7,15,7,3,4,387,179,208,49,21,28,26,4,22,18,4,14,1587,682,905
109,District-Dausa,Rural,10,3626,1540,2086,70,40,30,34,10,24,12,1,11,630,288,342,117,42,75,65,18,47,36,11,25,2662,1130,1532
109,District-Dausa,Rural,11,2503,946,1557,118,64,54,57,13,44,26,5,21,596,248,348,98,27,71,66,8,58,24,9,15,1518,572,946
109,District-Dausa,Rural,12,3105,1010,2095,243,150,93,159,49,110,65,17,48,927,339,588,185,51,134,135,23,112,56,11,45,1335,370,965
109,District-Dausa,Rural,13,3312,934,2378,328,161,167,210,56,154,86,17,69,1057,320,737,235,54,181,182,28,154,92,15,77,1122,283,839
109,District-Dausa,Rural,14,4547,1326,3221,587,292,295,424,113,311,192,43,149,1491,451,1040,316,63,253,233,37,196,91,20,71,1213,307,906
109,District-Dausa,Rural,15,6994,2102,4892,1175,619,556,777,211,566,305,103,202,2241,611,1630,604,171,433,405,69,336,125,14,111,1362,304,1058
109,District-Dausa,Rural,16,8705,2686,6019,1820,981,839,1204,379,825,411,123,288,2587,681,1906,748,161,587,505,84,421,153,19,134,1277,258,1019
109,District-Dausa,Rural,17,8431,2729,5702,2089,1143,946,1294,464,830,363,113,250,2295,568,1727,769,181,588,505,65,440,120,17,103,996,178,818
109,District-Dausa,Rural,18,16789,5789,11000,4957,2936,2021,2601,1005,1596,719,238,481,3701,889,2812,1798,321,1477,1099,119,980,285,31,254,1629,250,1379
109,District-Dausa,Rural,19,12624,4509,8115,4118,2492,1626,1962,769,1193,432,157,275,2472,600,1872,1459,251,1208,899,88,811,199,11,188,1083,141,942
109,District-Dausa,Urban,5-19,16393,7948,8445,1458,1184,274,300,198,102,72,47,25,3738,1217,2521,509,329,180,119,64,55,41,21,20,10156,4888,5268
109,District-Dausa,Urban,5,3303,1791,1512,3,3,0,1,1,0,0,0,0,24,14,10,13,7,6,13,10,3,2,1,1,3247,1755,1492
109,District-Dausa,Urban,6,2757,1494,1263,1,0,1,0,0,0,0,0,0,33,13,20,16,11,5,5,2,3,0,0,0,2702,1468,1234
109,District-Dausa,Urban,7,867,444,423,1,1,0,0,0,0,0,0,0,74,38,36,10,6,4,0,0,0,2,2,0,780,397,383
109,District-Dausa,Urban,8,507,249,258,7,6,1,0,0,0,0,0,0,93,48,45,8,3,5,1,0,1,0,0,0,398,192,206
109,District-Dausa,Urban,9,352,170,182,4,3,1,0,0,0,0,0,0,74,32,42,4,2,2,1,0,1,0,0,0,269,133,136
109,District-Dausa,Urban,10,552,272,280,6,4,2,3,3,0,1,0,1,136,67,69,9,3,6,0,0,0,2,1,1,395,194,201
109,District-Dausa,Urban,11,405,199,206,18,15,3,5,4,1,2,2,0,105,47,58,6,3,3,3,3,0,0,0,0,266,125,141
109,District-Dausa,Urban,12,523,243,280,32,24,8,7,4,3,2,1,1,184,91,93,11,6,5,6,2,4,2,1,1,279,114,165
109,District-Dausa,Urban,13,537,244,293,44,33,11,13,11,2,1,0,1,211,92,119,21,9,12,8,6,2,2,1,1,237,92,145
109,District-Dausa,Urban,14,611,256,355,71,53,18,16,7,9,2,1,1,230,79,151,35,22,13,5,3,2,3,3,0,249,88,161
109,District-Dausa,Urban,15,882,404,478,139,111,28,36,26,10,10,6,4,331,127,204,59,34,25,9,5,4,5,2,3,293,93,200
109,District-Dausa,Urban,16,956,410,546,146,115,31,35,27,8,12,7,5,422,118,304,83,60,23,15,10,5,6,3,3,237,70,167
109,District-Dausa,Urban,17,949,404,545,182,146,36,45,24,21,9,6,3,421,120,301,59,40,19,15,9,6,3,0,3,215,59,156
109,District-Dausa,Urban,18,1816,774,1042,453,379,74,85,53,32,12,7,5,783,188,595,100,66,34,20,7,13,9,5,4,354,69,285
109,District-Dausa,Urban,19,1376,594,782,351,291,60,54,38,16,21,17,4,617,143,474,75,57,18,18,7,11,5,2,3,235,39,196
110,District-Jaipur,Total,5-19,493147,228088,265059,63198,45184,18014,19058,8176,10882,5110,1784,3326,93253,25165,68088,24303,11704,12599,9931,2639,7292,2905,769,2136,275389,132667,142722
110,District-Jaipur,Total,5,102058,55190,46868,31,29,2,10,7,3,1,1,0,991,551,440,377,188,189,182,95,87,37,20,17,100429,54299,46130
110,District-Jaipur,Total,6,76452,40269,36183,31,22,9,6,3,3,4,0,4,1111,582,529,322,177,145,170,87,83,52,19,33,74756,39379,35377
110,District-Jaipur,Total,7,20637,10349,10288,40,31,9,20,10,10,2,1,1,946,485,461,158,83,75,87,39,48,33,12,21,19351,9688,9663
110,District-Jaipur,Total,8,12687,6098,6589,66,45,21,27,17,10,3,2,1,1092,548,544,192,94,98,85,40,45,54,17,37,11168,5335,5833
110,District-Jaipur,Total,9,7951,3796,4155,99,66,33,33,15,18,7,4,3,949,458,491,183,94,89,90,37,53,44,15,29,6546,3107,3439
110,District-Jaipur,Total,10,13146,6145,7001,160,97,63,58,30,28,29,9,20,1738,787,951,406,201,205,197,77,120,113,37,76,10445,4907,5538
110,District-Jaipur,Total,11,8858,3964,4894,493,351,142,142,67,75,49,15,34,1894,769,1125,399,199,200,198,56,142,76,17,59,5607,2490,3117
110,District-Jaipur,Total,12,12559,5334,7225,1120,796,324,321,128,193,104,36,68,3431,1254,2177,876,434,442,393,105,288,173,51,122,6141,2530,3611
110,District-Jaipur,Total,13,13144,5048,8096,1405,935,470,488,180,308,162,44,118,4066,1365,2701,980,430,550,439,116,323,195,50,145,5409,1928,3481
110,District-Jaipur,Total,14,16648,6227,10421,2155,1411,744,822,288,534,276,92,184,5861,1771,4090,1445,658,787,625,183,442,208,62,146,5256,1762,3494
110,District-Jaipur,Total,15,25859,10362,15497,4560,3147,1413,1732,703,1029,562,177,385,8780,2573,6207,2430,1261,1169,1059,324,735,306,111,195,6430,2066,4364
110,District-Jaipur,Total,16,31639,12438,19201,6992,4759,2233,2472,1053,1419,722,249,473,11186,2896,8290,2973,1452,1521,1188,311,877,353,89,264,5753,1629,4124
110,District-Jaipur,Total,17,33395,13630,19765,8733,6210,2523,2753,1144,1609,784,279,505,12120,3034,9086,2881,1449,1432,1120,284,836,313,77,236,4691,1153,3538
110,District-Jaipur,Total,18,68058,28559,39499,20888,15173,5715,5858,2641,3217,1415,518,897,22148,4838,17310,6504,3149,3355,2456,554,1902,592,115,477,8197,1571,6626
110,District-Jaipur,Total,19,50056,20679,29377,16425,12112,4313,4316,1890,2426,990,357,633,16940,3254,13686,4177,1835,2342,1642,331,1311,356,77,279,5210,823,4387
110,District-Jaipur,Rural,5-19,249582,105238,144344,35754,22010,13744,15005,5498,9507,4154,1226,2928,35543,7137,28406,13040,3455,9585,7439,1222,6217,2314,429,1885,136333,64261,72072
110,District-Jaipur,Rural,5,57173,30604,26569,9,8,1,2,1,1,1,1,0,247,147,100,141,67,74,50,23,27,28,15,13,56695,30342,26353
110,District-Jaipur,Rural,6,40875,21230,19645,8,6,2,2,0,2,3,0,3,286,150,136,116,63,53,36,14,22,42,16,26,40382,20981,19401
110,District-Jaipur,Rural,7,8645,4153,4492,12,8,4,9,5,4,2,1,1,207,94,113,46,18,28,23,8,15,24,8,16,8322,4011,4311
110,District-Jaipur,Rural,8,4835,2153,2682,26,18,8,10,4,6,2,2,0,256,113,143,74,26,48,41,10,31,43,12,31,4383,1968,2415
110,District-Jaipur,Rural,9,2787,1156,1631,31,21,10,18,4,14,5,2,3,215,74,141,78,30,48,40,7,33,29,12,17,2371,1006,1365
110,District-Jaipur,Rural,10,5067,2107,2960,59,23,36,37,14,23,24,7,17,499,186,313,174,57,117,120,36,84,94,26,68,4060,1758,2302
110,District-Jaipur,Rural,11,3301,1177,2124,203,111,92,90,33,57,39,11,28,525,150,375,186,56,130,132,18,114,58,7,51,2068,791,1277
110,District-Jaipur,Rural,12,4957,1557,3400,503,302,201,236,78,158,84,27,57,1125,310,815,425,115,310,281,40,241,134,32,102,2169,653,1516
110,District-Jaipur,Rural,13,5779,1565,4214,666,339,327,367,106,261,137,27,110,1500,366,1134,564,135,429,323,50,273,157,30,127,2065,512,1553
110,District-Jaipur,Rural,14,7605,1994,5611,1069,560,509,641,172,469,221,57,164,2303,491,1812,777,195,582,455,71,384,164,33,131,1975,415,1560
110,District-Jaipur,Rural,15,12747,4025,8722,2436,1418,1018,1337,458,879,474,128,346,3693,818,2875,1269,424,845,800,163,637,234,56,178,2504,560,1944
110,District-Jaipur,Rural,16,16263,5205,11058,4022,2330,1692,1966,737,1229,589,178,411,4684,927,3757,1562,406,1156,946,164,782,293,48,245,2201,415,1786
110,District-Jaipur,Rural,17,16713,5532,11181,4902,2975,1927,2147,761,1386,621,181,440,4722,820,3902,1453,364,1089,860,135,725,242,37,205,1766,259,1507
110,District-Jaipur,Rural,18,36900,13378,23522,12407,7911,4496,4720,1861,2859,1159,365,794,9019,1518,7501,3733,972,2761,1992,300,1692,483,57,426,3387,394,2993
110,District-Jaipur,Rural,19,25935,9402,16533,9401,5980,3421,3423,1264,2159,793,239,554,6262,973,5289,2442,527,1915,1340,183,1157,289,40,249,1985,196,1789
110,District-Jaipur,Urban,5-19,243565,122850,120715,27444,23174,4270,4053,2678,1375,956,558,398,57710,18028,39682,11263,8249,3014,2492,1417,1075,591,340,251,139056,68406,70650
110,District-Jaipur,Urban,5,44885,24586,20299,22,21,1,8,6,2,0,0,0,744,404,340,236,121,115,132,72,60,9,5,4,43734,23957,19777
110,District-Jaipur,Urban,6,35577,19039,16538,23,16,7,4,3,1,1,0,1,825,432,393,206,114,92,134,73,61,10,3,7,34374,18398,15976
110,District-Jaipur,Urban,7,11992,6196,5796,28,23,5,11,5,6,0,0,0,739,391,348,112,65,47,64,31,33,9,4,5,11029,5677,5352
110,District-Jaipur,Urban,8,7852,3945,3907,40,27,13,17,13,4,1,0,1,836,435,401,118,68,50,44,30,14,11,5,6,6785,3367,3418
110,District-Jaipur,Urban,9,5164,2640,2524,68,45,23,15,11,4,2,2,0,734,384,350,105,64,41,50,30,20,15,3,12,4175,2101,2074
110,District-Jaipur,Urban,10,8079,4038,4041,101,74,27,21,16,5,5,2,3,1239,601,638,232,144,88,77,41,36,19,11,8,6385,3149,3236
110,District-Jaipur,Urban,11,5557,2787,2770,290,240,50,52,34,18,10,4,6,1369,619,750,213,143,70,66,38,28,18,10,8,3539,1699,1840
110,District-Jaipur,Urban,12,7602,3777,3825,617,494,123,85,50,35,20,9,11,2306,944,1362,451,319,132,112,65,47,39,19,20,3972,1877,2095
110,District-Jaipur,Urban,13,7365,3483,3882,739,596,143,121,74,47,25,17,8,2566,999,1567,416,295,121,116,66,50,38,20,18,3344,1416,1928
110,District-Jaipur,Urban,14,9043,4233,4810,1086,851,235,181,116,65,55,35,20,3558,1280,2278,668,463,205,170,112,58,44,29,15,3281,1347,1934
110,District-Jaipur,Urban,15,13112,6337,6775,2124,1729,395,395,245,150,88,49,39,5087,1755,3332,1161,837,324,259,161,98,72,55,17,3926,1506,2420
110,District-Jaipur,Urban,16,15376,7233,8143,2970,2429,541,506,316,190,133,71,62,6502,1969,4533,1411,1046,365,242,147,95,60,41,19,3552,1214,2338
110,District-Jaipur,Urban,17,16682,8098,8584,3831,3235,596,606,383,223,163,98,65,7398,2214,5184,1428,1085,343,260,149,111,71,40,31,2925,894,2031
110,District-Jaipur,Urban,18,31158,15181,15977,8481,7262,1219,1138,780,358,256,153,103,13129,3320,9809,2771,2177,594,464,254,210,109,58,51,4810,1177,3633
110,District-Jaipur,Urban,19,24121,11277,12844,7024,6132,892,893,626,267,197,118,79,10678,2281,8397,1735,1308,427,302,148,154,67,37,30,3225,627,2598
111,District-Sikar,Total,5-19,215023,99537,115486,24759,19533,5226,13753,6329,7424,4654,1611,3043,44470,10997,33473,5581,3372,2209,3912,1281,2631,1409,397,1012,116485,56017,60468
111,District-Sikar,Total,5,45077,24328,20749,14,12,2,9,7,2,3,2,1,453,234,219,100,68,32,88,32,56,20,13,7,44390,23960,20430
111,District-Sikar,Total,6,32254,17168,15086,9,8,1,6,2,4,4,2,2,464,226,238,86,47,39,40,23,17,22,12,10,31623,16848,14775
111,District-Sikar,Total,7,8155,4142,4013,27,19,8,15,5,10,3,0,3,441,221,220,36,22,14,25,10,15,19,7,12,7589,3858,3731
111,District-Sikar,Total,8,5001,2399,2602,36,29,7,14,9,5,8,3,5,487,248,239,31,16,15,24,9,15,31,13,18,4370,2072,2298
111,District-Sikar,Total,9,3039,1432,1607,19,13,6,14,6,8,6,3,3,419,208,211,23,14,9,16,6,10,29,10,19,2513,1172,1341
111,District-Sikar,Total,10,4927,2353,2574,37,29,8,38,23,15,20,6,14,735,331,404,62,37,25,51,22,29,55,19,36,3929,1886,2043
111,District-Sikar,Total,11,3601,1495,2106,128,97,31,65,29,36,26,10,16,830,298,532,78,40,38,58,18,40,60,20,40,2356,983,1373
111,District-Sikar,Total,12,4923,1931,2992,309,248,61,170,92,78,87,28,59,1452,468,984,149,81,68,142,48,94,68,17,51,2546,949,1597
111,District-Sikar,Total,13,5554,1997,3557,414,296,118,329,111,218,143,46,97,2033,604,1429,205,114,91,176,56,120,83,29,54,2171,741,1430
111,District-Sikar,Total,14,7548,2717,4831,762,548,214,546,236,310,282,91,191,3089,861,2228,295,154,141,246,78,168,103,28,75,2225,721,1504
111,District-Sikar,Total,15,11913,4511,7402,1670,1251,419,1175,535,640,499,174,325,4665,1201,3464,602,376,226,478,173,305,161,46,115,2663,755,1908
111,District-Sikar,Total,16,15206,6003,9203,2865,2222,643,1842,839,1003,664,223,441,5941,1426,4515,700,443,257,492,156,336,170,42,128,2532,652,1880
111,District-Sikar,Total,17,15822,6473,9349,3655,2852,803,2135,971,1164,755,278,477,5959,1297,4662,686,428,258,467,156,311,138,42,96,2027,449,1578
111,District-Sikar,Total,18,29435,12928,16507,8139,6557,1582,4108,2023,2085,1204,416,788,9998,1974,8024,1518,957,561,918,306,612,256,57,199,3294,638,2656
111,District-Sikar,Total,19,22568,9660,12908,6675,5352,1323,3287,1441,1846,950,329,621,7504,1400,6104,1010,575,435,691,188,503,194,42,152,2257,333,1924
111,District-Sikar,Rural,5-19,152147,70436,81711,18854,14222,4632,12414,5385,7029,4305,1396,2909,28321,6574,21747,3572,1840,1732,3226,912,2314,1158,283,875,80297,39824,40473
111,District-Sikar,Rural,5,35259,19062,16197,10,8,2,6,4,2,2,1,1,286,150,136,75,48,27,57,22,35,18,11,7,34805,18818,15987
111,District-Sikar,Rural,6,24332,13023,11309,7,6,1,5,2,3,4,2,2,297,141,156,58,32,26,31,19,12,18,10,8,23912,12811,11101
111,District-Sikar,Rural,7,5333,2711,2622,19,13,6,10,2,8,3,0,3,267,134,133,19,10,9,17,7,10,18,6,12,4980,2539,2441
111,District-Sikar,Rural,8,2670,1281,1389,21,19,2,10,5,5,8,3,5,293,149,144,18,10,8,14,4,10,26,12,14,2280,1079,1201
111,District-Sikar,Rural,9,1667,784,883,12,8,4,9,4,5,5,3,2,246,128,118,15,7,8,13,5,8,22,6,16,1345,623,722
111,District-Sikar,Rural,10,2669,1258,1411,19,13,6,31,18,13,16,4,12,409,183,226,35,20,15,40,15,25,35,11,24,2084,994,1090
111,District-Sikar,Rural,11,2042,837,1205,98,69,29,61,27,34,25,9,16,479,165,314,51,25,26,49,12,37,39,13,26,1240,517,723
111,District-Sikar,Rural,12,2753,1032,1721,218,167,51,144,71,73,79,23,56,852,266,586,93,37,56,117,36,81,52,9,43,1198,423,775
111,District-Sikar,Rural,13,3392,1157,2235,310,209,101,303,94,209,132,39,93,1248,351,897,131,61,70,145,42,103,69,23,46,1054,338,716
111,District-Sikar,Rural,14,4791,1677,3114,565,380,185,492,202,290,257,78,179,1923,506,1417,194,92,102,207,60,147,88,21,67,1065,338,727
111,District-Sikar,Rural,15,7960,2950,5010,1246,885,361,1062,465,597,457,148,309,3026,735,2291,361,192,169,394,134,260,133,35,98,1281,356,925
111,District-Sikar,Rural,16,10566,4130,6436,2224,1653,571,1653,704,949,621,198,423,3838,870,2968,470,272,198,401,104,297,143,31,112,1216,298,918
111,District-Sikar,Rural,17,11209,4529,6680,2809,2100,709,1923,838,1085,690,239,451,3854,771,3083,432,229,203,379,108,271,110,28,82,1012,216,796
111,District-Sikar,Rural,18,20994,9128,11866,6229,4829,1400,3721,1737,1984,1118,359,759,6370,1150,5220,944,491,453,772,222,550,216,35,181,1624,305,1319
111,District-Sikar,Rural,19,16510,6877,9633,5067,3863,1204,2984,1212,1772,888,290,598,4933,875,4058,676,314,362,590,122,468,171,32,139,1201,169,1032
111,District-Sikar,Urban,5-19,62876,29101,33775,5905,5311,594,1339,944,395,349,215,134,16149,4423,11726,2009,1532,477,686,369,317,251,114,137,36188,16193,19995
111,District-Sikar,Urban,5,9818,5266,4552,4,4,0,3,3,0,1,1,0,167,84,83,25,20,5,31,10,21,2,2,0,9585,5142,4443
111,District-Sikar,Urban,6,7922,4145,3777,2,2,0,1,0,1,0,0,0,167,85,82,28,15,13,9,4,5,4,2,2,7711,4037,3674
111,District-Sikar,Urban,7,2822,1431,1391,8,6,2,5,3,2,0,0,0,174,87,87,17,12,5,8,3,5,1,1,0,2609,1319,1290
111,District-Sikar,Urban,8,2331,1118,1213,15,10,5,4,4,0,0,0,0,194,99,95,13,6,7,10,5,5,5,1,4,2090,993,1097
111,District-Sikar,Urban,9,1372,648,724,7,5,2,5,2,3,1,0,1,173,80,93,8,7,1,3,1,2,7,4,3,1168,549,619
111,District-Sikar,Urban,10,2258,1095,1163,18,16,2,7,5,2,4,2,2,326,148,178,27,17,10,11,7,4,20,8,12,1845,892,953
111,District-Sikar,Urban,11,1559,658,901,30,28,2,4,2,2,1,1,0,351,133,218,27,15,12,9,6,3,21,7,14,1116,466,650
111,District-Sikar,Urban,12,2170,899,1271,91,81,10,26,21,5,8,5,3,600,202,398,56,44,12,25,12,13,16,8,8,1348,526,822
111,District-Sikar,Urban,13,2162,840,1322,104,87,17,26,17,9,11,7,4,785,253,532,74,53,21,31,14,17,14,6,8,1117,403,714
111,District-Sikar,Urban,14,2757,1040,1717,197,168,29,54,34,20,25,13,12,1166,355,811,101,62,39,39,18,21,15,7,8,1160,383,777
111,District-Sikar,Urban,15,3953,1561,2392,424,366,58,113,70,43,42,26,16,1639,466,1173,241,184,57,84,39,45,28,11,17,1382,399,983
111,District-Sikar,Urban,16,4640,1873,2767,641,569,72,189,135,54,43,25,18,2103,556,1547,230,171,59,91,52,39,27,11,16,1316,354,962
111,District-Sikar,Urban,17,4613,1944,2669,846,752,94,212,133,79,65,39,26,2105,526,1579,254,199,55,88,48,40,28,14,14,1015,233,782
111,District-Sikar,Urban,18,8441,3800,4641,1910,1728,182,387,286,101,86,57,29,3628,824,2804,574,466,108,146,84,62,40,22,18,1670,333,1337
111,District-Sikar,Urban,19,6058,2783,3275,1608,1489,119,303,229,74,62,39,23,2571,525,2046,334,261,73,101,66,35,23,10,13,1056,164,892
112,District-Nagaur,Total,5-19,386932,169223,217709,50203,35744,14459,29497,13202,16295,7089,2383,4706,64630,18358,46272,21760,8966,12794,16264,4031,12233,4460,914,3546,193029,85625,107404
112,District-Nagaur,Total,5,62931,33234,29697,25,16,9,6,5,1,0,0,0,432,247,185,292,159,133,144,71,73,46,22,24,61986,32714,29272
112,District-Nagaur,Total,6,45014,22955,22059,16,14,2,11,7,4,1,1,0,549,319,230,201,105,96,108,50,58,28,15,13,44100,22444,21656
112,District-Nagaur,Total,7,15303,7180,8123,41,26,15,11,5,6,3,1,2,715,354,361,110,55,55,81,32,49,48,13,35,14294,6694,7600
112,District-Nagaur,Total,8,11549,4959,6590,42,32,10,22,12,10,8,2,6,935,457,478,112,40,72,128,56,72,59,23,36,10243,4337,5906
112,District-Nagaur,Total,9,7445,3113,4332,50,25,25,37,15,22,10,2,8,851,390,461,114,47,67,135,47,88,71,14,57,6177,2573,3604
112,District-Nagaur,Total,10,12121,4972,7149,127,69,58,118,44,74,43,12,31,1628,698,930,310,129,181,305,92,213,160,44,116,9430,3884,5546
112,District-Nagaur,Total,11,8843,3336,5507,306,194,112,228,88,140,115,35,80,1842,722,1120,306,127,179,369,98,271,184,37,147,5493,2035,3458
112,District-Nagaur,Total,12,13570,4734,8836,790,475,315,654,228,426,206,60,146,3293,1092,2201,688,279,409,728,187,541,320,76,244,6891,2337,4554
112,District-Nagaur,Total,13,14999,4879,10120,1105,615,490,1059,365,694,403,108,295,4262,1315,2947,957,359,598,957,234,723,354,79,275,5902,1804,4098
112,District-Nagaur,Total,14,19874,6565,13309,2289,1311,978,1950,722,1228,656,179,477,6140,1809,4331,1438,532,906,1340,340,1000,435,94,341,5626,1578,4048
112,District-Nagaur,Total,15,26822,10092,16730,4351,2841,1510,3250,1329,1921,973,328,645,7938,2279,5659,2296,1022,1274,1873,548,1325,570,129,441,5571,1616,3955
112,District-Nagaur,Total,16,31504,12490,19014,6489,4507,1982,4487,2040,2447,1112,392,720,8990,2471,6519,2806,1165,1641,2093,543,1550,554,104,450,4973,1268,3705
112,District-Nagaur,Total,17,28072,11978,16094,7214,5239,1975,4257,2045,2212,990,346,644,7537,1899,5638,2497,1101,1396,1722,444,1278,418,92,326,3437,812,2625
112,District-Nagaur,Total,18,52969,23384,29585,15733,11785,3948,7964,3869,4095,1584,592,992,11736,2686,9050,5812,2450,3362,3738,856,2882,760,109,651,5642,1037,4605
112,District-Nagaur,Total,19,35916,15352,20564,11625,8595,3030,5443,2428,3015,985,325,660,7782,1620,6162,3821,1396,2425,2543,433,2110,453,63,390,3264,492,2772
112,District-Nagaur,Rural,5-19,312279,134760,177519,43532,29721,13811,27945,12120,15825,6728,2177,4551,46358,13176,33182,18745,6723,12022,15247,3546,11701,4175,820,3355,149549,66477,83072
112,District-Nagaur,Rural,5,51978,27474,24504,24,15,9,2,1,1,0,0,0,299,171,128,244,132,112,105,49,56,44,21,23,51260,27085,24175
112,District-Nagaur,Rural,6,36596,18636,17960,12,10,2,8,5,3,1,1,0,414,241,173,159,82,77,77,40,37,25,13,12,35900,18244,17656
112,District-Nagaur,Rural,7,11799,5474,6325,40,26,14,9,4,5,3,1,2,570,283,287,81,38,43,61,24,37,44,12,32,10991,5086,5905
112,District-Nagaur,Rural,8,8730,3661,5069,32,25,7,20,10,10,8,2,6,738,366,372,87,28,59,97,38,59,55,21,34,7693,3171,4522
112,District-Nagaur,Rural,9,5560,2255,3305,41,20,21,31,12,19,9,1,8,680,320,360,90,32,58,117,42,75,70,14,56,4522,1814,2708
112,District-Nagaur,Rural,10,9316,3663,5653,110,57,53,105,36,69,42,11,31,1276,540,736,265,97,168,266,74,192,147,39,108,7105,2809,4296
112,District-Nagaur,Rural,11,6817,2397,4420,260,156,104,215,80,135,111,33,78,1444,563,881,257,88,169,337,79,258,171,33,138,4022,1365,2657
112,District-Nagaur,Rural,12,10673,3517,7156,685,391,294,620,209,411,194,53,141,2579,822,1757,593,221,372,674,161,513,302,70,232,5026,1590,3436
112,District-Nagaur,Rural,13,12057,3670,8387,979,513,466,1010,331,679,382,100,282,3339,989,2350,840,278,562,895,205,690,341,75,266,4271,1179,3092
112,District-Nagaur,Rural,14,16193,5137,11056,2059,1121,938,1873,668,1205,635,168,467,4736,1386,3350,1247,403,844,1266,303,963,411,86,325,3966,1002,2964
112,District-Nagaur,Rural,15,21948,7967,13981,3804,2355,1449,3079,1229,1850,931,306,625,6016,1688,4328,1940,761,1179,1775,499,1276,531,111,420,3872,1018,2854
112,District-Nagaur,Rural,16,25786,10136,15650,5749,3845,1904,4285,1908,2377,1063,366,697,6457,1762,4695,2422,885,1537,1978,471,1507,520,98,422,3312,801,2511
112,District-Nagaur,Rural,17,22654,9594,13060,6224,4348,1876,4039,1879,2160,936,318,618,5156,1266,3890,2132,816,1316,1623,404,1219,383,78,305,2161,485,1676
112,District-Nagaur,Rural,18,43159,18890,24269,13612,9825,3787,7511,3527,3984,1487,529,958,7756,1756,6000,5032,1828,3204,3556,776,2780,720,96,624,3485,553,2932
112,District-Nagaur,Rural,19,29013,12289,16724,9901,7014,2887,5138,2221,2917,926,288,638,4898,1023,3875,3356,1034,2322,2420,381,2039,411,53,358,1963,275,1688
112,District-Nagaur,Urban,5-19,74653,34463,40190,6671,6023,648,1552,1082,470,361,206,155,18272,5182,13090,3015,2243,772,1017,485,532,285,94,191,43480,19148,24332
112,District-Nagaur,Urban,5,10953,5760,5193,1,1,0,4,4,0,0,0,0,133,76,57,48,27,21,39,22,17,2,1,1,10726,5629,5097
112,District-Nagaur,Urban,6,8418,4319,4099,4,4,0,3,2,1,0,0,0,135,78,57,42,23,19,31,10,21,3,2,1,8200,4200,4000
112,District-Nagaur,Urban,7,3504,1706,1798,1,0,1,2,1,1,0,0,0,145,71,74,29,17,12,20,8,12,4,1,3,3303,1608,1695
112,District-Nagaur,Urban,8,2819,1298,1521,10,7,3,2,2,0,0,0,0,197,91,106,25,12,13,31,18,13,4,2,2,2550,1166,1384
112,District-Nagaur,Urban,9,1885,858,1027,9,5,4,6,3,3,1,1,0,171,70,101,24,15,9,18,5,13,1,0,1,1655,759,896
112,District-Nagaur,Urban,10,2805,1309,1496,17,12,5,13,8,5,1,1,0,352,158,194,45,32,13,39,18,21,13,5,8,2325,1075,1250
112,District-Nagaur,Urban,11,2026,939,1087,46,38,8,13,8,5,4,2,2,398,159,239,49,39,10,32,19,13,13,4,9,1471,670,801
112,District-Nagaur,Urban,12,2897,1217,1680,105,84,21,34,19,15,12,7,5,714,270,444,95,58,37,54,26,28,18,6,12,1865,747,1118
112,District-Nagaur,Urban,13,2942,1209,1733,126,102,24,49,34,15,21,8,13,923,326,597,117,81,36,62,29,33,13,4,9,1631,625,1006
112,District-Nagaur,Urban,14,3681,1428,2253,230,190,40,77,54,23,21,11,10,1404,423,981,191,129,62,74,37,37,24,8,16,1660,576,1084
112,District-Nagaur,Urban,15,4874,2125,2749,547,486,61,171,100,71,42,22,20,1922,591,1331,356,261,95,98,49,49,39,18,21,1699,598,1101
112,District-Nagaur,Urban,16,5718,2354,3364,740,662,78,202,132,70,49,26,23,2533,709,1824,384,280,104,115,72,43,34,6,28,1661,467,1194
112,District-Nagaur,Urban,17,5418,2384,3034,990,891,99,218,166,52,54,28,26,2381,633,1748,365,285,80,99,40,59,35,14,21,1276,327,949
112,District-Nagaur,Urban,18,9810,4494,5316,2121,1960,161,453,342,111,97,63,34,3980,930,3050,780,622,158,182,80,102,40,13,27,2157,484,1673
112,District-Nagaur,Urban,19,6903,3063,3840,1724,1581,143,305,207,98,59,37,22,2884,597,2287,465,362,103,123,52,71,42,10,32,1301,217,1084
113,District-Jodhpur,Total,5-19,451569,200833,250736,54184,40404,13780,31230,13971,17259,8127,2879,5248,69458,20872,48586,24370,11644,12726,20080,5053,15027,5952,1428,4524,238168,104582,133586
113,District-Jodhpur,Total,5,70018,37026,32992,21,17,4,9,5,4,3,2,1,590,317,273,294,177,117,284,127,157,40,21,19,68777,36360,32417
113,District-Jodhpur,Total,6,53936,27142,26794,27,20,7,16,10,6,1,0,1,739,362,377,256,133,123,234,117,117,41,21,20,52622,26479,26143
113,District-Jodhpur,Total,7,20596,9482,11114,41,29,12,16,9,7,3,3,0,674,328,346,171,75,96,175,76,99,73,30,43,19443,8932,10511
113,District-Jodhpur,Total,8,17895,7559,10336,53,36,17,34,18,16,10,5,5,952,440,512,218,94,124,224,80,144,120,52,68,16284,6834,9450
113,District-Jodhpur,Total,9,10625,4382,6243,56,33,23,62,27,35,14,5,9,999,443,556,205,82,123,169,63,106,130,38,92,8990,3691,5299
113,District-Jodhpur,Total,10,18577,7396,11181,154,81,73,139,50,89,71,24,47,1977,839,1138,458,182,276,543,171,372,389,121,268,14846,5928,8918
113,District-Jodhpur,Total,11,12243,4383,7860,431,267,164,342,110,232,141,33,108,2289,783,1506,517,193,324,524,152,372,305,69,236,7694,2776,4918
113,District-Jodhpur,Total,12,18576,6411,12165,1009,608,401,884,289,595,365,93,272,4275,1416,2859,964,427,537,1088,279,809,562,135,427,9429,3164,6265
113,District-Jodhpur,Total,13,18461,5982,12479,1414,807,607,1326,396,930,552,141,411,5136,1605,3531,1172,458,714,1171,287,884,506,110,396,7184,2178,5006
113,District-Jodhpur,Total,14,23615,7983,15632,2644,1567,1077,2482,797,1685,843,252,591,7020,2128,4892,1728,728,1000,1649,364,1285,565,146,419,6684,2001,4683
113,District-Jodhpur,Total,15,31431,12333,19098,5150,3445,1705,3817,1478,2339,1212,398,814,8831,2785,6046,2744,1343,1401,2314,676,1638,654,174,480,6709,2034,4675
113,District-Jodhpur,Total,16,33959,14249,19710,7217,5140,2077,4833,2088,2745,1271,462,809,9135,2674,6461,2982,1496,1486,2421,654,1767,672,167,505,5428,1568,3860
113,District-Jodhpur,Total,17,29227,13505,15722,7825,5975,1850,4272,2095,2177,1029,384,645,7453,2191,5262,2715,1424,1291,1908,489,1419,428,95,333,3597,852,2745
113,District-Jodhpur,Total,18,55317,26365,28952,16624,13137,3487,8086,4222,3864,1653,694,959,11449,2875,8574,5995,3087,2908,4316,1003,3313,871,170,701,6323,1177,5146
113,District-Jodhpur,Total,19,37093,16635,20458,11518,9242,2276,4912,2377,2535,959,383,576,7939,1686,6253,3951,1745,2206,3060,515,2545,596,79,517,4158,608,3550
113,District-Jodhpur,Rural,5-19,349435,150533,198902,43994,31603,12391,29253,12717,16536,7821,2683,5138,46207,13478,32729,19357,7857,11500,18441,4106,14335,5667,1266,4401,178695,76823,101872
113,District-Jodhpur,Rural,5,54520,28725,25795,10,7,3,7,4,3,3,2,1,279,159,120,164,96,68,146,61,85,35,20,15,53876,28376,25500
113,District-Jodhpur,Rural,6,41936,20994,20942,16,12,4,7,4,3,1,0,1,341,175,166,161,81,80,149,71,78,40,21,19,41221,20630,20591
113,District-Jodhpur,Rural,7,15640,6948,8692,17,10,7,11,7,4,3,3,0,315,144,171,106,41,65,127,49,78,69,28,41,14992,6666,8326
113,District-Jodhpur,Rural,8,13689,5495,8194,31,20,11,25,11,14,10,5,5,503,221,282,159,56,103,184,58,126,119,52,67,12658,5072,7586
113,District-Jodhpur,Rural,9,7674,2916,4758,34,18,16,49,18,31,13,5,8,542,203,339,144,46,98,139,45,94,124,35,89,6629,2546,4083
113,District-Jodhpur,Rural,10,13912,5100,8812,112,52,60,120,37,83,70,24,46,1348,540,808,350,116,234,475,134,341,383,119,264,11054,4078,6976
113,District-Jodhpur,Rural,11,9154,2923,6231,314,186,128,314,96,218,139,31,108,1585,482,1103,420,124,296,477,126,351,297,63,234,5608,1815,3793
113,District-Jodhpur,Rural,12,14406,4402,10004,787,428,359,827,254,573,360,90,270,3216,968,2248,782,292,490,1012,238,774,550,130,420,6872,2002,4870
113,District-Jodhpur,Rural,13,14701,4245,10456,1172,614,558,1260,358,902,545,138,407,3979,1159,2820,983,324,659,1095,242,853,486,98,388,5181,1312,3869
113,District-Jodhpur,Rural,14,19126,5944,13182,2227,1234,993,2375,736,1639,825,243,582,5480,1560,3920,1446,524,922,1557,313,1244,543,133,410,4673,1201,3472
113,District-Jodhpur,Rural,15,25183,9272,15911,4353,2786,1567,3621,1346,2275,1184,383,801,6676,1999,4677,2216,942,1274,2130,562,1568,612,149,463,4391,1105,3286
113,District-Jodhpur,Rural,16,27300,11088,16212,6071,4182,1889,4621,1965,2656,1230,436,794,6605,1897,4708,2394,1053,1341,2261,544,1717,646,151,495,3472,860,2612
113,District-Jodhpur,Rural,17,22206,10095,12111,6372,4743,1629,3976,1910,2066,972,347,625,4674,1361,3313,2072,910,1162,1759,405,1354,392,74,318,1989,345,1644
113,District-Jodhpur,Rural,18,42916,20461,22455,13714,10546,3168,7525,3865,3660,1572,636,936,6715,1748,4967,4811,2134,2677,4038,839,3199,813,136,677,3728,557,3171
113,District-Jodhpur,Rural,19,27072,11925,15147,8764,6765,1999,4515,2106,2409,894,340,554,3949,862,3087,3149,1118,2031,2892,419,2473,558,57,501,2351,258,2093
113,District-Jodhpur,Urban,5-19,102134,50300,51834,10190,8801,1389,1977,1254,723,306,196,110,23251,7394,15857,5013,3787,1226,1639,947,692,285,162,123,59473,27759,31714
113,District-Jodhpur,Urban,5,15498,8301,7197,11,10,1,2,1,1,0,0,0,311,158,153,130,81,49,138,66,72,5,1,4,14901,7984,6917
113,District-Jodhpur,Urban,6,12000,6148,5852,11,8,3,9,6,3,0,0,0,398,187,211,95,52,43,85,46,39,1,0,1,11401,5849,5552
113,District-Jodhpur,Urban,7,4956,2534,2422,24,19,5,5,2,3,0,0,0,359,184,175,65,34,31,48,27,21,4,2,2,4451,2266,2185
113,District-Jodhpur,Urban,8,4206,2064,2142,22,16,6,9,7,2,0,0,0,449,219,230,59,38,21,40,22,18,1,0,1,3626,1762,1864
113,District-Jodhpur,Urban,9,2951,1466,1485,22,15,7,13,9,4,1,0,1,457,240,217,61,36,25,30,18,12,6,3,3,2361,1145,1216
113,District-Jodhpur,Urban,10,4665,2296,2369,42,29,13,19,13,6,1,0,1,629,299,330,108,66,42,68,37,31,6,2,4,3792,1850,1942
113,District-Jodhpur,Urban,11,3089,1460,1629,117,81,36,28,14,14,2,2,0,704,301,403,97,69,28,47,26,21,8,6,2,2086,961,1125
113,District-Jodhpur,Urban,12,4170,2009,2161,222,180,42,57,35,22,5,3,2,1059,448,611,182,135,47,76,41,35,12,5,7,2557,1162,1395
113,District-Jodhpur,Urban,13,3760,1737,2023,242,193,49,66,38,28,7,3,4,1157,446,711,189,134,55,76,45,31,20,12,8,2003,866,1137
113,District-Jodhpur,Urban,14,4489,2039,2450,417,333,84,107,61,46,18,9,9,1540,568,972,282,204,78,92,51,41,22,13,9,2011,800,1211
113,District-Jodhpur,Urban,15,6248,3061,3187,797,659,138,196,132,64,28,15,13,2155,786,1369,528,401,127,184,114,70,42,25,17,2318,929,1389
113,District-Jodhpur,Urban,16,6659,3161,3498,1146,958,188,212,123,89,41,26,15,2530,777,1753,588,443,145,160,110,50,26,16,10,1956,708,1248
113,District-Jodhpur,Urban,17,7021,3410,3611,1453,1232,221,296,185,111,57,37,20,2779,830,1949,643,514,129,149,84,65,36,21,15,1608,507,1101
113,District-Jodhpur,Urban,18,12401,5904,6497,2910,2591,319,561,357,204,81,58,23,4734,1127,3607,1184,953,231,278,164,114,58,34,24,2595,620,1975
113,District-Jodhpur,Urban,19,10021,4710,5311,2754,2477,277,397,271,126,65,43,22,3990,824,3166,802,627,175,168,96,72,38,22,16,1807,350,1457
114,District-Jaisalmer,Total,5-19,115811,53792,62019,10234,8425,1809,8280,4661,3619,2322,1102,1220,16188,5573,10615,5218,2786,2432,6188,1799,4389,1804,486,1318,65577,28960,36617
114,District-Jaisalmer,Total,5,17391,9194,8197,2,2,0,2,2,0,0,0,0,49,29,20,147,74,73,58,27,31,9,2,7,17124,9058,8066
114,District-Jaisalmer,Total,6,15309,7863,7446,3,2,1,1,1,0,1,1,0,83,51,32,128,67,61,54,23,31,20,8,12,15019,7710,7309
114,District-Jaisalmer,Total,7,6230,3001,3229,6,6,0,8,4,4,1,0,1,129,72,57,66,27,39,38,14,24,29,10,19,5953,2868,3085
114,District-Jaisalmer,Total,8,6244,2671,3573,6,4,2,8,2,6,5,1,4,286,145,141,63,32,31,82,29,53,45,20,25,5749,2438,3311
114,District-Jaisalmer,Total,9,3474,1377,2097,9,5,4,15,6,9,6,4,2,277,121,156,57,25,32,53,19,34,51,15,36,3006,1182,1824
114,District-Jaisalmer,Total,10,5655,2175,3480,44,26,18,42,18,24,34,14,20,695,295,400,127,69,58,194,53,141,115,31,84,4404,1669,2735
114,District-Jaisalmer,Total,11,3582,1260,2322,69,42,27,91,45,46,56,17,39,771,285,486,120,57,63,175,45,130,81,25,56,2219,744,1475
114,District-Jaisalmer,Total,12,5736,2069,3667,204,142,62,234,95,139,131,55,76,1530,534,996,226,98,128,370,120,250,154,46,108,2887,979,1908
114,District-Jaisalmer,Total,13,5051,1769,3282,274,174,100,371,148,223,163,57,106,1572,563,1009,239,119,120,365,90,275,135,41,94,1932,577,1355
114,District-Jaisalmer,Total,14,6337,2327,4010,578,425,153,655,295,360,252,108,144,2076,662,1414,348,165,183,491,140,351,167,45,122,1770,487,1283
114,District-Jaisalmer,Total,15,7459,3206,4253,896,680,216,1066,560,506,338,146,192,2066,725,1341,576,325,251,661,210,451,186,53,133,1670,507,1163
114,District-Jaisalmer,Total,16,7829,3776,4053,1411,1155,256,1280,711,569,362,180,182,2060,740,1320,600,339,261,733,256,477,194,65,129,1189,330,859
114,District-Jaisalmer,Total,17,6117,3058,3059,1325,1101,224,1173,675,498,267,129,138,1427,501,926,500,274,226,577,181,396,154,43,111,694,154,540
114,District-Jaisalmer,Total,18,11619,6151,5468,3163,2725,438,2013,1262,751,444,258,186,1865,531,1334,1277,738,539,1397,392,1005,257,58,199,1203,187,1016
114,District-Jaisalmer,Total,19,7778,3895,3883,2244,1936,308,1321,837,484,262,132,130,1302,319,983,744,377,367,940,200,740,207,24,183,758,70,688
114,District-Jaisalmer,Rural,5-19,107272,49622,57650,9479,7722,1757,8106,4520,3586,2284,1076,1208,14351,5009,9342,4949,2589,2360,6062,1726,4336,1769,473,1296,60272,26507,33765
114,District-Jaisalmer,Rural,5,15992,8419,7573,1,1,0,1,1,0,0,0,0,40,22,18,139,68,71,51,21,30,9,2,7,15751,8304,7447
114,District-Jaisalmer,Rural,6,14099,7219,6880,3,2,1,0,0,0,1,1,0,65,40,25,121,65,56,50,21,29,19,8,11,13840,7082,6758
114,District-Jaisalmer,Rural,7,5788,2774,3014,5,5,0,7,3,4,1,0,1,113,62,51,60,22,38,37,14,23,29,10,19,5536,2658,2878
114,District-Jaisalmer,Rural,8,5829,2476,3353,5,4,1,8,2,6,5,1,4,263,132,131,59,30,29,79,27,52,45,20,25,5365,2260,3105
114,District-Jaisalmer,Rural,9,3229,1282,1947,8,5,3,15,6,9,6,4,2,250,108,142,50,22,28,51,17,34,51,15,36,2798,1105,1693
114,District-Jaisalmer,Rural,10,5251,1991,3260,42,24,18,41,17,24,34,14,20,638,267,371,123,68,55,192,52,140,115,31,84,4066,1518,2548
114,District-Jaisalmer,Rural,11,3342,1144,2198,66,39,27,91,45,46,56,17,39,734,271,463,116,55,61,173,45,128,81,25,56,2025,647,1378
114,District-Jaisalmer,Rural,12,5383,1909,3474,191,130,61,230,92,138,131,55,76,1444,497,947,218,92,126,361,116,245,154,46,108,2654,881,1773
114,District-Jaisalmer,Rural,13,4731,1638,3093,256,158,98,366,143,223,161,56,105,1462,521,941,228,111,117,360,87,273,132,40,92,1766,522,1244
114,District-Jaisalmer,Rural,14,5982,2192,3790,548,397,151,648,290,358,251,107,144,1926,615,1311,333,156,177,486,137,349,164,45,119,1626,445,1181
114,District-Jaisalmer,Rural,15,6985,3005,3980,836,630,206,1046,543,503,337,145,192,1887,673,1214,549,306,243,648,204,444,182,51,131,1500,453,1047
114,District-Jaisalmer,Rural,16,7336,3555,3781,1327,1079,248,1257,694,563,356,175,181,1854,680,1174,573,322,251,714,249,465,191,65,126,1064,291,773
114,District-Jaisalmer,Rural,17,5613,2805,2808,1243,1025,218,1140,648,492,257,121,136,1195,431,764,457,239,218,565,173,392,148,41,107,608,127,481
114,District-Jaisalmer,Rural,18,10706,5683,5023,2926,2499,427,1966,1224,742,434,251,183,1505,441,1064,1213,682,531,1376,375,1001,246,51,195,1040,160,880
114,District-Jaisalmer,Rural,19,7006,3530,3476,2022,1724,298,1290,812,478,254,129,125,975,249,726,710,351,359,919,188,731,203,23,180,633,54,579
114,District-Jaisalmer,Urban,5-19,8539,4170,4369,755,703,52,174,141,33,38,26,12,1837,564,1273,269,197,72,126,73,53,35,13,22,5305,2453,2852
114,District-Jaisalmer,Urban,5,1399,775,624,1,1,0,1,1,0,0,0,0,9,7,2,8,6,2,7,6,1,0,0,0,1373,754,619
114,District-Jaisalmer,Urban,6,1210,644,566,0,0,0,1,1,0,0,0,0,18,11,7,7,2,5,4,2,2,1,0,1,1179,628,551
114,District-Jaisalmer,Urban,7,442,227,215,1,1,0,1,1,0,0,0,0,16,10,6,6,5,1,1,0,1,0,0,0,417,210,207
114,District-Jaisalmer,Urban,8,415,195,220,1,0,1,0,0,0,0,0,0,23,13,10,4,2,2,3,2,1,0,0,0,384,178,206
114,District-Jaisalmer,Urban,9,245,95,150,1,0,1,0,0,0,0,0,0,27,13,14,7,3,4,2,2,0,0,0,0,208,77,131
114,District-Jaisalmer,Urban,10,404,184,220,2,2,0,1,1,0,0,0,0,57,28,29,4,1,3,2,1,1,0,0,0,338,151,187
114,District-Jaisalmer,Urban,11,240,116,124,3,3,0,0,0,0,0,0,0,37,14,23,4,2,2,2,0,2,0,0,0,194,97,97
114,District-Jaisalmer,Urban,12,353,160,193,13,12,1,4,3,1,0,0,0,86,37,49,8,6,2,9,4,5,0,0,0,233,98,135
114,District-Jaisalmer,Urban,13,320,131,189,18,16,2,5,5,0,2,1,1,110,42,68,11,8,3,5,3,2,3,1,2,166,55,111
114,District-Jaisalmer,Urban,14,355,135,220,30,28,2,7,5,2,1,1,0,150,47,103,15,9,6,5,3,2,3,0,3,144,42,102
114,District-Jaisalmer,Urban,15,474,201,273,60,50,10,20,17,3,1,1,0,179,52,127,27,19,8,13,6,7,4,2,2,170,54,116
114,District-Jaisalmer,Urban,16,493,221,272,84,76,8,23,17,6,6,5,1,206,60,146,27,17,10,19,7,12,3,0,3,125,39,86
114,District-Jaisalmer,Urban,17,504,253,251,82,76,6,33,27,6,10,8,2,232,70,162,43,35,8,12,8,4,6,2,4,86,27,59
114,District-Jaisalmer,Urban,18,913,468,445,237,226,11,47,38,9,10,7,3,360,90,270,64,56,8,21,17,4,11,7,4,163,27,136
114,District-Jaisalmer,Urban,19,772,365,407,222,212,10,31,25,6,8,3,5,327,70,257,34,26,8,21,12,9,4,1,3,125,16,109
115,District-Barmer,Total,5-19,409013,185980,223033,47212,35457,11755,36818,17522,19296,9159,3439,5720,45653,15582,30071,22430,9750,12680,24127,6077,18050,7649,1888,5761,215965,96265,119700
115,District-Barmer,Total,5,65908,34481,31427,18,12,6,12,5,7,1,1,0,309,150,159,208,119,89,150,62,88,70,40,30,65140,34092,31048
115,District-Barmer,Total,6,54761,28021,26740,24,20,4,15,9,6,2,1,1,428,227,201,164,85,79,153,69,84,130,57,73,53845,27553,26292
115,District-Barmer,Total,7,20923,9723,11200,37,29,8,22,13,9,10,4,6,540,273,267,133,58,75,147,54,93,179,67,112,19855,9225,10630
115,District-Barmer,Total,8,17990,7462,10528,35,17,18,36,13,23,22,7,15,876,429,447,189,64,125,285,94,191,365,136,229,16182,6702,9480
115,District-Barmer,Total,9,9525,3618,5907,58,24,34,67,23,44,31,11,20,787,348,439,195,73,122,254,84,170,261,75,186,7872,2980,4892
115,District-Barmer,Total,10,17483,6424,11059,171,82,89,261,70,191,152,47,105,1947,766,1181,538,203,335,753,212,541,571,177,394,13090,4867,8223
115,District-Barmer,Total,11,11139,3739,7400,322,179,143,453,154,299,235,64,171,2142,764,1378,470,162,308,685,174,511,418,101,317,6414,2141,4273
115,District-Barmer,Total,12,18433,6066,12367,945,547,398,1273,392,881,573,180,393,4131,1473,2658,1133,428,705,1607,400,1207,846,221,625,7925,2425,5500
115,District-Barmer,Total,13,16434,5158,11276,1361,766,595,1764,585,1179,717,224,493,4180,1316,2864,980,343,637,1461,319,1142,672,142,530,5299,1463,3836
115,District-Barmer,Total,14,21476,7494,13982,2612,1606,1006,3154,1164,1990,1094,333,761,5433,1853,3580,1560,578,982,2063,474,1589,720,175,545,4840,1311,3529
115,District-Barmer,Total,15,28213,11415,16798,4828,3375,1453,4806,2093,2713,1441,537,904,6162,2109,4053,2582,1168,1414,2940,758,2182,851,184,667,4603,1191,3412
115,District-Barmer,Total,16,29976,13518,16458,6583,4814,1769,5782,2719,3063,1370,542,828,6081,2172,3909,2736,1269,1467,2968,850,2118,750,168,582,3706,984,2722
115,District-Barmer,Total,17,23268,11432,11836,6472,5020,1452,4810,2438,2372,1053,448,605,4055,1315,2740,2214,1053,1161,2238,620,1618,439,85,354,1987,453,1534
115,District-Barmer,Total,18,45090,23908,21182,14462,11750,2712,8941,5064,3877,1577,688,889,5298,1602,3696,5638,2721,2917,5035,1292,3743,854,185,669,3285,606,2679
115,District-Barmer,Total,19,28394,13521,14873,9284,7216,2068,5422,2780,2642,881,352,529,3284,785,2499,3690,1426,2264,3388,615,2773,523,75,448,1922,272,1650
115,District-Barmer,Rural,5-19,393248,178617,214631,45466,33860,11606,36562,17346,19216,9098,3401,5697,41635,14620,27015,22041,9438,12603,23953,5971,17982,7607,1858,5749,206886,92123,114763
115,District-Barmer,Rural,5,63279,33055,30224,16,10,6,12,5,7,1,1,0,275,134,141,198,112,86,147,62,85,70,40,30,62560,32691,29869
115,District-Barmer,Rural,6,52689,26958,25731,19,15,4,15,9,6,2,1,1,383,208,175,159,83,76,152,69,83,130,57,73,51829,26516,25313
115,District-Barmer,Rural,7,20164,9348,10816,33,27,6,22,13,9,10,4,6,485,251,234,127,55,72,141,49,92,179,67,112,19167,8882,10285
115,District-Barmer,Rural,8,17370,7176,10194,34,17,17,35,13,22,22,7,15,821,409,412,184,63,121,278,89,189,365,136,229,15631,6442,9189
115,District-Barmer,Rural,9,9149,3452,5697,55,21,34,66,22,44,31,11,20,746,330,416,189,67,122,248,82,166,260,74,186,7554,2845,4709
115,District-Barmer,Rural,10,16842,6149,10693,164,76,88,260,69,191,152,47,105,1861,740,1121,532,199,333,749,212,537,571,177,394,12553,4629,7924
115,District-Barmer,Rural,11,10717,3574,7143,304,163,141,452,154,298,235,64,171,2046,725,1321,464,159,305,681,171,510,416,100,316,6119,2038,4081
115,District-Barmer,Rural,12,17883,5829,12054,925,529,396,1269,389,880,571,178,393,3966,1423,2543,1122,420,702,1597,396,1201,844,219,625,7589,2275,5314
115,District-Barmer,Rural,13,15909,4952,10957,1315,727,588,1752,575,1177,716,224,492,3984,1257,2727,964,334,630,1458,317,1141,670,141,529,5050,1377,3673
115,District-Barmer,Rural,14,20795,7222,13573,2552,1552,1000,3139,1156,1983,1087,330,757,5140,1770,3370,1531,556,975,2048,463,1585,715,171,544,4583,1224,3359
115,District-Barmer,Rural,15,27269,11024,16245,4681,3244,1437,4770,2072,2698,1432,534,898,5748,2011,3737,2545,1138,1407,2927,750,2177,847,181,666,4319,1094,3225
115,District-Barmer,Rural,16,28927,13076,15851,6393,4646,1747,5746,2704,3042,1360,533,827,5600,2057,3543,2685,1229,1456,2942,830,2112,744,162,582,3457,915,2542
115,District-Barmer,Rural,17,22253,10967,11286,6227,4799,1428,4764,2407,2357,1047,447,600,3569,1201,2368,2167,1009,1158,2222,608,1614,432,82,350,1825,414,1411
115,District-Barmer,Rural,18,43180,22995,20185,13900,11232,2668,8889,5018,3871,1561,676,885,4467,1441,3026,5548,2641,2907,4998,1269,3729,847,180,667,2970,538,2432
115,District-Barmer,Rural,19,26822,12840,13982,8848,6802,2046,5371,2740,2631,871,344,527,2544,663,1881,3626,1373,2253,3365,604,2761,517,71,446,1680,243,1437
115,District-Barmer,Urban,5-19,15765,7363,8402,1746,1597,149,256,176,80,61,38,23,4018,962,3056,389,312,77,174,106,68,42,30,12,9079,4142,4937
115,District-Barmer,Urban,5,2629,1426,1203,2,2,0,0,0,0,0,0,0,34,16,18,10,7,3,3,0,3,0,0,0,2580,1401,1179
115,District-Barmer,Urban,6,2072,1063,1009,5,5,0,0,0,0,0,0,0,45,19,26,5,2,3,1,0,1,0,0,0,2016,1037,979
115,District-Barmer,Urban,7,759,375,384,4,2,2,0,0,0,0,0,0,55,22,33,6,3,3,6,5,1,0,0,0,688,343,345
115,District-Barmer,Urban,8,620,286,334,1,0,1,1,0,1,0,0,0,55,20,35,5,1,4,7,5,2,0,0,0,551,260,291
115,District-Barmer,Urban,9,376,166,210,3,3,0,1,1,0,0,0,0,41,18,23,6,6,0,6,2,4,1,1,0,318,135,183
115,District-Barmer,Urban,10,641,275,366,7,6,1,1,1,0,0,0,0,86,26,60,6,4,2,4,0,4,0,0,0,537,238,299
115,District-Barmer,Urban,11,422,165,257,18,16,2,1,0,1,0,0,0,96,39,57,6,3,3,4,3,1,2,1,1,295,103,192
115,District-Barmer,Urban,12,550,237,313,20,18,2,4,3,1,2,2,0,165,50,115,11,8,3,10,4,6,2,2,0,336,150,186
115,District-Barmer,Urban,13,525,206,319,46,39,7,12,10,2,1,0,1,196,59,137,16,9,7,3,2,1,2,1,1,249,86,163
115,District-Barmer,Urban,14,681,272,409,60,54,6,15,8,7,7,3,4,293,83,210,29,22,7,15,11,4,5,4,1,257,87,170
115,District-Barmer,Urban,15,944,391,553,147,131,16,36,21,15,9,3,6,414,98,316,37,30,7,13,8,5,4,3,1,284,97,187
115,District-Barmer,Urban,16,1049,442,607,190,168,22,36,15,21,10,9,1,481,115,366,51,40,11,26,20,6,6,6,0,249,69,180
115,District-Barmer,Urban,17,1015,465,550,245,221,24,46,31,15,6,1,5,486,114,372,47,44,3,16,12,4,7,3,4,162,39,123
115,District-Barmer,Urban,18,1910,913,997,562,518,44,52,46,6,16,12,4,831,161,670,90,80,10,37,23,14,7,5,2,315,68,247
115,District-Barmer,Urban,19,1572,681,891,436,414,22,51,40,11,10,8,2,740,122,618,64,53,11,23,11,12,6,4,2,242,29,213
116,District-Jalor,Total,5-19,291942,123943,167999,50540,33684,16856,22888,7783,15105,5458,1709,3749,29334,8583,20751,25937,8589,17348,16682,3074,13608,5151,1106,4045,135952,59415,76537
116,District-Jalor,Total,5,43407,22743,20664,27,17,10,13,5,8,5,3,2,125,60,65,135,76,59,85,29,56,54,24,30,42963,22529,20434
116,District-Jalor,Total,6,34413,17416,16997,23,21,2,12,2,10,4,2,2,179,98,81,121,60,61,81,30,51,102,40,62,33891,17163,16728
116,District-Jalor,Total,7,12575,5465,7110,63,46,17,45,17,28,7,2,5,522,250,272,129,51,78,109,36,73,114,34,80,11586,5029,6557
116,District-Jalor,Total,8,11411,4500,6911,56,32,24,32,8,24,25,11,14,752,378,374,210,74,136,222,57,165,213,66,147,9901,3874,6027
116,District-Jalor,Total,9,6099,2201,3898,58,23,35,42,18,24,29,10,19,666,287,379,160,53,107,227,52,175,184,37,147,4733,1721,3012
116,District-Jalor,Total,10,12127,4289,7838,184,79,105,162,42,120,128,49,79,1355,619,736,582,189,393,684,172,512,522,139,383,8510,3000,5510
116,District-Jalor,Total,11,7390,2423,4967,341,158,183,278,83,195,155,43,112,1266,495,771,528,173,355,535,119,416,331,85,246,3956,1267,2689
116,District-Jalor,Total,12,13113,3972,9141,1011,476,535,856,215,641,419,119,300,2381,805,1576,1340,416,924,1335,303,1032,664,151,513,5107,1487,3620
116,District-Jalor,Total,13,11884,3433,8451,1507,712,795,1341,343,998,482,136,346,2356,729,1627,1268,352,916,1227,229,998,496,111,385,3207,821,2386
116,District-Jalor,Total,14,16806,5121,11685,3209,1607,1602,2348,637,1711,697,183,514,3159,916,2243,2040,580,1460,1777,351,1426,512,100,412,3064,747,2317
116,District-Jalor,Total,15,21630,7659,13971,5509,3203,2306,3361,1061,2300,778,241,537,3611,998,2613,3090,1007,2083,2179,404,1775,495,93,402,2607,652,1955
116,District-Jalor,Total,16,25779,10141,15638,8261,5230,3031,4021,1387,2634,849,279,570,3869,967,2902,3850,1330,2520,2292,395,1897,505,86,419,2132,467,1665
116,District-Jalor,Total,17,19167,8189,10978,7113,4826,2287,3068,1107,1961,598,197,401,2731,625,2106,2702,926,1776,1466,221,1245,242,46,196,1247,241,1006
116,District-Jalor,Total,18,35395,17075,18320,14637,10911,3726,4703,1873,2830,858,300,558,3799,873,2926,6292,2295,3997,2804,472,2332,455,65,390,1847,286,1561
116,District-Jalor,Total,19,20746,9316,11430,8541,6343,2198,2606,985,1621,424,134,290,2563,483,2080,3490,1007,2483,1659,204,1455,262,29,233,1201,131,1070
116,District-Jalor,Rural,5-19,274417,115911,158506,48416,31862,16554,22318,7522,14796,5349,1660,3689,25852,7722,18130,25087,8107,16980,16299,2945,13354,5071,1080,3991,126025,55013,71012
116,District-Jalor,Rural,5,40532,21181,19351,24,14,10,13,5,8,5,3,2,105,48,57,122,67,55,84,28,56,54,24,30,40125,20992,19133
116,District-Jalor,Rural,6,32239,16279,15960,23,21,2,12,2,10,4,2,2,153,86,67,118,58,60,79,29,50,102,40,62,31748,16041,15707
116,District-Jalor,Rural,7,11791,5115,6676,59,42,17,43,15,28,7,2,5,469,223,246,125,50,75,108,35,73,114,34,80,10866,4714,6152
116,District-Jalor,Rural,8,10778,4224,6554,54,31,23,29,7,22,25,11,14,694,349,345,203,70,133,221,56,165,212,65,147,9340,3635,5705
116,District-Jalor,Rural,9,5681,2034,3647,53,20,33,40,18,22,29,10,19,618,264,354,155,52,103,226,52,174,184,37,147,4376,1581,2795
116,District-Jalor,Rural,10,11405,3963,7442,177,74,103,161,42,119,128,49,79,1259,573,686,562,178,384,673,166,507,520,138,382,7925,2743,5182
116,District-Jalor,Rural,11,6813,2178,4635,313,139,174,276,82,194,153,42,111,1150,456,694,513,164,349,522,116,406,329,83,246,3557,1096,2461
116,District-Jalor,Rural,12,12379,3695,8684,969,444,525,845,211,634,417,118,299,2186,743,1443,1295,393,902,1320,296,1024,658,150,508,4689,1340,3349
116,District-Jalor,Rural,13,11268,3191,8077,1468,684,784,1318,331,987,474,133,341,2175,665,1510,1222,333,889,1206,224,982,488,108,380,2917,713,2204
116,District-Jalor,Rural,14,15998,4842,11156,3137,1553,1584,2308,627,1681,688,179,509,2893,846,2047,1983,544,1439,1747,338,1409,502,95,407,2740,660,2080
116,District-Jalor,Rural,15,20473,7195,13278,5335,3059,2276,3305,1038,2267,763,237,526,3217,895,2322,2987,941,2046,2127,384,1743,482,90,392,2257,551,1706
116,District-Jalor,Rural,16,24440,9587,14853,7971,4992,2979,3921,1345,2576,823,264,559,3409,876,2533,3724,1263,2461,2233,375,1858,494,82,412,1865,390,1475
116,District-Jalor,Rural,17,18076,7707,10369,6815,4566,2249,2987,1069,1918,585,189,396,2373,551,1822,2603,874,1729,1419,208,1211,237,45,192,1057,205,852
116,District-Jalor,Rural,18,33290,16062,17228,13965,10318,3647,4549,1796,2753,835,290,545,3122,747,2375,6082,2163,3919,2722,446,2276,445,62,383,1570,240,1330
116,District-Jalor,Rural,19,19254,8658,10596,8053,5905,2148,2511,934,1577,413,131,282,2029,400,1629,3393,957,2436,1612,192,1420,250,27,223,993,112,881
116,District-Jalor,Urban,5-19,17525,8032,9493,2124,1822,302,570,261,309,109,49,60,3482,861,2621,850,482,368,383,129,254,80,26,54,9927,4402,5525
116,District-Jalor,Urban,5,2875,1562,1313,3,3,0,0,0,0,0,0,0,20,12,8,13,9,4,1,1,0,0,0,0,2838,1537,1301
116,District-Jalor,Urban,6,2174,1137,1037,0,0,0,0,0,0,0,0,0,26,12,14,3,2,1,2,1,1,0,0,0,2143,1122,1021
116,District-Jalor,Urban,7,784,350,434,4,4,0,2,2,0,0,0,0,53,27,26,4,1,3,1,1,0,0,0,0,720,315,405
116,District-Jalor,Urban,8,633,276,357,2,1,1,3,1,2,0,0,0,58,29,29,7,4,3,1,1,0,1,1,0,561,239,322
116,District-Jalor,Urban,9,418,167,251,5,3,2,2,0,2,0,0,0,48,23,25,5,1,4,1,0,1,0,0,0,357,140,217
116,District-Jalor,Urban,10,722,326,396,7,5,2,1,0,1,0,0,0,96,46,50,20,11,9,11,6,5,2,1,1,585,257,328
116,District-Jalor,Urban,11,577,245,332,28,19,9,2,1,1,2,1,1,116,39,77,15,9,6,13,3,10,2,2,0,399,171,228
116,District-Jalor,Urban,12,734,277,457,42,32,10,11,4,7,2,1,1,195,62,133,45,23,22,15,7,8,6,1,5,418,147,271
116,District-Jalor,Urban,13,616,242,374,39,28,11,23,12,11,8,3,5,181,64,117,46,19,27,21,5,16,8,3,5,290,108,182
116,District-Jalor,Urban,14,808,279,529,72,54,18,40,10,30,9,4,5,266,70,196,57,36,21,30,13,17,10,5,5,324,87,237
116,District-Jalor,Urban,15,1157,464,693,174,144,30,56,23,33,15,4,11,394,103,291,103,66,37,52,20,32,13,3,10,350,101,249
116,District-Jalor,Urban,16,1339,554,785,290,238,52,100,42,58,26,15,11,460,91,369,126,67,59,59,20,39,11,4,7,267,77,190
116,District-Jalor,Urban,17,1091,482,609,298,260,38,81,38,43,13,8,5,358,74,284,99,52,47,47,13,34,5,1,4,190,36,154
116,District-Jalor,Urban,18,2105,1013,1092,672,593,79,154,77,77,23,10,13,677,126,551,210,132,78,82,26,56,10,3,7,277,46,231
116,District-Jalor,Urban,19,1492,658,834,488,438,50,95,51,44,11,3,8,534,83,451,97,50,47,47,12,35,12,2,10,208,19,189
117,District-Sirohi,Total,5-19,165309,70447,94862,16513,13071,3442,7002,3552,3450,2026,823,1203,24871,7658,17213,11104,4514,6590,9109,2167,6942,3345,851,2494,91339,37811,53528
117,District-Sirohi,Total,5,22651,11938,10713,0,0,0,2,2,0,0,0,0,87,39,48,56,33,23,23,16,7,10,3,7,22473,11845,10628
117,District-Sirohi,Total,6,18090,9084,9006,2,2,0,1,1,0,1,0,1,128,74,54,55,23,32,28,13,15,30,5,25,17845,8966,8879
117,District-Sirohi,Total,7,8519,3832,4687,4,3,1,2,2,0,4,2,2,277,136,141,43,21,22,42,20,22,34,9,25,8113,3639,4474
117,District-Sirohi,Total,8,8308,3297,5011,9,4,5,6,4,2,4,3,1,466,236,230,91,30,61,91,26,65,76,29,47,7565,2965,4600
117,District-Sirohi,Total,9,4762,1796,2966,15,8,7,13,4,9,10,3,7,489,230,259,67,31,36,107,34,73,93,30,63,3968,1456,2512
117,District-Sirohi,Total,10,9171,3388,5783,55,37,18,70,30,40,42,24,18,974,446,528,228,89,139,294,90,204,215,63,152,7293,2609,4684
117,District-Sirohi,Total,11,4921,1729,3192,109,71,38,71,26,45,37,22,15,907,377,530,175,71,104,207,63,144,159,46,113,3256,1053,2203
117,District-Sirohi,Total,12,8639,3056,5583,270,198,72,225,112,113,100,38,62,1732,719,1013,507,203,304,559,166,393,335,110,225,4911,1510,3401
117,District-Sirohi,Total,13,6807,2335,4472,366,240,126,291,121,170,127,49,78,1660,609,1051,471,170,301,536,147,389,263,74,189,3093,925,2168
117,District-Sirohi,Total,14,8741,3052,5689,745,509,236,521,246,275,207,72,135,2396,833,1563,847,293,554,774,197,577,329,86,243,2922,816,2106
117,District-Sirohi,Total,15,11029,4259,6770,1450,1054,396,895,436,459,274,114,160,2907,927,1980,1228,535,693,1087,293,794,392,105,287,2796,795,2001
117,District-Sirohi,Total,16,12376,4976,7400,2278,1708,570,1110,546,564,293,101,192,3257,971,2286,1641,713,928,1206,301,905,371,98,273,2220,538,1682
117,District-Sirohi,Total,17,10091,4215,5876,2504,1954,550,1017,501,516,268,103,165,2812,685,2127,1151,491,660,883,206,677,228,50,178,1228,225,1003
117,District-Sirohi,Total,18,18953,8236,10717,5036,4127,909,1743,966,777,436,206,230,3922,860,3062,2930,1220,1710,2083,423,1660,542,104,438,2261,330,1931
117,District-Sirohi,Total,19,12251,5254,6997,3670,3156,514,1035,555,480,223,86,137,2857,516,2341,1614,591,1023,1189,172,1017,268,39,229,1395,139,1256
117,District-Sirohi,Rural,5-19,146644,61533,85111,14492,11265,3227,6476,3211,3265,1890,741,1149,19705,6113,13592,10532,4151,6381,8863,2044,6819,3291,828,2463,81395,33180,48215
117,District-Sirohi,Rural,5,19541,10237,9304,0,0,0,2,2,0,0,0,0,67,32,35,54,32,22,18,11,7,10,3,7,19390,10157,9233
117,District-Sirohi,Rural,6,15657,7791,7866,1,1,0,1,1,0,1,0,1,105,61,44,44,17,27,26,12,14,30,5,25,15449,7694,7755
117,District-Sirohi,Rural,7,7699,3426,4273,4,3,1,2,2,0,4,2,2,194,94,100,42,20,22,39,18,21,33,9,24,7381,3278,4103
117,District-Sirohi,Rural,8,7667,2994,4673,9,4,5,5,3,2,4,3,1,383,193,190,87,29,58,86,24,62,76,29,47,7017,2709,4308
117,District-Sirohi,Rural,9,4350,1618,2732,13,7,6,12,4,8,10,3,7,395,188,207,62,28,34,102,31,71,92,30,62,3664,1327,2337
117,District-Sirohi,Rural,10,8521,3109,5412,50,33,17,65,27,38,41,23,18,844,387,457,218,84,134,285,84,201,211,61,150,6807,2410,4397
117,District-Sirohi,Rural,11,4466,1526,2940,88,54,34,67,23,44,37,22,15,768,314,454,165,64,101,202,60,142,157,45,112,2982,944,2038
117,District-Sirohi,Rural,12,7960,2776,5184,243,173,70,214,107,107,97,35,62,1509,634,875,480,190,290,548,159,389,328,107,221,4541,1371,3170
117,District-Sirohi,Rural,13,6160,2069,4091,333,211,122,277,114,163,120,47,73,1414,518,896,447,156,291,522,141,381,260,73,187,2787,809,1978
117,District-Sirohi,Rural,14,7920,2718,5202,677,449,228,480,225,255,200,66,134,2021,710,1311,807,271,536,751,185,566,326,85,241,2658,727,1931
117,District-Sirohi,Rural,15,9892,3776,6116,1300,925,375,836,405,431,253,102,151,2397,762,1635,1181,510,671,1054,281,773,383,99,284,2488,692,1796
117,District-Sirohi,Rural,16,11027,4391,6636,2046,1508,538,1030,503,527,269,89,180,2611,781,1830,1554,659,895,1176,281,895,364,95,269,1977,475,1502
117,District-Sirohi,Rural,17,8710,3598,5112,2226,1714,512,925,441,484,245,87,158,2102,496,1606,1074,433,641,855,192,663,222,46,176,1061,189,872
117,District-Sirohi,Rural,18,16722,7167,9555,4424,3578,846,1627,878,749,402,186,216,2915,604,2311,2789,1125,1664,2032,404,1628,537,103,434,1996,289,1707
117,District-Sirohi,Rural,19,10352,4337,6015,3078,2605,473,933,476,457,207,76,131,1980,339,1641,1528,533,995,1167,161,1006,262,38,224,1197,109,1088
117,District-Sirohi,Urban,5-19,18665,8914,9751,2021,1806,215,526,341,185,136,82,54,5166,1545,3621,572,363,209,246,123,123,54,23,31,9944,4631,5313
117,District-Sirohi,Urban,5,3110,1701,1409,0,0,0,0,0,0,0,0,0,20,7,13,2,1,1,5,5,0,0,0,0,3083,1688,1395
117,District-Sirohi,Urban,6,2433,1293,1140,1,1,0,0,0,0,0,0,0,23,13,10,11,6,5,2,1,1,0,0,0,2396,1272,1124
117,District-Sirohi,Urban,7,820,406,414,0,0,0,0,0,0,0,0,0,83,42,41,1,1,0,3,2,1,1,0,1,732,361,371
117,District-Sirohi,Urban,8,641,303,338,0,0,0,1,1,0,0,0,0,83,43,40,4,1,3,5,2,3,0,0,0,548,256,292
117,District-Sirohi,Urban,9,412,178,234,2,1,1,1,0,1,0,0,0,94,42,52,5,3,2,5,3,2,1,0,1,304,129,175
117,District-Sirohi,Urban,10,650,279,371,5,4,1,5,3,2,1,1,0,130,59,71,10,5,5,9,6,3,4,2,2,486,199,287
117,District-Sirohi,Urban,11,455,203,252,21,17,4,4,3,1,0,0,0,139,63,76,10,7,3,5,3,2,2,1,1,274,109,165
117,District-Sirohi,Urban,12,679,280,399,27,25,2,11,5,6,3,3,0,223,85,138,27,13,14,11,7,4,7,3,4,370,139,231
117,District-Sirohi,Urban,13,647,266,381,33,29,4,14,7,7,7,2,5,246,91,155,24,14,10,14,6,8,3,1,2,306,116,190
117,District-Sirohi,Urban,14,821,334,487,68,60,8,41,21,20,7,6,1,375,123,252,40,22,18,23,12,11,3,1,2,264,89,175
117,District-Sirohi,Urban,15,1137,483,654,150,129,21,59,31,28,21,12,9,510,165,345,47,25,22,33,12,21,9,6,3,308,103,205
117,District-Sirohi,Urban,16,1349,585,764,232,200,32,80,43,37,24,12,12,646,190,456,87,54,33,30,20,10,7,3,4,243,63,180
117,District-Sirohi,Urban,17,1381,617,764,278,240,38,92,60,32,23,16,7,710,189,521,77,58,19,28,14,14,6,4,2,167,36,131
117,District-Sirohi,Urban,18,2231,1069,1162,612,549,63,116,88,28,34,20,14,1007,256,751,141,95,46,51,19,32,5,1,4,265,41,224
117,District-Sirohi,Urban,19,1899,917,982,592,551,41,102,79,23,16,10,6,877,177,700,86,58,28,22,11,11,6,1,5,198,30,168
118,District-Pali,Total,5-19,241035,97959,143076,31312,21103,10209,18951,7297,11654,4994,1635,3359,50445,13189,37256,10475,3816,6659,9182,1774,7408,2544,499,2045,113132,48646,64486
118,District-Pali,Total,5,36587,19291,17296,17,13,4,4,2,2,4,1,3,258,150,108,147,79,68,57,21,36,21,9,12,36079,19016,17063
118,District-Pali,Total,6,26222,13266,12956,27,19,8,9,3,6,3,1,2,301,163,138,111,53,58,43,20,23,14,10,4,25714,12997,12717
118,District-Pali,Total,7,9846,4507,5339,45,26,19,26,12,14,5,3,2,567,278,289,72,34,38,47,11,36,17,8,9,9067,4135,4932
118,District-Pali,Total,8,7207,2958,4249,39,24,15,25,13,12,8,5,3,663,301,362,80,33,47,51,11,40,28,11,17,6313,2560,3753
118,District-Pali,Total,9,4673,1838,2835,28,16,12,24,6,18,8,3,5,690,308,382,73,27,46,46,12,34,31,6,25,3773,1460,2313
118,District-Pali,Total,10,8080,3020,5060,80,38,42,64,14,50,33,7,26,1343,572,771,181,64,117,163,43,120,124,40,84,6092,2242,3850
118,District-Pali,Total,11,5520,1895,3625,200,119,81,146,37,109,73,13,60,1468,540,928,178,62,116,184,46,138,87,24,63,3184,1054,2130
118,District-Pali,Total,12,8982,2908,6074,465,284,181,369,116,253,145,52,93,2696,893,1803,356,132,224,409,92,317,182,42,140,4360,1297,3063
118,District-Pali,Total,13,8748,2459,6289,673,354,319,595,179,416,245,61,184,3198,867,2331,380,132,248,431,71,360,186,34,152,3040,761,2279
118,District-Pali,Total,14,12209,3688,8521,1367,753,614,1266,389,877,404,109,295,4621,1291,3330,595,198,397,665,115,550,244,40,204,3047,793,2254
118,District-Pali,Total,15,17537,5743,11794,2795,1646,1149,2157,735,1422,649,205,444,6254,1654,4600,1087,395,692,1096,252,844,300,53,247,3199,803,2396
118,District-Pali,Total,16,20680,7059,13621,4284,2615,1669,3076,1100,1976,820,256,564,6938,1718,5220,1356,487,869,1231,242,989,299,52,247,2676,589,2087
118,District-Pali,Total,17,19203,7061,12142,4873,3215,1658,2995,1100,1895,739,235,504,6206,1440,4766,1297,467,830,1123,238,885,244,49,195,1726,317,1409
118,District-Pali,Total,18,32751,13014,19737,9461,6720,2741,4899,2100,2799,1120,400,720,8972,1891,7081,2708,1000,1708,2199,394,1805,470,81,389,2922,428,2494
118,District-Pali,Total,19,22790,9252,13538,6958,5261,1697,3296,1491,1805,738,284,454,6270,1123,5147,1854,653,1201,1437,206,1231,297,40,257,1940,194,1746
118,District-Pali,Rural,5-19,196598,77475,119123,25375,15979,9396,17713,6658,11055,4658,1453,3205,38155,9984,28171,9028,2916,6112,8702,1613,7089,2411,442,1969,90556,38430,52126
118,District-Pali,Rural,5,29329,15333,13996,14,10,4,4,2,2,3,0,3,169,97,72,125,70,55,46,18,28,20,8,12,28948,15128,13820
118,District-Pali,Rural,6,20964,10494,10470,21,13,8,7,1,6,2,0,2,199,106,93,93,41,52,31,15,16,13,9,4,20598,10309,10289
118,District-Pali,Rural,7,7880,3563,4317,34,17,17,22,10,12,4,2,2,442,219,223,56,25,31,43,11,32,16,8,8,7263,3271,3992
118,District-Pali,Rural,8,5915,2390,3525,33,21,12,24,13,11,8,5,3,512,231,281,66,26,40,48,10,38,28,11,17,5196,2073,3123
118,District-Pali,Rural,9,3825,1454,2371,21,10,11,22,4,18,8,3,5,573,254,319,66,24,42,38,10,28,29,6,23,3068,1143,1925
118,District-Pali,Rural,10,6624,2396,4228,69,29,40,59,14,45,32,7,25,1095,458,637,149,47,102,153,40,113,114,33,81,4953,1768,3185
118,District-Pali,Rural,11,4589,1501,3088,160,86,74,141,36,105,68,10,58,1196,429,767,158,54,104,178,41,137,84,23,61,2604,822,1782
118,District-Pali,Rural,12,7440,2296,5144,374,207,167,341,98,243,140,48,92,2171,695,1476,299,98,201,385,83,302,174,38,136,3556,1029,2527
118,District-Pali,Rural,13,7337,1950,5387,565,267,298,556,162,394,234,57,177,2627,681,1946,331,104,227,407,66,341,174,30,144,2443,583,1860
118,District-Pali,Rural,14,10240,2929,7311,1144,570,574,1197,359,838,387,102,285,3679,1007,2672,492,143,349,638,107,531,229,32,197,2474,609,1865
118,District-Pali,Rural,15,14595,4593,10002,2354,1287,1067,2020,660,1360,610,189,421,4895,1287,3608,907,292,615,1043,232,811,280,46,234,2486,600,1886
118,District-Pali,Rural,16,17398,5733,11665,3613,2046,1567,2887,1025,1862,769,233,536,5393,1347,4046,1166,377,789,1174,227,947,285,46,239,2111,432,1679
118,District-Pali,Rural,17,15596,5487,10109,3883,2391,1492,2795,996,1799,687,207,480,4553,1057,3496,1111,346,765,1050,208,842,232,46,186,1285,236,1049
118,District-Pali,Rural,18,26613,10198,16415,7612,5090,2522,4596,1930,2666,1035,353,682,6329,1339,4990,2362,765,1597,2093,355,1738,451,73,378,2135,293,1842
118,District-Pali,Rural,19,18253,7158,11095,5478,3935,1543,3042,1348,1694,671,237,434,4322,777,3545,1647,504,1143,1375,190,1185,282,33,249,1436,134,1302
118,District-Pali,Urban,5-19,44437,20484,23953,5937,5124,813,1238,639,599,336,182,154,12290,3205,9085,1447,900,547,480,161,319,133,57,76,22576,10216,12360
118,District-Pali,Urban,5,7258,3958,3300,3,3,0,0,0,0,1,1,0,89,53,36,22,9,13,11,3,8,1,1,0,7131,3888,3243
118,District-Pali,Urban,6,5258,2772,2486,6,6,0,2,2,0,1,1,0,102,57,45,18,12,6,12,5,7,1,1,0,5116,2688,2428
118,District-Pali,Urban,7,1966,944,1022,11,9,2,4,2,2,1,1,0,125,59,66,16,9,7,4,0,4,1,0,1,1804,864,940
118,District-Pali,Urban,8,1292,568,724,6,3,3,1,0,1,0,0,0,151,70,81,14,7,7,3,1,2,0,0,0,1117,487,630
118,District-Pali,Urban,9,848,384,464,7,6,1,2,2,0,0,0,0,117,54,63,7,3,4,8,2,6,2,0,2,705,317,388
118,District-Pali,Urban,10,1456,624,832,11,9,2,5,0,5,1,0,1,248,114,134,32,17,15,10,3,7,10,7,3,1139,474,665
118,District-Pali,Urban,11,931,394,537,40,33,7,5,1,4,5,3,2,272,111,161,20,8,12,6,5,1,3,1,2,580,232,348
118,District-Pali,Urban,12,1542,612,930,91,77,14,28,18,10,5,4,1,525,198,327,57,34,23,24,9,15,8,4,4,804,268,536
118,District-Pali,Urban,13,1411,509,902,108,87,21,39,17,22,11,4,7,571,186,385,49,28,21,24,5,19,12,4,8,597,178,419
118,District-Pali,Urban,14,1969,759,1210,223,183,40,69,30,39,17,7,10,942,284,658,103,55,48,27,8,19,15,8,7,573,184,389
118,District-Pali,Urban,15,2942,1150,1792,441,359,82,137,75,62,39,16,23,1359,367,992,180,103,77,53,20,33,20,7,13,713,203,510
118,District-Pali,Urban,16,3282,1326,1956,671,569,102,189,75,114,51,23,28,1545,371,1174,190,110,80,57,15,42,14,6,8,565,157,408
118,District-Pali,Urban,17,3607,1574,2033,990,824,166,200,104,96,52,28,24,1653,383,1270,186,121,65,73,30,43,12,3,9,441,81,360
118,District-Pali,Urban,18,6138,2816,3322,1849,1630,219,303,170,133,85,47,38,2643,552,2091,346,235,111,106,39,67,19,8,11,787,135,652
118,District-Pali,Urban,19,4537,2094,2443,1480,1326,154,254,143,111,67,47,20,1948,346,1602,207,149,58,62,16,46,15,7,8,504,60,444
119,District-Ajmer,Total,5-19,314016,137623,176393,39904,29710,10194,15872,7845,8027,3862,1476,2386,62231,20180,42051,18111,5854,12257,9958,1734,8224,2412,450,1962,161666,70374,91292
119,District-Ajmer,Total,5,48294,25217,23077,18,13,5,8,3,5,1,1,0,349,188,161,188,97,91,104,52,52,16,4,12,47610,24859,22751
119,District-Ajmer,Total,6,38375,19496,18879,21,17,4,3,2,1,0,0,0,548,281,267,146,70,76,85,34,51,23,9,14,37549,19083,18466
119,District-Ajmer,Total,7,14654,6828,7826,32,16,16,12,6,6,2,1,1,1183,640,543,119,42,77,62,20,42,28,12,16,13216,6091,7125
119,District-Ajmer,Total,8,10814,4474,6340,58,27,31,32,18,14,3,1,2,1503,745,758,178,61,117,88,22,66,40,10,30,8912,3590,5322
119,District-Ajmer,Total,9,7478,3046,4432,51,30,21,42,18,24,22,7,15,1460,673,787,152,40,112,114,23,91,49,15,34,5588,2240,3348
119,District-Ajmer,Total,10,11851,4555,7296,193,90,103,106,34,72,57,12,45,2448,1043,1405,412,129,283,248,49,199,102,28,74,8285,3170,5115
119,District-Ajmer,Total,11,8565,3104,5461,327,187,140,171,48,123,82,19,63,2432,1017,1415,385,105,280,264,48,216,95,14,81,4809,1666,3143
119,District-Ajmer,Total,12,13128,4486,8642,820,448,372,409,148,261,164,47,117,3937,1476,2461,839,235,604,540,91,449,192,37,155,6227,2004,4223
119,District-Ajmer,Total,13,12589,4016,8573,1003,525,478,634,198,436,220,63,157,4084,1403,2681,877,223,654,643,100,543,172,26,146,4956,1478,3478
119,District-Ajmer,Total,14,15592,5241,10351,1875,1102,773,1113,407,706,321,100,221,5404,1734,3670,1176,334,842,748,119,629,234,35,199,4721,1410,3311
119,District-Ajmer,Total,15,20580,7861,12719,3422,2264,1158,1769,815,954,489,194,295,6751,2270,4481,1892,643,1249,1097,191,906,261,62,199,4899,1422,3477
119,District-Ajmer,Total,16,23529,9483,14046,4966,3537,1429,2327,1088,1239,609,229,380,7551,2396,5155,2248,765,1483,1252,239,1013,270,52,218,4306,1177,3129
119,District-Ajmer,Total,17,21445,9411,12034,5734,4393,1341,2213,1165,1048,503,202,301,6686,1970,4716,1984,647,1337,1066,178,888,240,44,196,3019,812,2207
119,District-Ajmer,Total,18,39658,17806,21852,12207,9632,2575,4189,2290,1899,843,373,470,10432,2613,7819,4558,1536,3022,2246,375,1871,430,62,368,4753,925,3828
119,District-Ajmer,Total,19,27464,12599,14865,9177,7429,1748,2844,1605,1239,546,227,319,7463,1731,5732,2957,927,2030,1401,193,1208,260,40,220,2816,447,2369
119,District-Ajmer,Rural,5-19,226838,93992,132846,29981,21159,8822,14363,6765,7598,3561,1258,2303,39280,12306,26974,15493,4039,11454,9294,1398,7896,2302,388,1914,112564,46679,65885
119,District-Ajmer,Rural,5,33245,17153,16092,10,9,1,5,1,4,1,1,0,172,82,90,129,61,68,66,31,35,16,4,12,32846,16964,15882
119,District-Ajmer,Rural,6,25448,12690,12758,11,9,2,2,1,1,0,0,0,284,154,130,104,46,58,62,25,37,18,7,11,24967,12448,12519
119,District-Ajmer,Rural,7,10108,4488,5620,20,11,9,9,4,5,2,1,1,748,388,360,98,30,68,50,14,36,26,10,16,9155,4030,5125
119,District-Ajmer,Rural,8,7988,3098,4890,42,16,26,29,16,13,3,1,2,982,466,516,152,43,109,82,17,65,40,10,30,6658,2529,4129
119,District-Ajmer,Rural,9,5428,2050,3378,39,20,19,39,15,24,21,6,15,971,436,535,126,22,104,104,18,86,47,14,33,4081,1519,2562
119,District-Ajmer,Rural,10,8901,3105,5796,152,61,91,97,29,68,53,10,43,1772,711,1061,347,86,261,227,39,188,97,26,71,6156,2143,4013
119,District-Ajmer,Rural,11,6422,2039,4383,235,114,121,152,38,114,78,16,62,1716,651,1065,330,67,263,248,39,209,90,11,79,3573,1103,2470
119,District-Ajmer,Rural,12,10111,3037,7074,602,283,319,382,130,252,157,43,114,2911,1033,1878,730,161,569,510,72,438,180,29,151,4639,1286,3353
119,District-Ajmer,Rural,13,9709,2697,7012,806,368,438,599,179,420,210,57,153,2913,906,2007,765,146,619,612,88,524,167,24,143,3637,929,2708
119,District-Ajmer,Rural,14,12023,3637,8386,1503,804,699,1038,356,682,305,89,216,3880,1161,2719,1010,225,785,704,99,605,227,32,195,3356,871,2485
119,District-Ajmer,Rural,15,15695,5514,10181,2665,1637,1028,1621,714,907,450,168,282,4636,1463,3173,1586,436,1150,1029,160,869,248,52,196,3460,884,2576
119,District-Ajmer,Rural,16,17861,6784,11077,3879,2623,1256,2143,960,1183,565,198,367,4926,1508,3418,1940,539,1401,1168,186,982,258,47,211,2982,723,2259
119,District-Ajmer,Rural,17,15513,6497,9016,4260,3112,1148,1969,987,982,462,172,290,3950,1126,2824,1679,441,1238,990,146,844,227,36,191,1976,477,1499
119,District-Ajmer,Rural,18,29253,12664,16589,9239,7008,2231,3796,2002,1794,764,311,453,5742,1366,4376,3940,1090,2850,2117,306,1811,409,52,357,3246,529,2717
119,District-Ajmer,Rural,19,19133,8539,10594,6518,5084,1434,2482,1333,1149,490,185,305,3677,855,2822,2557,646,1911,1325,158,1167,252,34,218,1832,244,1588
119,District-Ajmer,Urban,5-19,87178,43631,43547,9923,8551,1372,1509,1080,429,301,218,83,22951,7874,15077,2618,1815,803,664,336,328,110,62,48,49102,23695,25407
119,District-Ajmer,Urban,5,15049,8064,6985,8,4,4,3,2,1,0,0,0,177,106,71,59,36,23,38,21,17,0,0,0,14764,7895,6869
119,District-Ajmer,Urban,6,12927,6806,6121,10,8,2,1,1,0,0,0,0,264,127,137,42,24,18,23,9,14,5,2,3,12582,6635,5947
119,District-Ajmer,Urban,7,4546,2340,2206,12,5,7,3,2,1,0,0,0,435,252,183,21,12,9,12,6,6,2,2,0,4061,2061,2000
119,District-Ajmer,Urban,8,2826,1376,1450,16,11,5,3,2,1,0,0,0,521,279,242,26,18,8,6,5,1,0,0,0,2254,1061,1193
119,District-Ajmer,Urban,9,2050,996,1054,12,10,2,3,3,0,1,1,0,489,237,252,26,18,8,10,5,5,2,1,1,1507,721,786
119,District-Ajmer,Urban,10,2950,1450,1500,41,29,12,9,5,4,4,2,2,676,332,344,65,43,22,21,10,11,5,2,3,2129,1027,1102
119,District-Ajmer,Urban,11,2143,1065,1078,92,73,19,19,10,9,4,3,1,716,366,350,55,38,17,16,9,7,5,3,2,1236,563,673
119,District-Ajmer,Urban,12,3017,1449,1568,218,165,53,27,18,9,7,4,3,1026,443,583,109,74,35,30,19,11,12,8,4,1588,718,870
119,District-Ajmer,Urban,13,2880,1319,1561,197,157,40,35,19,16,10,6,4,1171,497,674,112,77,35,31,12,19,5,2,3,1319,549,770
119,District-Ajmer,Urban,14,3569,1604,1965,372,298,74,75,51,24,16,11,5,1524,573,951,166,109,57,44,20,24,7,3,4,1365,539,826
119,District-Ajmer,Urban,15,4885,2347,2538,757,627,130,148,101,47,39,26,13,2115,807,1308,306,207,99,68,31,37,13,10,3,1439,538,901
119,District-Ajmer,Urban,16,5668,2699,2969,1087,914,173,184,128,56,44,31,13,2625,888,1737,308,226,82,84,53,31,12,5,7,1324,454,870
119,District-Ajmer,Urban,17,5932,2914,3018,1474,1281,193,244,178,66,41,30,11,2736,844,1892,305,206,99,76,32,44,13,8,5,1043,335,708
119,District-Ajmer,Urban,18,10405,5142,5263,2968,2624,344,393,288,105,79,62,17,4690,1247,3443,618,446,172,129,69,60,21,10,11,1507,396,1111
119,District-Ajmer,Urban,19,8331,4060,4271,2659,2345,314,362,272,90,56,42,14,3786,876,2910,400,281,119,76,35,41,8,6,2,984,203,781
120,District-Tonk,Total,5-19,153790,62766,91024,19653,12404,7249,9303,3859,5444,2713,976,1737,23727,7323,16404,12174,3133,9041,6905,1096,5809,2043,350,1693,77272,33625,43647
120,District-Tonk,Total,5,26281,13771,12510,10,5,5,2,0,2,1,1,0,141,74,67,99,58,41,50,27,23,20,10,10,25958,13596,12362
120,District-Tonk,Total,6,19238,9920,9318,13,9,4,0,0,0,0,0,0,201,99,102,62,32,30,34,16,18,29,15,14,18899,9749,9150
120,District-Tonk,Total,7,6259,2789,3470,17,13,4,4,3,1,3,1,2,344,165,179,44,14,30,28,9,19,17,5,12,5802,2579,3223
120,District-Tonk,Total,8,4207,1745,2462,25,11,14,13,6,7,6,4,2,445,223,222,50,14,36,27,7,20,32,7,25,3609,1473,2136
120,District-Tonk,Total,9,2755,1050,1705,23,12,11,17,8,9,9,4,5,424,210,214,62,21,41,42,11,31,29,5,24,2149,779,1370
120,District-Tonk,Total,10,4737,1783,2954,64,21,43,43,8,35,31,9,22,771,319,452,149,45,104,133,27,106,71,15,56,3475,1339,2136
120,District-Tonk,Total,11,3398,1110,2288,122,65,57,84,25,59,43,7,36,803,272,531,163,51,112,130,23,107,69,13,56,1984,654,1330
120,District-Tonk,Total,12,5374,1682,3692,374,194,180,251,65,186,89,17,72,1390,478,912,444,131,313,301,54,247,124,27,97,2401,716,1685
120,District-Tonk,Total,13,5872,1686,4186,566,258,308,336,91,245,156,35,121,1711,540,1171,516,121,395,335,49,286,159,33,126,2093,559,1534
120,District-Tonk,Total,14,7251,2146,5105,890,458,432,598,175,423,250,68,182,2241,697,1544,746,178,568,514,97,417,172,22,150,1840,451,1389
120,District-Tonk,Total,15,10464,3373,7091,1787,966,821,1057,389,668,353,97,256,2804,829,1975,1273,372,901,760,122,638,263,50,213,2167,548,1619
120,District-Tonk,Total,16,11912,4106,7806,2403,1431,972,1404,509,895,437,154,283,3054,953,2101,1552,451,1101,884,159,725,240,28,212,1938,421,1517
120,District-Tonk,Total,17,10734,3875,6859,2676,1700,976,1371,562,809,362,148,214,2551,733,1818,1386,340,1046,779,124,655,197,28,169,1412,240,1172
120,District-Tonk,Total,18,21238,8129,13109,6167,4096,2071,2450,1191,1259,614,262,352,4191,1088,3103,3445,844,2601,1727,243,1484,382,59,323,2262,346,1916
120,District-Tonk,Total,19,14070,5601,8469,4516,3165,1351,1673,827,846,359,169,190,2656,643,2013,2183,461,1722,1161,128,1033,239,33,206,1283,175,1108
120,District-Tonk,Rural,5-19,121206,47140,74066,15825,9466,6359,8401,3317,5084,2534,870,1664,16853,5134,11719,9852,1853,7999,6281,801,5480,1879,266,1613,59581,25433,34148
120,District-Tonk,Rural,5,21401,11170,10231,9,5,4,1,0,1,1,1,0,109,59,50,82,47,35,40,22,18,19,9,10,21140,11027,10113
120,District-Tonk,Rural,6,15493,7924,7569,9,5,4,0,0,0,0,0,0,153,75,78,54,26,28,29,13,16,27,13,14,15221,7792,7429
120,District-Tonk,Rural,7,4832,2086,2746,12,9,3,4,3,1,3,1,2,252,116,136,29,7,22,27,9,18,17,5,12,4488,1936,2552
120,District-Tonk,Rural,8,3069,1194,1875,20,6,14,13,6,7,6,4,2,325,162,163,42,10,32,23,4,19,28,7,21,2612,995,1617
120,District-Tonk,Rural,9,2064,715,1349,19,8,11,15,7,8,9,4,5,349,172,177,50,14,36,36,7,29,28,5,23,1558,498,1060
120,District-Tonk,Rural,10,3539,1216,2323,54,16,38,40,5,35,30,8,22,602,242,360,121,33,88,122,26,96,68,13,55,2502,873,1629
120,District-Tonk,Rural,11,2555,706,1849,100,47,53,78,20,58,41,7,34,627,194,433,122,29,93,117,16,101,62,7,55,1408,386,1022
120,District-Tonk,Rural,12,4120,1100,3020,299,142,157,226,52,174,80,14,66,1075,344,731,344,71,273,280,44,236,116,23,93,1700,410,1290
120,District-Tonk,Rural,13,4621,1118,3503,448,174,274,304,72,232,154,35,119,1332,394,938,423,69,354,313,36,277,139,18,121,1508,320,1188
120,District-Tonk,Rural,14,5709,1479,4230,717,338,379,549,147,402,239,62,177,1706,505,1201,585,96,489,459,73,386,163,18,145,1291,240,1051
120,District-Tonk,Rural,15,8270,2398,5872,1443,738,705,962,329,633,339,89,250,2080,568,1512,997,227,770,688,88,600,242,38,204,1519,321,1198
120,District-Tonk,Rural,16,9353,2936,6417,1948,1086,862,1270,428,842,410,138,272,2152,665,1487,1209,249,960,787,113,674,217,18,199,1360,239,1121
120,District-Tonk,Rural,17,8434,2859,5575,2170,1313,857,1240,484,756,332,130,202,1777,524,1253,1090,185,905,693,80,613,183,20,163,949,123,826
120,District-Tonk,Rural,18,16767,6112,10655,5040,3223,1817,2202,1043,1159,561,227,334,2668,688,1980,2870,524,2346,1601,184,1417,348,43,305,1477,180,1297
120,District-Tonk,Rural,19,10979,4127,6852,3537,2356,1181,1497,721,776,329,150,179,1646,426,1220,1834,266,1568,1066,86,980,222,29,193,848,93,755
120,District-Tonk,Urban,5-19,32584,15626,16958,3828,2938,890,902,542,360,179,106,73,6874,2189,4685,2322,1280,1042,624,295,329,164,84,80,17691,8192,9499
120,District-Tonk,Urban,5,4880,2601,2279,1,0,1,1,0,1,0,0,0,32,15,17,17,11,6,10,5,5,1,1,0,4818,2569,2249
120,District-Tonk,Urban,6,3745,1996,1749,4,4,0,0,0,0,0,0,0,48,24,24,8,6,2,5,3,2,2,2,0,3678,1957,1721
120,District-Tonk,Urban,7,1427,703,724,5,4,1,0,0,0,0,0,0,92,49,43,15,7,8,1,0,1,0,0,0,1314,643,671
120,District-Tonk,Urban,8,1138,551,587,5,5,0,0,0,0,0,0,0,120,61,59,8,4,4,4,3,1,4,0,4,997,478,519
120,District-Tonk,Urban,9,691,335,356,4,4,0,2,1,1,0,0,0,75,38,37,12,7,5,6,4,2,1,0,1,591,281,310
120,District-Tonk,Urban,10,1198,567,631,10,5,5,3,3,0,1,1,0,169,77,92,28,12,16,11,1,10,3,2,1,973,466,507
120,District-Tonk,Urban,11,843,404,439,22,18,4,6,5,1,2,0,2,176,78,98,41,22,19,13,7,6,7,6,1,576,268,308
120,District-Tonk,Urban,12,1254,582,672,75,52,23,25,13,12,9,3,6,315,134,181,100,60,40,21,10,11,8,4,4,701,306,395
120,District-Tonk,Urban,13,1251,568,683,118,84,34,32,19,13,2,0,2,379,146,233,93,52,41,22,13,9,20,15,5,585,239,346
120,District-Tonk,Urban,14,1542,667,875,173,120,53,49,28,21,11,6,5,535,192,343,161,82,79,55,24,31,9,4,5,549,211,338
120,District-Tonk,Urban,15,2194,975,1219,344,228,116,95,60,35,14,8,6,724,261,463,276,145,131,72,34,38,21,12,9,648,227,421
120,District-Tonk,Urban,16,2559,1170,1389,455,345,110,134,81,53,27,16,11,902,288,614,343,202,141,97,46,51,23,10,13,578,182,396
120,District-Tonk,Urban,17,2300,1016,1284,506,387,119,131,78,53,30,18,12,774,209,565,296,155,141,86,44,42,14,8,6,463,117,346
120,District-Tonk,Urban,18,4471,2017,2454,1127,873,254,248,148,100,53,35,18,1523,400,1123,575,320,255,126,59,67,34,16,18,785,166,619
120,District-Tonk,Urban,19,3091,1474,1617,979,809,170,176,106,70,30,19,11,1010,217,793,349,195,154,95,42,53,17,4,13,435,82,353
121,District-Bundi,Total,5-19,122053,53013,69040,14686,10855,3831,10597,4839,5758,3739,1429,2310,19558,5957,13601,7747,3108,4639,6911,1408,5503,2254,462,1792,56561,24955,31606
121,District-Bundi,Total,5,20132,10702,9430,5,4,1,1,1,0,0,0,0,94,60,34,89,47,42,68,33,35,40,19,21,19835,10538,9297
121,District-Bundi,Total,6,13133,6692,6441,2,0,2,2,1,1,0,0,0,122,71,51,55,29,26,58,25,33,43,17,26,12851,6549,6302
121,District-Bundi,Total,7,4778,2154,2624,8,5,3,7,4,3,3,1,2,226,105,121,29,15,14,60,25,35,42,19,23,4403,1980,2423
121,District-Bundi,Total,8,3571,1436,2135,21,11,10,12,2,10,12,2,10,287,134,153,35,17,18,57,25,32,45,11,34,3102,1234,1868
121,District-Bundi,Total,9,2065,811,1254,18,13,5,17,5,12,14,6,8,270,115,155,43,17,26,46,10,36,38,9,29,1619,636,983
121,District-Bundi,Total,10,3643,1469,2174,52,27,25,44,17,27,32,11,21,529,237,292,134,63,71,133,42,91,107,24,83,2612,1048,1564
121,District-Bundi,Total,11,2460,880,1580,88,59,29,98,27,71,66,24,42,564,205,359,112,47,65,130,31,99,82,19,63,1320,468,852
121,District-Bundi,Total,12,4642,1670,2972,279,187,92,298,94,204,167,50,117,1164,429,735,285,137,148,345,95,250,193,48,145,1911,630,1281
121,District-Bundi,Total,13,4321,1403,2918,310,199,111,405,132,273,208,68,140,1247,414,833,283,107,176,379,70,309,138,27,111,1351,386,965
121,District-Bundi,Total,14,5729,2000,3729,655,388,267,719,291,428,335,110,225,1636,531,1105,460,176,284,486,107,379,208,53,155,1230,344,886
121,District-Bundi,Total,15,8679,3335,5344,1326,914,412,1190,490,700,498,183,315,2293,732,1561,880,384,496,781,196,585,277,59,218,1434,377,1057
121,District-Bundi,Total,16,10219,4093,6126,1970,1410,560,1674,745,929,621,242,379,2596,780,1816,952,411,541,891,181,710,261,39,222,1254,285,969
121,District-Bundi,Total,17,9105,3784,5321,2062,1523,539,1547,710,837,461,177,284,2244,656,1588,914,372,542,787,153,634,201,35,166,889,158,731
121,District-Bundi,Total,18,17971,7642,10329,4630,3553,1077,2798,1416,1382,832,366,466,3787,938,2849,2184,822,1362,1588,267,1321,384,57,327,1768,223,1545
121,District-Bundi,Total,19,11605,4942,6663,3260,2562,698,1785,904,881,490,189,301,2499,550,1949,1292,464,828,1102,148,954,195,26,169,982,99,883
121,District-Bundi,Rural,5-19,103765,44032,59733,12409,8905,3504,9820,4324,5496,3534,1298,2236,14615,4431,10184,7077,2690,4387,6627,1291,5336,2177,439,1738,47506,20654,26852
121,District-Bundi,Rural,5,17031,9012,8019,4,3,1,0,0,0,0,0,0,70,46,24,81,41,40,65,32,33,40,19,21,16771,8871,7900
121,District-Bundi,Rural,6,10979,5534,5445,2,0,2,2,1,1,0,0,0,95,55,40,44,25,19,54,22,32,43,17,26,10739,5414,5325
121,District-Bundi,Rural,7,4069,1826,2243,8,5,3,6,3,3,3,1,2,184,91,93,29,15,14,58,24,34,42,19,23,3739,1668,2071
121,District-Bundi,Rural,8,3043,1201,1842,19,11,8,11,2,9,12,2,10,233,103,130,28,14,14,53,22,31,43,10,33,2644,1037,1607
121,District-Bundi,Rural,9,1755,656,1099,14,10,4,16,4,12,14,6,8,215,89,126,39,14,25,41,8,33,34,8,26,1382,517,865
121,District-Bundi,Rural,10,3153,1235,1918,52,27,25,41,17,24,28,9,19,428,186,242,119,55,64,129,41,88,105,23,82,2251,877,1374
121,District-Bundi,Rural,11,2133,737,1396,73,46,27,92,24,68,65,23,42,462,170,292,107,42,65,118,28,90,79,18,61,1137,386,751
121,District-Bundi,Rural,12,4029,1363,2666,243,155,88,284,83,201,163,49,114,973,340,633,259,121,138,329,88,241,185,44,141,1593,483,1110
121,District-Bundi,Rural,13,3780,1175,2605,274,168,106,388,121,267,199,62,137,1008,330,678,261,96,165,366,63,303,135,27,108,1149,308,841
121,District-Bundi,Rural,14,5007,1673,3334,574,325,249,681,265,416,319,100,219,1321,418,903,416,148,268,463,99,364,203,50,153,1030,268,762
121,District-Bundi,Rural,15,7518,2777,4741,1125,748,377,1117,438,679,479,170,309,1807,572,1235,807,338,469,746,175,571,272,58,214,1165,278,887
121,District-Bundi,Rural,16,8820,3432,5388,1683,1170,513,1548,663,885,587,221,366,1966,578,1388,885,369,516,860,170,690,246,38,208,1045,223,822
121,District-Bundi,Rural,17,7646,3070,4576,1708,1239,469,1436,630,806,433,158,275,1590,450,1140,820,313,507,759,139,620,190,30,160,710,111,599
121,District-Bundi,Rural,18,15244,6357,8887,3940,2945,995,2581,1282,1299,778,332,446,2652,648,2004,2002,706,1296,1528,243,1285,373,52,321,1390,149,1241
121,District-Bundi,Rural,19,9558,3984,5574,2690,2053,637,1617,791,826,454,165,289,1611,355,1256,1180,393,787,1058,137,921,187,26,161,761,64,697
121,District-Bundi,Urban,5-19,18288,8981,9307,2277,1950,327,777,515,262,205,131,74,4943,1526,3417,670,418,252,284,117,167,77,23,54,9055,4301,4754
121,District-Bundi,Urban,5,3101,1690,1411,1,1,0,1,1,0,0,0,0,24,14,10,8,6,2,3,1,2,0,0,0,3064,1667,1397
121,District-Bundi,Urban,6,2154,1158,996,0,0,0,0,0,0,0,0,0,27,16,11,11,4,7,4,3,1,0,0,0,2112,1135,977
121,District-Bundi,Urban,7,709,328,381,0,0,0,1,1,0,0,0,0,42,14,28,0,0,0,2,1,1,0,0,0,664,312,352
121,District-Bundi,Urban,8,528,235,293,2,0,2,1,0,1,0,0,0,54,31,23,7,3,4,4,3,1,2,1,1,458,197,261
121,District-Bundi,Urban,9,310,155,155,4,3,1,1,1,0,0,0,0,55,26,29,4,3,1,5,2,3,4,1,3,237,119,118
121,District-Bundi,Urban,10,490,234,256,0,0,0,3,0,3,4,2,2,101,51,50,15,8,7,4,1,3,2,1,1,361,171,190
121,District-Bundi,Urban,11,327,143,184,15,13,2,6,3,3,1,1,0,102,35,67,5,5,0,12,3,9,3,1,2,183,82,101
121,District-Bundi,Urban,12,613,307,306,36,32,4,14,11,3,4,1,3,191,89,102,26,16,10,16,7,9,8,4,4,318,147,171
121,District-Bundi,Urban,13,541,228,313,36,31,5,17,11,6,9,6,3,239,84,155,22,11,11,13,7,6,3,0,3,202,78,124
121,District-Bundi,Urban,14,722,327,395,81,63,18,38,26,12,16,10,6,315,113,202,44,28,16,23,8,15,5,3,2,200,76,124
121,District-Bundi,Urban,15,1161,558,603,201,166,35,73,52,21,19,13,6,486,160,326,73,46,27,35,21,14,5,1,4,269,99,170
121,District-Bundi,Urban,16,1399,661,738,287,240,47,126,82,44,34,21,13,630,202,428,67,42,25,31,11,20,15,1,14,209,62,147
121,District-Bundi,Urban,17,1459,714,745,354,284,70,111,80,31,28,19,9,654,206,448,94,59,35,28,14,14,11,5,6,179,47,132
121,District-Bundi,Urban,18,2727,1285,1442,690,608,82,217,134,83,54,34,20,1135,290,845,182,116,66,60,24,36,11,5,6,378,74,304
121,District-Bundi,Urban,19,2047,958,1089,570,509,61,168,113,55,36,24,12,888,195,693,112,71,41,44,11,33,8,0,8,221,35,186
122,District-Bhilwara,Total,5-19,311409,133786,177623,49803,34048,15755,19790,9603,10187,4729,1895,2834,51560,16623,34937,23641,7152,16489,13648,2739,10909,3562,747,2815,144676,60979,83697
122,District-Bhilwara,Total,5,48786,25264,23522,45,30,15,13,5,8,7,2,5,563,288,275,284,142,142,188,88,100,49,19,30,47637,24690,22947
122,District-Bhilwara,Total,6,33186,16533,16653,36,26,10,11,6,5,0,0,0,702,332,370,214,99,115,147,63,84,52,25,27,32024,15982,16042
122,District-Bhilwara,Total,7,12869,5704,7165,89,64,25,32,16,16,6,0,6,1003,486,517,169,61,108,156,60,96,62,29,33,11352,4988,6364
122,District-Bhilwara,Total,8,9825,3813,6012,104,66,38,52,26,26,16,7,9,1246,564,682,213,61,152,204,49,155,95,26,69,7895,3014,4881
122,District-Bhilwara,Total,9,7201,2645,4556,93,41,52,68,27,41,26,8,18,1221,533,688,209,63,146,188,48,140,105,25,80,5291,1900,3391
122,District-Bhilwara,Total,10,11636,4036,7600,283,130,153,177,54,123,90,27,63,2163,867,1296,488,148,340,446,94,352,197,53,144,7792,2663,5129
122,District-Bhilwara,Total,11,8351,2778,5573,470,253,217,282,87,195,128,31,97,2156,829,1327,467,140,327,396,71,325,178,38,140,4274,1329,2945
122,District-Bhilwara,Total,12,13877,4576,9301,1216,640,576,721,248,473,266,90,176,3773,1374,2399,1111,331,780,809,175,634,312,68,244,5669,1650,4019
122,District-Bhilwara,Total,13,12770,4066,8704,1502,802,700,891,337,554,328,98,230,3915,1323,2592,1045,297,748,727,141,586,287,55,232,4075,1013,3062
122,District-Bhilwara,Total,14,15855,5490,10365,2682,1473,1209,1503,618,885,472,195,277,4744,1573,3171,1490,440,1050,966,214,752,301,70,231,3697,907,2790
122,District-Bhilwara,Total,15,22716,9008,13708,4898,3120,1778,2418,1164,1254,680,269,411,6136,2112,4024,2591,885,1706,1519,354,1165,430,91,339,4044,1013,3031
122,District-Bhilwara,Total,16,24683,10260,14423,6826,4507,2319,2942,1427,1515,664,286,378,6230,1986,4244,2850,950,1900,1606,332,1274,383,72,311,3182,700,2482
122,District-Bhilwara,Total,17,21985,9529,12456,7085,4960,2125,2755,1408,1347,565,235,330,5024,1448,3576,2644,739,1905,1373,260,1113,312,56,256,2227,423,1804
122,District-Bhilwara,Total,18,40647,17784,22863,14139,10211,3928,4850,2551,2299,950,405,545,7643,1891,5752,6087,1714,4373,3004,494,2510,509,82,427,3465,436,3029
122,District-Bhilwara,Total,19,27022,12300,14722,10335,7725,2610,3075,1629,1446,531,242,289,5041,1017,4024,3779,1082,2697,1919,296,1623,290,38,252,2052,271,1781
122,District-Bhilwara,Rural,5-19,267582,112027,155555,43405,28556,14849,18687,8820,9867,4506,1761,2745,40503,13062,27441,21900,6085,15815,12965,2424,10541,3402,696,2706,122214,50623,71591
122,District-Bhilwara,Rural,5,41337,21234,20103,34,19,15,10,4,6,6,1,5,348,171,177,221,101,120,161,73,88,48,18,30,40509,20847,19662
122,District-Bhilwara,Rural,6,27691,13697,13994,28,20,8,9,5,4,0,0,0,461,213,248,168,70,98,124,52,72,52,25,27,26849,13312,13537
122,District-Bhilwara,Rural,7,10926,4762,6164,67,46,21,26,11,15,6,0,6,733,350,383,143,48,95,138,48,90,60,27,33,9753,4232,5521
122,District-Bhilwara,Rural,8,8363,3142,5221,78,51,27,50,24,26,16,7,9,975,434,541,180,44,136,184,40,144,93,25,68,6787,2517,4270
122,District-Bhilwara,Rural,9,6081,2128,3953,75,28,47,64,25,39,26,8,18,955,401,554,193,56,137,177,42,135,101,23,78,4490,1545,2945
122,District-Bhilwara,Rural,10,10063,3303,6760,254,110,144,164,43,121,90,27,63,1779,677,1102,457,131,326,414,73,341,191,52,139,6714,2190,4524
122,District-Bhilwara,Rural,11,7230,2265,4965,405,203,202,269,78,191,127,31,96,1813,666,1147,439,127,312,381,65,316,172,35,137,3624,1060,2564
122,District-Bhilwara,Rural,12,12302,3840,8462,1100,539,561,689,227,462,256,83,173,3264,1153,2111,1040,283,757,766,152,614,308,68,240,4879,1335,3544
122,District-Bhilwara,Rural,13,11323,3452,7871,1373,697,676,865,323,542,316,93,223,3366,1109,2257,969,256,713,687,127,560,276,53,223,3471,794,2677
122,District-Bhilwara,Rural,14,14068,4708,9360,2448,1291,1157,1444,578,866,455,185,270,3983,1296,2687,1384,378,1006,928,194,734,291,64,227,3135,722,2413
122,District-Bhilwara,Rural,15,20067,7721,12346,4387,2691,1696,2309,1080,1229,651,250,401,5108,1752,3356,2392,766,1626,1435,317,1118,408,81,327,3377,784,2593
122,District-Bhilwara,Rural,16,21798,8810,12988,6076,3883,2193,2804,1340,1464,636,268,368,5108,1619,3489,2648,812,1836,1541,297,1244,360,64,296,2625,527,2098
122,District-Bhilwara,Rural,17,18895,7946,10949,6143,4160,1983,2587,1285,1302,536,218,318,3830,1112,2718,2464,620,1844,1305,224,1081,295,52,243,1735,275,1460
122,District-Bhilwara,Rural,18,34884,14932,19952,12202,8504,3698,4541,2329,2212,895,374,521,5452,1397,4055,5716,1492,4224,2888,455,2433,477,74,403,2713,307,2406
122,District-Bhilwara,Rural,19,22554,10087,12467,8735,6314,2421,2856,1468,1388,490,216,274,3328,712,2616,3486,901,2585,1836,265,1571,270,35,235,1553,176,1377
122,District-Bhilwara,Urban,5-19,43827,21759,22068,6398,5492,906,1103,783,320,223,134,89,11057,3561,7496,1741,1067,674,683,315,368,160,51,109,22462,10356,12106
122,District-Bhilwara,Urban,5,7449,4030,3419,11,11,0,3,1,2,1,1,0,215,117,98,63,41,22,27,15,12,1,1,0,7128,3843,3285
122,District-Bhilwara,Urban,6,5495,2836,2659,8,6,2,2,1,1,0,0,0,241,119,122,46,29,17,23,11,12,0,0,0,5175,2670,2505
122,District-Bhilwara,Urban,7,1943,942,1001,22,18,4,6,5,1,0,0,0,270,136,134,26,13,13,18,12,6,2,2,0,1599,756,843
122,District-Bhilwara,Urban,8,1462,671,791,26,15,11,2,2,0,0,0,0,271,130,141,33,17,16,20,9,11,2,1,1,1108,497,611
122,District-Bhilwara,Urban,9,1120,517,603,18,13,5,4,2,2,0,0,0,266,132,134,16,7,9,11,6,5,4,2,2,801,355,446
122,District-Bhilwara,Urban,10,1573,733,840,29,20,9,13,11,2,0,0,0,384,190,194,31,17,14,32,21,11,6,1,5,1078,473,605
122,District-Bhilwara,Urban,11,1121,513,608,65,50,15,13,9,4,1,0,1,343,163,180,28,13,15,15,6,9,6,3,3,650,269,381
122,District-Bhilwara,Urban,12,1575,736,839,116,101,15,32,21,11,10,7,3,509,221,288,71,48,23,43,23,20,4,0,4,790,315,475
122,District-Bhilwara,Urban,13,1447,614,833,129,105,24,26,14,12,12,5,7,549,214,335,76,41,35,40,14,26,11,2,9,604,219,385
122,District-Bhilwara,Urban,14,1787,782,1005,234,182,52,59,40,19,17,10,7,761,277,484,106,62,44,38,20,18,10,6,4,562,185,377
122,District-Bhilwara,Urban,15,2649,1287,1362,511,429,82,109,84,25,29,19,10,1028,360,668,199,119,80,84,37,47,22,10,12,667,229,438
122,District-Bhilwara,Urban,16,2885,1450,1435,750,624,126,138,87,51,28,18,10,1122,367,755,202,138,64,65,35,30,23,8,15,557,173,384
122,District-Bhilwara,Urban,17,3090,1583,1507,942,800,142,168,123,45,29,17,12,1194,336,858,180,119,61,68,36,32,17,4,13,492,148,344
122,District-Bhilwara,Urban,18,5763,2852,2911,1937,1707,230,309,222,87,55,31,24,2191,494,1697,371,222,149,116,39,77,32,8,24,752,129,623
122,District-Bhilwara,Urban,19,4468,2213,2255,1600,1411,189,219,161,58,41,26,15,1713,305,1408,293,181,112,83,31,52,20,3,17,499,95,404
123,District-Rajsamand,Total,5-19,127245,54748,72497,20278,14117,6161,13990,6013,7977,4217,1350,2867,21155,5155,16000,5349,1610,3739,4786,762,4024,1498,243,1255,55972,25498,30474
123,District-Rajsamand,Total,5,22154,11674,10480,5,3,2,4,2,2,0,0,0,103,53,50,48,24,24,22,14,8,14,11,3,21958,11567,10391
123,District-Rajsamand,Total,6,14818,7575,7243,9,5,4,1,0,1,2,0,2,149,72,77,37,19,18,24,6,18,26,12,14,14570,7461,7109
123,District-Rajsamand,Total,7,5135,2352,2783,4,0,4,6,1,5,2,0,2,168,78,90,35,9,26,21,6,15,28,6,22,4871,2252,2619
123,District-Rajsamand,Total,8,3138,1272,1866,15,10,5,10,1,9,4,1,3,259,109,150,35,11,24,34,8,26,38,9,29,2743,1123,1620
123,District-Rajsamand,Total,9,1868,739,1129,19,10,9,23,9,14,8,2,6,264,119,145,56,18,38,44,12,32,23,5,18,1431,564,867
123,District-Rajsamand,Total,10,3168,1134,2034,53,28,25,71,25,46,30,12,18,477,179,298,115,41,74,114,27,87,72,18,54,2236,804,1432
123,District-Rajsamand,Total,11,2111,723,1388,147,82,65,128,42,86,64,25,39,561,202,359,110,32,78,107,24,83,53,6,47,941,310,631
123,District-Rajsamand,Total,12,3964,1309,2655,355,208,147,378,117,261,138,44,94,1145,372,773,262,74,188,273,66,207,92,22,70,1321,406,915
123,District-Rajsamand,Total,13,3867,1192,2675,526,287,239,468,156,312,221,63,158,1272,348,924,214,58,156,219,43,176,89,17,72,858,220,638
123,District-Rajsamand,Total,14,5428,1846,3582,982,554,428,857,323,534,334,109,225,1757,495,1262,334,90,244,298,63,235,111,23,88,755,189,566
123,District-Rajsamand,Total,15,8801,3333,5468,1914,1224,690,1599,634,965,566,182,384,2607,749,1858,563,213,350,452,89,363,179,34,145,921,208,713
123,District-Rajsamand,Total,16,10684,4204,6480,2768,1865,903,2076,891,1185,675,228,447,2940,713,2227,660,222,438,595,118,477,179,22,157,791,145,646
123,District-Rajsamand,Total,17,9997,4170,5827,3005,2134,871,2140,981,1159,612,199,413,2573,545,2028,523,151,372,462,54,408,116,17,99,566,89,477
123,District-Rajsamand,Total,18,19475,7936,11539,6211,4482,1729,3810,1742,2068,980,303,677,4161,687,3474,1434,421,1013,1329,161,1168,297,29,268,1253,111,1142
123,District-Rajsamand,Total,19,12637,5289,7348,4265,3225,1040,2419,1089,1330,581,182,399,2719,434,2285,923,227,696,792,71,721,181,12,169,757,49,708
123,District-Rajsamand,Rural,5-19,115564,49128,66436,18519,12595,5924,13395,5699,7696,4091,1279,2812,18065,4405,13660,5024,1447,3577,4591,682,3909,1452,226,1226,50427,22795,27632
123,District-Rajsamand,Rural,5,20091,10561,9530,4,2,2,3,1,2,0,0,0,74,42,32,46,23,23,17,10,7,14,11,3,19933,10472,9461
123,District-Rajsamand,Rural,6,13261,6738,6523,8,5,3,1,0,1,2,0,2,104,48,56,35,19,16,22,4,18,24,11,13,13065,6651,6414
123,District-Rajsamand,Rural,7,4651,2106,2545,4,0,4,5,1,4,2,0,2,152,68,84,32,8,24,20,5,15,28,6,22,4408,2018,2390
123,District-Rajsamand,Rural,8,2842,1142,1700,14,9,5,9,1,8,4,1,3,224,96,128,32,9,23,33,7,26,38,9,29,2488,1010,1478
123,District-Rajsamand,Rural,9,1667,630,1037,17,9,8,20,7,13,8,2,6,223,95,128,55,18,37,41,11,30,21,3,18,1282,485,797
123,District-Rajsamand,Rural,10,2897,1002,1895,49,25,24,68,24,44,30,12,18,441,162,279,110,39,71,112,26,86,71,18,53,2016,696,1320
123,District-Rajsamand,Rural,11,1917,645,1272,135,71,64,122,40,82,63,24,39,515,189,326,101,26,75,103,24,79,53,6,47,825,265,560
123,District-Rajsamand,Rural,12,3651,1159,2492,326,182,144,369,111,258,137,44,93,1013,313,700,249,70,179,257,56,201,87,18,69,1213,365,848
123,District-Rajsamand,Rural,13,3560,1061,2499,495,259,236,449,146,303,216,59,157,1133,310,823,204,53,151,205,38,167,89,17,72,769,179,590
123,District-Rajsamand,Rural,14,5034,1662,3372,901,491,410,836,314,522,329,106,223,1588,434,1154,314,83,231,285,57,228,108,23,85,673,154,519
123,District-Rajsamand,Rural,15,8116,3036,5080,1790,1126,664,1541,602,939,545,169,376,2320,668,1652,521,194,327,429,79,350,176,33,143,794,165,629
123,District-Rajsamand,Rural,16,9867,3830,6037,2561,1693,868,1995,843,1152,657,218,439,2586,624,1962,619,195,424,572,110,462,174,20,154,703,127,576
123,District-Rajsamand,Rural,17,9082,3739,5343,2727,1892,835,2048,932,1116,587,188,399,2194,459,1735,483,133,350,454,50,404,110,16,94,479,69,410
123,District-Rajsamand,Rural,18,17725,7169,10556,5691,4026,1665,3633,1654,1979,957,287,670,3414,568,2846,1344,371,973,1279,142,1137,283,24,259,1124,97,1027
123,District-Rajsamand,Rural,19,11203,4648,6555,3797,2805,992,2296,1023,1273,554,169,385,2084,329,1755,879,206,673,762,63,699,176,11,165,655,42,613
123,District-Rajsamand,Urban,5-19,11681,5620,6061,1759,1522,237,595,314,281,126,71,55,3090,750,2340,325,163,162,195,80,115,46,17,29,5545,2703,2842
123,District-Rajsamand,Urban,5,2063,1113,950,1,1,0,1,1,0,0,0,0,29,11,18,2,1,1,5,4,1,0,0,0,2025,1095,930
123,District-Rajsamand,Urban,6,1557,837,720,1,0,1,0,0,0,0,0,0,45,24,21,2,0,2,2,2,0,2,1,1,1505,810,695
123,District-Rajsamand,Urban,7,484,246,238,0,0,0,1,0,1,0,0,0,16,10,6,3,1,2,1,1,0,0,0,0,463,234,229
123,District-Rajsamand,Urban,8,296,130,166,1,1,0,1,0,1,0,0,0,35,13,22,3,2,1,1,1,0,0,0,0,255,113,142
123,District-Rajsamand,Urban,9,201,109,92,2,1,1,3,2,1,0,0,0,41,24,17,1,0,1,3,1,2,2,2,0,149,79,70
123,District-Rajsamand,Urban,10,271,132,139,4,3,1,3,1,2,0,0,0,36,17,19,5,2,3,2,1,1,1,0,1,220,108,112
123,District-Rajsamand,Urban,11,194,78,116,12,11,1,6,2,4,1,1,0,46,13,33,9,6,3,4,0,4,0,0,0,116,45,71
123,District-Rajsamand,Urban,12,313,150,163,29,26,3,9,6,3,1,0,1,132,59,73,13,4,9,16,10,6,5,4,1,108,41,67
123,District-Rajsamand,Urban,13,307,131,176,31,28,3,19,10,9,5,4,1,139,38,101,10,5,5,14,5,9,0,0,0,89,41,48
123,District-Rajsamand,Urban,14,394,184,210,81,63,18,21,9,12,5,3,2,169,61,108,20,7,13,13,6,7,3,0,3,82,35,47
123,District-Rajsamand,Urban,15,685,297,388,124,98,26,58,32,26,21,13,8,287,81,206,42,19,23,23,10,13,3,1,2,127,43,84
123,District-Rajsamand,Urban,16,817,374,443,207,172,35,81,48,33,18,10,8,354,89,265,41,27,14,23,8,15,5,2,3,88,18,70
123,District-Rajsamand,Urban,17,915,431,484,278,242,36,92,49,43,25,11,14,379,86,293,40,18,22,8,4,4,6,1,5,87,20,67
123,District-Rajsamand,Urban,18,1750,767,983,520,456,64,177,88,89,23,16,7,747,119,628,90,50,40,50,19,31,14,5,9,129,14,115
123,District-Rajsamand,Urban,19,1434,641,793,468,420,48,123,66,57,27,13,14,635,105,530,44,21,23,30,8,22,5,1,4,102,7,95
124,District-Dungarpur,Total,5-19,172382,79168,93214,6488,4929,1559,20374,11337,9037,12021,5953,6068,23309,10231,13078,2998,1304,1694,12409,3491,8918,7933,1910,6023,86850,40013,46837
124,District-Dungarpur,Total,5,29767,15535,14232,5,3,2,9,4,5,4,1,3,128,70,58,100,57,43,119,48,71,47,22,25,29355,15330,14025
124,District-Dungarpur,Total,6,21172,10635,10537,4,3,1,9,4,5,2,1,1,175,91,84,76,45,31,111,46,65,36,19,17,20759,10426,10333
124,District-Dungarpur,Total,7,8282,3929,4353,9,7,2,26,14,12,13,8,5,400,216,184,24,12,12,68,26,42,29,13,16,7713,3633,4080
124,District-Dungarpur,Total,8,5618,2484,3134,16,9,7,27,13,14,14,5,9,484,248,236,36,15,21,76,27,49,68,32,36,4897,2135,2762
124,District-Dungarpur,Total,9,3747,1620,2127,16,11,5,38,15,23,25,8,17,487,254,233,37,14,23,87,32,55,64,17,47,2993,1269,1724
124,District-Dungarpur,Total,10,6390,2730,3660,27,15,12,85,34,51,54,23,31,980,492,488,61,30,31,182,67,115,173,64,109,4828,2005,2823
124,District-Dungarpur,Total,11,4367,1820,2547,66,49,17,167,102,65,112,47,65,974,450,524,55,22,33,240,79,161,162,46,116,2591,1025,1566
124,District-Dungarpur,Total,12,6687,2663,4024,143,100,43,434,213,221,299,147,152,1876,861,1015,113,49,64,454,140,314,381,110,271,2987,1043,1944
124,District-Dungarpur,Total,13,5724,2352,3372,155,106,49,609,295,314,415,186,229,1807,845,962,102,35,67,450,136,314,355,96,259,1831,653,1178
124,District-Dungarpur,Total,14,7931,3337,4594,299,227,72,1125,587,538,831,388,443,2291,1074,1217,168,80,88,799,236,563,530,148,382,1888,597,1291
124,District-Dungarpur,Total,15,11475,5192,6283,587,439,148,2160,1210,950,1443,731,712,2867,1406,1461,291,136,155,1308,411,897,929,251,678,1890,608,1282
124,District-Dungarpur,Total,16,13356,6000,7356,797,589,208,2944,1654,1290,1931,1007,924,3098,1395,1703,328,159,169,1562,457,1105,1057,254,803,1639,485,1154
124,District-Dungarpur,Total,17,11419,5193,6226,860,654,206,2946,1667,1279,1719,888,831,2272,967,1305,323,141,182,1430,404,1026,895,205,690,974,267,707
124,District-Dungarpur,Total,18,22280,9732,12548,1935,1511,424,6037,3447,2590,3263,1614,1649,3254,1154,2100,758,316,442,3365,886,2479,2061,449,1612,1607,355,1252
124,District-Dungarpur,Total,19,14167,5946,8221,1569,1206,363,3758,2078,1680,1896,899,997,2216,708,1508,526,193,333,2158,496,1662,1146,184,962,898,182,716
124,District-Dungarpur,Rural,5-19,165331,75681,89650,5673,4241,1432,19962,11066,8896,11894,5864,6030,21090,9467,11623,2858,1227,1631,12238,3438,8800,7882,1889,5993,83734,38489,45245
124,District-Dungarpur,Rural,5,28506,14868,13638,4,3,1,9,4,5,4,1,3,119,64,55,94,55,39,118,47,71,47,22,25,28111,14672,13439
124,District-Dungarpur,Rural,6,20249,10132,10117,4,3,1,8,4,4,2,1,1,156,77,79,71,41,30,108,44,64,36,19,17,19864,9943,9921
124,District-Dungarpur,Rural,7,8067,3809,4258,8,6,2,26,14,12,13,8,5,372,200,172,22,11,11,67,25,42,28,13,15,7531,3532,3999
124,District-Dungarpur,Rural,8,5506,2432,3074,15,8,7,25,13,12,14,5,9,457,231,226,36,15,21,73,24,49,67,32,35,4819,2104,2715
124,District-Dungarpur,Rural,9,3662,1575,2087,16,11,5,38,15,23,24,8,16,462,237,225,36,14,22,87,32,55,64,17,47,2935,1241,1694
124,District-Dungarpur,Rural,10,6215,2645,3570,22,13,9,85,34,51,53,22,31,926,467,459,59,28,31,176,66,110,173,64,109,4721,1951,2770
124,District-Dungarpur,Rural,11,4247,1773,2474,58,42,16,162,99,63,112,47,65,925,429,496,54,22,32,240,79,161,160,46,114,2536,1009,1527
124,District-Dungarpur,Rural,12,6479,2565,3914,130,88,42,428,209,219,296,145,151,1779,818,961,110,47,63,447,137,310,377,107,270,2912,1014,1898
124,District-Dungarpur,Rural,13,5509,2252,3257,133,88,45,596,290,306,410,181,229,1704,805,899,97,30,67,444,135,309,350,94,256,1775,629,1146
124,District-Dungarpur,Rural,14,7626,3206,4420,256,195,61,1102,574,528,822,383,439,2130,1018,1112,162,76,86,785,233,552,527,147,380,1842,580,1262
124,District-Dungarpur,Rural,15,11007,4975,6032,521,382,139,2111,1183,928,1430,720,710,2643,1325,1318,278,129,149,1284,405,879,924,249,675,1816,582,1234
124,District-Dungarpur,Rural,16,12798,5745,7053,688,504,184,2885,1614,1271,1918,1000,918,2827,1309,1518,309,151,158,1535,448,1087,1049,251,798,1587,468,1119
124,District-Dungarpur,Rural,17,10884,4936,5948,760,574,186,2885,1623,1262,1699,874,825,2004,879,1125,302,131,171,1413,396,1017,892,204,688,929,255,674
124,District-Dungarpur,Rural,18,21250,9233,12017,1706,1308,398,5919,3368,2551,3218,1582,1636,2794,1024,1770,724,296,428,3323,876,2447,2048,443,1605,1518,336,1182
124,District-Dungarpur,Rural,19,13326,5535,7791,1352,1016,336,3683,2022,1661,1879,887,992,1792,584,1208,504,181,323,2138,491,1647,1140,181,959,838,173,665
124,District-Dungarpur,Urban,5-19,7051,3487,3564,815,688,127,412,271,141,127,89,38,2219,764,1455,140,77,63,171,53,118,51,21,30,3116,1524,1592
124,District-Dungarpur,Urban,5,1261,667,594,1,0,1,0,0,0,0,0,0,9,6,3,6,2,4,1,1,0,0,0,0,1244,658,586
124,District-Dungarpur,Urban,6,923,503,420,0,0,0,1,0,1,0,0,0,19,14,5,5,4,1,3,2,1,0,0,0,895,483,412
124,District-Dungarpur,Urban,7,215,120,95,1,1,0,0,0,0,0,0,0,28,16,12,2,1,1,1,1,0,1,0,1,182,101,81
124,District-Dungarpur,Urban,8,112,52,60,1,1,0,2,0,2,0,0,0,27,17,10,0,0,0,3,3,0,1,0,1,78,31,47
124,District-Dungarpur,Urban,9,85,45,40,0,0,0,0,0,0,1,0,1,25,17,8,1,0,1,0,0,0,0,0,0,58,28,30
124,District-Dungarpur,Urban,10,175,85,90,5,2,3,0,0,0,1,1,0,54,25,29,2,2,0,6,1,5,0,0,0,107,54,53
124,District-Dungarpur,Urban,11,120,47,73,8,7,1,5,3,2,0,0,0,49,21,28,1,0,1,0,0,0,2,0,2,55,16,39
124,District-Dungarpur,Urban,12,208,98,110,13,12,1,6,4,2,3,2,1,97,43,54,3,2,1,7,3,4,4,3,1,75,29,46
124,District-Dungarpur,Urban,13,215,100,115,22,18,4,13,5,8,5,5,0,103,40,63,5,5,0,6,1,5,5,2,3,56,24,32
124,District-Dungarpur,Urban,14,305,131,174,43,32,11,23,13,10,9,5,4,161,56,105,6,4,2,14,3,11,3,1,2,46,17,29
124,District-Dungarpur,Urban,15,468,217,251,66,57,9,49,27,22,13,11,2,224,81,143,13,7,6,24,6,18,5,2,3,74,26,48
124,District-Dungarpur,Urban,16,558,255,303,109,85,24,59,40,19,13,7,6,271,86,185,19,8,11,27,9,18,8,3,5,52,17,35
124,District-Dungarpur,Urban,17,535,257,278,100,80,20,61,44,17,20,14,6,268,88,180,21,10,11,17,8,9,3,1,2,45,12,33
124,District-Dungarpur,Urban,18,1030,499,531,229,203,26,118,79,39,45,32,13,460,130,330,34,20,14,42,10,32,13,6,7,89,19,70
124,District-Dungarpur,Urban,19,841,411,430,217,190,27,75,56,19,17,12,5,424,124,300,22,12,10,20,5,15,6,3,3,60,9,51
125,District-Banswara,Total,5-19,249758,109983,139775,18230,12452,5778,25143,12133,13010,8845,4005,4840,20277,8690,11587,14290,4923,9367,24913,6213,18700,9853,2604,7249,128207,58963,69244
125,District-Banswara,Total,5,41441,21180,20261,23,17,6,6,5,1,6,2,4,147,82,65,158,70,88,145,72,73,74,35,39,40882,20897,19985
125,District-Banswara,Total,6,33118,16719,16399,12,6,6,16,10,6,9,5,4,246,123,123,126,69,57,139,62,77,117,54,63,32453,16390,16063
125,District-Banswara,Total,7,13524,6426,7098,23,14,9,29,9,20,16,4,12,456,232,224,92,37,55,173,84,89,109,38,71,12626,6008,6618
125,District-Banswara,Total,8,10286,4405,5881,23,14,9,38,10,28,22,10,12,597,298,299,96,40,56,209,74,135,247,80,167,9054,3879,5175
125,District-Banswara,Total,9,6331,2538,3793,31,16,15,57,22,35,39,13,26,570,253,317,113,48,65,261,80,181,203,68,135,5057,2038,3019
125,District-Banswara,Total,10,10382,4122,6260,63,31,32,173,63,110,146,53,93,1169,508,661,204,83,121,569,178,391,570,184,386,7488,3022,4466
125,District-Banswara,Total,11,6905,2666,4239,142,90,52,311,131,180,222,93,129,1153,550,603,240,84,156,605,182,423,439,128,311,3793,1408,2385
125,District-Banswara,Total,12,10922,4075,6847,388,243,145,751,331,420,485,208,277,1962,898,1064,524,175,349,1269,352,917,947,264,683,4596,1604,2992
125,District-Banswara,Total,13,8783,3262,5521,466,255,211,979,424,555,540,212,328,1641,719,922,513,189,324,1138,309,829,711,219,492,2795,935,1860
125,District-Banswara,Total,14,11589,4629,6960,849,508,341,1855,868,987,896,402,494,2032,934,1098,747,273,474,1843,546,1297,887,260,627,2480,838,1642
125,District-Banswara,Total,15,15949,6706,9243,1668,1112,556,3088,1511,1577,1280,602,678,2343,1078,1265,1382,565,817,2854,853,2001,1172,314,858,2162,671,1491
125,District-Banswara,Total,16,17312,7345,9967,2283,1538,745,3980,1945,2035,1410,675,735,2086,907,1179,1526,571,955,3176,885,2291,1182,306,876,1669,518,1151
125,District-Banswara,Total,17,14860,6274,8586,2577,1748,829,3516,1757,1759,1068,497,571,1727,671,1056,1490,533,957,2678,615,2063,839,180,659,965,273,692
125,District-Banswara,Total,18,28738,11902,16836,5425,3809,1616,6307,3107,3200,1702,785,917,2463,913,1550,4055,1352,2703,5919,1305,4614,1486,320,1166,1381,311,1070
125,District-Banswara,Total,19,19618,7734,11884,4257,3051,1206,4037,1940,2097,1004,444,560,1685,524,1161,3024,834,2190,3935,616,3319,870,154,716,806,171,635
125,District-Banswara,Rural,5-19,240581,105373,135208,17100,11493,5607,24833,11918,12915,8772,3951,4821,17628,7779,9849,13993,4749,9244,24762,6140,18622,9830,2594,7236,123663,56749,66914
125,District-Banswara,Rural,5,39947,20368,19579,14,10,4,5,4,1,6,2,4,122,70,52,125,57,68,137,66,71,74,35,39,39464,20124,19340
125,District-Banswara,Rural,6,31965,16112,15853,9,5,4,15,10,5,9,5,4,208,104,104,107,57,50,133,59,74,117,54,63,31367,15818,15549
125,District-Banswara,Rural,7,13119,6231,6888,18,11,7,28,8,20,16,4,12,423,215,208,83,33,50,166,80,86,109,38,71,12276,5842,6434
125,District-Banswara,Rural,8,10081,4315,5766,18,13,5,37,10,27,22,10,12,576,289,287,92,39,53,208,73,135,247,80,167,8881,3801,5080
125,District-Banswara,Rural,9,6004,2378,3626,24,12,12,57,22,35,39,13,26,531,238,293,105,45,60,258,80,178,203,68,135,4787,1900,2887
125,District-Banswara,Rural,10,10043,3969,6074,59,27,32,172,62,110,146,53,93,1121,485,636,195,79,116,565,177,388,570,184,386,7215,2902,4313
125,District-Banswara,Rural,11,6648,2543,4105,128,82,46,304,127,177,221,92,129,1094,524,570,232,81,151,602,180,422,439,128,311,3628,1329,2299
125,District-Banswara,Rural,12,10685,3965,6720,368,226,142,744,327,417,484,207,277,1873,863,1010,519,171,348,1265,349,916,947,264,683,4485,1558,2927
125,District-Banswara,Rural,13,8525,3145,5380,440,239,201,972,419,553,536,209,327,1535,671,864,504,184,320,1135,307,828,710,219,491,2693,897,1796
125,District-Banswara,Rural,14,11232,4453,6779,801,467,334,1845,860,985,889,397,492,1857,871,986,735,264,471,1837,544,1293,886,259,627,2382,791,1591
125,District-Banswara,Rural,15,15459,6477,8982,1593,1052,541,3056,1486,1570,1273,597,676,2120,1004,1116,1355,548,807,2842,847,1995,1167,312,855,2053,631,1422
125,District-Banswara,Rural,16,16728,7046,9682,2170,1438,732,3946,1923,2023,1397,665,732,1788,796,992,1500,555,945,3159,877,2282,1178,302,876,1590,490,1100
125,District-Banswara,Rural,17,14157,5920,8237,2420,1612,808,3482,1732,1750,1057,490,567,1365,545,820,1459,514,945,2654,602,2052,833,179,654,887,246,641
125,District-Banswara,Rural,18,27596,11331,16265,5139,3561,1578,6224,3056,3168,1687,774,913,1901,730,1171,4004,1317,2687,5894,1292,4602,1481,318,1163,1266,283,983
125,District-Banswara,Rural,19,18392,7120,11272,3899,2738,1161,3946,1872,2074,990,433,557,1114,374,740,2978,805,2173,3907,607,3300,869,154,715,689,137,552
125,District-Banswara,Urban,5-19,9177,4610,4567,1130,959,171,310,215,95,73,54,19,2649,911,1738,297,174,123,151,73,78,23,10,13,4544,2214,2330
125,District-Banswara,Urban,5,1494,812,682,9,7,2,1,1,0,0,0,0,25,12,13,33,13,20,8,6,2,0,0,0,1418,773,645
125,District-Banswara,Urban,6,1153,607,546,3,1,2,1,0,1,0,0,0,38,19,19,19,12,7,6,3,3,0,0,0,1086,572,514
125,District-Banswara,Urban,7,405,195,210,5,3,2,1,1,0,0,0,0,33,17,16,9,4,5,7,4,3,0,0,0,350,166,184
125,District-Banswara,Urban,8,205,90,115,5,1,4,1,0,1,0,0,0,21,9,12,4,1,3,1,1,0,0,0,0,173,78,95
125,District-Banswara,Urban,9,327,160,167,7,4,3,0,0,0,0,0,0,39,15,24,8,3,5,3,0,3,0,0,0,270,138,132
125,District-Banswara,Urban,10,339,153,186,4,4,0,1,1,0,0,0,0,48,23,25,9,4,5,4,1,3,0,0,0,273,120,153
125,District-Banswara,Urban,11,257,123,134,14,8,6,7,4,3,1,1,0,59,26,33,8,3,5,3,2,1,0,0,0,165,79,86
125,District-Banswara,Urban,12,237,110,127,20,17,3,7,4,3,1,1,0,89,35,54,5,4,1,4,3,1,0,0,0,111,46,65
125,District-Banswara,Urban,13,258,117,141,26,16,10,7,5,2,4,3,1,106,48,58,9,5,4,3,2,1,1,0,1,102,38,64
125,District-Banswara,Urban,14,357,176,181,48,41,7,10,8,2,7,5,2,175,63,112,12,9,3,6,2,4,1,1,0,98,47,51
125,District-Banswara,Urban,15,490,229,261,75,60,15,32,25,7,7,5,2,223,74,149,27,17,10,12,6,6,5,2,3,109,40,69
125,District-Banswara,Urban,16,584,299,285,113,100,13,34,22,12,13,10,3,298,111,187,26,16,10,17,8,9,4,4,0,79,28,51
125,District-Banswara,Urban,17,703,354,349,157,136,21,34,25,9,11,7,4,362,126,236,31,19,12,24,13,11,6,1,5,78,27,51
125,District-Banswara,Urban,18,1142,571,571,286,248,38,83,51,32,15,11,4,562,183,379,51,35,16,25,13,12,5,2,3,115,28,87
125,District-Banswara,Urban,19,1226,614,612,358,313,45,91,68,23,14,11,3,571,150,421,46,29,17,28,9,19,1,0,1,117,34,83
126,District-Chittaurgarh,Total,5-19,175447,77945,97502,35384,21915,13469,11954,5411,6543,3068,1198,1870,27285,9101,18184,15017,4286,10731,6469,1396,5073,1734,364,1370,74536,34274,40262
126,District-Chittaurgarh,Total,5,28100,14789,13311,20,15,5,1,1,0,1,0,1,195,108,87,134,64,70,55,23,32,22,12,10,27672,14566,13106
126,District-Chittaurgarh,Total,6,18695,9547,9148,8,7,1,1,0,1,2,0,2,222,111,111,106,58,48,44,20,24,25,6,19,18287,9345,8942
126,District-Chittaurgarh,Total,7,6946,3224,3722,33,22,11,10,6,4,2,2,0,543,279,264,71,26,45,50,17,33,32,9,23,6205,2863,3342
126,District-Chittaurgarh,Total,8,5237,2218,3019,32,14,18,18,5,13,11,7,4,739,375,364,119,42,77,86,27,59,43,14,29,4189,1734,2455
126,District-Chittaurgarh,Total,9,3228,1343,1885,42,24,18,20,9,11,12,6,6,636,315,321,122,33,89,82,27,55,40,9,31,2274,920,1354
126,District-Chittaurgarh,Total,10,5490,2187,3303,137,66,71,87,28,59,40,17,23,1125,505,620,280,95,185,192,48,144,120,34,86,3509,1394,2115
126,District-Chittaurgarh,Total,11,3706,1409,2297,273,140,133,143,46,97,56,18,38,1136,488,648,244,80,164,187,42,145,67,13,54,1600,582,1018
126,District-Chittaurgarh,Total,12,6782,2542,4240,820,434,386,372,146,226,159,67,92,1912,776,1136,654,208,446,382,111,271,153,31,122,2330,769,1561
126,District-Chittaurgarh,Total,13,6139,2218,3921,993,486,507,474,189,285,211,69,142,1918,730,1188,600,180,420,362,86,276,141,31,110,1440,447,993
126,District-Chittaurgarh,Total,14,8278,3132,5146,1829,1015,814,914,394,520,305,110,195,2365,805,1560,896,267,629,463,108,355,175,33,142,1331,400,931
126,District-Chittaurgarh,Total,15,13091,5409,7682,3709,2131,1578,1503,672,831,505,193,312,3161,1117,2044,1766,620,1146,762,204,558,203,51,152,1482,421,1061
126,District-Chittaurgarh,Total,16,14441,6023,8418,4796,2906,1890,1937,874,1063,465,179,286,3254,1016,2238,1842,541,1301,793,179,614,181,36,145,1173,292,881
126,District-Chittaurgarh,Total,17,13391,5765,7626,5245,3285,1960,1651,758,893,383,161,222,2809,776,2033,1693,436,1257,659,134,525,131,22,109,820,193,627
126,District-Chittaurgarh,Total,18,25390,10919,14471,10372,6676,3696,2990,1417,1573,554,219,335,4289,1022,3267,4048,1065,2983,1478,238,1240,256,41,215,1403,241,1162
126,District-Chittaurgarh,Total,19,16533,7220,9313,7075,4694,2381,1833,866,967,362,150,212,2981,678,2303,2442,571,1871,874,132,742,145,22,123,821,107,714
126,District-Chittaurgarh,Rural,5-19,155253,67924,87329,32500,19483,13017,11185,4901,6284,2875,1079,1796,21798,7444,14354,14222,3869,10353,6139,1244,4895,1691,344,1347,64843,29560,35283
126,District-Chittaurgarh,Rural,5,24331,12765,11566,16,12,4,1,1,0,1,0,1,135,75,60,121,58,63,46,17,29,22,12,10,23989,12590,11399
126,District-Chittaurgarh,Rural,6,16087,8149,7938,6,5,1,1,0,1,2,0,2,154,83,71,92,51,41,30,14,16,25,6,19,15777,7990,7787
126,District-Chittaurgarh,Rural,7,6096,2797,3299,27,17,10,8,5,3,1,1,0,457,233,224,64,24,40,37,12,25,30,7,23,5472,2498,2974
126,District-Chittaurgarh,Rural,8,4730,1963,2767,28,11,17,16,4,12,11,7,4,665,335,330,113,39,74,81,25,56,43,14,29,3773,1528,2245
126,District-Chittaurgarh,Rural,9,2838,1181,1657,38,20,18,19,9,10,9,4,5,551,286,265,112,29,83,64,20,44,40,9,31,2005,804,1201
126,District-Chittaurgarh,Rural,10,4974,1944,3030,130,60,70,83,27,56,40,17,23,1013,445,568,264,85,179,187,44,143,119,33,86,3138,1233,1905
126,District-Chittaurgarh,Rural,11,3314,1212,2102,255,125,130,141,45,96,53,17,36,993,416,577,231,74,157,171,31,140,67,13,54,1403,491,912
126,District-Chittaurgarh,Rural,12,6234,2279,3955,767,388,379,350,134,216,151,62,89,1696,683,1013,629,192,437,369,105,264,148,28,120,2124,687,1437
126,District-Chittaurgarh,Rural,13,5562,1965,3597,931,441,490,447,166,281,201,64,137,1675,646,1029,568,166,402,341,77,264,139,30,109,1260,375,885
126,District-Chittaurgarh,Rural,14,7570,2827,4743,1723,929,794,876,369,507,295,104,191,2062,705,1357,854,252,602,445,97,348,171,32,139,1144,339,805
126,District-Chittaurgarh,Rural,15,11904,4809,7095,3479,1939,1540,1427,616,811,481,178,303,2645,928,1717,1677,568,1109,729,185,544,198,50,148,1268,345,923
126,District-Chittaurgarh,Rural,16,13049,5350,7699,4459,2628,1831,1834,808,1026,438,162,276,2641,822,1819,1739,489,1250,753,157,596,176,34,142,1009,250,759
126,District-Chittaurgarh,Rural,17,11867,5004,6863,4816,2912,1904,1546,688,858,357,141,216,2132,587,1545,1590,384,1206,626,121,505,127,21,106,673,150,523
126,District-Chittaurgarh,Rural,18,22515,9556,12959,9494,5932,3562,2770,1272,1498,516,199,317,3056,747,2309,3851,956,2895,1423,220,1203,247,35,212,1158,195,963
126,District-Chittaurgarh,Rural,19,14182,6123,8059,6331,4064,2267,1666,757,909,319,123,196,1923,453,1470,2317,502,1815,837,119,718,139,20,119,650,85,565
126,District-Chittaurgarh,Urban,5-19,20194,10021,10173,2884,2432,452,769,510,259,193,119,74,5487,1657,3830,795,417,378,330,152,178,43,20,23,9693,4714,4979
126,District-Chittaurgarh,Urban,5,3769,2024,1745,4,3,1,0,0,0,0,0,0,60,33,27,13,6,7,9,6,3,0,0,0,3683,1976,1707
126,District-Chittaurgarh,Urban,6,2608,1398,1210,2,2,0,0,0,0,0,0,0,68,28,40,14,7,7,14,6,8,0,0,0,2510,1355,1155
126,District-Chittaurgarh,Urban,7,850,427,423,6,5,1,2,1,1,1,1,0,86,46,40,7,2,5,13,5,8,2,2,0,733,365,368
126,District-Chittaurgarh,Urban,8,507,255,252,4,3,1,2,1,1,0,0,0,74,40,34,6,3,3,5,2,3,0,0,0,416,206,210
126,District-Chittaurgarh,Urban,9,390,162,228,4,4,0,1,0,1,3,2,1,85,29,56,10,4,6,18,7,11,0,0,0,269,116,153
126,District-Chittaurgarh,Urban,10,516,243,273,7,6,1,4,1,3,0,0,0,112,60,52,16,10,6,5,4,1,1,1,0,371,161,210
126,District-Chittaurgarh,Urban,11,392,197,195,18,15,3,2,1,1,3,1,2,143,72,71,13,6,7,16,11,5,0,0,0,197,91,106
126,District-Chittaurgarh,Urban,12,548,263,285,53,46,7,22,12,10,8,5,3,216,93,123,25,16,9,13,6,7,5,3,2,206,82,124
126,District-Chittaurgarh,Urban,13,577,253,324,62,45,17,27,23,4,10,5,5,243,84,159,32,14,18,21,9,12,2,1,1,180,72,108
126,District-Chittaurgarh,Urban,14,708,305,403,106,86,20,38,25,13,10,6,4,303,100,203,42,15,27,18,11,7,4,1,3,187,61,126
126,District-Chittaurgarh,Urban,15,1187,600,587,230,192,38,76,56,20,24,15,9,516,189,327,89,52,37,33,19,14,5,1,4,214,76,138
126,District-Chittaurgarh,Urban,16,1392,673,719,337,278,59,103,66,37,27,17,10,613,194,419,103,52,51,40,22,18,5,2,3,164,42,122
126,District-Chittaurgarh,Urban,17,1524,761,763,429,373,56,105,70,35,26,20,6,677,189,488,103,52,51,33,13,20,4,1,3,147,43,104
126,District-Chittaurgarh,Urban,18,2875,1363,1512,878,744,134,220,145,75,38,20,18,1233,275,958,197,109,88,55,18,37,9,6,3,245,46,199
126,District-Chittaurgarh,Urban,19,2351,1097,1254,744,630,114,167,109,58,43,27,16,1058,225,833,125,69,56,37,13,24,6,2,4,171,22,149
127,District-Kota,Total,5-19,164000,78509,85491,20837,16518,4319,10752,5374,5378,3401,1421,1980,40522,12810,27712,6248,3739,2509,3424,1233,2191,954,274,680,77862,37140,40722
127,District-Kota,Total,5,28020,14935,13085,11,9,2,5,4,1,0,0,0,494,277,217,134,78,56,87,43,44,6,2,4,27283,14522,12761
127,District-Kota,Total,6,19822,10372,9450,9,4,5,4,1,3,0,0,0,546,304,242,123,71,52,78,35,43,4,1,3,19058,9956,9102
127,District-Kota,Total,7,7177,3513,3664,25,16,9,8,5,3,1,0,1,484,236,248,52,29,23,45,23,22,9,6,3,6553,3198,3355
127,District-Kota,Total,8,4449,2072,2377,22,16,6,5,3,2,4,2,2,577,276,301,75,50,25,24,13,11,7,3,4,3735,1709,2026
127,District-Kota,Total,9,2789,1310,1479,28,15,13,19,7,12,5,1,4,516,234,282,40,20,20,31,20,11,4,3,1,2146,1010,1136
127,District-Kota,Total,10,4560,2068,2492,72,41,31,49,26,23,15,6,9,918,419,499,101,53,48,62,26,36,20,8,12,3323,1489,1834
127,District-Kota,Total,11,2969,1331,1638,155,114,41,87,38,49,25,10,15,916,393,523,96,56,40,52,21,31,21,8,13,1617,691,926
127,District-Kota,Total,12,5176,2331,2845,350,262,88,199,93,106,91,39,52,1793,742,1051,224,135,89,134,50,84,60,27,33,2325,983,1342
127,District-Kota,Total,13,4866,2017,2849,429,312,117,277,116,161,120,43,77,1987,722,1265,215,111,104,144,51,93,44,11,33,1650,651,999
127,District-Kota,Total,14,6601,2830,3771,822,625,197,580,252,328,228,86,142,2811,977,1834,353,203,150,212,83,129,70,23,47,1525,581,944
127,District-Kota,Total,15,10386,4710,5676,1654,1241,413,1053,490,563,384,167,217,4169,1482,2687,715,430,285,374,155,219,103,25,78,1934,720,1214
127,District-Kota,Total,16,12601,5759,6842,2487,1905,582,1524,719,805,560,234,326,5062,1688,3374,799,493,306,410,165,245,143,43,100,1616,512,1104
127,District-Kota,Total,17,12653,5997,6656,3142,2503,639,1646,824,822,506,222,284,4870,1423,3447,718,482,236,371,138,233,99,32,67,1301,373,928
127,District-Kota,Total,18,24172,11331,12841,6581,5335,1246,3114,1660,1454,866,370,496,8634,2187,6447,1651,994,657,856,262,594,205,54,151,2265,469,1796
127,District-Kota,Total,19,17759,7933,9826,5050,4120,930,2182,1136,1046,596,241,355,6745,1450,5295,952,534,418,544,148,396,159,28,131,1531,276,1255
127,District-Kota,Rural,5-19,77938,34655,43283,9912,7220,2692,8471,3705,4766,2875,1047,1828,17250,4966,12284,2766,1408,1358,2371,634,1737,763,172,591,33530,15503,18027
127,District-Kota,Rural,5,13408,7058,6350,4,4,0,4,3,1,0,0,0,189,105,84,69,36,33,30,14,16,3,1,2,13109,6895,6214
127,District-Kota,Rural,6,8893,4551,4342,3,0,3,1,0,1,0,0,0,222,126,96,53,31,22,29,11,18,3,1,2,8582,4382,4200
127,District-Kota,Rural,7,2793,1349,1444,6,6,0,6,4,2,1,0,1,197,104,93,19,10,9,14,6,8,8,6,2,2542,1213,1329
127,District-Kota,Rural,8,1805,779,1026,15,11,4,4,2,2,1,1,0,251,120,131,27,20,7,10,5,5,2,0,2,1495,620,875
127,District-Kota,Rural,9,1021,424,597,16,8,8,12,4,8,4,0,4,205,82,123,9,3,6,17,9,8,3,2,1,755,316,439
127,District-Kota,Rural,10,1843,748,1095,40,21,19,32,14,18,10,3,7,448,183,265,33,15,18,35,13,22,12,3,9,1233,496,737
127,District-Kota,Rural,11,1194,478,716,55,32,23,64,25,39,21,7,14,402,161,241,37,19,18,30,8,22,16,6,10,569,220,349
127,District-Kota,Rural,12,2433,942,1491,164,107,57,163,71,92,79,28,51,895,326,569,100,51,49,90,24,66,44,17,27,898,318,580
127,District-Kota,Rural,13,2336,820,1516,229,145,84,219,73,146,104,30,74,933,296,637,98,45,53,95,22,73,33,6,27,625,203,422
127,District-Kota,Rural,14,3407,1284,2123,409,285,124,465,173,292,194,61,133,1422,463,959,152,79,73,146,42,104,56,14,42,563,167,396
127,District-Kota,Rural,15,5376,2178,3198,819,567,252,853,346,507,337,134,203,1967,603,1364,333,185,148,268,91,177,82,15,67,717,237,480
127,District-Kota,Rural,16,6676,2735,3941,1234,863,371,1243,535,708,483,179,304,2357,693,1664,351,185,166,288,90,198,116,28,88,604,162,442
127,District-Kota,Rural,17,6130,2597,3533,1443,1065,378,1278,547,731,415,152,263,1941,477,1464,284,173,111,264,73,191,82,22,60,423,88,335
127,District-Kota,Rural,18,12228,5253,6975,3189,2382,807,2450,1155,1295,711,263,448,3428,777,2651,779,370,409,652,155,497,167,36,131,852,115,737
127,District-Kota,Rural,19,8395,3459,4936,2286,1724,562,1677,753,924,515,189,326,2393,450,1943,422,186,236,403,71,332,136,15,121,563,71,492
127,District-Kota,Urban,5-19,86062,43854,42208,10925,9298,1627,2281,1669,612,526,374,152,23272,7844,15428,3482,2331,1151,1053,599,454,191,102,89,44332,21637,22695
127,District-Kota,Urban,5,14612,7877,6735,7,5,2,1,1,0,0,0,0,305,172,133,65,42,23,57,29,28,3,1,2,14174,7627,6547
127,District-Kota,Urban,6,10929,5821,5108,6,4,2,3,1,2,0,0,0,324,178,146,70,40,30,49,24,25,1,0,1,10476,5574,4902
127,District-Kota,Urban,7,4384,2164,2220,19,10,9,2,1,1,0,0,0,287,132,155,33,19,14,31,17,14,1,0,1,4011,1985,2026
127,District-Kota,Urban,8,2644,1293,1351,7,5,2,1,1,0,3,1,2,326,156,170,48,30,18,14,8,6,5,3,2,2240,1089,1151
127,District-Kota,Urban,9,1768,886,882,12,7,5,7,3,4,1,1,0,311,152,159,31,17,14,14,11,3,1,1,0,1391,694,697
127,District-Kota,Urban,10,2717,1320,1397,32,20,12,17,12,5,5,3,2,470,236,234,68,38,30,27,13,14,8,5,3,2090,993,1097
127,District-Kota,Urban,11,1775,853,922,100,82,18,23,13,10,4,3,1,514,232,282,59,37,22,22,13,9,5,2,3,1048,471,577
127,District-Kota,Urban,12,2743,1389,1354,186,155,31,36,22,14,12,11,1,898,416,482,124,84,40,44,26,18,16,10,6,1427,665,762
127,District-Kota,Urban,13,2530,1197,1333,200,167,33,58,43,15,16,13,3,1054,426,628,117,66,51,49,29,20,11,5,6,1025,448,577
127,District-Kota,Urban,14,3194,1546,1648,413,340,73,115,79,36,34,25,9,1389,514,875,201,124,77,66,41,25,14,9,5,962,414,548
127,District-Kota,Urban,15,5010,2532,2478,835,674,161,200,144,56,47,33,14,2202,879,1323,382,245,137,106,64,42,21,10,11,1217,483,734
127,District-Kota,Urban,16,5925,3024,2901,1253,1042,211,281,184,97,77,55,22,2705,995,1710,448,308,140,122,75,47,27,15,12,1012,350,662
127,District-Kota,Urban,17,6523,3400,3123,1699,1438,261,368,277,91,91,70,21,2929,946,1983,434,309,125,107,65,42,17,10,7,878,285,593
127,District-Kota,Urban,18,11944,6078,5866,3392,2953,439,664,505,159,155,107,48,5206,1410,3796,872,624,248,204,107,97,38,18,20,1413,354,1059
127,District-Kota,Urban,19,9364,4474,4890,2764,2396,368,505,383,122,81,52,29,4352,1000,3352,530,348,182,141,77,64,23,13,10,968,205,763
128,District-Baran,Total,5-19,141650,62468,79182,13981,9345,4636,12884,5667,7217,4426,1570,2856,28264,9691,18573,5370,2237,3133,5743,1544,4199,1699,401,1298,69283,32013,37270
128,District-Baran,Total,5,25028,13167,11861,11,8,3,6,5,1,1,0,1,127,72,55,181,80,101,95,43,52,14,8,6,24593,12951,11642
128,District-Baran,Total,6,17348,8775,8573,8,6,2,4,0,4,1,1,0,211,112,99,117,57,60,61,29,32,12,6,6,16934,8564,8370
128,District-Baran,Total,7,6129,2857,3272,21,12,9,21,12,9,3,2,1,343,190,153,59,24,35,30,14,16,17,6,11,5635,2597,3038
128,District-Baran,Total,8,4413,1899,2514,26,11,15,23,14,9,7,1,6,449,193,256,38,21,17,50,24,26,18,7,11,3802,1628,2174
128,District-Baran,Total,9,2575,1039,1536,27,12,15,31,8,23,5,3,2,467,201,266,40,16,24,42,18,24,18,4,14,1945,777,1168
128,District-Baran,Total,10,4318,1814,2504,58,23,35,56,26,30,18,9,9,856,390,466,72,36,36,90,35,55,45,12,33,3123,1283,1840
128,District-Baran,Total,11,2731,1075,1656,102,50,52,82,27,55,47,15,32,848,332,516,65,29,36,92,36,56,43,10,33,1452,576,876
128,District-Baran,Total,12,5336,2160,3176,312,195,117,260,108,152,141,46,95,1809,739,1070,176,96,80,229,81,148,91,31,60,2318,864,1454
128,District-Baran,Total,13,4709,1666,3043,315,169,146,353,134,219,196,55,141,1820,635,1185,181,68,113,206,64,142,93,23,70,1545,518,1027
128,District-Baran,Total,14,6642,2445,4197,606,350,256,801,289,512,351,116,235,2605,932,1673,265,114,151,336,101,235,136,35,101,1542,508,1034
128,District-Baran,Total,15,9579,3913,5666,1206,763,443,1299,547,752,568,217,351,3523,1311,2212,526,259,267,601,176,425,212,52,160,1644,588,1056
128,District-Baran,Total,16,11161,4442,6719,1800,1110,690,1919,811,1108,753,242,511,3711,1271,2440,643,299,344,786,239,547,215,62,153,1334,408,926
128,District-Baran,Total,17,9792,4082,5710,1988,1352,636,1842,795,1047,635,205,430,3133,1042,2091,539,248,291,633,176,457,165,33,132,857,231,626
128,District-Baran,Total,18,19125,7949,11176,4390,3044,1346,3753,1742,2011,1046,390,656,5069,1448,3621,1465,557,908,1453,346,1107,374,75,299,1575,347,1228
128,District-Baran,Total,19,12764,5185,7579,3111,2240,871,2434,1149,1285,654,268,386,3293,823,2470,1003,333,670,1039,162,877,246,37,209,984,173,811
128,District-Baran,Rural,5-19,118027,50833,67194,11314,7340,3974,12074,5113,6961,4207,1442,2765,21820,7338,14482,4705,1826,2879,5405,1380,4025,1580,339,1241,56922,26055,30867
128,District-Baran,Rural,5,20808,10880,9928,10,7,3,5,4,1,1,0,1,98,55,43,154,67,87,83,38,45,14,8,6,20443,10701,9742
128,District-Baran,Rural,6,14382,7262,7120,6,5,1,4,0,4,1,1,0,169,88,81,102,53,49,54,26,28,12,6,6,14034,7083,6951
128,District-Baran,Rural,7,5180,2387,2793,20,11,9,21,12,9,3,2,1,271,142,129,49,21,28,24,11,13,16,5,11,4776,2183,2593
128,District-Baran,Rural,8,3723,1553,2170,24,11,13,22,13,9,6,1,5,382,165,217,35,20,15,43,19,24,18,7,11,3193,1317,1876
128,District-Baran,Rural,9,2186,872,1314,21,7,14,30,8,22,4,2,2,390,162,228,35,14,21,40,17,23,17,4,13,1649,658,991
128,District-Baran,Rural,10,3562,1455,2107,52,19,33,53,24,29,15,8,7,722,320,402,61,28,33,88,33,55,40,10,30,2531,1013,1518
128,District-Baran,Rural,11,2329,877,1452,92,44,48,79,25,54,45,14,31,729,270,459,62,26,36,87,33,54,42,9,33,1193,456,737
128,District-Baran,Rural,12,4465,1728,2737,268,163,105,249,100,149,135,43,92,1513,605,908,145,76,69,215,73,142,83,26,57,1857,642,1215
128,District-Baran,Rural,13,3966,1351,2615,271,142,129,338,124,214,187,50,137,1502,514,988,158,54,104,194,61,133,85,19,66,1231,387,844
128,District-Baran,Rural,14,5671,1982,3689,514,282,232,767,266,501,340,108,232,2143,730,1413,239,97,142,319,91,228,124,28,96,1225,380,845
128,District-Baran,Rural,15,7978,3108,4870,954,570,384,1222,496,726,553,205,348,2797,1012,1785,439,208,231,555,155,400,196,42,154,1262,420,842
128,District-Baran,Rural,16,9432,3603,5829,1488,889,599,1803,732,1071,715,223,492,2919,959,1960,558,240,318,747,217,530,195,52,143,1007,291,716
128,District-Baran,Rural,17,8055,3234,4821,1568,1048,520,1711,711,1000,596,182,414,2326,745,1581,469,201,268,588,155,433,153,27,126,644,165,479
128,District-Baran,Rural,18,15768,6377,9391,3526,2383,1143,3493,1567,1926,991,358,633,3593,1012,2581,1287,441,846,1368,308,1060,357,66,291,1153,242,911
128,District-Baran,Rural,19,10522,4164,6358,2500,1759,741,2277,1031,1246,615,245,370,2266,559,1707,912,280,632,1000,143,857,228,30,198,724,117,607
128,District-Baran,Urban,5-19,23623,11635,11988,2667,2005,662,810,554,256,219,128,91,6444,2353,4091,665,411,254,338,164,174,119,62,57,12361,5958,6403
128,District-Baran,Urban,5,4220,2287,1933,1,1,0,1,1,0,0,0,0,29,17,12,27,13,14,12,5,7,0,0,0,4150,2250,1900
128,District-Baran,Urban,6,2966,1513,1453,2,1,1,0,0,0,0,0,0,42,24,18,15,4,11,7,3,4,0,0,0,2900,1481,1419
128,District-Baran,Urban,7,949,470,479,1,1,0,0,0,0,0,0,0,72,48,24,10,3,7,6,3,3,1,1,0,859,414,445
128,District-Baran,Urban,8,690,346,344,2,0,2,1,1,0,1,0,1,67,28,39,3,1,2,7,5,2,0,0,0,609,311,298
128,District-Baran,Urban,9,389,167,222,6,5,1,1,0,1,1,1,0,77,39,38,5,2,3,2,1,1,1,0,1,296,119,177
128,District-Baran,Urban,10,756,359,397,6,4,2,3,2,1,3,1,2,134,70,64,11,8,3,2,2,0,5,2,3,592,270,322
128,District-Baran,Urban,11,402,198,204,10,6,4,3,2,1,2,1,1,119,62,57,3,3,0,5,3,2,1,1,0,259,120,139
128,District-Baran,Urban,12,871,432,439,44,32,12,11,8,3,6,3,3,296,134,162,31,20,11,14,8,6,8,5,3,461,222,239
128,District-Baran,Urban,13,743,315,428,44,27,17,15,10,5,9,5,4,318,121,197,23,14,9,12,3,9,8,4,4,314,131,183
128,District-Baran,Urban,14,971,463,508,92,68,24,34,23,11,11,8,3,462,202,260,26,17,9,17,10,7,12,7,5,317,128,189
128,District-Baran,Urban,15,1601,805,796,252,193,59,77,51,26,15,12,3,726,299,427,87,51,36,46,21,25,16,10,6,382,168,214
128,District-Baran,Urban,16,1729,839,890,312,221,91,116,79,37,38,19,19,792,312,480,85,59,26,39,22,17,20,10,10,327,117,210
128,District-Baran,Urban,17,1737,848,889,420,304,116,131,84,47,39,23,16,807,297,510,70,47,23,45,21,24,12,6,6,213,66,147
128,District-Baran,Urban,18,3357,1572,1785,864,661,203,260,175,85,55,32,23,1476,436,1040,178,116,62,85,38,47,17,9,8,422,105,317
128,District-Baran,Urban,19,2242,1021,1221,611,481,130,157,118,39,39,23,16,1027,264,763,91,53,38,39,19,20,18,7,11,260,56,204
129,District-Jhalawar,Total,5-19,163626,70339,93287,21411,15274,6137,15262,6403,8859,4772,1649,3123,26046,7884,18162,9531,3719,5812,9196,1777,7419,2602,547,2055,74806,33086,41720
129,District-Jhalawar,Total,5,27596,14383,13213,5,5,0,0,0,0,5,5,0,117,61,56,134,70,64,62,27,35,22,10,12,27251,14205,13046
129,District-Jhalawar,Total,6,18153,9036,9117,5,2,3,2,2,0,0,0,0,192,97,95,82,42,40,67,39,28,25,9,16,17780,8845,8935
129,District-Jhalawar,Total,7,7032,3206,3826,11,6,5,6,3,3,11,6,5,314,154,160,53,23,30,54,26,28,25,12,13,6558,2976,3582
129,District-Jhalawar,Total,8,4859,2000,2859,32,18,14,6,5,1,13,4,9,466,231,235,50,14,36,55,16,39,55,19,36,4182,1693,2489
129,District-Jhalawar,Total,9,2518,960,1558,11,8,3,32,11,21,14,4,10,392,172,220,36,12,24,72,16,56,58,14,44,1903,723,1180
129,District-Jhalawar,Total,10,4964,1851,3113,79,39,40,102,44,58,61,26,35,884,340,544,144,59,85,178,46,132,138,31,107,3378,1266,2112
129,District-Jhalawar,Total,11,2906,1025,1881,133,84,49,137,52,85,71,27,44,809,312,497,111,38,73,153,37,116,105,25,80,1387,450,937
129,District-Jhalawar,Total,12,6637,2358,4279,414,264,150,502,165,337,253,78,175,1922,681,1241,387,177,210,474,115,359,239,57,182,2446,821,1625
129,District-Jhalawar,Total,13,5474,1791,3683,506,292,214,601,188,413,312,102,210,1732,545,1187,341,137,204,425,100,325,183,40,143,1374,387,987
129,District-Jhalawar,Total,14,7987,2842,5145,1098,645,453,1064,401,663,491,168,323,2458,828,1630,538,203,335,621,143,478,221,50,171,1496,404,1092
129,District-Jhalawar,Total,15,12071,4853,7218,2083,1424,659,1962,800,1162,697,251,446,3175,1052,2123,1054,527,527,1109,258,851,351,99,252,1640,442,1198
129,District-Jhalawar,Total,16,13270,5296,7974,2850,1970,880,2336,1000,1336,745,264,481,3334,974,2360,1157,489,668,1104,204,900,312,66,246,1432,329,1103
129,District-Jhalawar,Total,17,11099,4569,6530,2787,2016,771,2019,897,1122,549,163,386,2666,734,1932,1008,389,619,954,183,771,203,28,175,913,159,754
129,District-Jhalawar,Total,18,24807,10323,14484,7021,5244,1777,4200,1841,2359,989,361,628,4744,1109,3635,2887,1044,1843,2493,385,2108,449,70,379,2024,269,1755
129,District-Jhalawar,Total,19,14253,5846,8407,4376,3257,1119,2293,994,1299,561,190,371,2841,594,2247,1549,495,1054,1375,182,1193,216,17,199,1042,117,925
129,District-Jhalawar,Rural,5-19,145492,61309,84183,19382,13465,5917,14744,6019,8725,4648,1568,3080,20462,5908,14554,9041,3378,5663,9007,1690,7317,2558,529,2029,65650,28752,36898
129,District-Jhalawar,Rural,5,24532,12728,11804,2,2,0,0,0,0,5,5,0,99,53,46,120,61,59,59,26,33,21,10,11,24226,12571,11655
129,District-Jhalawar,Rural,6,16081,7987,8094,5,2,3,2,2,0,0,0,0,158,79,79,76,40,36,65,39,26,25,9,16,15750,7816,7934
129,District-Jhalawar,Rural,7,6216,2792,3424,9,5,4,6,3,3,11,6,5,264,127,137,47,20,27,54,26,28,23,10,13,5802,2595,3207
129,District-Jhalawar,Rural,8,4302,1721,2581,26,12,14,5,5,0,13,4,9,391,195,196,50,14,36,53,15,38,55,19,36,3709,1457,2252
129,District-Jhalawar,Rural,9,2188,805,1383,9,6,3,30,9,21,14,4,10,328,139,189,33,11,22,72,16,56,56,14,42,1646,606,1040
129,District-Jhalawar,Rural,10,4416,1591,2825,74,36,38,99,42,57,61,26,35,765,288,477,137,55,82,176,45,131,137,31,106,2967,1068,1899
129,District-Jhalawar,Rural,11,2530,855,1675,119,72,47,130,50,80,71,27,44,688,256,432,108,37,71,151,35,116,104,25,79,1159,353,806
129,District-Jhalawar,Rural,12,5965,2027,3938,382,237,145,490,156,334,252,77,175,1661,554,1107,368,167,201,462,113,349,239,57,182,2111,666,1445
129,District-Jhalawar,Rural,13,4913,1527,3386,465,255,210,588,179,409,308,98,210,1467,435,1032,317,122,195,416,94,322,180,39,141,1172,305,867
129,District-Jhalawar,Rural,14,7166,2469,4697,1017,577,440,1038,386,652,483,162,321,2050,661,1389,513,186,327,609,137,472,215,48,167,1241,312,929
129,District-Jhalawar,Rural,15,10941,4297,6644,1937,1304,633,1913,766,1147,688,244,444,2615,814,1801,989,477,512,1081,243,838,348,99,249,1370,350,1020
129,District-Jhalawar,Rural,16,11933,4639,7294,2645,1783,862,2265,946,1319,728,255,473,2621,704,1917,1093,443,650,1083,198,885,306,63,243,1192,247,945
129,District-Jhalawar,Rural,17,9847,3946,5901,2512,1772,740,1945,837,1108,535,155,380,2000,501,1499,964,358,606,933,173,760,202,27,175,756,123,633
129,District-Jhalawar,Rural,18,22088,8987,13101,6330,4615,1715,4041,1720,2321,944,332,612,3444,752,2692,2752,945,1807,2452,365,2087,438,63,375,1687,195,1492
129,District-Jhalawar,Rural,19,12374,4938,7436,3850,2787,1063,2192,918,1274,535,173,362,1911,350,1561,1474,442,1032,1341,165,1176,209,15,194,862,88,774
129,District-Jhalawar,Urban,5-19,18134,9030,9104,2029,1809,220,518,384,134,124,81,43,5584,1976,3608,490,341,149,189,87,102,44,18,26,9156,4334,4822
129,District-Jhalawar,Urban,5,3064,1655,1409,3,3,0,0,0,0,0,0,0,18,8,10,14,9,5,3,1,2,1,0,1,3025,1634,1391
129,District-Jhalawar,Urban,6,2072,1049,1023,0,0,0,0,0,0,0,0,0,34,18,16,6,2,4,2,0,2,0,0,0,2030,1029,1001
129,District-Jhalawar,Urban,7,816,414,402,2,1,1,0,0,0,0,0,0,50,27,23,6,3,3,0,0,0,2,2,0,756,381,375
129,District-Jhalawar,Urban,8,557,279,278,6,6,0,1,0,1,0,0,0,75,36,39,0,0,0,2,1,1,0,0,0,473,236,237
129,District-Jhalawar,Urban,9,330,155,175,2,2,0,2,2,0,0,0,0,64,33,31,3,1,2,0,0,0,2,0,2,257,117,140
129,District-Jhalawar,Urban,10,548,260,288,5,3,2,3,2,1,0,0,0,119,52,67,7,4,3,2,1,1,1,0,1,411,198,213
129,District-Jhalawar,Urban,11,376,170,206,14,12,2,7,2,5,0,0,0,121,56,65,3,1,2,2,2,0,1,0,1,228,97,131
129,District-Jhalawar,Urban,12,672,331,341,32,27,5,12,9,3,1,1,0,261,127,134,19,10,9,12,2,10,0,0,0,335,155,180
129,District-Jhalawar,Urban,13,561,264,297,41,37,4,13,9,4,4,4,0,265,110,155,24,15,9,9,6,3,3,1,2,202,82,120
129,District-Jhalawar,Urban,14,821,373,448,81,68,13,26,15,11,8,6,2,408,167,241,25,17,8,12,6,6,6,2,4,255,92,163
129,District-Jhalawar,Urban,15,1130,556,574,146,120,26,49,34,15,9,7,2,560,238,322,65,50,15,28,15,13,3,0,3,270,92,178
129,District-Jhalawar,Urban,16,1337,657,680,205,187,18,71,54,17,17,9,8,713,270,443,64,46,18,21,6,15,6,3,3,240,82,158
129,District-Jhalawar,Urban,17,1252,623,629,275,244,31,74,60,14,14,8,6,666,233,433,44,31,13,21,10,11,1,1,0,157,36,121
129,District-Jhalawar,Urban,18,2719,1336,1383,691,629,62,159,121,38,45,29,16,1300,357,943,135,99,36,41,20,21,11,7,4,337,74,263
129,District-Jhalawar,Urban,19,1879,908,971,526,470,56,101,76,25,26,17,9,930,244,686,75,53,22,34,17,17,7,2,5,180,29,151
130,District-Udaipur,Total,5-19,412708,188131,224577,32844,25436,7408,32554,17935,14619,11325,5613,5712,57450,21232,36218,19170,8272,10898,28925,8522,20403,12246,3729,8517,218194,97392,120802
130,District-Udaipur,Total,5,62481,32192,30289,9,6,3,8,6,2,1,1,0,336,189,147,356,206,150,226,102,124,175,87,88,61370,31595,29775
130,District-Udaipur,Total,6,49269,24771,24498,10,7,3,15,9,6,4,2,2,533,286,247,310,185,125,301,151,150,217,89,128,47879,24042,23837
130,District-Udaipur,Total,7,22270,10372,11898,39,25,14,24,12,12,4,2,2,882,455,427,264,128,136,260,116,144,251,99,152,20546,9535,11011
130,District-Udaipur,Total,8,19479,8429,11050,59,36,23,56,24,32,20,11,9,1189,584,605,372,158,214,506,224,282,390,133,257,16887,7259,9628
130,District-Udaipur,Total,9,12207,5133,7074,72,41,31,76,32,44,33,12,21,1147,543,604,361,161,200,382,136,246,364,155,209,9772,4053,5719
130,District-Udaipur,Total,10,20194,8229,11965,142,79,63,280,142,138,147,68,79,2251,1039,1212,642,259,383,996,337,659,742,258,484,14994,6047,8947
130,District-Udaipur,Total,11,11651,4727,6924,268,173,95,342,157,185,146,65,81,2110,912,1198,466,214,252,742,254,488,547,191,356,7030,2761,4269
130,District-Udaipur,Total,12,20254,8129,12125,778,531,247,1067,556,511,477,229,248,4228,1865,2363,1060,463,597,1928,643,1285,1147,385,762,9569,3457,6112
130,District-Udaipur,Total,13,15439,6207,9232,797,551,246,1215,557,658,572,285,287,3961,1715,2246,810,328,482,1483,454,1029,879,303,576,5722,2014,3708
130,District-Udaipur,Total,14,19725,8324,11401,1583,1092,491,2205,1144,1061,989,485,504,5246,2191,3055,1251,550,701,2124,707,1417,1050,341,709,5277,1814,3463
130,District-Udaipur,Total,15,27131,12292,14839,3196,2385,811,3842,2122,1720,1595,823,772,6740,2750,3990,1892,904,988,3222,1080,2142,1381,452,929,5263,1776,3487
130,District-Udaipur,Total,16,29861,13602,16259,4348,3340,1008,5130,2827,2303,1829,960,869,7005,2670,4335,2260,1003,1257,3791,1174,2617,1325,386,939,4173,1242,2931
130,District-Udaipur,Total,17,24271,11120,13151,4582,3585,997,4431,2551,1880,1517,763,754,5786,1888,3898,1771,758,1013,2690,741,1949,889,243,646,2605,591,2014
130,District-Udaipur,Total,18,47958,21473,26485,9902,7858,2044,8642,4894,3748,2464,1200,1264,9489,2608,6881,4632,1950,2682,6509,1716,4793,1886,408,1478,4434,839,3595
130,District-Udaipur,Total,19,30518,13131,17387,7059,5727,1332,5221,2902,2319,1527,707,820,6547,1537,5010,2723,1005,1718,3765,687,3078,1003,199,804,2673,367,2306
130,District-Udaipur,Rural,5-19,383153,172985,210168,28531,21682,6849,31687,17324,14363,11176,5512,5664,49437,18704,30733,18213,7711,10502,28584,8370,20214,12175,3698,8477,203350,89984,113366
130,District-Udaipur,Rural,5,56956,29148,27808,8,6,2,5,4,1,1,1,0,246,141,105,306,171,135,210,95,115,173,85,88,56007,28645,27362
130,District-Udaipur,Rural,6,44985,22466,22519,9,6,3,12,8,4,4,2,2,431,234,197,261,152,109,280,140,140,215,87,128,43773,21837,21936
130,District-Udaipur,Rural,7,20980,9734,11246,33,20,13,23,12,11,4,2,2,774,398,376,236,116,120,254,114,140,251,99,152,19405,8973,10432
130,District-Udaipur,Rural,8,18903,8129,10774,54,31,23,55,24,31,20,11,9,1102,535,567,354,149,205,501,222,279,389,132,257,16428,7025,9403
130,District-Udaipur,Rural,9,11590,4822,6768,63,33,30,73,31,42,33,12,21,1069,504,565,346,156,190,375,133,242,361,153,208,9270,3800,5470
130,District-Udaipur,Rural,10,19234,7756,11478,128,69,59,275,140,135,146,67,79,2105,979,1126,609,247,362,981,329,652,736,257,479,14254,5668,8586
130,District-Udaipur,Rural,11,11022,4439,6583,230,142,88,339,157,182,143,63,80,1915,834,1081,445,204,241,732,250,482,545,189,356,6673,2600,4073
130,District-Udaipur,Rural,12,19538,7781,11757,696,466,230,1052,546,506,472,227,245,3977,1755,2222,1020,437,583,1912,634,1278,1141,384,757,9268,3332,5936
130,District-Udaipur,Rural,13,14650,5851,8799,704,482,222,1197,546,651,563,280,283,3643,1585,2058,763,301,462,1460,447,1013,875,300,575,5445,1910,3535
130,District-Udaipur,Rural,14,18763,7880,10883,1419,970,449,2166,1125,1041,975,476,499,4813,2017,2796,1196,518,678,2101,698,1403,1046,341,705,5047,1735,3312
130,District-Udaipur,Rural,15,25553,11499,14054,2845,2095,750,3755,2070,1685,1579,814,765,6055,2488,3567,1787,846,941,3182,1057,2125,1370,447,923,4980,1682,3298
130,District-Udaipur,Rural,16,28047,12619,15428,3880,2927,953,5006,2732,2274,1810,947,863,6176,2356,3820,2177,954,1223,3750,1155,2595,1313,380,933,3935,1168,2767
130,District-Udaipur,Rural,17,22210,10058,12152,3951,3046,905,4286,2454,1832,1505,754,751,4854,1593,3261,1692,713,979,2654,727,1927,886,242,644,2382,529,1853
130,District-Udaipur,Rural,18,43807,19391,24416,8610,6708,1902,8401,4711,3690,2422,1170,1252,7530,2119,5411,4420,1816,2604,6470,1699,4771,1874,404,1470,4080,764,3316
130,District-Udaipur,Rural,19,26915,11412,15503,5901,4681,1220,5042,2764,2278,1499,686,813,4747,1166,3581,2601,931,1670,3722,670,3052,1000,198,802,2403,316,2087
130,District-Udaipur,Urban,5-19,29555,15146,14409,4313,3754,559,867,611,256,149,101,48,8013,2528,5485,957,561,396,341,152,189,71,31,40,14844,7408,7436
130,District-Udaipur,Urban,5,5525,3044,2481,1,0,1,3,2,1,0,0,0,90,48,42,50,35,15,16,7,9,2,2,0,5363,2950,2413
130,District-Udaipur,Urban,6,4284,2305,1979,1,1,0,3,1,2,0,0,0,102,52,50,49,33,16,21,11,10,2,2,0,4106,2205,1901
130,District-Udaipur,Urban,7,1290,638,652,6,5,1,1,0,1,0,0,0,108,57,51,28,12,16,6,2,4,0,0,0,1141,562,579
130,District-Udaipur,Urban,8,576,300,276,5,5,0,1,0,1,0,0,0,87,49,38,18,9,9,5,2,3,1,1,0,459,234,225
130,District-Udaipur,Urban,9,617,311,306,9,8,1,3,1,2,0,0,0,78,39,39,15,5,10,7,3,4,3,2,1,502,253,249
130,District-Udaipur,Urban,10,960,473,487,14,10,4,5,2,3,1,1,0,146,60,86,33,12,21,15,8,7,6,1,5,740,379,361
130,District-Udaipur,Urban,11,629,288,341,38,31,7,3,0,3,3,2,1,195,78,117,21,10,11,10,4,6,2,2,0,357,161,196
130,District-Udaipur,Urban,12,716,348,368,82,65,17,15,10,5,5,2,3,251,110,141,40,26,14,16,9,7,6,1,5,301,125,176
130,District-Udaipur,Urban,13,789,356,433,93,69,24,18,11,7,9,5,4,318,130,188,47,27,20,23,7,16,4,3,1,277,104,173
130,District-Udaipur,Urban,14,962,444,518,164,122,42,39,19,20,14,9,5,433,174,259,55,32,23,23,9,14,4,0,4,230,79,151
130,District-Udaipur,Urban,15,1578,793,785,351,290,61,87,52,35,16,9,7,685,262,423,105,58,47,40,23,17,11,5,6,283,94,189
130,District-Udaipur,Urban,16,1814,983,831,468,413,55,124,95,29,19,13,6,829,314,515,83,49,34,41,19,22,12,6,6,238,74,164
130,District-Udaipur,Urban,17,2061,1062,999,631,539,92,145,97,48,12,9,3,932,295,637,79,45,34,36,14,22,3,1,2,223,62,161
130,District-Udaipur,Urban,18,4151,2082,2069,1292,1150,142,241,183,58,42,30,12,1959,489,1470,212,134,78,39,17,22,12,4,8,354,75,279
130,District-Udaipur,Urban,19,3603,1719,1884,1158,1046,112,179,138,41,28,21,7,1800,371,1429,122,74,48,43,17,26,3,1,2,270,51,219
131,District-Pratapgarh,Total,5-19,123211,53868,69343,15806,9555,6251,10478,4785,5693,2955,1232,1723,7473,2872,4601,11652,3878,7774,10730,2466,8264,3477,974,2503,60640,28106,32534
131,District-Pratapgarh,Total,5,20151,10358,9793,4,2,2,2,1,1,0,0,0,49,23,26,152,80,72,30,12,18,15,6,9,19899,10234,9665
131,District-Pratapgarh,Total,6,15615,7783,7832,2,1,1,1,1,0,0,0,0,98,54,44,174,82,92,24,8,16,23,11,12,15293,7626,7667
131,District-Pratapgarh,Total,7,6716,3110,3606,8,6,2,4,1,3,1,0,1,143,68,75,116,45,71,50,17,33,48,22,26,6346,2951,3395
131,District-Pratapgarh,Total,8,5447,2274,3173,15,5,10,9,3,6,10,3,7,192,91,101,188,66,122,100,31,69,83,26,57,4850,2049,2801
131,District-Pratapgarh,Total,9,2934,1115,1819,31,17,14,21,5,16,16,4,12,180,87,93,148,52,96,93,24,69,82,19,63,2363,907,1456
131,District-Pratapgarh,Total,10,5551,2162,3389,96,50,46,72,31,41,49,21,28,488,225,263,442,147,295,375,112,263,307,99,208,3722,1477,2245
131,District-Pratapgarh,Total,11,2787,1065,1722,137,72,65,108,53,55,71,24,47,337,161,176,225,82,143,253,57,196,207,66,141,1449,550,899
131,District-Pratapgarh,Total,12,5953,2229,3724,420,232,188,432,172,260,246,102,144,671,306,365,782,278,504,799,227,572,494,155,339,2109,757,1352
131,District-Pratapgarh,Total,13,4191,1554,2637,459,243,216,446,207,239,223,96,127,560,236,324,543,178,365,585,137,448,317,84,233,1058,373,685
131,District-Pratapgarh,Total,14,5893,2287,3606,963,524,439,851,382,469,305,125,180,704,300,404,845,278,567,879,230,649,368,105,263,978,343,635
131,District-Pratapgarh,Total,15,8051,3431,4620,1649,995,654,1335,628,707,440,197,243,828,369,459,1225,453,772,1330,365,965,396,117,279,848,307,541
131,District-Pratapgarh,Total,16,9156,3916,5240,2196,1360,836,1722,811,911,454,199,255,893,333,560,1432,519,913,1433,359,1074,373,102,271,653,233,420
131,District-Pratapgarh,Total,17,6708,2825,3883,2014,1249,765,1299,613,686,300,116,184,647,202,445,950,292,658,983,212,771,188,48,140,327,93,234
131,District-Pratapgarh,Total,18,15337,6431,8906,4788,2965,1823,2737,1283,1454,560,237,323,1056,295,761,2822,914,1908,2487,501,1986,392,85,307,495,151,344
131,District-Pratapgarh,Total,19,8721,3328,5393,3024,1834,1190,1439,594,845,280,108,172,627,122,505,1608,412,1196,1309,174,1135,184,29,155,250,55,195
131,District-Pratapgarh,Rural,5-19,118802,51717,67085,15143,8998,6145,10308,4679,5629,2922,1210,1712,6224,2515,3709,11524,3816,7708,10658,2437,8221,3467,969,2498,58556,27093,31463
131,District-Pratapgarh,Rural,5,19323,9923,9400,4,2,2,2,1,1,0,0,0,43,20,23,150,79,71,30,12,18,15,6,9,19079,9803,9276
131,District-Pratapgarh,Rural,6,15022,7468,7554,2,1,1,1,1,0,0,0,0,85,46,39,172,80,92,24,8,16,23,11,12,14715,7321,7394
131,District-Pratapgarh,Rural,7,6560,3024,3536,8,6,2,4,1,3,1,0,1,135,65,70,115,44,71,50,17,33,48,22,26,6199,2869,3330
131,District-Pratapgarh,Rural,8,5358,2232,3126,13,4,9,9,3,6,10,3,7,186,88,98,188,66,122,99,30,69,82,26,56,4771,2012,2759
131,District-Pratapgarh,Rural,9,2869,1089,1780,30,17,13,21,5,16,16,4,12,169,82,87,146,52,94,91,24,67,82,19,63,2314,886,1428
131,District-Pratapgarh,Rural,10,5422,2101,3321,93,48,45,72,31,41,48,21,27,461,212,249,440,146,294,373,110,263,307,99,208,3628,1434,2194
131,District-Pratapgarh,Rural,11,2723,1034,1689,128,63,65,107,52,55,71,24,47,322,156,166,224,82,142,252,57,195,207,66,141,1412,534,878
131,District-Pratapgarh,Rural,12,5822,2168,3654,408,221,187,430,171,259,246,102,144,622,283,339,777,276,501,794,225,569,494,155,339,2051,735,1316
131,District-Pratapgarh,Rural,13,4079,1503,2576,448,234,214,441,202,239,222,95,127,510,216,294,537,174,363,584,136,448,316,84,232,1021,362,659
131,District-Pratapgarh,Rural,14,5749,2219,3530,940,505,435,845,379,466,303,124,179,636,272,364,841,276,565,875,230,645,367,104,263,942,329,613
131,District-Pratapgarh,Rural,15,7803,3312,4491,1603,955,648,1318,618,700,437,195,242,710,329,381,1204,443,761,1322,359,963,393,115,278,816,298,518
131,District-Pratapgarh,Rural,16,8840,3773,5067,2129,1303,826,1704,799,905,452,197,255,730,282,448,1410,509,901,1425,358,1067,371,101,270,619,224,395
131,District-Pratapgarh,Rural,17,6348,2655,3693,1905,1157,748,1270,592,678,289,108,181,477,163,314,942,289,653,977,211,766,187,47,140,301,88,213
131,District-Pratapgarh,Rural,18,14672,6106,8566,4579,2790,1789,2686,1253,1433,551,231,320,749,215,534,2783,894,1889,2469,492,1977,392,85,307,463,146,317
131,District-Pratapgarh,Rural,19,8212,3110,5102,2853,1692,1161,1398,571,827,276,106,170,389,86,303,1595,406,1189,1293,168,1125,183,29,154,225,52,173
131,District-Pratapgarh,Urban,5-19,4409,2151,2258,663,557,106,170,106,64,33,22,11,1249,357,892,128,62,66,72,29,43,10,5,5,2084,1013,1071
131,District-Pratapgarh,Urban,5,828,435,393,0,0,0,0,0,0,0,0,0,6,3,3,2,1,1,0,0,0,0,0,0,820,431,389
131,District-Pratapgarh,Urban,6,593,315,278,0,0,0,0,0,0,0,0,0,13,8,5,2,2,0,0,0,0,0,0,0,578,305,273
131,District-Pratapgarh,Urban,7,156,86,70,0,0,0,0,0,0,0,0,0,8,3,5,1,1,0,0,0,0,0,0,0,147,82,65
131,District-Pratapgarh,Urban,8,89,42,47,2,1,1,0,0,0,0,0,0,6,3,3,0,0,0,1,1,0,1,0,1,79,37,42
131,District-Pratapgarh,Urban,9,65,26,39,1,0,1,0,0,0,0,0,0,11,5,6,2,0,2,2,0,2,0,0,0,49,21,28
131,District-Pratapgarh,Urban,10,129,61,68,3,2,1,0,0,0,1,0,1,27,13,14,2,1,1,2,2,0,0,0,0,94,43,51
131,District-Pratapgarh,Urban,11,64,31,33,9,9,0,1,1,0,0,0,0,15,5,10,1,0,1,1,0,1,0,0,0,37,16,21
131,District-Pratapgarh,Urban,12,131,61,70,12,11,1,2,1,1,0,0,0,49,23,26,5,2,3,5,2,3,0,0,0,58,22,36
131,District-Pratapgarh,Urban,13,112,51,61,11,9,2,5,5,0,1,1,0,50,20,30,6,4,2,1,1,0,1,0,1,37,11,26
131,District-Pratapgarh,Urban,14,144,68,76,23,19,4,6,3,3,2,1,1,68,28,40,4,2,2,4,0,4,1,1,0,36,14,22
131,District-Pratapgarh,Urban,15,248,119,129,46,40,6,17,10,7,3,2,1,118,40,78,21,10,11,8,6,2,3,2,1,32,9,23
131,District-Pratapgarh,Urban,16,316,143,173,67,57,10,18,12,6,2,2,0,163,51,112,22,10,12,8,1,7,2,1,1,34,9,25
131,District-Pratapgarh,Urban,17,360,170,190,109,92,17,29,21,8,11,8,3,170,39,131,8,3,5,6,1,5,1,1,0,26,5,21
131,District-Pratapgarh,Urban,18,665,325,340,209,175,34,51,30,21,9,6,3,307,80,227,39,20,19,18,9,9,0,0,0,32,5,27
131,District-Pratapgarh,Urban,19,509,218,291,171,142,29,41,23,18,4,2,2,238,36,202,13,6,7,16,6,10,1,0,1,25,3,22
