602,District-Thiruvallur,Total,5-19,174065,86358,87707,34342,22694,11648,10051,5584,4467,1942,1141,801,68150,26864,41286,3387,1927,1460,2267,1139,1128,226,124,102,53700,26885,26815
602,District-Thiruvallur,Total,5,24818,12763,12055,43,30,13,48,26,22,1,1,0,772,354,418,189,101,88,314,171,143,13,8,5,23438,12072,11366
602,District-Thiruvallur,Total,6,15699,8046,7653,39,23,16,41,22,19,1,0,1,1015,523,492,152,76,76,231,122,109,7,5,2,14213,7275,6938
602,District-Thiruvallur,Total,7,5370,2680,2690,92,54,38,63,30,33,3,1,2,1609,800,809,67,26,41,94,50,44,3,3,0,3439,1716,1723
602,District-Thiruvallur,Total,8,3352,1669,1683,94,66,28,63,27,36,1,1,0,1503,730,773,49,30,19,50,26,24,2,1,1,1590,788,802
602,District-Thiruvallur,Total,9,3147,1560,1587,115,69,46,86,38,48,0,0,0,1650,823,827,42,23,19,53,24,29,0,0,0,1201,583,618
602,District-Thiruvallur,Total,10,4085,2119,1966,114,69,45,87,36,51,5,1,4,2000,1021,979,70,41,29,79,41,38,5,4,1,1725,906,819
602,District-Thiruvallur,Total,11,3613,1869,1744,313,229,84,132,68,64,16,7,9,1989,978,1011,63,32,31,85,50,35,11,5,6,1004,500,504
602,District-Thiruvallur,Total,12,4021,2017,2004,467,327,140,193,94,99,26,13,13,2319,1085,1234,91,56,35,85,40,45,9,7,2,831,395,436
602,District-Thiruvallur,Total,13,4449,2210,2239,578,392,186,210,111,99,28,14,14,2599,1190,1409,102,50,52,85,43,42,6,3,3,841,407,434
602,District-Thiruvallur,Total,14,5520,2788,2732,971,645,326,347,183,164,63,30,33,3083,1391,1692,168,99,69,86,47,39,11,4,7,791,389,402
602,District-Thiruvallur,Total,15,8806,4537,4269,2048,1292,756,667,386,281,135,76,59,4571,2088,2483,335,194,141,180,81,99,24,14,10,846,406,440
602,District-Thiruvallur,Total,16,11434,5774,5660,3050,1916,1134,967,570,397,207,121,86,6048,2611,3437,253,148,105,164,73,91,18,9,9,727,326,401
602,District-Thiruvallur,Total,17,17926,8929,8997,5449,3517,1932,1563,875,688,308,198,110,9214,3685,5529,421,242,179,186,82,104,26,10,16,759,320,439
602,District-Thiruvallur,Total,18,29105,13897,15208,9478,6180,3298,2668,1487,1181,543,311,232,14280,4900,9380,673,408,265,284,149,135,40,22,18,1139,440,699
602,District-Thiruvallur,Total,19,32720,15500,17220,11491,7885,3606,2916,1631,1285,605,367,238,15498,4685,10813,712,401,311,291,140,151,51,29,22,1156,362,794
602,District-Thiruvallur,Rural,5-19,75132,36685,38447,17211,10999,6212,5927,3199,2728,1203,676,527,27421,10044,17377,1808,1013,795,1208,584,624,141,68,73,20213,10102,10111
602,District-Thiruvallur,Rural,5,9637,4961,4676,11,6,5,12,4,8,0,0,0,227,106,121,67,35,32,113,60,53,5,3,2,9202,4747,4455
602,District-Thiruvallur,Rural,6,5598,2878,2720,13,6,7,12,5,7,1,0,1,345,172,173,49,24,25,86,51,35,4,3,1,5088,2617,2471
602,District-Thiruvallur,Rural,7,1752,880,872,27,15,12,21,9,12,2,0,2,430,222,208,32,12,20,35,21,14,2,2,0,1203,599,604
602,District-Thiruvallur,Rural,8,1057,538,519,28,17,11,15,6,9,1,1,0,416,200,216,16,9,7,21,13,8,1,1,0,559,291,268
602,District-Thiruvallur,Rural,9,944,462,482,45,25,20,29,11,18,0,0,0,450,221,229,21,13,8,17,6,11,0,0,0,382,186,196
602,District-Thiruvallur,Rural,10,1326,693,633,47,25,22,31,13,18,5,1,4,571,305,266,44,26,18,29,10,19,3,2,1,596,311,285
602,District-Thiruvallur,Rural,11,1181,601,580,124,83,41,55,30,25,11,5,6,560,263,297,35,18,17,40,25,15,6,2,4,350,175,175
602,District-Thiruvallur,Rural,12,1482,748,734,189,127,62,96,55,41,13,6,7,732,337,395,50,28,22,50,25,25,6,5,1,346,165,181
602,District-Thiruvallur,Rural,13,1641,809,832,234,157,77,101,49,52,11,4,7,834,372,462,66,33,33,53,29,24,5,3,2,337,162,175
602,District-Thiruvallur,Rural,14,2325,1125,1200,471,292,179,197,101,96,37,15,22,1133,469,664,107,58,49,45,26,19,9,3,6,326,161,165
602,District-Thiruvallur,Rural,15,4164,2028,2136,1000,611,389,393,217,176,88,45,43,2017,827,1190,193,109,84,112,46,66,20,10,10,341,163,178
602,District-Thiruvallur,Rural,16,5486,2650,2836,1564,935,629,562,328,234,120,61,59,2714,1079,1635,140,84,56,102,39,63,11,4,7,273,120,153
602,District-Thiruvallur,Rural,17,8803,4314,4489,2872,1815,1057,954,516,438,201,126,75,4118,1558,2560,219,120,99,123,55,68,13,5,8,303,119,184
602,District-Thiruvallur,Rural,18,14466,6823,7643,4969,3173,1796,1700,920,780,343,194,149,6388,2041,4347,395,240,155,187,90,97,25,12,13,459,153,306
602,District-Thiruvallur,Rural,19,15270,7175,8095,5617,3712,1905,1749,935,814,370,218,152,6486,1872,4614,374,204,170,195,88,107,31,13,18,448,133,315
602,District-Thiruvallur,Urban,5-19,98933,49673,49260,17131,11695,5436,4124,2385,1739,739,465,274,40729,16820,23909,1579,914,665,1059,555,504,85,56,29,33487,16783,16704
602,District-Thiruvallur,Urban,5,15181,7802,7379,32,24,8,36,22,14,1,1,0,545,248,297,122,66,56,201,111,90,8,5,3,14236,7325,6911
602,District-Thiruvallur,Urban,6,10101,5168,4933,26,17,9,29,17,12,0,0,0,670,351,319,103,52,51,145,71,74,3,2,1,9125,4658,4467
602,District-Thiruvallur,Urban,7,3618,1800,1818,65,39,26,42,21,21,1,1,0,1179,578,601,35,14,21,59,29,30,1,1,0,2236,1117,1119
602,District-Thiruvallur,Urban,8,2295,1131,1164,66,49,17,48,21,27,0,0,0,1087,530,557,33,21,12,29,13,16,1,0,1,1031,497,534
602,District-Thiruvallur,Urban,9,2203,1098,1105,70,44,26,57,27,30,0,0,0,1200,602,598,21,10,11,36,18,18,0,0,0,819,397,422
602,District-Thiruvallur,Urban,10,2759,1426,1333,67,44,23,56,23,33,0,0,0,1429,716,713,26,15,11,50,31,19,2,2,0,1129,595,534
602,District-Thiruvallur,Urban,11,2432,1268,1164,189,146,43,77,38,39,5,2,3,1429,715,714,28,14,14,45,25,20,5,3,2,654,325,329
602,District-Thiruvallur,Urban,12,2539,1269,1270,278,200,78,97,39,58,13,7,6,1587,748,839,41,28,13,35,15,20,3,2,1,485,230,255
602,District-Thiruvallur,Urban,13,2808,1401,1407,344,235,109,109,62,47,17,10,7,1765,818,947,36,17,19,32,14,18,1,0,1,504,245,259
602,District-Thiruvallur,Urban,14,3195,1663,1532,500,353,147,150,82,68,26,15,11,1950,922,1028,61,41,20,41,21,20,2,1,1,465,228,237
602,District-Thiruvallur,Urban,15,4642,2509,2133,1048,681,367,274,169,105,47,31,16,2554,1261,1293,142,85,57,68,35,33,4,4,0,505,243,262
602,District-Thiruvallur,Urban,16,5948,3124,2824,1486,981,505,405,242,163,87,60,27,3334,1532,1802,113,64,49,62,34,28,7,5,2,454,206,248
602,District-Thiruvallur,Urban,17,9123,4615,4508,2577,1702,875,609,359,250,107,72,35,5096,2127,2969,202,122,80,63,27,36,13,5,8,456,201,255
602,District-Thiruvallur,Urban,18,14639,7074,7565,4509,3007,1502,968,567,401,200,117,83,7892,2859,5033,278,168,110,97,59,38,15,10,5,680,287,393
602,District-Thiruvallur,Urban,19,17450,8325,9125,5874,4173,1701,1167,696,471,235,149,86,9012,2813,6199,338,197,141,96,52,44,20,16,4,708,229,479
603,District-Chennai,Total,5-19,175628,89756,85872,31043,21917,9126,6357,3768,2589,974,644,330,72331,29906,42425,3928,2503,1425,1561,814,747,156,87,69,59278,30117,29161
603,District-Chennai,Total,5,24221,12500,11721,90,60,30,38,23,15,10,5,5,1293,662,631,285,163,122,354,179,175,7,2,5,22144,11406,10738
603,District-Chennai,Total,6,16766,8703,8063,78,46,32,48,24,24,9,5,4,1540,759,781,198,107,91,235,108,127,8,1,7,14650,7653,6997
603,District-Chennai,Total,7,5937,3052,2885,125,80,45,79,41,38,10,8,2,2094,1028,1066,71,40,31,57,25,32,4,2,2,3497,1828,1669
603,District-Chennai,Total,8,4163,2140,2023,127,85,42,80,31,49,6,4,2,1996,991,1005,67,41,26,37,17,20,2,0,2,1848,971,877
603,District-Chennai,Total,9,4103,2141,1962,157,89,68,73,36,37,4,2,2,2063,1079,984,45,28,17,39,11,28,3,2,1,1719,894,825
603,District-Chennai,Total,10,5279,2733,2546,202,119,83,94,56,38,16,10,6,2549,1319,1230,85,46,39,38,17,21,2,1,1,2293,1165,1128
603,District-Chennai,Total,11,4903,2530,2373,493,347,146,131,78,53,15,10,5,2631,1255,1376,100,65,35,40,20,20,2,2,0,1491,753,738
603,District-Chennai,Total,12,5232,2661,2571,620,439,181,167,91,76,17,10,7,2857,1296,1561,114,74,40,42,20,22,4,2,2,1411,729,682
603,District-Chennai,Total,13,5699,2928,2771,746,530,216,181,98,83,19,7,12,3255,1552,1703,112,69,43,48,31,17,3,2,1,1335,639,696
603,District-Chennai,Total,14,6868,3649,3219,1075,737,338,264,153,111,43,24,19,3798,1825,1973,149,112,37,62,40,22,2,1,1,1475,757,718
603,District-Chennai,Total,15,9433,5005,4428,2095,1404,691,446,269,177,100,69,31,4949,2284,2665,356,220,136,90,50,40,13,7,6,1384,702,682
603,District-Chennai,Total,16,10878,5869,5009,2690,1872,818,628,379,249,105,76,29,5811,2674,3137,328,198,130,73,45,28,10,6,4,1233,619,614
603,District-Chennai,Total,17,16216,8414,7802,4571,3203,1368,913,553,360,129,93,36,8627,3557,5070,434,270,164,122,63,59,22,14,8,1398,661,737
603,District-Chennai,Total,18,25339,12659,12680,7917,5629,2288,1456,890,566,245,162,83,13113,4691,8422,737,484,253,155,99,56,39,26,13,1677,678,999
603,District-Chennai,Total,19,30591,14772,15819,10057,7277,2780,1759,1046,713,246,159,87,15755,4934,10821,847,586,261,169,89,80,35,19,16,1723,662,1061
603,District-Chennai,Rural,5-19,0,0,0,0,0,0,0,0,0,0,0,0,0,0,0,0,0,0,0,0,0,0,0,0,0,0,0
603,District-Chennai,Rural,5,0,0,0,0,0,0,0,0,0,0,0,0,0,0,0,0,0,0,0,0,0,0,0,0,0,0,0
603,District-Chennai,Rural,6,0,0,0,0,0,0,0,0,0,0,0,0,0,0,0,0,0,0,0,0,0,0,0,0,0,0,0
603,District-Chennai,Rural,7,0,0,0,0,0,0,0,0,0,0,0,0,0,0,0,0,0,0,0,0,0,0,0,0,0,0,0
603,District-Chennai,Rural,8,0,0,0,0,0,0,0,0,0,0,0,0,0,0,0,0,0,0,0,0,0,0,0,0,0,0,0
603,District-Chennai,Rural,9,0,0,0,0,0,0,0,0,0,0,0,0,0,0,0,0,0,0,0,0,0,0,0,0,0,0,0
603,District-Chennai,Rural,10,0,0,0,0,0,0,0,0,0,0,0,0,0,0,0,0,0,0,0,0,0,0,0,0,0,0,0
603,District-Chennai,Rural,11,0,0,0,0,0,0,0,0,0,0,0,0,0,0,0,0,0,0,0,0,0,0,0,0,0,0,0
603,District-Chennai,Rural,12,0,0,0,0,0,0,0,0,0,0,0,0,0,0,0,0,0,0,0,0,0,0,0,0,0,0,0
603,District-Chennai,Rural,13,0,0,0,0,0,0,0,0,0,0,0,0,0,0,0,0,0,0,0,0,0,0,0,0,0,0,0
603,District-Chennai,Rural,14,0,0,0,0,0,0,0,0,0,0,0,0,0,0,0,0,0,0,0,0,0,0,0,0,0,0,0
603,District-Chennai,Rural,15,0,0,0,0,0,0,0,0,0,0,0,0,0,0,0,0,0,0,0,0,0,0,0,0,0,0,0
603,District-Chennai,Rural,16,0,0,0,0,0,0,0,0,0,0,0,0,0,0,0,0,0,0,0,0,0,0,0,0,0,0,0
603,District-Chennai,Rural,17,0,0,0,0,0,0,0,0,0,0,0,0,0,0,0,0,0,0,0,0,0,0,0,0,0,0,0
603,District-Chennai,Rural,18,0,0,0,0,0,0,0,0,0,0,0,0,0,0,0,0,0,0,0,0,0,0,0,0,0,0,0
603,District-Chennai,Rural,19,0,0,0,0,0,0,0,0,0,0,0,0,0,0,0,0,0,0,0,0,0,0,0,0,0,0,0
603,District-Chennai,Urban,5-19,175628,89756,85872,31043,21917,9126,6357,3768,2589,974,644,330,72331,29906,42425,3928,2503,1425,1561,814,747,156,87,69,59278,30117,29161
603,District-Chennai,Urban,5,24221,12500,11721,90,60,30,38,23,15,10,5,5,1293,662,631,285,163,122,354,179,175,7,2,5,22144,11406,10738
603,District-Chennai,Urban,6,16766,8703,8063,78,46,32,48,24,24,9,5,4,1540,759,781,198,107,91,235,108,127,8,1,7,14650,7653,6997
603,District-Chennai,Urban,7,5937,3052,2885,125,80,45,79,41,38,10,8,2,2094,1028,1066,71,40,31,57,25,32,4,2,2,3497,1828,1669
603,District-Chennai,Urban,8,4163,2140,2023,127,85,42,80,31,49,6,4,2,1996,991,1005,67,41,26,37,17,20,2,0,2,1848,971,877
603,District-Chennai,Urban,9,4103,2141,1962,157,89,68,73,36,37,4,2,2,2063,1079,984,45,28,17,39,11,28,3,2,1,1719,894,825
603,District-Chennai,Urban,10,5279,2733,2546,202,119,83,94,56,38,16,10,6,2549,1319,1230,85,46,39,38,17,21,2,1,1,2293,1165,1128
603,District-Chennai,Urban,11,4903,2530,2373,493,347,146,131,78,53,15,10,5,2631,1255,1376,100,65,35,40,20,20,2,2,0,1491,753,738
603,District-Chennai,Urban,12,5232,2661,2571,620,439,181,167,91,76,17,10,7,2857,1296,1561,114,74,40,42,20,22,4,2,2,1411,729,682
603,District-Chennai,Urban,13,5699,2928,2771,746,530,216,181,98,83,19,7,12,3255,1552,1703,112,69,43,48,31,17,3,2,1,1335,639,696
603,District-Chennai,Urban,14,6868,3649,3219,1075,737,338,264,153,111,43,24,19,3798,1825,1973,149,112,37,62,40,22,2,1,1,1475,757,718
603,District-Chennai,Urban,15,9433,5005,4428,2095,1404,691,446,269,177,100,69,31,4949,2284,2665,356,220,136,90,50,40,13,7,6,1384,702,682
603,District-Chennai,Urban,16,10878,5869,5009,2690,1872,818,628,379,249,105,76,29,5811,2674,3137,328,198,130,73,45,28,10,6,4,1233,619,614
603,District-Chennai,Urban,17,16216,8414,7802,4571,3203,1368,913,553,360,129,93,36,8627,3557,5070,434,270,164,122,63,59,22,14,8,1398,661,737
603,District-Chennai,Urban,18,25339,12659,12680,7917,5629,2288,1456,890,566,245,162,83,13113,4691,8422,737,484,253,155,99,56,39,26,13,1677,678,999
603,District-Chennai,Urban,19,30591,14772,15819,10057,7277,2780,1759,1046,713,246,159,87,15755,4934,10821,847,586,261,169,89,80,35,19,16,1723,662,1061
604,District-Kancheepuram,Total,5-19,179615,89582,90033,41863,25941,15922,11190,6400,4790,2259,1356,903,66821,26885,39936,3094,1730,1364,1528,756,772,242,118,124,52618,26396,26222
604,District-Kancheepuram,Total,5,24213,12484,11729,35,32,3,33,21,12,0,0,0,672,357,315,169,82,87,209,100,109,6,4,2,23089,11888,11201
604,District-Kancheepuram,Total,6,14710,7419,7291,31,17,14,31,17,14,1,0,1,972,469,503,114,59,55,166,85,81,6,3,3,13389,6769,6620
604,District-Kancheepuram,Total,7,5097,2608,2489,84,55,29,60,25,35,2,1,1,1581,817,764,46,27,19,50,17,33,1,0,1,3273,1666,1607
604,District-Kancheepuram,Total,8,3258,1614,1644,59,42,17,61,28,33,3,2,1,1550,752,798,39,17,22,26,11,15,2,1,1,1518,761,757
604,District-Kancheepuram,Total,9,3025,1560,1465,66,34,32,69,34,35,1,1,0,1566,806,760,40,21,19,28,10,18,2,1,1,1253,653,600
604,District-Kancheepuram,Total,10,3946,1969,1977,84,42,42,69,30,39,5,3,2,1815,883,932,63,29,34,54,32,22,5,2,3,1851,948,903
604,District-Kancheepuram,Total,11,3517,1775,1742,307,205,102,127,67,60,10,7,3,1896,878,1018,50,32,18,38,17,21,6,1,5,1083,568,515
604,District-Kancheepuram,Total,12,3869,1986,1883,521,365,156,168,88,80,17,11,6,2167,994,1173,71,50,21,44,23,21,9,4,5,872,451,421
604,District-Kancheepuram,Total,13,4225,2153,2072,623,407,216,190,119,71,31,18,13,2376,1108,1268,81,51,30,44,23,21,6,4,2,874,423,451
604,District-Kancheepuram,Total,14,5442,2864,2578,1001,668,333,340,212,128,66,45,21,2976,1412,1564,125,72,53,71,36,35,9,4,5,854,415,439
604,District-Kancheepuram,Total,15,8890,4562,4328,2170,1309,861,751,442,309,169,91,78,4498,2114,2384,277,154,123,113,51,62,21,8,13,891,393,498
604,District-Kancheepuram,Total,16,12437,6350,6087,3794,2247,1547,1068,631,437,251,167,84,6140,2729,3411,291,158,133,102,51,51,17,10,7,774,357,417
604,District-Kancheepuram,Total,17,19153,9609,9544,6712,4076,2636,1812,1021,791,450,264,186,8888,3644,5244,357,200,157,130,74,56,28,11,17,776,319,457
604,District-Kancheepuram,Total,18,32118,15575,16543,12094,7336,4758,3075,1764,1311,608,343,265,14357,5209,9148,645,357,288,225,112,113,69,32,37,1045,422,623
604,District-Kancheepuram,Total,19,35715,17054,18661,14282,9106,5176,3336,1901,1435,645,403,242,15367,4713,10654,726,421,305,228,114,114,55,33,22,1076,363,713
604,District-Kancheepuram,Rural,5-19,81210,39919,41291,21527,12579,8948,7061,3927,3134,1470,833,637,28786,11375,17411,1365,725,640,833,404,429,175,80,95,19993,9996,9997
604,District-Kancheepuram,Rural,5,9404,4838,4566,14,13,1,17,12,5,0,0,0,184,91,93,63,31,32,72,32,40,2,0,2,9052,4659,4393
604,District-Kancheepuram,Rural,6,5147,2535,2612,11,5,6,12,6,6,0,0,0,331,148,183,40,18,22,53,23,30,4,2,2,4696,2333,2363
604,District-Kancheepuram,Rural,7,1894,959,935,30,18,12,28,11,17,2,1,1,487,254,233,10,6,4,22,4,18,1,0,1,1314,665,649
604,District-Kancheepuram,Rural,8,1155,565,590,17,12,5,29,14,15,3,2,1,503,233,270,21,11,10,10,3,7,2,1,1,570,289,281
604,District-Kancheepuram,Rural,9,1017,534,483,21,11,10,36,19,17,0,0,0,464,244,220,15,9,6,14,5,9,1,1,0,466,245,221
604,District-Kancheepuram,Rural,10,1361,691,670,33,20,13,28,9,19,1,1,0,549,253,296,22,10,12,23,13,10,4,1,3,701,384,317
604,District-Kancheepuram,Rural,11,1232,622,610,114,68,46,58,31,27,6,5,1,613,293,320,25,19,6,12,5,7,4,0,4,400,201,199
604,District-Kancheepuram,Rural,12,1429,731,698,203,148,55,91,55,36,11,8,3,754,327,427,36,24,12,19,10,9,8,3,5,307,156,151
604,District-Kancheepuram,Rural,13,1614,839,775,251,166,85,98,66,32,26,16,10,866,406,460,33,16,17,22,9,13,4,2,2,314,158,156
604,District-Kancheepuram,Rural,14,2284,1174,1110,458,276,182,211,128,83,43,28,15,1158,541,617,58,33,25,45,23,22,6,2,4,305,143,162
604,District-Kancheepuram,Rural,15,4281,2175,2106,1046,597,449,493,290,203,108,53,55,2047,952,1095,131,77,54,82,36,46,16,6,10,358,164,194
604,District-Kancheepuram,Rural,16,6171,3068,3103,1982,1078,904,682,388,294,166,107,59,2853,1260,1593,125,62,63,63,31,32,13,8,5,287,134,153
604,District-Kancheepuram,Rural,17,9818,4818,5000,3546,2041,1505,1172,638,534,300,168,132,4209,1688,2521,159,85,74,93,52,41,18,5,13,321,141,180
604,District-Kancheepuram,Rural,18,16720,8029,8691,6514,3748,2766,1993,1087,906,406,217,189,6872,2548,4324,293,154,139,140,70,70,50,25,25,452,180,272
604,District-Kancheepuram,Rural,19,17683,8341,9342,7287,4378,2909,2113,1173,940,398,227,171,6896,2137,4759,334,170,164,163,88,75,42,24,18,450,144,306
604,District-Kancheepuram,Urban,5-19,98405,49663,48742,20336,13362,6974,4129,2473,1656,789,523,266,38035,15510,22525,1729,1005,724,695,352,343,67,38,29,32625,16400,16225
604,District-Kancheepuram,Urban,5,14809,7646,7163,21,19,2,16,9,7,0,0,0,488,266,222,106,51,55,137,68,69,4,4,0,14037,7229,6808
604,District-Kancheepuram,Urban,6,9563,4884,4679,20,12,8,19,11,8,1,0,1,641,321,320,74,41,33,113,62,51,2,1,1,8693,4436,4257
604,District-Kancheepuram,Urban,7,3203,1649,1554,54,37,17,32,14,18,0,0,0,1094,563,531,36,21,15,28,13,15,0,0,0,1959,1001,958
604,District-Kancheepuram,Urban,8,2103,1049,1054,42,30,12,32,14,18,0,0,0,1047,519,528,18,6,12,16,8,8,0,0,0,948,472,476
604,District-Kancheepuram,Urban,9,2008,1026,982,45,23,22,33,15,18,1,1,0,1102,562,540,25,12,13,14,5,9,1,0,1,787,408,379
604,District-Kancheepuram,Urban,10,2585,1278,1307,51,22,29,41,21,20,4,2,2,1266,630,636,41,19,22,31,19,12,1,1,0,1150,564,586
604,District-Kancheepuram,Urban,11,2285,1153,1132,193,137,56,69,36,33,4,2,2,1283,585,698,25,13,12,26,12,14,2,1,1,683,367,316
604,District-Kancheepuram,Urban,12,2440,1255,1185,318,217,101,77,33,44,6,3,3,1413,667,746,35,26,9,25,13,12,1,1,0,565,295,270
604,District-Kancheepuram,Urban,13,2611,1314,1297,372,241,131,92,53,39,5,2,3,1510,702,808,48,35,13,22,14,8,2,2,0,560,265,295
604,District-Kancheepuram,Urban,14,3158,1690,1468,543,392,151,129,84,45,23,17,6,1818,871,947,67,39,28,26,13,13,3,2,1,549,272,277
604,District-Kancheepuram,Urban,15,4609,2387,2222,1124,712,412,258,152,106,61,38,23,2451,1162,1289,146,77,69,31,15,16,5,2,3,533,229,304
604,District-Kancheepuram,Urban,16,6266,3282,2984,1812,1169,643,386,243,143,85,60,25,3287,1469,1818,166,96,70,39,20,19,4,2,2,487,223,264
604,District-Kancheepuram,Urban,17,9335,4791,4544,3166,2035,1131,640,383,257,150,96,54,4679,1956,2723,198,115,83,37,22,15,10,6,4,455,178,277
604,District-Kancheepuram,Urban,18,15398,7546,7852,5580,3588,1992,1082,677,405,202,126,76,7485,2661,4824,352,203,149,85,42,43,19,7,12,593,242,351
604,District-Kancheepuram,Urban,19,18032,8713,9319,6995,4728,2267,1223,728,495,247,176,71,8471,2576,5895,392,251,141,65,26,39,13,9,4,626,219,407
605,District-Vellore,Total,5-19,219210,107543,111667,55791,36138,19653,13412,7602,5810,3173,1748,1425,79406,28346,51060,3894,2102,1792,1914,885,1029,295,134,161,61325,30588,30737
605,District-Vellore,Total,5,29661,15499,14162,29,19,10,9,7,2,3,1,2,570,296,274,155,86,69,179,95,84,10,9,1,28706,14986,13720
605,District-Vellore,Total,6,15999,8276,7723,24,11,13,9,4,5,1,0,1,821,416,405,78,47,31,128,74,54,7,5,2,14931,7719,7212
605,District-Vellore,Total,7,5386,2721,2665,36,17,19,19,15,4,2,1,1,946,464,482,46,22,24,59,27,32,2,0,2,4276,2175,2101
605,District-Vellore,Total,8,2854,1418,1436,49,36,13,23,13,10,4,3,1,896,427,469,21,14,7,28,13,15,1,1,0,1832,911,921
605,District-Vellore,Total,9,2265,1124,1141,51,30,21,24,8,16,1,0,1,992,487,505,30,12,18,57,25,32,2,1,1,1108,561,547
605,District-Vellore,Total,10,3032,1547,1485,101,62,39,32,20,12,11,5,6,1176,622,554,43,27,16,42,25,17,3,1,2,1624,785,839
605,District-Vellore,Total,11,2869,1402,1467,303,194,109,88,44,44,20,14,6,1364,619,745,70,32,38,50,26,24,3,1,2,971,472,499
605,District-Vellore,Total,12,3636,1777,1859,524,342,182,155,81,74,32,15,17,1819,821,998,95,49,46,65,38,27,5,2,3,941,429,512
605,District-Vellore,Total,13,4593,2184,2409,838,555,283,217,121,96,62,30,32,2412,1020,1392,130,62,68,71,29,42,11,5,6,852,362,490
605,District-Vellore,Total,14,6724,3347,3377,1600,1004,596,375,220,155,100,52,48,3504,1560,1944,180,93,87,104,37,67,26,11,15,835,370,465
605,District-Vellore,Total,15,12799,6419,6380,3766,2341,1425,939,535,404,275,169,106,6254,2689,3565,372,203,169,149,67,82,37,16,21,1007,399,608
605,District-Vellore,Total,16,17398,8661,8737,5893,3694,2199,1412,830,582,343,190,153,8351,3323,5028,340,180,160,177,83,94,22,9,13,860,352,508
605,District-Vellore,Total,17,26554,13146,13408,9706,6276,3430,2333,1313,1020,554,313,241,12263,4464,7799,499,285,214,193,94,99,45,24,21,961,377,584
605,District-Vellore,Total,18,41132,19449,21683,15642,10108,5534,3714,2115,1599,846,475,371,18557,5782,12775,864,476,388,269,118,151,60,25,35,1180,350,830
605,District-Vellore,Total,19,44308,20573,23735,17229,11449,5780,4063,2276,1787,919,480,439,19481,5356,14125,971,514,457,343,134,209,61,24,37,1241,340,901
605,District-Vellore,Rural,5-19,129309,63651,65658,35132,21983,13149,10199,5625,4574,2306,1201,1105,43295,15726,27569,2256,1088,1168,1492,668,824,226,82,144,34403,17278,17125
605,District-Vellore,Rural,5,17124,8999,8125,20,14,6,3,3,0,2,1,1,292,161,131,95,53,42,113,63,50,7,6,1,16592,8698,7894
605,District-Vellore,Rural,6,8599,4458,4141,15,6,9,7,4,3,1,0,1,412,199,213,43,25,18,83,48,35,2,2,0,8036,4174,3862
605,District-Vellore,Rural,7,2992,1520,1472,23,7,16,11,7,4,2,1,1,484,236,248,29,14,15,41,17,24,2,0,2,2400,1238,1162
605,District-Vellore,Rural,8,1595,788,807,35,24,11,17,11,6,3,2,1,467,217,250,9,6,3,24,11,13,1,1,0,1039,516,523
605,District-Vellore,Rural,9,1235,620,615,27,13,14,17,6,11,1,0,1,515,259,256,19,7,12,41,16,25,2,1,1,613,318,295
605,District-Vellore,Rural,10,1640,848,792,57,36,21,23,14,9,7,3,4,570,310,260,20,10,10,36,23,13,3,1,2,924,451,473
605,District-Vellore,Rural,11,1482,713,769,164,99,65,59,28,31,10,6,4,639,292,347,35,11,24,40,19,21,3,1,2,532,257,275
605,District-Vellore,Rural,12,1933,942,991,309,191,118,106,60,46,21,10,11,889,396,493,48,23,25,55,32,23,5,2,3,500,228,272
605,District-Vellore,Rural,13,2449,1155,1294,487,304,183,146,76,70,41,17,24,1175,502,673,76,35,41,59,23,36,9,4,5,456,194,262
605,District-Vellore,Rural,14,3768,1872,1896,935,548,387,283,161,122,62,31,31,1808,829,979,116,54,62,89,34,55,13,3,10,462,212,250
605,District-Vellore,Rural,15,7611,3795,3816,2325,1390,935,703,387,316,198,119,79,3441,1493,1948,222,117,105,117,53,64,29,10,19,576,226,350
605,District-Vellore,Rural,16,10508,5197,5311,3715,2231,1484,1087,627,460,254,129,125,4627,1850,2777,195,98,97,143,64,79,16,4,12,471,194,277
605,District-Vellore,Rural,17,16104,7991,8113,6079,3816,2263,1758,960,798,393,210,183,6898,2573,4325,286,148,138,155,71,84,32,13,19,503,200,303
605,District-Vellore,Rural,18,25299,12097,13202,10031,6271,3760,2886,1612,1274,628,349,279,10372,3336,7036,484,230,254,214,89,125,49,16,33,635,194,441
605,District-Vellore,Rural,19,26970,12656,14314,10910,7033,3877,3093,1669,1424,683,323,360,10706,3073,7633,579,257,322,282,105,177,53,18,35,664,178,486
605,District-Vellore,Urban,5-19,89901,43892,46009,20659,14155,6504,3213,1977,1236,867,547,320,36111,12620,23491,1638,1014,624,422,217,205,69,52,17,26922,13310,13612
605,District-Vellore,Urban,5,12537,6500,6037,9,5,4,6,4,2,1,0,1,278,135,143,60,33,27,66,32,34,3,3,0,12114,6288,5826
605,District-Vellore,Urban,6,7400,3818,3582,9,5,4,2,0,2,0,0,0,409,217,192,35,22,13,45,26,19,5,3,2,6895,3545,3350
605,District-Vellore,Urban,7,2394,1201,1193,13,10,3,8,8,0,0,0,0,462,228,234,17,8,9,18,10,8,0,0,0,1876,937,939
605,District-Vellore,Urban,8,1259,630,629,14,12,2,6,2,4,1,1,0,429,210,219,12,8,4,4,2,2,0,0,0,793,395,398
605,District-Vellore,Urban,9,1030,504,526,24,17,7,7,2,5,0,0,0,477,228,249,11,5,6,16,9,7,0,0,0,495,243,252
605,District-Vellore,Urban,10,1392,699,693,44,26,18,9,6,3,4,2,2,606,312,294,23,17,6,6,2,4,0,0,0,700,334,366
605,District-Vellore,Urban,11,1387,689,698,139,95,44,29,16,13,10,8,2,725,327,398,35,21,14,10,7,3,0,0,0,439,215,224
605,District-Vellore,Urban,12,1703,835,868,215,151,64,49,21,28,11,5,6,930,425,505,47,26,21,10,6,4,0,0,0,441,201,240
605,District-Vellore,Urban,13,2144,1029,1115,351,251,100,71,45,26,21,13,8,1237,518,719,54,27,27,12,6,6,2,1,1,396,168,228
605,District-Vellore,Urban,14,2956,1475,1481,665,456,209,92,59,33,38,21,17,1696,731,965,64,39,25,15,3,12,13,8,5,373,158,215
605,District-Vellore,Urban,15,5188,2624,2564,1441,951,490,236,148,88,77,50,27,2813,1196,1617,150,86,64,32,14,18,8,6,2,431,173,258
605,District-Vellore,Urban,16,6890,3464,3426,2178,1463,715,325,203,122,89,61,28,3724,1473,2251,145,82,63,34,19,15,6,5,1,389,158,231
605,District-Vellore,Urban,17,10450,5155,5295,3627,2460,1167,575,353,222,161,103,58,5365,1891,3474,213,137,76,38,23,15,13,11,2,458,177,281
605,District-Vellore,Urban,18,15833,7352,8481,5611,3837,1774,828,503,325,218,126,92,8185,2446,5739,380,246,134,55,29,26,11,9,2,545,156,389
605,District-Vellore,Urban,19,17338,7917,9421,6319,4416,1903,970,607,363,236,157,79,8775,2283,6492,392,257,135,61,29,32,8,6,2,577,162,415
606,District-Tiruvannamalai,Total,5-19,137557,67590,69967,40470,24329,16141,13031,6661,6370,2491,1239,1252,40844,15319,25525,4203,1931,2272,1406,555,851,263,96,167,34849,17460,17389
606,District-Tiruvannamalai,Total,5,17910,9314,8596,21,10,11,5,3,2,1,1,0,374,203,171,108,64,44,80,34,46,2,1,1,17319,8998,8321
606,District-Tiruvannamalai,Total,6,8769,4544,4225,19,5,14,13,7,6,0,0,0,501,253,248,77,48,29,49,19,30,4,0,4,8106,4212,3894
606,District-Tiruvannamalai,Total,7,2984,1507,1477,46,27,19,15,7,8,1,0,1,607,293,314,43,24,19,12,6,6,1,0,1,2259,1150,1109
606,District-Tiruvannamalai,Total,8,1662,811,851,50,25,25,15,8,7,3,1,2,542,258,284,39,20,19,9,7,2,0,0,0,1004,492,512
606,District-Tiruvannamalai,Total,9,1287,631,656,56,35,21,26,13,13,3,1,2,546,264,282,29,16,13,11,5,6,3,2,1,613,295,318
606,District-Tiruvannamalai,Total,10,2008,983,1025,92,55,37,24,10,14,8,5,3,755,382,373,70,36,34,26,9,17,5,1,4,1028,485,543
606,District-Tiruvannamalai,Total,11,1649,817,832,230,142,88,84,38,46,11,6,5,713,363,350,65,32,33,30,10,20,4,1,3,512,225,287
606,District-Tiruvannamalai,Total,12,2422,1249,1173,435,259,176,132,78,54,29,19,10,1127,553,574,135,60,75,39,19,20,11,9,2,514,252,262
606,District-Tiruvannamalai,Total,13,2796,1392,1404,552,340,212,224,119,105,55,27,28,1292,616,676,148,65,83,48,18,30,18,4,14,459,203,256
606,District-Tiruvannamalai,Total,14,4061,2048,2013,1113,678,435,352,190,162,71,37,34,1796,827,969,236,99,137,70,29,41,19,6,13,404,182,222
606,District-Tiruvannamalai,Total,15,8408,4391,4017,2701,1647,1054,980,553,427,202,113,89,3311,1515,1796,510,253,257,142,59,83,22,5,17,540,246,294
606,District-Tiruvannamalai,Total,16,11045,5517,5528,4080,2432,1648,1384,743,641,278,137,141,4407,1823,2584,366,170,196,108,39,69,20,8,12,402,165,237
606,District-Tiruvannamalai,Total,17,17082,8365,8717,6841,4124,2717,2354,1195,1159,433,230,203,6254,2314,3940,545,255,290,166,66,100,32,8,24,457,173,284
606,District-Tiruvannamalai,Total,18,26970,12827,14143,11587,6969,4618,3590,1794,1796,706,334,372,9180,2946,6234,903,412,491,313,117,196,67,28,39,624,227,397
606,District-Tiruvannamalai,Total,19,28504,13194,15310,12647,7581,5066,3833,1903,1930,690,328,362,9439,2709,6730,929,377,552,303,118,185,55,23,32,608,155,453
606,District-Tiruvannamalai,Rural,5-19,115945,56826,59119,35712,20958,14754,12210,6196,6014,2279,1129,1150,31839,11997,19842,3783,1688,2095,1311,513,798,241,92,149,28570,14253,14317
606,District-Tiruvannamalai,Rural,5,14826,7686,7140,18,8,10,5,3,2,1,1,0,267,145,122,100,61,39,62,27,35,1,0,1,14372,7441,6931
606,District-Tiruvannamalai,Rural,6,7007,3624,3383,18,5,13,11,5,6,0,0,0,381,187,194,65,40,25,36,12,24,3,0,3,6493,3375,3118
606,District-Tiruvannamalai,Rural,7,2364,1180,1184,39,23,16,13,5,8,1,0,1,446,216,230,40,22,18,11,5,6,0,0,0,1814,909,905
606,District-Tiruvannamalai,Rural,8,1352,652,700,42,21,21,12,7,5,3,1,2,410,188,222,36,18,18,8,6,2,0,0,0,841,411,430
606,District-Tiruvannamalai,Rural,9,1017,493,524,43,27,16,19,8,11,3,1,2,411,201,210,25,14,11,11,5,6,2,2,0,503,235,268
606,District-Tiruvannamalai,Rural,10,1661,787,874,72,39,33,22,9,13,7,5,2,591,290,301,59,29,30,25,9,16,4,0,4,881,406,475
606,District-Tiruvannamalai,Rural,11,1332,654,678,197,122,75,78,36,42,10,5,5,549,281,268,58,25,33,27,9,18,4,1,3,409,175,234
606,District-Tiruvannamalai,Rural,12,1986,1018,968,376,214,162,123,73,50,22,16,6,876,437,439,122,50,72,36,17,19,11,9,2,420,202,218
606,District-Tiruvannamalai,Rural,13,2288,1125,1163,472,277,195,203,102,101,53,26,27,994,479,515,137,59,78,47,18,29,15,4,11,367,160,207
606,District-Tiruvannamalai,Rural,14,3351,1695,1656,956,573,383,324,174,150,67,35,32,1378,644,734,216,87,129,68,29,39,18,6,12,324,147,177
606,District-Tiruvannamalai,Rural,15,7153,3732,3421,2392,1427,965,907,505,402,187,106,81,2620,1210,1410,457,223,234,130,53,77,20,5,15,440,203,237
606,District-Tiruvannamalai,Rural,16,9459,4705,4754,3592,2089,1503,1294,689,605,251,122,129,3552,1481,2071,327,148,179,101,37,64,19,8,11,323,131,192
606,District-Tiruvannamalai,Rural,17,14746,7216,7530,6092,3606,2486,2219,1130,1089,398,210,188,4970,1829,3141,492,228,264,160,62,98,29,8,21,386,143,243
606,District-Tiruvannamalai,Rural,18,23186,11001,12185,10231,6007,4224,3390,1681,1709,653,308,345,7233,2325,4908,815,358,457,293,110,183,64,27,37,507,185,322
606,District-Tiruvannamalai,Rural,19,24217,11258,12959,11172,6520,4652,3590,1769,1821,623,293,330,7161,2084,5077,834,326,508,296,114,182,51,22,29,490,130,360
606,District-Tiruvannamalai,Urban,5-19,21612,10764,10848,4758,3371,1387,821,465,356,212,110,102,9005,3322,5683,420,243,177,95,42,53,22,4,18,6279,3207,3072
606,District-Tiruvannamalai,Urban,5,3084,1628,1456,3,2,1,0,0,0,0,0,0,107,58,49,8,3,5,18,7,11,1,1,0,2947,1557,1390
606,District-Tiruvannamalai,Urban,6,1762,920,842,1,0,1,2,2,0,0,0,0,120,66,54,12,8,4,13,7,6,1,0,1,1613,837,776
606,District-Tiruvannamalai,Urban,7,620,327,293,7,4,3,2,2,0,0,0,0,161,77,84,3,2,1,1,1,0,1,0,1,445,241,204
606,District-Tiruvannamalai,Urban,8,310,159,151,8,4,4,3,1,2,0,0,0,132,70,62,3,2,1,1,1,0,0,0,0,163,81,82
606,District-Tiruvannamalai,Urban,9,270,138,132,13,8,5,7,5,2,0,0,0,135,63,72,4,2,2,0,0,0,1,0,1,110,60,50
606,District-Tiruvannamalai,Urban,10,347,196,151,20,16,4,2,1,1,1,0,1,164,92,72,11,7,4,1,0,1,1,1,0,147,79,68
606,District-Tiruvannamalai,Urban,11,317,163,154,33,20,13,6,2,4,1,1,0,164,82,82,7,7,0,3,1,2,0,0,0,103,50,53
606,District-Tiruvannamalai,Urban,12,436,231,205,59,45,14,9,5,4,7,3,4,251,116,135,13,10,3,3,2,1,0,0,0,94,50,44
606,District-Tiruvannamalai,Urban,13,508,267,241,80,63,17,21,17,4,2,1,1,298,137,161,11,6,5,1,0,1,3,0,3,92,43,49
606,District-Tiruvannamalai,Urban,14,710,353,357,157,105,52,28,16,12,4,2,2,418,183,235,20,12,8,2,0,2,1,0,1,80,35,45
606,District-Tiruvannamalai,Urban,15,1255,659,596,309,220,89,73,48,25,15,7,8,691,305,386,53,30,23,12,6,6,2,0,2,100,43,57
606,District-Tiruvannamalai,Urban,16,1586,812,774,488,343,145,90,54,36,27,15,12,855,342,513,39,22,17,7,2,5,1,0,1,79,34,45
606,District-Tiruvannamalai,Urban,17,2336,1149,1187,749,518,231,135,65,70,35,20,15,1284,485,799,53,27,26,6,4,2,3,0,3,71,30,41
606,District-Tiruvannamalai,Urban,18,3784,1826,1958,1356,962,394,200,113,87,53,26,27,1947,621,1326,88,54,34,20,7,13,3,1,2,117,42,75
606,District-Tiruvannamalai,Urban,19,4287,1936,2351,1475,1061,414,243,134,109,67,35,32,2278,625,1653,95,51,44,7,4,3,4,1,3,118,25,93
607,District-Viluppuram,Total,5-19,203962,99259,104703,50118,30629,19489,19110,9870,9240,3630,1829,1801,59329,22560,36769,7287,3224,4063,3258,1358,1900,574,212,362,60656,29577,31079
607,District-Viluppuram,Total,5,28884,14783,14101,33,22,11,9,5,4,3,1,2,461,255,206,246,136,110,222,122,100,27,11,16,27883,14231,13652
607,District-Viluppuram,Total,6,15456,7844,7612,21,8,13,27,9,18,1,0,1,679,346,333,123,60,63,135,70,65,11,6,5,14459,7345,7114
607,District-Viluppuram,Total,7,5342,2643,2699,66,35,31,39,18,21,9,6,3,1012,488,524,78,38,40,36,16,20,9,4,5,4093,2038,2055
607,District-Viluppuram,Total,8,3135,1533,1602,85,47,38,41,16,25,8,4,4,1026,517,509,72,26,46,35,19,16,6,4,2,1862,900,962
607,District-Viluppuram,Total,9,2517,1219,1298,78,42,36,34,10,24,17,10,7,1014,509,505,60,37,23,32,10,22,6,2,4,1276,599,677
607,District-Viluppuram,Total,10,3566,1740,1826,143,90,53,54,26,28,18,10,8,1245,633,612,132,58,74,47,23,24,10,5,5,1917,895,1022
607,District-Viluppuram,Total,11,3055,1515,1540,333,215,118,127,72,55,28,14,14,1340,652,688,112,44,68,41,18,23,6,1,5,1068,499,569
607,District-Viluppuram,Total,12,4078,2010,2068,623,370,253,266,144,122,48,22,26,1797,862,935,203,102,101,83,37,46,20,7,13,1038,466,572
607,District-Viluppuram,Total,13,4560,2204,2356,800,484,316,308,152,156,62,33,29,2138,969,1169,209,97,112,105,39,66,21,10,11,917,420,497
607,District-Viluppuram,Total,14,6321,3065,3256,1414,805,609,623,315,308,120,57,63,2790,1277,1513,330,156,174,152,72,80,20,6,14,872,377,495
607,District-Viluppuram,Total,15,12434,6221,6213,3442,2122,1320,1446,766,680,285,164,121,5081,2215,2866,745,359,386,311,145,166,48,22,26,1076,428,648
607,District-Viluppuram,Total,16,15527,7702,7825,5123,3115,2008,2019,1078,941,406,210,196,6074,2478,3596,682,319,363,293,133,160,60,19,41,870,350,520
607,District-Viluppuram,Total,17,22973,11241,11732,8378,5101,3277,3283,1690,1593,584,314,270,8453,3202,5251,920,420,500,390,174,216,76,27,49,889,313,576
607,District-Viluppuram,Total,18,36741,17185,19556,14041,8523,5518,5154,2651,2503,1016,511,505,12921,4179,8742,1583,648,935,642,227,415,123,41,82,1261,405,856
607,District-Viluppuram,Total,19,39373,18354,21019,15538,9650,5888,5680,2918,2762,1025,473,552,13298,3978,9320,1792,724,1068,734,253,481,131,47,84,1175,311,864
607,District-Viluppuram,Rural,5-19,180941,88047,92894,46679,28082,18597,18015,9187,8828,3373,1667,1706,49806,19067,30739,6967,3043,3924,3095,1273,1822,542,201,341,52464,25527,26937
607,District-Viluppuram,Rural,5,25155,12852,12303,30,20,10,8,5,3,2,1,1,364,195,169,220,121,99,198,111,87,26,10,16,24307,12389,11918
607,District-Viluppuram,Rural,6,13082,6659,6423,17,7,10,21,6,15,0,0,0,556,289,267,111,53,58,122,63,59,11,6,5,12244,6235,6009
607,District-Viluppuram,Rural,7,4558,2251,2307,60,33,27,34,15,19,9,6,3,781,382,399,73,35,38,34,15,19,9,4,5,3558,1761,1797
607,District-Viluppuram,Rural,8,2615,1295,1320,74,40,34,31,12,19,8,4,4,812,427,385,68,25,43,31,16,15,6,4,2,1585,767,818
607,District-Viluppuram,Rural,9,2146,1035,1111,74,40,34,29,10,19,17,10,7,829,415,414,55,33,22,28,8,20,6,2,4,1108,517,591
607,District-Viluppuram,Rural,10,3088,1497,1591,131,84,47,48,22,26,17,9,8,1016,524,492,122,50,72,45,21,24,8,3,5,1701,784,917
607,District-Viluppuram,Rural,11,2599,1307,1292,304,192,112,112,65,47,26,12,14,1088,548,540,103,39,64,41,18,23,4,1,3,921,432,489
607,District-Viluppuram,Rural,12,3570,1775,1795,578,341,237,245,133,112,43,18,25,1494,734,760,198,98,100,78,34,44,19,7,12,915,410,505
607,District-Viluppuram,Rural,13,3971,1897,2074,746,441,305,283,139,144,56,28,28,1789,797,992,202,92,110,99,36,63,19,9,10,777,355,422
607,District-Viluppuram,Rural,14,5564,2681,2883,1293,717,576,575,291,284,112,52,60,2366,1081,1285,311,146,165,142,66,76,19,6,13,746,322,424
607,District-Viluppuram,Rural,15,11171,5562,5609,3193,1935,1258,1362,706,656,263,148,115,4388,1927,2461,708,335,373,296,137,159,45,19,26,916,355,561
607,District-Viluppuram,Rural,16,14067,6966,7101,4797,2882,1915,1895,993,902,383,198,185,5234,2141,3093,662,310,352,279,127,152,57,18,39,760,297,463
607,District-Viluppuram,Rural,17,20750,10195,10555,7829,4703,3126,3102,1585,1517,538,288,250,7178,2751,4427,882,399,483,379,170,209,74,26,48,768,273,495
607,District-Viluppuram,Rural,18,33203,15513,17690,13086,7827,5259,4875,2465,2410,948,464,484,10926,3531,7395,1524,616,908,608,210,398,111,40,71,1125,360,765
607,District-Viluppuram,Rural,19,35402,16562,18840,14467,8820,5647,5395,2740,2655,951,429,522,10985,3325,7660,1728,691,1037,715,241,474,128,46,82,1033,270,763
607,District-Viluppuram,Urban,5-19,23021,11212,11809,3439,2547,892,1095,683,412,257,162,95,9523,3493,6030,320,181,139,163,85,78,32,11,21,8192,4050,4142
607,District-Viluppuram,Urban,5,3729,1931,1798,3,2,1,1,0,1,1,0,1,97,60,37,26,15,11,24,11,13,1,1,0,3576,1842,1734
607,District-Viluppuram,Urban,6,2374,1185,1189,4,1,3,6,3,3,1,0,1,123,57,66,12,7,5,13,7,6,0,0,0,2215,1110,1105
607,District-Viluppuram,Urban,7,784,392,392,6,2,4,5,3,2,0,0,0,231,106,125,5,3,2,2,1,1,0,0,0,535,277,258
607,District-Viluppuram,Urban,8,520,238,282,11,7,4,10,4,6,0,0,0,214,90,124,4,1,3,4,3,1,0,0,0,277,133,144
607,District-Viluppuram,Urban,9,371,184,187,4,2,2,5,0,5,0,0,0,185,94,91,5,4,1,4,2,2,0,0,0,168,82,86
607,District-Viluppuram,Urban,10,478,243,235,12,6,6,6,4,2,1,1,0,229,109,120,10,8,2,2,2,0,2,2,0,216,111,105
607,District-Viluppuram,Urban,11,456,208,248,29,23,6,15,7,8,2,2,0,252,104,148,9,5,4,0,0,0,2,0,2,147,67,80
607,District-Viluppuram,Urban,12,508,235,273,45,29,16,21,11,10,5,4,1,303,128,175,5,4,1,5,3,2,1,0,1,123,56,67
607,District-Viluppuram,Urban,13,589,307,282,54,43,11,25,13,12,6,5,1,349,172,177,7,5,2,6,3,3,2,1,1,140,65,75
607,District-Viluppuram,Urban,14,757,384,373,121,88,33,48,24,24,8,5,3,424,196,228,19,10,9,10,6,4,1,0,1,126,55,71
607,District-Viluppuram,Urban,15,1263,659,604,249,187,62,84,60,24,22,16,6,693,288,405,37,24,13,15,8,7,3,3,0,160,73,87
607,District-Viluppuram,Urban,16,1460,736,724,326,233,93,124,85,39,23,12,11,840,337,503,20,9,11,14,6,8,3,1,2,110,53,57
607,District-Viluppuram,Urban,17,2223,1046,1177,549,398,151,181,105,76,46,26,20,1275,451,824,38,21,17,11,4,7,2,1,1,121,40,81
607,District-Viluppuram,Urban,18,3538,1672,1866,955,696,259,279,186,93,68,47,21,1995,648,1347,59,32,27,34,17,17,12,1,11,136,45,91
607,District-Viluppuram,Urban,19,3971,1792,2179,1071,830,241,285,178,107,74,44,30,2313,653,1660,64,33,31,19,12,7,3,1,2,142,41,101
608,District-Salem,Total,5-19,172752,91711,81041,54054,38751,15303,4761,2842,1919,993,618,375,48439,16266,32173,6493,3750,2743,665,311,354,136,75,61,57211,29098,28113
608,District-Salem,Total,5,29695,15490,14205,15,11,4,4,2,2,1,0,1,327,155,172,127,67,60,49,28,21,4,3,1,29168,15224,13944
608,District-Salem,Total,6,16022,8410,7612,15,8,7,4,3,1,1,0,1,541,256,285,70,35,35,33,16,17,0,0,0,15358,8092,7266
608,District-Salem,Total,7,4130,2157,1973,39,29,10,7,3,4,0,0,0,677,336,341,35,19,16,8,5,3,0,0,0,3364,1765,1599
608,District-Salem,Total,8,1922,967,955,41,24,17,10,3,7,0,0,0,697,356,341,18,13,5,10,5,5,2,1,1,1144,565,579
608,District-Salem,Total,9,1593,879,714,52,33,19,7,4,3,1,1,0,723,401,322,14,7,7,5,4,1,1,1,0,790,428,362
608,District-Salem,Total,10,2256,1201,1055,99,66,33,14,5,9,3,3,0,915,489,426,56,31,25,7,3,4,0,0,0,1162,604,558
608,District-Salem,Total,11,2130,1134,996,286,206,80,34,22,12,3,2,1,1022,531,491,65,29,36,20,6,14,1,1,0,699,337,362
608,District-Salem,Total,12,2846,1573,1273,618,424,194,54,33,21,15,7,8,1434,725,709,147,90,57,13,6,7,3,2,1,562,286,276
608,District-Salem,Total,13,3825,2114,1711,1096,757,339,106,69,37,42,29,13,1747,843,904,190,115,75,15,7,8,10,5,5,619,289,330
608,District-Salem,Total,14,5601,3209,2392,1976,1424,552,178,115,63,50,37,13,2392,1130,1262,337,198,139,39,15,24,5,5,0,624,285,339
608,District-Salem,Total,15,9757,5705,4052,4151,3003,1148,392,254,138,93,64,29,3799,1722,2077,621,346,275,51,27,24,14,9,5,636,280,356
608,District-Salem,Total,16,12774,7525,5249,6273,4603,1670,541,327,214,124,85,39,4525,1799,2726,634,382,252,56,34,22,11,4,7,610,291,319
608,District-Salem,Total,17,18863,10642,8221,9348,6848,2500,814,513,301,166,110,56,6813,2292,4521,1000,628,372,70,30,40,19,9,10,633,212,421
608,District-Salem,Total,18,28604,14684,13920,14020,10039,3981,1192,683,509,226,126,100,10703,2689,8014,1445,831,614,125,62,63,29,11,18,864,243,621
608,District-Salem,Total,19,32734,16021,16713,16025,11276,4749,1404,806,598,268,154,114,12124,2542,9582,1734,959,775,164,63,101,37,24,13,978,197,781
608,District-Salem,Rural,5-19,90961,48700,42261,30787,21295,9492,2934,1726,1208,522,319,203,22801,7921,14880,4054,2176,1878,411,183,228,79,41,38,29373,15039,14334
608,District-Salem,Rural,5,15455,8091,7364,7,5,2,3,1,2,0,0,0,115,57,58,81,41,40,18,11,7,1,1,0,15230,7975,7255
608,District-Salem,Rural,6,7949,4186,3763,10,5,5,1,0,1,0,0,0,238,108,130,46,22,24,18,6,12,0,0,0,7636,4045,3591
608,District-Salem,Rural,7,2167,1153,1014,23,16,7,3,2,1,0,0,0,273,140,133,22,13,9,5,2,3,0,0,0,1841,980,861
608,District-Salem,Rural,8,909,457,452,17,10,7,7,3,4,0,0,0,281,143,138,12,9,3,5,3,2,0,0,0,587,289,298
608,District-Salem,Rural,9,752,429,323,30,19,11,4,2,2,1,1,0,294,167,127,8,5,3,5,4,1,1,1,0,409,230,179
608,District-Salem,Rural,10,1128,614,514,47,32,15,5,1,4,1,1,0,426,221,205,29,18,11,5,3,2,0,0,0,615,338,277
608,District-Salem,Rural,11,955,524,431,142,98,44,16,9,7,0,0,0,423,234,189,34,16,18,11,1,10,0,0,0,329,166,163
608,District-Salem,Rural,12,1369,780,589,317,211,106,33,20,13,9,5,4,659,352,307,82,48,34,6,2,4,2,1,1,261,141,120
608,District-Salem,Rural,13,1922,1058,864,556,369,187,61,40,21,23,16,7,869,429,440,105,60,45,9,4,5,6,3,3,293,137,156
608,District-Salem,Rural,14,2814,1626,1188,1057,736,321,93,60,33,22,18,4,1107,550,557,203,121,82,19,6,13,3,3,0,310,132,178
608,District-Salem,Rural,15,5163,3088,2075,2260,1618,642,235,148,87,49,33,16,1886,919,967,380,198,182,26,18,8,10,6,4,317,148,169
608,District-Salem,Rural,16,6813,4085,2728,3484,2524,960,326,203,123,62,46,16,2202,917,1285,410,237,173,33,20,13,7,1,6,289,137,152
608,District-Salem,Rural,17,10314,5891,4423,5354,3830,1524,508,316,192,88,61,27,3365,1182,2183,622,367,255,50,24,26,11,5,6,316,106,210
608,District-Salem,Rural,18,15358,7920,7438,8046,5522,2524,739,413,326,125,68,57,5028,1302,3726,879,455,424,77,32,45,17,5,12,447,123,324
608,District-Salem,Rural,19,17893,8798,9095,9437,6300,3137,900,508,392,142,70,72,5635,1200,4435,1141,566,575,124,47,77,21,15,6,493,92,401
608,District-Salem,Urban,5-19,81791,43011,38780,23267,17456,5811,1827,1116,711,471,299,172,25638,8345,17293,2439,1574,865,254,128,126,57,34,23,27838,14059,13779
608,District-Salem,Urban,5,14240,7399,6841,8,6,2,1,1,0,1,0,1,212,98,114,46,26,20,31,17,14,3,2,1,13938,7249,6689
608,District-Salem,Urban,6,8073,4224,3849,5,3,2,3,3,0,1,0,1,303,148,155,24,13,11,15,10,5,0,0,0,7722,4047,3675
608,District-Salem,Urban,7,1963,1004,959,16,13,3,4,1,3,0,0,0,404,196,208,13,6,7,3,3,0,0,0,0,1523,785,738
608,District-Salem,Urban,8,1013,510,503,24,14,10,3,0,3,0,0,0,416,213,203,6,4,2,5,2,3,2,1,1,557,276,281
608,District-Salem,Urban,9,841,450,391,22,14,8,3,2,1,0,0,0,429,234,195,6,2,4,0,0,0,0,0,0,381,198,183
608,District-Salem,Urban,10,1128,587,541,52,34,18,9,4,5,2,2,0,489,268,221,27,13,14,2,0,2,0,0,0,547,266,281
608,District-Salem,Urban,11,1175,610,565,144,108,36,18,13,5,3,2,1,599,297,302,31,13,18,9,5,4,1,1,0,370,171,199
608,District-Salem,Urban,12,1477,793,684,301,213,88,21,13,8,6,2,4,775,373,402,65,42,23,7,4,3,1,1,0,301,145,156
608,District-Salem,Urban,13,1903,1056,847,540,388,152,45,29,16,19,13,6,878,414,464,85,55,30,6,3,3,4,2,2,326,152,174
608,District-Salem,Urban,14,2787,1583,1204,919,688,231,85,55,30,28,19,9,1285,580,705,134,77,57,20,9,11,2,2,0,314,153,161
608,District-Salem,Urban,15,4594,2617,1977,1891,1385,506,157,106,51,44,31,13,1913,803,1110,241,148,93,25,9,16,4,3,1,319,132,187
608,District-Salem,Urban,16,5961,3440,2521,2789,2079,710,215,124,91,62,39,23,2323,882,1441,224,145,79,23,14,9,4,3,1,321,154,167
608,District-Salem,Urban,17,8549,4751,3798,3994,3018,976,306,197,109,78,49,29,3448,1110,2338,378,261,117,20,6,14,8,4,4,317,106,211
608,District-Salem,Urban,18,13246,6764,6482,5974,4517,1457,453,270,183,101,58,43,5675,1387,4288,566,376,190,48,30,18,12,6,6,417,120,297
608,District-Salem,Urban,19,14841,7223,7618,6588,4976,1612,504,298,206,126,84,42,6489,1342,5147,593,393,200,40,16,24,16,9,7,485,105,380
609,District-Namakkal   ,Total,5-19,68013,34987,33026,23318,14808,8510,1832,1043,789,327,168,159,15825,5281,10544,2213,1121,1092,286,138,148,27,10,17,24185,12418,11767
609,District-Namakkal   ,Total,5,12660,6655,6005,15,9,6,2,1,1,0,0,0,184,84,100,77,42,35,41,17,24,2,1,1,12339,6501,5838
609,District-Namakkal   ,Total,6,7076,3664,3412,11,7,4,4,1,3,0,0,0,294,140,154,41,24,17,37,21,16,0,0,0,6689,3471,3218
609,District-Namakkal   ,Total,7,1817,933,884,15,11,4,6,4,2,0,0,0,324,155,169,9,5,4,7,2,5,0,0,0,1456,756,700
609,District-Namakkal   ,Total,8,900,460,440,24,14,10,2,0,2,0,0,0,302,152,150,12,9,3,6,3,3,0,0,0,554,282,272
609,District-Namakkal   ,Total,9,672,350,322,30,12,18,8,7,1,1,1,0,311,161,150,17,12,5,0,0,0,0,0,0,305,157,148
609,District-Namakkal   ,Total,10,1038,547,491,35,18,17,8,5,3,2,0,2,382,213,169,33,17,16,6,3,3,1,0,1,571,291,280
609,District-Namakkal   ,Total,11,943,490,453,151,89,62,15,9,6,4,0,4,435,224,211,36,20,16,8,3,5,2,1,1,292,144,148
609,District-Namakkal   ,Total,12,1203,616,587,310,192,118,28,13,15,6,4,2,542,264,278,67,27,40,8,5,3,0,0,0,242,111,131
609,District-Namakkal   ,Total,13,1471,782,689,477,288,189,40,27,13,11,9,2,608,302,306,81,43,38,5,1,4,0,0,0,249,112,137
609,District-Namakkal   ,Total,14,2172,1191,981,897,584,313,80,44,36,10,6,4,816,380,436,129,74,55,12,7,5,1,1,0,227,95,132
609,District-Namakkal   ,Total,15,3771,2074,1697,1866,1201,665,136,76,60,19,11,8,1217,542,675,223,107,116,22,9,13,3,0,3,285,128,157
609,District-Namakkal   ,Total,16,4874,2682,2192,2782,1719,1063,226,156,70,34,19,15,1382,554,828,209,117,92,22,11,11,1,0,1,218,106,112
609,District-Namakkal   ,Total,17,6963,3734,3229,4085,2634,1451,295,175,120,65,32,33,1944,626,1318,313,165,148,20,8,12,7,3,4,234,91,143
609,District-Namakkal   ,Total,18,10245,5043,5202,5757,3685,2072,445,239,206,81,47,34,3257,736,2521,419,216,203,48,29,19,6,1,5,232,90,142
609,District-Namakkal   ,Total,19,12208,5766,6442,6863,4345,2518,537,286,251,94,39,55,3827,748,3079,547,243,304,44,19,25,4,3,1,292,83,209
609,District-Namakkal   ,Rural,5-19,40659,20781,19878,14453,8749,5704,1283,738,545,226,111,115,9099,3165,5934,1470,695,775,215,109,106,20,8,12,13893,7206,6687
609,District-Namakkal   ,Rural,5,7368,3919,3449,10,6,4,0,0,0,0,0,0,112,51,61,55,30,25,29,15,14,2,1,1,7160,3816,3344
609,District-Namakkal   ,Rural,6,3904,2050,1854,10,6,4,4,1,3,0,0,0,178,83,95,31,17,14,25,14,11,0,0,0,3656,1929,1727
609,District-Namakkal   ,Rural,7,1010,512,498,9,7,2,6,4,2,0,0,0,209,100,109,5,3,2,5,2,3,0,0,0,776,396,380
609,District-Namakkal   ,Rural,8,550,277,273,18,10,8,2,0,2,0,0,0,184,94,90,11,8,3,6,3,3,0,0,0,329,162,167
609,District-Namakkal   ,Rural,9,429,223,206,22,8,14,4,4,0,1,1,0,191,98,93,12,8,4,0,0,0,0,0,0,199,104,95
609,District-Namakkal   ,Rural,10,655,361,294,23,13,10,2,1,1,1,0,1,239,137,102,26,12,14,4,3,1,1,0,1,359,195,164
609,District-Namakkal   ,Rural,11,597,315,282,102,64,38,11,7,4,4,0,4,264,130,134,29,16,13,7,3,4,1,1,0,179,94,85
609,District-Namakkal   ,Rural,12,756,384,372,193,116,77,20,7,13,5,3,2,329,165,164,54,23,31,4,3,1,0,0,0,151,67,84
609,District-Namakkal   ,Rural,13,916,492,424,290,172,118,24,17,7,8,7,1,377,196,181,53,28,25,4,1,3,0,0,0,160,71,89
609,District-Namakkal   ,Rural,14,1309,708,601,514,329,185,56,29,27,8,5,3,494,233,261,84,48,36,10,5,5,1,1,0,142,58,84
609,District-Namakkal   ,Rural,15,2288,1252,1036,1114,705,409,95,56,39,14,8,6,725,336,389,151,67,84,17,6,11,3,0,3,169,74,95
609,District-Namakkal   ,Rural,16,2993,1590,1403,1720,984,736,162,111,51,23,14,9,794,327,467,128,69,59,20,11,9,1,0,1,145,74,71
609,District-Namakkal   ,Rural,17,4301,2255,2046,2560,1574,986,210,128,82,41,19,22,1132,372,760,199,102,97,16,6,10,5,1,4,138,53,85
609,District-Namakkal   ,Rural,18,6184,2998,3186,3577,2172,1405,304,168,136,60,32,28,1794,417,1377,261,123,138,37,25,12,3,1,2,148,60,88
609,District-Namakkal   ,Rural,19,7399,3445,3954,4291,2583,1708,383,205,178,61,22,39,2077,426,1651,371,141,230,31,12,19,3,3,0,182,53,129
609,District-Namakkal   ,Urban,5-19,27354,14206,13148,8865,6059,2806,549,305,244,101,57,44,6726,2116,4610,743,426,317,71,29,42,7,2,5,10292,5212,5080
609,District-Namakkal   ,Urban,5,5292,2736,2556,5,3,2,2,1,1,0,0,0,72,33,39,22,12,10,12,2,10,0,0,0,5179,2685,2494
609,District-Namakkal   ,Urban,6,3172,1614,1558,1,1,0,0,0,0,0,0,0,116,57,59,10,7,3,12,7,5,0,0,0,3033,1542,1491
609,District-Namakkal   ,Urban,7,807,421,386,6,4,2,0,0,0,0,0,0,115,55,60,4,2,2,2,0,2,0,0,0,680,360,320
609,District-Namakkal   ,Urban,8,350,183,167,6,4,2,0,0,0,0,0,0,118,58,60,1,1,0,0,0,0,0,0,0,225,120,105
609,District-Namakkal   ,Urban,9,243,127,116,8,4,4,4,3,1,0,0,0,120,63,57,5,4,1,0,0,0,0,0,0,106,53,53
609,District-Namakkal   ,Urban,10,383,186,197,12,5,7,6,4,2,1,0,1,143,76,67,7,5,2,2,0,2,0,0,0,212,96,116
609,District-Namakkal   ,Urban,11,346,175,171,49,25,24,4,2,2,0,0,0,171,94,77,7,4,3,1,0,1,1,0,1,113,50,63
609,District-Namakkal   ,Urban,12,447,232,215,117,76,41,8,6,2,1,1,0,213,99,114,13,4,9,4,2,2,0,0,0,91,44,47
609,District-Namakkal   ,Urban,13,555,290,265,187,116,71,16,10,6,3,2,1,231,106,125,28,15,13,1,0,1,0,0,0,89,41,48
609,District-Namakkal   ,Urban,14,863,483,380,383,255,128,24,15,9,2,1,1,322,147,175,45,26,19,2,2,0,0,0,0,85,37,48
609,District-Namakkal   ,Urban,15,1483,822,661,752,496,256,41,20,21,5,3,2,492,206,286,72,40,32,5,3,2,0,0,0,116,54,62
609,District-Namakkal   ,Urban,16,1881,1092,789,1062,735,327,64,45,19,11,5,6,588,227,361,81,48,33,2,0,2,0,0,0,73,32,41
609,District-Namakkal   ,Urban,17,2662,1479,1183,1525,1060,465,85,47,38,24,13,11,812,254,558,114,63,51,4,2,2,2,2,0,96,38,58
609,District-Namakkal   ,Urban,18,4061,2045,2016,2180,1513,667,141,71,70,21,15,6,1463,319,1144,158,93,65,11,4,7,3,0,3,84,30,54
609,District-Namakkal   ,Urban,19,4809,2321,2488,2572,1762,810,154,81,73,33,17,16,1750,322,1428,176,102,74,13,7,6,1,0,1,110,30,80
610,District-Erode,Total,5-19,90410,46278,44132,29258,18866,10392,2828,1624,1204,583,323,260,22776,7908,14868,3119,1567,1552,677,302,375,74,24,50,31095,15664,15431
610,District-Erode,Total,5,15896,8162,7734,20,14,6,3,2,1,0,0,0,227,103,124,111,62,49,55,26,29,3,1,2,15477,7954,7523
610,District-Erode,Total,6,8969,4679,4290,23,12,11,3,2,1,0,0,0,431,225,206,53,24,29,31,16,15,3,0,3,8425,4400,4025
610,District-Erode,Total,7,2376,1247,1129,40,24,16,5,2,3,1,1,0,482,248,234,27,13,14,10,6,4,1,1,0,1810,952,858
610,District-Erode,Total,8,1188,590,598,37,14,23,11,7,4,0,0,0,456,235,221,20,10,10,11,4,7,1,1,0,652,319,333
610,District-Erode,Total,9,1051,546,505,46,28,18,13,6,7,1,1,0,491,257,234,19,9,10,5,2,3,0,0,0,476,243,233
610,District-Erode,Total,10,1550,783,767,65,37,28,16,7,9,2,0,2,661,342,319,40,20,20,9,4,5,1,1,0,756,372,384
610,District-Erode,Total,11,1454,738,716,179,117,62,35,24,11,2,2,0,723,356,367,53,18,35,31,13,18,5,2,3,426,206,220
610,District-Erode,Total,12,1931,942,989,394,241,153,65,35,30,10,7,3,903,405,498,82,43,39,27,6,21,4,0,4,446,205,241
610,District-Erode,Total,13,2334,1149,1185,614,338,276,90,56,34,20,15,5,1050,496,554,125,55,70,38,16,22,2,0,2,395,173,222
610,District-Erode,Total,14,3177,1686,1491,1130,692,438,144,86,58,36,23,13,1321,625,696,174,90,84,40,17,23,5,1,4,327,152,175
610,District-Erode,Total,15,5238,2895,2343,2359,1528,831,246,145,101,61,37,24,1786,815,971,293,152,141,67,31,36,6,2,4,420,185,235
610,District-Erode,Total,16,6363,3458,2905,3226,2085,1141,336,207,129,79,45,34,2034,788,1246,305,167,138,50,21,29,4,2,2,329,143,186
610,District-Erode,Total,17,9179,4909,4270,4985,3280,1705,452,263,189,97,60,37,2803,901,1902,426,228,198,82,39,43,8,3,5,326,135,191
610,District-Erode,Total,18,13599,6794,6805,7361,4751,2610,710,400,310,134,74,60,4298,1100,3198,598,291,307,105,51,54,12,7,5,381,120,261
610,District-Erode,Total,19,16105,7700,8405,8779,5705,3074,699,382,317,140,58,82,5110,1012,4098,793,385,408,116,50,66,19,3,16,449,105,344
610,District-Erode,Rural,5-19,47888,24433,23455,16044,9930,6114,1938,1118,820,304,157,147,11448,4247,7201,2169,1037,1132,519,223,296,52,15,37,15414,7706,7708
610,District-Erode,Rural,5,7740,3978,3762,11,7,4,3,2,1,0,0,0,112,54,58,68,39,29,25,10,15,2,1,1,7519,3865,3654
610,District-Erode,Rural,6,3999,2104,1895,15,7,8,1,0,1,0,0,0,221,108,113,27,13,14,14,8,6,1,0,1,3720,1968,1752
610,District-Erode,Rural,7,1255,651,604,28,16,12,1,0,1,0,0,0,237,119,118,15,8,7,5,2,3,0,0,0,969,506,463
610,District-Erode,Rural,8,656,313,343,27,11,16,5,4,1,0,0,0,235,115,120,11,6,5,4,2,2,0,0,0,374,175,199
610,District-Erode,Rural,9,612,307,305,33,18,15,9,5,4,0,0,0,262,130,132,12,6,6,4,2,2,0,0,0,292,146,146
610,District-Erode,Rural,10,906,445,461,45,27,18,13,4,9,2,0,2,367,190,177,27,12,15,6,2,4,0,0,0,446,210,236
610,District-Erode,Rural,11,830,421,409,104,67,37,26,19,7,1,1,0,387,200,187,42,13,29,22,8,14,3,1,2,245,112,133
610,District-Erode,Rural,12,1203,574,629,232,129,103,47,25,22,6,4,2,536,252,284,62,30,32,25,5,20,2,0,2,293,129,164
610,District-Erode,Rural,13,1380,675,705,358,182,176,65,41,24,9,7,2,585,281,304,87,38,49,35,15,20,2,0,2,239,111,128
610,District-Erode,Rural,14,1895,997,898,648,390,258,116,68,48,19,12,7,745,355,390,123,67,56,34,15,19,4,0,4,206,90,116
610,District-Erode,Rural,15,3029,1635,1394,1322,826,496,176,105,71,29,16,13,1000,466,534,207,98,109,52,26,26,5,2,3,238,96,142
610,District-Erode,Rural,16,3586,1936,1650,1810,1127,683,227,137,90,49,28,21,1061,432,629,209,117,92,41,16,25,4,2,2,185,77,108
610,District-Erode,Rural,17,4999,2657,2342,2696,1700,996,289,166,123,48,33,15,1390,484,906,294,154,140,71,33,38,6,2,4,205,85,120
610,District-Erode,Rural,18,7258,3662,3596,3971,2493,1478,486,277,209,73,35,38,1992,558,1434,419,184,235,85,38,47,10,5,5,222,72,150
610,District-Erode,Rural,19,8540,4078,4462,4744,2930,1814,474,265,209,68,21,47,2318,503,1815,566,252,314,96,41,55,13,2,11,261,64,197
610,District-Erode,Urban,5-19,42522,21845,20677,13214,8936,4278,890,506,384,279,166,113,11328,3661,7667,950,530,420,158,79,79,22,9,13,15681,7958,7723
610,District-Erode,Urban,5,8156,4184,3972,9,7,2,0,0,0,0,0,0,115,49,66,43,23,20,30,16,14,1,0,1,7958,4089,3869
610,District-Erode,Urban,6,4970,2575,2395,8,5,3,2,2,0,0,0,0,210,117,93,26,11,15,17,8,9,2,0,2,4705,2432,2273
610,District-Erode,Urban,7,1121,596,525,12,8,4,4,2,2,1,1,0,245,129,116,12,5,7,5,4,1,1,1,0,841,446,395
610,District-Erode,Urban,8,532,277,255,10,3,7,6,3,3,0,0,0,221,120,101,9,4,5,7,2,5,1,1,0,278,144,134
610,District-Erode,Urban,9,439,239,200,13,10,3,4,1,3,1,1,0,229,127,102,7,3,4,1,0,1,0,0,0,184,97,87
610,District-Erode,Urban,10,644,338,306,20,10,10,3,3,0,0,0,0,294,152,142,13,8,5,3,2,1,1,1,0,310,162,148
610,District-Erode,Urban,11,624,317,307,75,50,25,9,5,4,1,1,0,336,156,180,11,5,6,9,5,4,2,1,1,181,94,87
610,District-Erode,Urban,12,728,368,360,162,112,50,18,10,8,4,3,1,367,153,214,20,13,7,2,1,1,2,0,2,153,76,77
610,District-Erode,Urban,13,954,474,480,256,156,100,25,15,10,11,8,3,465,215,250,38,17,21,3,1,2,0,0,0,156,62,94
610,District-Erode,Urban,14,1282,689,593,482,302,180,28,18,10,17,11,6,576,270,306,51,23,28,6,2,4,1,1,0,121,62,59
610,District-Erode,Urban,15,2209,1260,949,1037,702,335,70,40,30,32,21,11,786,349,437,86,54,32,15,5,10,1,0,1,182,89,93
610,District-Erode,Urban,16,2777,1522,1255,1416,958,458,109,70,39,30,17,13,973,356,617,96,50,46,9,5,4,0,0,0,144,66,78
610,District-Erode,Urban,17,4180,2252,1928,2289,1580,709,163,97,66,49,27,22,1413,417,996,132,74,58,11,6,5,2,1,1,121,50,71
610,District-Erode,Urban,18,6341,3132,3209,3390,2258,1132,224,123,101,61,39,22,2306,542,1764,179,107,72,20,13,7,2,2,0,159,48,111
610,District-Erode,Urban,19,7565,3622,3943,4035,2775,1260,225,117,108,72,37,35,2792,509,2283,227,133,94,20,9,11,6,1,5,188,41,147
611,District-The Nilgiris,Total,5-19,30870,15683,15187,6512,4552,1960,1069,662,407,187,111,76,11107,4434,6673,534,242,292,121,58,63,38,16,22,11302,5608,5694
611,District-The Nilgiris,Total,5,5606,2812,2794,2,0,2,2,1,1,0,0,0,98,45,53,19,13,6,23,12,11,0,0,0,5462,2741,2721
611,District-The Nilgiris,Total,6,3460,1705,1755,2,1,1,2,1,1,0,0,0,148,65,83,15,8,7,10,4,6,0,0,0,3283,1626,1657
611,District-The Nilgiris,Total,7,895,465,430,4,1,3,5,3,2,0,0,0,194,104,90,9,4,5,4,1,3,1,0,1,678,352,326
611,District-The Nilgiris,Total,8,451,242,209,11,5,6,4,3,1,0,0,0,192,105,87,2,2,0,0,0,0,1,1,0,241,126,115
611,District-The Nilgiris,Total,9,383,185,198,8,4,4,8,6,2,0,0,0,184,85,99,4,1,3,2,1,1,1,0,1,176,88,88
611,District-The Nilgiris,Total,10,551,276,275,8,5,3,4,3,1,0,0,0,257,127,130,4,1,3,1,0,1,1,0,1,276,140,136
611,District-The Nilgiris,Total,11,512,249,263,54,34,20,9,7,2,1,0,1,265,118,147,7,3,4,3,2,1,0,0,0,173,85,88
611,District-The Nilgiris,Total,12,551,273,278,83,58,25,8,2,6,4,4,0,302,132,170,14,6,8,1,0,1,1,0,1,138,71,67
611,District-The Nilgiris,Total,13,628,310,318,99,62,37,20,10,10,3,1,2,356,167,189,21,10,11,5,2,3,1,1,0,123,57,66
611,District-The Nilgiris,Total,14,800,430,370,161,109,52,29,17,12,10,6,4,437,212,225,25,11,14,5,3,2,2,1,1,131,71,60
611,District-The Nilgiris,Total,15,1287,661,626,309,195,114,58,33,25,15,9,6,704,338,366,51,22,29,9,6,3,3,1,2,138,57,81
611,District-The Nilgiris,Total,16,1859,998,861,496,324,172,99,66,33,21,15,6,1059,506,553,46,22,24,8,6,2,0,0,0,130,59,71
611,District-The Nilgiris,Total,17,2833,1482,1351,926,633,293,188,113,75,28,21,7,1485,618,867,72,37,35,7,3,4,10,4,6,117,53,64
611,District-The Nilgiris,Total,18,4921,2498,2423,1811,1263,548,299,182,117,51,22,29,2508,918,1590,112,53,59,19,9,10,2,2,0,119,49,70
611,District-The Nilgiris,Total,19,6133,3097,3036,2538,1858,680,334,215,119,54,33,21,2918,894,2024,133,49,84,24,9,15,15,6,9,117,33,84
611,District-The Nilgiris,Rural,5-19,13056,6421,6635,3037,1835,1202,454,255,199,95,52,43,4394,1782,2612,317,125,192,65,34,31,22,11,11,4672,2327,2345
611,District-The Nilgiris,Rural,5,2319,1169,1150,1,0,1,1,0,1,0,0,0,35,13,22,7,5,2,14,8,6,0,0,0,2261,1143,1118
611,District-The Nilgiris,Rural,6,1311,637,674,1,1,0,1,0,1,0,0,0,60,26,34,7,2,5,6,4,2,0,0,0,1236,604,632
611,District-The Nilgiris,Rural,7,378,192,186,4,1,3,1,0,1,0,0,0,84,45,39,7,3,4,2,1,1,1,0,1,279,142,137
611,District-The Nilgiris,Rural,8,198,113,85,6,3,3,0,0,0,0,0,0,86,49,37,1,1,0,0,0,0,1,1,0,104,59,45
611,District-The Nilgiris,Rural,9,183,92,91,6,3,3,5,4,1,0,0,0,79,39,40,0,0,0,1,0,1,1,0,1,91,46,45
611,District-The Nilgiris,Rural,10,255,124,131,4,2,2,3,2,1,0,0,0,119,59,60,3,1,2,0,0,0,1,0,1,125,60,65
611,District-The Nilgiris,Rural,11,250,126,124,31,18,13,1,0,1,1,0,1,117,56,61,1,0,1,2,1,1,0,0,0,97,51,46
611,District-The Nilgiris,Rural,12,259,131,128,47,31,16,4,2,2,1,1,0,125,53,72,7,3,4,1,0,1,1,0,1,73,41,32
611,District-The Nilgiris,Rural,13,288,143,145,54,33,21,10,3,7,2,1,1,155,73,82,13,7,6,2,0,2,1,1,0,51,25,26
611,District-The Nilgiris,Rural,14,395,208,187,97,63,34,14,7,7,6,4,2,194,93,101,13,4,9,2,2,0,2,1,1,67,34,33
611,District-The Nilgiris,Rural,15,631,323,308,178,99,79,32,15,17,8,4,4,301,152,149,33,14,19,4,3,1,2,1,1,73,35,38
611,District-The Nilgiris,Rural,16,865,455,410,281,169,112,45,25,20,11,8,3,443,218,225,26,10,16,5,3,2,0,0,0,54,22,32
611,District-The Nilgiris,Rural,17,1244,629,615,496,309,187,68,41,27,14,9,5,569,227,342,41,17,24,2,0,2,4,3,1,50,23,27
611,District-The Nilgiris,Rural,18,2141,1035,1106,855,528,327,142,78,64,26,9,17,978,356,622,70,31,39,12,6,6,0,0,0,58,27,31
611,District-The Nilgiris,Rural,19,2339,1044,1295,976,575,401,127,78,49,26,16,10,1049,323,726,88,27,61,12,6,6,8,4,4,53,15,38
611,District-The Nilgiris,Urban,5-19,17814,9262,8552,3475,2717,758,615,407,208,92,59,33,6713,2652,4061,217,117,100,56,24,32,16,5,11,6630,3281,3349
611,District-The Nilgiris,Urban,5,3287,1643,1644,1,0,1,1,1,0,0,0,0,63,32,31,12,8,4,9,4,5,0,0,0,3201,1598,1603
611,District-The Nilgiris,Urban,6,2149,1068,1081,1,0,1,1,1,0,0,0,0,88,39,49,8,6,2,4,0,4,0,0,0,2047,1022,1025
611,District-The Nilgiris,Urban,7,517,273,244,0,0,0,4,3,1,0,0,0,110,59,51,2,1,1,2,0,2,0,0,0,399,210,189
611,District-The Nilgiris,Urban,8,253,129,124,5,2,3,4,3,1,0,0,0,106,56,50,1,1,0,0,0,0,0,0,0,137,67,70
611,District-The Nilgiris,Urban,9,200,93,107,2,1,1,3,2,1,0,0,0,105,46,59,4,1,3,1,1,0,0,0,0,85,42,43
611,District-The Nilgiris,Urban,10,296,152,144,4,3,1,1,1,0,0,0,0,138,68,70,1,0,1,1,0,1,0,0,0,151,80,71
611,District-The Nilgiris,Urban,11,262,123,139,23,16,7,8,7,1,0,0,0,148,62,86,6,3,3,1,1,0,0,0,0,76,34,42
611,District-The Nilgiris,Urban,12,292,142,150,36,27,9,4,0,4,3,3,0,177,79,98,7,3,4,0,0,0,0,0,0,65,30,35
611,District-The Nilgiris,Urban,13,340,167,173,45,29,16,10,7,3,1,0,1,201,94,107,8,3,5,3,2,1,0,0,0,72,32,40
611,District-The Nilgiris,Urban,14,405,222,183,64,46,18,15,10,5,4,2,2,243,119,124,12,7,5,3,1,2,0,0,0,64,37,27
611,District-The Nilgiris,Urban,15,656,338,318,131,96,35,26,18,8,7,5,2,403,186,217,18,8,10,5,3,2,1,0,1,65,22,43
611,District-The Nilgiris,Urban,16,994,543,451,215,155,60,54,41,13,10,7,3,616,288,328,20,12,8,3,3,0,0,0,0,76,37,39
611,District-The Nilgiris,Urban,17,1589,853,736,430,324,106,120,72,48,14,12,2,916,391,525,31,20,11,5,3,2,6,1,5,67,30,37
611,District-The Nilgiris,Urban,18,2780,1463,1317,956,735,221,157,104,53,25,13,12,1530,562,968,42,22,20,7,3,4,2,2,0,61,22,39
611,District-The Nilgiris,Urban,19,3794,2053,1741,1562,1283,279,207,137,70,28,17,11,1869,571,1298,45,22,23,12,3,9,7,2,5,64,18,46
612,District-Dindigul,Total,5-19,106021,53385,52636,35693,21789,13904,5590,3044,2546,1144,588,556,29981,11087,18894,2940,1371,1569,644,271,373,92,42,50,29937,15193,14744
612,District-Dindigul,Total,5,16043,8305,7738,28,16,12,7,2,5,0,0,0,311,160,151,195,95,100,94,48,46,6,2,4,15402,7982,7420
612,District-Dindigul,Total,6,8345,4269,4076,26,10,16,9,3,6,1,1,0,439,216,223,115,62,53,52,25,27,4,3,1,7699,3949,3750
612,District-Dindigul,Total,7,2374,1191,1183,51,27,24,13,7,6,1,0,1,494,231,263,39,20,19,17,13,4,0,0,0,1759,893,866
612,District-Dindigul,Total,8,1165,560,605,52,21,31,19,8,11,2,1,1,471,223,248,28,15,13,11,3,8,0,0,0,582,289,293
612,District-Dindigul,Total,9,1148,611,537,65,42,23,22,12,10,0,0,0,531,281,250,19,8,11,7,5,2,0,0,0,504,263,241
612,District-Dindigul,Total,10,1582,817,765,69,30,39,24,10,14,3,2,1,600,309,291,40,24,16,13,4,9,0,0,0,833,438,395
612,District-Dindigul,Total,11,1566,810,756,251,157,94,50,34,16,9,6,3,725,337,388,57,31,26,11,6,5,2,1,1,461,238,223
612,District-Dindigul,Total,12,1955,979,976,456,257,199,90,57,33,14,7,7,958,448,510,91,39,52,13,6,7,3,1,2,330,164,166
612,District-Dindigul,Total,13,2477,1222,1255,648,378,270,123,64,59,23,12,11,1228,562,666,99,44,55,24,5,19,5,3,2,327,154,173
612,District-Dindigul,Total,14,3709,1872,1837,1333,772,561,229,130,99,49,25,24,1606,737,869,140,54,86,27,11,16,10,4,6,315,139,176
612,District-Dindigul,Total,15,6392,3382,3010,2708,1637,1071,455,262,193,108,59,49,2411,1103,1308,283,138,145,46,24,22,11,5,6,370,154,216
612,District-Dindigul,Total,16,8425,4367,4058,4032,2421,1611,666,370,296,179,89,90,2918,1230,1688,284,125,159,47,16,31,8,3,5,291,113,178
612,District-Dindigul,Total,17,12314,6294,6020,6315,3856,2459,951,498,453,192,91,101,4171,1519,2652,332,164,168,47,23,24,7,5,2,299,138,161
612,District-Dindigul,Total,18,18074,8958,9116,9223,5689,3534,1379,761,618,290,153,137,6143,1892,4251,537,254,283,101,38,63,17,8,9,384,163,221
612,District-Dindigul,Total,19,20452,9748,10704,10436,6476,3960,1553,826,727,273,142,131,6975,1839,5136,681,298,383,134,44,90,19,7,12,381,116,265
612,District-Dindigul,Rural,5-19,73001,36550,36451,27075,15869,11206,4461,2362,2099,900,434,466,18644,6921,11723,2302,1046,1256,503,201,302,77,34,43,19039,9683,9356
612,District-Dindigul,Rural,5,10383,5377,5006,19,10,9,3,0,3,0,0,0,184,95,89,155,69,86,66,33,33,5,2,3,9951,5168,4783
612,District-Dindigul,Rural,6,5145,2650,2495,21,7,14,5,2,3,1,1,0,280,131,149,92,50,42,40,19,21,4,3,1,4702,2437,2265
612,District-Dindigul,Rural,7,1474,733,741,37,19,18,9,5,4,1,0,1,303,151,152,33,18,15,11,8,3,0,0,0,1080,532,548
612,District-Dindigul,Rural,8,752,365,387,36,15,21,13,4,9,2,1,1,295,139,156,25,13,12,7,2,5,0,0,0,374,191,183
612,District-Dindigul,Rural,9,735,395,340,51,34,17,16,9,7,0,0,0,326,177,149,17,7,10,5,4,1,0,0,0,320,164,156
612,District-Dindigul,Rural,10,1084,555,529,52,24,28,16,6,10,3,2,1,402,208,194,28,17,11,8,3,5,0,0,0,575,295,280
612,District-Dindigul,Rural,11,1049,548,501,182,108,74,39,24,15,8,5,3,457,227,230,45,24,21,8,3,5,2,1,1,308,156,152
612,District-Dindigul,Rural,12,1345,674,671,343,183,160,66,44,22,11,5,6,619,297,322,70,26,44,11,6,5,3,1,2,222,112,110
612,District-Dindigul,Rural,13,1746,869,877,483,274,209,97,48,49,18,9,9,826,391,435,78,36,42,18,3,15,5,3,2,221,105,116
612,District-Dindigul,Rural,14,2662,1331,1331,1033,578,455,186,103,83,34,16,18,1060,487,573,114,41,73,25,10,15,9,3,6,201,93,108
612,District-Dindigul,Rural,15,4597,2400,2197,2058,1211,847,378,208,170,87,46,41,1571,710,861,217,108,109,38,20,18,8,3,5,240,94,146
612,District-Dindigul,Rural,16,6097,3099,2998,3091,1805,1286,532,282,250,140,61,79,1880,766,1114,232,106,126,36,9,27,7,2,5,179,68,111
612,District-Dindigul,Rural,17,8891,4479,4412,4865,2865,2000,770,389,381,145,65,80,2617,924,1693,263,131,132,38,18,20,6,4,2,187,83,104
612,District-Dindigul,Rural,18,12730,6274,6456,6963,4100,2863,1084,588,496,231,115,116,3691,1142,2549,408,187,221,83,30,53,15,6,9,255,106,149
612,District-Dindigul,Rural,19,14311,6801,7510,7841,4636,3205,1247,650,597,219,108,111,4133,1076,3057,525,213,312,109,33,76,13,6,7,224,79,145
612,District-Dindigul,Urban,5-19,33020,16835,16185,8618,5920,2698,1129,682,447,244,154,90,11337,4166,7171,638,325,313,141,70,71,15,8,7,10898,5510,5388
612,District-Dindigul,Urban,5,5660,2928,2732,9,6,3,4,2,2,0,0,0,127,65,62,40,26,14,28,15,13,1,0,1,5451,2814,2637
612,District-Dindigul,Urban,6,3200,1619,1581,5,3,2,4,1,3,0,0,0,159,85,74,23,12,11,12,6,6,0,0,0,2997,1512,1485
612,District-Dindigul,Urban,7,900,458,442,14,8,6,4,2,2,0,0,0,191,80,111,6,2,4,6,5,1,0,0,0,679,361,318
612,District-Dindigul,Urban,8,413,195,218,16,6,10,6,4,2,0,0,0,176,84,92,3,2,1,4,1,3,0,0,0,208,98,110
612,District-Dindigul,Urban,9,413,216,197,14,8,6,6,3,3,0,0,0,205,104,101,2,1,1,2,1,1,0,0,0,184,99,85
612,District-Dindigul,Urban,10,498,262,236,17,6,11,8,4,4,0,0,0,198,101,97,12,7,5,5,1,4,0,0,0,258,143,115
612,District-Dindigul,Urban,11,517,262,255,69,49,20,11,10,1,1,1,0,268,110,158,12,7,5,3,3,0,0,0,0,153,82,71
612,District-Dindigul,Urban,12,610,305,305,113,74,39,24,13,11,3,2,1,339,151,188,21,13,8,2,0,2,0,0,0,108,52,56
612,District-Dindigul,Urban,13,731,353,378,165,104,61,26,16,10,5,3,2,402,171,231,21,8,13,6,2,4,0,0,0,106,49,57
612,District-Dindigul,Urban,14,1047,541,506,300,194,106,43,27,16,15,9,6,546,250,296,26,13,13,2,1,1,1,1,0,114,46,68
612,District-Dindigul,Urban,15,1795,982,813,650,426,224,77,54,23,21,13,8,840,393,447,66,30,36,8,4,4,3,2,1,130,60,70
612,District-Dindigul,Urban,16,2328,1268,1060,941,616,325,134,88,46,39,28,11,1038,464,574,52,19,33,11,7,4,1,1,0,112,45,67
612,District-Dindigul,Urban,17,3423,1815,1608,1450,991,459,181,109,72,47,26,21,1554,595,959,69,33,36,9,5,4,1,1,0,112,55,57
612,District-Dindigul,Urban,18,5344,2684,2660,2260,1589,671,295,173,122,59,38,21,2452,750,1702,129,67,62,18,8,10,2,2,0,129,57,72
612,District-Dindigul,Urban,19,6141,2947,3194,2595,1840,755,306,176,130,54,34,20,2842,763,2079,156,85,71,25,11,14,6,1,5,157,37,120
613,District-Karur ,Total,5-19,45112,22652,22460,15305,9530,5775,1299,666,633,278,158,120,11336,3742,7594,1204,506,698,143,43,100,26,14,12,15521,7993,7528
613,District-Karur ,Total,5,8401,4415,3986,6,5,1,1,0,1,0,0,0,80,38,42,41,22,19,10,5,5,2,1,1,8261,4344,3917
613,District-Karur ,Total,6,4504,2370,2134,6,3,3,2,2,0,0,0,0,154,75,79,19,10,9,6,1,5,0,0,0,4317,2279,2038
613,District-Karur ,Total,7,1087,569,518,9,8,1,2,1,1,0,0,0,191,86,105,16,13,3,4,2,2,1,1,0,864,458,406
613,District-Karur ,Total,8,492,228,264,11,6,5,4,1,3,0,0,0,165,73,92,8,3,5,1,0,1,0,0,0,303,145,158
613,District-Karur ,Total,9,411,199,212,23,14,9,1,0,1,0,0,0,182,91,91,9,3,6,2,2,0,1,0,1,193,89,104
613,District-Karur ,Total,10,592,280,312,35,23,12,7,3,4,1,1,0,238,109,129,22,9,13,2,1,1,0,0,0,287,134,153
613,District-Karur ,Total,11,510,256,254,77,47,30,7,5,2,1,1,0,239,111,128,16,5,11,4,2,2,1,1,0,165,84,81
613,District-Karur ,Total,12,786,356,430,170,96,74,18,10,8,6,3,3,383,151,232,42,15,27,3,0,3,2,1,1,162,80,82
613,District-Karur ,Total,13,999,479,520,295,159,136,30,15,15,9,8,1,467,220,247,49,12,37,4,0,4,1,0,1,144,65,79
613,District-Karur ,Total,14,1451,735,716,558,335,223,65,39,26,16,8,8,596,260,336,73,30,43,4,2,2,1,0,1,138,61,77
613,District-Karur ,Total,15,2462,1245,1217,1185,691,494,102,60,42,32,20,12,861,348,513,112,48,64,17,3,14,2,1,1,151,74,77
613,District-Karur ,Total,16,3243,1718,1525,1701,1078,623,158,87,71,32,22,10,1090,406,684,119,58,61,6,3,3,5,4,1,132,60,72
613,District-Karur ,Total,17,4834,2445,2389,2721,1694,1027,211,96,115,53,25,28,1567,524,1043,136,61,75,20,6,14,4,2,2,122,37,85
613,District-Karur ,Total,18,6925,3440,3485,3898,2492,1406,325,168,157,56,29,27,2267,611,1656,222,91,131,18,5,13,3,2,1,136,42,94
613,District-Karur ,Total,19,8415,3917,4498,4610,2879,1731,366,179,187,72,41,31,2856,639,2217,320,126,194,42,11,31,3,1,2,146,41,105
613,District-Karur ,Rural,5-19,29589,14798,14791,11182,6632,4550,1013,506,507,181,102,79,6636,2266,4370,1044,417,627,111,28,83,18,8,10,9404,4839,4565
613,District-Karur ,Rural,5,5168,2713,2455,2,2,0,0,0,0,0,0,0,51,24,27,29,13,16,5,2,3,2,1,1,5079,2671,2408
613,District-Karur ,Rural,6,2551,1347,1204,3,1,2,0,0,0,0,0,0,79,43,36,14,6,8,2,0,2,0,0,0,2453,1297,1156
613,District-Karur ,Rural,7,660,347,313,4,4,0,2,1,1,0,0,0,92,37,55,12,10,2,3,2,1,1,1,0,546,292,254
613,District-Karur ,Rural,8,304,144,160,7,2,5,2,0,2,0,0,0,88,44,44,5,2,3,1,0,1,0,0,0,201,96,105
613,District-Karur ,Rural,9,242,113,129,14,7,7,0,0,0,0,0,0,94,44,50,8,3,5,1,1,0,1,0,1,124,58,66
613,District-Karur ,Rural,10,364,173,191,28,18,10,2,0,2,0,0,0,141,67,74,21,8,13,1,1,0,0,0,0,171,79,92
613,District-Karur ,Rural,11,316,167,149,53,31,22,5,3,2,1,1,0,132,67,65,16,5,11,3,1,2,0,0,0,106,59,47
613,District-Karur ,Rural,12,546,246,300,126,69,57,9,5,4,5,3,2,249,104,145,40,14,26,3,0,3,1,0,1,113,51,62
613,District-Karur ,Rural,13,667,317,350,228,114,114,20,10,10,7,6,1,266,126,140,46,12,34,2,0,2,0,0,0,98,49,49
613,District-Karur ,Rural,14,1000,510,490,416,237,179,54,32,22,10,4,6,368,178,190,68,28,40,2,1,1,1,0,1,81,30,51
613,District-Karur ,Rural,15,1785,891,894,894,506,388,84,48,36,26,16,10,564,228,336,98,39,59,12,2,10,2,1,1,105,51,54
613,District-Karur ,Rural,16,2285,1202,1083,1283,776,507,119,65,54,23,15,8,674,257,417,99,46,53,4,2,2,2,2,0,81,39,42
613,District-Karur ,Rural,17,3306,1645,1661,1985,1171,814,164,71,93,37,18,19,909,307,602,116,50,66,19,5,14,4,2,2,72,21,51
613,District-Karur ,Rural,18,4741,2350,2391,2841,1728,1113,260,130,130,35,20,15,1320,372,948,190,76,114,15,2,13,2,1,1,78,21,57
613,District-Karur ,Rural,19,5654,2633,3021,3298,1966,1332,292,141,151,37,19,18,1609,368,1241,282,105,177,38,9,29,2,0,2,96,25,71
613,District-Karur ,Urban,5-19,15523,7854,7669,4123,2898,1225,286,160,126,97,56,41,4700,1476,3224,160,89,71,32,15,17,8,6,2,6117,3154,2963
613,District-Karur ,Urban,5,3233,1702,1531,4,3,1,1,0,1,0,0,0,29,14,15,12,9,3,5,3,2,0,0,0,3182,1673,1509
613,District-Karur ,Urban,6,1953,1023,930,3,2,1,2,2,0,0,0,0,75,32,43,5,4,1,4,1,3,0,0,0,1864,982,882
613,District-Karur ,Urban,7,427,222,205,5,4,1,0,0,0,0,0,0,99,49,50,4,3,1,1,0,1,0,0,0,318,166,152
613,District-Karur ,Urban,8,188,84,104,4,4,0,2,1,1,0,0,0,77,29,48,3,1,2,0,0,0,0,0,0,102,49,53
613,District-Karur ,Urban,9,169,86,83,9,7,2,1,0,1,0,0,0,88,47,41,1,0,1,1,1,0,0,0,0,69,31,38
613,District-Karur ,Urban,10,228,107,121,7,5,2,5,3,2,1,1,0,97,42,55,1,1,0,1,0,1,0,0,0,116,55,61
613,District-Karur ,Urban,11,194,89,105,24,16,8,2,2,0,0,0,0,107,44,63,0,0,0,1,1,0,1,1,0,59,25,34
613,District-Karur ,Urban,12,240,110,130,44,27,17,9,5,4,1,0,1,134,47,87,2,1,1,0,0,0,1,1,0,49,29,20
613,District-Karur ,Urban,13,332,162,170,67,45,22,10,5,5,2,2,0,201,94,107,3,0,3,2,0,2,1,0,1,46,16,30
613,District-Karur ,Urban,14,451,225,226,142,98,44,11,7,4,6,4,2,228,82,146,5,2,3,2,1,1,0,0,0,57,31,26
613,District-Karur ,Urban,15,677,354,323,291,185,106,18,12,6,6,4,2,297,120,177,14,9,5,5,1,4,0,0,0,46,23,23
613,District-Karur ,Urban,16,958,516,442,418,302,116,39,22,17,9,7,2,416,149,267,20,12,8,2,1,1,3,2,1,51,21,30
613,District-Karur ,Urban,17,1528,800,728,736,523,213,47,25,22,16,7,9,658,217,441,20,11,9,1,1,0,0,0,0,50,16,34
613,District-Karur ,Urban,18,2184,1090,1094,1057,764,293,65,38,27,21,9,12,947,239,708,32,15,17,3,3,0,1,1,0,58,21,37
613,District-Karur ,Urban,19,2761,1284,1477,1312,913,399,74,38,36,35,22,13,1247,271,976,38,21,17,4,2,2,1,1,0,50,16,34
614,District-Tiruchirappalli,Total,5-19,112671,57975,54696,32604,21181,11423,5031,2988,2043,938,563,375,33643,12712,20931,1687,810,877,372,162,210,56,27,29,38340,19532,18808
614,District-Tiruchirappalli,Total,5,20680,10677,10003,15,5,10,0,0,0,0,0,0,279,140,139,101,47,54,74,33,41,1,0,1,20210,10452,9758
614,District-Tiruchirappalli,Total,6,11447,5885,5562,13,6,7,4,3,1,0,0,0,445,239,206,80,41,39,51,22,29,2,2,0,10852,5572,5280
614,District-Tiruchirappalli,Total,7,2764,1373,1391,34,18,16,16,8,8,1,1,0,536,269,267,19,9,10,16,9,7,1,0,1,2141,1059,1082
614,District-Tiruchirappalli,Total,8,1334,695,639,36,23,13,7,5,2,0,0,0,524,256,268,13,6,7,5,3,2,1,0,1,748,402,346
614,District-Tiruchirappalli,Total,9,1080,554,526,41,22,19,12,6,6,1,0,1,546,281,265,17,8,9,6,2,4,1,1,0,456,234,222
614,District-Tiruchirappalli,Total,10,1524,806,718,67,51,16,16,9,7,1,1,0,635,334,301,23,11,12,5,2,3,0,0,0,777,398,379
614,District-Tiruchirappalli,Total,11,1439,754,685,191,127,64,38,27,11,5,3,2,743,368,375,32,16,16,7,3,4,2,2,0,421,208,213
614,District-Tiruchirappalli,Total,12,1777,941,836,363,232,131,65,43,22,9,5,4,964,475,489,48,27,21,7,1,6,1,0,1,320,158,162
614,District-Tiruchirappalli,Total,13,2263,1213,1050,576,379,197,100,63,37,23,15,8,1143,546,597,56,32,24,13,5,8,1,0,1,351,173,178
614,District-Tiruchirappalli,Total,14,3418,1842,1576,1129,701,428,211,133,78,32,17,15,1637,793,844,79,39,40,13,3,10,6,3,3,311,153,158
614,District-Tiruchirappalli,Total,15,5782,3159,2623,2318,1456,862,355,223,132,96,56,40,2456,1167,1289,171,83,88,18,8,10,5,2,3,363,164,199
614,District-Tiruchirappalli,Total,16,7853,4323,3530,3485,2308,1177,559,356,203,123,75,48,3188,1343,1845,152,76,76,21,13,8,7,2,5,318,150,168
614,District-Tiruchirappalli,Total,17,11882,6227,5655,5547,3645,1902,847,495,352,164,94,70,4749,1732,3017,225,115,110,28,10,18,10,5,5,312,131,181
614,District-Tiruchirappalli,Total,18,18191,9169,9022,8604,5580,3024,1311,777,534,221,135,86,7293,2354,4939,310,139,171,37,16,21,12,7,5,403,161,242
614,District-Tiruchirappalli,Total,19,21237,10357,10880,10185,6628,3557,1490,840,650,262,161,101,8505,2415,6090,361,161,200,71,32,39,6,3,3,357,117,240
614,District-Tiruchirappalli,Rural,5-19,65951,33703,32248,23136,14092,9044,3579,2016,1563,617,343,274,17113,6442,10671,1203,527,676,207,75,132,39,17,22,20057,10191,9866
614,District-Tiruchirappalli,Rural,5,11277,5775,5502,11,4,7,0,0,0,0,0,0,143,79,64,61,27,34,33,12,21,1,0,1,11028,5653,5375
614,District-Tiruchirappalli,Rural,6,5647,2938,2709,8,4,4,2,1,1,0,0,0,220,121,99,53,28,25,15,10,5,2,2,0,5347,2772,2575
614,District-Tiruchirappalli,Rural,7,1425,711,714,20,10,10,6,2,4,1,1,0,253,130,123,13,6,7,4,1,3,1,0,1,1127,561,566
614,District-Tiruchirappalli,Rural,8,624,325,299,19,10,9,2,2,0,0,0,0,220,105,115,9,4,5,4,2,2,0,0,0,370,202,168
614,District-Tiruchirappalli,Rural,9,494,251,243,17,10,7,9,4,5,0,0,0,231,125,106,12,5,7,2,0,2,0,0,0,223,107,116
614,District-Tiruchirappalli,Rural,10,696,366,330,39,33,6,8,5,3,1,1,0,265,135,130,12,4,8,2,0,2,0,0,0,369,188,181
614,District-Tiruchirappalli,Rural,11,709,382,327,112,67,45,27,19,8,3,2,1,317,160,157,26,14,12,2,0,2,1,1,0,221,119,102
614,District-Tiruchirappalli,Rural,12,924,481,443,231,144,87,43,27,16,7,3,4,463,224,239,31,15,16,5,1,4,1,0,1,143,67,76
614,District-Tiruchirappalli,Rural,13,1261,675,586,385,227,158,65,37,28,15,9,6,577,287,290,39,20,19,9,3,6,1,0,1,170,92,78
614,District-Tiruchirappalli,Rural,14,2071,1109,962,819,475,344,154,89,65,19,8,11,868,437,431,55,28,27,8,0,8,3,0,3,145,72,73
614,District-Tiruchirappalli,Rural,15,3676,1976,1700,1712,1018,694,250,153,97,68,37,31,1317,625,692,126,53,73,13,6,7,4,2,2,186,82,104
614,District-Tiruchirappalli,Rural,16,5051,2766,2285,2554,1601,953,420,262,158,82,50,32,1704,718,986,116,57,59,13,6,7,5,1,4,157,71,86
614,District-Tiruchirappalli,Rural,17,7520,3918,3602,3959,2462,1497,620,349,271,98,53,45,2501,913,1588,155,69,86,16,5,11,8,5,3,163,62,101
614,District-Tiruchirappalli,Rural,18,11379,5684,5695,6090,3699,2391,918,509,409,157,86,71,3740,1198,2542,233,96,137,29,12,17,8,4,4,204,80,124
614,District-Tiruchirappalli,Rural,19,13197,6346,6851,7160,4328,2832,1055,557,498,166,93,73,4294,1185,3109,262,101,161,52,17,35,4,2,2,204,63,141
614,District-Tiruchirappalli,Urban,5-19,46720,24272,22448,9468,7089,2379,1452,972,480,321,220,101,16530,6270,10260,484,283,201,165,87,78,17,10,7,18283,9341,8942
614,District-Tiruchirappalli,Urban,5,9403,4902,4501,4,1,3,0,0,0,0,0,0,136,61,75,40,20,20,41,21,20,0,0,0,9182,4799,4383
614,District-Tiruchirappalli,Urban,6,5800,2947,2853,5,2,3,2,2,0,0,0,0,225,118,107,27,13,14,36,12,24,0,0,0,5505,2800,2705
614,District-Tiruchirappalli,Urban,7,1339,662,677,14,8,6,10,6,4,0,0,0,283,139,144,6,3,3,12,8,4,0,0,0,1014,498,516
614,District-Tiruchirappalli,Urban,8,710,370,340,17,13,4,5,3,2,0,0,0,304,151,153,4,2,2,1,1,0,1,0,1,378,200,178
614,District-Tiruchirappalli,Urban,9,586,303,283,24,12,12,3,2,1,1,0,1,315,156,159,5,3,2,4,2,2,1,1,0,233,127,106
614,District-Tiruchirappalli,Urban,10,828,440,388,28,18,10,8,4,4,0,0,0,370,199,171,11,7,4,3,2,1,0,0,0,408,210,198
614,District-Tiruchirappalli,Urban,11,730,372,358,79,60,19,11,8,3,2,1,1,426,208,218,6,2,4,5,3,2,1,1,0,200,89,111
614,District-Tiruchirappalli,Urban,12,853,460,393,132,88,44,22,16,6,2,2,0,501,251,250,17,12,5,2,0,2,0,0,0,177,91,86
614,District-Tiruchirappalli,Urban,13,1002,538,464,191,152,39,35,26,9,8,6,2,566,259,307,17,12,5,4,2,2,0,0,0,181,81,100
614,District-Tiruchirappalli,Urban,14,1347,733,614,310,226,84,57,44,13,13,9,4,769,356,413,24,11,13,5,3,2,3,3,0,166,81,85
614,District-Tiruchirappalli,Urban,15,2106,1183,923,606,438,168,105,70,35,28,19,9,1139,542,597,45,30,15,5,2,3,1,0,1,177,82,95
614,District-Tiruchirappalli,Urban,16,2802,1557,1245,931,707,224,139,94,45,41,25,16,1484,625,859,36,19,17,8,7,1,2,1,1,161,79,82
614,District-Tiruchirappalli,Urban,17,4362,2309,2053,1588,1183,405,227,146,81,66,41,25,2248,819,1429,70,46,24,12,5,7,2,0,2,149,69,80
614,District-Tiruchirappalli,Urban,18,6812,3485,3327,2514,1881,633,393,268,125,64,49,15,3553,1156,2397,77,43,34,8,4,4,4,3,1,199,81,118
614,District-Tiruchirappalli,Urban,19,8040,4011,4029,3025,2300,725,435,283,152,96,68,28,4211,1230,2981,99,60,39,19,15,4,2,1,1,153,54,99
615,District-Perambalur  ,Total,5-19,25114,12501,12613,8069,4532,3537,1841,929,912,269,127,142,5370,2042,3328,654,303,351,180,74,106,30,13,17,8701,4481,4220
615,District-Perambalur  ,Total,5,4771,2436,2335,3,1,2,4,4,0,0,0,0,72,28,44,52,20,32,30,17,13,1,0,1,4609,2366,2243
615,District-Perambalur  ,Total,6,2534,1339,1195,6,1,5,2,2,0,0,0,0,102,53,49,30,14,16,16,7,9,1,0,1,2377,1262,1115
615,District-Perambalur  ,Total,7,576,305,271,10,5,5,4,2,2,0,0,0,79,46,33,9,6,3,5,4,1,0,0,0,469,242,227
615,District-Perambalur  ,Total,8,278,159,119,13,10,3,2,0,2,0,0,0,93,50,43,5,3,2,1,0,1,1,1,0,163,95,68
615,District-Perambalur  ,Total,9,221,112,109,12,7,5,3,2,1,0,0,0,74,31,43,7,3,4,1,0,1,0,0,0,124,69,55
615,District-Perambalur  ,Total,10,422,228,194,17,9,8,3,0,3,0,0,0,100,61,39,6,4,2,4,2,2,2,2,0,290,150,140
615,District-Perambalur  ,Total,11,303,160,143,58,31,27,9,6,3,1,0,1,104,47,57,12,8,4,2,1,1,0,0,0,117,67,50
615,District-Perambalur  ,Total,12,358,180,178,114,59,55,21,9,12,2,0,2,128,62,66,21,12,9,9,5,4,0,0,0,63,33,30
615,District-Perambalur  ,Total,13,454,219,235,134,76,58,26,12,14,6,3,3,188,83,105,25,8,17,6,1,5,1,1,0,68,35,33
615,District-Perambalur  ,Total,14,707,361,346,294,168,126,64,31,33,16,9,7,236,107,129,34,22,12,7,1,6,2,0,2,54,23,31
615,District-Perambalur  ,Total,15,1231,659,572,514,318,196,121,72,49,24,10,14,398,185,213,66,26,40,26,11,15,7,3,4,75,34,41
615,District-Perambalur  ,Total,16,1726,922,804,831,503,328,206,109,97,33,16,17,528,233,295,49,27,22,13,6,7,2,0,2,64,28,36
615,District-Perambalur  ,Total,17,2698,1362,1336,1383,793,590,342,176,166,55,23,32,767,310,457,84,37,47,13,3,10,1,1,0,53,19,34
615,District-Perambalur  ,Total,18,4031,1887,2144,2103,1153,950,482,232,250,72,36,36,1164,366,798,98,49,49,21,8,13,5,3,2,86,40,46
615,District-Perambalur  ,Total,19,4804,2172,2632,2577,1398,1179,552,272,280,60,30,30,1337,380,957,156,64,92,26,8,18,7,2,5,89,18,71
615,District-Perambalur  ,Rural,5-19,21613,10734,10879,7313,4045,3268,1721,853,868,245,108,137,4380,1682,2698,592,272,320,169,70,99,22,9,13,7171,3695,3476
615,District-Perambalur  ,Rural,5,3923,2023,1900,3,1,2,4,4,0,0,0,0,61,25,36,41,16,25,29,17,12,1,0,1,3784,1960,1824
615,District-Perambalur  ,Rural,6,2079,1089,990,4,1,3,1,1,0,0,0,0,73,36,37,23,11,12,15,6,9,1,0,1,1962,1034,928
615,District-Perambalur  ,Rural,7,479,250,229,9,5,4,2,1,1,0,0,0,59,35,24,8,5,3,4,3,1,0,0,0,397,201,196
615,District-Perambalur  ,Rural,8,235,132,103,10,8,2,2,0,2,0,0,0,78,41,37,5,3,2,1,0,1,0,0,0,139,80,59
615,District-Perambalur  ,Rural,9,187,94,93,10,6,4,2,2,0,0,0,0,59,24,35,6,2,4,0,0,0,0,0,0,110,60,50
615,District-Perambalur  ,Rural,10,342,187,155,14,8,6,3,0,3,0,0,0,83,52,31,5,3,2,4,2,2,1,1,0,232,121,111
615,District-Perambalur  ,Rural,11,248,137,111,50,28,22,8,5,3,1,0,1,85,41,44,12,8,4,2,1,1,0,0,0,90,54,36
615,District-Perambalur  ,Rural,12,315,164,151,108,58,50,18,8,10,2,0,2,112,56,56,20,12,8,9,5,4,0,0,0,46,25,21
615,District-Perambalur  ,Rural,13,402,194,208,124,71,53,26,12,14,5,2,3,161,71,90,24,8,16,6,1,5,1,1,0,55,28,27
615,District-Perambalur  ,Rural,14,617,313,304,260,144,116,58,28,30,16,9,7,202,92,110,32,20,12,6,1,5,0,0,0,43,19,24
615,District-Perambalur  ,Rural,15,1096,583,513,471,294,177,116,68,48,20,8,12,339,154,185,57,21,36,25,10,15,4,1,3,64,27,37
615,District-Perambalur  ,Rural,16,1539,817,722,753,453,300,197,104,93,30,13,17,448,195,253,40,22,18,13,6,7,2,0,2,56,24,32
615,District-Perambalur  ,Rural,17,2395,1208,1187,1249,705,544,325,166,159,47,16,31,638,266,372,77,35,42,11,2,9,1,1,0,47,17,30
615,District-Perambalur  ,Rural,18,3529,1638,1891,1885,1011,874,455,213,242,66,31,35,934,296,638,94,46,48,21,8,13,4,3,1,70,30,40
615,District-Perambalur  ,Rural,19,4227,1905,2322,2363,1252,1111,504,241,263,58,29,29,1048,298,750,148,60,88,23,8,15,7,2,5,76,15,61
615,District-Perambalur  ,Urban,5-19,3501,1767,1734,756,487,269,120,76,44,24,19,5,990,360,630,62,31,31,11,4,7,8,4,4,1530,786,744
615,District-Perambalur  ,Urban,5,848,413,435,0,0,0,0,0,0,0,0,0,11,3,8,11,4,7,1,0,1,0,0,0,825,406,419
615,District-Perambalur  ,Urban,6,455,250,205,2,0,2,1,1,0,0,0,0,29,17,12,7,3,4,1,1,0,0,0,0,415,228,187
615,District-Perambalur  ,Urban,7,97,55,42,1,0,1,2,1,1,0,0,0,20,11,9,1,1,0,1,1,0,0,0,0,72,41,31
615,District-Perambalur  ,Urban,8,43,27,16,3,2,1,0,0,0,0,0,0,15,9,6,0,0,0,0,0,0,1,1,0,24,15,9
615,District-Perambalur  ,Urban,9,34,18,16,2,1,1,1,0,1,0,0,0,15,7,8,1,1,0,1,0,1,0,0,0,14,9,5
615,District-Perambalur  ,Urban,10,80,41,39,3,1,2,0,0,0,0,0,0,17,9,8,1,1,0,0,0,0,1,1,0,58,29,29
615,District-Perambalur  ,Urban,11,55,23,32,8,3,5,1,1,0,0,0,0,19,6,13,0,0,0,0,0,0,0,0,0,27,13,14
615,District-Perambalur  ,Urban,12,43,16,27,6,1,5,3,1,2,0,0,0,16,6,10,1,0,1,0,0,0,0,0,0,17,8,9
615,District-Perambalur  ,Urban,13,52,25,27,10,5,5,0,0,0,1,1,0,27,12,15,1,0,1,0,0,0,0,0,0,13,7,6
615,District-Perambalur  ,Urban,14,90,48,42,34,24,10,6,3,3,0,0,0,34,15,19,2,2,0,1,0,1,2,0,2,11,4,7
615,District-Perambalur  ,Urban,15,135,76,59,43,24,19,5,4,1,4,2,2,59,31,28,9,5,4,1,1,0,3,2,1,11,7,4
615,District-Perambalur  ,Urban,16,187,105,82,78,50,28,9,5,4,3,3,0,80,38,42,9,5,4,0,0,0,0,0,0,8,4,4
615,District-Perambalur  ,Urban,17,303,154,149,134,88,46,17,10,7,8,7,1,129,44,85,7,2,5,2,1,1,0,0,0,6,2,4
615,District-Perambalur  ,Urban,18,502,249,253,218,142,76,27,19,8,6,5,1,230,70,160,4,3,1,0,0,0,1,0,1,16,10,6
615,District-Perambalur  ,Urban,19,577,267,310,214,146,68,48,31,17,2,1,1,289,82,207,8,4,4,3,0,3,0,0,0,13,3,10
616,District-Ariyalur  ,Total,5-19,35428,17332,18096,7959,4965,2994,2877,1462,1415,610,289,321,11390,4393,6997,677,277,400,270,113,157,45,23,22,11600,5810,5790
616,District-Ariyalur  ,Total,5,6098,3121,2977,1,1,0,4,1,3,1,0,1,92,44,48,61,34,27,25,12,13,1,1,0,5913,3028,2885
616,District-Ariyalur  ,Total,6,3138,1609,1529,8,2,6,1,1,0,0,0,0,133,68,65,42,20,22,15,9,6,1,0,1,2938,1509,1429
616,District-Ariyalur  ,Total,7,870,450,420,8,4,4,3,2,1,0,0,0,132,61,71,5,3,2,8,5,3,1,0,1,713,375,338
616,District-Ariyalur  ,Total,8,368,181,187,9,2,7,3,0,3,1,0,1,120,57,63,3,3,0,4,3,1,0,0,0,228,116,112
616,District-Ariyalur  ,Total,9,320,168,152,11,7,4,5,3,2,1,1,0,123,71,52,11,5,6,2,1,1,0,0,0,167,80,87
616,District-Ariyalur  ,Total,10,503,268,235,13,6,7,7,1,6,1,1,0,149,83,66,11,4,7,4,1,3,0,0,0,318,172,146
616,District-Ariyalur  ,Total,11,424,220,204,58,35,23,15,8,7,5,3,2,170,82,88,14,4,10,4,0,4,1,0,1,157,88,69
616,District-Ariyalur  ,Total,12,586,306,280,107,65,42,38,21,17,9,5,4,272,137,135,19,7,12,10,4,6,3,1,2,128,66,62
616,District-Ariyalur  ,Total,13,713,338,375,147,96,51,50,26,24,8,1,7,363,156,207,20,5,15,9,3,6,1,1,0,115,50,65
616,District-Ariyalur  ,Total,14,1108,521,587,284,168,116,95,46,49,20,14,6,550,228,322,38,15,23,10,4,6,2,2,0,109,44,65
616,District-Ariyalur  ,Total,15,2083,1007,1076,588,335,253,206,118,88,44,23,21,998,443,555,61,22,39,14,6,8,4,3,1,168,57,111
616,District-Ariyalur  ,Total,16,2606,1237,1369,827,495,332,319,162,157,64,32,32,1186,457,729,63,24,39,20,14,6,3,1,2,124,52,72
616,District-Ariyalur  ,Total,17,4001,1947,2054,1311,853,458,500,241,259,109,47,62,1819,703,1116,71,34,37,29,10,19,6,2,4,156,57,99
616,District-Ariyalur  ,Total,18,6002,2878,3124,2172,1382,790,765,393,372,173,77,96,2528,893,1635,107,44,63,55,19,36,15,9,6,187,61,126
616,District-Ariyalur  ,Total,19,6608,3081,3527,2415,1514,901,866,439,427,174,85,89,2755,910,1845,151,53,98,61,22,39,7,3,4,179,55,124
616,District-Ariyalur  ,Rural,5-19,32340,15837,16503,7489,4640,2849,2738,1376,1362,566,263,303,10284,3963,6321,638,252,386,258,105,153,43,22,21,10324,5216,5108
616,District-Ariyalur  ,Rural,5,5455,2813,2642,1,1,0,4,1,3,0,0,0,77,36,41,58,31,27,22,10,12,1,1,0,5292,2733,2559
616,District-Ariyalur  ,Rural,6,2798,1452,1346,8,2,6,0,0,0,0,0,0,112,59,53,39,18,21,12,8,4,1,0,1,2626,1365,1261
616,District-Ariyalur  ,Rural,7,747,391,356,6,2,4,3,2,1,0,0,0,119,52,67,5,3,2,7,4,3,1,0,1,606,328,278
616,District-Ariyalur  ,Rural,8,319,158,161,8,2,6,3,0,3,1,0,1,105,49,56,3,3,0,3,3,0,0,0,0,196,101,95
616,District-Ariyalur  ,Rural,9,291,154,137,10,6,4,5,3,2,1,1,0,109,63,46,11,5,6,2,1,1,0,0,0,153,75,78
616,District-Ariyalur  ,Rural,10,445,234,211,13,6,7,7,1,6,1,1,0,130,70,60,10,3,7,4,1,3,0,0,0,280,152,128
616,District-Ariyalur  ,Rural,11,384,197,187,54,33,21,13,7,6,5,3,2,152,71,81,14,4,10,4,0,4,1,0,1,141,79,62
616,District-Ariyalur  ,Rural,12,540,286,254,95,60,35,36,20,16,8,5,3,253,130,123,19,7,12,10,4,6,3,1,2,116,59,57
616,District-Ariyalur  ,Rural,13,643,304,339,135,86,49,48,26,22,5,1,4,329,142,187,18,4,14,9,3,6,1,1,0,98,41,57
616,District-Ariyalur  ,Rural,14,1019,478,541,264,152,112,86,41,45,19,13,6,502,212,290,36,13,23,10,4,6,2,2,0,100,41,59
616,District-Ariyalur  ,Rural,15,1929,924,1005,562,314,248,191,108,83,42,21,21,910,401,509,56,19,37,14,6,8,2,2,0,152,53,99
616,District-Ariyalur  ,Rural,16,2419,1134,1285,773,457,316,306,154,152,58,28,30,1093,416,677,57,21,36,19,13,6,3,1,2,110,44,66
616,District-Ariyalur  ,Rural,17,3699,1792,1907,1242,804,438,476,229,247,101,42,59,1647,631,1016,65,30,35,28,9,19,6,2,4,134,45,89
616,District-Ariyalur  ,Rural,18,5599,2675,2924,2066,1301,765,735,372,363,161,72,89,2304,810,1494,102,42,60,54,18,36,15,9,6,162,51,111
616,District-Ariyalur  ,Rural,19,6053,2845,3208,2252,1414,838,825,412,413,164,76,88,2442,821,1621,145,49,96,60,21,39,7,3,4,158,49,109
616,District-Ariyalur  ,Urban,5-19,3088,1495,1593,470,325,145,139,86,53,44,26,18,1106,430,676,39,25,14,12,8,4,2,1,1,1276,594,682
616,District-Ariyalur  ,Urban,5,643,308,335,0,0,0,0,0,0,1,0,1,15,8,7,3,3,0,3,2,1,0,0,0,621,295,326
616,District-Ariyalur  ,Urban,6,340,157,183,0,0,0,1,1,0,0,0,0,21,9,12,3,2,1,3,1,2,0,0,0,312,144,168
616,District-Ariyalur  ,Urban,7,123,59,64,2,2,0,0,0,0,0,0,0,13,9,4,0,0,0,1,1,0,0,0,0,107,47,60
616,District-Ariyalur  ,Urban,8,49,23,26,1,0,1,0,0,0,0,0,0,15,8,7,0,0,0,1,0,1,0,0,0,32,15,17
616,District-Ariyalur  ,Urban,9,29,14,15,1,1,0,0,0,0,0,0,0,14,8,6,0,0,0,0,0,0,0,0,0,14,5,9
616,District-Ariyalur  ,Urban,10,58,34,24,0,0,0,0,0,0,0,0,0,19,13,6,1,1,0,0,0,0,0,0,0,38,20,18
616,District-Ariyalur  ,Urban,11,40,23,17,4,2,2,2,1,1,0,0,0,18,11,7,0,0,0,0,0,0,0,0,0,16,9,7
616,District-Ariyalur  ,Urban,12,46,20,26,12,5,7,2,1,1,1,0,1,19,7,12,0,0,0,0,0,0,0,0,0,12,7,5
616,District-Ariyalur  ,Urban,13,70,34,36,12,10,2,2,0,2,3,0,3,34,14,20,2,1,1,0,0,0,0,0,0,17,9,8
616,District-Ariyalur  ,Urban,14,89,43,46,20,16,4,9,5,4,1,1,0,48,16,32,2,2,0,0,0,0,0,0,0,9,3,6
616,District-Ariyalur  ,Urban,15,154,83,71,26,21,5,15,10,5,2,2,0,88,42,46,5,3,2,0,0,0,2,1,1,16,4,12
616,District-Ariyalur  ,Urban,16,187,103,84,54,38,16,13,8,5,6,4,2,93,41,52,6,3,3,1,1,0,0,0,0,14,8,6
616,District-Ariyalur  ,Urban,17,302,155,147,69,49,20,24,12,12,8,5,3,172,72,100,6,4,2,1,1,0,0,0,0,22,12,10
616,District-Ariyalur  ,Urban,18,403,203,200,106,81,25,30,21,9,12,5,7,224,83,141,5,2,3,1,1,0,0,0,0,25,10,15
616,District-Ariyalur  ,Urban,19,555,236,319,163,100,63,41,27,14,10,9,1,313,89,224,6,4,2,1,1,0,0,0,0,21,6,15
617,District-Cuddalore,Total,5-19,125165,61403,63762,23862,15566,8296,10789,5772,5017,2124,1069,1055,46595,17960,28635,2197,1130,1067,1422,643,779,210,91,119,37966,19172,18794
617,District-Cuddalore,Total,5,18826,9784,9042,13,9,4,23,14,9,2,0,2,402,198,204,159,92,67,180,90,90,9,5,4,18038,9376,8662
617,District-Cuddalore,Total,6,10311,5349,4962,18,14,4,30,16,14,2,1,1,482,257,225,81,49,32,141,69,72,5,2,3,9552,4941,4611
617,District-Cuddalore,Total,7,3215,1672,1543,48,31,17,33,18,15,3,0,3,674,362,312,39,22,17,40,18,22,1,0,1,2377,1221,1156
617,District-Cuddalore,Total,8,1907,963,944,34,17,17,30,20,10,5,2,3,713,347,366,27,12,15,27,17,10,1,1,0,1070,547,523
617,District-Cuddalore,Total,9,1625,816,809,61,36,25,42,22,20,11,3,8,713,372,341,25,11,14,22,10,12,2,1,1,749,361,388
617,District-Cuddalore,Total,10,2139,1126,1013,72,37,35,48,32,16,10,3,7,849,427,422,45,26,19,26,13,13,1,0,1,1088,588,500
617,District-Cuddalore,Total,11,1916,907,1009,195,123,72,87,48,39,17,8,9,984,432,552,32,15,17,24,10,14,3,1,2,574,270,304
617,District-Cuddalore,Total,12,2363,1212,1151,325,225,100,155,83,72,27,13,14,1255,594,661,73,40,33,38,17,21,3,1,2,487,239,248
617,District-Cuddalore,Total,13,2884,1397,1487,435,289,146,207,103,104,34,17,17,1551,686,865,68,30,38,49,25,24,9,4,5,531,243,288
617,District-Cuddalore,Total,14,3693,1795,1898,674,429,245,313,159,154,71,37,34,2029,884,1145,105,58,47,54,24,30,10,5,5,437,199,238
617,District-Cuddalore,Total,15,6869,3350,3519,1552,984,568,679,366,313,137,70,67,3510,1490,2020,245,114,131,116,48,68,25,13,12,605,265,340
617,District-Cuddalore,Total,16,8878,4335,4543,2199,1446,753,1056,588,468,200,103,97,4604,1845,2759,213,107,106,87,38,49,19,6,13,500,202,298
617,District-Cuddalore,Total,17,13899,6812,7087,3876,2574,1302,1783,972,811,354,195,159,6920,2608,4312,241,142,99,128,55,73,35,20,15,562,246,316
617,District-Cuddalore,Total,18,22078,10543,11535,6661,4317,2344,2943,1567,1376,574,313,261,10551,3770,6781,399,203,196,214,99,115,37,13,24,699,261,438
617,District-Cuddalore,Total,19,24562,11342,13220,7699,5035,2664,3360,1764,1596,677,304,373,11358,3688,7670,445,209,236,276,110,166,50,19,31,697,213,484
617,District-Cuddalore,Rural,5-19,90135,44049,46086,18923,11781,7142,9166,4776,4390,1759,819,940,31511,12195,19316,1788,870,918,1119,480,639,184,76,108,25685,13052,12633
617,District-Cuddalore,Rural,5,13045,6827,6218,11,8,3,19,11,8,2,0,2,258,125,133,136,80,56,119,60,59,9,5,4,12491,6538,5953
617,District-Cuddalore,Rural,6,6609,3456,3153,13,10,3,21,12,9,2,1,1,327,183,144,63,39,24,96,48,48,4,2,2,6083,3161,2922
617,District-Cuddalore,Rural,7,2157,1140,1017,37,23,14,23,13,10,3,0,3,433,233,200,28,16,12,26,12,14,1,0,1,1606,843,763
617,District-Cuddalore,Rural,8,1305,677,628,28,15,13,22,15,7,4,1,3,457,232,225,21,8,13,17,11,6,1,1,0,755,394,361
617,District-Cuddalore,Rural,9,1066,534,532,47,29,18,32,17,15,8,2,6,436,226,210,18,8,10,11,5,6,2,1,1,512,246,266
617,District-Cuddalore,Rural,10,1444,767,677,56,26,30,33,21,12,8,1,7,529,275,254,38,21,17,20,10,10,1,0,1,759,413,346
617,District-Cuddalore,Rural,11,1263,604,659,141,84,57,68,38,30,16,7,9,621,283,338,26,12,14,20,8,12,1,0,1,370,172,198
617,District-Cuddalore,Rural,12,1664,859,805,259,173,86,124,71,53,23,10,13,834,401,433,59,30,29,29,11,18,1,0,1,335,163,172
617,District-Cuddalore,Rural,13,2014,973,1041,332,210,122,168,81,87,29,14,15,1014,456,558,57,25,32,43,22,21,9,4,5,362,161,201
617,District-Cuddalore,Rural,14,2643,1264,1379,504,294,210,271,140,131,57,27,30,1372,597,775,84,46,38,44,20,24,8,3,5,303,137,166
617,District-Cuddalore,Rural,15,5113,2445,2668,1229,737,492,569,296,273,114,50,64,2467,1048,1419,200,90,110,91,33,58,23,11,12,420,180,240
617,District-Cuddalore,Rural,16,6602,3166,3436,1748,1101,647,901,477,424,157,75,82,3192,1255,1937,178,86,92,77,29,48,14,4,10,335,139,196
617,District-Cuddalore,Rural,17,10488,5099,5389,3148,2006,1142,1538,815,723,289,148,141,4781,1787,2994,196,105,91,112,46,66,31,17,14,393,175,218
617,District-Cuddalore,Rural,18,16474,7796,8678,5272,3253,2019,2521,1303,1218,473,244,229,7208,2590,4618,319,147,172,168,74,94,33,11,22,480,174,306
617,District-Cuddalore,Rural,19,18248,8442,9806,6098,3812,2286,2856,1466,1390,574,239,335,7582,2504,5078,365,157,208,246,91,155,46,17,29,481,156,325
617,District-Cuddalore,Urban,5-19,35030,17354,17676,4939,3785,1154,1623,996,627,365,250,115,15084,5765,9319,409,260,149,303,163,140,26,15,11,12281,6120,6161
617,District-Cuddalore,Urban,5,5781,2957,2824,2,1,1,4,3,1,0,0,0,144,73,71,23,12,11,61,30,31,0,0,0,5547,2838,2709
617,District-Cuddalore,Urban,6,3702,1893,1809,5,4,1,9,4,5,0,0,0,155,74,81,18,10,8,45,21,24,1,0,1,3469,1780,1689
617,District-Cuddalore,Urban,7,1058,532,526,11,8,3,10,5,5,0,0,0,241,129,112,11,6,5,14,6,8,0,0,0,771,378,393
617,District-Cuddalore,Urban,8,602,286,316,6,2,4,8,5,3,1,1,0,256,115,141,6,4,2,10,6,4,0,0,0,315,153,162
617,District-Cuddalore,Urban,9,559,282,277,14,7,7,10,5,5,3,1,2,277,146,131,7,3,4,11,5,6,0,0,0,237,115,122
617,District-Cuddalore,Urban,10,695,359,336,16,11,5,15,11,4,2,2,0,320,152,168,7,5,2,6,3,3,0,0,0,329,175,154
617,District-Cuddalore,Urban,11,653,303,350,54,39,15,19,10,9,1,1,0,363,149,214,6,3,3,4,2,2,2,1,1,204,98,106
617,District-Cuddalore,Urban,12,699,353,346,66,52,14,31,12,19,4,3,1,421,193,228,14,10,4,9,6,3,2,1,1,152,76,76
617,District-Cuddalore,Urban,13,870,424,446,103,79,24,39,22,17,5,3,2,537,230,307,11,5,6,6,3,3,0,0,0,169,82,87
617,District-Cuddalore,Urban,14,1050,531,519,170,135,35,42,19,23,14,10,4,657,287,370,21,12,9,10,4,6,2,2,0,134,62,72
617,District-Cuddalore,Urban,15,1756,905,851,323,247,76,110,70,40,23,20,3,1043,442,601,45,24,21,25,15,10,2,2,0,185,85,100
617,District-Cuddalore,Urban,16,2276,1169,1107,451,345,106,155,111,44,43,28,15,1412,590,822,35,21,14,10,9,1,5,2,3,165,63,102
617,District-Cuddalore,Urban,17,3411,1713,1698,728,568,160,245,157,88,65,47,18,2139,821,1318,45,37,8,16,9,7,4,3,1,169,71,98
617,District-Cuddalore,Urban,18,5604,2747,2857,1389,1064,325,422,264,158,101,69,32,3343,1180,2163,80,56,24,46,25,21,4,2,2,219,87,132
617,District-Cuddalore,Urban,19,6314,2900,3414,1601,1223,378,504,298,206,103,65,38,3776,1184,2592,80,52,28,30,19,11,4,2,2,216,57,159
618,District-Nagapattinam  ,Total,5-19,79444,41145,38299,15848,12396,3452,6283,4188,2095,1170,726,444,33587,12411,21176,598,355,243,332,173,159,38,14,24,21588,10882,10706
618,District-Nagapattinam  ,Total,5,11503,5889,5614,4,4,0,3,3,0,1,0,1,183,88,95,39,24,15,45,28,17,8,2,6,11220,5740,5480
618,District-Nagapattinam  ,Total,6,5826,3000,2826,7,3,4,1,0,1,0,0,0,285,161,124,11,8,3,30,15,15,1,0,1,5491,2813,2678
618,District-Nagapattinam  ,Total,7,1517,770,747,7,5,2,7,5,2,0,0,0,333,160,173,11,7,4,6,3,3,0,0,0,1153,590,563
618,District-Nagapattinam  ,Total,8,843,411,432,14,7,7,3,0,3,1,0,1,399,210,189,6,2,4,3,1,2,0,0,0,417,191,226
618,District-Nagapattinam  ,Total,9,689,331,358,9,8,1,6,2,4,0,0,0,357,164,193,2,0,2,6,3,3,0,0,0,309,154,155
618,District-Nagapattinam  ,Total,10,1057,539,518,11,7,4,8,5,3,1,1,0,458,235,223,8,5,3,6,1,5,0,0,0,565,285,280
618,District-Nagapattinam  ,Total,11,974,488,486,72,55,17,34,22,12,9,8,1,526,258,268,13,6,7,6,3,3,0,0,0,314,136,178
618,District-Nagapattinam  ,Total,12,1286,642,644,148,109,39,69,37,32,9,3,6,765,351,414,19,11,8,7,5,2,0,0,0,269,126,143
618,District-Nagapattinam  ,Total,13,1499,781,718,216,168,48,72,45,27,28,16,12,918,418,500,13,8,5,11,5,6,1,0,1,240,121,119
618,District-Nagapattinam  ,Total,14,2492,1365,1127,451,364,87,191,134,57,46,36,10,1473,665,808,30,19,11,16,8,8,2,0,2,283,139,144
618,District-Nagapattinam  ,Total,15,4595,2565,2030,1021,803,218,419,294,125,86,47,39,2669,1230,1439,65,39,26,21,9,12,4,2,2,310,141,169
618,District-Nagapattinam  ,Total,16,6339,3452,2887,1540,1205,335,699,489,210,122,82,40,3656,1515,2141,62,33,29,24,12,12,4,0,4,232,116,116
618,District-Nagapattinam  ,Total,17,9595,5149,4446,2713,2133,580,1118,770,348,188,125,63,5232,1933,3299,75,50,25,43,25,18,6,5,1,220,108,112
618,District-Nagapattinam  ,Total,18,15211,7809,7402,4640,3626,1014,1804,1185,619,329,202,127,7958,2570,5388,112,61,51,52,20,32,4,2,2,312,143,169
618,District-Nagapattinam  ,Total,19,16018,7954,8064,4995,3899,1096,1849,1197,652,350,206,144,8375,2453,5922,132,82,50,56,35,21,8,3,5,253,79,174
618,District-Nagapattinam  ,Rural,5-19,64605,33456,31149,13433,10350,3083,5556,3671,1885,1061,643,418,27142,9974,17168,473,273,200,287,154,133,37,14,23,16616,8377,8239
618,District-Nagapattinam  ,Rural,5,8960,4580,4380,2,2,0,3,3,0,0,0,0,124,54,70,29,19,10,37,24,13,8,2,6,8757,4476,4281
618,District-Nagapattinam  ,Rural,6,4332,2246,2086,6,3,3,1,0,1,0,0,0,223,125,98,9,6,3,22,13,9,0,0,0,4071,2099,1972
618,District-Nagapattinam  ,Rural,7,1187,609,578,5,4,1,6,5,1,0,0,0,261,128,133,8,5,3,6,3,3,0,0,0,901,464,437
618,District-Nagapattinam  ,Rural,8,662,314,348,11,4,7,3,0,3,1,0,1,315,163,152,5,2,3,2,1,1,0,0,0,325,144,181
618,District-Nagapattinam  ,Rural,9,527,245,282,5,5,0,4,1,3,0,0,0,263,116,147,2,0,2,4,2,2,0,0,0,249,121,128
618,District-Nagapattinam  ,Rural,10,807,410,397,8,4,4,8,5,3,1,1,0,346,174,172,4,2,2,5,1,4,0,0,0,435,223,212
618,District-Nagapattinam  ,Rural,11,767,384,383,55,41,14,30,18,12,6,5,1,421,206,215,9,5,4,5,2,3,0,0,0,241,107,134
618,District-Nagapattinam  ,Rural,12,1040,511,529,117,84,33,59,29,30,8,3,5,623,283,340,16,10,6,4,3,1,0,0,0,213,99,114
618,District-Nagapattinam  ,Rural,13,1160,601,559,174,133,41,59,38,21,24,13,11,701,323,378,8,5,3,10,4,6,1,0,1,183,85,98
618,District-Nagapattinam  ,Rural,14,2005,1094,911,368,292,76,169,117,52,44,34,10,1171,520,651,20,13,7,16,8,8,2,0,2,215,110,105
618,District-Nagapattinam  ,Rural,15,3818,2152,1666,859,666,193,374,266,108,78,43,35,2185,1022,1163,56,33,23,17,6,11,4,2,2,245,114,131
618,District-Nagapattinam  ,Rural,16,5321,2882,2439,1316,1016,300,629,436,193,103,67,36,3020,1240,1780,49,25,24,21,12,9,4,0,4,179,86,93
618,District-Nagapattinam  ,Rural,17,8044,4321,3723,2322,1793,529,993,680,313,168,108,60,4290,1596,2694,61,38,23,39,23,16,6,5,1,165,78,87
618,District-Nagapattinam  ,Rural,18,12668,6514,6154,3962,3052,910,1589,1032,557,308,185,123,6431,2075,4356,89,43,46,46,17,29,4,2,2,239,108,131
618,District-Nagapattinam  ,Rural,19,13307,6593,6714,4223,3251,972,1629,1041,588,320,184,136,6768,1949,4819,108,67,41,53,35,18,8,3,5,198,63,135
618,District-Nagapattinam  ,Urban,5-19,14839,7689,7150,2415,2046,369,727,517,210,109,83,26,6445,2437,4008,125,82,43,45,19,26,1,0,1,4972,2505,2467
618,District-Nagapattinam  ,Urban,5,2543,1309,1234,2,2,0,0,0,0,1,0,1,59,34,25,10,5,5,8,4,4,0,0,0,2463,1264,1199
618,District-Nagapattinam  ,Urban,6,1494,754,740,1,0,1,0,0,0,0,0,0,62,36,26,2,2,0,8,2,6,1,0,1,1420,714,706
618,District-Nagapattinam  ,Urban,7,330,161,169,2,1,1,1,0,1,0,0,0,72,32,40,3,2,1,0,0,0,0,0,0,252,126,126
618,District-Nagapattinam  ,Urban,8,181,97,84,3,3,0,0,0,0,0,0,0,84,47,37,1,0,1,1,0,1,0,0,0,92,47,45
618,District-Nagapattinam  ,Urban,9,162,86,76,4,3,1,2,1,1,0,0,0,94,48,46,0,0,0,2,1,1,0,0,0,60,33,27
618,District-Nagapattinam  ,Urban,10,250,129,121,3,3,0,0,0,0,0,0,0,112,61,51,4,3,1,1,0,1,0,0,0,130,62,68
618,District-Nagapattinam  ,Urban,11,207,104,103,17,14,3,4,4,0,3,3,0,105,52,53,4,1,3,1,1,0,0,0,0,73,29,44
618,District-Nagapattinam  ,Urban,12,246,131,115,31,25,6,10,8,2,1,0,1,142,68,74,3,1,2,3,2,1,0,0,0,56,27,29
618,District-Nagapattinam  ,Urban,13,339,180,159,42,35,7,13,7,6,4,3,1,217,95,122,5,3,2,1,1,0,0,0,0,57,36,21
618,District-Nagapattinam  ,Urban,14,487,271,216,83,72,11,22,17,5,2,2,0,302,145,157,10,6,4,0,0,0,0,0,0,68,29,39
618,District-Nagapattinam  ,Urban,15,777,413,364,162,137,25,45,28,17,8,4,4,484,208,276,9,6,3,4,3,1,0,0,0,65,27,38
618,District-Nagapattinam  ,Urban,16,1018,570,448,224,189,35,70,53,17,19,15,4,636,275,361,13,8,5,3,0,3,0,0,0,53,30,23
618,District-Nagapattinam  ,Urban,17,1551,828,723,391,340,51,125,90,35,20,17,3,942,337,605,14,12,2,4,2,2,0,0,0,55,30,25
618,District-Nagapattinam  ,Urban,18,2543,1295,1248,678,574,104,215,153,62,21,17,4,1527,495,1032,23,18,5,6,3,3,0,0,0,73,35,38
618,District-Nagapattinam  ,Urban,19,2711,1361,1350,772,648,124,220,156,64,30,22,8,1607,504,1103,24,15,9,3,0,3,0,0,0,55,16,39
619,District-Thiruvarur,Total,5-19,57868,30033,27835,12239,9097,3142,4116,2668,1448,713,419,294,22943,8882,14061,579,311,268,227,104,123,35,16,19,17016,8536,8480
619,District-Thiruvarur,Total,5,8174,4196,3978,14,10,4,4,2,2,0,0,0,166,81,85,61,35,26,27,14,13,2,1,1,7900,4053,3847
619,District-Thiruvarur,Total,6,4434,2214,2220,6,5,1,3,0,3,0,0,0,283,148,135,40,22,18,22,8,14,3,2,1,4077,2029,2048
619,District-Thiruvarur,Total,7,1340,689,651,19,14,5,7,5,2,0,0,0,241,115,126,14,8,6,7,4,3,1,1,0,1051,542,509
619,District-Thiruvarur,Total,8,581,293,288,15,12,3,7,3,4,1,0,1,221,107,114,4,2,2,2,1,1,2,1,1,329,167,162
619,District-Thiruvarur,Total,9,778,387,391,21,18,3,6,2,4,2,1,1,212,101,111,7,4,3,4,1,3,0,0,0,526,260,266
619,District-Thiruvarur,Total,10,1395,704,691,33,16,17,19,12,7,2,1,1,289,134,155,22,10,12,6,4,2,1,0,1,1023,527,496
619,District-Thiruvarur,Total,11,1076,530,546,92,62,30,22,15,7,10,5,5,338,152,186,14,9,5,10,6,4,1,1,0,589,280,309
619,District-Thiruvarur,Total,12,887,461,426,146,104,42,53,28,25,13,9,4,482,214,268,21,14,7,10,3,7,0,0,0,162,89,73
619,District-Thiruvarur,Total,13,1123,579,544,200,137,63,68,45,23,19,12,7,650,291,359,17,9,8,5,2,3,0,0,0,164,83,81
619,District-Thiruvarur,Total,14,1627,900,727,342,250,92,121,75,46,19,12,7,949,465,484,28,12,16,10,5,5,3,1,2,155,80,75
619,District-Thiruvarur,Total,15,3061,1705,1356,763,576,187,264,170,94,59,35,24,1678,793,885,61,30,31,20,11,9,2,0,2,214,90,124
619,District-Thiruvarur,Total,16,4223,2311,1912,1167,847,320,433,297,136,80,52,28,2290,996,1294,43,24,19,24,9,15,5,3,2,181,83,98
619,District-Thiruvarur,Total,17,6733,3587,3146,1988,1509,479,704,454,250,116,70,46,3659,1428,2231,50,27,23,19,11,8,4,1,3,193,87,106
619,District-Thiruvarur,Total,18,10681,5527,5154,3464,2586,878,1154,759,395,200,123,77,5491,1913,3578,99,51,48,26,10,16,6,3,3,241,82,159
619,District-Thiruvarur,Total,19,11755,5950,5805,3969,2951,1018,1251,801,450,192,99,93,5994,1944,4050,98,54,44,35,15,20,5,2,3,211,84,127
619,District-Thiruvarur,Rural,5-19,47652,24901,22751,10729,7861,2868,3763,2423,1340,658,378,280,18620,7309,11311,468,248,220,183,80,103,29,11,18,13202,6591,6611
619,District-Thiruvarur,Rural,5,6438,3312,3126,10,7,3,4,2,2,0,0,0,131,65,66,42,26,16,23,12,11,2,1,1,6226,3199,3027
619,District-Thiruvarur,Rural,6,3283,1617,1666,5,5,0,3,0,3,0,0,0,231,121,110,27,13,14,11,4,7,3,2,1,3003,1472,1531
619,District-Thiruvarur,Rural,7,1035,525,510,18,13,5,6,4,2,0,0,0,196,93,103,12,7,5,5,2,3,0,0,0,798,406,392
619,District-Thiruvarur,Rural,8,414,203,211,15,12,3,5,1,4,0,0,0,166,77,89,2,2,0,1,0,1,1,0,1,224,111,113
619,District-Thiruvarur,Rural,9,620,305,315,15,13,2,6,2,4,2,1,1,163,79,84,6,3,3,3,1,2,0,0,0,425,206,219
619,District-Thiruvarur,Rural,10,1145,573,572,31,15,16,17,10,7,2,1,1,216,104,112,18,8,10,5,3,2,1,0,1,855,432,423
619,District-Thiruvarur,Rural,11,863,423,440,77,53,24,20,14,6,10,5,5,248,110,138,13,9,4,5,1,4,0,0,0,490,231,259
619,District-Thiruvarur,Rural,12,709,379,330,120,85,35,49,26,23,12,8,4,383,174,209,19,13,6,7,1,6,0,0,0,119,72,47
619,District-Thiruvarur,Rural,13,902,471,431,170,116,54,64,42,22,18,11,7,506,232,274,15,7,8,4,1,3,0,0,0,125,62,63
619,District-Thiruvarur,Rural,14,1350,763,587,297,216,81,113,71,42,16,11,5,767,386,381,24,11,13,9,5,4,3,1,2,121,62,59
619,District-Thiruvarur,Rural,15,2539,1417,1122,654,492,162,234,149,85,54,32,22,1366,646,720,47,23,24,18,10,8,2,0,2,164,65,99
619,District-Thiruvarur,Rural,16,3603,1993,1610,1007,724,283,407,284,123,78,51,27,1905,835,1070,36,19,17,22,8,14,5,3,2,143,69,74
619,District-Thiruvarur,Rural,17,5731,3103,2628,1763,1321,442,646,415,231,106,61,45,2995,1198,1797,42,23,19,17,11,6,4,1,3,158,73,85
619,District-Thiruvarur,Rural,18,9070,4747,4323,3075,2257,818,1050,685,365,185,109,76,4471,1586,2885,77,37,40,22,8,14,5,2,3,185,63,122
619,District-Thiruvarur,Rural,19,9950,5070,4880,3472,2532,940,1139,718,421,175,88,87,4876,1603,3273,88,47,41,31,13,18,3,1,2,166,68,98
619,District-Thiruvarur,Urban,5-19,10216,5132,5084,1510,1236,274,353,245,108,55,41,14,4323,1573,2750,111,63,48,44,24,20,6,5,1,3814,1945,1869
619,District-Thiruvarur,Urban,5,1736,884,852,4,3,1,0,0,0,0,0,0,35,16,19,19,9,10,4,2,2,0,0,0,1674,854,820
619,District-Thiruvarur,Urban,6,1151,597,554,1,0,1,0,0,0,0,0,0,52,27,25,13,9,4,11,4,7,0,0,0,1074,557,517
619,District-Thiruvarur,Urban,7,305,164,141,1,1,0,1,1,0,0,0,0,45,22,23,2,1,1,2,2,0,1,1,0,253,136,117
619,District-Thiruvarur,Urban,8,167,90,77,0,0,0,2,2,0,1,0,1,55,30,25,2,0,2,1,1,0,1,1,0,105,56,49
619,District-Thiruvarur,Urban,9,158,82,76,6,5,1,0,0,0,0,0,0,49,22,27,1,1,0,1,0,1,0,0,0,101,54,47
619,District-Thiruvarur,Urban,10,250,131,119,2,1,1,2,2,0,0,0,0,73,30,43,4,2,2,1,1,0,0,0,0,168,95,73
619,District-Thiruvarur,Urban,11,213,107,106,15,9,6,2,1,1,0,0,0,90,42,48,1,0,1,5,5,0,1,1,0,99,49,50
619,District-Thiruvarur,Urban,12,178,82,96,26,19,7,4,2,2,1,1,0,99,40,59,2,1,1,3,2,1,0,0,0,43,17,26
619,District-Thiruvarur,Urban,13,221,108,113,30,21,9,4,3,1,1,1,0,144,59,85,2,2,0,1,1,0,0,0,0,39,21,18
619,District-Thiruvarur,Urban,14,277,137,140,45,34,11,8,4,4,3,1,2,182,79,103,4,1,3,1,0,1,0,0,0,34,18,16
619,District-Thiruvarur,Urban,15,522,288,234,109,84,25,30,21,9,5,3,2,312,147,165,14,7,7,2,1,1,0,0,0,50,25,25
619,District-Thiruvarur,Urban,16,620,318,302,160,123,37,26,13,13,2,1,1,385,161,224,7,5,2,2,1,1,0,0,0,38,14,24
619,District-Thiruvarur,Urban,17,1002,484,518,225,188,37,58,39,19,10,9,1,664,230,434,8,4,4,2,0,2,0,0,0,35,14,21
619,District-Thiruvarur,Urban,18,1611,780,831,389,329,60,104,74,30,15,14,1,1020,327,693,22,14,8,4,2,2,1,1,0,56,19,37
619,District-Thiruvarur,Urban,19,1805,880,925,497,419,78,112,83,29,17,11,6,1118,341,777,10,7,3,4,2,2,2,1,1,45,16,29
620,District-Thanjavur,Total,5-19,109959,56923,53036,24372,18071,6301,4803,3098,1705,1049,686,363,41240,15535,25705,1211,694,517,385,189,196,38,19,19,36861,18631,18230
620,District-Thanjavur,Total,5,18559,9610,8949,13,9,4,4,3,1,0,0,0,291,160,131,54,29,25,53,20,33,2,0,2,18142,9389,8753
620,District-Thanjavur,Total,6,10728,5503,5225,6,5,1,8,5,3,1,1,0,405,211,194,39,17,22,30,16,14,2,2,0,10237,5246,4991
620,District-Thanjavur,Total,7,2909,1503,1406,21,13,8,6,3,3,1,0,1,595,306,289,15,9,6,13,9,4,1,0,1,2257,1163,1094
620,District-Thanjavur,Total,8,1454,742,712,18,12,6,5,5,0,1,1,0,568,283,285,16,10,6,2,0,2,0,0,0,844,431,413
620,District-Thanjavur,Total,9,1187,591,596,27,21,6,7,1,6,2,1,1,616,308,308,10,5,5,3,0,3,0,0,0,522,255,267
620,District-Thanjavur,Total,10,1553,815,738,30,22,8,15,10,5,3,1,2,677,352,325,12,6,6,3,2,1,0,0,0,813,422,391
620,District-Thanjavur,Total,11,1477,720,757,132,96,36,27,20,7,7,2,5,785,374,411,14,5,9,3,1,2,1,1,0,508,221,287
620,District-Thanjavur,Total,12,1967,1018,949,253,174,79,44,21,23,10,8,2,1108,540,568,50,29,21,18,11,7,3,2,1,481,233,248
620,District-Thanjavur,Total,13,2452,1231,1221,393,274,119,74,44,30,20,14,6,1456,661,795,42,22,20,18,9,9,1,1,0,448,206,242
620,District-Thanjavur,Total,14,3498,1851,1647,762,551,211,165,104,61,40,26,14,2009,931,1078,67,32,35,23,13,10,1,0,1,431,194,237
620,District-Thanjavur,Total,15,6285,3361,2924,1732,1268,464,363,238,125,105,76,29,3431,1485,1946,135,80,55,32,12,20,1,0,1,486,202,284
620,District-Thanjavur,Total,16,8182,4360,3822,2549,1825,724,523,353,170,124,83,41,4396,1818,2578,113,65,48,26,9,17,6,4,2,445,203,242
620,District-Thanjavur,Total,17,12006,6380,5626,4202,3151,1051,845,531,314,184,125,59,6175,2294,3881,154,91,63,45,22,23,6,2,4,395,164,231
620,District-Thanjavur,Total,18,18077,9401,8676,6733,5070,1663,1320,865,455,276,166,110,9008,2952,6056,255,150,105,64,36,28,10,5,5,411,157,254
620,District-Thanjavur,Total,19,19625,9837,9788,7501,5580,1921,1397,895,502,275,182,93,9720,2860,6860,235,144,91,52,29,23,4,2,2,441,145,296
620,District-Thanjavur,Rural,5-19,77110,40144,36966,18337,13332,5005,3902,2470,1432,847,542,305,28434,10815,17619,911,515,396,267,125,142,30,14,16,24382,12331,12051
620,District-Thanjavur,Rural,5,12386,6402,5984,8,6,2,2,1,1,0,0,0,189,99,90,37,21,16,37,14,23,2,0,2,12111,6261,5850
620,District-Thanjavur,Rural,6,6833,3524,3309,3,2,1,6,3,3,1,1,0,245,131,114,22,12,10,17,7,10,2,2,0,6537,3366,3171
620,District-Thanjavur,Rural,7,1895,970,925,11,6,5,1,0,1,0,0,0,390,202,188,11,6,5,7,3,4,0,0,0,1475,753,722
620,District-Thanjavur,Rural,8,1016,519,497,11,8,3,3,3,0,1,1,0,384,189,195,13,8,5,1,0,1,0,0,0,603,310,293
620,District-Thanjavur,Rural,9,823,393,430,18,14,4,7,1,6,2,1,1,418,198,220,8,3,5,1,0,1,0,0,0,369,176,193
620,District-Thanjavur,Rural,10,1077,575,502,21,15,6,11,7,4,2,1,1,467,249,218,5,0,5,3,2,1,0,0,0,568,301,267
620,District-Thanjavur,Rural,11,976,478,498,100,71,29,19,13,6,7,2,5,499,244,255,10,5,5,3,1,2,1,1,0,337,141,196
620,District-Thanjavur,Rural,12,1373,714,659,185,130,55,30,13,17,10,8,2,763,375,388,36,20,16,9,4,5,2,1,1,338,163,175
620,District-Thanjavur,Rural,13,1724,856,868,282,185,97,57,33,24,14,9,5,1032,473,559,36,18,18,9,5,4,1,1,0,293,132,161
620,District-Thanjavur,Rural,14,2522,1359,1163,571,399,172,132,83,49,32,21,11,1433,689,744,51,23,28,14,7,7,0,0,0,289,137,152
620,District-Thanjavur,Rural,15,4685,2506,2179,1330,963,367,288,184,104,84,61,23,2516,1092,1424,99,58,41,21,6,15,1,0,1,346,142,204
620,District-Thanjavur,Rural,16,5939,3190,2749,1943,1356,587,422,274,148,104,64,40,3054,1297,1757,95,51,44,22,8,14,4,2,2,295,138,157
620,District-Thanjavur,Rural,17,8746,4715,4031,3207,2377,830,702,438,264,151,100,51,4292,1618,2674,113,68,45,28,13,15,6,2,4,247,99,148
620,District-Thanjavur,Rural,18,13043,6827,6216,5028,3707,1321,1081,700,381,220,132,88,6189,2035,4154,195,112,83,51,31,20,9,4,5,270,106,164
620,District-Thanjavur,Rural,19,14072,7116,6956,5619,4093,1526,1141,717,424,219,141,78,6563,1924,4639,180,110,70,44,24,20,2,1,1,304,106,198
620,District-Thanjavur,Urban,5-19,32849,16779,16070,6035,4739,1296,901,628,273,202,144,58,12806,4720,8086,300,179,121,118,64,54,8,5,3,12479,6300,6179
620,District-Thanjavur,Urban,5,6173,3208,2965,5,3,2,2,2,0,0,0,0,102,61,41,17,8,9,16,6,10,0,0,0,6031,3128,2903
620,District-Thanjavur,Urban,6,3895,1979,1916,3,3,0,2,2,0,0,0,0,160,80,80,17,5,12,13,9,4,0,0,0,3700,1880,1820
620,District-Thanjavur,Urban,7,1014,533,481,10,7,3,5,3,2,1,0,1,205,104,101,4,3,1,6,6,0,1,0,1,782,410,372
620,District-Thanjavur,Urban,8,438,223,215,7,4,3,2,2,0,0,0,0,184,94,90,3,2,1,1,0,1,0,0,0,241,121,120
620,District-Thanjavur,Urban,9,364,198,166,9,7,2,0,0,0,0,0,0,198,110,88,2,2,0,2,0,2,0,0,0,153,79,74
620,District-Thanjavur,Urban,10,476,240,236,9,7,2,4,3,1,1,0,1,210,103,107,7,6,1,0,0,0,0,0,0,245,121,124
620,District-Thanjavur,Urban,11,501,242,259,32,25,7,8,7,1,0,0,0,286,130,156,4,0,4,0,0,0,0,0,0,171,80,91
620,District-Thanjavur,Urban,12,594,304,290,68,44,24,14,8,6,0,0,0,345,165,180,14,9,5,9,7,2,1,1,0,143,70,73
620,District-Thanjavur,Urban,13,728,375,353,111,89,22,17,11,6,6,5,1,424,188,236,6,4,2,9,4,5,0,0,0,155,74,81
620,District-Thanjavur,Urban,14,976,492,484,191,152,39,33,21,12,8,5,3,576,242,334,16,9,7,9,6,3,1,0,1,142,57,85
620,District-Thanjavur,Urban,15,1600,855,745,402,305,97,75,54,21,21,15,6,915,393,522,36,22,14,11,6,5,0,0,0,140,60,80
620,District-Thanjavur,Urban,16,2243,1170,1073,606,469,137,101,79,22,20,19,1,1342,521,821,18,14,4,4,1,3,2,2,0,150,65,85
620,District-Thanjavur,Urban,17,3260,1665,1595,995,774,221,143,93,50,33,25,8,1883,676,1207,41,23,18,17,9,8,0,0,0,148,65,83
620,District-Thanjavur,Urban,18,5034,2574,2460,1705,1363,342,239,165,74,56,34,22,2819,917,1902,60,38,22,13,5,8,1,1,0,141,51,90
620,District-Thanjavur,Urban,19,5553,2721,2832,1882,1487,395,256,178,78,56,41,15,3157,936,2221,55,34,21,8,5,3,2,1,1,137,39,98
621,District-Pudukkottai,Total,5-19,84243,42195,42048,24294,15651,8643,5509,2944,2565,982,520,462,27378,10054,17324,991,443,548,289,112,177,70,34,36,24730,12437,12293
621,District-Pudukkottai,Total,5,14169,7217,6952,13,9,4,4,3,1,0,0,0,156,83,73,90,48,42,39,14,25,3,0,3,13864,7060,6804
621,District-Pudukkottai,Total,6,6758,3425,3333,16,10,6,3,1,2,0,0,0,260,128,132,45,29,16,21,9,12,1,1,0,6412,3247,3165
621,District-Pudukkottai,Total,7,1452,750,702,29,19,10,3,2,1,2,1,1,301,155,146,15,7,8,5,0,5,1,1,0,1096,565,531
621,District-Pudukkottai,Total,8,808,411,397,21,7,14,2,2,0,0,0,0,306,162,144,11,7,4,4,2,2,0,0,0,464,231,233
621,District-Pudukkottai,Total,9,634,325,309,28,13,15,6,1,5,1,1,0,311,160,151,8,5,3,2,2,0,0,0,0,278,143,135
621,District-Pudukkottai,Total,10,866,450,416,43,28,15,5,3,2,2,1,1,339,168,171,12,5,7,7,2,5,0,0,0,458,243,215
621,District-Pudukkottai,Total,11,871,434,437,124,80,44,24,16,8,2,0,2,408,180,228,16,5,11,8,4,4,5,2,3,284,147,137
621,District-Pudukkottai,Total,12,1136,549,587,244,146,98,59,24,35,9,5,4,564,246,318,28,12,16,7,4,3,1,1,0,224,111,113
621,District-Pudukkottai,Total,13,1532,785,747,360,235,125,98,50,48,12,6,6,804,366,438,24,11,13,8,3,5,4,3,1,222,111,111
621,District-Pudukkottai,Total,14,2546,1281,1265,798,498,300,178,100,78,41,23,18,1248,534,714,55,22,33,19,8,11,5,3,2,202,93,109
621,District-Pudukkottai,Total,15,5007,2566,2441,1749,1105,644,454,247,207,101,52,49,2314,985,1329,94,41,53,22,8,14,7,2,5,266,126,140
621,District-Pudukkottai,Total,16,6923,3573,3350,2775,1783,992,650,365,285,113,61,52,3064,1218,1846,83,34,49,26,13,13,5,2,3,207,97,110
621,District-Pudukkottai,Total,17,10338,5251,5087,4369,2811,1558,994,539,455,185,95,90,4407,1644,2763,118,52,66,29,11,18,8,3,5,228,96,132
621,District-Pudukkottai,Total,18,14787,7282,7505,6468,4226,2242,1401,747,654,257,138,119,6155,1980,4175,174,74,100,39,10,29,15,10,5,278,97,181
621,District-Pudukkottai,Total,19,16416,7896,8520,7257,4681,2576,1628,844,784,257,137,120,6741,2045,4696,218,91,127,53,22,31,15,6,9,247,70,177
621,District-Pudukkottai,Rural,5-19,71176,35597,35579,21775,13670,8105,5099,2670,2429,910,476,434,22186,8178,14008,908,395,513,252,99,153,63,31,32,19983,10078,9905
621,District-Pudukkottai,Rural,5,11560,5917,5643,12,8,4,3,2,1,0,0,0,123,67,56,85,44,41,26,10,16,1,0,1,11310,5786,5524
621,District-Pudukkottai,Rural,6,5338,2712,2626,12,7,5,3,1,2,0,0,0,211,104,107,42,27,15,13,7,6,0,0,0,5057,2566,2491
621,District-Pudukkottai,Rural,7,1154,585,569,23,14,9,2,1,1,2,1,1,223,117,106,15,7,8,4,0,4,1,1,0,884,444,440
621,District-Pudukkottai,Rural,8,642,326,316,18,6,12,1,1,0,0,0,0,229,123,106,10,6,4,3,1,2,0,0,0,381,189,192
621,District-Pudukkottai,Rural,9,495,253,242,26,11,15,4,1,3,0,0,0,235,120,115,8,5,3,2,2,0,0,0,0,220,114,106
621,District-Pudukkottai,Rural,10,671,352,319,40,25,15,4,3,1,2,1,1,250,122,128,11,4,7,6,2,4,0,0,0,358,195,163
621,District-Pudukkottai,Rural,11,722,356,366,107,64,43,20,14,6,2,0,2,326,144,182,14,4,10,8,4,4,5,2,3,240,124,116
621,District-Pudukkottai,Rural,12,956,468,488,214,127,87,52,20,32,8,4,4,457,211,246,27,12,15,6,4,2,1,1,0,191,89,102
621,District-Pudukkottai,Rural,13,1306,662,644,313,198,115,92,47,45,11,5,6,670,304,366,23,10,13,8,3,5,4,3,1,185,92,93
621,District-Pudukkottai,Rural,14,2185,1077,1108,730,442,288,164,91,73,39,22,17,1026,427,599,49,16,33,18,8,10,5,3,2,154,68,86
621,District-Pudukkottai,Rural,15,4367,2214,2153,1565,958,607,418,224,194,95,51,44,1952,828,1124,89,38,51,22,8,14,6,1,5,220,106,114
621,District-Pudukkottai,Rural,16,6054,3089,2965,2506,1572,934,597,328,269,106,57,49,2568,1003,1565,79,32,47,23,12,11,5,2,3,170,83,87
621,District-Pudukkottai,Rural,17,8972,4533,4439,3934,2471,1463,926,491,435,171,87,84,3613,1344,2269,107,45,62,27,9,18,8,3,5,186,83,103
621,District-Pudukkottai,Rural,18,12699,6260,6439,5780,3690,2090,1309,681,628,237,124,113,4933,1604,3329,157,65,92,37,9,28,14,9,5,232,78,154
621,District-Pudukkottai,Rural,19,14055,6793,7262,6495,4077,2418,1504,765,739,237,124,113,5370,1660,3710,192,80,112,49,20,29,13,6,7,195,61,134
621,District-Pudukkottai,Urban,5-19,13067,6598,6469,2519,1981,538,410,274,136,72,44,28,5192,1876,3316,83,48,35,37,13,24,7,3,4,4747,2359,2388
621,District-Pudukkottai,Urban,5,2609,1300,1309,1,1,0,1,1,0,0,0,0,33,16,17,5,4,1,13,4,9,2,0,2,2554,1274,1280
621,District-Pudukkottai,Urban,6,1420,713,707,4,3,1,0,0,0,0,0,0,49,24,25,3,2,1,8,2,6,1,1,0,1355,681,674
621,District-Pudukkottai,Urban,7,298,165,133,6,5,1,1,1,0,0,0,0,78,38,40,0,0,0,1,0,1,0,0,0,212,121,91
621,District-Pudukkottai,Urban,8,166,85,81,3,1,2,1,1,0,0,0,0,77,39,38,1,1,0,1,1,0,0,0,0,83,42,41
621,District-Pudukkottai,Urban,9,139,72,67,2,2,0,2,0,2,1,1,0,76,40,36,0,0,0,0,0,0,0,0,0,58,29,29
621,District-Pudukkottai,Urban,10,195,98,97,3,3,0,1,0,1,0,0,0,89,46,43,1,1,0,1,0,1,0,0,0,100,48,52
621,District-Pudukkottai,Urban,11,149,78,71,17,16,1,4,2,2,0,0,0,82,36,46,2,1,1,0,0,0,0,0,0,44,23,21
621,District-Pudukkottai,Urban,12,180,81,99,30,19,11,7,4,3,1,1,0,107,35,72,1,0,1,1,0,1,0,0,0,33,22,11
621,District-Pudukkottai,Urban,13,226,123,103,47,37,10,6,3,3,1,1,0,134,62,72,1,1,0,0,0,0,0,0,0,37,19,18
621,District-Pudukkottai,Urban,14,361,204,157,68,56,12,14,9,5,2,1,1,222,107,115,6,6,0,1,0,1,0,0,0,48,25,23
621,District-Pudukkottai,Urban,15,640,352,288,184,147,37,36,23,13,6,1,5,362,157,205,5,3,2,0,0,0,1,1,0,46,20,26
621,District-Pudukkottai,Urban,16,869,484,385,269,211,58,53,37,16,7,4,3,496,215,281,4,2,2,3,1,2,0,0,0,37,14,23
621,District-Pudukkottai,Urban,17,1366,718,648,435,340,95,68,48,20,14,8,6,794,300,494,11,7,4,2,2,0,0,0,0,42,13,29
621,District-Pudukkottai,Urban,18,2088,1022,1066,688,536,152,92,66,26,20,14,6,1222,376,846,17,9,8,2,1,1,1,1,0,46,19,27
621,District-Pudukkottai,Urban,19,2361,1103,1258,762,604,158,124,79,45,20,13,7,1371,385,986,26,11,15,4,2,2,2,0,2,52,9,43
622,District-Sivaganga,Total,5-19,60017,30526,29491,12510,8313,4197,5133,2958,2175,917,564,353,21673,8734,12939,712,338,374,395,174,221,44,19,25,18633,9426,9207
622,District-Sivaganga,Total,5,9621,4924,4697,19,12,7,6,1,5,0,0,0,175,90,85,76,38,38,82,40,42,2,1,1,9261,4742,4519
622,District-Sivaganga,Total,6,5436,2778,2658,10,8,2,8,5,3,0,0,0,272,120,152,36,19,17,44,25,19,4,3,1,5062,2598,2464
622,District-Sivaganga,Total,7,1553,788,765,27,14,13,17,5,12,0,0,0,338,160,178,8,4,4,12,7,5,1,1,0,1150,597,553
622,District-Sivaganga,Total,8,904,479,425,27,15,12,21,12,9,1,1,0,373,199,174,10,5,5,6,3,3,0,0,0,466,244,222
622,District-Sivaganga,Total,9,717,354,363,31,19,12,13,8,5,0,0,0,386,188,198,6,2,4,9,1,8,1,1,0,271,135,136
622,District-Sivaganga,Total,10,972,516,456,31,19,12,24,8,16,0,0,0,424,239,185,19,9,10,5,2,3,1,0,1,468,239,229
622,District-Sivaganga,Total,11,917,454,463,86,54,32,45,22,23,6,5,1,487,240,247,17,8,9,10,4,6,0,0,0,266,121,145
622,District-Sivaganga,Total,12,1045,526,519,161,101,60,53,32,21,14,7,7,565,261,304,19,7,12,8,2,6,2,2,0,223,114,109
622,District-Sivaganga,Total,13,1233,614,619,214,140,74,94,52,42,21,17,4,686,313,373,14,2,12,8,4,4,2,0,2,194,86,108
622,District-Sivaganga,Total,14,1788,946,842,331,233,98,149,85,64,25,12,13,992,467,525,37,20,17,16,1,15,2,1,1,236,127,109
622,District-Sivaganga,Total,15,3177,1641,1536,821,517,304,347,212,135,75,49,26,1622,740,882,63,28,35,27,11,16,2,1,1,220,83,137
622,District-Sivaganga,Total,16,4259,2215,2044,1233,816,417,509,303,206,89,57,32,2160,914,1246,70,28,42,24,11,13,3,0,3,171,86,85
622,District-Sivaganga,Total,17,6497,3332,3165,2021,1335,686,864,517,347,133,81,52,3199,1278,1921,75,39,36,27,11,16,5,3,2,173,68,105
622,District-Sivaganga,Total,18,10273,5163,5110,3435,2296,1139,1374,768,606,263,162,101,4770,1747,3023,124,61,63,54,23,31,8,4,4,245,102,143
622,District-Sivaganga,Total,19,11625,5796,5829,4063,2734,1329,1609,928,681,290,173,117,5224,1778,3446,138,68,70,63,29,34,11,2,9,227,84,143
622,District-Sivaganga,Rural,5-19,44296,22433,21863,10066,6403,3663,4395,2475,1920,730,418,312,15446,6288,9158,591,261,330,284,120,164,39,18,21,12745,6450,6295
622,District-Sivaganga,Rural,5,6774,3501,3273,10,6,4,5,1,4,0,0,0,113,66,47,60,31,29,47,24,23,2,1,1,6537,3372,3165
622,District-Sivaganga,Rural,6,3647,1831,1816,6,4,2,3,2,1,0,0,0,197,85,112,28,15,13,22,12,10,3,3,0,3388,1710,1678
622,District-Sivaganga,Rural,7,1042,524,518,20,10,10,15,4,11,0,0,0,215,97,118,4,1,3,9,5,4,1,1,0,778,406,372
622,District-Sivaganga,Rural,8,572,301,271,21,12,9,13,9,4,1,1,0,232,118,114,8,4,4,3,1,2,0,0,0,294,156,138
622,District-Sivaganga,Rural,9,447,224,223,24,15,9,11,8,3,0,0,0,221,111,110,6,2,4,8,0,8,1,1,0,176,87,89
622,District-Sivaganga,Rural,10,616,320,296,26,16,10,18,6,12,0,0,0,246,141,105,13,6,7,4,2,2,1,0,1,308,149,159
622,District-Sivaganga,Rural,11,609,301,308,64,35,29,35,18,17,6,5,1,306,152,154,17,8,9,8,3,5,0,0,0,173,80,93
622,District-Sivaganga,Rural,12,709,364,345,131,78,53,42,24,18,9,4,5,359,172,187,16,6,10,5,1,4,2,2,0,145,77,68
622,District-Sivaganga,Rural,13,864,439,425,158,100,58,74,42,32,14,12,2,464,223,241,12,2,10,5,2,3,2,0,2,135,58,77
622,District-Sivaganga,Rural,14,1265,669,596,262,180,82,123,67,56,18,7,11,679,325,354,29,14,15,13,0,13,2,1,1,139,75,64
622,District-Sivaganga,Rural,15,2403,1223,1180,657,402,255,293,176,117,64,39,25,1185,533,652,48,15,33,21,8,13,2,1,1,133,49,84
622,District-Sivaganga,Rural,16,3269,1681,1588,979,616,363,435,260,175,68,40,28,1599,679,920,60,20,40,19,9,10,2,0,2,107,57,50
622,District-Sivaganga,Rural,17,5088,2569,2519,1627,1026,601,752,440,312,108,60,48,2389,950,1439,67,33,34,22,9,13,5,3,2,118,48,70
622,District-Sivaganga,Rural,18,8010,3989,4021,2792,1790,1002,1192,640,552,208,117,91,3496,1304,2192,104,50,54,45,17,28,7,3,4,166,68,98
622,District-Sivaganga,Rural,19,8981,4497,4484,3289,2113,1176,1384,778,606,234,133,101,3745,1332,2413,119,54,65,53,27,26,9,2,7,148,58,90
622,District-Sivaganga,Urban,5-19,15721,8093,7628,2444,1910,534,738,483,255,187,146,41,6227,2446,3781,121,77,44,111,54,57,5,1,4,5888,2976,2912
622,District-Sivaganga,Urban,5,2847,1423,1424,9,6,3,1,0,1,0,0,0,62,24,38,16,7,9,35,16,19,0,0,0,2724,1370,1354
622,District-Sivaganga,Urban,6,1789,947,842,4,4,0,5,3,2,0,0,0,75,35,40,8,4,4,22,13,9,1,0,1,1674,888,786
622,District-Sivaganga,Urban,7,511,264,247,7,4,3,2,1,1,0,0,0,123,63,60,4,3,1,3,2,1,0,0,0,372,191,181
622,District-Sivaganga,Urban,8,332,178,154,6,3,3,8,3,5,0,0,0,141,81,60,2,1,1,3,2,1,0,0,0,172,88,84
622,District-Sivaganga,Urban,9,270,130,140,7,4,3,2,0,2,0,0,0,165,77,88,0,0,0,1,1,0,0,0,0,95,48,47
622,District-Sivaganga,Urban,10,356,196,160,5,3,2,6,2,4,0,0,0,178,98,80,6,3,3,1,0,1,0,0,0,160,90,70
622,District-Sivaganga,Urban,11,308,153,155,22,19,3,10,4,6,0,0,0,181,88,93,0,0,0,2,1,1,0,0,0,93,41,52
622,District-Sivaganga,Urban,12,336,162,174,30,23,7,11,8,3,5,3,2,206,89,117,3,1,2,3,1,2,0,0,0,78,37,41
622,District-Sivaganga,Urban,13,369,175,194,56,40,16,20,10,10,7,5,2,222,90,132,2,0,2,3,2,1,0,0,0,59,28,31
622,District-Sivaganga,Urban,14,523,277,246,69,53,16,26,18,8,7,5,2,313,142,171,8,6,2,3,1,2,0,0,0,97,52,45
622,District-Sivaganga,Urban,15,774,418,356,164,115,49,54,36,18,11,10,1,437,207,230,15,13,2,6,3,3,0,0,0,87,34,53
622,District-Sivaganga,Urban,16,990,534,456,254,200,54,74,43,31,21,17,4,561,235,326,10,8,2,5,2,3,1,0,1,64,29,35
622,District-Sivaganga,Urban,17,1409,763,646,394,309,85,112,77,35,25,21,4,810,328,482,8,6,2,5,2,3,0,0,0,55,20,35
622,District-Sivaganga,Urban,18,2263,1174,1089,643,506,137,182,128,54,55,45,10,1274,443,831,20,11,9,9,6,3,1,1,0,79,34,45
622,District-Sivaganga,Urban,19,2644,1299,1345,774,621,153,225,150,75,56,40,16,1479,446,1033,19,14,5,10,2,8,2,0,2,79,26,53
623,District-Madurai,Total,5-19,135037,68194,66843,38245,24437,13808,6991,3898,3093,1337,723,614,43528,15910,27618,2643,1325,1318,905,403,502,118,50,68,41270,21448,19822
623,District-Madurai,Total,5,20938,11035,9903,47,35,12,9,3,6,0,0,0,382,176,206,136,74,62,119,62,57,8,3,5,20237,10682,9555
623,District-Madurai,Total,6,12151,6395,5756,29,17,12,17,11,6,0,0,0,551,271,280,74,40,34,107,59,48,2,0,2,11371,5997,5374
623,District-Madurai,Total,7,3279,1690,1589,72,45,27,29,15,14,2,1,1,834,419,415,29,14,15,29,13,16,8,5,3,2276,1178,1098
623,District-Madurai,Total,8,1791,900,891,84,44,40,20,10,10,0,0,0,786,365,421,33,15,18,13,5,8,5,4,1,850,457,393
623,District-Madurai,Total,9,1598,802,796,59,33,26,25,9,16,4,2,2,831,425,406,36,18,18,10,5,5,3,1,2,630,309,321
623,District-Madurai,Total,10,2212,1160,1052,94,60,34,32,18,14,3,3,0,972,503,469,50,32,18,21,7,14,0,0,0,1040,537,503
623,District-Madurai,Total,11,2189,1125,1064,295,192,103,72,33,39,17,10,7,1093,521,572,46,20,26,21,8,13,3,2,1,642,339,303
623,District-Madurai,Total,12,2537,1312,1225,489,303,186,111,60,51,20,13,7,1328,642,686,67,27,40,17,6,11,3,2,1,502,259,243
623,District-Madurai,Total,13,3204,1620,1584,776,465,311,169,85,84,26,16,10,1621,753,868,81,42,39,27,8,19,2,0,2,502,251,251
623,District-Madurai,Total,14,4495,2356,2139,1401,856,545,251,136,115,70,46,24,2076,954,1122,119,61,58,36,19,17,6,4,2,536,280,256
623,District-Madurai,Total,15,7656,4091,3565,2888,1827,1061,574,350,224,109,65,44,3220,1428,1792,220,104,116,61,25,36,11,3,8,573,289,284
623,District-Madurai,Total,16,9940,5183,4757,4263,2643,1620,755,436,319,155,84,71,4033,1632,2401,234,134,100,58,29,29,7,4,3,435,221,214
623,District-Madurai,Total,17,14804,7525,7279,6544,4123,2421,1138,625,513,217,132,85,6054,2247,3807,327,156,171,91,45,46,8,3,5,425,194,231
623,District-Madurai,Total,18,22565,11109,11456,10052,6542,3510,1825,1053,772,344,169,175,9034,2757,6277,546,284,262,128,51,77,27,12,15,609,241,368
623,District-Madurai,Total,19,25678,11891,13787,11152,7252,3900,1964,1054,910,370,182,188,10713,2817,7896,645,304,341,167,61,106,25,7,18,642,214,428
623,District-Madurai,Rural,5-19,66983,33847,33136,21618,12942,8676,4757,2573,2184,883,454,429,19931,7623,12308,1569,734,835,526,228,298,90,38,52,17609,9255,8354
623,District-Madurai,Rural,5,9228,4883,4345,20,15,5,6,2,4,0,0,0,145,64,81,85,45,40,58,29,29,7,3,4,8907,4725,4182
623,District-Madurai,Rural,6,4871,2562,2309,15,9,6,5,2,3,0,0,0,223,109,114,38,19,19,59,30,29,2,0,2,4529,2393,2136
623,District-Madurai,Rural,7,1409,738,671,36,18,18,14,7,7,1,1,0,346,165,181,17,9,8,9,4,5,7,5,2,979,529,450
623,District-Madurai,Rural,8,797,398,399,47,20,27,10,6,4,0,0,0,327,163,164,17,5,12,5,2,3,5,4,1,386,198,188
623,District-Madurai,Rural,9,651,320,331,29,14,15,9,4,5,3,1,2,330,171,159,16,8,8,4,2,2,3,1,2,257,119,138
623,District-Madurai,Rural,10,989,526,463,55,33,22,18,8,10,3,3,0,431,230,201,32,18,14,8,1,7,0,0,0,442,233,209
623,District-Madurai,Rural,11,983,501,482,160,90,70,47,20,27,16,9,7,467,225,242,21,4,17,9,2,7,3,2,1,260,149,111
623,District-Madurai,Rural,12,1219,655,564,282,168,114,79,42,37,16,10,6,575,294,281,42,15,27,9,3,6,3,2,1,213,121,92
623,District-Madurai,Rural,13,1612,818,794,418,236,182,111,52,59,14,10,4,792,380,412,53,23,30,14,6,8,2,0,2,208,111,97
623,District-Madurai,Rural,14,2308,1222,1086,756,421,335,169,93,76,42,26,16,998,492,506,78,40,38,16,8,8,5,3,2,244,139,105
623,District-Madurai,Rural,15,4259,2237,2022,1657,968,689,385,223,162,68,37,31,1725,793,932,133,57,76,40,18,22,9,2,7,242,139,103
623,District-Madurai,Rural,16,5421,2820,2601,2445,1434,1011,528,298,230,105,51,54,1958,818,1140,147,88,59,43,22,21,4,3,1,191,106,85
623,District-Madurai,Rural,17,7910,3979,3931,3728,2201,1527,767,403,364,141,86,55,2845,1087,1758,176,81,95,59,31,28,8,3,5,186,87,99
623,District-Madurai,Rural,18,12062,5952,6110,5789,3547,2242,1242,688,554,222,106,116,4108,1306,2802,327,163,164,82,28,54,18,6,12,274,108,166
623,District-Madurai,Rural,19,13264,6236,7028,6181,3768,2413,1367,725,642,252,114,138,4661,1326,3335,387,159,228,111,42,69,14,4,10,291,98,193
623,District-Madurai,Urban,5-19,68054,34347,33707,16627,11495,5132,2234,1325,909,454,269,185,23597,8287,15310,1074,591,483,379,175,204,28,12,16,23661,12193,11468
623,District-Madurai,Urban,5,11710,6152,5558,27,20,7,3,1,2,0,0,0,237,112,125,51,29,22,61,33,28,1,0,1,11330,5957,5373
623,District-Madurai,Urban,6,7280,3833,3447,14,8,6,12,9,3,0,0,0,328,162,166,36,21,15,48,29,19,0,0,0,6842,3604,3238
623,District-Madurai,Urban,7,1870,952,918,36,27,9,15,8,7,1,0,1,488,254,234,12,5,7,20,9,11,1,0,1,1297,649,648
623,District-Madurai,Urban,8,994,502,492,37,24,13,10,4,6,0,0,0,459,202,257,16,10,6,8,3,5,0,0,0,464,259,205
623,District-Madurai,Urban,9,947,482,465,30,19,11,16,5,11,1,1,0,501,254,247,20,10,10,6,3,3,0,0,0,373,190,183
623,District-Madurai,Urban,10,1223,634,589,39,27,12,14,10,4,0,0,0,541,273,268,18,14,4,13,6,7,0,0,0,598,304,294
623,District-Madurai,Urban,11,1206,624,582,135,102,33,25,13,12,1,1,0,626,296,330,25,16,9,12,6,6,0,0,0,382,190,192
623,District-Madurai,Urban,12,1318,657,661,207,135,72,32,18,14,4,3,1,753,348,405,25,12,13,8,3,5,0,0,0,289,138,151
623,District-Madurai,Urban,13,1592,802,790,358,229,129,58,33,25,12,6,6,829,373,456,28,19,9,13,2,11,0,0,0,294,140,154
623,District-Madurai,Urban,14,2187,1134,1053,645,435,210,82,43,39,28,20,8,1078,462,616,41,21,20,20,11,9,1,1,0,292,141,151
623,District-Madurai,Urban,15,3397,1854,1543,1231,859,372,189,127,62,41,28,13,1495,635,860,87,47,40,21,7,14,2,1,1,331,150,181
623,District-Madurai,Urban,16,4519,2363,2156,1818,1209,609,227,138,89,50,33,17,2075,814,1261,87,46,41,15,7,8,3,1,2,244,115,129
623,District-Madurai,Urban,17,6894,3546,3348,2816,1922,894,371,222,149,76,46,30,3209,1160,2049,151,75,76,32,14,18,0,0,0,239,107,132
623,District-Madurai,Urban,18,10503,5157,5346,4263,2995,1268,583,365,218,122,63,59,4926,1451,3475,219,121,98,46,23,23,9,6,3,335,133,202
623,District-Madurai,Urban,19,12414,5655,6759,4971,3484,1487,597,329,268,118,68,50,6052,1491,4561,258,145,113,56,19,37,11,3,8,351,116,235
624,District-Theni  ,Total,5-19,56956,28244,28712,15886,9876,6010,2070,1183,887,367,208,159,19225,6998,12227,1301,636,665,292,127,165,34,16,18,17781,9200,8581
624,District-Theni  ,Total,5,9156,4775,4381,9,4,5,2,1,1,0,0,0,193,93,100,92,45,47,38,16,22,2,1,1,8820,4615,4205
624,District-Theni  ,Total,6,5215,2750,2465,14,7,7,4,3,1,0,0,0,237,112,125,44,29,15,19,8,11,0,0,0,4897,2591,2306
624,District-Theni  ,Total,7,1347,729,618,11,5,6,5,3,2,1,0,1,254,143,111,30,16,14,5,3,2,0,0,0,1041,559,482
624,District-Theni  ,Total,8,576,284,292,21,10,11,3,3,0,0,0,0,230,121,109,10,8,2,7,1,6,0,0,0,305,141,164
624,District-Theni  ,Total,9,622,348,274,27,21,6,5,3,2,0,0,0,243,125,118,12,8,4,9,2,7,0,0,0,326,189,137
624,District-Theni  ,Total,10,920,466,454,27,18,9,8,2,6,2,2,0,280,138,142,30,14,16,7,2,5,1,1,0,565,289,276
624,District-Theni  ,Total,11,814,430,384,118,72,46,17,11,6,4,2,2,336,180,156,28,5,23,13,7,6,0,0,0,298,153,145
624,District-Theni  ,Total,12,903,425,478,193,121,72,31,14,17,2,1,1,447,190,257,35,5,30,9,4,5,1,0,1,185,90,95
624,District-Theni  ,Total,13,1203,638,565,275,170,105,46,26,20,10,5,5,615,298,317,45,27,18,9,4,5,3,2,1,200,106,94
624,District-Theni  ,Total,14,1701,819,882,592,332,260,72,37,35,11,8,3,793,347,446,71,35,36,12,7,5,3,0,3,147,53,94
624,District-Theni  ,Total,15,3105,1595,1510,1161,671,490,147,95,52,17,13,4,1411,637,774,133,69,64,22,13,9,3,1,2,211,96,115
624,District-Theni  ,Total,16,4147,2059,2088,1732,1023,709,239,130,109,44,25,19,1852,739,1113,110,57,53,21,9,12,4,4,0,145,72,73
624,District-Theni  ,Total,17,6079,3085,2994,2652,1670,982,325,179,146,52,32,20,2704,1029,1675,147,78,69,24,15,9,4,4,0,171,78,93
624,District-Theni  ,Total,18,10067,4823,5244,4374,2783,1591,548,314,234,97,57,40,4512,1437,3075,236,117,119,48,16,32,5,1,4,247,98,149
624,District-Theni  ,Total,19,11101,5018,6083,4680,2969,1711,618,362,256,127,63,64,5118,1409,3709,278,123,155,49,20,29,8,2,6,223,70,153
624,District-Theni  ,Rural,5-19,28567,14275,14292,8992,5295,3697,1329,728,601,195,104,91,8663,3289,5374,749,361,388,197,84,113,24,15,9,8418,4399,4019
624,District-Theni  ,Rural,5,4352,2296,2056,7,4,3,1,1,0,0,0,0,81,38,43,40,23,17,21,9,12,2,1,1,4200,2220,1980
624,District-Theni  ,Rural,6,2389,1277,1112,8,5,3,1,1,0,0,0,0,81,45,36,18,11,7,8,5,3,0,0,0,2273,1210,1063
624,District-Theni  ,Rural,7,646,358,288,6,3,3,3,2,1,1,0,1,126,68,58,12,4,8,3,2,1,0,0,0,495,279,216
624,District-Theni  ,Rural,8,294,148,146,11,5,6,3,3,0,0,0,0,111,60,51,5,5,0,7,1,6,0,0,0,157,74,83
624,District-Theni  ,Rural,9,319,178,141,10,7,3,4,2,2,0,0,0,118,62,56,9,5,4,6,1,5,0,0,0,172,101,71
624,District-Theni  ,Rural,10,433,229,204,10,7,3,4,1,3,1,1,0,117,63,54,17,9,8,7,2,5,1,1,0,276,145,131
624,District-Theni  ,Rural,11,385,197,188,59,37,22,9,7,2,1,1,0,152,79,73,18,4,14,9,4,5,0,0,0,137,65,72
624,District-Theni  ,Rural,12,458,217,241,104,60,44,21,9,12,1,1,0,217,96,121,21,5,16,7,3,4,1,0,1,86,43,43
624,District-Theni  ,Rural,13,589,303,286,149,85,64,26,10,16,4,3,1,300,143,157,23,16,7,6,3,3,2,2,0,79,41,38
624,District-Theni  ,Rural,14,888,413,475,332,172,160,44,21,23,5,4,1,390,175,215,38,13,25,10,5,5,1,0,1,68,23,45
624,District-Theni  ,Rural,15,1583,825,758,628,346,282,99,62,37,6,5,1,657,317,340,80,39,41,14,7,7,2,1,1,97,48,49
624,District-Theni  ,Rural,16,2156,1033,1123,952,521,431,159,85,74,19,7,12,872,347,525,64,31,33,17,7,10,3,3,0,70,32,38
624,District-Theni  ,Rural,17,3163,1614,1549,1502,912,590,193,102,91,29,20,9,1232,475,757,87,47,40,17,11,6,4,4,0,99,43,56
624,District-Theni  ,Rural,18,5215,2523,2692,2523,1512,1011,349,184,165,49,26,23,2005,668,1337,149,76,73,30,11,19,3,1,2,107,45,62
624,District-Theni  ,Rural,19,5697,2664,3033,2691,1619,1072,413,238,175,79,36,43,2204,653,1551,168,73,95,35,13,22,5,2,3,102,30,72
624,District-Theni  ,Urban,5-19,28389,13969,14420,6894,4581,2313,741,455,286,172,104,68,10562,3709,6853,552,275,277,95,43,52,10,1,9,9363,4801,4562
624,District-Theni  ,Urban,5,4804,2479,2325,2,0,2,1,0,1,0,0,0,112,55,57,52,22,30,17,7,10,0,0,0,4620,2395,2225
624,District-Theni  ,Urban,6,2826,1473,1353,6,2,4,3,2,1,0,0,0,156,67,89,26,18,8,11,3,8,0,0,0,2624,1381,1243
624,District-Theni  ,Urban,7,701,371,330,5,2,3,2,1,1,0,0,0,128,75,53,18,12,6,2,1,1,0,0,0,546,280,266
624,District-Theni  ,Urban,8,282,136,146,10,5,5,0,0,0,0,0,0,119,61,58,5,3,2,0,0,0,0,0,0,148,67,81
624,District-Theni  ,Urban,9,303,170,133,17,14,3,1,1,0,0,0,0,125,63,62,3,3,0,3,1,2,0,0,0,154,88,66
624,District-Theni  ,Urban,10,487,237,250,17,11,6,4,1,3,1,1,0,163,75,88,13,5,8,0,0,0,0,0,0,289,144,145
624,District-Theni  ,Urban,11,429,233,196,59,35,24,8,4,4,3,1,2,184,101,83,10,1,9,4,3,1,0,0,0,161,88,73
624,District-Theni  ,Urban,12,445,208,237,89,61,28,10,5,5,1,0,1,230,94,136,14,0,14,2,1,1,0,0,0,99,47,52
624,District-Theni  ,Urban,13,614,335,279,126,85,41,20,16,4,6,2,4,315,155,160,22,11,11,3,1,2,1,0,1,121,65,56
624,District-Theni  ,Urban,14,813,406,407,260,160,100,28,16,12,6,4,2,403,172,231,33,22,11,2,2,0,2,0,2,79,30,49
624,District-Theni  ,Urban,15,1522,770,752,533,325,208,48,33,15,11,8,3,754,320,434,53,30,23,8,6,2,1,0,1,114,48,66
624,District-Theni  ,Urban,16,1991,1026,965,780,502,278,80,45,35,25,18,7,980,392,588,46,26,20,4,2,2,1,1,0,75,40,35
624,District-Theni  ,Urban,17,2916,1471,1445,1150,758,392,132,77,55,23,12,11,1472,554,918,60,31,29,7,4,3,0,0,0,72,35,37
624,District-Theni  ,Urban,18,4852,2300,2552,1851,1271,580,199,130,69,48,31,17,2507,769,1738,87,41,46,18,5,13,2,0,2,140,53,87
624,District-Theni  ,Urban,19,5404,2354,3050,1989,1350,639,205,124,81,48,27,21,2914,756,2158,110,50,60,14,7,7,3,0,3,121,40,81
625,District-Virudhunagar,Total,5-19,95042,47344,47698,37184,20655,16529,4024,2079,1945,783,427,356,23200,9022,14178,2147,983,1164,377,158,219,77,41,36,27250,13979,13271
625,District-Virudhunagar,Total,5,14758,7660,7098,12,7,5,2,1,1,0,0,0,186,94,92,86,41,45,50,22,28,2,1,1,14420,7494,6926
625,District-Virudhunagar,Total,6,7671,3988,3683,20,9,11,5,2,3,1,1,0,318,182,136,45,26,19,35,17,18,1,1,0,7246,3750,3496
625,District-Virudhunagar,Total,7,1808,942,866,24,12,12,6,4,2,0,0,0,390,202,188,12,4,8,10,6,4,0,0,0,1366,714,652
625,District-Virudhunagar,Total,8,975,511,464,30,18,12,11,3,8,0,0,0,399,201,198,11,3,8,4,0,4,3,2,1,517,284,233
625,District-Virudhunagar,Total,9,914,476,438,47,22,25,6,3,3,0,0,0,446,241,205,22,10,12,1,1,0,1,0,1,391,199,192
625,District-Virudhunagar,Total,10,1276,661,615,72,39,33,13,4,9,2,1,1,526,282,244,24,16,8,7,3,4,0,0,0,632,316,316
625,District-Virudhunagar,Total,11,1375,694,681,245,142,103,30,11,19,7,3,4,671,337,334,28,15,13,6,3,3,1,1,0,387,182,205
625,District-Virudhunagar,Total,12,1768,925,843,492,280,212,59,36,23,20,11,9,803,407,396,58,27,31,6,4,2,5,3,2,325,157,168
625,District-Virudhunagar,Total,13,2469,1233,1236,912,470,442,129,65,64,25,14,11,997,475,522,85,41,44,14,6,8,4,4,0,303,158,145
625,District-Virudhunagar,Total,14,3645,1848,1797,1708,906,802,177,102,75,50,29,21,1304,639,665,117,48,69,12,5,7,7,2,5,270,117,153
625,District-Virudhunagar,Total,15,6083,3047,3036,3299,1727,1572,340,158,182,72,42,30,1851,861,990,184,87,97,38,13,25,9,1,8,290,158,132
625,District-Virudhunagar,Total,16,7569,3855,3714,4381,2358,2023,467,254,213,98,51,47,2108,958,1150,248,108,140,30,12,18,6,4,2,231,110,121
625,District-Virudhunagar,Total,17,10727,5498,5229,6371,3573,2798,647,354,293,144,76,68,2986,1218,1768,288,146,142,46,23,23,8,6,2,237,102,135
625,District-Virudhunagar,Total,18,15921,7512,8409,9352,5181,4171,973,503,470,172,77,95,4601,1404,3197,441,192,249,60,26,34,13,4,9,309,125,184
625,District-Virudhunagar,Total,19,18083,8494,9589,10219,5911,4308,1159,579,580,192,122,70,5614,1521,4093,498,219,279,58,17,41,17,12,5,326,113,213
625,District-Virudhunagar,Rural,5-19,52826,26032,26794,21472,11491,9981,2769,1420,1349,489,253,236,12101,4807,7294,1390,607,783,261,101,160,59,28,31,14285,7325,6960
625,District-Virudhunagar,Rural,5,7898,4090,3808,6,3,3,1,1,0,0,0,0,96,51,45,58,25,33,29,11,18,1,0,1,7707,3999,3708
625,District-Virudhunagar,Rural,6,3868,2016,1852,15,7,8,3,1,2,0,0,0,164,94,70,30,18,12,22,9,13,1,1,0,3633,1886,1747
625,District-Virudhunagar,Rural,7,907,488,419,15,6,9,4,3,1,0,0,0,188,99,89,10,3,7,5,3,2,0,0,0,685,374,311
625,District-Virudhunagar,Rural,8,509,259,250,16,7,9,9,3,6,0,0,0,214,109,105,8,2,6,3,0,3,1,0,1,258,138,120
625,District-Virudhunagar,Rural,9,489,260,229,31,16,15,5,2,3,0,0,0,229,124,105,18,10,8,0,0,0,1,0,1,205,108,97
625,District-Virudhunagar,Rural,10,676,356,320,43,23,20,6,2,4,1,1,0,244,135,109,17,11,6,2,1,1,0,0,0,363,183,180
625,District-Virudhunagar,Rural,11,740,361,379,143,80,63,16,7,9,5,2,3,353,171,182,19,10,9,4,2,2,1,1,0,199,88,111
625,District-Virudhunagar,Rural,12,968,487,481,290,149,141,42,26,16,13,6,7,413,207,206,44,20,24,5,4,1,4,3,1,157,72,85
625,District-Virudhunagar,Rural,13,1354,653,701,509,253,256,75,35,40,20,14,6,521,242,279,52,22,30,10,4,6,2,2,0,165,81,84
625,District-Virudhunagar,Rural,14,2042,1020,1022,962,487,475,129,71,58,36,21,15,688,349,339,75,32,43,7,4,3,6,2,4,139,54,85
625,District-Virudhunagar,Rural,15,3503,1706,1797,1908,960,948,230,100,130,44,28,16,1002,466,536,118,52,66,30,10,20,8,1,7,163,89,74
625,District-Virudhunagar,Rural,16,4293,2122,2171,2491,1271,1220,319,163,156,56,28,28,1133,526,607,151,61,90,20,7,13,2,1,1,121,65,56
625,District-Virudhunagar,Rural,17,6104,3095,3009,3627,1985,1642,437,250,187,87,38,49,1591,654,937,182,90,92,34,13,21,8,6,2,138,59,79
625,District-Virudhunagar,Rural,18,9195,4304,4891,5476,2954,2522,679,359,320,104,39,65,2423,751,1672,279,108,171,47,20,27,10,2,8,177,71,106
625,District-Virudhunagar,Rural,19,10280,4815,5465,5940,3290,2650,814,397,417,123,76,47,2842,829,2013,329,143,186,43,13,30,14,9,5,175,58,117
625,District-Virudhunagar,Urban,5-19,42216,21312,20904,15712,9164,6548,1255,659,596,294,174,120,11099,4215,6884,757,376,381,116,57,59,18,13,5,12965,6654,6311
625,District-Virudhunagar,Urban,5,6860,3570,3290,6,4,2,1,0,1,0,0,0,90,43,47,28,16,12,21,11,10,1,1,0,6713,3495,3218
625,District-Virudhunagar,Urban,6,3803,1972,1831,5,2,3,2,1,1,1,1,0,154,88,66,15,8,7,13,8,5,0,0,0,3613,1864,1749
625,District-Virudhunagar,Urban,7,901,454,447,9,6,3,2,1,1,0,0,0,202,103,99,2,1,1,5,3,2,0,0,0,681,340,341
625,District-Virudhunagar,Urban,8,466,252,214,14,11,3,2,0,2,0,0,0,185,92,93,3,1,2,1,0,1,2,2,0,259,146,113
625,District-Virudhunagar,Urban,9,425,216,209,16,6,10,1,1,0,0,0,0,217,117,100,4,0,4,1,1,0,0,0,0,186,91,95
625,District-Virudhunagar,Urban,10,600,305,295,29,16,13,7,2,5,1,0,1,282,147,135,7,5,2,5,2,3,0,0,0,269,133,136
625,District-Virudhunagar,Urban,11,635,333,302,102,62,40,14,4,10,2,1,1,318,166,152,9,5,4,2,1,1,0,0,0,188,94,94
625,District-Virudhunagar,Urban,12,800,438,362,202,131,71,17,10,7,7,5,2,390,200,190,14,7,7,1,0,1,1,0,1,168,85,83
625,District-Virudhunagar,Urban,13,1115,580,535,403,217,186,54,30,24,5,0,5,476,233,243,33,19,14,4,2,2,2,2,0,138,77,61
625,District-Virudhunagar,Urban,14,1603,828,775,746,419,327,48,31,17,14,8,6,616,290,326,42,16,26,5,1,4,1,0,1,131,63,68
625,District-Virudhunagar,Urban,15,2580,1341,1239,1391,767,624,110,58,52,28,14,14,849,395,454,66,35,31,8,3,5,1,0,1,127,69,58
625,District-Virudhunagar,Urban,16,3276,1733,1543,1890,1087,803,148,91,57,42,23,19,975,432,543,97,47,50,10,5,5,4,3,1,110,45,65
625,District-Virudhunagar,Urban,17,4623,2403,2220,2744,1588,1156,210,104,106,57,38,19,1395,564,831,106,56,50,12,10,2,0,0,0,99,43,56
625,District-Virudhunagar,Urban,18,6726,3208,3518,3876,2227,1649,294,144,150,68,38,30,2178,653,1525,162,84,78,13,6,7,3,2,1,132,54,78
625,District-Virudhunagar,Urban,19,7803,3679,4124,4279,2621,1658,345,182,163,69,46,23,2772,692,2080,169,76,93,15,4,11,3,3,0,151,55,96
626,District-Ramanathapuram,Total,5-19,69582,34861,34721,15647,10519,5128,4363,2396,1967,665,382,283,28141,10897,17244,1070,602,468,471,207,264,29,20,9,19196,9838,9358
626,District-Ramanathapuram,Total,5,9583,5004,4579,17,10,7,6,3,3,0,0,0,195,101,94,88,41,47,78,43,35,3,2,1,9196,4804,4392
626,District-Ramanathapuram,Total,6,5386,2782,2604,24,16,8,4,2,2,0,0,0,278,145,133,56,27,29,69,27,42,2,1,1,4953,2564,2389
626,District-Ramanathapuram,Total,7,1755,920,835,24,14,10,20,15,5,1,1,0,461,237,224,20,12,8,20,8,12,1,1,0,1208,632,576
626,District-Ramanathapuram,Total,8,1024,532,492,41,31,10,13,6,7,2,2,0,462,235,227,12,10,2,15,7,8,1,1,0,478,240,238
626,District-Ramanathapuram,Total,9,904,424,480,37,23,14,31,12,19,1,0,1,490,226,264,11,8,3,12,6,6,0,0,0,322,149,173
626,District-Ramanathapuram,Total,10,1165,569,596,54,30,24,45,25,20,2,1,1,523,250,273,20,13,7,19,9,10,2,1,1,500,240,260
626,District-Ramanathapuram,Total,11,1178,626,552,154,109,45,41,23,18,7,4,3,637,312,325,21,11,10,10,3,7,1,1,0,307,163,144
626,District-Ramanathapuram,Total,12,1380,726,654,213,150,63,64,37,27,6,3,3,809,399,410,32,19,13,10,4,6,0,0,0,246,114,132
626,District-Ramanathapuram,Total,13,1670,884,786,353,239,114,88,52,36,14,7,7,915,445,470,24,13,11,14,6,8,1,1,0,261,121,140
626,District-Ramanathapuram,Total,14,2309,1240,1069,539,368,171,118,67,51,20,11,9,1292,631,661,53,29,24,18,2,16,1,1,0,268,131,137
626,District-Ramanathapuram,Total,15,4015,2033,1982,1111,756,355,305,159,146,48,28,20,2132,876,1256,104,54,50,27,12,15,4,2,2,284,146,138
626,District-Ramanathapuram,Total,16,5165,2620,2545,1598,1086,512,388,221,167,61,38,23,2745,1084,1661,96,54,42,38,19,19,2,2,0,237,116,121
626,District-Ramanathapuram,Total,17,7981,4109,3872,2604,1811,793,705,390,315,117,67,50,4147,1626,2521,108,72,36,29,15,14,5,3,2,266,125,141
626,District-Ramanathapuram,Total,18,12249,5834,6415,4069,2692,1377,1145,629,516,177,93,84,6286,2137,4149,190,112,78,57,22,35,4,3,1,321,146,175
626,District-Ramanathapuram,Total,19,13818,6558,7260,4809,3184,1625,1390,755,635,209,127,82,6769,2193,4576,235,127,108,55,24,31,2,1,1,349,147,202
626,District-Ramanathapuram,Rural,5-19,50954,25465,25489,12444,7996,4448,3573,1882,1691,545,303,242,19718,7809,11909,821,435,386,323,157,166,25,17,8,13505,6866,6639
626,District-Ramanathapuram,Rural,5,6835,3563,3272,14,8,6,5,3,2,0,0,0,142,67,75,68,30,38,51,29,22,2,2,0,6553,3424,3129
626,District-Ramanathapuram,Rural,6,3625,1842,1783,18,11,7,3,2,1,0,0,0,204,104,100,37,20,17,39,14,25,1,0,1,3323,1691,1632
626,District-Ramanathapuram,Rural,7,1239,639,600,18,11,7,15,10,5,0,0,0,299,143,156,12,7,5,10,5,5,1,1,0,884,462,422
626,District-Ramanathapuram,Rural,8,702,360,342,32,23,9,4,0,4,1,1,0,300,148,152,8,7,1,8,5,3,0,0,0,349,176,173
626,District-Ramanathapuram,Rural,9,609,283,326,29,17,12,15,7,8,0,0,0,335,156,179,5,3,2,7,5,2,0,0,0,218,95,123
626,District-Ramanathapuram,Rural,10,797,385,412,42,26,16,17,8,9,1,1,0,373,188,185,12,7,5,13,5,8,2,1,1,337,149,188
626,District-Ramanathapuram,Rural,11,825,437,388,114,80,34,29,17,12,5,3,2,439,217,222,16,9,7,9,3,6,1,1,0,212,107,105
626,District-Ramanathapuram,Rural,12,990,517,473,162,103,59,37,19,18,4,3,1,573,285,288,25,15,10,7,3,4,0,0,0,182,89,93
626,District-Ramanathapuram,Rural,13,1214,632,582,283,187,96,65,37,28,11,6,5,642,314,328,20,9,11,10,4,6,1,1,0,182,74,108
626,District-Ramanathapuram,Rural,14,1704,903,801,425,275,150,87,50,37,15,7,8,936,455,481,44,22,22,9,2,7,1,1,0,187,91,96
626,District-Ramanathapuram,Rural,15,3002,1516,1486,885,577,308,245,123,122,42,24,18,1530,639,891,78,36,42,23,10,13,4,2,2,195,105,90
626,District-Ramanathapuram,Rural,16,3844,1935,1909,1263,824,439,324,178,146,51,32,19,1934,772,1162,67,33,34,30,15,15,2,2,0,173,79,94
626,District-Ramanathapuram,Rural,17,5911,3055,2856,2040,1355,685,594,315,279,96,54,42,2869,1167,1702,82,52,30,21,15,6,5,3,2,204,94,110
626,District-Ramanathapuram,Rural,18,9262,4419,4843,3285,2074,1211,948,499,449,142,73,69,4448,1554,2894,144,79,65,40,20,20,4,3,1,251,117,134
626,District-Ramanathapuram,Rural,19,10395,4979,5416,3834,2425,1409,1185,614,571,177,99,78,4694,1600,3094,203,106,97,46,22,24,1,0,1,255,113,142
626,District-Ramanathapuram,Urban,5-19,18628,9396,9232,3203,2523,680,790,514,276,120,79,41,8423,3088,5335,249,167,82,148,50,98,4,3,1,5691,2972,2719
626,District-Ramanathapuram,Urban,5,2748,1441,1307,3,2,1,1,0,1,0,0,0,53,34,19,20,11,9,27,14,13,1,0,1,2643,1380,1263
626,District-Ramanathapuram,Urban,6,1761,940,821,6,5,1,1,0,1,0,0,0,74,41,33,19,7,12,30,13,17,1,1,0,1630,873,757
626,District-Ramanathapuram,Urban,7,516,281,235,6,3,3,5,5,0,1,1,0,162,94,68,8,5,3,10,3,7,0,0,0,324,170,154
626,District-Ramanathapuram,Urban,8,322,172,150,9,8,1,9,6,3,1,1,0,162,87,75,4,3,1,7,2,5,1,1,0,129,64,65
626,District-Ramanathapuram,Urban,9,295,141,154,8,6,2,16,5,11,1,0,1,155,70,85,6,5,1,5,1,4,0,0,0,104,54,50
626,District-Ramanathapuram,Urban,10,368,184,184,12,4,8,28,17,11,1,0,1,150,62,88,8,6,2,6,4,2,0,0,0,163,91,72
626,District-Ramanathapuram,Urban,11,353,189,164,40,29,11,12,6,6,2,1,1,198,95,103,5,2,3,1,0,1,0,0,0,95,56,39
626,District-Ramanathapuram,Urban,12,390,209,181,51,47,4,27,18,9,2,0,2,236,114,122,7,4,3,3,1,2,0,0,0,64,25,39
626,District-Ramanathapuram,Urban,13,456,252,204,70,52,18,23,15,8,3,1,2,273,131,142,4,4,0,4,2,2,0,0,0,79,47,32
626,District-Ramanathapuram,Urban,14,605,337,268,114,93,21,31,17,14,5,4,1,356,176,180,9,7,2,9,0,9,0,0,0,81,40,41
626,District-Ramanathapuram,Urban,15,1013,517,496,226,179,47,60,36,24,6,4,2,602,237,365,26,18,8,4,2,2,0,0,0,89,41,48
626,District-Ramanathapuram,Urban,16,1321,685,636,335,262,73,64,43,21,10,6,4,811,312,499,29,21,8,8,4,4,0,0,0,64,37,27
626,District-Ramanathapuram,Urban,17,2070,1054,1016,564,456,108,111,75,36,21,13,8,1278,459,819,26,20,6,8,0,8,0,0,0,62,31,31
626,District-Ramanathapuram,Urban,18,2987,1415,1572,784,618,166,197,130,67,35,20,15,1838,583,1255,46,33,13,17,2,15,0,0,0,70,29,41
626,District-Ramanathapuram,Urban,19,3423,1579,1844,975,759,216,205,141,64,32,28,4,2075,593,1482,32,21,11,9,2,7,1,1,0,94,34,60
627,District-Thoothukkudi,Total,5-19,82867,42507,40360,25571,16231,9340,3936,2232,1704,633,396,237,25693,9820,15873,799,422,377,242,108,134,22,12,10,25971,13286,12685
627,District-Thoothukkudi,Total,5,14274,7323,6951,15,10,5,5,2,3,0,0,0,232,116,116,58,30,28,48,21,27,1,0,1,13915,7144,6771
627,District-Thoothukkudi,Total,6,7768,4063,3705,12,10,2,3,1,2,1,1,0,345,175,170,37,14,23,33,17,16,0,0,0,7337,3845,3492
627,District-Thoothukkudi,Total,7,1678,876,802,27,12,15,9,2,7,0,0,0,332,167,165,12,5,7,4,3,1,0,0,0,1294,687,607
627,District-Thoothukkudi,Total,8,820,403,417,15,9,6,5,2,3,0,0,0,351,179,172,2,1,1,3,2,1,0,0,0,444,210,234
627,District-Thoothukkudi,Total,9,652,345,307,17,11,6,7,5,2,0,0,0,321,177,144,4,2,2,2,2,0,0,0,0,301,148,153
627,District-Thoothukkudi,Total,10,956,481,475,29,16,13,10,5,5,1,1,0,377,193,184,12,7,5,4,1,3,1,0,1,522,258,264
627,District-Thoothukkudi,Total,11,960,496,464,141,97,44,25,14,11,2,0,2,485,235,250,13,10,3,3,1,2,1,0,1,290,139,151
627,District-Thoothukkudi,Total,12,1185,611,574,258,168,90,36,18,18,10,5,5,622,283,339,15,8,7,3,2,1,0,0,0,241,127,114
627,District-Thoothukkudi,Total,13,1650,879,771,446,288,158,66,37,29,12,8,4,895,427,468,18,13,5,5,3,2,0,0,0,208,103,105
627,District-Thoothukkudi,Total,14,2792,1508,1284,996,642,354,153,88,65,33,20,13,1311,617,694,44,16,28,2,1,1,1,1,0,252,123,129
627,District-Thoothukkudi,Total,15,4796,2589,2207,1973,1240,733,322,187,135,71,44,27,2113,965,1148,78,44,34,15,6,9,2,0,2,222,103,119
627,District-Thoothukkudi,Total,16,6505,3494,3011,3046,1934,1112,432,239,193,81,52,29,2642,1117,1525,75,45,30,9,2,7,4,3,1,216,102,114
627,District-Thoothukkudi,Total,17,9598,4964,4634,4558,2850,1708,710,409,301,100,59,41,3872,1460,2412,109,66,43,25,12,13,3,3,0,221,105,116
627,District-Thoothukkudi,Total,18,13607,6760,6847,6580,4079,2501,992,556,436,143,91,52,5442,1828,3614,144,76,68,46,22,24,5,4,1,255,104,151
627,District-Thoothukkudi,Total,19,15626,7715,7911,7458,4865,2593,1161,667,494,179,115,64,6353,1881,4472,178,85,93,40,13,27,4,1,3,253,88,165
627,District-Thoothukkudi,Rural,5-19,46931,24018,22913,15564,9863,5701,2923,1604,1319,431,258,173,14070,5166,8904,535,269,266,174,71,103,14,8,6,13220,6779,6441
627,District-Thoothukkudi,Rural,5,7436,3831,3605,8,6,2,3,1,2,0,0,0,104,50,54,38,20,18,29,12,17,1,0,1,7253,3742,3511
627,District-Thoothukkudi,Rural,6,3821,1969,1852,4,3,1,2,0,2,1,1,0,167,82,85,29,9,20,14,4,10,0,0,0,3604,1870,1734
627,District-Thoothukkudi,Rural,7,879,461,418,20,9,11,4,0,4,0,0,0,200,104,96,10,3,7,2,2,0,0,0,0,643,343,300
627,District-Thoothukkudi,Rural,8,427,225,202,11,7,4,3,1,2,0,0,0,178,95,83,1,1,0,3,2,1,0,0,0,231,119,112
627,District-Thoothukkudi,Rural,9,327,179,148,9,4,5,2,1,1,0,0,0,171,100,71,4,2,2,2,2,0,0,0,0,139,70,69
627,District-Thoothukkudi,Rural,10,507,253,254,16,10,6,6,5,1,1,1,0,210,104,106,7,4,3,2,0,2,1,0,1,264,129,135
627,District-Thoothukkudi,Rural,11,504,267,237,77,57,20,14,7,7,1,0,1,244,122,122,10,7,3,2,1,1,1,0,1,155,73,82
627,District-Thoothukkudi,Rural,12,673,341,332,159,97,62,29,13,16,9,5,4,349,162,187,10,5,5,2,1,1,0,0,0,115,58,57
627,District-Thoothukkudi,Rural,13,938,488,450,272,161,111,49,26,23,11,7,4,491,230,261,10,8,2,4,3,1,0,0,0,101,53,48
627,District-Thoothukkudi,Rural,14,1692,913,779,659,417,242,108,63,45,23,12,11,740,343,397,35,12,23,1,1,0,0,0,0,126,65,61
627,District-Thoothukkudi,Rural,15,2894,1503,1391,1250,744,506,249,141,108,50,31,19,1180,506,674,46,25,21,12,3,9,1,0,1,106,53,53
627,District-Thoothukkudi,Rural,16,3903,2047,1856,1894,1179,715,309,170,139,61,39,22,1486,584,902,48,29,19,7,1,6,2,2,0,96,43,53
627,District-Thoothukkudi,Rural,17,5811,2979,2832,2820,1756,1064,537,305,232,61,34,27,2176,770,1406,80,46,34,22,10,12,2,2,0,113,56,57
627,District-Thoothukkudi,Rural,18,8015,4013,4002,3891,2477,1414,745,397,348,97,58,39,3005,950,2055,87,48,39,39,19,20,3,3,0,148,61,87
627,District-Thoothukkudi,Rural,19,9104,4549,4555,4474,2936,1538,863,474,389,116,70,46,3369,964,2405,120,50,70,33,10,23,3,1,2,126,44,82
627,District-Thoothukkudi,Urban,5-19,35936,18489,17447,10007,6368,3639,1013,628,385,202,138,64,11623,4654,6969,264,153,111,68,37,31,8,4,4,12751,6507,6244
627,District-Thoothukkudi,Urban,5,6838,3492,3346,7,4,3,2,1,1,0,0,0,128,66,62,20,10,10,19,9,10,0,0,0,6662,3402,3260
627,District-Thoothukkudi,Urban,6,3947,2094,1853,8,7,1,1,1,0,0,0,0,178,93,85,8,5,3,19,13,6,0,0,0,3733,1975,1758
627,District-Thoothukkudi,Urban,7,799,415,384,7,3,4,5,2,3,0,0,0,132,63,69,2,2,0,2,1,1,0,0,0,651,344,307
627,District-Thoothukkudi,Urban,8,393,178,215,4,2,2,2,1,1,0,0,0,173,84,89,1,0,1,0,0,0,0,0,0,213,91,122
627,District-Thoothukkudi,Urban,9,325,166,159,8,7,1,5,4,1,0,0,0,150,77,73,0,0,0,0,0,0,0,0,0,162,78,84
627,District-Thoothukkudi,Urban,10,449,228,221,13,6,7,4,0,4,0,0,0,167,89,78,5,3,2,2,1,1,0,0,0,258,129,129
627,District-Thoothukkudi,Urban,11,456,229,227,64,40,24,11,7,4,1,0,1,241,113,128,3,3,0,1,0,1,0,0,0,135,66,69
627,District-Thoothukkudi,Urban,12,512,270,242,99,71,28,7,5,2,1,0,1,273,121,152,5,3,2,1,1,0,0,0,0,126,69,57
627,District-Thoothukkudi,Urban,13,712,391,321,174,127,47,17,11,6,1,1,0,404,197,207,8,5,3,1,0,1,0,0,0,107,50,57
627,District-Thoothukkudi,Urban,14,1100,595,505,337,225,112,45,25,20,10,8,2,571,274,297,9,4,5,1,0,1,1,1,0,126,58,68
627,District-Thoothukkudi,Urban,15,1902,1086,816,723,496,227,73,46,27,21,13,8,933,459,474,32,19,13,3,3,0,1,0,1,116,50,66
627,District-Thoothukkudi,Urban,16,2602,1447,1155,1152,755,397,123,69,54,20,13,7,1156,533,623,27,16,11,2,1,1,2,1,1,120,59,61
627,District-Thoothukkudi,Urban,17,3787,1985,1802,1738,1094,644,173,104,69,39,25,14,1696,690,1006,29,20,9,3,2,1,1,1,0,108,49,59
627,District-Thoothukkudi,Urban,18,5592,2747,2845,2689,1602,1087,247,159,88,46,33,13,2437,878,1559,57,28,29,7,3,4,2,1,1,107,43,64
627,District-Thoothukkudi,Urban,19,6522,3166,3356,2984,1929,1055,298,193,105,63,45,18,2984,917,2067,58,35,23,7,3,4,1,0,1,127,44,83
628,District-Tirunelveli ,Total,5-19,141437,71689,69748,43541,25400,18141,6609,3883,2726,1470,859,611,42579,17428,25151,1758,857,901,435,230,205,68,32,36,44977,23000,21977
628,District-Tirunelveli ,Total,5,24410,12493,11917,19,7,12,9,5,4,1,0,1,341,171,170,111,65,46,67,31,36,4,2,2,23858,12212,11646
628,District-Tirunelveli ,Total,6,13407,6960,6447,16,8,8,8,1,7,1,1,0,546,280,266,69,43,26,70,40,30,5,4,1,12692,6583,6109
628,District-Tirunelveli ,Total,7,3167,1646,1521,41,21,20,6,3,3,2,1,1,683,332,351,24,13,11,17,10,7,1,0,1,2393,1266,1127
628,District-Tirunelveli ,Total,8,1490,746,744,34,18,16,11,4,7,0,0,0,634,305,329,18,11,7,9,2,7,1,0,1,783,406,377
628,District-Tirunelveli ,Total,9,1224,609,615,47,25,22,18,11,7,3,0,3,625,306,319,10,5,5,3,3,0,1,0,1,517,259,258
628,District-Tirunelveli ,Total,10,1800,918,882,57,35,22,16,7,9,0,0,0,701,337,364,14,11,3,9,5,4,1,0,1,1002,523,479
628,District-Tirunelveli ,Total,11,1680,844,836,205,128,77,47,23,24,5,4,1,872,403,469,32,16,16,5,2,3,3,2,1,511,266,245
628,District-Tirunelveli ,Total,12,1953,999,954,389,221,168,62,37,25,14,9,5,1045,515,530,55,25,30,8,5,3,1,1,0,379,186,193
628,District-Tirunelveli ,Total,13,2736,1429,1307,730,409,321,107,71,36,30,16,14,1427,713,714,51,23,28,13,11,2,1,0,1,377,186,191
628,District-Tirunelveli ,Total,14,4351,2257,2094,1446,827,619,219,124,95,64,39,25,2121,1024,1097,77,36,41,16,8,8,2,0,2,406,199,207
628,District-Tirunelveli ,Total,15,7993,4150,3843,3212,1807,1405,516,305,211,109,74,35,3513,1665,1848,174,81,93,32,19,13,7,2,5,430,197,233
628,District-Tirunelveli ,Total,16,10576,5596,4980,4775,2806,1969,746,440,306,170,105,65,4346,1982,2364,149,70,79,26,15,11,8,4,4,356,174,182
628,District-Tirunelveli ,Total,17,16415,8587,7828,7725,4606,3119,1222,746,476,262,159,103,6540,2738,3802,227,119,108,41,21,20,10,7,3,388,191,197
628,District-Tirunelveli ,Total,18,23313,11419,11894,11329,6539,4790,1675,973,702,389,222,167,9081,3329,5752,342,147,195,51,25,26,10,2,8,436,182,254
628,District-Tirunelveli ,Total,19,26922,13036,13886,13516,7943,5573,1947,1133,814,420,229,191,10104,3328,6776,405,192,213,68,33,35,13,8,5,449,170,279
628,District-Tirunelveli ,Rural,5-19,79849,40470,39379,27223,15298,11925,4476,2590,1886,895,511,384,22069,9326,12743,1140,529,611,254,135,119,39,16,23,23753,12065,11688
628,District-Tirunelveli ,Rural,5,13237,6701,6536,12,2,10,5,2,3,1,0,1,166,88,78,67,34,33,38,20,18,3,1,2,12945,6554,6391
628,District-Tirunelveli ,Rural,6,6759,3501,3258,12,6,6,4,0,4,0,0,0,270,129,141,49,30,19,39,20,19,4,3,1,6381,3313,3068
628,District-Tirunelveli ,Rural,7,1658,869,789,25,10,15,5,2,3,2,1,1,339,165,174,17,10,7,9,6,3,1,0,1,1260,675,585
628,District-Tirunelveli ,Rural,8,755,362,393,22,10,12,6,3,3,0,0,0,318,152,166,15,9,6,4,0,4,0,0,0,390,188,202
628,District-Tirunelveli ,Rural,9,638,316,322,30,15,15,12,6,6,1,0,1,316,160,156,3,1,2,2,2,0,0,0,0,274,132,142
628,District-Tirunelveli ,Rural,10,961,500,461,36,22,14,12,6,6,0,0,0,370,177,193,10,9,1,5,2,3,1,0,1,527,284,243
628,District-Tirunelveli ,Rural,11,920,466,454,121,76,45,36,18,18,3,3,0,460,217,243,18,11,7,3,1,2,1,0,1,278,140,138
628,District-Tirunelveli ,Rural,12,1084,553,531,243,120,123,50,30,20,6,3,3,552,285,267,31,14,17,6,4,2,0,0,0,196,97,99
628,District-Tirunelveli ,Rural,13,1568,811,757,449,244,205,77,48,29,17,7,10,779,390,389,39,18,21,8,7,1,0,0,0,199,97,102
628,District-Tirunelveli ,Rural,14,2592,1332,1260,919,498,421,147,82,65,40,26,14,1204,596,608,46,24,22,10,6,4,2,0,2,224,100,124
628,District-Tirunelveli ,Rural,15,4935,2551,2384,2127,1164,963,372,224,148,66,45,21,2003,958,1045,114,46,68,16,10,6,3,1,2,234,103,131
628,District-Tirunelveli ,Rural,16,6372,3337,3035,3085,1718,1367,504,297,207,106,67,39,2370,1112,1258,97,44,53,17,8,9,4,1,3,189,90,99
628,District-Tirunelveli ,Rural,17,9644,5045,4599,4889,2806,2083,817,480,337,160,92,68,3396,1464,1932,147,72,75,28,17,11,6,4,2,201,110,91
628,District-Tirunelveli ,Rural,18,13531,6703,6828,7083,3985,3098,1131,651,480,238,136,102,4581,1726,2855,228,94,134,34,17,17,6,1,5,230,93,137
628,District-Tirunelveli ,Rural,19,15195,7423,7772,8170,4622,3548,1298,741,557,255,131,124,4945,1707,3238,259,113,146,35,15,20,8,5,3,225,89,136
628,District-Tirunelveli ,Urban,5-19,61588,31219,30369,16318,10102,6216,2133,1293,840,575,348,227,20510,8102,12408,618,328,290,181,95,86,29,16,13,21224,10935,10289
628,District-Tirunelveli ,Urban,5,11173,5792,5381,7,5,2,4,3,1,0,0,0,175,83,92,44,31,13,29,11,18,1,1,0,10913,5658,5255
628,District-Tirunelveli ,Urban,6,6648,3459,3189,4,2,2,4,1,3,1,1,0,276,151,125,20,13,7,31,20,11,1,1,0,6311,3270,3041
628,District-Tirunelveli ,Urban,7,1509,777,732,16,11,5,1,1,0,0,0,0,344,167,177,7,3,4,8,4,4,0,0,0,1133,591,542
628,District-Tirunelveli ,Urban,8,735,384,351,12,8,4,5,1,4,0,0,0,316,153,163,3,2,1,5,2,3,1,0,1,393,218,175
628,District-Tirunelveli ,Urban,9,586,293,293,17,10,7,6,5,1,2,0,2,309,146,163,7,4,3,1,1,0,1,0,1,243,127,116
628,District-Tirunelveli ,Urban,10,839,418,421,21,13,8,4,1,3,0,0,0,331,160,171,4,2,2,4,3,1,0,0,0,475,239,236
628,District-Tirunelveli ,Urban,11,760,378,382,84,52,32,11,5,6,2,1,1,412,186,226,14,5,9,2,1,1,2,2,0,233,126,107
628,District-Tirunelveli ,Urban,12,869,446,423,146,101,45,12,7,5,8,6,2,493,230,263,24,11,13,2,1,1,1,1,0,183,89,94
628,District-Tirunelveli ,Urban,13,1168,618,550,281,165,116,30,23,7,13,9,4,648,323,325,12,5,7,5,4,1,1,0,1,178,89,89
628,District-Tirunelveli ,Urban,14,1759,925,834,527,329,198,72,42,30,24,13,11,917,428,489,31,12,19,6,2,4,0,0,0,182,99,83
628,District-Tirunelveli ,Urban,15,3058,1599,1459,1085,643,442,144,81,63,43,29,14,1510,707,803,60,35,25,16,9,7,4,1,3,196,94,102
628,District-Tirunelveli ,Urban,16,4204,2259,1945,1690,1088,602,242,143,99,64,38,26,1976,870,1106,52,26,26,9,7,2,4,3,1,167,84,83
628,District-Tirunelveli ,Urban,17,6771,3542,3229,2836,1800,1036,405,266,139,102,67,35,3144,1274,1870,80,47,33,13,4,9,4,3,1,187,81,106
628,District-Tirunelveli ,Urban,18,9782,4716,5066,4246,2554,1692,544,322,222,151,86,65,4500,1603,2897,114,53,61,17,8,9,4,1,3,206,89,117
628,District-Tirunelveli ,Urban,19,11727,5613,6114,5346,3321,2025,649,392,257,165,98,67,5159,1621,3538,146,79,67,33,18,15,5,3,2,224,81,143
629,District-Kanniyakumari,Total,5-19,53424,29309,24115,10022,7961,2061,2513,1670,843,544,377,167,18798,8178,10620,283,181,102,219,109,110,18,9,9,21027,10824,10203
629,District-Kanniyakumari,Total,5,11189,5762,5427,10,8,2,5,1,4,0,0,0,269,122,147,45,24,21,62,30,32,3,2,1,10795,5575,5220
629,District-Kanniyakumari,Total,6,6914,3631,3283,16,12,4,6,4,2,0,0,0,358,182,176,34,23,11,52,25,27,3,2,1,6445,3383,3062
629,District-Kanniyakumari,Total,7,1514,767,747,25,17,8,18,5,13,0,0,0,490,233,257,10,3,7,3,1,2,0,0,0,968,508,460
629,District-Kanniyakumari,Total,8,797,394,403,29,17,12,14,10,4,1,1,0,430,204,226,0,0,0,3,0,3,0,0,0,320,162,158
629,District-Kanniyakumari,Total,9,770,388,382,37,25,12,13,9,4,0,0,0,446,217,229,5,4,1,1,1,0,0,0,0,268,132,136
629,District-Kanniyakumari,Total,10,1105,562,543,29,18,11,7,4,3,0,0,0,503,255,248,2,0,2,10,3,7,0,0,0,554,282,272
629,District-Kanniyakumari,Total,11,931,471,460,97,71,26,23,14,9,3,1,2,517,254,263,8,6,2,6,1,5,0,0,0,277,124,153
629,District-Kanniyakumari,Total,12,999,488,511,149,118,31,48,16,32,11,6,5,588,246,342,8,6,2,5,3,2,1,1,0,189,92,97
629,District-Kanniyakumari,Total,13,1066,547,519,163,129,34,54,28,26,9,5,4,620,283,337,8,4,4,2,1,1,2,0,2,208,97,111
629,District-Kanniyakumari,Total,14,1373,739,634,283,227,56,78,47,31,16,11,5,767,344,423,12,9,3,3,2,1,0,0,0,214,99,115
629,District-Kanniyakumari,Total,15,2086,1218,868,591,480,111,139,88,51,35,25,10,1107,528,579,18,12,6,12,5,7,1,0,1,183,80,103
629,District-Kanniyakumari,Total,16,3013,1813,1200,982,790,192,234,149,85,51,40,11,1547,734,813,29,18,11,11,4,7,2,1,1,157,77,80
629,District-Kanniyakumari,Total,17,4752,2913,1839,1585,1301,284,390,280,110,87,59,28,2502,1181,1321,25,17,8,16,9,7,1,1,0,146,65,81
629,District-Kanniyakumari,Total,18,7491,4356,3135,2618,2080,538,640,431,209,144,95,49,3869,1627,2242,41,26,15,17,14,3,2,1,1,160,82,78
629,District-Kanniyakumari,Total,19,9424,5260,4164,3408,2668,740,844,584,260,187,134,53,4785,1768,3017,38,29,9,16,10,6,3,1,2,143,66,77
629,District-Kanniyakumari,Rural,5-19,11112,6231,4881,2409,1930,479,520,332,188,108,76,32,3982,1721,2261,81,53,28,32,17,15,0,0,0,3980,2102,1878
629,District-Kanniyakumari,Rural,5,2208,1154,1054,2,1,1,1,0,1,0,0,0,34,14,20,3,3,0,6,3,3,0,0,0,2162,1133,1029
629,District-Kanniyakumari,Rural,6,1289,701,588,4,2,2,1,0,1,0,0,0,54,31,23,10,7,3,5,2,3,0,0,0,1215,659,556
629,District-Kanniyakumari,Rural,7,273,139,134,8,4,4,7,3,4,0,0,0,88,38,50,4,3,1,2,1,1,0,0,0,164,90,74
629,District-Kanniyakumari,Rural,8,135,68,67,2,1,1,3,2,1,0,0,0,89,45,44,0,0,0,0,0,0,0,0,0,41,20,21
629,District-Kanniyakumari,Rural,9,150,81,69,7,5,2,1,1,0,0,0,0,99,56,43,1,1,0,0,0,0,0,0,0,42,18,24
629,District-Kanniyakumari,Rural,10,224,112,112,6,3,3,3,1,2,0,0,0,118,59,59,0,0,0,1,0,1,0,0,0,96,49,47
629,District-Kanniyakumari,Rural,11,161,83,78,18,15,3,5,4,1,0,0,0,87,42,45,4,2,2,1,0,1,0,0,0,46,20,26
629,District-Kanniyakumari,Rural,12,204,110,94,35,31,4,8,2,6,0,0,0,133,55,78,2,2,0,1,1,0,0,0,0,25,19,6
629,District-Kanniyakumari,Rural,13,208,117,91,33,25,8,10,5,5,2,1,1,137,72,65,0,0,0,0,0,0,0,0,0,26,14,12
629,District-Kanniyakumari,Rural,14,297,175,122,79,63,16,20,15,5,3,2,1,153,73,80,8,5,3,1,1,0,0,0,0,33,16,17
629,District-Kanniyakumari,Rural,15,494,298,196,148,116,32,33,19,14,4,3,1,271,140,131,7,5,2,3,1,2,0,0,0,28,14,14
629,District-Kanniyakumari,Rural,16,708,437,271,254,214,40,51,29,22,12,9,3,350,164,186,11,7,4,3,2,1,0,0,0,27,12,15
629,District-Kanniyakumari,Rural,17,1075,675,400,394,335,59,88,56,32,20,12,8,542,256,286,8,6,2,1,0,1,0,0,0,22,10,12
629,District-Kanniyakumari,Rural,18,1706,974,732,643,493,150,136,94,42,33,24,9,845,338,507,14,6,8,4,3,1,0,0,0,31,16,15
629,District-Kanniyakumari,Rural,19,1980,1107,873,776,622,154,153,101,52,34,25,9,982,338,644,9,6,3,4,3,1,0,0,0,22,12,10
629,District-Kanniyakumari,Urban,5-19,42312,23078,19234,7613,6031,1582,1993,1338,655,436,301,135,14816,6457,8359,202,128,74,187,92,95,18,9,9,17047,8722,8325
629,District-Kanniyakumari,Urban,5,8981,4608,4373,8,7,1,4,1,3,0,0,0,235,108,127,42,21,21,56,27,29,3,2,1,8633,4442,4191
629,District-Kanniyakumari,Urban,6,5625,2930,2695,12,10,2,5,4,1,0,0,0,304,151,153,24,16,8,47,23,24,3,2,1,5230,2724,2506
629,District-Kanniyakumari,Urban,7,1241,628,613,17,13,4,11,2,9,0,0,0,402,195,207,6,0,6,1,0,1,0,0,0,804,418,386
629,District-Kanniyakumari,Urban,8,662,326,336,27,16,11,11,8,3,1,1,0,341,159,182,0,0,0,3,0,3,0,0,0,279,142,137
629,District-Kanniyakumari,Urban,9,620,307,313,30,20,10,12,8,4,0,0,0,347,161,186,4,3,1,1,1,0,0,0,0,226,114,112
629,District-Kanniyakumari,Urban,10,881,450,431,23,15,8,4,3,1,0,0,0,385,196,189,2,0,2,9,3,6,0,0,0,458,233,225
629,District-Kanniyakumari,Urban,11,770,388,382,79,56,23,18,10,8,3,1,2,430,212,218,4,4,0,5,1,4,0,0,0,231,104,127
629,District-Kanniyakumari,Urban,12,795,378,417,114,87,27,40,14,26,11,6,5,455,191,264,6,4,2,4,2,2,1,1,0,164,73,91
629,District-Kanniyakumari,Urban,13,858,430,428,130,104,26,44,23,21,7,4,3,483,211,272,8,4,4,2,1,1,2,0,2,182,83,99
629,District-Kanniyakumari,Urban,14,1076,564,512,204,164,40,58,32,26,13,9,4,614,271,343,4,4,0,2,1,1,0,0,0,181,83,98
629,District-Kanniyakumari,Urban,15,1592,920,672,443,364,79,106,69,37,31,22,9,836,388,448,11,7,4,9,4,5,1,0,1,155,66,89
629,District-Kanniyakumari,Urban,16,2305,1376,929,728,576,152,183,120,63,39,31,8,1197,570,627,18,11,7,8,2,6,2,1,1,130,65,65
629,District-Kanniyakumari,Urban,17,3677,2238,1439,1191,966,225,302,224,78,67,47,20,1960,925,1035,17,11,6,15,9,6,1,1,0,124,55,69
629,District-Kanniyakumari,Urban,18,5785,3382,2403,1975,1587,388,504,337,167,111,71,40,3024,1289,1735,27,20,7,13,11,2,2,1,1,129,66,63
629,District-Kanniyakumari,Urban,19,7444,4153,3291,2632,2046,586,691,483,208,153,109,44,3803,1430,2373,29,23,6,12,7,5,3,1,2,121,54,67
630,District-Dharmapuri,Total,5-19,77586,41859,35727,22784,16023,6761,3717,2296,1421,908,548,360,20391,7662,12729,2767,1451,1316,491,237,254,61,25,36,26467,13617,12850
630,District-Dharmapuri,Total,5,14149,7420,6729,10,9,1,3,2,1,0,0,0,180,90,90,174,89,85,37,23,14,5,4,1,13740,7203,6537
630,District-Dharmapuri,Total,6,7308,3815,3493,15,8,7,3,1,2,1,0,1,248,126,122,99,52,47,15,10,5,1,1,0,6926,3617,3309
630,District-Dharmapuri,Total,7,1862,985,877,18,9,9,6,5,1,1,1,0,265,133,132,33,21,12,8,5,3,1,1,0,1530,810,720
630,District-Dharmapuri,Total,8,723,373,350,23,15,8,4,0,4,0,0,0,216,113,103,26,10,16,2,0,2,1,0,1,451,235,216
630,District-Dharmapuri,Total,9,756,399,357,35,21,14,4,3,1,0,0,0,244,127,117,22,12,10,5,2,3,0,0,0,446,234,212
630,District-Dharmapuri,Total,10,1132,600,532,44,24,20,6,4,2,0,0,0,299,168,131,30,17,13,6,2,4,1,1,0,746,384,362
630,District-Dharmapuri,Total,11,874,492,382,140,92,48,13,7,6,5,4,1,336,175,161,39,21,18,2,2,0,2,1,1,337,190,147
630,District-Dharmapuri,Total,12,1093,586,507,244,160,84,46,33,13,7,6,1,486,243,243,70,29,41,13,6,7,0,0,0,227,109,118
630,District-Dharmapuri,Total,13,1368,782,586,351,236,115,50,32,18,22,15,7,620,333,287,76,38,38,15,6,9,2,1,1,232,121,111
630,District-Dharmapuri,Total,14,2086,1268,818,695,518,177,107,67,40,32,18,14,872,478,394,131,68,63,19,9,10,3,1,2,227,109,118
630,District-Dharmapuri,Total,15,3770,2390,1380,1424,1104,320,248,172,76,75,50,25,1443,751,692,249,141,108,46,22,24,8,3,5,277,147,130
630,District-Dharmapuri,Total,16,5072,3104,1968,2214,1631,583,368,245,123,115,73,42,1923,913,1010,203,128,75,34,18,16,5,3,2,210,93,117
630,District-Dharmapuri,Total,17,8345,4945,3400,3850,2886,964,682,459,223,136,88,48,3042,1184,1858,319,183,136,42,20,22,5,2,3,269,123,146
630,District-Dharmapuri,Total,18,13617,7170,6447,6470,4480,1990,1020,601,419,247,149,98,4785,1459,3326,582,310,272,99,40,59,14,3,11,400,128,272
630,District-Dharmapuri,Total,19,15431,7530,7901,7251,4830,2421,1157,665,492,267,144,123,5432,1369,4063,714,332,382,148,72,76,13,4,9,449,114,335
630,District-Dharmapuri,Rural,5-19,66337,35988,30349,20385,14223,6162,3387,2094,1293,803,487,316,16717,6310,10407,2448,1255,1193,447,218,229,54,22,32,22096,11379,10717
630,District-Dharmapuri,Rural,5,12027,6338,5689,8,7,1,2,1,1,0,0,0,145,70,75,147,75,72,35,23,12,4,4,0,11686,6158,5528
630,District-Dharmapuri,Rural,6,5982,3109,2873,10,6,4,3,1,2,0,0,0,190,99,91,82,42,40,14,9,5,1,1,0,5682,2951,2731
630,District-Dharmapuri,Rural,7,1508,805,703,14,6,8,6,5,1,0,0,0,211,103,108,24,17,7,7,4,3,1,1,0,1245,669,576
630,District-Dharmapuri,Rural,8,577,294,283,16,10,6,4,0,4,0,0,0,172,91,81,22,9,13,1,0,1,1,0,1,361,184,177
630,District-Dharmapuri,Rural,9,611,317,294,27,15,12,4,3,1,0,0,0,197,101,96,21,11,10,4,1,3,0,0,0,358,186,172
630,District-Dharmapuri,Rural,10,929,479,450,35,17,18,5,3,2,0,0,0,246,133,113,26,14,12,5,2,3,0,0,0,612,310,302
630,District-Dharmapuri,Rural,11,693,386,307,115,73,42,10,4,6,3,3,0,265,140,125,31,17,14,2,2,0,1,0,1,266,147,119
630,District-Dharmapuri,Rural,12,914,484,430,204,132,72,43,31,12,7,6,1,396,198,198,60,23,37,13,6,7,0,0,0,191,88,103
630,District-Dharmapuri,Rural,13,1147,684,463,308,210,98,45,31,14,18,13,5,515,294,221,65,30,35,13,5,8,2,1,1,181,100,81
630,District-Dharmapuri,Rural,14,1771,1079,692,614,455,159,94,59,35,29,17,12,710,394,316,121,60,61,18,8,10,3,1,2,182,85,97
630,District-Dharmapuri,Rural,15,3257,2076,1181,1265,978,287,230,159,71,65,44,21,1193,619,574,229,129,100,35,17,18,7,3,4,233,127,106
630,District-Dharmapuri,Rural,16,4424,2740,1684,2020,1480,540,321,215,106,109,70,39,1600,772,828,177,111,66,31,18,13,4,3,1,162,71,91
630,District-Dharmapuri,Rural,17,7225,4298,2927,3411,2550,861,621,421,200,118,77,41,2535,971,1564,283,158,125,38,20,18,4,2,2,215,99,116
630,District-Dharmapuri,Rural,18,11900,6299,5601,5840,4002,1838,945,556,389,212,125,87,3938,1206,2732,524,267,257,89,35,54,13,2,11,339,106,233
630,District-Dharmapuri,Rural,19,13372,6600,6772,6498,4282,2216,1054,605,449,242,132,110,4404,1119,3285,636,292,344,142,68,74,13,4,9,383,98,285
630,District-Dharmapuri,Urban,5-19,11249,5871,5378,2399,1800,599,330,202,128,105,61,44,3674,1352,2322,319,196,123,44,19,25,7,3,4,4371,2238,2133
630,District-Dharmapuri,Urban,5,2122,1082,1040,2,2,0,1,1,0,0,0,0,35,20,15,27,14,13,2,0,2,1,0,1,2054,1045,1009
630,District-Dharmapuri,Urban,6,1326,706,620,5,2,3,0,0,0,1,0,1,58,27,31,17,10,7,1,1,0,0,0,0,1244,666,578
630,District-Dharmapuri,Urban,7,354,180,174,4,3,1,0,0,0,1,1,0,54,30,24,9,4,5,1,1,0,0,0,0,285,141,144
630,District-Dharmapuri,Urban,8,146,79,67,7,5,2,0,0,0,0,0,0,44,22,22,4,1,3,1,0,1,0,0,0,90,51,39
630,District-Dharmapuri,Urban,9,145,82,63,8,6,2,0,0,0,0,0,0,47,26,21,1,1,0,1,1,0,0,0,0,88,48,40
630,District-Dharmapuri,Urban,10,203,121,82,9,7,2,1,1,0,0,0,0,53,35,18,4,3,1,1,0,1,1,1,0,134,74,60
630,District-Dharmapuri,Urban,11,181,106,75,25,19,6,3,3,0,2,1,1,71,35,36,8,4,4,0,0,0,1,1,0,71,43,28
630,District-Dharmapuri,Urban,12,179,102,77,40,28,12,3,2,1,0,0,0,90,45,45,10,6,4,0,0,0,0,0,0,36,21,15
630,District-Dharmapuri,Urban,13,221,98,123,43,26,17,5,1,4,4,2,2,105,39,66,11,8,3,2,1,1,0,0,0,51,21,30
630,District-Dharmapuri,Urban,14,315,189,126,81,63,18,13,8,5,3,1,2,162,84,78,10,8,2,1,1,0,0,0,0,45,24,21
630,District-Dharmapuri,Urban,15,513,314,199,159,126,33,18,13,5,10,6,4,250,132,118,20,12,8,11,5,6,1,0,1,44,20,24
630,District-Dharmapuri,Urban,16,648,364,284,194,151,43,47,30,17,6,3,3,323,141,182,26,17,9,3,0,3,1,0,1,48,22,26
630,District-Dharmapuri,Urban,17,1120,647,473,439,336,103,61,38,23,18,11,7,507,213,294,36,25,11,4,0,4,1,0,1,54,24,30
630,District-Dharmapuri,Urban,18,1717,871,846,630,478,152,75,45,30,35,24,11,847,253,594,58,43,15,10,5,5,1,1,0,61,22,39
630,District-Dharmapuri,Urban,19,2059,930,1129,753,548,205,103,60,43,25,12,13,1028,250,778,78,40,38,6,4,2,0,0,0,66,16,50
631,District-Krishnagiri,Total,5-19,121940,63158,58782,34326,23524,10802,6554,3891,2663,1343,784,559,34402,11832,22570,5112,2847,2265,1227,579,648,248,130,118,38728,19571,19157
631,District-Krishnagiri,Total,5,19212,10121,9091,16,13,3,6,3,3,0,0,0,257,137,120,231,138,93,80,39,41,16,10,6,18606,9781,8825
631,District-Krishnagiri,Total,6,10236,5378,4858,21,13,8,7,2,5,2,1,1,398,189,209,148,91,57,42,22,20,2,1,1,9616,5059,4557
631,District-Krishnagiri,Total,7,2910,1497,1413,34,19,15,11,9,2,2,1,1,479,214,265,60,34,26,19,13,6,7,1,6,2298,1206,1092
631,District-Krishnagiri,Total,8,1360,741,619,57,30,27,17,12,5,7,4,3,444,247,197,42,26,16,17,7,10,14,11,3,762,404,358
631,District-Krishnagiri,Total,9,1483,800,683,63,36,27,16,6,10,4,3,1,499,281,218,49,33,16,27,14,13,9,7,2,816,420,396
631,District-Krishnagiri,Total,10,2171,1080,1091,100,60,40,23,10,13,14,6,8,563,266,297,85,45,40,13,4,9,7,6,1,1366,683,683
631,District-Krishnagiri,Total,11,1979,975,1004,235,157,78,51,32,19,10,4,6,767,335,432,120,57,63,24,9,15,2,1,1,770,380,390
631,District-Krishnagiri,Total,12,2437,1238,1199,511,328,183,95,57,38,28,12,16,1061,491,570,168,83,85,35,15,20,17,9,8,522,243,279
631,District-Krishnagiri,Total,13,2789,1402,1387,642,432,210,141,78,63,36,22,14,1247,552,695,198,88,110,45,20,25,12,3,9,468,207,261
631,District-Krishnagiri,Total,14,4168,2200,1968,1252,832,420,255,160,95,55,31,24,1771,804,967,279,154,125,67,32,35,19,10,9,470,177,293
631,District-Krishnagiri,Total,15,7328,4076,3252,2668,1873,795,533,341,192,115,75,40,2781,1165,1616,498,291,207,131,70,61,28,12,16,574,249,325
631,District-Krishnagiri,Total,16,9168,4941,4227,3684,2545,1139,728,429,299,174,108,66,3506,1342,2164,446,268,178,116,63,53,18,13,5,496,173,323
631,District-Krishnagiri,Total,17,13018,7097,5921,5609,3922,1687,1096,691,405,202,115,87,4858,1709,3149,623,383,240,147,64,83,17,10,7,466,203,263
631,District-Krishnagiri,Total,18,21593,11020,10573,9657,6648,3009,1735,1008,727,343,197,146,7761,2223,5538,1095,623,472,215,93,122,48,21,27,739,207,532
631,District-Krishnagiri,Total,19,22088,10592,11496,9777,6616,3161,1840,1053,787,351,205,146,8010,1877,6133,1070,533,537,249,114,135,32,15,17,759,179,580
631,District-Krishnagiri,Rural,5-19,99312,51570,47742,29530,19844,9686,5917,3475,2442,1194,683,511,26962,9386,17576,4655,2516,2139,1130,518,612,228,119,109,29696,15029,14667
631,District-Krishnagiri,Rural,5,14771,7823,6948,9,7,2,5,2,3,0,0,0,184,92,92,197,114,83,62,31,31,15,9,6,14299,7568,6731
631,District-Krishnagiri,Rural,6,7538,3976,3562,19,12,7,4,1,3,2,1,1,293,141,152,127,76,51,28,14,14,2,1,1,7063,3730,3333
631,District-Krishnagiri,Rural,7,2235,1165,1070,30,18,12,10,8,2,2,1,1,362,163,199,48,26,22,14,9,5,7,1,6,1762,939,823
631,District-Krishnagiri,Rural,8,1074,583,491,45,23,22,16,11,5,7,4,3,335,182,153,39,24,15,15,6,9,14,11,3,603,322,281
631,District-Krishnagiri,Rural,9,1154,619,535,52,26,26,14,6,8,4,3,1,380,221,159,47,31,16,23,12,11,9,7,2,625,313,312
631,District-Krishnagiri,Rural,10,1739,855,884,86,52,34,18,8,10,14,6,8,444,207,237,75,38,37,10,2,8,7,6,1,1085,536,549
631,District-Krishnagiri,Rural,11,1573,769,804,195,123,72,45,28,17,10,4,6,580,255,325,110,51,59,21,8,13,2,1,1,610,299,311
631,District-Krishnagiri,Rural,12,2040,1032,1008,431,267,164,85,51,34,28,12,16,857,401,456,159,76,83,33,15,18,16,8,8,431,202,229
631,District-Krishnagiri,Rural,13,2320,1134,1186,528,348,180,128,70,58,31,17,14,1019,446,573,179,75,104,44,20,24,12,3,9,379,155,224
631,District-Krishnagiri,Rural,14,3536,1878,1658,1104,735,369,237,151,86,49,29,20,1414,633,781,263,146,117,64,29,35,17,8,9,388,147,241
631,District-Krishnagiri,Rural,15,6278,3468,2810,2329,1607,722,496,317,179,103,63,40,2266,946,1320,466,265,201,122,65,57,23,10,13,473,195,278
631,District-Krishnagiri,Rural,16,7688,4145,3543,3163,2157,1006,668,391,277,155,98,57,2771,1055,1716,403,234,169,112,59,53,15,11,4,401,140,261
631,District-Krishnagiri,Rural,17,10944,5990,4954,4842,3321,1521,989,615,374,179,101,78,3841,1379,2462,565,338,227,139,58,81,14,9,5,375,169,206
631,District-Krishnagiri,Rural,18,18094,9319,8775,8337,5649,2688,1572,900,672,302,166,136,6035,1778,4257,998,550,448,208,87,121,46,20,26,596,169,427
631,District-Krishnagiri,Rural,19,18328,8814,9514,8360,5499,2861,1630,916,714,308,178,130,6181,1487,4694,979,472,507,235,103,132,29,14,15,606,145,461
631,District-Krishnagiri,Urban,5-19,22628,11588,11040,4796,3680,1116,637,416,221,149,101,48,7440,2446,4994,457,331,126,97,61,36,20,11,9,9032,4542,4490
631,District-Krishnagiri,Urban,5,4441,2298,2143,7,6,1,1,1,0,0,0,0,73,45,28,34,24,10,18,8,10,1,1,0,4307,2213,2094
631,District-Krishnagiri,Urban,6,2698,1402,1296,2,1,1,3,1,2,0,0,0,105,48,57,21,15,6,14,8,6,0,0,0,2553,1329,1224
631,District-Krishnagiri,Urban,7,675,332,343,4,1,3,1,1,0,0,0,0,117,51,66,12,8,4,5,4,1,0,0,0,536,267,269
631,District-Krishnagiri,Urban,8,286,158,128,12,7,5,1,1,0,0,0,0,109,65,44,3,2,1,2,1,1,0,0,0,159,82,77
631,District-Krishnagiri,Urban,9,329,181,148,11,10,1,2,0,2,0,0,0,119,60,59,2,2,0,4,2,2,0,0,0,191,107,84
631,District-Krishnagiri,Urban,10,432,225,207,14,8,6,5,2,3,0,0,0,119,59,60,10,7,3,3,2,1,0,0,0,281,147,134
631,District-Krishnagiri,Urban,11,406,206,200,40,34,6,6,4,2,0,0,0,187,80,107,10,6,4,3,1,2,0,0,0,160,81,79
631,District-Krishnagiri,Urban,12,397,206,191,80,61,19,10,6,4,0,0,0,204,90,114,9,7,2,2,0,2,1,1,0,91,41,50
631,District-Krishnagiri,Urban,13,469,268,201,114,84,30,13,8,5,5,5,0,228,106,122,19,13,6,1,0,1,0,0,0,89,52,37
631,District-Krishnagiri,Urban,14,632,322,310,148,97,51,18,9,9,6,2,4,357,171,186,16,8,8,3,3,0,2,2,0,82,30,52
631,District-Krishnagiri,Urban,15,1050,608,442,339,266,73,37,24,13,12,12,0,515,219,296,32,26,6,9,5,4,5,2,3,101,54,47
631,District-Krishnagiri,Urban,16,1480,796,684,521,388,133,60,38,22,19,10,9,735,287,448,43,34,9,4,4,0,3,2,1,95,33,62
631,District-Krishnagiri,Urban,17,2074,1107,967,767,601,166,107,76,31,23,14,9,1017,330,687,58,45,13,8,6,2,3,1,2,91,34,57
631,District-Krishnagiri,Urban,18,3499,1701,1798,1320,999,321,163,108,55,41,31,10,1726,445,1281,97,73,24,7,6,1,2,1,1,143,38,105
631,District-Krishnagiri,Urban,19,3760,1778,1982,1417,1117,300,210,137,73,43,27,16,1829,390,1439,91,61,30,14,11,3,3,1,2,153,34,119
632,District-Coimbatore,Total,5-19,126521,64580,61941,36508,24705,11803,4475,2608,1867,931,561,370,40591,14422,26169,1931,1114,817,571,272,299,72,42,30,41442,20856,20586
632,District-Coimbatore,Total,5,21971,11245,10726,32,25,7,15,9,6,0,0,0,682,342,340,148,87,61,143,66,77,3,2,1,20948,10714,10234
632,District-Coimbatore,Total,6,13049,6710,6339,29,25,4,16,8,8,0,0,0,924,479,445,83,46,37,88,38,50,3,1,2,11906,6113,5793
632,District-Coimbatore,Total,7,3153,1556,1597,58,36,22,27,19,8,1,1,0,808,390,418,26,13,13,21,15,6,0,0,0,2212,1082,1130
632,District-Coimbatore,Total,8,1713,869,844,59,38,21,26,14,12,0,0,0,762,358,404,20,12,8,11,5,6,0,0,0,835,442,393
632,District-Coimbatore,Total,9,1543,791,752,69,45,24,20,13,7,1,1,0,803,411,392,14,8,6,10,6,4,0,0,0,626,307,319
632,District-Coimbatore,Total,10,1992,1030,962,90,60,30,35,18,17,0,0,0,917,473,444,28,13,15,8,7,1,1,0,1,913,459,454
632,District-Coimbatore,Total,11,2008,1015,993,247,180,67,64,31,33,4,1,3,1065,466,599,39,20,19,12,6,6,2,0,2,575,311,264
632,District-Coimbatore,Total,12,2240,1118,1122,459,311,148,92,48,44,7,1,6,1226,529,697,44,26,18,11,3,8,2,0,2,399,200,199
632,District-Coimbatore,Total,13,2662,1424,1238,587,387,200,112,63,49,25,19,6,1486,722,764,60,31,29,17,9,8,4,2,2,371,191,180
632,District-Coimbatore,Total,14,3927,2170,1757,1124,747,377,181,119,62,46,27,19,2080,1003,1077,94,59,35,18,10,8,3,3,0,381,202,179
632,District-Coimbatore,Total,15,6668,3671,2997,2534,1672,862,399,240,159,95,59,36,2984,1387,1597,169,92,77,32,17,15,13,10,3,442,194,248
632,District-Coimbatore,Total,16,8972,4919,4053,3974,2627,1347,547,322,225,141,91,50,3707,1613,2094,166,96,70,31,15,16,6,3,3,400,152,248
632,District-Coimbatore,Total,17,13142,6841,6301,6227,4119,2108,710,420,290,165,108,57,5368,1863,3505,215,133,82,45,28,17,7,4,3,405,166,239
632,District-Coimbatore,Total,18,19442,9742,9700,9409,6389,3020,1004,583,421,202,122,80,7908,2236,5672,381,224,157,59,24,35,17,8,9,462,156,306
632,District-Coimbatore,Total,19,24039,11479,12560,11610,8044,3566,1227,701,526,244,131,113,9871,2150,7721,444,254,190,65,23,42,11,9,2,567,167,400
632,District-Coimbatore,Rural,5-19,36812,19030,17782,13525,8563,4962,1764,1026,738,344,203,141,10399,3778,6621,749,411,338,182,78,104,23,11,12,9826,4960,4866
632,District-Coimbatore,Rural,5,5306,2736,2570,5,3,2,0,0,0,0,0,0,122,61,61,40,23,17,29,12,17,0,0,0,5110,2637,2473
632,District-Coimbatore,Rural,6,2767,1422,1345,10,7,3,8,4,4,0,0,0,192,102,90,26,17,9,18,7,11,0,0,0,2513,1285,1228
632,District-Coimbatore,Rural,7,686,344,342,15,9,6,7,6,1,0,0,0,156,88,68,6,3,3,7,4,3,0,0,0,495,234,261
632,District-Coimbatore,Rural,8,424,219,205,21,15,6,9,4,5,0,0,0,187,92,95,4,1,3,2,0,2,0,0,0,201,107,94
632,District-Coimbatore,Rural,9,413,219,194,19,15,4,5,3,2,1,1,0,215,110,105,3,1,2,3,2,1,0,0,0,167,87,80
632,District-Coimbatore,Rural,10,517,256,261,26,10,16,11,8,3,0,0,0,224,113,111,6,2,4,3,3,0,1,0,1,246,120,126
632,District-Coimbatore,Rural,11,515,245,270,69,43,26,18,7,11,2,0,2,246,98,148,18,7,11,6,4,2,2,0,2,154,86,68
632,District-Coimbatore,Rural,12,643,329,314,144,84,60,27,13,14,1,0,1,335,155,180,8,5,3,4,0,4,0,0,0,124,72,52
632,District-Coimbatore,Rural,13,834,441,393,197,126,71,39,21,18,13,10,3,440,220,220,29,13,16,3,1,2,2,1,1,111,49,62
632,District-Coimbatore,Rural,14,1362,750,612,445,280,165,84,53,31,19,7,12,644,314,330,40,23,17,11,5,6,0,0,0,119,68,51
632,District-Coimbatore,Rural,15,2490,1393,1097,1099,683,416,178,111,67,37,25,12,952,467,485,85,45,40,11,5,6,5,2,3,123,55,68
632,District-Coimbatore,Rural,16,3178,1724,1454,1643,992,651,248,155,93,52,31,21,1039,458,581,70,37,33,10,5,5,4,3,1,112,43,69
632,District-Coimbatore,Rural,17,4421,2318,2103,2433,1492,941,309,179,130,55,35,20,1409,509,900,84,49,35,21,10,11,1,0,1,109,44,65
632,District-Coimbatore,Rural,18,6095,3138,2957,3423,2211,1212,382,214,168,78,51,27,1929,535,1394,147,80,67,29,10,19,4,2,2,103,35,68
632,District-Coimbatore,Rural,19,7161,3496,3665,3976,2593,1383,439,248,191,86,43,43,2309,456,1853,183,105,78,25,10,15,4,3,1,139,38,101
632,District-Coimbatore,Urban,5-19,89709,45550,44159,22983,16142,6841,2711,1582,1129,587,358,229,30192,10644,19548,1182,703,479,389,194,195,49,31,18,31616,15896,15720
632,District-Coimbatore,Urban,5,16665,8509,8156,27,22,5,15,9,6,0,0,0,560,281,279,108,64,44,114,54,60,3,2,1,15838,8077,7761
632,District-Coimbatore,Urban,6,10282,5288,4994,19,18,1,8,4,4,0,0,0,732,377,355,57,29,28,70,31,39,3,1,2,9393,4828,4565
632,District-Coimbatore,Urban,7,2467,1212,1255,43,27,16,20,13,7,1,1,0,652,302,350,20,10,10,14,11,3,0,0,0,1717,848,869
632,District-Coimbatore,Urban,8,1289,650,639,38,23,15,17,10,7,0,0,0,575,266,309,16,11,5,9,5,4,0,0,0,634,335,299
632,District-Coimbatore,Urban,9,1130,572,558,50,30,20,15,10,5,0,0,0,588,301,287,11,7,4,7,4,3,0,0,0,459,220,239
632,District-Coimbatore,Urban,10,1475,774,701,64,50,14,24,10,14,0,0,0,693,360,333,22,11,11,5,4,1,0,0,0,667,339,328
632,District-Coimbatore,Urban,11,1493,770,723,178,137,41,46,24,22,2,1,1,819,368,451,21,13,8,6,2,4,0,0,0,421,225,196
632,District-Coimbatore,Urban,12,1597,789,808,315,227,88,65,35,30,6,1,5,891,374,517,36,21,15,7,3,4,2,0,2,275,128,147
632,District-Coimbatore,Urban,13,1828,983,845,390,261,129,73,42,31,12,9,3,1046,502,544,31,18,13,14,8,6,2,1,1,260,142,118
632,District-Coimbatore,Urban,14,2565,1420,1145,679,467,212,97,66,31,27,20,7,1436,689,747,54,36,18,7,5,2,3,3,0,262,134,128
632,District-Coimbatore,Urban,15,4178,2278,1900,1435,989,446,221,129,92,58,34,24,2032,920,1112,84,47,37,21,12,9,8,8,0,319,139,180
632,District-Coimbatore,Urban,16,5794,3195,2599,2331,1635,696,299,167,132,89,60,29,2668,1155,1513,96,59,37,21,10,11,2,0,2,288,109,179
632,District-Coimbatore,Urban,17,8721,4523,4198,3794,2627,1167,401,241,160,110,73,37,3959,1354,2605,131,84,47,24,18,6,6,4,2,296,122,174
632,District-Coimbatore,Urban,18,13347,6604,6743,5986,4178,1808,622,369,253,124,71,53,5979,1701,4278,234,144,90,30,14,16,13,6,7,359,121,238
632,District-Coimbatore,Urban,19,16878,7983,8895,7634,5451,2183,788,453,335,158,88,70,7562,1694,5868,261,149,112,40,13,27,7,6,1,428,129,299
633,District-Tiruppur,Total,5-19,121301,60058,61243,49820,28600,21220,4035,2177,1858,759,410,349,29089,9841,19248,2281,1222,1059,469,246,223,56,21,35,34792,17541,17251
633,District-Tiruppur,Total,5,18296,9329,8967,30,16,14,7,3,4,0,0,0,390,193,197,122,59,63,78,44,34,2,2,0,17667,9012,8655
633,District-Tiruppur,Total,6,10129,5270,4859,21,18,3,6,5,1,0,0,0,535,270,265,68,34,34,49,24,25,3,2,1,9447,4917,4530
633,District-Tiruppur,Total,7,2799,1420,1379,45,30,15,25,13,12,2,0,2,652,324,328,24,11,13,15,7,8,0,0,0,2036,1035,1001
633,District-Tiruppur,Total,8,1437,753,684,60,32,28,16,6,10,2,1,1,597,313,284,12,6,6,10,6,4,0,0,0,740,389,351
633,District-Tiruppur,Total,9,1371,682,689,59,28,31,20,9,11,2,1,1,712,365,347,23,9,14,13,8,5,1,0,1,541,262,279
633,District-Tiruppur,Total,10,1765,898,867,85,58,27,21,13,8,1,1,0,785,394,391,21,12,9,13,5,8,1,1,0,838,414,424
633,District-Tiruppur,Total,11,1835,887,948,318,202,116,41,19,22,9,5,4,942,423,519,33,13,20,7,3,4,0,0,0,485,222,263
633,District-Tiruppur,Total,12,2218,1147,1071,566,360,206,55,30,25,9,6,3,1105,516,589,50,24,26,14,8,6,2,0,2,417,203,214
633,District-Tiruppur,Total,13,2769,1450,1319,937,549,388,112,54,58,23,12,11,1250,613,637,57,25,32,12,6,6,1,0,1,377,191,186
633,District-Tiruppur,Total,14,4198,2178,2020,1784,1013,771,195,96,99,48,25,23,1647,787,860,103,55,48,20,11,9,3,0,3,398,191,207
633,District-Tiruppur,Total,15,7003,3707,3296,3690,2118,1572,342,187,155,78,43,35,2209,1016,1193,230,132,98,40,24,16,6,2,4,408,185,223
633,District-Tiruppur,Total,16,9449,4996,4453,5593,3289,2304,509,289,220,108,67,41,2604,1049,1555,229,119,110,29,14,15,6,2,4,371,167,204
633,District-Tiruppur,Total,17,13604,6988,6616,8588,5001,3587,668,363,305,119,65,54,3541,1206,2335,334,201,133,43,22,21,7,5,2,304,125,179
633,District-Tiruppur,Total,18,20283,9491,10792,12902,7256,5646,928,491,437,179,101,78,5376,1248,4128,464,256,208,49,22,27,7,2,5,378,115,263
633,District-Tiruppur,Total,19,24145,10862,13283,15142,8630,6512,1090,599,491,179,83,96,6744,1124,5620,511,266,245,77,42,35,17,5,12,385,113,272
633,District-Tiruppur,Rural,5-19,44467,22542,21925,18511,10764,7747,1903,1040,863,284,166,118,10430,3800,6630,1038,563,475,246,138,108,27,8,19,12028,6063,5965
633,District-Tiruppur,Rural,5,6434,3299,3135,14,9,5,5,2,3,0,0,0,127,65,62,45,20,25,41,25,16,2,2,0,6200,3176,3024
633,District-Tiruppur,Rural,6,3265,1691,1574,7,6,1,3,2,1,0,0,0,178,93,85,33,20,13,18,10,8,2,1,1,3024,1559,1465
633,District-Tiruppur,Rural,7,888,471,417,20,14,6,15,8,7,1,0,1,201,105,96,12,6,6,9,5,4,0,0,0,630,333,297
633,District-Tiruppur,Rural,8,480,246,234,28,7,21,8,4,4,0,0,0,175,95,80,5,3,2,2,1,1,0,0,0,262,136,126
633,District-Tiruppur,Rural,9,497,261,236,27,14,13,11,5,6,1,1,0,253,142,111,15,6,9,6,4,2,1,0,1,183,89,94
633,District-Tiruppur,Rural,10,604,293,311,27,23,4,9,6,3,0,0,0,254,112,142,8,5,3,9,4,5,1,1,0,296,142,154
633,District-Tiruppur,Rural,11,706,341,365,120,71,49,15,7,8,3,3,0,342,156,186,23,9,14,4,1,3,0,0,0,199,94,105
633,District-Tiruppur,Rural,12,876,476,400,221,144,77,27,12,15,4,3,1,402,209,193,29,15,14,8,4,4,0,0,0,185,89,96
633,District-Tiruppur,Rural,13,1089,599,490,373,230,143,49,21,28,9,6,3,465,245,220,26,10,16,6,5,1,0,0,0,161,82,79
633,District-Tiruppur,Rural,14,1687,931,756,700,415,285,86,45,41,22,13,9,657,343,314,48,27,21,11,7,4,0,0,0,163,81,82
633,District-Tiruppur,Rural,15,2898,1585,1313,1492,873,619,158,99,59,33,25,8,911,433,478,113,64,49,22,14,8,3,0,3,166,77,89
633,District-Tiruppur,Rural,16,3766,2046,1720,2150,1282,868,249,157,92,49,33,16,1046,439,607,105,61,44,17,12,5,2,0,2,148,62,86
633,District-Tiruppur,Rural,17,5177,2740,2437,3226,1905,1321,309,171,138,31,16,15,1310,485,825,157,95,62,25,12,13,5,3,2,114,53,61
633,District-Tiruppur,Rural,18,7446,3560,3886,4704,2652,2052,454,233,221,58,32,26,1852,468,1384,208,120,88,23,10,13,4,1,3,143,44,99
633,District-Tiruppur,Rural,19,8654,4003,4651,5402,3119,2283,505,268,237,73,34,39,2257,410,1847,211,102,109,45,24,21,7,0,7,154,46,108
633,District-Tiruppur,Urban,5-19,76834,37516,39318,31309,17836,13473,2132,1137,995,475,244,231,18659,6041,12618,1243,659,584,223,108,115,29,13,16,22764,11478,11286
633,District-Tiruppur,Urban,5,11862,6030,5832,16,7,9,2,1,1,0,0,0,263,128,135,77,39,38,37,19,18,0,0,0,11467,5836,5631
633,District-Tiruppur,Urban,6,6864,3579,3285,14,12,2,3,3,0,0,0,0,357,177,180,35,14,21,31,14,17,1,1,0,6423,3358,3065
633,District-Tiruppur,Urban,7,1911,949,962,25,16,9,10,5,5,1,0,1,451,219,232,12,5,7,6,2,4,0,0,0,1406,702,704
633,District-Tiruppur,Urban,8,957,507,450,32,25,7,8,2,6,2,1,1,422,218,204,7,3,4,8,5,3,0,0,0,478,253,225
633,District-Tiruppur,Urban,9,874,421,453,32,14,18,9,4,5,1,0,1,459,223,236,8,3,5,7,4,3,0,0,0,358,173,185
633,District-Tiruppur,Urban,10,1161,605,556,58,35,23,12,7,5,1,1,0,531,282,249,13,7,6,4,1,3,0,0,0,542,272,270
633,District-Tiruppur,Urban,11,1129,546,583,198,131,67,26,12,14,6,2,4,600,267,333,10,4,6,3,2,1,0,0,0,286,128,158
633,District-Tiruppur,Urban,12,1342,671,671,345,216,129,28,18,10,5,3,2,703,307,396,21,9,12,6,4,2,2,0,2,232,114,118
633,District-Tiruppur,Urban,13,1680,851,829,564,319,245,63,33,30,14,6,8,785,368,417,31,15,16,6,1,5,1,0,1,216,109,107
633,District-Tiruppur,Urban,14,2511,1247,1264,1084,598,486,109,51,58,26,12,14,990,444,546,55,28,27,9,4,5,3,0,3,235,110,125
633,District-Tiruppur,Urban,15,4105,2122,1983,2198,1245,953,184,88,96,45,18,27,1298,583,715,117,68,49,18,10,8,3,2,1,242,108,134
633,District-Tiruppur,Urban,16,5683,2950,2733,3443,2007,1436,260,132,128,59,34,25,1558,610,948,124,58,66,12,2,10,4,2,2,223,105,118
633,District-Tiruppur,Urban,17,8427,4248,4179,5362,3096,2266,359,192,167,88,49,39,2231,721,1510,177,106,71,18,10,8,2,2,0,190,72,118
633,District-Tiruppur,Urban,18,12837,5931,6906,8198,4604,3594,474,258,216,121,69,52,3524,780,2744,256,136,120,26,12,14,3,1,2,235,71,164
633,District-Tiruppur,Urban,19,15491,6859,8632,9740,5511,4229,585,331,254,106,49,57,4487,714,3773,300,164,136,32,18,14,10,5,5,231,67,164
