056,District-Uttarkashi,Total,5-19,19692,9451,10241,3725,1886,1839,945,412,533,279,116,163,1442,583,859,1078,363,715,312,86,226,64,24,40,11847,5981,5866
056,District-Uttarkashi,Total,5,5643,2915,2728,4,1,3,0,0,0,0,0,0,22,9,13,75,41,34,35,19,16,4,1,3,5503,2844,2659
056,District-Uttarkashi,Total,6,3753,1935,1818,2,2,0,0,0,0,0,0,0,26,12,14,62,32,30,29,12,17,10,4,6,3624,1873,1751
056,District-Uttarkashi,Total,7,1235,602,633,0,0,0,1,0,1,1,1,0,28,11,17,41,25,16,13,2,11,5,2,3,1146,561,585
056,District-Uttarkashi,Total,8,461,221,240,6,3,3,1,0,1,0,0,0,44,16,28,16,8,8,6,1,5,1,1,0,387,192,195
056,District-Uttarkashi,Total,9,350,172,178,4,3,1,3,2,1,0,0,0,32,18,14,18,9,9,11,1,10,5,2,3,277,137,140
056,District-Uttarkashi,Total,10,459,225,234,6,4,2,5,3,2,2,1,1,42,21,21,23,8,15,8,3,5,1,1,0,372,184,188
056,District-Uttarkashi,Total,11,257,114,143,36,16,20,4,2,2,3,0,3,43,21,22,15,10,5,5,1,4,3,1,2,148,63,85
056,District-Uttarkashi,Total,12,252,95,157,45,25,20,13,6,7,3,0,3,59,25,34,32,8,24,21,6,15,1,0,1,78,25,53
056,District-Uttarkashi,Total,13,262,104,158,79,33,46,19,8,11,10,1,9,56,24,32,34,16,18,12,2,10,4,2,2,48,18,30
056,District-Uttarkashi,Total,14,379,160,219,123,67,56,48,16,32,14,5,9,82,36,46,49,12,37,16,2,14,4,3,1,43,19,24
056,District-Uttarkashi,Total,15,616,255,361,254,123,131,70,22,48,14,4,10,126,45,81,83,35,48,17,7,10,5,0,5,47,19,28
056,District-Uttarkashi,Total,16,758,329,429,334,183,151,117,41,76,25,13,12,133,52,81,83,20,63,19,5,14,5,1,4,42,14,28
056,District-Uttarkashi,Total,17,1039,472,567,537,280,257,142,59,83,30,17,13,171,70,101,98,29,69,24,7,17,5,1,4,32,9,23
056,District-Uttarkashi,Total,18,1966,879,1087,1065,541,524,219,116,103,89,36,53,279,108,171,215,60,155,51,9,42,4,1,3,44,8,36
056,District-Uttarkashi,Total,19,2262,973,1289,1230,605,625,303,137,166,88,38,50,299,115,184,234,50,184,45,9,36,7,4,3,56,15,41
056,District-Uttarkashi,Rural,5-19,18509,8786,9723,3600,1780,1820,920,395,525,268,110,158,1246,497,749,1058,351,707,307,82,225,64,24,40,11046,5547,5499
056,District-Uttarkashi,Rural,5,5300,2720,2580,4,1,3,0,0,0,0,0,0,20,7,13,74,40,34,34,18,16,4,1,3,5164,2653,2511
056,District-Uttarkashi,Rural,6,3474,1782,1692,2,2,0,0,0,0,0,0,0,23,9,14,62,32,30,28,11,17,10,4,6,3349,1724,1625
056,District-Uttarkashi,Rural,7,1119,538,581,0,0,0,1,0,1,1,1,0,23,10,13,40,24,16,13,2,11,5,2,3,1036,499,537
056,District-Uttarkashi,Rural,8,443,213,230,5,3,2,1,0,1,0,0,0,39,15,24,16,8,8,6,1,5,1,1,0,375,185,190
056,District-Uttarkashi,Rural,9,343,169,174,4,3,1,3,2,1,0,0,0,29,16,13,18,9,9,11,1,10,5,2,3,273,136,137
056,District-Uttarkashi,Rural,10,439,214,225,5,4,1,5,3,2,2,1,1,39,19,20,23,8,15,8,3,5,1,1,0,356,175,181
056,District-Uttarkashi,Rural,11,244,108,136,34,15,19,4,2,2,3,0,3,35,17,18,15,10,5,5,1,4,3,1,2,145,62,83
056,District-Uttarkashi,Rural,12,241,87,154,42,22,20,12,5,7,3,0,3,56,24,32,32,8,24,20,5,15,1,0,1,75,23,52
056,District-Uttarkashi,Rural,13,251,97,154,77,31,46,17,6,11,8,1,7,51,21,30,34,16,18,12,2,10,4,2,2,48,18,30
056,District-Uttarkashi,Rural,14,357,148,209,118,63,55,47,16,31,14,5,9,73,32,41,49,12,37,16,2,14,4,3,1,36,15,21
056,District-Uttarkashi,Rural,15,587,239,348,248,119,129,70,22,48,13,3,10,109,37,72,81,33,48,17,7,10,5,0,5,44,18,26
056,District-Uttarkashi,Rural,16,717,310,407,327,176,151,115,39,76,24,12,12,110,43,67,82,20,62,19,5,14,5,1,4,35,14,21
056,District-Uttarkashi,Rural,17,996,444,552,521,265,256,140,58,82,30,17,13,156,63,93,94,27,67,23,6,17,5,1,4,27,7,20
056,District-Uttarkashi,Rural,18,1868,818,1050,1032,513,519,212,110,102,85,35,50,239,88,151,210,56,154,50,9,41,4,1,3,36,6,30
056,District-Uttarkashi,Rural,19,2130,899,1231,1181,563,618,293,132,161,85,35,50,244,96,148,228,48,180,45,9,36,7,4,3,47,12,35
056,District-Uttarkashi,Urban,5-19,1183,665,518,125,106,19,25,17,8,11,6,5,196,86,110,20,12,8,5,4,1,0,0,0,801,434,367
056,District-Uttarkashi,Urban,5,343,195,148,0,0,0,0,0,0,0,0,0,2,2,0,1,1,0,1,1,0,0,0,0,339,191,148
056,District-Uttarkashi,Urban,6,279,153,126,0,0,0,0,0,0,0,0,0,3,3,0,0,0,0,1,1,0,0,0,0,275,149,126
056,District-Uttarkashi,Urban,7,116,64,52,0,0,0,0,0,0,0,0,0,5,1,4,1,1,0,0,0,0,0,0,0,110,62,48
056,District-Uttarkashi,Urban,8,18,8,10,1,0,1,0,0,0,0,0,0,5,1,4,0,0,0,0,0,0,0,0,0,12,7,5
056,District-Uttarkashi,Urban,9,7,3,4,0,0,0,0,0,0,0,0,0,3,2,1,0,0,0,0,0,0,0,0,0,4,1,3
056,District-Uttarkashi,Urban,10,20,11,9,1,0,1,0,0,0,0,0,0,3,2,1,0,0,0,0,0,0,0,0,0,16,9,7
056,District-Uttarkashi,Urban,11,13,6,7,2,1,1,0,0,0,0,0,0,8,4,4,0,0,0,0,0,0,0,0,0,3,1,2
056,District-Uttarkashi,Urban,12,11,8,3,3,3,0,1,1,0,0,0,0,3,1,2,0,0,0,1,1,0,0,0,0,3,2,1
056,District-Uttarkashi,Urban,13,11,7,4,2,2,0,2,2,0,2,0,2,5,3,2,0,0,0,0,0,0,0,0,0,0,0,0
056,District-Uttarkashi,Urban,14,22,12,10,5,4,1,1,0,1,0,0,0,9,4,5,0,0,0,0,0,0,0,0,0,7,4,3
056,District-Uttarkashi,Urban,15,29,16,13,6,4,2,0,0,0,1,1,0,17,8,9,2,2,0,0,0,0,0,0,0,3,1,2
056,District-Uttarkashi,Urban,16,41,19,22,7,7,0,2,2,0,1,1,0,23,9,14,1,0,1,0,0,0,0,0,0,7,0,7
056,District-Uttarkashi,Urban,17,43,28,15,16,15,1,2,1,1,0,0,0,15,7,8,4,2,2,1,1,0,0,0,0,5,2,3
056,District-Uttarkashi,Urban,18,98,61,37,33,28,5,7,6,1,4,1,3,40,20,20,5,4,1,1,0,1,0,0,0,8,2,6
056,District-Uttarkashi,Urban,19,132,74,58,49,42,7,10,5,5,3,3,0,55,19,36,6,2,4,0,0,0,0,0,0,9,3,6
057,District-Chamoli,Total,5-19,17908,8596,9312,2713,1336,1377,1822,752,1070,732,280,452,2631,1022,1609,337,200,137,151,61,90,50,19,31,9472,4926,4546
057,District-Chamoli,Total,5,5060,2667,2393,0,0,0,1,1,0,0,0,0,36,20,16,21,10,11,11,5,6,6,3,3,4985,2628,2357
057,District-Chamoli,Total,6,3117,1623,1494,0,0,0,2,0,2,1,1,0,59,36,23,35,22,13,8,3,5,3,1,2,3009,1560,1449
057,District-Chamoli,Total,7,653,328,325,3,1,2,2,2,0,1,0,1,37,17,20,6,3,3,4,1,3,1,0,1,599,304,295
057,District-Chamoli,Total,8,209,96,113,1,0,1,0,0,0,0,0,0,45,20,25,5,3,2,0,0,0,0,0,0,158,73,85
057,District-Chamoli,Total,9,176,88,88,6,4,2,2,1,1,1,0,1,29,15,14,4,1,3,0,0,0,0,0,0,134,67,67
057,District-Chamoli,Total,10,276,148,128,3,2,1,2,2,0,0,0,0,37,17,20,4,1,3,2,1,1,1,0,1,227,125,102
057,District-Chamoli,Total,11,198,98,100,22,8,14,8,3,5,6,5,1,65,33,32,6,1,5,2,1,1,2,1,1,87,46,41
057,District-Chamoli,Total,12,160,84,76,33,24,9,15,12,3,4,2,2,59,21,38,9,6,3,5,2,3,3,2,1,32,15,17
057,District-Chamoli,Total,13,195,89,106,47,27,20,22,11,11,6,2,4,76,28,48,5,2,3,5,2,3,1,0,1,33,17,16
057,District-Chamoli,Total,14,352,151,201,81,43,38,58,25,33,29,14,15,130,42,88,9,3,6,10,5,5,2,1,1,33,18,15
057,District-Chamoli,Total,15,566,243,323,137,78,59,110,50,60,41,9,32,202,73,129,21,13,8,14,4,10,2,0,2,39,16,23
057,District-Chamoli,Total,16,862,348,514,234,107,127,210,86,124,76,24,52,274,92,182,32,20,12,10,6,4,3,1,2,23,12,11
057,District-Chamoli,Total,17,1211,528,683,363,177,186,257,99,158,129,55,74,366,142,224,36,23,13,13,6,7,7,3,4,40,23,17
057,District-Chamoli,Total,18,2290,1009,1281,811,407,404,529,223,306,221,94,127,570,209,361,72,46,26,34,16,18,14,5,9,39,9,30
057,District-Chamoli,Total,19,2583,1096,1487,972,458,514,604,237,367,217,74,143,646,257,389,72,46,26,33,9,24,5,2,3,34,13,21
057,District-Chamoli,Rural,5-19,15568,7150,8418,2223,901,1322,1717,669,1048,714,264,450,2257,862,1395,253,137,116,129,45,84,47,17,30,8228,4255,3973
057,District-Chamoli,Rural,5,4452,2344,2108,0,0,0,1,1,0,0,0,0,29,15,14,19,8,11,11,5,6,6,3,3,4386,2312,2074
057,District-Chamoli,Rural,6,2656,1356,1300,0,0,0,2,0,2,1,1,0,47,30,17,31,21,10,6,2,4,2,1,1,2567,1301,1266
057,District-Chamoli,Rural,7,572,288,284,3,1,2,2,2,0,1,0,1,32,15,17,6,3,3,4,1,3,1,0,1,523,266,257
057,District-Chamoli,Rural,8,178,85,93,1,0,1,0,0,0,0,0,0,37,17,20,4,2,2,0,0,0,0,0,0,136,66,70
057,District-Chamoli,Rural,9,146,74,72,6,4,2,1,1,0,1,0,1,22,9,13,2,1,1,0,0,0,0,0,0,114,59,55
057,District-Chamoli,Rural,10,250,134,116,3,2,1,2,2,0,0,0,0,30,14,16,3,1,2,2,1,1,1,0,1,209,114,95
057,District-Chamoli,Rural,11,172,82,90,20,6,14,7,2,5,5,4,1,56,27,29,4,0,4,2,1,1,2,1,1,76,41,35
057,District-Chamoli,Rural,12,134,61,73,22,13,9,15,12,3,3,1,2,50,15,35,7,4,3,5,2,3,3,2,1,29,12,17
057,District-Chamoli,Rural,13,168,69,99,37,18,19,22,11,11,6,2,4,67,23,44,3,0,3,3,0,3,1,0,1,29,15,14
057,District-Chamoli,Rural,14,296,116,180,65,28,37,51,19,32,29,14,15,113,36,77,7,3,4,6,2,4,2,1,1,23,13,10
057,District-Chamoli,Rural,15,491,193,298,114,58,56,103,43,60,40,8,32,174,61,113,15,8,7,13,4,9,2,0,2,30,11,19
057,District-Chamoli,Rural,16,763,284,479,206,86,120,193,71,122,73,21,52,235,77,158,23,12,11,8,4,4,3,1,2,22,12,10
057,District-Chamoli,Rural,17,1069,424,645,295,113,182,244,91,153,128,54,74,330,125,205,26,16,10,12,6,6,7,3,4,27,16,11
057,District-Chamoli,Rural,18,1963,781,1182,647,264,383,502,203,299,214,89,125,480,175,305,49,29,20,28,11,17,13,4,9,30,6,24
057,District-Chamoli,Rural,19,2258,859,1399,804,308,496,572,211,361,213,70,143,555,223,332,54,29,25,29,6,23,4,1,3,27,11,16
057,District-Chamoli,Urban,5-19,2340,1446,894,490,435,55,105,83,22,18,16,2,374,160,214,84,63,21,22,16,6,3,2,1,1244,671,573
057,District-Chamoli,Urban,5,608,323,285,0,0,0,0,0,0,0,0,0,7,5,2,2,2,0,0,0,0,0,0,0,599,316,283
057,District-Chamoli,Urban,6,461,267,194,0,0,0,0,0,0,0,0,0,12,6,6,4,1,3,2,1,1,1,0,1,442,259,183
057,District-Chamoli,Urban,7,81,40,41,0,0,0,0,0,0,0,0,0,5,2,3,0,0,0,0,0,0,0,0,0,76,38,38
057,District-Chamoli,Urban,8,31,11,20,0,0,0,0,0,0,0,0,0,8,3,5,1,1,0,0,0,0,0,0,0,22,7,15
057,District-Chamoli,Urban,9,30,14,16,0,0,0,1,0,1,0,0,0,7,6,1,2,0,2,0,0,0,0,0,0,20,8,12
057,District-Chamoli,Urban,10,26,14,12,0,0,0,0,0,0,0,0,0,7,3,4,1,0,1,0,0,0,0,0,0,18,11,7
057,District-Chamoli,Urban,11,26,16,10,2,2,0,1,1,0,1,1,0,9,6,3,2,1,1,0,0,0,0,0,0,11,5,6
057,District-Chamoli,Urban,12,26,23,3,11,11,0,0,0,0,1,1,0,9,6,3,2,2,0,0,0,0,0,0,0,3,3,0
057,District-Chamoli,Urban,13,27,20,7,10,9,1,0,0,0,0,0,0,9,5,4,2,2,0,2,2,0,0,0,0,4,2,2
057,District-Chamoli,Urban,14,56,35,21,16,15,1,7,6,1,0,0,0,17,6,11,2,0,2,4,3,1,0,0,0,10,5,5
057,District-Chamoli,Urban,15,75,50,25,23,20,3,7,7,0,1,1,0,28,12,16,6,5,1,1,0,1,0,0,0,9,5,4
057,District-Chamoli,Urban,16,99,64,35,28,21,7,17,15,2,3,3,0,39,15,24,9,8,1,2,2,0,0,0,0,1,0,1
057,District-Chamoli,Urban,17,142,104,38,68,64,4,13,8,5,1,1,0,36,17,19,10,7,3,1,0,1,0,0,0,13,7,6
057,District-Chamoli,Urban,18,327,228,99,164,143,21,27,20,7,7,5,2,90,34,56,23,17,6,6,5,1,1,1,0,9,3,6
057,District-Chamoli,Urban,19,325,237,88,168,150,18,32,26,6,4,4,0,91,34,57,18,17,1,4,3,1,1,1,0,7,2,5
058,District-Rudraprayag,Total,5-19,11915,5624,6291,1628,673,955,982,353,629,317,133,184,1618,634,984,187,100,87,101,47,54,20,7,13,7062,3677,3385
058,District-Rudraprayag,Total,5,3587,1905,1682,5,2,3,0,0,0,1,0,1,40,21,19,36,20,16,11,5,6,2,1,1,3492,1856,1636
058,District-Rudraprayag,Total,6,2429,1273,1156,2,2,0,1,0,1,0,0,0,49,30,19,14,8,6,7,5,2,2,1,1,2354,1227,1127
058,District-Rudraprayag,Total,7,522,259,263,4,1,3,3,1,2,0,0,0,46,21,25,6,3,3,5,2,3,0,0,0,458,231,227
058,District-Rudraprayag,Total,8,156,75,81,5,2,3,2,2,0,0,0,0,25,13,12,1,0,1,2,2,0,0,0,0,121,56,65
058,District-Rudraprayag,Total,9,146,73,73,0,0,0,0,0,0,0,0,0,29,11,18,1,1,0,4,3,1,0,0,0,112,58,54
058,District-Rudraprayag,Total,10,270,135,135,2,2,0,2,2,0,0,0,0,29,15,14,3,2,1,5,3,2,1,1,0,228,110,118
058,District-Rudraprayag,Total,11,146,75,71,14,8,6,10,3,7,0,0,0,32,16,16,9,5,4,2,2,0,4,0,4,75,41,34
058,District-Rudraprayag,Total,12,115,55,60,25,16,9,11,6,5,4,1,3,33,12,21,7,4,3,6,3,3,0,0,0,29,13,16
058,District-Rudraprayag,Total,13,113,49,64,28,17,11,16,4,12,5,3,2,32,13,19,4,2,2,4,1,3,0,0,0,24,9,15
058,District-Rudraprayag,Total,14,179,72,107,36,16,20,22,5,17,12,7,5,69,24,45,13,5,8,0,0,0,1,0,1,26,15,11
058,District-Rudraprayag,Total,15,275,113,162,66,38,28,59,17,42,16,8,8,92,37,55,12,5,7,3,1,2,4,1,3,23,6,17
058,District-Rudraprayag,Total,16,407,174,233,103,54,49,76,27,49,36,11,25,149,60,89,8,3,5,6,3,3,1,1,0,28,15,13
058,District-Rudraprayag,Total,17,717,301,416,228,105,123,151,57,94,52,25,27,224,84,140,19,12,7,14,5,9,2,1,1,27,12,15
058,District-Rudraprayag,Total,18,1276,479,797,451,177,274,286,103,183,95,39,56,366,126,240,20,14,6,19,7,12,2,1,1,37,12,25
058,District-Rudraprayag,Total,19,1577,586,991,659,233,426,343,126,217,96,39,57,403,151,252,34,16,18,13,5,8,1,0,1,28,16,12
058,District-Rudraprayag,Rural,5-19,11399,5303,6096,1530,586,944,972,345,627,312,128,184,1550,606,944,165,81,84,86,37,49,17,5,12,6767,3515,3252
058,District-Rudraprayag,Rural,5,3451,1823,1628,2,1,1,0,0,0,1,0,1,40,21,19,35,19,16,9,5,4,2,1,1,3362,1776,1586
058,District-Rudraprayag,Rural,6,2333,1223,1110,2,2,0,1,0,1,0,0,0,49,30,19,13,7,6,7,5,2,1,1,0,2260,1178,1082
058,District-Rudraprayag,Rural,7,491,244,247,3,1,2,3,1,2,0,0,0,45,21,24,5,2,3,3,2,1,0,0,0,432,217,215
058,District-Rudraprayag,Rural,8,144,68,76,5,2,3,1,1,0,0,0,0,22,11,11,1,0,1,2,2,0,0,0,0,113,52,61
058,District-Rudraprayag,Rural,9,141,70,71,0,0,0,0,0,0,0,0,0,29,11,18,1,1,0,4,3,1,0,0,0,107,55,52
058,District-Rudraprayag,Rural,10,259,133,126,2,2,0,2,2,0,0,0,0,28,15,13,2,1,1,5,3,2,1,1,0,219,109,110
058,District-Rudraprayag,Rural,11,137,67,70,14,8,6,10,3,7,0,0,0,31,15,16,8,4,4,1,1,0,4,0,4,69,36,33
058,District-Rudraprayag,Rural,12,109,50,59,21,12,9,11,6,5,4,1,3,33,12,21,7,4,3,6,3,3,0,0,0,27,12,15
058,District-Rudraprayag,Rural,13,105,44,61,26,15,11,14,3,11,5,3,2,31,13,18,4,2,2,4,1,3,0,0,0,21,7,14
058,District-Rudraprayag,Rural,14,171,67,104,34,14,20,22,5,17,12,7,5,63,21,42,13,5,8,0,0,0,1,0,1,26,15,11
058,District-Rudraprayag,Rural,15,262,103,159,62,34,28,59,17,42,16,8,8,89,34,55,9,3,6,3,1,2,3,0,3,21,6,15
058,District-Rudraprayag,Rural,16,383,158,225,96,48,48,74,25,49,35,10,25,143,58,85,6,1,5,4,1,3,0,0,0,25,15,10
058,District-Rudraprayag,Rural,17,691,282,409,222,99,123,150,56,94,50,23,27,214,79,135,16,9,7,12,3,9,2,1,1,25,12,13
058,District-Rudraprayag,Rural,18,1227,449,778,429,159,270,284,102,182,94,38,56,351,122,229,16,11,5,16,5,11,2,1,1,35,11,24
058,District-Rudraprayag,Rural,19,1495,522,973,612,189,423,341,124,217,95,38,57,382,143,239,29,12,17,10,2,8,1,0,1,25,14,11
058,District-Rudraprayag,Urban,5-19,516,321,195,98,87,11,10,8,2,5,5,0,68,28,40,22,19,3,15,10,5,3,2,1,295,162,133
058,District-Rudraprayag,Urban,5,136,82,54,3,1,2,0,0,0,0,0,0,0,0,0,1,1,0,2,0,2,0,0,0,130,80,50
058,District-Rudraprayag,Urban,6,96,50,46,0,0,0,0,0,0,0,0,0,0,0,0,1,1,0,0,0,0,1,0,1,94,49,45
058,District-Rudraprayag,Urban,7,31,15,16,1,0,1,0,0,0,0,0,0,1,0,1,1,1,0,2,0,2,0,0,0,26,14,12
058,District-Rudraprayag,Urban,8,12,7,5,0,0,0,1,1,0,0,0,0,3,2,1,0,0,0,0,0,0,0,0,0,8,4,4
058,District-Rudraprayag,Urban,9,5,3,2,0,0,0,0,0,0,0,0,0,0,0,0,0,0,0,0,0,0,0,0,0,5,3,2
058,District-Rudraprayag,Urban,10,11,2,9,0,0,0,0,0,0,0,0,0,1,0,1,1,1,0,0,0,0,0,0,0,9,1,8
058,District-Rudraprayag,Urban,11,9,8,1,0,0,0,0,0,0,0,0,0,1,1,0,1,1,0,1,1,0,0,0,0,6,5,1
058,District-Rudraprayag,Urban,12,6,5,1,4,4,0,0,0,0,0,0,0,0,0,0,0,0,0,0,0,0,0,0,0,2,1,1
058,District-Rudraprayag,Urban,13,8,5,3,2,2,0,2,1,1,0,0,0,1,0,1,0,0,0,0,0,0,0,0,0,3,2,1
058,District-Rudraprayag,Urban,14,8,5,3,2,2,0,0,0,0,0,0,0,6,3,3,0,0,0,0,0,0,0,0,0,0,0,0
058,District-Rudraprayag,Urban,15,13,10,3,4,4,0,0,0,0,0,0,0,3,3,0,3,2,1,0,0,0,1,1,0,2,0,2
058,District-Rudraprayag,Urban,16,24,16,8,7,6,1,2,2,0,1,1,0,6,2,4,2,2,0,2,2,0,1,1,0,3,0,3
058,District-Rudraprayag,Urban,17,26,19,7,6,6,0,1,1,0,2,2,0,10,5,5,3,3,0,2,2,0,0,0,0,2,0,2
058,District-Rudraprayag,Urban,18,49,30,19,22,18,4,2,1,1,1,1,0,15,4,11,4,3,1,3,2,1,0,0,0,2,1,1
058,District-Rudraprayag,Urban,19,82,64,18,47,44,3,2,2,0,1,1,0,21,8,13,5,4,1,3,3,0,0,0,0,3,2,1
059,District-Tehri Garhwal,Total,5-19,30408,14533,15875,3612,2006,1606,2928,1120,1808,1296,477,819,3904,1495,2409,883,439,444,411,148,263,194,52,142,17180,8796,8384
059,District-Tehri Garhwal,Total,5,8742,4674,4068,5,3,2,3,0,3,0,0,0,41,21,20,159,86,73,20,9,11,7,4,3,8507,4551,3956
059,District-Tehri Garhwal,Total,6,5658,2873,2785,3,3,0,2,1,1,0,0,0,53,26,27,78,40,38,13,9,4,3,3,0,5506,2791,2715
059,District-Tehri Garhwal,Total,7,1392,686,706,9,4,5,5,2,3,1,1,0,66,40,26,35,18,17,7,4,3,0,0,0,1269,617,652
059,District-Tehri Garhwal,Total,8,423,182,241,9,4,5,4,2,2,0,0,0,55,25,30,8,2,6,2,1,1,3,2,1,342,146,196
059,District-Tehri Garhwal,Total,9,358,182,176,8,4,4,5,3,2,1,1,0,49,26,23,9,4,5,1,1,0,0,0,0,285,143,142
059,District-Tehri Garhwal,Total,10,510,266,244,8,7,1,4,1,3,1,0,1,55,29,26,13,7,6,5,3,2,2,0,2,422,219,203
059,District-Tehri Garhwal,Total,11,286,148,138,32,22,10,8,4,4,7,2,5,57,28,29,11,5,6,4,0,4,0,0,0,167,87,80
059,District-Tehri Garhwal,Total,12,273,128,145,58,29,29,27,9,18,13,7,6,79,39,40,15,8,7,8,5,3,5,2,3,68,29,39
059,District-Tehri Garhwal,Total,13,328,135,193,51,27,24,37,16,21,13,8,5,112,49,63,20,5,15,13,0,13,7,2,5,75,28,47
059,District-Tehri Garhwal,Total,14,474,192,282,95,50,45,81,30,51,36,12,24,140,50,90,23,9,14,17,3,14,6,3,3,76,35,41
059,District-Tehri Garhwal,Total,15,915,383,532,215,118,97,145,57,88,62,18,44,269,104,165,55,26,29,43,13,30,21,3,18,105,44,61
059,District-Tehri Garhwal,Total,16,1364,578,786,327,179,148,269,101,168,146,53,93,427,172,255,50,25,25,37,14,23,22,4,18,86,30,56
059,District-Tehri Garhwal,Total,17,1921,862,1059,485,299,186,462,191,271,196,75,121,555,212,343,80,41,39,49,23,26,22,3,19,72,18,54
059,District-Tehri Garhwal,Total,18,3569,1578,1991,1030,600,430,840,350,490,358,142,216,925,324,601,163,85,78,100,37,63,49,14,35,104,26,78
059,District-Tehri Garhwal,Total,19,4195,1666,2529,1277,657,620,1036,353,683,462,158,304,1021,350,671,164,78,86,92,26,66,47,12,35,96,32,64
059,District-Tehri Garhwal,Rural,5-19,27733,12917,14816,3235,1654,1581,2874,1078,1796,1286,467,819,3520,1337,2183,756,331,425,385,125,260,190,48,142,15487,7877,7610
059,District-Tehri Garhwal,Rural,5,7926,4198,3728,5,3,2,3,0,3,0,0,0,36,18,18,141,75,66,18,8,10,7,4,3,7716,4090,3626
059,District-Tehri Garhwal,Rural,6,5046,2555,2491,2,2,0,2,1,1,0,0,0,48,22,26,72,37,35,11,7,4,3,3,0,4908,2483,2425
059,District-Tehri Garhwal,Rural,7,1276,626,650,7,3,4,5,2,3,1,1,0,57,36,21,32,16,16,7,4,3,0,0,0,1167,564,603
059,District-Tehri Garhwal,Rural,8,392,165,227,9,4,5,4,2,2,0,0,0,47,21,26,7,1,6,2,1,1,3,2,1,320,134,186
059,District-Tehri Garhwal,Rural,9,310,156,154,6,3,3,5,3,2,1,1,0,40,22,18,9,4,5,1,1,0,0,0,0,248,122,126
059,District-Tehri Garhwal,Rural,10,476,248,228,8,7,1,4,1,3,1,0,1,55,29,26,13,7,6,5,3,2,2,0,2,388,201,187
059,District-Tehri Garhwal,Rural,11,262,136,126,31,21,10,8,4,4,7,2,5,49,24,25,11,5,6,4,0,4,0,0,0,152,80,72
059,District-Tehri Garhwal,Rural,12,243,115,128,51,26,25,27,9,18,12,6,6,69,37,32,13,6,7,6,3,3,5,2,3,60,26,34
059,District-Tehri Garhwal,Rural,13,293,112,181,42,19,23,34,13,21,13,8,5,101,44,57,19,5,14,13,0,13,7,2,5,64,21,43
059,District-Tehri Garhwal,Rural,14,442,175,267,85,43,42,79,29,50,35,11,24,130,46,84,23,9,14,17,3,14,6,3,3,67,31,36
059,District-Tehri Garhwal,Rural,15,834,322,512,192,96,96,140,53,87,61,17,44,238,86,152,50,21,29,39,9,30,21,3,18,93,37,56
059,District-Tehri Garhwal,Rural,16,1269,509,760,291,146,145,263,96,167,144,51,93,393,157,236,40,15,25,37,14,23,22,4,18,79,26,53
059,District-Tehri Garhwal,Rural,17,1786,771,1015,428,245,183,457,187,270,195,74,121,508,194,314,64,28,36,48,23,25,22,3,19,64,17,47
059,District-Tehri Garhwal,Rural,18,3272,1351,1921,906,481,425,819,333,486,356,140,216,833,279,554,133,56,77,93,31,62,47,12,35,85,19,66
059,District-Tehri Garhwal,Rural,19,3906,1478,2428,1172,555,617,1024,345,679,460,156,304,916,322,594,129,46,83,84,18,66,45,10,35,76,26,50
059,District-Tehri Garhwal,Urban,5-19,2675,1616,1059,377,352,25,54,42,12,10,10,0,384,158,226,127,108,19,26,23,3,4,4,0,1693,919,774
059,District-Tehri Garhwal,Urban,5,816,476,340,0,0,0,0,0,0,0,0,0,5,3,2,18,11,7,2,1,1,0,0,0,791,461,330
059,District-Tehri Garhwal,Urban,6,612,318,294,1,1,0,0,0,0,0,0,0,5,4,1,6,3,3,2,2,0,0,0,0,598,308,290
059,District-Tehri Garhwal,Urban,7,116,60,56,2,1,1,0,0,0,0,0,0,9,4,5,3,2,1,0,0,0,0,0,0,102,53,49
059,District-Tehri Garhwal,Urban,8,31,17,14,0,0,0,0,0,0,0,0,0,8,4,4,1,1,0,0,0,0,0,0,0,22,12,10
059,District-Tehri Garhwal,Urban,9,48,26,22,2,1,1,0,0,0,0,0,0,9,4,5,0,0,0,0,0,0,0,0,0,37,21,16
059,District-Tehri Garhwal,Urban,10,34,18,16,0,0,0,0,0,0,0,0,0,0,0,0,0,0,0,0,0,0,0,0,0,34,18,16
059,District-Tehri Garhwal,Urban,11,24,12,12,1,1,0,0,0,0,0,0,0,8,4,4,0,0,0,0,0,0,0,0,0,15,7,8
059,District-Tehri Garhwal,Urban,12,30,13,17,7,3,4,0,0,0,1,1,0,10,2,8,2,2,0,2,2,0,0,0,0,8,3,5
059,District-Tehri Garhwal,Urban,13,35,23,12,9,8,1,3,3,0,0,0,0,11,5,6,1,0,1,0,0,0,0,0,0,11,7,4
059,District-Tehri Garhwal,Urban,14,32,17,15,10,7,3,2,1,1,1,1,0,10,4,6,0,0,0,0,0,0,0,0,0,9,4,5
059,District-Tehri Garhwal,Urban,15,81,61,20,23,22,1,5,4,1,1,1,0,31,18,13,5,5,0,4,4,0,0,0,0,12,7,5
059,District-Tehri Garhwal,Urban,16,95,69,26,36,33,3,6,5,1,2,2,0,34,15,19,10,10,0,0,0,0,0,0,0,7,4,3
059,District-Tehri Garhwal,Urban,17,135,91,44,57,54,3,5,4,1,1,1,0,47,18,29,16,13,3,1,0,1,0,0,0,8,1,7
059,District-Tehri Garhwal,Urban,18,297,227,70,124,119,5,21,17,4,2,2,0,92,45,47,30,29,1,7,6,1,2,2,0,19,7,12
059,District-Tehri Garhwal,Urban,19,289,188,101,105,102,3,12,8,4,2,2,0,105,28,77,35,32,3,8,8,0,2,2,0,20,6,14
060,District-Dehradun,Total,5-19,93788,51265,42523,13622,11646,1976,3728,2869,859,1064,742,322,22097,7995,14102,3787,2759,1028,1238,816,422,296,182,114,47956,24256,23700
060,District-Dehradun,Total,5,19672,10372,9300,18,14,4,6,2,4,0,0,0,238,118,120,144,81,63,111,58,53,9,5,4,19146,10094,9052
060,District-Dehradun,Total,6,14395,7629,6766,12,9,3,3,3,0,0,0,0,328,165,163,99,55,44,85,47,38,10,7,3,13858,7343,6515
060,District-Dehradun,Total,7,3768,1927,1841,30,19,11,4,1,3,0,0,0,322,149,173,54,33,21,31,19,12,6,2,4,3321,1704,1617
060,District-Dehradun,Total,8,1963,1030,933,21,16,5,7,3,4,0,0,0,321,157,164,39,19,20,18,9,9,2,0,2,1555,826,729
060,District-Dehradun,Total,9,1593,837,756,28,20,8,9,8,1,1,0,1,288,138,150,47,29,18,18,7,11,6,3,3,1196,632,564
060,District-Dehradun,Total,10,2603,1361,1242,44,32,12,17,10,7,3,2,1,491,260,231,71,39,32,38,22,16,5,1,4,1934,995,939
060,District-Dehradun,Total,11,1784,935,849,127,94,33,26,18,8,8,6,2,515,233,282,87,57,30,32,17,15,8,4,4,981,506,475
060,District-Dehradun,Total,12,1984,1029,955,234,190,44,62,45,17,13,9,4,761,335,426,134,88,46,29,19,10,8,4,4,743,339,404
060,District-Dehradun,Total,13,2089,1092,997,284,220,64,61,43,18,22,13,9,913,407,506,126,85,41,42,23,19,15,9,6,626,292,334
060,District-Dehradun,Total,14,2993,1606,1387,490,416,74,158,117,41,56,37,19,1396,595,801,183,124,59,62,44,18,22,15,7,626,258,368
060,District-Dehradun,Total,15,4556,2557,1999,965,820,145,292,218,74,81,51,30,1906,770,1136,385,285,100,93,66,27,31,21,10,803,326,477
060,District-Dehradun,Total,16,5833,3247,2586,1437,1222,215,422,314,108,131,89,42,2553,928,1625,406,295,111,118,90,28,31,23,8,735,286,449
060,District-Dehradun,Total,17,6779,3874,2905,1953,1679,274,592,448,144,177,127,50,2821,965,1856,429,329,100,133,94,39,32,21,11,642,211,431
060,District-Dehradun,Total,18,12614,7512,5102,4196,3656,540,1106,898,208,314,228,86,4800,1535,3265,912,720,192,248,181,67,67,43,24,971,251,720
060,District-Dehradun,Total,19,11162,6257,4905,3783,3239,544,963,741,222,258,180,78,4444,1240,3204,671,520,151,180,120,60,44,24,20,819,193,626
060,District-Dehradun,Rural,5-19,47822,25043,22779,6660,5459,1201,2512,1863,649,718,470,248,10950,3523,7427,1902,1278,624,712,420,292,187,94,93,24181,11936,12245
060,District-Dehradun,Rural,5,10222,5309,4913,8,6,2,0,0,0,0,0,0,113,54,59,66,37,29,39,15,24,6,2,4,9990,5195,4795
060,District-Dehradun,Rural,6,7215,3771,3444,5,3,2,2,2,0,0,0,0,140,75,65,43,26,17,39,19,20,7,5,2,6979,3641,3338
060,District-Dehradun,Rural,7,1816,931,885,15,7,8,0,0,0,0,0,0,125,60,65,24,17,7,15,11,4,4,1,3,1633,835,798
060,District-Dehradun,Rural,8,912,469,443,6,5,1,3,1,2,0,0,0,143,65,78,14,4,10,12,5,7,1,0,1,733,389,344
060,District-Dehradun,Rural,9,727,360,367,14,11,3,2,2,0,1,0,1,113,43,70,21,10,11,10,3,7,4,2,2,562,289,273
060,District-Dehradun,Rural,10,1256,639,617,26,17,9,9,4,5,1,0,1,197,107,90,35,14,21,24,12,12,4,1,3,960,484,476
060,District-Dehradun,Rural,11,819,414,405,59,44,15,14,8,6,7,5,2,197,85,112,42,27,15,18,7,11,5,2,3,477,236,241
060,District-Dehradun,Rural,12,928,470,458,117,95,22,45,31,14,7,4,3,337,129,208,69,48,21,19,12,7,7,3,4,327,148,179
060,District-Dehradun,Rural,13,973,474,499,122,90,32,42,29,13,17,11,6,432,172,260,76,49,27,22,9,13,10,6,4,252,108,144
060,District-Dehradun,Rural,14,1533,752,781,226,181,45,97,68,29,38,25,13,735,283,452,90,61,29,40,27,13,15,10,5,292,97,195
060,District-Dehradun,Rural,15,2416,1255,1161,493,408,85,188,132,56,51,28,23,1028,371,657,210,140,70,47,31,16,17,10,7,382,135,247
060,District-Dehradun,Rural,16,3191,1642,1549,747,616,131,295,210,85,99,63,36,1395,438,957,208,143,65,74,51,23,17,10,7,356,111,245
060,District-Dehradun,Rural,17,3578,1895,1683,971,796,175,413,295,118,118,79,39,1437,420,1017,215,151,64,79,52,27,22,13,9,323,89,234
060,District-Dehradun,Rural,18,6587,3691,2896,2058,1720,338,761,598,163,211,143,68,2405,679,1726,448,320,128,153,98,55,37,18,19,514,115,399
060,District-Dehradun,Rural,19,5649,2971,2678,1793,1460,333,641,483,158,168,112,56,2153,542,1611,341,231,110,121,68,53,31,11,20,401,64,337
060,District-Dehradun,Urban,5-19,45966,26222,19744,6962,6187,775,1216,1006,210,346,272,74,11147,4472,6675,1885,1481,404,526,396,130,109,88,21,23775,12320,11455
060,District-Dehradun,Urban,5,9450,5063,4387,10,8,2,6,2,4,0,0,0,125,64,61,78,44,34,72,43,29,3,3,0,9156,4899,4257
060,District-Dehradun,Urban,6,7180,3858,3322,7,6,1,1,1,0,0,0,0,188,90,98,56,29,27,46,28,18,3,2,1,6879,3702,3177
060,District-Dehradun,Urban,7,1952,996,956,15,12,3,4,1,3,0,0,0,197,89,108,30,16,14,16,8,8,2,1,1,1688,869,819
060,District-Dehradun,Urban,8,1051,561,490,15,11,4,4,2,2,0,0,0,178,92,86,25,15,10,6,4,2,1,0,1,822,437,385
060,District-Dehradun,Urban,9,866,477,389,14,9,5,7,6,1,0,0,0,175,95,80,26,19,7,8,4,4,2,1,1,634,343,291
060,District-Dehradun,Urban,10,1347,722,625,18,15,3,8,6,2,2,2,0,294,153,141,36,25,11,14,10,4,1,0,1,974,511,463
060,District-Dehradun,Urban,11,965,521,444,68,50,18,12,10,2,1,1,0,318,148,170,45,30,15,14,10,4,3,2,1,504,270,234
060,District-Dehradun,Urban,12,1056,559,497,117,95,22,17,14,3,6,5,1,424,206,218,65,40,25,10,7,3,1,1,0,416,191,225
060,District-Dehradun,Urban,13,1116,618,498,162,130,32,19,14,5,5,2,3,481,235,246,50,36,14,20,14,6,5,3,2,374,184,190
060,District-Dehradun,Urban,14,1460,854,606,264,235,29,61,49,12,18,12,6,661,312,349,93,63,30,22,17,5,7,5,2,334,161,173
060,District-Dehradun,Urban,15,2140,1302,838,472,412,60,104,86,18,30,23,7,878,399,479,175,145,30,46,35,11,14,11,3,421,191,230
060,District-Dehradun,Urban,16,2642,1605,1037,690,606,84,127,104,23,32,26,6,1158,490,668,198,152,46,44,39,5,14,13,1,379,175,204
060,District-Dehradun,Urban,17,3201,1979,1222,982,883,99,179,153,26,59,48,11,1384,545,839,214,178,36,54,42,12,10,8,2,319,122,197
060,District-Dehradun,Urban,18,6027,3821,2206,2138,1936,202,345,300,45,103,85,18,2395,856,1539,464,400,64,95,83,12,30,25,5,457,136,321
060,District-Dehradun,Urban,19,5513,3286,2227,1990,1779,211,322,258,64,90,68,22,2291,698,1593,330,289,41,59,52,7,13,13,0,418,129,289
061,District-Garhwal,Total,5-19,31894,15562,16332,3762,2205,1557,2646,1111,1535,1213,514,699,5717,2080,3637,832,523,309,305,157,148,117,65,52,17302,8907,8395
061,District-Garhwal,Total,5,8491,4438,4053,4,3,1,1,0,1,0,0,0,56,27,29,46,26,20,30,13,17,11,6,5,8343,4363,3980
061,District-Garhwal,Total,6,5464,2815,2649,0,0,0,0,0,0,0,0,0,74,38,36,34,24,10,19,8,11,5,2,3,5332,2743,2589
061,District-Garhwal,Total,7,1216,620,596,4,1,3,4,3,1,0,0,0,76,39,37,19,9,10,7,6,1,1,1,0,1105,561,544
061,District-Garhwal,Total,8,444,218,226,3,0,3,1,0,1,1,0,1,57,31,26,23,9,14,8,4,4,4,3,1,347,171,176
061,District-Garhwal,Total,9,488,265,223,6,3,3,1,1,0,1,1,0,52,25,27,9,5,4,6,2,4,1,1,0,412,227,185
061,District-Garhwal,Total,10,754,395,359,12,4,8,6,2,4,2,2,0,70,31,39,28,14,14,7,3,4,4,2,2,625,337,288
061,District-Garhwal,Total,11,412,225,187,16,7,9,15,6,9,4,3,1,87,48,39,18,8,10,5,2,3,3,2,1,264,149,115
061,District-Garhwal,Total,12,370,166,204,49,26,23,29,12,17,15,7,8,102,45,57,38,16,22,9,3,6,1,0,1,127,57,70
061,District-Garhwal,Total,13,450,211,239,76,44,32,42,20,22,27,11,16,167,71,96,34,19,15,8,4,4,3,1,2,93,41,52
061,District-Garhwal,Total,14,661,303,358,114,64,50,80,35,45,42,22,20,250,95,155,55,31,24,12,5,7,6,3,3,102,48,54
061,District-Garhwal,Total,15,968,458,510,201,119,82,106,58,48,59,31,28,359,125,234,85,58,27,23,10,13,15,9,6,120,48,72
061,District-Garhwal,Total,16,1318,580,738,301,168,133,216,101,115,80,32,48,510,171,339,62,37,25,28,15,13,16,8,8,105,48,57
061,District-Garhwal,Total,17,2095,965,1130,494,284,210,391,174,217,200,89,111,772,282,490,100,70,30,40,23,17,13,8,5,85,35,50
061,District-Garhwal,Total,18,4053,1859,2194,1099,666,433,773,334,439,352,138,214,1463,507,956,170,130,40,47,28,19,17,12,5,132,44,88
061,District-Garhwal,Total,19,4710,2044,2666,1383,816,567,981,365,616,430,178,252,1622,545,1077,111,67,44,56,31,25,17,7,10,110,35,75
061,District-Garhwal,Rural,5-19,26807,12496,14311,2902,1380,1522,2487,985,1502,1194,498,696,4533,1601,2932,683,384,299,265,124,141,110,60,50,14633,7464,7169
061,District-Garhwal,Rural,5,7255,3768,3487,3,2,1,1,0,1,0,0,0,43,23,20,40,23,17,26,11,15,11,6,5,7131,3703,3428
061,District-Garhwal,Rural,6,4607,2336,2271,0,0,0,0,0,0,0,0,0,63,32,31,28,20,8,17,6,11,4,2,2,4495,2276,2219
061,District-Garhwal,Rural,7,1005,505,500,3,0,3,2,2,0,0,0,0,61,32,29,17,7,10,6,5,1,1,1,0,915,458,457
061,District-Garhwal,Rural,8,382,175,207,3,0,3,1,0,1,1,0,1,53,28,25,23,9,14,8,4,4,4,3,1,289,131,158
061,District-Garhwal,Rural,9,435,230,205,5,2,3,1,1,0,1,1,0,45,21,24,9,5,4,5,1,4,1,1,0,368,198,170
061,District-Garhwal,Rural,10,654,347,307,10,2,8,5,2,3,2,2,0,60,27,33,27,14,13,7,3,4,4,2,2,539,295,244
061,District-Garhwal,Rural,11,352,185,167,12,4,8,14,5,9,4,3,1,67,35,32,17,7,10,5,2,3,3,2,1,230,127,103
061,District-Garhwal,Rural,12,306,129,177,40,18,22,27,11,16,14,6,8,73,30,43,37,15,22,9,3,6,1,0,1,105,46,59
061,District-Garhwal,Rural,13,357,151,206,61,31,30,40,18,22,27,11,16,118,43,75,29,15,14,7,3,4,3,1,2,72,29,43
061,District-Garhwal,Rural,14,526,237,289,96,49,47,74,29,45,42,22,20,168,65,103,49,26,23,12,5,7,6,3,3,79,38,41
061,District-Garhwal,Rural,15,783,350,433,167,85,82,98,52,46,58,30,28,262,85,177,73,46,27,22,10,12,15,9,6,88,33,55
061,District-Garhwal,Rural,16,1055,436,619,244,113,131,198,91,107,80,32,48,364,114,250,57,32,25,24,12,12,14,7,7,74,35,39
061,District-Garhwal,Rural,17,1764,746,1018,413,208,205,371,155,216,196,85,111,610,210,400,69,41,28,30,13,17,12,7,5,63,27,36
061,District-Garhwal,Rural,18,3380,1415,1965,857,434,423,726,295,431,341,129,212,1179,407,772,119,79,40,42,24,18,14,9,5,102,38,64
061,District-Garhwal,Rural,19,3946,1486,2460,988,432,556,929,324,605,428,177,251,1367,449,918,89,45,44,45,22,23,17,7,10,83,30,53
061,District-Garhwal,Urban,5-19,5087,3066,2021,860,825,35,159,126,33,19,16,3,1184,479,705,149,139,10,40,33,7,7,5,2,2669,1443,1226
061,District-Garhwal,Urban,5,1236,670,566,1,1,0,0,0,0,0,0,0,13,4,9,6,3,3,4,2,2,0,0,0,1212,660,552
061,District-Garhwal,Urban,6,857,479,378,0,0,0,0,0,0,0,0,0,11,6,5,6,4,2,2,2,0,1,0,1,837,467,370
061,District-Garhwal,Urban,7,211,115,96,1,1,0,2,1,1,0,0,0,15,7,8,2,2,0,1,1,0,0,0,0,190,103,87
061,District-Garhwal,Urban,8,62,43,19,0,0,0,0,0,0,0,0,0,4,3,1,0,0,0,0,0,0,0,0,0,58,40,18
061,District-Garhwal,Urban,9,53,35,18,1,1,0,0,0,0,0,0,0,7,4,3,0,0,0,1,1,0,0,0,0,44,29,15
061,District-Garhwal,Urban,10,100,48,52,2,2,0,1,0,1,0,0,0,10,4,6,1,0,1,0,0,0,0,0,0,86,42,44
061,District-Garhwal,Urban,11,60,40,20,4,3,1,1,1,0,0,0,0,20,13,7,1,1,0,0,0,0,0,0,0,34,22,12
061,District-Garhwal,Urban,12,64,37,27,9,8,1,2,1,1,1,1,0,29,15,14,1,1,0,0,0,0,0,0,0,22,11,11
061,District-Garhwal,Urban,13,93,60,33,15,13,2,2,2,0,0,0,0,49,28,21,5,4,1,1,1,0,0,0,0,21,12,9
061,District-Garhwal,Urban,14,135,66,69,18,15,3,6,6,0,0,0,0,82,30,52,6,5,1,0,0,0,0,0,0,23,10,13
061,District-Garhwal,Urban,15,185,108,77,34,34,0,8,6,2,1,1,0,97,40,57,12,12,0,1,0,1,0,0,0,32,15,17
061,District-Garhwal,Urban,16,263,144,119,57,55,2,18,10,8,0,0,0,146,57,89,5,5,0,4,3,1,2,1,1,31,13,18
061,District-Garhwal,Urban,17,331,219,112,81,76,5,20,19,1,4,4,0,162,72,90,31,29,2,10,10,0,1,1,0,22,8,14
061,District-Garhwal,Urban,18,673,444,229,242,232,10,47,39,8,11,9,2,284,100,184,51,51,0,5,4,1,3,3,0,30,6,24
061,District-Garhwal,Urban,19,764,558,206,395,384,11,52,41,11,2,1,1,255,96,159,22,22,0,11,9,2,0,0,0,27,5,22
062,District-Pithoragarh,Total,5-19,24002,11866,12136,3768,1691,2077,2446,1095,1351,906,438,468,3555,1437,2118,354,185,169,276,159,117,103,50,53,12594,6811,5783
062,District-Pithoragarh,Total,5,6401,3548,2853,3,2,1,0,0,0,0,0,0,35,17,18,19,7,12,23,13,10,4,2,2,6317,3507,2810
062,District-Pithoragarh,Total,6,4175,2273,1902,3,2,1,0,0,0,2,1,1,61,29,32,20,13,7,30,17,13,7,7,0,4052,2204,1848
062,District-Pithoragarh,Total,7,915,499,416,4,2,2,2,2,0,0,0,0,68,36,32,7,4,3,4,3,1,2,1,1,828,451,377
062,District-Pithoragarh,Total,8,260,132,128,5,4,1,1,0,1,0,0,0,39,22,17,2,1,1,1,0,1,1,1,0,211,104,107
062,District-Pithoragarh,Total,9,265,135,130,5,2,3,1,0,1,0,0,0,46,23,23,4,2,2,1,0,1,1,1,0,207,107,100
062,District-Pithoragarh,Total,10,441,244,197,7,3,4,6,2,4,3,1,2,39,23,16,5,2,3,5,2,3,0,0,0,376,211,165
062,District-Pithoragarh,Total,11,283,150,133,27,18,9,12,7,5,7,3,4,71,37,34,5,1,4,1,1,0,0,0,0,160,83,77
062,District-Pithoragarh,Total,12,270,122,148,60,36,24,24,8,16,13,5,8,93,40,53,7,2,5,4,2,2,2,1,1,67,28,39
062,District-Pithoragarh,Total,13,277,116,161,68,29,39,24,10,14,11,5,6,115,54,61,9,3,6,8,3,5,3,2,1,39,10,29
062,District-Pithoragarh,Total,14,455,194,261,99,51,48,75,28,47,27,11,16,175,65,110,14,7,7,13,10,3,5,2,3,47,20,27
062,District-Pithoragarh,Total,15,863,389,474,254,131,123,142,62,80,77,42,35,271,109,162,31,13,18,27,13,14,7,2,5,54,17,37
062,District-Pithoragarh,Total,16,1113,503,610,306,138,168,244,115,129,109,51,58,356,154,202,25,15,10,20,13,7,11,2,9,42,15,27
062,District-Pithoragarh,Total,17,1576,698,878,501,222,279,347,184,163,133,56,77,470,183,287,24,14,10,27,16,11,15,1,14,59,22,37
062,District-Pithoragarh,Total,18,3272,1424,1848,1127,491,636,791,350,441,254,117,137,820,317,503,100,59,41,66,46,20,29,19,10,85,25,60
062,District-Pithoragarh,Total,19,3436,1439,1997,1299,560,739,777,327,450,270,146,124,896,328,568,82,42,40,46,20,26,16,9,7,50,7,43
062,District-Pithoragarh,Rural,5-19,20874,9938,10936,3452,1419,2033,2312,976,1336,883,420,463,3080,1234,1846,265,112,153,220,108,112,71,23,48,10591,5646,4945
062,District-Pithoragarh,Rural,5,5412,2957,2455,3,2,1,0,0,0,0,0,0,34,17,17,8,3,5,23,13,10,4,2,2,5340,2920,2420
062,District-Pithoragarh,Rural,6,3443,1845,1598,3,2,1,0,0,0,2,1,1,55,26,29,6,4,2,30,17,13,6,6,0,3341,1789,1552
062,District-Pithoragarh,Rural,7,779,420,359,4,2,2,2,2,0,0,0,0,52,29,23,6,3,3,3,2,1,2,1,1,710,381,329
062,District-Pithoragarh,Rural,8,209,107,102,3,2,1,1,0,1,0,0,0,29,18,11,2,1,1,1,0,1,0,0,0,173,86,87
062,District-Pithoragarh,Rural,9,227,117,110,2,1,1,1,0,1,0,0,0,39,20,19,4,2,2,1,0,1,1,1,0,179,93,86
062,District-Pithoragarh,Rural,10,373,209,164,3,2,1,5,2,3,2,0,2,25,14,11,4,2,2,4,2,2,0,0,0,330,187,143
062,District-Pithoragarh,Rural,11,242,119,123,22,14,8,11,6,5,7,3,4,57,27,30,5,1,4,1,1,0,0,0,0,139,67,72
062,District-Pithoragarh,Rural,12,248,114,134,59,36,23,22,7,15,13,5,8,83,36,47,5,1,4,4,2,2,1,0,1,61,27,34
062,District-Pithoragarh,Rural,13,236,89,147,57,21,36,21,7,14,10,4,6,95,41,54,9,3,6,8,3,5,3,2,1,33,8,25
062,District-Pithoragarh,Rural,14,408,165,243,88,42,46,74,27,47,27,11,16,152,55,97,10,3,7,11,8,3,5,2,3,41,17,24
062,District-Pithoragarh,Rural,15,773,322,451,224,104,120,133,53,80,75,40,35,243,94,149,27,10,17,20,8,12,5,0,5,46,13,33
062,District-Pithoragarh,Rural,16,1001,423,578,278,114,164,230,102,128,107,50,57,305,125,180,18,9,9,15,9,6,11,2,9,37,12,25
062,District-Pithoragarh,Rural,17,1443,613,830,469,193,276,325,165,160,133,56,77,414,163,251,21,11,10,18,7,11,12,0,12,51,18,33
062,District-Pithoragarh,Rural,18,2933,1179,1754,1025,400,625,744,307,437,246,111,135,721,281,440,71,30,41,42,23,19,13,4,9,71,23,48
062,District-Pithoragarh,Rural,19,3147,1259,1888,1212,484,728,743,298,445,261,139,122,776,288,488,69,29,40,39,13,26,8,3,5,39,5,34
062,District-Pithoragarh,Urban,5-19,3128,1928,1200,316,272,44,134,119,15,23,18,5,475,203,272,89,73,16,56,51,5,32,27,5,2003,1165,838
062,District-Pithoragarh,Urban,5,989,591,398,0,0,0,0,0,0,0,0,0,1,0,1,11,4,7,0,0,0,0,0,0,977,587,390
062,District-Pithoragarh,Urban,6,732,428,304,0,0,0,0,0,0,0,0,0,6,3,3,14,9,5,0,0,0,1,1,0,711,415,296
062,District-Pithoragarh,Urban,7,136,79,57,0,0,0,0,0,0,0,0,0,16,7,9,1,1,0,1,1,0,0,0,0,118,70,48
062,District-Pithoragarh,Urban,8,51,25,26,2,2,0,0,0,0,0,0,0,10,4,6,0,0,0,0,0,0,1,1,0,38,18,20
062,District-Pithoragarh,Urban,9,38,18,20,3,1,2,0,0,0,0,0,0,7,3,4,0,0,0,0,0,0,0,0,0,28,14,14
062,District-Pithoragarh,Urban,10,68,35,33,4,1,3,1,0,1,1,1,0,14,9,5,1,0,1,1,0,1,0,0,0,46,24,22
062,District-Pithoragarh,Urban,11,41,31,10,5,4,1,1,1,0,0,0,0,14,10,4,0,0,0,0,0,0,0,0,0,21,16,5
062,District-Pithoragarh,Urban,12,22,8,14,1,0,1,2,1,1,0,0,0,10,4,6,2,1,1,0,0,0,1,1,0,6,1,5
062,District-Pithoragarh,Urban,13,41,27,14,11,8,3,3,3,0,1,1,0,20,13,7,0,0,0,0,0,0,0,0,0,6,2,4
062,District-Pithoragarh,Urban,14,47,29,18,11,9,2,1,1,0,0,0,0,23,10,13,4,4,0,2,2,0,0,0,0,6,3,3
062,District-Pithoragarh,Urban,15,90,67,23,30,27,3,9,9,0,2,2,0,28,15,13,4,3,1,7,5,2,2,2,0,8,4,4
062,District-Pithoragarh,Urban,16,112,80,32,28,24,4,14,13,1,2,1,1,51,29,22,7,6,1,5,4,1,0,0,0,5,3,2
062,District-Pithoragarh,Urban,17,133,85,48,32,29,3,22,19,3,0,0,0,56,20,36,3,3,0,9,9,0,3,1,2,8,4,4
062,District-Pithoragarh,Urban,18,339,245,94,102,91,11,47,43,4,8,6,2,99,36,63,29,29,0,24,23,1,16,15,1,14,2,12
062,District-Pithoragarh,Urban,19,289,180,109,87,76,11,34,29,5,9,7,2,120,40,80,13,13,0,7,7,0,8,6,2,11,2,9
063,District-Bageshwar,Total,5-19,13599,6211,7388,2233,869,1364,1394,577,817,452,187,265,1924,749,1175,200,77,123,130,53,77,52,19,33,7214,3680,3534
063,District-Bageshwar,Total,5,3945,2067,1878,3,1,2,1,0,1,0,0,0,27,9,18,24,15,9,9,4,5,6,3,3,3875,2035,1840
063,District-Bageshwar,Total,6,2273,1160,1113,4,2,2,0,0,0,0,0,0,19,11,8,10,4,6,4,1,3,9,5,4,2227,1137,1090
063,District-Bageshwar,Total,7,578,268,310,4,1,3,0,0,0,0,0,0,44,18,26,5,3,2,1,1,0,6,0,6,518,245,273
063,District-Bageshwar,Total,8,181,92,89,7,4,3,0,0,0,0,0,0,37,19,18,1,1,0,1,1,0,0,0,0,135,67,68
063,District-Bageshwar,Total,9,115,62,53,3,3,0,0,0,0,0,0,0,34,22,12,2,1,1,0,0,0,0,0,0,76,36,40
063,District-Bageshwar,Total,10,143,62,81,6,2,4,0,0,0,1,0,1,38,20,18,1,0,1,2,1,1,1,0,1,94,39,55
063,District-Bageshwar,Total,11,131,53,78,26,9,17,5,3,2,3,1,2,45,18,27,4,2,2,1,0,1,2,0,2,45,20,25
063,District-Bageshwar,Total,12,141,67,74,24,15,9,12,4,8,4,2,2,56,30,26,5,2,3,7,2,5,3,2,1,30,10,20
063,District-Bageshwar,Total,13,175,66,109,43,14,29,18,6,12,12,8,4,61,22,39,10,3,7,4,1,3,0,0,0,27,12,15
063,District-Bageshwar,Total,14,272,103,169,68,29,39,36,12,24,18,6,12,99,36,63,9,2,7,9,1,8,4,1,3,29,16,13
063,District-Bageshwar,Total,15,489,186,303,157,67,90,93,32,61,25,10,15,153,53,100,20,5,15,8,3,5,1,1,0,32,15,17
063,District-Bageshwar,Total,16,673,268,405,203,89,114,134,46,88,48,24,24,221,82,139,17,5,12,16,6,10,3,2,1,31,14,17
063,District-Bageshwar,Total,17,944,383,561,310,126,184,206,98,108,79,34,45,275,96,179,21,8,13,21,12,9,1,0,1,31,9,22
063,District-Bageshwar,Total,18,1717,686,1031,639,248,391,425,179,246,130,52,78,421,162,259,40,17,23,17,9,8,8,3,5,37,16,21
063,District-Bageshwar,Total,19,1822,688,1134,736,259,477,464,197,267,132,50,82,394,151,243,31,9,22,30,11,19,8,2,6,27,9,18
063,District-Bageshwar,Rural,5-19,13097,5921,7176,2213,851,1362,1366,552,814,449,185,264,1796,676,1120,196,74,122,119,44,75,51,18,33,6907,3521,3386
063,District-Bageshwar,Rural,5,3795,1973,1822,3,1,2,1,0,1,0,0,0,25,7,18,24,15,9,8,4,4,5,2,3,3729,1944,1785
063,District-Bageshwar,Rural,6,2173,1116,1057,4,2,2,0,0,0,0,0,0,18,10,8,10,4,6,4,1,3,9,5,4,2128,1094,1034
063,District-Bageshwar,Rural,7,546,254,292,4,1,3,0,0,0,0,0,0,42,17,25,5,3,2,1,1,0,6,0,6,488,232,256
063,District-Bageshwar,Rural,8,170,87,83,7,4,3,0,0,0,0,0,0,34,18,16,1,1,0,1,1,0,0,0,0,127,63,64
063,District-Bageshwar,Rural,9,111,60,51,3,3,0,0,0,0,0,0,0,34,22,12,2,1,1,0,0,0,0,0,0,72,34,38
063,District-Bageshwar,Rural,10,140,61,79,6,2,4,0,0,0,1,0,1,36,19,17,1,0,1,2,1,1,1,0,1,93,39,54
063,District-Bageshwar,Rural,11,126,50,76,26,9,17,5,3,2,3,1,2,42,16,26,4,2,2,1,0,1,2,0,2,43,19,24
063,District-Bageshwar,Rural,12,134,64,70,24,15,9,11,3,8,4,2,2,53,29,24,5,2,3,7,2,5,3,2,1,27,9,18
063,District-Bageshwar,Rural,13,160,61,99,42,13,29,17,6,11,11,8,3,53,19,34,9,3,6,4,1,3,0,0,0,24,11,13
063,District-Bageshwar,Rural,14,263,99,164,67,28,39,36,12,24,18,6,12,92,33,59,9,2,7,9,1,8,4,1,3,28,16,12
063,District-Bageshwar,Rural,15,476,179,297,156,66,90,93,32,61,25,10,15,144,48,96,19,4,15,8,3,5,1,1,0,30,15,15
063,District-Bageshwar,Rural,16,653,254,399,201,87,114,134,46,88,48,24,24,208,74,134,17,5,12,14,4,10,3,2,1,28,12,16
063,District-Bageshwar,Rural,17,917,364,553,307,123,184,199,91,108,79,34,45,262,89,173,21,8,13,19,10,9,1,0,1,29,9,20
063,District-Bageshwar,Rural,18,1664,645,1019,632,241,391,418,172,246,130,52,78,388,140,248,38,15,23,15,7,8,8,3,5,35,15,20
063,District-Bageshwar,Rural,19,1769,654,1115,731,256,475,452,187,265,130,48,82,365,135,230,31,9,22,26,8,18,8,2,6,26,9,17
063,District-Bageshwar,Urban,5-19,502,290,212,20,18,2,28,25,3,3,2,1,128,73,55,4,3,1,11,9,2,1,1,0,307,159,148
063,District-Bageshwar,Urban,5,150,94,56,0,0,0,0,0,0,0,0,0,2,2,0,0,0,0,1,0,1,1,1,0,146,91,55
063,District-Bageshwar,Urban,6,100,44,56,0,0,0,0,0,0,0,0,0,1,1,0,0,0,0,0,0,0,0,0,0,99,43,56
063,District-Bageshwar,Urban,7,32,14,18,0,0,0,0,0,0,0,0,0,2,1,1,0,0,0,0,0,0,0,0,0,30,13,17
063,District-Bageshwar,Urban,8,11,5,6,0,0,0,0,0,0,0,0,0,3,1,2,0,0,0,0,0,0,0,0,0,8,4,4
063,District-Bageshwar,Urban,9,4,2,2,0,0,0,0,0,0,0,0,0,0,0,0,0,0,0,0,0,0,0,0,0,4,2,2
063,District-Bageshwar,Urban,10,3,1,2,0,0,0,0,0,0,0,0,0,2,1,1,0,0,0,0,0,0,0,0,0,1,0,1
063,District-Bageshwar,Urban,11,5,3,2,0,0,0,0,0,0,0,0,0,3,2,1,0,0,0,0,0,0,0,0,0,2,1,1
063,District-Bageshwar,Urban,12,7,3,4,0,0,0,1,1,0,0,0,0,3,1,2,0,0,0,0,0,0,0,0,0,3,1,2
063,District-Bageshwar,Urban,13,15,5,10,1,1,0,1,0,1,1,0,1,8,3,5,1,0,1,0,0,0,0,0,0,3,1,2
063,District-Bageshwar,Urban,14,9,4,5,1,1,0,0,0,0,0,0,0,7,3,4,0,0,0,0,0,0,0,0,0,1,0,1
063,District-Bageshwar,Urban,15,13,7,6,1,1,0,0,0,0,0,0,0,9,5,4,1,1,0,0,0,0,0,0,0,2,0,2
063,District-Bageshwar,Urban,16,20,14,6,2,2,0,0,0,0,0,0,0,13,8,5,0,0,0,2,2,0,0,0,0,3,2,1
063,District-Bageshwar,Urban,17,27,19,8,3,3,0,7,7,0,0,0,0,13,7,6,0,0,0,2,2,0,0,0,0,2,0,2
063,District-Bageshwar,Urban,18,53,41,12,7,7,0,7,7,0,0,0,0,33,22,11,2,2,0,2,2,0,0,0,0,2,1,1
063,District-Bageshwar,Urban,19,53,34,19,5,3,2,12,10,2,2,2,0,29,16,13,0,0,0,4,3,1,0,0,0,1,0,1
064,"District-Almora",Total,5-19,31207,14158,17049,5703,2373,3330,3435,1277,2158,1079,405,674,4414,1549,2865,409,140,269,216,78,138,182,91,91,15769,8245,7524
064,"District-Almora",Total,5,8342,4398,3944,2,1,1,1,1,0,0,0,0,50,28,22,36,15,21,30,16,14,40,17,23,8183,4320,3863
064,"District-Almora",Total,6,5418,2808,2610,1,1,0,2,2,0,5,3,2,72,32,40,22,9,13,25,9,16,53,25,28,5238,2727,2511
064,"District-Almora",Total,7,1082,553,529,8,5,3,3,1,2,2,0,2,52,24,28,8,1,7,11,6,5,25,16,9,973,500,473
064,"District-Almora",Total,8,335,177,158,5,2,3,1,0,1,0,0,0,48,24,24,3,1,2,7,3,4,8,7,1,263,140,123
064,"District-Almora",Total,9,284,133,151,5,2,3,2,0,2,0,0,0,47,21,26,4,1,3,5,0,5,1,0,1,220,109,111
064,"District-Almora",Total,10,374,206,168,13,5,8,7,2,5,0,0,0,45,23,22,3,1,2,2,1,1,3,1,2,301,173,128
064,"District-Almora",Total,11,246,124,122,36,14,22,12,8,4,5,2,3,53,26,27,7,1,6,7,1,6,1,1,0,125,71,54
064,"District-Almora",Total,12,273,121,152,67,30,37,30,14,16,11,5,6,99,43,56,14,3,11,3,0,3,2,2,0,47,24,23
064,"District-Almora",Total,13,329,132,197,78,35,43,34,9,25,26,8,18,121,56,65,18,2,16,5,1,4,3,0,3,44,21,23
064,"District-Almora",Total,14,573,217,356,144,63,81,105,30,75,49,22,27,191,69,122,17,6,11,9,2,7,5,4,1,53,21,32
064,"District-Almora",Total,15,1084,364,720,303,111,192,200,62,138,94,31,63,327,113,214,53,13,40,31,8,23,11,5,6,65,21,44
064,"District-Almora",Total,16,1630,578,1052,489,172,317,369,137,232,135,51,84,514,160,354,32,14,18,18,10,8,7,2,5,66,32,34
064,"District-Almora",Total,17,2313,814,1499,820,302,518,567,199,368,175,66,109,634,204,430,35,12,23,20,8,12,5,3,2,57,20,37
064,"District-Almora",Total,18,4327,1708,2619,1697,735,962,1036,404,632,292,101,191,1125,390,735,80,30,50,19,8,11,8,5,3,70,35,35
064,"District-Almora",Total,19,4597,1825,2772,2035,895,1140,1066,408,658,285,116,169,1036,336,700,77,31,46,24,5,19,10,3,7,64,31,33
064,"District-Almora",Rural,5-19,28692,12545,16147,5138,1824,3314,3345,1192,2153,1066,395,671,4005,1336,2669,389,123,266,210,76,134,180,89,91,14359,7510,6849
064,"District-Almora",Rural,5,7660,4030,3630,2,1,1,1,1,0,0,0,0,44,23,21,36,15,21,29,16,13,40,17,23,7508,3957,3551
064,"District-Almora",Rural,6,4893,2548,2345,1,1,0,2,2,0,5,3,2,66,30,36,22,9,13,24,9,15,53,25,28,4720,2469,2251
064,"District-Almora",Rural,7,998,507,491,8,5,3,3,1,2,2,0,2,45,20,25,8,1,7,11,6,5,25,16,9,896,458,438
064,"District-Almora",Rural,8,299,154,145,5,2,3,1,0,1,0,0,0,41,19,22,3,1,2,6,3,3,8,7,1,235,122,113
064,"District-Almora",Rural,9,252,120,132,5,2,3,2,0,2,0,0,0,41,17,24,4,1,3,5,0,5,1,0,1,194,100,94
064,"District-Almora",Rural,10,340,189,151,13,5,8,7,2,5,0,0,0,37,20,17,3,1,2,2,1,1,3,1,2,275,159,116
064,"District-Almora",Rural,11,225,113,112,35,13,22,12,8,4,5,2,3,43,21,22,7,1,6,7,1,6,1,1,0,115,66,49
064,"District-Almora",Rural,12,248,106,142,64,27,37,30,14,16,11,5,6,83,35,48,12,2,10,3,0,3,2,2,0,43,21,22
064,"District-Almora",Rural,13,307,113,194,72,29,43,34,9,25,26,8,18,110,46,64,18,2,16,5,1,4,3,0,3,39,18,21
064,"District-Almora",Rural,14,540,198,342,139,58,81,105,30,75,49,22,27,171,59,112,16,5,11,9,2,7,5,4,1,46,18,28
064,"District-Almora",Rural,15,1046,339,707,295,104,191,198,60,138,93,30,63,310,104,206,53,13,40,29,6,23,10,4,6,58,18,40
064,"District-Almora",Rural,16,1569,539,1030,477,162,315,365,133,232,134,50,84,482,143,339,30,12,18,18,10,8,7,2,5,56,27,29
064,"District-Almora",Rural,17,2202,738,1464,788,271,517,566,198,368,174,65,109,568,169,399,31,8,23,20,8,12,5,3,2,50,16,34
064,"District-Almora",Rural,18,4013,1454,2559,1545,587,958,987,358,629,285,97,188,1028,340,688,77,28,49,19,8,11,8,5,3,64,31,33
064,"District-Almora",Rural,19,4100,1397,2703,1689,557,1132,1032,376,656,282,113,169,936,290,646,69,24,45,23,5,18,9,2,7,60,30,30
064,"District-Almora",Urban,5-19,2515,1613,902,565,549,16,90,85,5,13,10,3,409,213,196,20,17,3,6,2,4,2,2,0,1410,735,675
064,"District-Almora",Urban,5,682,368,314,0,0,0,0,0,0,0,0,0,6,5,1,0,0,0,1,0,1,0,0,0,675,363,312
064,"District-Almora",Urban,6,525,260,265,0,0,0,0,0,0,0,0,0,6,2,4,0,0,0,1,0,1,0,0,0,518,258,260
064,"District-Almora",Urban,7,84,46,38,0,0,0,0,0,0,0,0,0,7,4,3,0,0,0,0,0,0,0,0,0,77,42,35
064,"District-Almora",Urban,8,36,23,13,0,0,0,0,0,0,0,0,0,7,5,2,0,0,0,1,0,1,0,0,0,28,18,10
064,"District-Almora",Urban,9,32,13,19,0,0,0,0,0,0,0,0,0,6,4,2,0,0,0,0,0,0,0,0,0,26,9,17
064,"District-Almora",Urban,10,34,17,17,0,0,0,0,0,0,0,0,0,8,3,5,0,0,0,0,0,0,0,0,0,26,14,12
064,"District-Almora",Urban,11,21,11,10,1,1,0,0,0,0,0,0,0,10,5,5,0,0,0,0,0,0,0,0,0,10,5,5
064,"District-Almora",Urban,12,25,15,10,3,3,0,0,0,0,0,0,0,16,8,8,2,1,1,0,0,0,0,0,0,4,3,1
064,"District-Almora",Urban,13,22,19,3,6,6,0,0,0,0,0,0,0,11,10,1,0,0,0,0,0,0,0,0,0,5,3,2
064,"District-Almora",Urban,14,33,19,14,5,5,0,0,0,0,0,0,0,20,10,10,1,1,0,0,0,0,0,0,0,7,3,4
064,"District-Almora",Urban,15,38,25,13,8,7,1,2,2,0,1,1,0,17,9,8,0,0,0,2,2,0,1,1,0,7,3,4
064,"District-Almora",Urban,16,61,39,22,12,10,2,4,4,0,1,1,0,32,17,15,2,2,0,0,0,0,0,0,0,10,5,5
064,"District-Almora",Urban,17,111,76,35,32,31,1,1,1,0,1,1,0,66,35,31,4,4,0,0,0,0,0,0,0,7,4,3
064,"District-Almora",Urban,18,314,254,60,152,148,4,49,46,3,7,4,3,97,50,47,3,2,1,0,0,0,0,0,0,6,4,2
064,"District-Almora",Urban,19,497,428,69,346,338,8,34,32,2,3,3,0,100,46,54,8,7,1,1,0,1,1,1,0,4,1,3
065,District-Champawat,Total,5-19,16598,8004,8594,1653,1038,615,1574,716,858,626,227,399,3263,1124,2139,233,155,78,132,46,86,45,13,32,9072,4685,4387
065,District-Champawat,Total,5,4471,2391,2080,0,0,0,0,0,0,0,0,0,17,6,11,5,2,3,1,0,1,5,3,2,4443,2380,2063
065,District-Champawat,Total,6,2720,1445,1275,1,1,0,0,0,0,0,0,0,22,8,14,8,4,4,2,2,0,4,2,2,2683,1428,1255
065,District-Champawat,Total,7,630,316,314,1,1,0,0,0,0,0,0,0,19,9,10,4,3,1,1,0,1,1,1,0,604,302,302
065,District-Champawat,Total,8,228,113,115,2,1,1,0,0,0,0,0,0,26,16,10,0,0,0,1,0,1,0,0,0,199,96,103
065,District-Champawat,Total,9,245,129,116,2,2,0,1,0,1,0,0,0,27,17,10,0,0,0,1,0,1,1,0,1,213,110,103
065,District-Champawat,Total,10,358,183,175,2,1,1,2,1,1,2,0,2,44,21,23,1,0,1,2,0,2,0,0,0,305,160,145
065,District-Champawat,Total,11,166,84,82,11,8,3,7,4,3,2,1,1,55,24,31,6,6,0,2,0,2,0,0,0,83,41,42
065,District-Champawat,Total,12,177,78,99,16,11,5,13,7,6,8,3,5,77,31,46,4,3,1,2,0,2,1,0,1,56,23,33
065,District-Champawat,Total,13,264,97,167,17,10,7,38,8,30,15,3,12,116,48,68,9,6,3,2,1,1,1,0,1,66,21,45
065,District-Champawat,Total,14,402,160,242,61,35,26,67,20,47,25,7,18,169,59,110,14,13,1,6,1,5,4,1,3,56,24,32
065,District-Champawat,Total,15,756,308,448,104,69,35,129,55,74,62,19,43,341,121,220,29,14,15,10,1,9,5,0,5,76,29,47
065,District-Champawat,Total,16,980,382,598,161,99,62,187,66,121,80,26,54,437,145,292,24,14,10,14,6,8,7,3,4,70,23,47
065,District-Champawat,Total,17,1132,498,634,247,157,90,221,112,109,88,38,50,479,159,320,24,15,9,21,8,13,5,1,4,47,8,39
065,District-Champawat,Total,18,2069,945,1124,477,310,167,452,225,227,182,70,112,773,268,505,45,32,13,35,13,22,7,2,5,98,25,73
065,District-Champawat,Total,19,2000,875,1125,551,333,218,457,218,239,162,60,102,661,192,469,60,43,17,32,14,18,4,0,4,73,15,58
065,District-Champawat,Rural,5-19,13872,6468,7404,1397,799,598,1503,653,850,615,218,397,2531,793,1738,132,59,73,111,31,80,39,9,30,7544,3906,3638
065,District-Champawat,Rural,5,3923,2086,1837,0,0,0,0,0,0,0,0,0,14,5,9,3,0,3,1,0,1,5,3,2,3900,2078,1822
065,District-Champawat,Rural,6,2305,1228,1077,1,1,0,0,0,0,0,0,0,19,8,11,8,4,4,1,1,0,4,2,2,2272,1212,1060
065,District-Champawat,Rural,7,491,239,252,1,1,0,0,0,0,0,0,0,16,7,9,3,2,1,1,0,1,1,1,0,469,228,241
065,District-Champawat,Rural,8,162,73,89,2,1,1,0,0,0,0,0,0,13,7,6,0,0,0,1,0,1,0,0,0,146,65,81
065,District-Champawat,Rural,9,193,105,88,2,2,0,1,0,1,0,0,0,17,10,7,0,0,0,1,0,1,1,0,1,171,93,78
065,District-Champawat,Rural,10,262,134,128,2,1,1,2,1,1,2,0,2,20,10,10,1,0,1,2,0,2,0,0,0,233,122,111
065,District-Champawat,Rural,11,116,54,62,9,6,3,7,4,3,2,1,1,31,12,19,3,3,0,2,0,2,0,0,0,62,28,34
065,District-Champawat,Rural,12,111,41,70,13,9,4,11,5,6,8,3,5,46,13,33,2,1,1,2,0,2,1,0,1,28,10,18
065,District-Champawat,Rural,13,189,62,127,14,7,7,36,7,29,15,3,12,73,29,44,7,4,3,1,0,1,1,0,1,42,12,30
065,District-Champawat,Rural,14,296,98,198,56,30,26,64,18,46,23,5,18,119,35,84,5,5,0,5,1,4,3,0,3,21,4,17
065,District-Champawat,Rural,15,618,233,385,87,52,35,123,50,73,62,19,43,267,91,176,21,7,14,10,1,9,5,0,5,43,13,30
065,District-Champawat,Rural,16,809,286,523,137,78,59,179,59,120,77,23,54,348,101,247,13,5,8,11,4,7,5,2,3,39,14,25
065,District-Champawat,Rural,17,949,385,564,205,118,87,211,103,108,87,37,50,386,114,272,12,3,9,18,5,13,5,1,4,25,4,21
065,District-Champawat,Rural,18,1744,749,995,407,244,163,429,205,224,179,69,110,621,200,421,21,9,12,27,9,18,4,0,4,56,13,43
065,District-Champawat,Rural,19,1704,695,1009,461,249,212,440,201,239,160,58,102,541,151,390,33,16,17,28,10,18,4,0,4,37,10,27
065,District-Champawat,Urban,5-19,2726,1536,1190,256,239,17,71,63,8,11,9,2,732,331,401,101,96,5,21,15,6,6,4,2,1528,779,749
065,District-Champawat,Urban,5,548,305,243,0,0,0,0,0,0,0,0,0,3,1,2,2,2,0,0,0,0,0,0,0,543,302,241
065,District-Champawat,Urban,6,415,217,198,0,0,0,0,0,0,0,0,0,3,0,3,0,0,0,1,1,0,0,0,0,411,216,195
065,District-Champawat,Urban,7,139,77,62,0,0,0,0,0,0,0,0,0,3,2,1,1,1,0,0,0,0,0,0,0,135,74,61
065,District-Champawat,Urban,8,66,40,26,0,0,0,0,0,0,0,0,0,13,9,4,0,0,0,0,0,0,0,0,0,53,31,22
065,District-Champawat,Urban,9,52,24,28,0,0,0,0,0,0,0,0,0,10,7,3,0,0,0,0,0,0,0,0,0,42,17,25
065,District-Champawat,Urban,10,96,49,47,0,0,0,0,0,0,0,0,0,24,11,13,0,0,0,0,0,0,0,0,0,72,38,34
065,District-Champawat,Urban,11,50,30,20,2,2,0,0,0,0,0,0,0,24,12,12,3,3,0,0,0,0,0,0,0,21,13,8
065,District-Champawat,Urban,12,66,37,29,3,2,1,2,2,0,0,0,0,31,18,13,2,2,0,0,0,0,0,0,0,28,13,15
065,District-Champawat,Urban,13,75,35,40,3,3,0,2,1,1,0,0,0,43,19,24,2,2,0,1,1,0,0,0,0,24,9,15
065,District-Champawat,Urban,14,106,62,44,5,5,0,3,2,1,2,2,0,50,24,26,9,8,1,1,0,1,1,1,0,35,20,15
065,District-Champawat,Urban,15,138,75,63,17,17,0,6,5,1,0,0,0,74,30,44,8,7,1,0,0,0,0,0,0,33,16,17
065,District-Champawat,Urban,16,171,96,75,24,21,3,8,7,1,3,3,0,89,44,45,11,9,2,3,2,1,2,1,1,31,9,22
065,District-Champawat,Urban,17,183,113,70,42,39,3,10,9,1,1,1,0,93,45,48,12,12,0,3,3,0,0,0,0,22,4,18
065,District-Champawat,Urban,18,325,196,129,70,66,4,23,20,3,3,1,2,152,68,84,24,23,1,8,4,4,3,2,1,42,12,30
065,District-Champawat,Urban,19,296,180,116,90,84,6,17,17,0,2,2,0,120,41,79,27,27,0,4,4,0,0,0,0,36,5,31
066,District-Nainital,Total,5-19,63704,33952,29752,9880,7215,2665,3844,2231,1613,1279,718,561,12998,4822,8176,2410,1797,613,875,520,355,294,163,131,32124,16486,15638
066,District-Nainital,Total,5,13015,6879,6136,6,4,2,6,5,1,0,0,0,118,61,57,100,54,46,69,27,42,19,11,8,12697,6717,5980
066,District-Nainital,Total,6,9387,4982,4405,4,3,1,4,2,2,0,0,0,150,73,77,66,39,27,59,34,25,27,11,16,9077,4820,4257
066,District-Nainital,Total,7,2457,1283,1174,22,15,7,5,2,3,2,1,1,131,54,77,21,12,9,16,6,10,10,2,8,2250,1191,1059
066,District-Nainital,Total,8,1231,639,592,21,13,8,10,5,5,0,0,0,134,61,73,20,9,11,17,10,7,5,3,2,1024,538,486
066,District-Nainital,Total,9,1100,556,544,18,13,5,7,5,2,2,0,2,144,59,85,21,11,10,17,8,9,4,3,1,887,457,430
066,District-Nainital,Total,10,1920,1029,891,23,15,8,13,8,5,8,4,4,223,117,106,57,29,28,27,18,9,5,2,3,1564,836,728
066,District-Nainital,Total,11,1326,716,610,93,63,30,34,19,15,6,2,4,279,140,139,52,33,19,24,10,14,4,2,2,834,447,387
066,District-Nainital,Total,12,1275,670,605,178,125,53,48,29,19,20,12,8,451,208,243,65,45,20,32,16,16,7,5,2,474,230,244
066,District-Nainital,Total,13,1373,713,660,194,131,63,80,44,36,36,21,15,534,248,286,77,57,20,36,22,14,9,3,6,407,187,220
066,District-Nainital,Total,14,2175,1140,1035,402,287,115,173,93,80,55,25,30,893,374,519,120,87,33,46,28,18,25,13,12,461,233,228
066,District-Nainital,Total,15,3198,1671,1527,721,509,212,286,165,121,135,73,62,1206,478,728,244,177,67,72,41,31,34,20,14,500,208,292
066,District-Nainital,Total,16,4048,2172,1876,1002,727,275,460,257,203,167,93,74,1547,603,944,299,238,61,80,47,33,37,19,18,456,188,268
066,District-Nainital,Total,17,4878,2635,2243,1479,1099,380,630,366,264,203,109,94,1788,634,1154,271,201,70,79,57,22,31,21,10,397,148,249
066,District-Nainital,Total,18,8605,4758,3847,2833,2143,690,1084,647,437,346,200,146,2866,928,1938,622,519,103,183,119,64,39,23,16,632,179,453
066,District-Nainital,Total,19,7716,4109,3607,2884,2068,816,1004,584,420,299,178,121,2534,784,1750,375,286,89,118,77,41,38,25,13,464,107,357
066,District-Nainital,Rural,5-19,37384,19132,18252,6451,4040,2411,3088,1575,1513,1102,553,549,5747,2073,3674,1285,775,510,524,240,284,214,93,121,18973,9783,9190
066,District-Nainital,Rural,5,8551,4513,4038,3,1,2,5,4,1,0,0,0,64,35,29,81,43,38,53,19,34,18,11,7,8327,4400,3927
066,District-Nainital,Rural,6,5916,3120,2796,3,2,1,3,2,1,0,0,0,90,47,43,52,29,23,53,31,22,27,11,16,5688,2998,2690
066,District-Nainital,Rural,7,1405,731,674,16,10,6,4,1,3,2,1,1,71,31,40,15,8,7,14,5,9,10,2,8,1273,673,600
066,District-Nainital,Rural,8,622,313,309,15,9,6,8,3,5,0,0,0,77,34,43,14,4,10,12,8,4,5,3,2,491,252,239
066,District-Nainital,Rural,9,673,337,336,12,7,5,5,3,2,2,0,2,70,28,42,14,6,8,9,6,3,3,2,1,558,285,273
066,District-Nainital,Rural,10,1109,591,518,10,4,6,7,4,3,7,3,4,89,43,46,38,17,21,17,11,6,4,2,2,937,507,430
066,District-Nainital,Rural,11,717,363,354,55,31,24,24,13,11,6,2,4,115,52,63,30,12,18,15,4,11,3,1,2,469,248,221
066,District-Nainital,Rural,12,566,257,309,118,72,46,37,19,18,16,8,8,174,68,106,31,14,17,20,5,15,5,3,2,165,68,97
066,District-Nainital,Rural,13,633,281,352,126,69,57,57,25,32,30,15,15,214,85,129,46,29,17,18,7,11,9,3,6,133,48,85
066,District-Nainital,Rural,14,1050,468,582,256,151,105,129,52,77,47,18,29,373,139,234,65,36,29,23,6,17,19,8,11,138,58,80
066,District-Nainital,Rural,15,1623,752,871,440,250,190,221,104,117,119,57,62,483,171,312,148,89,59,39,14,25,20,8,12,153,59,94
066,District-Nainital,Rural,16,2112,1006,1106,632,389,243,374,177,197,141,69,72,623,214,409,129,80,49,42,17,25,27,10,17,144,50,94
066,District-Nainital,Rural,17,2788,1412,1376,950,602,348,518,273,245,178,86,92,807,290,517,145,84,61,40,25,15,17,7,10,133,45,88
066,District-Nainital,Rural,18,4821,2543,2278,1806,1187,619,856,450,406,288,144,144,1258,445,813,296,209,87,93,42,51,24,10,14,200,56,144
066,District-Nainital,Rural,19,4798,2445,2353,2009,1256,753,840,445,395,266,150,116,1239,391,848,181,115,66,76,40,36,23,12,11,164,36,128
066,District-Nainital,Urban,5-19,26320,14820,11500,3429,3175,254,756,656,100,177,165,12,7251,2749,4502,1125,1022,103,351,280,71,80,70,10,13151,6703,6448
066,District-Nainital,Urban,5,4464,2366,2098,3,3,0,1,1,0,0,0,0,54,26,28,19,11,8,16,8,8,1,0,1,4370,2317,2053
066,District-Nainital,Urban,6,3471,1862,1609,1,1,0,1,0,1,0,0,0,60,26,34,14,10,4,6,3,3,0,0,0,3389,1822,1567
066,District-Nainital,Urban,7,1052,552,500,6,5,1,1,1,0,0,0,0,60,23,37,6,4,2,2,1,1,0,0,0,977,518,459
066,District-Nainital,Urban,8,609,326,283,6,4,2,2,2,0,0,0,0,57,27,30,6,5,1,5,2,3,0,0,0,533,286,247
066,District-Nainital,Urban,9,427,219,208,6,6,0,2,2,0,0,0,0,74,31,43,7,5,2,8,2,6,1,1,0,329,172,157
066,District-Nainital,Urban,10,811,438,373,13,11,2,6,4,2,1,1,0,134,74,60,19,12,7,10,7,3,1,0,1,627,329,298
066,District-Nainital,Urban,11,609,353,256,38,32,6,10,6,4,0,0,0,164,88,76,22,21,1,9,6,3,1,1,0,365,199,166
066,District-Nainital,Urban,12,709,413,296,60,53,7,11,10,1,4,4,0,277,140,137,34,31,3,12,11,1,2,2,0,309,162,147
066,District-Nainital,Urban,13,740,432,308,68,62,6,23,19,4,6,6,0,320,163,157,31,28,3,18,15,3,0,0,0,274,139,135
066,District-Nainital,Urban,14,1125,672,453,146,136,10,44,41,3,8,7,1,520,235,285,55,51,4,23,22,1,6,5,1,323,175,148
066,District-Nainital,Urban,15,1575,919,656,281,259,22,65,61,4,16,16,0,723,307,416,96,88,8,33,27,6,14,12,2,347,149,198
066,District-Nainital,Urban,16,1936,1166,770,370,338,32,86,80,6,26,24,2,924,389,535,170,158,12,38,30,8,10,9,1,312,138,174
066,District-Nainital,Urban,17,2090,1223,867,529,497,32,112,93,19,25,23,2,981,344,637,126,117,9,39,32,7,14,14,0,264,103,161
066,District-Nainital,Urban,18,3784,2215,1569,1027,956,71,228,197,31,58,56,2,1608,483,1125,326,310,16,90,77,13,15,13,2,432,123,309
066,District-Nainital,Urban,19,2918,1664,1254,875,812,63,164,139,25,33,28,5,1295,393,902,194,171,23,42,37,5,15,13,2,300,71,229
067,District-Udham Singh Nagar,Total,5-19,166980,85104,81876,21246,18301,2945,8535,5527,3008,2988,1524,1464,37729,12245,25484,6960,5135,1825,3156,1754,1402,1038,426,612,85328,40192,45136
067,District-Udham Singh Nagar,Total,5,26618,14106,12512,10,9,1,6,4,2,1,0,1,201,106,95,171,98,73,120,65,55,25,10,15,26084,13814,12270
067,District-Udham Singh Nagar,Total,6,19990,10526,9464,16,13,3,6,4,2,0,0,0,272,139,133,113,63,50,102,49,53,20,8,12,19461,10250,9211
067,District-Udham Singh Nagar,Total,7,6957,3547,3410,26,15,11,10,5,5,1,1,0,324,164,160,81,50,31,44,23,21,17,11,6,6454,3278,3176
067,District-Udham Singh Nagar,Total,8,3961,2009,1952,24,18,6,12,8,4,9,5,4,375,179,196,68,45,23,45,21,24,17,9,8,3411,1724,1687
067,District-Udham Singh Nagar,Total,9,3766,1910,1856,42,34,8,31,21,10,9,6,3,474,230,244,48,30,18,42,27,15,19,9,10,3101,1553,1548
067,District-Udham Singh Nagar,Total,10,6073,3113,2960,84,65,19,53,24,29,25,17,8,718,367,351,109,70,39,84,43,41,31,15,16,4969,2512,2457
067,District-Udham Singh Nagar,Total,11,4243,2083,2160,144,112,32,62,43,19,43,18,25,945,417,528,117,83,34,67,28,39,37,20,17,2828,1362,1466
067,District-Udham Singh Nagar,Total,12,4702,2324,2378,320,257,63,151,95,56,85,48,37,1570,711,859,186,131,55,120,58,62,45,25,20,2225,999,1226
067,District-Udham Singh Nagar,Total,13,5052,2338,2714,469,387,82,254,159,95,106,49,57,1868,737,1131,231,157,74,147,71,76,61,27,34,1916,751,1165
067,District-Udham Singh Nagar,Total,14,7503,3595,3908,957,778,179,482,313,169,211,96,115,2986,1167,1819,400,276,124,210,118,92,80,27,53,2177,820,1357
067,District-Udham Singh Nagar,Total,15,10854,5148,5706,1710,1429,281,847,514,333,353,167,186,4194,1441,2753,734,522,212,334,197,137,114,43,71,2568,835,1733
067,District-Udham Singh Nagar,Total,16,13024,6213,6811,2544,2130,414,1145,732,413,413,194,219,4957,1539,3418,894,644,250,401,218,183,131,47,84,2539,709,1830
067,District-Udham Singh Nagar,Total,17,13304,6731,6573,3211,2726,485,1230,775,455,453,254,199,4933,1469,3464,901,686,215,388,237,151,112,39,73,2076,545,1531
067,District-Udham Singh Nagar,Total,18,23164,12222,10942,6501,5736,765,2434,1649,785,731,372,359,7784,2055,5729,1689,1324,365,633,359,274,193,79,114,3199,648,2551
067,District-Udham Singh Nagar,Total,19,17769,9239,8530,5188,4592,596,1812,1181,631,548,297,251,6128,1524,4604,1218,956,262,419,240,179,136,57,79,2320,392,1928
067,District-Udham Singh Nagar,Rural,5-19,104873,52573,52300,14571,12319,2252,6754,4178,2576,2455,1175,1280,23379,7064,16315,4274,2948,1326,2081,1015,1066,750,266,484,50609,23608,27001
067,District-Udham Singh Nagar,Rural,5,17055,9052,8003,7,6,1,3,1,2,1,0,1,127,61,66,108,59,49,65,35,30,21,9,12,16723,8881,7842
067,District-Udham Singh Nagar,Rural,6,12556,6583,5973,8,6,2,1,1,0,0,0,0,165,85,80,73,42,31,57,27,30,14,5,9,12238,6417,5821
067,District-Udham Singh Nagar,Rural,7,4088,2094,1994,20,13,7,5,2,3,1,1,0,186,102,84,47,27,20,28,15,13,11,7,4,3790,1927,1863
067,District-Udham Singh Nagar,Rural,8,2181,1117,1064,12,10,2,9,6,3,8,5,3,218,95,123,43,27,16,24,12,12,14,7,7,1853,955,898
067,District-Udham Singh Nagar,Rural,9,2046,1008,1038,28,21,7,16,10,6,7,4,3,265,129,136,28,19,9,30,19,11,16,7,9,1656,799,857
067,District-Udham Singh Nagar,Rural,10,3414,1726,1688,57,43,14,40,18,22,24,16,8,414,211,203,69,43,26,54,28,26,25,10,15,2731,1357,1374
067,District-Udham Singh Nagar,Rural,11,2456,1185,1271,93,67,26,45,31,14,37,16,21,585,250,335,73,50,23,46,18,28,29,17,12,1548,736,812
067,District-Udham Singh Nagar,Rural,12,2716,1283,1433,219,169,50,117,70,47,70,37,33,972,417,555,117,78,39,78,35,43,37,20,17,1106,457,649
067,District-Udham Singh Nagar,Rural,13,3035,1346,1689,319,255,64,198,114,84,89,42,47,1157,445,712,148,92,56,97,37,60,47,17,30,980,344,636
067,District-Udham Singh Nagar,Rural,14,4676,2146,2530,675,533,142,365,227,138,167,71,96,1934,714,1220,246,153,93,122,51,71,60,18,42,1107,379,728
067,District-Udham Singh Nagar,Rural,15,6916,3163,3753,1181,960,221,674,389,285,290,130,160,2676,864,1812,468,316,152,221,114,107,73,18,55,1333,372,961
067,District-Udham Singh Nagar,Rural,16,8483,3949,4534,1788,1480,308,920,564,356,342,153,189,3154,896,2258,556,369,187,282,141,141,89,29,60,1352,317,1035
067,District-Udham Singh Nagar,Rural,17,8528,4206,4322,2219,1840,379,969,582,387,362,183,179,3034,850,2184,545,384,161,248,128,120,74,22,52,1077,217,860
067,District-Udham Singh Nagar,Rural,18,15220,7893,7327,4479,3903,576,1936,1260,676,612,293,319,4759,1118,3641,1045,767,278,443,213,230,142,44,98,1804,295,1509
067,District-Udham Singh Nagar,Rural,19,11503,5822,5681,3466,3013,453,1456,903,553,445,224,221,3733,827,2906,708,522,186,286,142,144,98,36,62,1311,155,1156
067,District-Udham Singh Nagar,Urban,5-19,62107,32531,29576,6675,5982,693,1781,1349,432,533,349,184,14350,5181,9169,2686,2187,499,1075,739,336,288,160,128,34719,16584,18135
067,District-Udham Singh Nagar,Urban,5,9563,5054,4509,3,3,0,3,3,0,0,0,0,74,45,29,63,39,24,55,30,25,4,1,3,9361,4933,4428
067,District-Udham Singh Nagar,Urban,6,7434,3943,3491,8,7,1,5,3,2,0,0,0,107,54,53,40,21,19,45,22,23,6,3,3,7223,3833,3390
067,District-Udham Singh Nagar,Urban,7,2869,1453,1416,6,2,4,5,3,2,0,0,0,138,62,76,34,23,11,16,8,8,6,4,2,2664,1351,1313
067,District-Udham Singh Nagar,Urban,8,1780,892,888,12,8,4,3,2,1,1,0,1,157,84,73,25,18,7,21,9,12,3,2,1,1558,769,789
067,District-Udham Singh Nagar,Urban,9,1720,902,818,14,13,1,15,11,4,2,2,0,209,101,108,20,11,9,12,8,4,3,2,1,1445,754,691
067,District-Udham Singh Nagar,Urban,10,2659,1387,1272,27,22,5,13,6,7,1,1,0,304,156,148,40,27,13,30,15,15,6,5,1,2238,1155,1083
067,District-Udham Singh Nagar,Urban,11,1787,898,889,51,45,6,17,12,5,6,2,4,360,167,193,44,33,11,21,10,11,8,3,5,1280,626,654
067,District-Udham Singh Nagar,Urban,12,1986,1041,945,101,88,13,34,25,9,15,11,4,598,294,304,69,53,16,42,23,19,8,5,3,1119,542,577
067,District-Udham Singh Nagar,Urban,13,2017,992,1025,150,132,18,56,45,11,17,7,10,711,292,419,83,65,18,50,34,16,14,10,4,936,407,529
067,District-Udham Singh Nagar,Urban,14,2827,1449,1378,282,245,37,117,86,31,44,25,19,1052,453,599,154,123,31,88,67,21,20,9,11,1070,441,629
067,District-Udham Singh Nagar,Urban,15,3938,1985,1953,529,469,60,173,125,48,63,37,26,1518,577,941,266,206,60,113,83,30,41,25,16,1235,463,772
067,District-Udham Singh Nagar,Urban,16,4541,2264,2277,756,650,106,225,168,57,71,41,30,1803,643,1160,338,275,63,119,77,42,42,18,24,1187,392,795
067,District-Udham Singh Nagar,Urban,17,4776,2525,2251,992,886,106,261,193,68,91,71,20,1899,619,1280,356,302,54,140,109,31,38,17,21,999,328,671
067,District-Udham Singh Nagar,Urban,18,7944,4329,3615,2022,1833,189,498,389,109,119,79,40,3025,937,2088,644,557,87,190,146,44,51,35,16,1395,353,1042
067,District-Udham Singh Nagar,Urban,19,6266,3417,2849,1722,1579,143,356,278,78,103,73,30,2395,697,1698,510,434,76,133,98,35,38,21,17,1009,237,772
068,District-Hardwar,Total,5-19,215472,108026,107446,24042,21454,2588,5717,4462,1255,1381,993,388,59512,17820,41692,7360,6009,1351,2931,1819,1112,481,302,179,114048,55167,58881
068,District-Hardwar,Total,5,33687,17980,15707,11,10,1,6,4,2,0,0,0,283,159,124,114,63,51,135,60,75,5,1,4,33133,17683,15450
068,District-Hardwar,Total,6,26991,14255,12736,17,13,4,6,6,0,1,1,0,359,177,182,109,65,44,106,50,56,12,4,8,26381,13939,12442
068,District-Hardwar,Total,7,10112,5316,4796,26,18,8,7,4,3,0,0,0,454,211,243,62,39,23,58,29,29,4,1,3,9501,5014,4487
068,District-Hardwar,Total,8,7037,3629,3408,26,18,8,11,6,5,1,1,0,603,310,293,73,49,24,60,36,24,5,3,2,6258,3206,3052
068,District-Hardwar,Total,9,4679,2508,2171,31,24,7,13,10,3,3,1,2,552,262,290,62,39,23,48,23,25,7,2,5,3963,2147,1816
068,District-Hardwar,Total,10,7393,3783,3610,53,39,14,26,14,12,5,0,5,1142,540,602,93,56,37,99,55,44,14,5,9,5961,3074,2887
068,District-Hardwar,Total,11,4648,2371,2277,136,119,17,45,28,17,10,8,2,1185,500,685,96,70,26,76,48,28,10,6,4,3090,1592,1498
068,District-Hardwar,Total,12,6852,3329,3523,335,295,40,99,79,20,26,19,7,2650,1072,1578,212,157,55,124,61,63,22,14,8,3384,1632,1752
068,District-Hardwar,Total,13,6415,2921,3494,413,358,55,140,99,41,43,34,9,2922,1072,1850,218,158,60,110,64,46,17,10,7,2552,1126,1426
068,District-Hardwar,Total,14,9869,4456,5413,850,742,108,275,208,67,89,69,20,4999,1725,3274,396,311,85,229,132,97,19,10,9,3012,1259,1753
068,District-Hardwar,Total,15,13353,5948,7405,1638,1395,243,544,430,114,165,120,45,6634,2032,4602,690,563,127,278,169,109,50,31,19,3354,1208,2146
068,District-Hardwar,Total,16,17046,7730,9316,2685,2346,339,775,586,189,193,139,54,8538,2443,6095,996,820,176,374,254,120,78,47,31,3407,1095,2312
068,District-Hardwar,Total,17,16181,7662,8519,3431,2999,432,881,679,202,217,152,65,7628,2072,5556,932,787,145,301,197,104,73,55,18,2718,721,1997
068,District-Hardwar,Total,18,29591,14936,14655,7748,6987,761,1661,1340,321,372,262,110,12646,3212,9434,2040,1738,302,591,404,187,93,63,30,4440,930,3510
068,District-Hardwar,Total,19,21618,11202,10416,6642,6091,551,1228,969,259,256,187,69,8917,2033,6884,1267,1094,173,342,237,105,72,50,22,2894,541,2353
068,District-Hardwar,Rural,5-19,157571,77106,80465,16883,15147,1736,4505,3551,954,1173,826,347,43459,11927,31532,5029,4064,965,1960,1185,775,367,220,147,84195,40186,44009
068,District-Hardwar,Rural,5,24806,13170,11636,5,4,1,2,1,1,0,0,0,166,91,75,76,45,31,68,27,41,5,1,4,24484,13001,11483
068,District-Hardwar,Rural,6,19999,10571,9428,8,6,2,1,1,0,1,1,0,232,111,121,78,50,28,54,27,27,12,4,8,19613,10371,9242
068,District-Hardwar,Rural,7,7543,4006,3537,13,9,4,4,3,1,0,0,0,270,120,150,43,29,14,31,15,16,4,1,3,7178,3829,3349
068,District-Hardwar,Rural,8,5178,2674,2504,15,10,5,2,2,0,1,1,0,399,207,192,46,35,11,30,16,14,5,3,2,4680,2400,2280
068,District-Hardwar,Rural,9,3411,1805,1606,17,13,4,8,6,2,3,1,2,355,170,185,49,30,19,31,12,19,6,2,4,2942,1571,1371
068,District-Hardwar,Rural,10,5400,2746,2654,37,26,11,16,9,7,4,0,4,788,373,415,64,41,23,49,27,22,14,5,9,4428,2265,2163
068,District-Hardwar,Rural,11,3356,1660,1696,87,76,11,37,23,14,9,8,1,855,339,516,65,45,20,51,29,22,9,6,3,2243,1134,1109
068,District-Hardwar,Rural,12,4909,2303,2606,225,196,29,84,69,15,24,18,6,1906,750,1156,147,102,45,72,38,34,21,14,7,2430,1116,1314
068,District-Hardwar,Rural,13,4677,2026,2651,286,248,38,114,82,32,37,28,9,2211,768,1443,155,113,42,63,34,29,15,8,7,1796,745,1051
068,District-Hardwar,Rural,14,7288,3135,4153,603,527,76,224,175,49,82,62,20,3766,1197,2569,268,212,56,150,86,64,15,6,9,2180,870,1310
068,District-Hardwar,Rural,15,9810,4178,5632,1160,1004,156,426,337,89,141,104,37,4989,1407,3582,479,384,95,200,115,85,35,21,14,2380,806,1574
068,District-Hardwar,Rural,16,12672,5512,7160,1983,1765,218,634,478,156,167,116,51,6431,1689,4742,679,557,122,261,171,90,54,29,25,2463,707,1756
068,District-Hardwar,Rural,17,11789,5388,6401,2501,2200,301,684,534,150,180,122,58,5597,1403,4194,612,510,102,215,133,82,56,42,14,1944,444,1500
068,District-Hardwar,Rural,18,21527,10430,11097,5536,5017,519,1306,1063,243,315,214,101,9168,2046,7122,1405,1178,227,427,282,145,66,42,24,3304,588,2716
068,District-Hardwar,Rural,19,15206,7502,7704,4407,4046,361,963,768,195,209,151,58,6326,1256,5070,863,733,130,258,173,85,50,36,14,2130,339,1791
068,District-Hardwar,Urban,5-19,57901,30920,26981,7159,6307,852,1212,911,301,208,167,41,16053,5893,10160,2331,1945,386,971,634,337,114,82,32,29853,14981,14872
068,District-Hardwar,Urban,5,8881,4810,4071,6,6,0,4,3,1,0,0,0,117,68,49,38,18,20,67,33,34,0,0,0,8649,4682,3967
068,District-Hardwar,Urban,6,6992,3684,3308,9,7,2,5,5,0,0,0,0,127,66,61,31,15,16,52,23,29,0,0,0,6768,3568,3200
068,District-Hardwar,Urban,7,2569,1310,1259,13,9,4,3,1,2,0,0,0,184,91,93,19,10,9,27,14,13,0,0,0,2323,1185,1138
068,District-Hardwar,Urban,8,1859,955,904,11,8,3,9,4,5,0,0,0,204,103,101,27,14,13,30,20,10,0,0,0,1578,806,772
068,District-Hardwar,Urban,9,1268,703,565,14,11,3,5,4,1,0,0,0,197,92,105,13,9,4,17,11,6,1,0,1,1021,576,445
068,District-Hardwar,Urban,10,1993,1037,956,16,13,3,10,5,5,1,0,1,354,167,187,29,15,14,50,28,22,0,0,0,1533,809,724
068,District-Hardwar,Urban,11,1292,711,581,49,43,6,8,5,3,1,0,1,330,161,169,31,25,6,25,19,6,1,0,1,847,458,389
068,District-Hardwar,Urban,12,1943,1026,917,110,99,11,15,10,5,2,1,1,744,322,422,65,55,10,52,23,29,1,0,1,954,516,438
068,District-Hardwar,Urban,13,1738,895,843,127,110,17,26,17,9,6,6,0,711,304,407,63,45,18,47,30,17,2,2,0,756,381,375
068,District-Hardwar,Urban,14,2581,1321,1260,247,215,32,51,33,18,7,7,0,1233,528,705,128,99,29,79,46,33,4,4,0,832,389,443
068,District-Hardwar,Urban,15,3543,1770,1773,478,391,87,118,93,25,24,16,8,1645,625,1020,211,179,32,78,54,24,15,10,5,974,402,572
068,District-Hardwar,Urban,16,4374,2218,2156,702,581,121,141,108,33,26,23,3,2107,754,1353,317,263,54,113,83,30,24,18,6,944,388,556
068,District-Hardwar,Urban,17,4392,2274,2118,930,799,131,197,145,52,37,30,7,2031,669,1362,320,277,43,86,64,22,17,13,4,774,277,497
068,District-Hardwar,Urban,18,8064,4506,3558,2212,1970,242,355,277,78,57,48,9,3478,1166,2312,635,560,75,164,122,42,27,21,6,1136,342,794
068,District-Hardwar,Urban,19,6412,3700,2712,2235,2045,190,265,201,64,47,36,11,2591,777,1814,404,361,43,84,64,20,22,14,8,764,202,562
