132,District-Saharanpur,Total,5-19,442860,227574,215286,52468,48535,3933,11874,9649,2225,2976,2086,890,123903,37856,86047,17083,14698,2385,5140,3610,1530,1092,741,351,228324,110399,117925
132,District-Saharanpur,Total,5,66647,35633,31014,83,79,4,8,5,3,0,0,0,514,254,260,320,211,109,238,135,103,36,22,14,65448,34927,30521
132,District-Saharanpur,Total,6,51081,26975,24106,42,36,6,11,6,5,2,2,0,740,345,395,228,142,86,197,93,104,21,11,10,49840,26340,23500
132,District-Saharanpur,Total,7,18742,9768,8974,85,62,23,24,16,8,4,2,2,951,508,443,149,98,51,116,62,54,22,13,9,17391,9007,8384
132,District-Saharanpur,Total,8,13870,7300,6570,68,52,16,16,10,6,6,4,2,1196,602,594,150,101,49,114,52,62,25,20,5,12295,6459,5836
132,District-Saharanpur,Total,9,9468,4875,4593,85,72,13,38,19,19,5,3,2,1350,664,686,154,100,54,76,43,33,19,12,7,7741,3962,3779
132,District-Saharanpur,Total,10,14129,7326,6803,159,129,30,51,35,16,6,5,1,2519,1202,1317,240,160,80,150,94,56,43,26,17,10961,5675,5286
132,District-Saharanpur,Total,11,10348,5228,5120,384,335,49,94,67,27,24,15,9,2778,1203,1575,271,198,73,140,88,52,29,23,6,6628,3299,3329
132,District-Saharanpur,Total,12,15132,7566,7566,800,702,98,194,140,54,62,45,17,5542,2295,3247,533,419,114,191,116,75,59,39,20,7751,3810,3941
132,District-Saharanpur,Total,13,14737,7174,7563,968,871,97,274,198,76,91,61,30,6430,2525,3905,555,470,85,210,139,71,47,33,14,6162,2877,3285
132,District-Saharanpur,Total,14,23018,10855,12163,2207,1949,258,638,505,133,229,156,73,11274,4054,7220,981,816,165,338,232,106,84,61,23,7267,3082,4185
132,District-Saharanpur,Total,15,30881,14962,15919,4500,4081,419,1182,930,252,351,249,102,14829,4779,10050,1733,1469,264,511,373,138,117,83,34,7658,2998,4660
132,District-Saharanpur,Total,16,39933,19453,20480,7247,6643,604,1826,1508,318,493,329,164,19230,5600,13630,2356,2072,284,628,474,154,148,106,42,8005,2721,5284
132,District-Saharanpur,Total,17,35230,17799,17431,7996,7371,625,1831,1459,372,475,335,140,16103,4375,11728,2201,1965,236,525,402,123,120,79,41,5979,1813,4166
132,District-Saharanpur,Total,18,59099,31424,27675,16166,15186,980,3375,2847,528,740,542,198,24075,5780,18295,4362,3926,436,1055,810,245,200,127,73,9126,2206,6920
132,District-Saharanpur,Total,19,40545,21236,19309,11678,10967,711,2312,1904,408,488,338,150,16372,3670,12702,2850,2551,299,651,497,154,122,86,36,6072,1223,4849
132,District-Saharanpur,Rural,5-19,311555,156948,154607,39528,36792,2736,9234,7584,1650,2491,1729,762,89284,24677,64607,10479,8888,1591,3174,2190,984,782,509,273,156583,74579,82004
132,District-Saharanpur,Rural,5,50290,26925,23365,54,51,3,4,3,1,0,0,0,286,143,143,223,148,75,123,64,59,29,18,11,49571,26498,23073
132,District-Saharanpur,Rural,6,37157,19671,17486,25,20,5,6,5,1,1,1,0,435,208,227,162,105,57,90,46,44,16,8,8,36422,19278,17144
132,District-Saharanpur,Rural,7,12265,6286,5979,47,37,10,9,5,4,3,1,2,532,274,258,95,61,34,46,25,21,20,13,7,11513,5870,5643
132,District-Saharanpur,Rural,8,8554,4480,4074,43,33,10,7,4,3,5,3,2,670,337,333,87,59,28,65,27,38,21,19,2,7656,3998,3658
132,District-Saharanpur,Rural,9,5457,2831,2626,53,48,5,19,8,11,4,3,1,742,365,377,94,56,38,31,21,10,15,8,7,4499,2322,2177
132,District-Saharanpur,Rural,10,8659,4352,4307,104,80,24,29,19,10,5,4,1,1565,736,829,147,93,54,82,52,30,35,23,12,6692,3345,3347
132,District-Saharanpur,Rural,11,6167,2997,3170,244,210,34,53,38,15,19,12,7,1770,715,1055,151,110,41,68,45,23,23,20,3,3839,1847,1992
132,District-Saharanpur,Rural,12,9783,4647,5136,553,491,62,128,93,35,53,38,15,3884,1505,2379,331,247,84,120,70,50,46,31,15,4668,2172,2496
132,District-Saharanpur,Rural,13,9609,4385,5224,654,590,64,205,150,55,75,51,24,4606,1682,2924,326,270,56,114,76,38,33,21,12,3596,1545,2051
132,District-Saharanpur,Rural,14,16008,7159,8849,1621,1439,182,490,384,106,200,138,62,8386,2786,5600,597,491,106,212,130,82,60,41,19,4442,1750,2692
132,District-Saharanpur,Rural,15,22011,10259,11752,3391,3084,307,910,723,187,310,218,92,11097,3354,7743,1098,911,187,335,236,99,79,52,27,4791,1681,3110
132,District-Saharanpur,Rural,16,29113,13693,15420,5631,5219,412,1465,1222,243,407,273,134,14533,3830,10703,1449,1264,185,407,302,105,104,71,33,5117,1512,3605
132,District-Saharanpur,Rural,17,25084,12290,12794,6018,5574,444,1442,1169,273,401,273,128,11765,2861,8904,1308,1151,157,330,245,85,78,50,28,3742,967,2775
132,District-Saharanpur,Rural,18,42818,22335,20483,12440,11751,689,2679,2283,396,609,444,165,17490,3616,13874,2711,2426,285,724,537,187,140,81,59,6025,1197,4828
132,District-Saharanpur,Rural,19,28580,14638,13942,8650,8165,485,1788,1478,310,399,270,129,11523,2265,9258,1700,1496,204,427,314,113,83,53,30,4010,597,3413
132,District-Saharanpur,Urban,5-19,131305,70626,60679,12940,11743,1197,2640,2065,575,485,357,128,34619,13179,21440,6604,5810,794,1966,1420,546,310,232,78,71741,35820,35921
132,District-Saharanpur,Urban,5,16357,8708,7649,29,28,1,4,2,2,0,0,0,228,111,117,97,63,34,115,71,44,7,4,3,15877,8429,7448
132,District-Saharanpur,Urban,6,13924,7304,6620,17,16,1,5,1,4,1,1,0,305,137,168,66,37,29,107,47,60,5,3,2,13418,7062,6356
132,District-Saharanpur,Urban,7,6477,3482,2995,38,25,13,15,11,4,1,1,0,419,234,185,54,37,17,70,37,33,2,0,2,5878,3137,2741
132,District-Saharanpur,Urban,8,5316,2820,2496,25,19,6,9,6,3,1,1,0,526,265,261,63,42,21,49,25,24,4,1,3,4639,2461,2178
132,District-Saharanpur,Urban,9,4011,2044,1967,32,24,8,19,11,8,1,0,1,608,299,309,60,44,16,45,22,23,4,4,0,3242,1640,1602
132,District-Saharanpur,Urban,10,5470,2974,2496,55,49,6,22,16,6,1,1,0,954,466,488,93,67,26,68,42,26,8,3,5,4269,2330,1939
132,District-Saharanpur,Urban,11,4181,2231,1950,140,125,15,41,29,12,5,3,2,1008,488,520,120,88,32,72,43,29,6,3,3,2789,1452,1337
132,District-Saharanpur,Urban,12,5349,2919,2430,247,211,36,66,47,19,9,7,2,1658,790,868,202,172,30,71,46,25,13,8,5,3083,1638,1445
132,District-Saharanpur,Urban,13,5128,2789,2339,314,281,33,69,48,21,16,10,6,1824,843,981,229,200,29,96,63,33,14,12,2,2566,1332,1234
132,District-Saharanpur,Urban,14,7010,3696,3314,586,510,76,148,121,27,29,18,11,2888,1268,1620,384,325,59,126,102,24,24,20,4,2825,1332,1493
132,District-Saharanpur,Urban,15,8870,4703,4167,1109,997,112,272,207,65,41,31,10,3732,1425,2307,635,558,77,176,137,39,38,31,7,2867,1317,1550
132,District-Saharanpur,Urban,16,10820,5760,5060,1616,1424,192,361,286,75,86,56,30,4697,1770,2927,907,808,99,221,172,49,44,35,9,2888,1209,1679
132,District-Saharanpur,Urban,17,10146,5509,4637,1978,1797,181,389,290,99,74,62,12,4338,1514,2824,893,814,79,195,157,38,42,29,13,2237,846,1391
132,District-Saharanpur,Urban,18,16281,9089,7192,3726,3435,291,696,564,132,131,98,33,6585,2164,4421,1651,1500,151,331,273,58,60,46,14,3101,1009,2092
132,District-Saharanpur,Urban,19,11965,6598,5367,3028,2802,226,524,426,98,89,68,21,4849,1405,3444,1150,1055,95,224,183,41,39,33,6,2062,626,1436
133,District-Muzaffarnagar,Total,5-19,571072,283353,287719,60275,54241,6034,15690,10944,4746,3551,2029,1522,134447,41510,92937,22985,18367,4618,7383,4319,3064,1692,852,840,325049,151091,173958
133,District-Muzaffarnagar,Total,5,86215,46500,39715,81,71,10,11,8,3,1,1,0,461,237,224,395,244,151,246,129,117,24,7,17,84996,45803,39193
133,District-Muzaffarnagar,Total,6,71834,37930,33904,48,41,7,21,13,8,1,1,0,735,375,360,321,199,122,234,123,111,37,19,18,70437,37159,33278
133,District-Muzaffarnagar,Total,7,26722,13630,13092,69,53,16,29,14,15,6,5,1,1102,581,521,226,141,85,123,55,68,16,2,14,25151,12779,12372
133,District-Muzaffarnagar,Total,8,22018,11065,10953,117,88,29,37,20,17,5,1,4,1565,803,762,239,153,86,118,62,56,30,18,12,19907,9920,9987
133,District-Muzaffarnagar,Total,9,13664,6685,6979,73,55,18,30,19,11,5,2,3,1554,774,780,222,132,90,117,52,65,23,16,7,11640,5635,6005
133,District-Muzaffarnagar,Total,10,20964,10402,10562,207,156,51,78,44,34,19,12,7,2986,1434,1552,377,246,131,167,93,74,51,25,26,17079,8392,8687
133,District-Muzaffarnagar,Total,11,14367,6895,7472,426,359,67,151,99,52,38,15,23,3286,1429,1857,416,289,127,172,86,86,46,25,21,9832,4593,5239
133,District-Muzaffarnagar,Total,12,22046,10329,11717,1063,903,160,311,178,133,84,56,28,6626,2678,3948,814,606,208,319,177,142,99,57,42,12730,5674,7056
133,District-Muzaffarnagar,Total,13,20220,8968,11252,1223,992,231,436,284,152,127,72,55,7607,2849,4758,867,607,260,311,168,143,108,65,43,9541,3931,5610
133,District-Muzaffarnagar,Total,14,30885,13440,17445,2811,2408,403,947,593,354,300,160,140,12879,4471,8408,1545,1202,343,572,321,251,160,90,70,11671,4195,7476
133,District-Muzaffarnagar,Total,15,37670,17211,20459,5084,4406,678,1694,1145,549,433,238,195,15985,5221,10764,2430,1935,495,753,456,297,207,111,96,11084,3699,7385
133,District-Muzaffarnagar,Total,16,47519,21976,25543,8334,7419,915,2450,1696,754,555,301,254,19983,5905,14078,3180,2558,622,995,594,401,263,124,139,11759,3379,8380
133,District-Muzaffarnagar,Total,17,40560,19503,21057,8897,7982,915,2363,1644,719,546,302,244,16764,4650,12114,2816,2303,513,809,493,316,175,82,93,8190,2047,6143
133,District-Muzaffarnagar,Total,18,68644,35048,33596,18340,16864,1476,4148,3049,1099,868,530,338,25235,6227,19008,5631,4794,837,1506,954,552,295,138,157,12621,2492,10129
133,District-Muzaffarnagar,Total,19,47744,23771,23973,13502,12444,1058,2984,2138,846,563,333,230,17679,3876,13803,3506,2958,548,941,556,385,158,73,85,8411,1393,7018
133,District-Muzaffarnagar,Rural,5-19,404809,197475,207334,46365,41279,5086,13149,8963,4186,2995,1627,1368,98388,28115,70273,15441,11821,3620,5451,2997,2454,1294,584,710,221726,102089,119637
133,District-Muzaffarnagar,Rural,5,64408,34665,29743,59,50,9,10,8,2,0,0,0,294,149,145,307,193,114,178,95,83,18,6,12,63542,34164,29378
133,District-Muzaffarnagar,Rural,6,52994,28042,24952,35,30,5,17,12,5,0,0,0,530,263,267,258,154,104,168,94,74,32,15,17,51954,27474,24480
133,District-Muzaffarnagar,Rural,7,18296,9251,9045,53,39,14,24,10,14,5,5,0,777,408,369,173,103,70,87,37,50,14,2,12,17163,8647,8516
133,District-Muzaffarnagar,Rural,8,14026,7005,7021,90,68,22,28,15,13,2,0,2,1118,582,536,183,113,70,85,44,41,26,16,10,12494,6167,6327
133,District-Muzaffarnagar,Rural,9,8687,4171,4516,61,45,16,22,15,7,3,1,2,1094,543,551,178,108,70,84,35,49,18,12,6,7227,3412,3815
133,District-Muzaffarnagar,Rural,10,13298,6482,6816,168,122,46,68,39,29,12,7,5,2087,963,1124,267,169,98,120,65,55,41,19,22,10535,5098,5437
133,District-Muzaffarnagar,Rural,11,9097,4237,4860,339,285,54,117,72,45,30,9,21,2318,954,1364,307,210,97,118,53,65,34,16,18,5834,2638,3196
133,District-Muzaffarnagar,Rural,12,14233,6395,7838,802,679,123,246,134,112,70,45,25,4776,1822,2954,593,433,160,225,119,106,71,37,34,7450,3126,4324
133,District-Muzaffarnagar,Rural,13,13507,5672,7835,951,743,208,356,223,133,107,55,52,5532,1931,3601,579,377,202,219,109,110,83,47,36,5680,2187,3493
133,District-Muzaffarnagar,Rural,14,21402,8930,12472,2199,1844,355,807,493,314,262,131,131,9507,3107,6400,1061,802,259,445,235,210,121,61,60,7000,2257,4743
133,District-Muzaffarnagar,Rural,15,26963,11885,15078,3983,3420,563,1437,959,478,386,204,182,11894,3602,8292,1669,1290,379,574,331,243,155,78,77,6865,2001,4864
133,District-Muzaffarnagar,Rural,16,34148,15332,18816,6493,5716,777,2063,1395,668,471,240,231,14872,4055,10817,2099,1620,479,729,401,328,212,91,121,7209,1814,5395
133,District-Muzaffarnagar,Rural,17,29413,13668,15745,6831,6056,775,2006,1363,643,456,236,220,12433,3133,9300,1855,1443,412,604,340,264,131,53,78,5097,1044,4053
133,District-Muzaffarnagar,Rural,18,49555,24825,24730,14038,12801,1237,3439,2467,972,713,417,296,18344,4124,14220,3610,2950,660,1120,664,456,222,86,136,8069,1316,6753
133,District-Muzaffarnagar,Rural,19,34782,16915,17867,10263,9381,882,2509,1758,751,478,277,201,12812,2479,10333,2302,1856,446,695,375,320,116,45,71,5607,744,4863
133,District-Muzaffarnagar,Urban,5-19,166263,85878,80385,13910,12962,948,2541,1981,560,556,402,154,36059,13395,22664,7544,6546,998,1932,1322,610,398,268,130,103323,49002,54321
133,District-Muzaffarnagar,Urban,5,21807,11835,9972,22,21,1,1,0,1,1,1,0,167,88,79,88,51,37,68,34,34,6,1,5,21454,11639,9815
133,District-Muzaffarnagar,Urban,6,18840,9888,8952,13,11,2,4,1,3,1,1,0,205,112,93,63,45,18,66,29,37,5,4,1,18483,9685,8798
133,District-Muzaffarnagar,Urban,7,8426,4379,4047,16,14,2,5,4,1,1,0,1,325,173,152,53,38,15,36,18,18,2,0,2,7988,4132,3856
133,District-Muzaffarnagar,Urban,8,7992,4060,3932,27,20,7,9,5,4,3,1,2,447,221,226,56,40,16,33,18,15,4,2,2,7413,3753,3660
133,District-Muzaffarnagar,Urban,9,4977,2514,2463,12,10,2,8,4,4,2,1,1,460,231,229,44,24,20,33,17,16,5,4,1,4413,2223,2190
133,District-Muzaffarnagar,Urban,10,7666,3920,3746,39,34,5,10,5,5,7,5,2,899,471,428,110,77,33,47,28,19,10,6,4,6544,3294,3250
133,District-Muzaffarnagar,Urban,11,5270,2658,2612,87,74,13,34,27,7,8,6,2,968,475,493,109,79,30,54,33,21,12,9,3,3998,1955,2043
133,District-Muzaffarnagar,Urban,12,7813,3934,3879,261,224,37,65,44,21,14,11,3,1850,856,994,221,173,48,94,58,36,28,20,8,5280,2548,2732
133,District-Muzaffarnagar,Urban,13,6713,3296,3417,272,249,23,80,61,19,20,17,3,2075,918,1157,288,230,58,92,59,33,25,18,7,3861,1744,2117
133,District-Muzaffarnagar,Urban,14,9483,4510,4973,612,564,48,140,100,40,38,29,9,3372,1364,2008,484,400,84,127,86,41,39,29,10,4671,1938,2733
133,District-Muzaffarnagar,Urban,15,10707,5326,5381,1101,986,115,257,186,71,47,34,13,4091,1619,2472,761,645,116,179,125,54,52,33,19,4219,1698,2521
133,District-Muzaffarnagar,Urban,16,13371,6644,6727,1841,1703,138,387,301,86,84,61,23,5111,1850,3261,1081,938,143,266,193,73,51,33,18,4550,1565,2985
133,District-Muzaffarnagar,Urban,17,11147,5835,5312,2066,1926,140,357,281,76,90,66,24,4331,1517,2814,961,860,101,205,153,52,44,29,15,3093,1003,2090
133,District-Muzaffarnagar,Urban,18,19089,10223,8866,4302,4063,239,709,582,127,155,113,42,6891,2103,4788,2021,1844,177,386,290,96,73,52,21,4552,1176,3376
133,District-Muzaffarnagar,Urban,19,12962,6856,6106,3239,3063,176,475,380,95,85,56,29,4867,1397,3470,1204,1102,102,246,181,65,42,28,14,2804,649,2155
134,District-Bijnor,Total,5-19,504560,253584,250976,44619,40133,4486,18188,13711,4477,4978,3257,1721,144903,48601,96302,16190,13400,2790,7833,5198,2635,1948,1218,730,265901,128066,137835
134,District-Bijnor,Total,5,72531,38719,33812,93,85,8,28,23,5,9,6,3,714,322,392,428,249,179,303,165,138,34,17,17,70922,37852,33070
134,District-Bijnor,Total,6,58771,30704,28067,83,71,12,24,16,8,7,4,3,960,441,519,346,206,140,264,130,134,24,11,13,57063,29825,27238
134,District-Bijnor,Total,7,24595,12785,11810,139,111,28,51,30,21,10,7,3,1825,931,894,193,129,64,150,63,87,25,11,14,22202,11503,10699
134,District-Bijnor,Total,8,16797,8573,8224,127,94,33,52,36,16,14,9,5,2082,1048,1034,133,84,49,121,63,58,34,19,15,14234,7220,7014
134,District-Bijnor,Total,9,11319,5984,5335,126,99,27,44,34,10,9,5,4,2107,1086,1021,145,93,52,105,50,55,30,17,13,8753,4600,4153
134,District-Bijnor,Total,10,16767,8791,7976,146,108,38,91,47,44,28,17,11,3235,1546,1689,220,149,71,159,95,64,53,31,22,12835,6798,6037
134,District-Bijnor,Total,11,12466,6314,6152,342,279,63,161,115,46,35,21,14,3627,1642,1985,263,197,66,174,90,84,50,29,21,7814,3941,3873
134,District-Bijnor,Total,12,16852,8616,8236,684,598,86,314,214,100,108,60,48,6171,2786,3385,460,352,108,258,148,110,88,55,33,8769,4403,4366
134,District-Bijnor,Total,13,17685,8547,9138,903,765,138,404,284,120,197,118,79,7603,3145,4458,549,412,137,281,180,101,84,53,31,7664,3590,4074
134,District-Bijnor,Total,14,25703,12203,13500,1827,1571,256,944,633,311,350,199,151,12450,4847,7603,838,689,149,480,321,159,132,87,45,8682,3856,4826
134,District-Bijnor,Total,15,34441,16259,18182,3511,3066,445,1619,1146,473,537,345,192,16775,5970,10805,1544,1277,267,741,507,234,201,126,75,9513,3822,5691
134,District-Bijnor,Total,16,43654,20257,23397,5628,4943,685,2590,1844,746,754,489,265,21519,6991,14528,2037,1707,330,940,657,283,273,181,92,9913,3445,6468
134,District-Bijnor,Total,17,40208,19097,21111,6651,5971,680,2761,2070,691,787,511,276,19054,5628,13426,1997,1715,282,914,630,284,223,139,84,7821,2433,5388
134,District-Bijnor,Total,18,66892,33227,33665,13918,12742,1176,5208,4096,1112,1242,861,381,28297,7427,20870,4112,3607,505,1726,1225,501,413,264,149,11976,3005,8971
134,District-Bijnor,Total,19,45879,23508,22371,10441,9630,811,3897,3123,774,891,605,286,18484,4791,13693,2925,2534,391,1217,874,343,284,178,106,7740,1773,5967
134,District-Bijnor,Rural,5-19,368819,181616,187203,34979,31271,3708,15558,11630,3928,4482,2851,1631,112014,35979,76035,10023,8022,2001,5570,3441,2129,1548,895,653,184645,87527,97118
134,District-Bijnor,Rural,5,56146,29989,26157,64,56,8,27,22,5,8,5,3,521,225,296,291,171,120,238,128,110,31,15,16,54966,29367,25599
134,District-Bijnor,Rural,6,44332,23113,21219,58,52,6,18,12,6,4,1,3,701,317,384,242,146,96,203,99,104,21,10,11,43085,22476,20609
134,District-Bijnor,Rural,7,17014,8771,8243,104,81,23,44,27,17,10,7,3,1366,690,676,114,80,34,103,44,59,24,11,13,15249,7831,7418
134,District-Bijnor,Rural,8,10847,5508,5339,95,74,21,40,28,12,13,8,5,1568,791,777,77,47,30,86,43,43,27,14,13,8941,4503,4438
134,District-Bijnor,Rural,9,7165,3698,3467,97,76,21,39,31,8,9,5,4,1582,809,773,87,59,28,73,38,35,25,13,12,5253,2667,2586
134,District-Bijnor,Rural,10,10740,5498,5242,114,84,30,80,40,40,25,14,11,2424,1147,1277,134,88,46,108,58,50,50,29,21,7805,4038,3767
134,District-Bijnor,Rural,11,8164,4025,4139,266,214,52,138,100,38,31,17,14,2730,1216,1514,162,123,39,128,62,66,46,26,20,4663,2267,2396
134,District-Bijnor,Rural,12,11138,5378,5760,507,440,67,256,170,86,99,52,47,4693,2048,2645,278,203,75,180,96,84,68,41,27,5057,2328,2729
134,District-Bijnor,Rural,13,12347,5702,6645,709,592,117,340,239,101,183,106,77,6006,2398,3608,361,252,109,209,127,82,64,37,27,4475,1951,2524
134,District-Bijnor,Rural,14,18594,8426,10168,1456,1238,218,823,543,280,319,172,147,9892,3706,6186,522,407,115,339,203,136,101,57,44,5142,2100,3042
134,District-Bijnor,Rural,15,25564,11637,13927,2815,2452,363,1416,994,422,486,307,179,13320,4522,8798,997,790,207,524,330,194,166,97,69,5840,2145,3695
134,District-Bijnor,Rural,16,32609,14555,18054,4462,3886,576,2249,1578,671,691,437,254,16980,5233,11747,1248,1013,235,656,418,238,199,122,77,6124,1868,4256
134,District-Bijnor,Rural,17,30343,14032,16311,5308,4736,572,2361,1764,597,716,448,268,14872,4184,10688,1224,1015,209,612,384,228,178,98,80,5072,1403,3669
134,District-Bijnor,Rural,18,49640,24100,25540,10799,9826,973,4450,3471,979,1097,744,353,21489,5323,16166,2489,2117,372,1233,819,414,321,193,128,7762,1607,6155
134,District-Bijnor,Rural,19,34176,17184,16992,8125,7464,661,3277,2611,666,791,528,263,13870,3370,10500,1797,1511,286,878,592,286,227,132,95,5211,976,4235
134,District-Bijnor,Urban,5-19,135741,71968,63773,9640,8862,778,2630,2081,549,496,406,90,32889,12622,20267,6167,5378,789,2263,1757,506,400,323,77,81256,40539,40717
134,District-Bijnor,Urban,5,16385,8730,7655,29,29,0,1,1,0,1,1,0,193,97,96,137,78,59,65,37,28,3,2,1,15956,8485,7471
134,District-Bijnor,Urban,6,14439,7591,6848,25,19,6,6,4,2,3,3,0,259,124,135,104,60,44,61,31,30,3,1,2,13978,7349,6629
134,District-Bijnor,Urban,7,7581,4014,3567,35,30,5,7,3,4,0,0,0,459,241,218,79,49,30,47,19,28,1,0,1,6953,3672,3281
134,District-Bijnor,Urban,8,5950,3065,2885,32,20,12,12,8,4,1,1,0,514,257,257,56,37,19,35,20,15,7,5,2,5293,2717,2576
134,District-Bijnor,Urban,9,4154,2286,1868,29,23,6,5,3,2,0,0,0,525,277,248,58,34,24,32,12,20,5,4,1,3500,1933,1567
134,District-Bijnor,Urban,10,6027,3293,2734,32,24,8,11,7,4,3,3,0,811,399,412,86,61,25,51,37,14,3,2,1,5030,2760,2270
134,District-Bijnor,Urban,11,4302,2289,2013,76,65,11,23,15,8,4,4,0,897,426,471,101,74,27,46,28,18,4,3,1,3151,1674,1477
134,District-Bijnor,Urban,12,5714,3238,2476,177,158,19,58,44,14,9,8,1,1478,738,740,182,149,33,78,52,26,20,14,6,3712,2075,1637
134,District-Bijnor,Urban,13,5338,2845,2493,194,173,21,64,45,19,14,12,2,1597,747,850,188,160,28,72,53,19,20,16,4,3189,1639,1550
134,District-Bijnor,Urban,14,7109,3777,3332,371,333,38,121,90,31,31,27,4,2558,1141,1417,316,282,34,141,118,23,31,30,1,3540,1756,1784
134,District-Bijnor,Urban,15,8877,4622,4255,696,614,82,203,152,51,51,38,13,3455,1448,2007,547,487,60,217,177,40,35,29,6,3673,1677,1996
134,District-Bijnor,Urban,16,11045,5702,5343,1166,1057,109,341,266,75,63,52,11,4539,1758,2781,789,694,95,284,239,45,74,59,15,3789,1577,2212
134,District-Bijnor,Urban,17,9865,5065,4800,1343,1235,108,400,306,94,71,63,8,4182,1444,2738,773,700,73,302,246,56,45,41,4,2749,1030,1719
134,District-Bijnor,Urban,18,17252,9127,8125,3119,2916,203,758,625,133,145,117,28,6808,2104,4704,1623,1490,133,493,406,87,92,71,21,4214,1398,2816
134,District-Bijnor,Urban,19,11703,6324,5379,2316,2166,150,620,512,108,100,77,23,4614,1421,3193,1128,1023,105,339,282,57,57,46,11,2529,797,1732
135,District-Moradabad,Total,5-19,812092,412693,399399,48976,44345,4631,18579,14316,4263,4615,2966,1649,133920,51824,82096,47661,39476,8185,21426,13942,7484,5550,2926,2624,531365,242898,288467
135,District-Moradabad,Total,5,100825,52817,48008,141,128,13,44,30,14,9,4,5,853,418,435,932,611,321,620,324,296,88,47,41,98138,51255,46883
135,District-Moradabad,Total,6,89016,46267,42749,93,87,6,32,21,11,6,3,3,1155,575,580,727,461,266,575,297,278,96,46,50,86332,44777,41555
135,District-Moradabad,Total,7,45826,23339,22487,183,148,35,70,41,29,13,7,6,2176,1040,1136,572,344,228,406,224,182,61,25,36,42345,21510,20835
135,District-Moradabad,Total,8,40163,20409,19754,161,120,41,71,39,32,12,5,7,2791,1416,1375,466,297,169,352,199,153,98,52,46,36212,18281,17931
135,District-Moradabad,Total,9,28500,14613,13887,164,117,47,98,66,32,25,10,15,2805,1418,1387,508,333,175,310,187,123,84,39,45,24506,12443,12063
135,District-Moradabad,Total,10,41187,20987,20200,289,229,60,116,63,53,37,19,18,4686,2404,2282,769,535,234,536,316,220,165,88,77,34589,17333,17256
135,District-Moradabad,Total,11,30917,15765,15152,556,480,76,240,174,66,84,44,40,4963,2463,2500,953,707,246,594,361,233,182,101,81,23345,11435,11910
135,District-Moradabad,Total,12,37247,18866,18381,917,800,117,419,294,125,142,77,65,7485,3601,3884,1527,1191,336,784,468,316,273,151,122,25700,12284,13416
135,District-Moradabad,Total,13,33827,16539,17288,1092,950,142,539,346,193,204,119,85,8233,3660,4573,1603,1241,362,847,521,326,345,191,154,20964,9511,11453
135,District-Moradabad,Total,14,46477,22454,24023,2374,2055,319,1183,863,320,384,219,165,12569,5378,7191,2993,2422,571,1582,1018,564,486,253,233,24906,10246,14660
135,District-Moradabad,Total,15,54964,26947,28017,4236,3730,506,1929,1431,498,573,371,202,15620,6217,9403,4712,3910,802,2165,1414,751,680,395,285,25049,9479,15570
135,District-Moradabad,Total,16,64900,31914,32986,6383,5688,695,2862,2162,700,789,482,307,18739,7078,11661,6351,5329,1022,2828,1890,938,810,429,381,26138,8856,17282
135,District-Moradabad,Total,17,52363,26076,26287,6884,6239,645,2640,2033,607,664,437,227,14881,5051,9830,5994,5065,929,2463,1692,771,598,301,297,18239,5258,12981
135,District-Moradabad,Total,18,88049,45908,42141,14857,13751,1106,4971,4009,962,1079,754,325,22405,6915,15490,11834,10328,1506,4457,3047,1410,1000,511,489,27446,6593,20853
135,District-Moradabad,Total,19,57831,29792,28039,10646,9823,823,3365,2744,621,594,415,179,14559,4190,10369,7720,6702,1018,2907,1984,923,584,297,287,17456,3637,13819
135,District-Moradabad,Rural,5-19,567936,283807,284129,35719,32439,3280,15243,11774,3469,3953,2498,1455,92314,35080,57234,31144,25189,5955,16168,10119,6049,4640,2241,2399,368755,164467,204288
135,District-Moradabad,Rural,5,74770,39179,35591,93,84,9,32,20,12,8,3,5,509,252,257,681,445,236,415,214,201,82,45,37,72950,38116,34834
135,District-Moradabad,Rural,6,65016,33867,31149,66,62,4,25,18,7,5,3,2,744,367,377,540,343,197,402,203,199,90,42,48,63144,32829,30315
135,District-Moradabad,Rural,7,32478,16504,15974,132,107,25,53,34,19,10,5,5,1422,688,734,405,241,164,306,163,143,51,22,29,30099,15244,14855
135,District-Moradabad,Rural,8,27572,13896,13676,113,84,29,46,27,19,10,5,5,1884,960,924,333,209,124,242,142,100,85,43,42,24859,12426,12433
135,District-Moradabad,Rural,9,19365,9851,9514,115,82,33,63,44,19,23,8,15,1866,960,906,359,243,116,218,130,88,79,35,44,16642,8349,8293
135,District-Moradabad,Rural,10,27557,13757,13800,224,178,46,96,52,44,34,17,17,3206,1642,1564,523,360,163,353,217,136,150,78,72,22971,11213,11758
135,District-Moradabad,Rural,11,20871,10314,10557,391,329,62,189,134,55,78,41,37,3431,1690,1741,655,457,198,451,276,175,163,85,78,15513,7302,8211
135,District-Moradabad,Rural,12,24690,12069,12621,640,564,76,336,232,104,124,62,62,5254,2472,2782,1000,765,235,574,328,246,240,127,113,16522,7519,9003
135,District-Moradabad,Rural,13,23170,10920,12250,833,726,107,445,283,162,189,108,81,6022,2633,3389,1060,787,273,631,376,255,296,155,141,13694,5852,7842
135,District-Moradabad,Rural,14,32216,15053,17163,1815,1583,232,999,727,272,338,189,149,9150,3813,5337,2011,1584,427,1231,759,472,416,201,215,16256,6197,10059
135,District-Moradabad,Rural,15,38433,18280,20153,3202,2826,376,1635,1207,428,504,325,179,11387,4429,6958,3085,2512,573,1708,1074,634,563,302,261,16349,5605,10744
135,District-Moradabad,Rural,16,45691,21871,23820,4791,4271,520,2395,1807,588,692,415,277,13445,4919,8526,4245,3489,756,2184,1391,793,682,336,346,17257,5243,12014
135,District-Moradabad,Rural,17,36044,17580,18464,5036,4585,451,2181,1691,490,577,385,192,10109,3370,6739,3772,3115,657,1901,1249,652,482,220,262,11986,2965,9021
135,District-Moradabad,Rural,18,61069,31142,29927,10888,10109,779,4100,3337,763,886,602,284,14832,4391,10441,7636,6529,1107,3372,2186,1186,799,354,445,18556,3634,14922
135,District-Moradabad,Rural,19,38994,19524,19470,7380,6849,531,2648,2161,487,475,330,145,9053,2494,6559,4839,4110,729,2180,1411,769,462,196,266,11957,1973,9984
135,District-Moradabad,Urban,5-19,244156,128886,115270,13257,11906,1351,3336,2542,794,662,468,194,41606,16744,24862,16517,14287,2230,5258,3823,1435,910,685,225,162610,78431,84179
135,District-Moradabad,Urban,5,26055,13638,12417,48,44,4,12,10,2,1,1,0,344,166,178,251,166,85,205,110,95,6,2,4,25188,13139,12049
135,District-Moradabad,Urban,6,24000,12400,11600,27,25,2,7,3,4,1,0,1,411,208,203,187,118,69,173,94,79,6,4,2,23188,11948,11240
135,District-Moradabad,Urban,7,13348,6835,6513,51,41,10,17,7,10,3,2,1,754,352,402,167,103,64,100,61,39,10,3,7,12246,6266,5980
135,District-Moradabad,Urban,8,12591,6513,6078,48,36,12,25,12,13,2,0,2,907,456,451,133,88,45,110,57,53,13,9,4,11353,5855,5498
135,District-Moradabad,Urban,9,9135,4762,4373,49,35,14,35,22,13,2,2,0,939,458,481,149,90,59,92,57,35,5,4,1,7864,4094,3770
135,District-Moradabad,Urban,10,13630,7230,6400,65,51,14,20,11,9,3,2,1,1480,762,718,246,175,71,183,99,84,15,10,5,11618,6120,5498
135,District-Moradabad,Urban,11,10046,5451,4595,165,151,14,51,40,11,6,3,3,1532,773,759,298,250,48,143,85,58,19,16,3,7832,4133,3699
135,District-Moradabad,Urban,12,12557,6797,5760,277,236,41,83,62,21,18,15,3,2231,1129,1102,527,426,101,210,140,70,33,24,9,9178,4765,4413
135,District-Moradabad,Urban,13,10657,5619,5038,259,224,35,94,63,31,15,11,4,2211,1027,1184,543,454,89,216,145,71,49,36,13,7270,3659,3611
135,District-Moradabad,Urban,14,14261,7401,6860,559,472,87,184,136,48,46,30,16,3419,1565,1854,982,838,144,351,259,92,70,52,18,8650,4049,4601
135,District-Moradabad,Urban,15,16531,8667,7864,1034,904,130,294,224,70,69,46,23,4233,1788,2445,1627,1398,229,457,340,117,117,93,24,8700,3874,4826
135,District-Moradabad,Urban,16,19209,10043,9166,1592,1417,175,467,355,112,97,67,30,5294,2159,3135,2106,1840,266,644,499,145,128,93,35,8881,3613,5268
135,District-Moradabad,Urban,17,16319,8496,7823,1848,1654,194,459,342,117,87,52,35,4772,1681,3091,2222,1950,272,562,443,119,116,81,35,6253,2293,3960
135,District-Moradabad,Urban,18,26980,14766,12214,3969,3642,327,871,672,199,193,152,41,7573,2524,5049,4198,3799,399,1085,861,224,201,157,44,8890,2959,5931
135,District-Moradabad,Urban,19,18837,10268,8569,3266,2974,292,717,583,134,119,85,34,5506,1696,3810,2881,2592,289,727,573,154,122,101,21,5499,1664,3835
136,District-Rampur,Total,5-19,432990,216991,215999,32206,27751,4455,14229,9990,4239,4411,2509,1902,71633,25917,45716,31110,23975,7135,13928,7947,5981,4517,2235,2282,260956,116667,144289
136,District-Rampur,Total,5,50287,26436,23851,27,23,4,10,9,1,4,4,0,279,142,137,352,222,130,247,130,117,45,25,20,49323,25881,23442
136,District-Rampur,Total,6,42178,21692,20486,19,14,5,12,5,7,1,1,0,375,198,177,289,186,103,227,113,114,48,25,23,41207,21150,20057
136,District-Rampur,Total,7,21205,10755,10450,43,34,9,29,17,12,2,2,0,714,334,380,203,130,73,175,82,93,53,29,24,19986,10127,9859
136,District-Rampur,Total,8,19812,9921,9891,59,37,22,41,27,14,11,5,6,1149,567,582,261,156,105,195,88,107,93,54,39,18003,8987,9016
136,District-Rampur,Total,9,13082,6595,6487,57,43,14,53,26,27,18,9,9,1121,599,522,253,161,92,208,117,91,77,45,32,11295,5595,5700
136,District-Rampur,Total,10,22288,11090,11198,165,114,51,130,77,53,48,26,22,2334,1123,1211,581,390,191,414,211,203,149,91,58,18467,9058,9409
136,District-Rampur,Total,11,14060,7017,7043,267,198,69,173,85,88,72,34,38,2255,1051,1204,546,372,174,333,178,155,141,72,69,10273,5027,5246
136,District-Rampur,Total,12,21006,10293,10713,692,527,165,409,235,174,185,108,77,4474,2010,2464,1120,784,336,645,355,290,279,150,129,13202,6124,7078
136,District-Rampur,Total,13,18044,8555,9489,841,634,207,528,303,225,230,113,117,4530,1921,2609,1192,828,364,646,321,325,283,148,135,9794,4287,5507
136,District-Rampur,Total,14,26768,12610,14158,1859,1468,391,1049,627,422,448,219,229,7529,3004,4525,2284,1659,625,1127,589,538,421,223,198,12051,4821,7230
136,District-Rampur,Total,15,32338,15607,16731,3156,2613,543,1686,1100,586,628,334,294,9064,3398,5666,3333,2580,753,1477,858,619,567,286,281,12427,4438,7989
136,District-Rampur,Total,16,39311,18775,20536,4857,4061,796,2415,1627,788,735,389,346,10864,3725,7139,4534,3427,1107,2063,1183,880,679,323,356,13164,4040,9124
136,District-Rampur,Total,17,29695,14544,15151,4470,3867,603,1930,1381,549,587,345,242,7831,2453,5378,3751,2943,808,1541,911,630,479,213,266,9106,2431,6675
136,District-Rampur,Total,18,53474,27822,25652,10024,9008,1016,3784,2934,850,943,571,372,12425,3563,8862,7955,6453,1502,3035,1853,1182,799,352,447,14509,3088,11421
136,District-Rampur,Total,19,29442,15279,14163,5670,5110,560,1980,1537,443,499,349,150,6689,1829,4860,4456,3684,772,1595,958,637,404,199,205,8149,1613,6536
136,District-Rampur,Rural,5-19,324442,160802,163640,26435,22854,3581,12884,9026,3858,4047,2253,1794,56680,20055,36625,20519,15574,4945,11697,6381,5316,3849,1838,2011,188331,82821,105510
136,District-Rampur,Rural,5,39770,20971,18799,19,16,3,10,9,1,4,4,0,189,99,90,289,179,110,210,112,98,41,24,17,39008,20528,18480
136,District-Rampur,Rural,6,32465,16751,15714,17,13,4,12,5,7,1,1,0,273,145,128,233,151,82,185,93,92,48,25,23,31696,16318,15378
136,District-Rampur,Rural,7,15344,7796,7548,31,25,6,28,16,12,2,2,0,525,243,282,151,98,53,156,72,84,48,26,22,14403,7314,7089
136,District-Rampur,Rural,8,13644,6753,6891,44,27,17,36,23,13,11,5,6,863,417,446,196,113,83,162,72,90,86,51,35,12246,6045,6201
136,District-Rampur,Rural,9,9129,4553,4576,44,34,10,49,25,24,17,8,9,873,473,400,164,100,64,182,102,80,70,40,30,7730,3771,3959
136,District-Rampur,Rural,10,15730,7669,8061,139,97,42,119,70,49,48,26,22,1870,896,974,398,255,143,354,172,182,127,77,50,12675,6076,6599
136,District-Rampur,Rural,11,9936,4817,5119,217,155,62,162,80,82,67,31,36,1781,811,970,333,211,122,287,143,144,124,60,64,6965,3326,3639
136,District-Rampur,Rural,12,14957,7074,7883,545,416,129,381,215,166,176,101,75,3638,1596,2042,727,488,239,546,276,270,228,116,112,8716,3866,4850
136,District-Rampur,Rural,13,13314,6122,7192,705,528,177,489,276,213,224,108,116,3713,1558,2155,777,515,262,543,253,290,237,123,114,6626,2761,3865
136,District-Rampur,Rural,14,20353,9370,10983,1571,1232,339,976,583,393,415,198,217,6317,2479,3838,1516,1086,430,957,477,480,349,182,167,8252,3133,5119
136,District-Rampur,Rural,15,24717,11674,13043,2658,2221,437,1520,987,533,593,314,279,7409,2710,4699,2229,1717,512,1213,675,538,473,232,241,8622,2818,5804
136,District-Rampur,Rural,16,30227,14254,15973,4089,3435,654,2196,1476,720,685,361,324,8865,2959,5906,2988,2227,761,1727,955,772,593,268,325,9084,2573,6511
136,District-Rampur,Rural,17,22430,10837,11593,3681,3199,482,1736,1238,498,543,315,228,6088,1824,4264,2456,1914,542,1280,722,558,408,169,239,6238,1456,4782
136,District-Rampur,Rural,18,40541,20976,19565,8195,7409,786,3397,2634,763,852,508,344,9426,2598,6828,5183,4178,1005,2547,1497,1050,677,284,393,10264,1868,8396
136,District-Rampur,Rural,19,21885,11185,10700,4480,4047,433,1773,1389,384,409,271,138,4850,1247,3603,2879,2342,537,1348,760,588,340,161,179,5806,968,4838
136,District-Rampur,Urban,5-19,108548,56189,52359,5771,4897,874,1345,964,381,364,256,108,14953,5862,9091,10591,8401,2190,2231,1566,665,668,397,271,72625,33846,38779
136,District-Rampur,Urban,5,10517,5465,5052,8,7,1,0,0,0,0,0,0,90,43,47,63,43,20,37,18,19,4,1,3,10315,5353,4962
136,District-Rampur,Urban,6,9713,4941,4772,2,1,1,0,0,0,0,0,0,102,53,49,56,35,21,42,20,22,0,0,0,9511,4832,4679
136,District-Rampur,Urban,7,5861,2959,2902,12,9,3,1,1,0,0,0,0,189,91,98,52,32,20,19,10,9,5,3,2,5583,2813,2770
136,District-Rampur,Urban,8,6168,3168,3000,15,10,5,5,4,1,0,0,0,286,150,136,65,43,22,33,16,17,7,3,4,5757,2942,2815
136,District-Rampur,Urban,9,3953,2042,1911,13,9,4,4,1,3,1,1,0,248,126,122,89,61,28,26,15,11,7,5,2,3565,1824,1741
136,District-Rampur,Urban,10,6558,3421,3137,26,17,9,11,7,4,0,0,0,464,227,237,183,135,48,60,39,21,22,14,8,5792,2982,2810
136,District-Rampur,Urban,11,4124,2200,1924,50,43,7,11,5,6,5,3,2,474,240,234,213,161,52,46,35,11,17,12,5,3308,1701,1607
136,District-Rampur,Urban,12,6049,3219,2830,147,111,36,28,20,8,9,7,2,836,414,422,393,296,97,99,79,20,51,34,17,4486,2258,2228
136,District-Rampur,Urban,13,4730,2433,2297,136,106,30,39,27,12,6,5,1,817,363,454,415,313,102,103,68,35,46,25,21,3168,1526,1642
136,District-Rampur,Urban,14,6415,3240,3175,288,236,52,73,44,29,33,21,12,1212,525,687,768,573,195,170,112,58,72,41,31,3799,1688,2111
136,District-Rampur,Urban,15,7621,3933,3688,498,392,106,166,113,53,35,20,15,1655,688,967,1104,863,241,264,183,81,94,54,40,3805,1620,2185
136,District-Rampur,Urban,16,9084,4521,4563,768,626,142,219,151,68,50,28,22,1999,766,1233,1546,1200,346,336,228,108,86,55,31,4080,1467,2613
136,District-Rampur,Urban,17,7265,3707,3558,789,668,121,194,143,51,44,30,14,1743,629,1114,1295,1029,266,261,189,72,71,44,27,2868,975,1893
136,District-Rampur,Urban,18,12933,6846,6087,1829,1599,230,387,300,87,91,63,28,2999,965,2034,2772,2275,497,488,356,132,122,68,54,4245,1220,3025
136,District-Rampur,Urban,19,7557,4094,3463,1190,1063,127,207,148,59,90,78,12,1839,582,1257,1577,1342,235,247,198,49,64,38,26,2343,645,1698
137,District-Jyotiba Phule Nagar,Total,5-19,249863,122788,127075,21614,18398,3216,9903,6362,3541,2695,1477,1218,52644,19386,33258,10742,7579,3163,6128,2764,3364,1880,718,1162,144257,66104,78153
137,District-Jyotiba Phule Nagar,Total,5,37803,19940,17863,16,11,5,9,6,3,2,1,1,193,95,98,223,133,90,169,89,80,32,17,15,37159,19588,17571
137,District-Jyotiba Phule Nagar,Total,6,30420,15783,14637,11,9,2,7,6,1,2,2,0,288,151,137,195,100,95,140,72,68,29,11,18,29748,15432,14316
137,District-Jyotiba Phule Nagar,Total,7,12738,6397,6341,49,35,14,18,9,9,4,2,2,568,261,307,96,48,48,72,31,41,19,11,8,11912,6000,5912
137,District-Jyotiba Phule Nagar,Total,8,9261,4562,4699,53,39,14,25,12,13,5,3,2,797,416,381,101,51,50,62,25,37,26,13,13,8192,4003,4189
137,District-Jyotiba Phule Nagar,Total,9,6209,3044,3165,46,25,21,44,21,23,10,6,4,776,413,363,108,65,43,66,35,31,27,11,16,5132,2468,2664
137,District-Jyotiba Phule Nagar,Total,10,9006,4355,4651,86,63,23,44,21,23,20,9,11,1331,639,692,178,104,74,97,46,51,54,21,33,7196,3452,3744
137,District-Jyotiba Phule Nagar,Total,11,6600,3090,3510,205,155,50,87,48,39,36,14,22,1496,656,840,194,128,66,128,62,66,38,10,28,4416,2017,2399
137,District-Jyotiba Phule Nagar,Total,12,8899,4244,4655,387,299,88,190,103,87,79,42,37,2500,1178,1322,348,234,114,214,94,120,92,38,54,5089,2256,2833
137,District-Jyotiba Phule Nagar,Total,13,9009,4046,4963,470,358,112,276,144,132,133,61,72,3039,1257,1782,410,269,141,251,101,150,109,45,64,4321,1811,2510
137,District-Jyotiba Phule Nagar,Total,14,13053,5780,7273,962,751,211,609,338,271,233,107,126,4932,1939,2993,648,422,226,424,187,237,158,64,94,5087,1972,3115
137,District-Jyotiba Phule Nagar,Total,15,16598,7613,8985,1852,1533,319,1051,619,432,307,146,161,6118,2274,3844,1116,797,319,612,277,335,206,74,132,5336,1893,3443
137,District-Jyotiba Phule Nagar,Total,16,20775,9682,11093,2939,2404,535,1567,972,595,450,260,190,7819,2855,4964,1381,986,395,759,362,397,245,95,150,5615,1748,3867
137,District-Jyotiba Phule Nagar,Total,17,17967,8611,9356,3184,2736,448,1504,999,505,407,213,194,6518,2181,4337,1294,958,336,727,316,411,225,73,152,4108,1135,2973
137,District-Jyotiba Phule Nagar,Total,18,31278,15848,15430,6772,5957,815,2787,1925,862,629,385,244,9962,3192,6770,2765,2058,707,1407,659,748,388,149,239,6568,1523,5045
137,District-Jyotiba Phule Nagar,Total,19,20247,9793,10454,4582,4023,559,1685,1139,546,378,226,152,6307,1879,4428,1685,1226,459,1000,408,592,232,86,146,4378,806,3572
137,District-Jyotiba Phule Nagar,Rural,5-19,181712,87367,94345,16878,14414,2464,8541,5439,3102,2283,1198,1085,37892,13354,24538,6983,4601,2382,4908,1890,3018,1535,482,1053,102692,45989,56703
137,District-Jyotiba Phule Nagar,Rural,5,29885,15805,14080,14,9,5,8,5,3,2,1,1,122,62,60,172,99,73,137,70,67,31,16,15,29399,15543,13856
137,District-Jyotiba Phule Nagar,Rural,6,23481,12217,11264,8,6,2,4,4,0,2,2,0,198,100,98,155,83,72,115,59,56,22,7,15,22977,11956,11021
137,District-Jyotiba Phule Nagar,Rural,7,9216,4652,4564,39,28,11,15,8,7,4,2,2,410,193,217,70,33,37,56,25,31,18,10,8,8604,4353,4251
137,District-Jyotiba Phule Nagar,Rural,8,6261,3002,3259,41,32,9,20,9,11,3,2,1,537,283,254,76,37,39,50,19,31,24,12,12,5510,2608,2902
137,District-Jyotiba Phule Nagar,Rural,9,4007,1907,2100,38,22,16,34,13,21,9,5,4,524,281,243,80,47,33,55,28,27,24,9,15,3243,1502,1741
137,District-Jyotiba Phule Nagar,Rural,10,5993,2809,3184,67,52,15,33,19,14,17,7,10,958,466,492,137,80,57,76,31,45,47,17,30,4658,2137,2521
137,District-Jyotiba Phule Nagar,Rural,11,4407,1981,2426,154,111,43,75,39,36,34,13,21,1091,471,620,150,98,52,103,43,60,33,6,27,2767,1200,1567
137,District-Jyotiba Phule Nagar,Rural,12,5857,2612,3245,299,232,67,150,80,70,71,38,33,1808,808,1000,263,174,89,182,72,110,79,29,50,3005,1179,1826
137,District-Jyotiba Phule Nagar,Rural,13,6139,2549,3590,370,276,94,241,121,120,121,54,67,2236,887,1349,283,171,112,202,63,139,91,33,58,2595,944,1651
137,District-Jyotiba Phule Nagar,Rural,14,9219,3822,5397,753,598,155,536,295,241,196,87,109,3696,1374,2322,437,274,163,346,138,208,134,44,90,3121,1012,2109
137,District-Jyotiba Phule Nagar,Rural,15,12017,5308,6709,1512,1247,265,926,538,388,264,119,145,4578,1651,2927,722,504,218,491,190,301,180,57,123,3344,1002,2342
137,District-Jyotiba Phule Nagar,Rural,16,15105,6747,8358,2298,1894,404,1366,851,515,391,222,169,5796,2000,3796,887,599,288,613,252,361,195,60,135,3559,869,2690
137,District-Jyotiba Phule Nagar,Rural,17,12932,6015,6917,2508,2169,339,1311,866,445,350,175,175,4601,1443,3158,806,549,257,570,205,365,183,45,138,2603,563,2040
137,District-Jyotiba Phule Nagar,Rural,18,22638,11139,11499,5253,4631,622,2396,1640,756,513,299,214,7061,2142,4919,1701,1170,531,1100,435,665,295,89,206,4319,733,3586
137,District-Jyotiba Phule Nagar,Rural,19,14555,6802,7753,3524,3107,417,1426,951,475,306,172,134,4276,1193,3083,1044,683,361,812,260,552,179,48,131,2988,388,2600
137,District-Jyotiba Phule Nagar,Urban,5-19,68151,35421,32730,4736,3984,752,1362,923,439,412,279,133,14752,6032,8720,3759,2978,781,1220,874,346,345,236,109,41565,20115,21450
137,District-Jyotiba Phule Nagar,Urban,5,7918,4135,3783,2,2,0,1,1,0,0,0,0,71,33,38,51,34,17,32,19,13,1,1,0,7760,4045,3715
137,District-Jyotiba Phule Nagar,Urban,6,6939,3566,3373,3,3,0,3,2,1,0,0,0,90,51,39,40,17,23,25,13,12,7,4,3,6771,3476,3295
137,District-Jyotiba Phule Nagar,Urban,7,3522,1745,1777,10,7,3,3,1,2,0,0,0,158,68,90,26,15,11,16,6,10,1,1,0,3308,1647,1661
137,District-Jyotiba Phule Nagar,Urban,8,3000,1560,1440,12,7,5,5,3,2,2,1,1,260,133,127,25,14,11,12,6,6,2,1,1,2682,1395,1287
137,District-Jyotiba Phule Nagar,Urban,9,2202,1137,1065,8,3,5,10,8,2,1,1,0,252,132,120,28,18,10,11,7,4,3,2,1,1889,966,923
137,District-Jyotiba Phule Nagar,Urban,10,3013,1546,1467,19,11,8,11,2,9,3,2,1,373,173,200,41,24,17,21,15,6,7,4,3,2538,1315,1223
137,District-Jyotiba Phule Nagar,Urban,11,2193,1109,1084,51,44,7,12,9,3,2,1,1,405,185,220,44,30,14,25,19,6,5,4,1,1649,817,832
137,District-Jyotiba Phule Nagar,Urban,12,3042,1632,1410,88,67,21,40,23,17,8,4,4,692,370,322,85,60,25,32,22,10,13,9,4,2084,1077,1007
137,District-Jyotiba Phule Nagar,Urban,13,2870,1497,1373,100,82,18,35,23,12,12,7,5,803,370,433,127,98,29,49,38,11,18,12,6,1726,867,859
137,District-Jyotiba Phule Nagar,Urban,14,3834,1958,1876,209,153,56,73,43,30,37,20,17,1236,565,671,211,148,63,78,49,29,24,20,4,1966,960,1006
137,District-Jyotiba Phule Nagar,Urban,15,4581,2305,2276,340,286,54,125,81,44,43,27,16,1540,623,917,394,293,101,121,87,34,26,17,9,1992,891,1101
137,District-Jyotiba Phule Nagar,Urban,16,5670,2935,2735,641,510,131,201,121,80,59,38,21,2023,855,1168,494,387,107,146,110,36,50,35,15,2056,879,1177
137,District-Jyotiba Phule Nagar,Urban,17,5035,2596,2439,676,567,109,193,133,60,57,38,19,1917,738,1179,488,409,79,157,111,46,42,28,14,1505,572,933
137,District-Jyotiba Phule Nagar,Urban,18,8640,4709,3931,1519,1326,193,391,285,106,116,86,30,2901,1050,1851,1064,888,176,307,224,83,93,60,33,2249,790,1459
137,District-Jyotiba Phule Nagar,Urban,19,5692,2991,2701,1058,916,142,259,188,71,72,54,18,2031,686,1345,641,543,98,188,148,40,53,38,15,1390,418,972
138,District-Meerut,Total,5-19,400256,204927,195329,36646,31892,4754,11057,7689,3368,2410,1501,909,96959,34990,61969,18027,14085,3942,6898,4201,2697,1304,800,504,226955,109769,117186
138,District-Meerut,Total,5,55320,30155,25165,117,100,17,33,18,15,9,8,1,845,414,431,591,363,228,462,264,198,37,23,14,53226,28965,24261
138,District-Meerut,Total,6,44768,23766,21002,80,66,14,23,17,6,1,1,0,965,500,465,479,264,215,380,189,191,28,16,12,42812,22713,20099
138,District-Meerut,Total,7,20677,10776,9901,153,107,46,60,38,22,7,6,1,1560,812,748,307,188,119,194,90,104,13,10,3,18383,9525,8858
138,District-Meerut,Total,8,16304,8428,7876,134,92,42,54,42,12,2,1,1,1826,908,918,256,150,106,188,95,93,29,20,9,13815,7120,6695
138,District-Meerut,Total,9,12040,6165,5875,161,111,50,50,20,30,5,3,2,1765,896,869,253,157,96,146,77,69,24,9,15,9636,4892,4744
138,District-Meerut,Total,10,16432,8459,7973,194,135,59,92,53,39,15,10,5,2684,1401,1283,378,234,144,212,118,94,37,23,14,12820,6485,6335
138,District-Meerut,Total,11,13041,6675,6366,467,365,102,156,105,51,35,24,11,2867,1379,1488,409,290,119,244,140,104,44,29,15,8819,4343,4476
138,District-Meerut,Total,12,16381,8169,8212,796,653,143,252,149,103,53,33,20,4708,2101,2607,608,452,156,294,167,127,62,32,30,9608,4582,5026
138,District-Meerut,Total,13,15286,7355,7931,853,695,158,313,187,126,78,43,35,5143,2142,3001,688,517,171,330,199,131,75,40,35,7806,3532,4274
138,District-Meerut,Total,14,20625,9836,10789,1659,1359,300,623,398,225,156,91,65,7775,3013,4762,1117,854,263,428,263,165,95,66,29,8772,3792,4980
138,District-Meerut,Total,15,25515,12499,13016,2958,2462,496,1004,686,318,294,189,105,9959,3771,6188,1770,1392,378,588,380,208,146,94,52,8796,3525,5271
138,District-Meerut,Total,16,30610,14953,15657,4488,3838,650,1512,1049,463,353,210,143,12410,4279,8131,2168,1732,436,732,433,299,175,115,60,8772,3297,5475
138,District-Meerut,Total,17,29331,14780,14551,5386,4732,654,1645,1159,486,377,236,141,11796,3828,7968,2228,1828,400,736,473,263,159,102,57,7004,2422,4582
138,District-Meerut,Total,18,47112,24486,22626,10374,9254,1120,2941,2177,764,572,359,213,18297,5694,12603,3831,3234,597,1125,761,364,215,125,90,9757,2882,6875
138,District-Meerut,Total,19,36814,18425,18389,8826,7923,903,2299,1591,708,453,287,166,14359,3852,10507,2944,2430,514,839,552,287,165,96,69,6929,1694,5235
138,District-Meerut,Rural,5-19,198182,99450,98732,20740,17916,2824,6916,4721,2195,1859,1088,771,48400,15542,32858,7883,5739,2144,3233,1837,1396,756,402,354,108395,52205,56190
138,District-Meerut,Rural,5,30835,16860,13975,68,59,9,16,9,7,6,5,1,295,148,147,297,176,121,216,126,90,22,14,8,29915,16323,13592
138,District-Meerut,Rural,6,24617,13071,11546,42,36,6,8,8,0,1,1,0,372,185,187,268,145,123,182,82,100,20,11,9,23724,12603,11121
138,District-Meerut,Rural,7,10085,5309,4776,76,54,22,22,19,3,4,3,1,633,331,302,174,106,68,89,41,48,6,4,2,9081,4751,4330
138,District-Meerut,Rural,8,7313,3809,3504,72,50,22,23,19,4,2,1,1,778,394,384,139,79,60,95,46,49,21,15,6,6183,3205,2978
138,District-Meerut,Rural,9,5105,2589,2516,84,61,23,16,4,12,1,1,0,726,367,359,145,92,53,58,32,26,14,4,10,4061,2028,2033
138,District-Meerut,Rural,10,6996,3557,3439,109,78,31,28,13,15,9,5,4,1074,556,518,204,106,98,94,51,43,19,10,9,5459,2738,2721
138,District-Meerut,Rural,11,5391,2653,2738,259,207,52,74,44,30,23,14,9,1235,556,679,219,146,73,118,64,54,33,21,12,3430,1601,1829
138,District-Meerut,Rural,12,6884,3306,3578,420,339,81,132,71,61,38,21,17,2126,894,1232,295,198,97,142,77,65,37,12,25,3694,1694,2000
138,District-Meerut,Rural,13,6617,2987,3630,459,359,100,179,101,78,60,31,29,2400,914,1486,307,218,89,150,84,66,47,19,28,3015,1261,1754
138,District-Meerut,Rural,14,9516,4276,5240,929,745,184,396,250,146,118,65,53,3931,1369,2562,513,382,131,201,111,90,48,31,17,3380,1323,2057
138,District-Meerut,Rural,15,12244,5707,6537,1714,1410,304,616,413,203,237,143,94,5117,1743,3374,810,607,203,271,159,112,91,54,37,3388,1178,2210
138,District-Meerut,Rural,16,15364,7167,8197,2624,2233,391,981,668,313,276,155,121,6563,1996,4567,927,692,235,361,204,157,91,50,41,3541,1169,2372
138,District-Meerut,Rural,17,14594,7109,7485,3077,2679,398,1055,730,325,302,177,125,6199,1778,4421,860,657,203,351,206,145,91,48,43,2659,834,1825
138,District-Meerut,Rural,18,24014,12157,11857,5914,5255,659,1924,1413,511,442,262,180,9548,2649,6899,1559,1248,311,519,324,195,111,57,54,3997,949,3048
138,District-Meerut,Rural,19,18607,8893,9714,4893,4351,542,1446,959,487,340,204,136,7403,1662,5741,1166,887,279,386,230,156,105,52,53,2868,548,2320
138,District-Meerut,Urban,5-19,202074,105477,96597,15906,13976,1930,4141,2968,1173,551,413,138,48559,19448,29111,10144,8346,1798,3665,2364,1301,548,398,150,118560,57564,60996
138,District-Meerut,Urban,5,24485,13295,11190,49,41,8,17,9,8,3,3,0,550,266,284,294,187,107,246,138,108,15,9,6,23311,12642,10669
138,District-Meerut,Urban,6,20151,10695,9456,38,30,8,15,9,6,0,0,0,593,315,278,211,119,92,198,107,91,8,5,3,19088,10110,8978
138,District-Meerut,Urban,7,10592,5467,5125,77,53,24,38,19,19,3,3,0,927,481,446,133,82,51,105,49,56,7,6,1,9302,4774,4528
138,District-Meerut,Urban,8,8991,4619,4372,62,42,20,31,23,8,0,0,0,1048,514,534,117,71,46,93,49,44,8,5,3,7632,3915,3717
138,District-Meerut,Urban,9,6935,3576,3359,77,50,27,34,16,18,4,2,2,1039,529,510,108,65,43,88,45,43,10,5,5,5575,2864,2711
138,District-Meerut,Urban,10,9436,4902,4534,85,57,28,64,40,24,6,5,1,1610,845,765,174,128,46,118,67,51,18,13,5,7361,3747,3614
138,District-Meerut,Urban,11,7650,4022,3628,208,158,50,82,61,21,12,10,2,1632,823,809,190,144,46,126,76,50,11,8,3,5389,2742,2647
138,District-Meerut,Urban,12,9497,4863,4634,376,314,62,120,78,42,15,12,3,2582,1207,1375,313,254,59,152,90,62,25,20,5,5914,2888,3026
138,District-Meerut,Urban,13,8669,4368,4301,394,336,58,134,86,48,18,12,6,2743,1228,1515,381,299,82,180,115,65,28,21,7,4791,2271,2520
138,District-Meerut,Urban,14,11109,5560,5549,730,614,116,227,148,79,38,26,12,3844,1644,2200,604,472,132,227,152,75,47,35,12,5392,2469,2923
138,District-Meerut,Urban,15,13271,6792,6479,1244,1052,192,388,273,115,57,46,11,4842,2028,2814,960,785,175,317,221,96,55,40,15,5408,2347,3061
138,District-Meerut,Urban,16,15246,7786,7460,1864,1605,259,531,381,150,77,55,22,5847,2283,3564,1241,1040,201,371,229,142,84,65,19,5231,2128,3103
138,District-Meerut,Urban,17,14737,7671,7066,2309,2053,256,590,429,161,75,59,16,5597,2050,3547,1368,1171,197,385,267,118,68,54,14,4345,1588,2757
138,District-Meerut,Urban,18,23098,12329,10769,4460,3999,461,1017,764,253,130,97,33,8749,3045,5704,2272,1986,286,606,437,169,104,68,36,5760,1933,3827
138,District-Meerut,Urban,19,18207,9532,8675,3933,3572,361,853,632,221,113,83,30,6956,2190,4766,1778,1543,235,453,322,131,60,44,16,4061,1146,2915
139,District-Baghpat,Total,5-19,145840,72650,73190,14075,12318,1757,5054,3712,1342,1111,679,432,32701,10657,22044,5750,4002,1748,2634,1451,1183,635,301,334,83880,39530,44350
139,District-Baghpat,Total,5,24704,13451,11253,23,22,1,6,5,1,4,3,1,155,78,77,185,115,70,90,46,44,15,7,8,24226,13175,11051
139,District-Baghpat,Total,6,19708,10556,9152,24,20,4,4,4,0,1,0,1,190,98,92,150,78,72,91,50,41,11,4,7,19237,10302,8935
139,District-Baghpat,Total,7,7151,3748,3403,36,28,8,5,3,2,1,0,1,407,218,189,90,49,41,46,22,24,17,10,7,6549,3418,3131
139,District-Baghpat,Total,8,5250,2663,2587,58,41,17,12,7,5,2,1,1,522,288,234,64,32,32,40,24,16,12,9,3,4540,2261,2279
139,District-Baghpat,Total,9,3364,1658,1706,60,43,17,12,5,7,3,0,3,509,253,256,86,47,39,26,15,11,8,2,6,2660,1293,1367
139,District-Baghpat,Total,10,4842,2363,2479,60,40,20,23,16,7,8,0,8,799,410,389,108,51,57,47,21,26,22,12,10,3775,1813,1962
139,District-Baghpat,Total,11,3599,1757,1842,144,118,26,51,33,18,18,13,5,877,397,480,128,90,38,61,31,30,17,4,13,2303,1071,1232
139,District-Baghpat,Total,12,5107,2364,2743,298,239,59,90,62,28,27,19,8,1512,617,895,232,160,72,114,55,59,34,14,20,2800,1198,1602
139,District-Baghpat,Total,13,4678,1979,2699,313,249,64,113,73,40,55,33,22,1611,572,1039,218,132,86,110,61,49,31,12,19,2227,847,1380
139,District-Baghpat,Total,14,7154,3029,4125,713,572,141,303,198,105,89,44,45,2812,969,1843,371,247,124,190,96,94,46,25,21,2630,878,1752
139,District-Baghpat,Total,15,8958,4007,4951,1161,983,178,503,341,162,134,72,62,3520,1131,2389,615,418,197,295,171,124,74,40,34,2656,851,1805
139,District-Baghpat,Total,16,11081,5066,6015,1737,1471,266,719,515,204,159,101,58,4467,1380,3087,755,532,223,359,191,168,88,39,49,2797,837,1960
139,District-Baghpat,Total,17,10121,4817,5304,1963,1710,253,750,547,203,141,78,63,4084,1224,2860,698,517,181,308,161,147,78,37,41,2099,543,1556
139,District-Baghpat,Total,18,17253,8804,8449,4123,3725,398,1377,1041,336,289,188,101,6361,1839,4522,1283,956,327,521,321,200,115,56,59,3184,678,2506
139,District-Baghpat,Total,19,12870,6388,6482,3362,3057,305,1086,862,224,180,127,53,4875,1183,3692,767,578,189,336,186,150,67,30,37,2197,365,1832
139,District-Baghpat,Rural,5-19,112605,55534,57071,11635,10056,1579,4407,3193,1214,992,586,406,25375,7792,17583,4637,3061,1576,2230,1183,1047,523,235,288,62806,29428,33378
139,District-Baghpat,Rural,5,19737,10764,8973,19,18,1,5,4,1,4,3,1,125,59,66,172,109,63,83,41,42,14,7,7,19315,10523,8792
139,District-Baghpat,Rural,6,15439,8321,7118,20,16,4,3,3,0,1,0,1,148,75,73,137,72,65,78,46,32,10,3,7,15042,8106,6936
139,District-Baghpat,Rural,7,5342,2806,2536,32,24,8,5,3,2,1,0,1,328,182,146,87,47,40,36,16,20,16,9,7,4837,2525,2312
139,District-Baghpat,Rural,8,3648,1802,1846,52,36,16,11,6,5,2,1,1,407,219,188,57,29,28,31,20,11,12,9,3,3076,1482,1594
139,District-Baghpat,Rural,9,2442,1187,1255,57,40,17,12,5,7,3,0,3,398,190,208,71,38,33,22,14,8,8,2,6,1871,898,973
139,District-Baghpat,Rural,10,3464,1658,1806,52,35,17,19,12,7,8,0,8,603,314,289,94,42,52,37,15,22,20,10,10,2631,1230,1401
139,District-Baghpat,Rural,11,2639,1269,1370,125,104,21,47,31,16,17,12,5,665,294,371,108,73,35,54,28,26,14,2,12,1609,725,884
139,District-Baghpat,Rural,12,3666,1634,2032,253,198,55,79,52,27,26,18,8,1151,462,689,190,125,65,95,39,56,28,11,17,1844,729,1115
139,District-Baghpat,Rural,13,3537,1472,2065,262,205,57,105,69,36,54,32,22,1219,425,794,191,109,82,97,51,46,28,10,18,1581,571,1010
139,District-Baghpat,Rural,14,5404,2223,3181,620,487,133,268,174,94,81,38,43,2149,688,1461,308,196,112,160,80,80,37,18,19,1781,542,1239
139,District-Baghpat,Rural,15,6992,3068,3924,1003,840,163,453,303,150,119,59,60,2729,814,1915,508,331,177,252,145,107,64,33,31,1864,543,1321
139,District-Baghpat,Rural,16,8679,3856,4823,1459,1216,243,616,429,187,143,89,54,3517,1001,2516,598,397,201,311,161,150,70,32,38,1965,531,1434
139,District-Baghpat,Rural,17,7940,3711,4229,1624,1392,232,645,470,175,125,68,57,3185,883,2302,529,370,159,269,137,132,59,27,32,1504,364,1140
139,District-Baghpat,Rural,18,13467,6775,6692,3336,2991,345,1189,884,305,248,156,92,4933,1326,3607,986,699,287,417,244,173,88,42,46,2270,433,1837
139,District-Baghpat,Rural,19,10209,4988,5221,2721,2454,267,950,748,202,160,110,50,3818,860,2958,601,424,177,288,146,142,55,20,35,1616,226,1390
139,District-Baghpat,Urban,5-19,33235,17116,16119,2440,2262,178,647,519,128,119,93,26,7326,2865,4461,1113,941,172,404,268,136,112,66,46,21074,10102,10972
139,District-Baghpat,Urban,5,4967,2687,2280,4,4,0,1,1,0,0,0,0,30,19,11,13,6,7,7,5,2,1,0,1,4911,2652,2259
139,District-Baghpat,Urban,6,4269,2235,2034,4,4,0,1,1,0,0,0,0,42,23,19,13,6,7,13,4,9,1,1,0,4195,2196,1999
139,District-Baghpat,Urban,7,1809,942,867,4,4,0,0,0,0,0,0,0,79,36,43,3,2,1,10,6,4,1,1,0,1712,893,819
139,District-Baghpat,Urban,8,1602,861,741,6,5,1,1,1,0,0,0,0,115,69,46,7,3,4,9,4,5,0,0,0,1464,779,685
139,District-Baghpat,Urban,9,922,471,451,3,3,0,0,0,0,0,0,0,111,63,48,15,9,6,4,1,3,0,0,0,789,395,394
139,District-Baghpat,Urban,10,1378,705,673,8,5,3,4,4,0,0,0,0,196,96,100,14,9,5,10,6,4,2,2,0,1144,583,561
139,District-Baghpat,Urban,11,960,488,472,19,14,5,4,2,2,1,1,0,212,103,109,20,17,3,7,3,4,3,2,1,694,346,348
139,District-Baghpat,Urban,12,1441,730,711,45,41,4,11,10,1,1,1,0,361,155,206,42,35,7,19,16,3,6,3,3,956,469,487
139,District-Baghpat,Urban,13,1141,507,634,51,44,7,8,4,4,1,1,0,392,147,245,27,23,4,13,10,3,3,2,1,646,276,370
139,District-Baghpat,Urban,14,1750,806,944,93,85,8,35,24,11,8,6,2,663,281,382,63,51,12,30,16,14,9,7,2,849,336,513
139,District-Baghpat,Urban,15,1966,939,1027,158,143,15,50,38,12,15,13,2,791,317,474,107,87,20,43,26,17,10,7,3,792,308,484
139,District-Baghpat,Urban,16,2402,1210,1192,278,255,23,103,86,17,16,12,4,950,379,571,157,135,22,48,30,18,18,7,11,832,306,526
139,District-Baghpat,Urban,17,2181,1106,1075,339,318,21,105,77,28,16,10,6,899,341,558,169,147,22,39,24,15,19,10,9,595,179,416
139,District-Baghpat,Urban,18,3786,2029,1757,787,734,53,188,157,31,41,32,9,1428,513,915,297,257,40,104,77,27,27,14,13,914,245,669
139,District-Baghpat,Urban,19,2661,1400,1261,641,603,38,136,114,22,20,17,3,1057,323,734,166,154,12,48,40,8,12,10,2,581,139,442
140,District-Ghaziabad,Total,5-19,478348,248568,229780,53448,46173,7275,15511,10586,4925,3163,1935,1228,113309,40147,73162,19553,14647,4906,9087,5298,3789,1412,803,609,262865,128979,133886
140,District-Ghaziabad,Total,5,74257,40513,33744,928,834,94,198,120,78,13,8,5,2083,866,1217,1085,705,380,802,457,345,52,29,23,69096,37494,31602
140,District-Ghaziabad,Total,6,59824,31958,27866,824,725,99,164,119,45,27,22,5,2044,856,1188,922,580,342,722,375,347,44,28,16,55077,29253,25824
140,District-Ghaziabad,Total,7,26416,13687,12729,906,754,152,188,119,69,13,9,4,2232,950,1282,524,343,181,403,217,186,25,9,16,22125,11286,10839
140,District-Ghaziabad,Total,8,19041,9884,9157,1002,844,158,227,158,69,30,19,11,2406,1037,1369,399,273,126,251,134,117,23,14,9,14703,7405,7298
140,District-Ghaziabad,Total,9,14547,7609,6938,819,696,123,227,141,86,18,14,4,2381,1054,1327,427,289,138,255,136,119,28,16,12,10392,5263,5129
140,District-Ghaziabad,Total,10,20600,10705,9895,1031,870,161,289,172,117,38,24,14,3363,1495,1868,607,396,211,344,198,146,30,15,15,14898,7535,7363
140,District-Ghaziabad,Total,11,15468,7891,7577,1236,1029,207,337,209,128,57,38,19,3632,1539,2093,504,349,155,310,158,152,50,29,21,9342,4540,4802
140,District-Ghaziabad,Total,12,17771,9072,8699,1766,1471,295,457,302,155,57,30,27,5018,2094,2924,791,542,249,446,247,199,80,44,36,9156,4342,4814
140,District-Ghaziabad,Total,13,16659,8196,8463,1651,1352,299,525,338,187,113,63,50,5553,2282,3271,709,500,209,408,235,173,77,42,35,7623,3384,4239
140,District-Ghaziabad,Total,14,22670,10955,11715,2612,2141,471,861,545,316,194,94,100,8512,3185,5327,1183,851,332,521,266,255,129,69,60,8658,3804,4854
140,District-Ghaziabad,Total,15,27455,13682,13773,4001,3348,653,1357,889,468,326,191,135,10563,3912,6651,1737,1325,412,741,437,304,154,89,65,8576,3491,5085
140,District-Ghaziabad,Total,16,32997,16274,16723,5570,4699,871,1914,1258,656,457,254,203,13320,4581,8739,2117,1612,505,853,515,338,157,83,74,8609,3272,5337
140,District-Ghaziabad,Total,17,32999,17083,15916,6708,5812,896,2152,1471,681,452,283,169,13536,4738,8798,2128,1666,462,753,463,290,157,88,69,7113,2562,4551
140,District-Ghaziabad,Total,18,53445,28436,25009,12964,11519,1445,3638,2640,998,769,487,282,20851,6588,14263,3627,2953,674,1310,853,457,235,142,93,10051,3254,6797
140,District-Ghaziabad,Total,19,44199,22623,21576,11430,10079,1351,2977,2105,872,599,399,200,17815,4970,12845,2793,2263,530,968,607,361,171,106,65,7446,2094,5352
140,District-Ghaziabad,Rural,5-19,186532,94324,92208,22098,18911,3187,8050,5364,2686,2083,1199,884,43080,13386,29694,6754,4630,2124,3659,2017,1642,728,349,379,100080,48468,51612
140,District-Ghaziabad,Rural,5,30610,16758,13852,281,250,31,58,41,17,7,2,5,522,206,316,355,220,135,171,98,73,22,13,9,29194,15928,13266
140,District-Ghaziabad,Rural,6,24671,13143,11528,232,211,21,42,30,12,13,8,5,546,230,316,274,177,97,166,81,85,21,14,7,23377,12392,10985
140,District-Ghaziabad,Rural,7,9583,4927,4656,250,210,40,51,32,19,6,2,4,537,233,304,148,92,56,99,48,51,13,3,10,8479,4307,4172
140,District-Ghaziabad,Rural,8,6533,3321,3212,281,242,39,75,47,28,20,11,9,661,285,376,133,89,44,87,47,40,17,11,6,5259,2589,2670
140,District-Ghaziabad,Rural,9,4355,2213,2142,217,189,28,58,38,20,8,6,2,596,249,347,113,72,41,99,51,48,16,10,6,3248,1598,1650
140,District-Ghaziabad,Rural,10,7079,3566,3513,316,268,48,104,62,42,21,10,11,962,404,558,215,124,91,101,51,50,16,6,10,5344,2641,2703
140,District-Ghaziabad,Rural,11,4756,2313,2443,355,300,55,136,75,61,26,18,8,1061,436,625,156,100,56,116,60,56,17,7,10,2889,1317,1572
140,District-Ghaziabad,Rural,12,6120,2946,3174,640,522,118,202,124,78,37,21,16,1731,661,1070,271,165,106,174,84,90,39,18,21,3026,1351,1675
140,District-Ghaziabad,Rural,13,5790,2715,3075,575,452,123,255,156,99,71,32,39,1991,762,1229,253,157,96,172,90,82,36,15,21,2437,1051,1386
140,District-Ghaziabad,Rural,14,8839,3947,4892,1063,826,237,477,287,190,141,66,75,3522,1164,2358,452,292,160,262,121,141,72,30,42,2850,1161,1689
140,District-Ghaziabad,Rural,15,10954,5156,5798,1755,1442,313,709,445,264,237,130,107,4468,1477,2991,592,411,181,347,186,161,83,40,43,2763,1025,1738
140,District-Ghaziabad,Rural,16,14170,6668,7502,2585,2127,458,1114,715,399,331,176,155,5809,1799,4010,843,592,251,427,241,186,87,37,50,2974,981,1993
140,District-Ghaziabad,Rural,17,13212,6556,6656,2976,2540,436,1188,798,390,305,187,118,5361,1614,3747,776,542,234,333,188,145,73,31,42,2200,656,1544
140,District-Ghaziabad,Rural,18,22662,11615,11047,5921,5241,680,2042,1441,601,498,305,193,8607,2276,6331,1280,945,335,644,393,251,131,68,63,3539,946,2593
140,District-Ghaziabad,Rural,19,17198,8480,8718,4651,4091,560,1539,1073,466,362,225,137,6706,1590,5116,893,652,241,461,278,183,85,46,39,2501,525,1976
140,District-Ghaziabad,Urban,5-19,291816,154244,137572,31350,27262,4088,7461,5222,2239,1080,736,344,70229,26761,43468,12799,10017,2782,5428,3281,2147,684,454,230,162785,80511,82274
140,District-Ghaziabad,Urban,5,43647,23755,19892,647,584,63,140,79,61,6,6,0,1561,660,901,730,485,245,631,359,272,30,16,14,39902,21566,18336
140,District-Ghaziabad,Urban,6,35153,18815,16338,592,514,78,122,89,33,14,14,0,1498,626,872,648,403,245,556,294,262,23,14,9,31700,16861,14839
140,District-Ghaziabad,Urban,7,16833,8760,8073,656,544,112,137,87,50,7,7,0,1695,717,978,376,251,125,304,169,135,12,6,6,13646,6979,6667
140,District-Ghaziabad,Urban,8,12508,6563,5945,721,602,119,152,111,41,10,8,2,1745,752,993,266,184,82,164,87,77,6,3,3,9444,4816,4628
140,District-Ghaziabad,Urban,9,10192,5396,4796,602,507,95,169,103,66,10,8,2,1785,805,980,314,217,97,156,85,71,12,6,6,7144,3665,3479
140,District-Ghaziabad,Urban,10,13521,7139,6382,715,602,113,185,110,75,17,14,3,2401,1091,1310,392,272,120,243,147,96,14,9,5,9554,4894,4660
140,District-Ghaziabad,Urban,11,10712,5578,5134,881,729,152,201,134,67,31,20,11,2571,1103,1468,348,249,99,194,98,96,33,22,11,6453,3223,3230
140,District-Ghaziabad,Urban,12,11651,6126,5525,1126,949,177,255,178,77,20,9,11,3287,1433,1854,520,377,143,272,163,109,41,26,15,6130,2991,3139
140,District-Ghaziabad,Urban,13,10869,5481,5388,1076,900,176,270,182,88,42,31,11,3562,1520,2042,456,343,113,236,145,91,41,27,14,5186,2333,2853
140,District-Ghaziabad,Urban,14,13831,7008,6823,1549,1315,234,384,258,126,53,28,25,4990,2021,2969,731,559,172,259,145,114,57,39,18,5808,2643,3165
140,District-Ghaziabad,Urban,15,16501,8526,7975,2246,1906,340,648,444,204,89,61,28,6095,2435,3660,1145,914,231,394,251,143,71,49,22,5813,2466,3347
140,District-Ghaziabad,Urban,16,18827,9606,9221,2985,2572,413,800,543,257,126,78,48,7511,2782,4729,1274,1020,254,426,274,152,70,46,24,5635,2291,3344
140,District-Ghaziabad,Urban,17,19787,10527,9260,3732,3272,460,964,673,291,147,96,51,8175,3124,5051,1352,1124,228,420,275,145,84,57,27,4913,1906,3007
140,District-Ghaziabad,Urban,18,30783,16821,13962,7043,6278,765,1596,1199,397,271,182,89,12244,4312,7932,2347,2008,339,666,460,206,104,74,30,6512,2308,4204
140,District-Ghaziabad,Urban,19,27001,14143,12858,6779,5988,791,1438,1032,406,237,174,63,11109,3380,7729,1900,1611,289,507,329,178,86,60,26,4945,1569,3376
141,District-Gautam Buddha Nagar,Total,5-19,143485,73301,70184,13379,11085,2294,4529,2960,1569,965,584,381,32093,11817,20276,5169,3580,1589,3039,1663,1376,533,291,242,83778,41321,42457
141,District-Gautam Buddha Nagar,Total,5,26376,14377,11999,71,62,9,32,20,12,1,1,0,450,221,229,328,202,126,334,183,151,32,16,16,25128,13672,11456
141,District-Gautam Buddha Nagar,Total,6,20878,11195,9683,60,50,10,18,9,9,3,3,0,487,254,233,206,120,86,280,150,130,18,7,11,19806,10602,9204
141,District-Gautam Buddha Nagar,Total,7,8728,4577,4151,99,68,31,40,25,15,3,2,1,783,396,387,134,72,62,110,50,60,10,4,6,7549,3960,3589
141,District-Gautam Buddha Nagar,Total,8,5785,2847,2938,66,47,19,50,27,23,3,2,1,791,388,403,100,61,39,86,45,41,12,10,2,4677,2267,2410
141,District-Gautam Buddha Nagar,Total,9,4116,2059,2057,83,59,24,43,23,20,4,2,2,832,415,417,81,44,37,87,45,42,13,9,4,2973,1462,1511
141,District-Gautam Buddha Nagar,Total,10,5484,2703,2781,101,72,29,54,36,18,9,7,2,1035,516,519,120,72,48,110,53,57,15,8,7,4040,1939,2101
141,District-Gautam Buddha Nagar,Total,11,3958,1986,1972,194,150,44,81,48,33,6,5,1,1049,496,553,114,76,38,102,58,44,17,8,9,2395,1145,1250
141,District-Gautam Buddha Nagar,Total,12,4538,2191,2347,301,222,79,121,71,50,24,17,7,1394,607,787,183,109,74,124,49,75,24,15,9,2367,1101,1266
141,District-Gautam Buddha Nagar,Total,13,4140,1925,2215,304,248,56,122,74,48,28,12,16,1463,615,848,162,104,58,93,51,42,32,13,19,1936,808,1128
141,District-Gautam Buddha Nagar,Total,14,5428,2522,2906,520,391,129,215,128,87,49,29,20,2019,824,1195,269,164,105,177,96,81,38,22,16,2141,868,1273
141,District-Gautam Buddha Nagar,Total,15,6799,3362,3437,905,709,196,331,218,113,80,49,31,2611,1044,1567,440,307,133,238,137,101,45,31,14,2149,867,1282
141,District-Gautam Buddha Nagar,Total,16,8236,3987,4249,1222,996,226,486,318,168,127,71,56,3387,1250,2137,520,372,148,249,150,99,59,38,21,2186,792,1394
141,District-Gautam Buddha Nagar,Total,17,8634,4257,4377,1708,1402,306,625,415,210,117,73,44,3525,1170,2355,595,434,161,269,160,109,51,21,30,1744,582,1162
141,District-Gautam Buddha Nagar,Total,18,15803,8142,7661,3792,3273,519,1173,800,373,261,168,93,6449,2040,4409,1022,782,240,408,253,155,78,46,32,2620,780,1840
141,District-Gautam Buddha Nagar,Total,19,14582,7171,7411,3953,3336,617,1138,748,390,250,143,107,5818,1581,4237,895,661,234,372,183,189,89,43,46,2067,476,1591
141,District-Gautam Buddha Nagar,Rural,5-19,65427,31917,33510,5457,4372,1085,2682,1627,1055,627,314,313,15904,5287,10617,1831,1168,663,1528,754,774,295,132,163,37103,18263,18840
141,District-Gautam Buddha Nagar,Rural,5,12171,6660,5511,24,22,2,15,12,3,1,1,0,158,84,74,130,86,44,126,61,65,15,7,8,11702,6387,5315
141,District-Gautam Buddha Nagar,Rural,6,9662,5180,4482,23,19,4,6,3,3,1,1,0,190,99,91,79,46,33,122,60,62,11,5,6,9230,4947,4283
141,District-Gautam Buddha Nagar,Rural,7,3896,2072,1824,26,20,6,17,6,11,1,0,1,295,152,143,63,30,33,47,20,27,4,2,2,3443,1842,1601
141,District-Gautam Buddha Nagar,Rural,8,2406,1183,1223,25,18,7,24,13,11,3,2,1,332,173,159,45,27,18,39,21,18,6,6,0,1932,923,1009
141,District-Gautam Buddha Nagar,Rural,9,1581,816,765,37,28,9,14,7,7,2,0,2,324,172,152,32,23,9,40,22,18,2,1,1,1130,563,567
141,District-Gautam Buddha Nagar,Rural,10,2286,1112,1174,41,30,11,25,17,8,7,5,2,443,214,229,51,33,18,47,22,25,11,6,5,1661,785,876
141,District-Gautam Buddha Nagar,Rural,11,1563,806,757,74,62,12,45,31,14,2,2,0,401,185,216,45,30,15,50,30,20,11,4,7,935,462,473
141,District-Gautam Buddha Nagar,Rural,12,1855,838,1017,126,84,42,65,38,27,15,10,5,614,250,364,70,41,29,77,28,49,17,11,6,871,376,495
141,District-Gautam Buddha Nagar,Rural,13,1674,741,933,121,97,24,59,33,26,21,8,13,638,252,386,60,35,25,49,28,21,21,7,14,705,281,424
141,District-Gautam Buddha Nagar,Rural,14,2398,1020,1378,229,171,58,121,65,56,30,16,14,972,348,624,97,52,45,100,50,50,18,10,8,831,308,523
141,District-Gautam Buddha Nagar,Rural,15,3187,1456,1731,385,302,83,213,130,83,54,28,26,1344,491,853,160,105,55,136,65,71,25,14,11,870,321,549
141,District-Gautam Buddha Nagar,Rural,16,3999,1778,2221,546,436,110,309,186,123,88,38,50,1773,586,1187,191,123,68,133,68,65,31,17,14,928,324,604
141,District-Gautam Buddha Nagar,Rural,17,4152,1823,2329,713,567,146,383,239,144,81,45,36,1850,531,1319,190,121,69,141,81,60,29,6,23,765,233,532
141,District-Gautam Buddha Nagar,Rural,18,7632,3452,4180,1535,1277,258,720,446,274,167,88,79,3511,996,2515,309,207,102,197,103,94,46,20,26,1147,315,832
141,District-Gautam Buddha Nagar,Rural,19,6965,2980,3985,1552,1239,313,666,401,265,154,70,84,3059,754,2305,309,209,100,224,95,129,48,16,32,953,196,757
141,District-Gautam Buddha Nagar,Urban,5-19,78058,41384,36674,7922,6713,1209,1847,1333,514,338,270,68,16189,6530,9659,3338,2412,926,1511,909,602,238,159,79,46675,23058,23617
141,District-Gautam Buddha Nagar,Urban,5,14205,7717,6488,47,40,7,17,8,9,0,0,0,292,137,155,198,116,82,208,122,86,17,9,8,13426,7285,6141
141,District-Gautam Buddha Nagar,Urban,6,11216,6015,5201,37,31,6,12,6,6,2,2,0,297,155,142,127,74,53,158,90,68,7,2,5,10576,5655,4921
141,District-Gautam Buddha Nagar,Urban,7,4832,2505,2327,73,48,25,23,19,4,2,2,0,488,244,244,71,42,29,63,30,33,6,2,4,4106,2118,1988
141,District-Gautam Buddha Nagar,Urban,8,3379,1664,1715,41,29,12,26,14,12,0,0,0,459,215,244,55,34,21,47,24,23,6,4,2,2745,1344,1401
141,District-Gautam Buddha Nagar,Urban,9,2535,1243,1292,46,31,15,29,16,13,2,2,0,508,243,265,49,21,28,47,23,24,11,8,3,1843,899,944
141,District-Gautam Buddha Nagar,Urban,10,3198,1591,1607,60,42,18,29,19,10,2,2,0,592,302,290,69,39,30,63,31,32,4,2,2,2379,1154,1225
141,District-Gautam Buddha Nagar,Urban,11,2395,1180,1215,120,88,32,36,17,19,4,3,1,648,311,337,69,46,23,52,28,24,6,4,2,1460,683,777
141,District-Gautam Buddha Nagar,Urban,12,2683,1353,1330,175,138,37,56,33,23,9,7,2,780,357,423,113,68,45,47,21,26,7,4,3,1496,725,771
141,District-Gautam Buddha Nagar,Urban,13,2466,1184,1282,183,151,32,63,41,22,7,4,3,825,363,462,102,69,33,44,23,21,11,6,5,1231,527,704
141,District-Gautam Buddha Nagar,Urban,14,3030,1502,1528,291,220,71,94,63,31,19,13,6,1047,476,571,172,112,60,77,46,31,20,12,8,1310,560,750
141,District-Gautam Buddha Nagar,Urban,15,3612,1906,1706,520,407,113,118,88,30,26,21,5,1267,553,714,280,202,78,102,72,30,20,17,3,1279,546,733
141,District-Gautam Buddha Nagar,Urban,16,4237,2209,2028,676,560,116,177,132,45,39,33,6,1614,664,950,329,249,80,116,82,34,28,21,7,1258,468,790
141,District-Gautam Buddha Nagar,Urban,17,4482,2434,2048,995,835,160,242,176,66,36,28,8,1675,639,1036,405,313,92,128,79,49,22,15,7,979,349,630
141,District-Gautam Buddha Nagar,Urban,18,8171,4690,3481,2257,1996,261,453,354,99,94,80,14,2938,1044,1894,713,575,138,211,150,61,32,26,6,1473,465,1008
141,District-Gautam Buddha Nagar,Urban,19,7617,4191,3426,2401,2097,304,472,347,125,96,73,23,2759,827,1932,586,452,134,148,88,60,41,27,14,1114,280,834
142,District-Bulandshahr ,Total,5-19,442536,219258,223278,41388,34586,6802,19895,12347,7548,4829,2451,2378,88673,29594,59079,18365,12650,5715,10414,5130,5284,2565,1087,1478,256407,121413,134994
142,District-Bulandshahr ,Total,5,73910,39799,34111,70,63,7,13,8,5,5,4,1,469,234,235,293,183,110,200,106,94,38,23,15,72822,39178,33644
142,District-Bulandshahr ,Total,6,60389,31966,28423,49,39,10,14,6,8,3,2,1,644,295,349,299,189,110,165,95,70,46,22,24,59169,31318,27851
142,District-Bulandshahr ,Total,7,21897,11170,10727,75,54,21,24,12,12,9,4,5,927,457,470,165,90,75,109,49,60,31,16,15,20557,10488,10069
142,District-Bulandshahr ,Total,8,15280,7624,7656,76,60,16,33,23,10,11,7,4,1273,645,628,136,75,61,127,69,58,41,22,19,13583,6723,6860
142,District-Bulandshahr ,Total,9,9509,4759,4750,87,62,25,28,16,12,14,6,8,1076,514,562,127,62,65,119,57,62,28,13,15,8030,4029,4001
142,District-Bulandshahr ,Total,10,16095,8042,8053,171,121,50,101,47,54,27,12,15,2043,1008,1035,270,163,107,212,102,110,90,41,49,13181,6548,6633
142,District-Bulandshahr ,Total,11,10409,4857,5552,345,269,76,152,82,70,49,23,26,2154,914,1240,307,180,127,204,89,115,69,27,42,7129,3273,3856
142,District-Bulandshahr ,Total,12,14857,6888,7969,811,626,185,417,218,199,153,61,92,3886,1631,2255,628,403,225,416,198,218,152,71,81,8394,3680,4714
142,District-Bulandshahr ,Total,13,13542,5849,7693,834,621,213,510,247,263,144,72,72,4312,1673,2639,648,388,260,435,187,248,142,51,91,6517,2610,3907
142,District-Bulandshahr ,Total,14,20958,9204,11754,1847,1374,473,1178,603,575,357,165,192,7448,2817,4631,1163,691,472,807,368,439,238,99,139,7920,3087,4833
142,District-Bulandshahr ,Total,15,26896,12243,14653,3357,2637,720,1937,1092,845,557,276,281,9568,3465,6103,1857,1243,614,1125,532,593,275,127,148,8220,2871,5349
142,District-Bulandshahr ,Total,16,34421,15650,18771,5288,4216,1072,3065,1781,1284,808,395,413,12566,4071,8495,2578,1728,850,1475,712,763,362,149,213,8279,2598,5681
142,District-Bulandshahr ,Total,17,30129,14213,15916,5826,4816,1010,2917,1789,1128,743,371,372,10809,3248,7561,2222,1573,649,1236,600,636,277,122,155,6099,1694,4405
142,District-Bulandshahr ,Total,18,57497,28814,28683,13343,11596,1747,5858,3920,1938,1237,681,556,19170,5452,13718,4801,3530,1271,2407,1231,1176,521,210,311,10160,2194,7966
142,District-Bulandshahr ,Total,19,36747,18180,18567,9209,8032,1177,3648,2503,1145,712,372,340,12328,3170,9158,2871,2152,719,1377,735,642,255,94,161,6347,1122,5225
142,District-Bulandshahr ,Rural,5-19,323075,158255,164820,31994,26653,5341,17737,10855,6882,4303,2142,2161,66018,20866,45152,11623,7453,4170,8127,3805,4322,2110,821,1289,181163,85660,95503
142,District-Bulandshahr ,Rural,5,57601,31027,26574,50,45,5,7,5,2,3,2,1,325,165,160,224,136,88,145,76,69,34,20,14,56813,30578,26235
142,District-Bulandshahr ,Rural,6,46260,24561,21699,33,28,5,11,4,7,3,2,1,442,208,234,207,132,75,110,63,47,40,20,20,45414,24104,21310
142,District-Bulandshahr ,Rural,7,15417,7861,7556,51,33,18,19,10,9,8,3,5,647,313,334,108,54,54,74,35,39,29,15,14,14481,7398,7083
142,District-Bulandshahr ,Rural,8,10159,5041,5118,53,39,14,25,19,6,10,6,4,890,458,432,90,52,38,77,41,36,37,19,18,8977,4407,4570
142,District-Bulandshahr ,Rural,9,5809,2870,2939,60,40,20,20,13,7,11,4,7,719,336,383,78,33,45,80,42,38,23,11,12,4818,2391,2427
142,District-Bulandshahr ,Rural,10,10412,5124,5288,114,74,40,80,37,43,21,11,10,1388,663,725,163,88,75,136,65,71,82,38,44,8428,4148,4280
142,District-Bulandshahr ,Rural,11,6404,2843,3561,231,177,54,131,70,61,44,20,24,1487,617,870,199,107,92,147,61,86,55,21,34,4110,1770,2340
142,District-Bulandshahr ,Rural,12,9814,4355,5459,615,481,134,365,188,177,136,52,84,2772,1110,1662,386,219,167,327,144,183,131,58,73,5082,2103,2979
142,District-Bulandshahr ,Rural,13,8856,3666,5190,618,450,168,446,210,236,126,62,64,3089,1183,1906,379,205,174,326,127,199,118,44,74,3754,1385,2369
142,District-Bulandshahr ,Rural,14,14679,6186,8493,1412,1034,378,1063,533,530,313,147,166,5560,2005,3555,754,425,329,642,273,369,197,75,122,4738,1694,3044
142,District-Bulandshahr ,Rural,15,19278,8526,10752,2586,2029,557,1716,940,776,497,241,256,7138,2443,4695,1211,765,446,876,402,474,230,99,131,5024,1607,3417
142,District-Bulandshahr ,Rural,16,25292,11168,14124,4078,3225,853,2749,1578,1171,718,342,376,9606,2954,6652,1653,1019,634,1181,545,636,293,108,185,5014,1397,3617
142,District-Bulandshahr ,Rural,17,22121,10193,11928,4488,3706,782,2594,1561,1033,668,332,336,8100,2294,5806,1346,880,466,965,434,531,214,81,133,3746,905,2841
142,District-Bulandshahr ,Rural,18,43716,21596,22120,10566,9175,1391,5297,3505,1792,1120,599,521,14640,3894,10746,3077,2124,953,1959,954,1005,434,159,275,6623,1186,5437
142,District-Bulandshahr ,Rural,19,27257,13238,14019,7039,6117,922,3214,2182,1032,625,319,306,9215,2223,6992,1748,1214,534,1082,543,539,193,53,140,4141,587,3554
142,District-Bulandshahr ,Urban,5-19,119461,61003,58458,9394,7933,1461,2158,1492,666,526,309,217,22655,8728,13927,6742,5197,1545,2287,1325,962,455,266,189,75244,35753,39491
142,District-Bulandshahr ,Urban,5,16309,8772,7537,20,18,2,6,3,3,2,2,0,144,69,75,69,47,22,55,30,25,4,3,1,16009,8600,7409
142,District-Bulandshahr ,Urban,6,14129,7405,6724,16,11,5,3,2,1,0,0,0,202,87,115,92,57,35,55,32,23,6,2,4,13755,7214,6541
142,District-Bulandshahr ,Urban,7,6480,3309,3171,24,21,3,5,2,3,1,1,0,280,144,136,57,36,21,35,14,21,2,1,1,6076,3090,2986
142,District-Bulandshahr ,Urban,8,5121,2583,2538,23,21,2,8,4,4,1,1,0,383,187,196,46,23,23,50,28,22,4,3,1,4606,2316,2290
142,District-Bulandshahr ,Urban,9,3700,1889,1811,27,22,5,8,3,5,3,2,1,357,178,179,49,29,20,39,15,24,5,2,3,3212,1638,1574
142,District-Bulandshahr ,Urban,10,5683,2918,2765,57,47,10,21,10,11,6,1,5,655,345,310,107,75,32,76,37,39,8,3,5,4753,2400,2353
142,District-Bulandshahr ,Urban,11,4005,2014,1991,114,92,22,21,12,9,5,3,2,667,297,370,108,73,35,57,28,29,14,6,8,3019,1503,1516
142,District-Bulandshahr ,Urban,12,5043,2533,2510,196,145,51,52,30,22,17,9,8,1114,521,593,242,184,58,89,54,35,21,13,8,3312,1577,1735
142,District-Bulandshahr ,Urban,13,4686,2183,2503,216,171,45,64,37,27,18,10,8,1223,490,733,269,183,86,109,60,49,24,7,17,2763,1225,1538
142,District-Bulandshahr ,Urban,14,6279,3018,3261,435,340,95,115,70,45,44,18,26,1888,812,1076,409,266,143,165,95,70,41,24,17,3182,1393,1789
142,District-Bulandshahr ,Urban,15,7618,3717,3901,771,608,163,221,152,69,60,35,25,2430,1022,1408,646,478,168,249,130,119,45,28,17,3196,1264,1932
142,District-Bulandshahr ,Urban,16,9129,4482,4647,1210,991,219,316,203,113,90,53,37,2960,1117,1843,925,709,216,294,167,127,69,41,28,3265,1201,2064
142,District-Bulandshahr ,Urban,17,8008,4020,3988,1338,1110,228,323,228,95,75,39,36,2709,954,1755,876,693,183,271,166,105,63,41,22,2353,789,1564
142,District-Bulandshahr ,Urban,18,13781,7218,6563,2777,2421,356,561,415,146,117,82,35,4530,1558,2972,1724,1406,318,448,277,171,87,51,36,3537,1008,2529
142,District-Bulandshahr ,Urban,19,9490,4942,4548,2170,1915,255,434,321,113,87,53,34,3113,947,2166,1123,938,185,295,192,103,62,41,21,2206,535,1671
143,District-Aligarh,Total,5-19,491521,250014,241507,33157,29319,3838,17167,12236,4931,4279,2566,1713,88703,31688,57015,23988,18777,5211,13021,7793,5228,3656,1995,1661,307550,145640,161910
143,District-Aligarh,Total,5,75973,40889,35084,104,83,21,27,16,11,2,0,2,743,357,386,636,369,267,484,272,212,81,44,37,73896,39748,34148
143,District-Aligarh,Total,6,58921,31049,27872,68,54,14,41,26,15,7,6,1,877,453,424,516,289,227,425,217,208,63,30,33,56924,29974,26950
143,District-Aligarh,Total,7,25001,12754,12247,133,95,38,47,35,12,5,4,1,1258,637,621,298,176,122,249,118,131,45,24,21,22966,11665,11301
143,District-Aligarh,Total,8,21943,11221,10722,91,68,23,51,32,19,11,5,6,1618,910,708,374,219,155,243,121,122,67,30,37,19488,9836,9652
143,District-Aligarh,Total,9,14648,7325,7323,100,61,39,65,39,26,10,6,4,1392,710,682,271,169,102,232,107,125,64,38,26,12514,6195,6319
143,District-Aligarh,Total,10,22245,11293,10952,164,111,53,94,50,44,28,16,12,2496,1286,1210,544,375,169,387,217,170,133,68,65,18399,9170,9229
143,District-Aligarh,Total,11,15086,7404,7682,382,309,73,191,117,74,52,34,18,2440,1116,1324,519,379,140,313,164,149,109,53,56,11080,5232,5848
143,District-Aligarh,Total,12,20593,10317,10276,676,556,120,329,219,110,109,52,57,4280,1864,2416,919,659,260,535,306,229,202,116,86,13543,6545,6998
143,District-Aligarh,Total,13,17068,8014,9054,664,551,113,420,263,157,139,72,67,4201,1707,2494,793,582,211,552,313,239,157,88,69,10142,4438,5704
143,District-Aligarh,Total,14,24701,11682,13019,1368,1154,214,847,529,318,272,152,120,7224,2853,4371,1490,1150,340,901,533,368,306,170,136,12293,5141,7152
143,District-Aligarh,Total,15,30763,14854,15909,2599,2245,354,1607,1082,525,467,285,182,9506,3554,5952,2381,1854,527,1329,830,499,450,263,187,12424,4741,7683
143,District-Aligarh,Total,16,35480,17287,18193,3746,3239,507,2328,1588,740,662,347,315,11697,4146,7551,2877,2341,536,1499,947,552,456,247,209,12215,4432,7783
143,District-Aligarh,Total,17,32048,16220,15828,4688,4149,539,2496,1832,664,641,376,265,10585,3485,7100,2864,2363,501,1476,921,555,412,225,187,8886,2869,6017
143,District-Aligarh,Total,18,57932,30102,27830,10533,9573,960,5120,3805,1315,1131,744,387,18001,5303,12698,5841,4877,964,2668,1698,970,705,381,324,13933,3721,10212
143,District-Aligarh,Total,19,39119,19603,19516,7841,7071,770,3504,2603,901,743,467,276,12385,3307,9078,3665,2975,690,1728,1029,699,406,218,188,8847,1933,6914
143,District-Aligarh,Rural,5-19,310210,154045,156165,24119,21239,2880,14453,10114,4339,3709,2111,1598,59930,19890,40040,12168,8908,3260,8585,4726,3859,2464,1146,1318,184782,85911,98871
143,District-Aligarh,Rural,5,54413,29370,25043,59,48,11,14,8,6,2,0,2,411,203,208,384,224,160,297,168,129,57,29,28,53189,28690,24499
143,District-Aligarh,Rural,6,40448,21418,19030,41,31,10,25,16,9,5,4,1,503,266,237,307,177,130,245,132,113,42,21,21,39280,20771,18509
143,District-Aligarh,Rural,7,14606,7368,7238,89,65,24,27,22,5,3,2,1,690,353,337,156,88,68,126,51,75,32,16,16,13483,6771,6712
143,District-Aligarh,Rural,8,11749,5917,5832,55,47,8,28,23,5,9,5,4,936,544,392,197,108,89,131,65,66,42,16,26,10351,5109,5242
143,District-Aligarh,Rural,9,7377,3552,3825,61,37,24,40,23,17,8,5,3,798,393,405,135,79,56,130,61,69,39,19,20,6166,2935,3231
143,District-Aligarh,Rural,10,11438,5595,5843,104,68,36,68,37,31,26,16,10,1453,742,711,266,176,90,210,117,93,86,41,45,9225,4398,4827
143,District-Aligarh,Rural,11,7723,3606,4117,260,209,51,149,92,57,40,23,17,1430,627,803,263,179,84,170,85,85,68,26,42,5343,2365,2978
143,District-Aligarh,Rural,12,10674,5008,5666,439,364,75,257,161,96,100,46,54,2621,1071,1550,450,293,157,320,164,156,120,61,59,6367,2848,3519
143,District-Aligarh,Rural,13,9261,4032,5229,452,360,92,330,199,131,115,55,60,2713,1054,1659,368,239,129,354,180,174,89,41,48,4840,1904,2936
143,District-Aligarh,Rural,14,14376,6339,8037,939,782,157,718,438,280,236,122,114,4936,1824,3112,714,513,201,579,316,263,196,93,103,6058,2251,3807
143,District-Aligarh,Rural,15,18970,8642,10328,1859,1588,271,1348,885,463,392,222,170,6657,2344,4313,1193,869,324,910,512,398,293,143,150,6318,2079,4239
143,District-Aligarh,Rural,16,22712,10494,12218,2733,2338,395,2012,1344,668,587,292,295,8290,2734,5556,1432,1105,327,1020,598,422,314,140,174,6324,1943,4381
143,District-Aligarh,Rural,17,20816,10086,10730,3380,2976,404,2116,1520,596,556,308,248,7371,2240,5131,1386,1064,322,1008,575,433,273,124,149,4726,1279,3447
143,District-Aligarh,Rural,18,39407,19856,19551,7869,7134,735,4385,3202,1183,981,623,358,12740,3475,9265,3008,2359,649,1857,1059,798,533,255,278,8034,1749,6285
143,District-Aligarh,Rural,19,26240,12762,13478,5779,5192,587,2936,2144,792,649,388,261,8381,2020,6361,1909,1435,474,1228,643,585,280,121,159,5078,819,4259
143,District-Aligarh,Urban,5-19,181311,95969,85342,9038,8080,958,2714,2122,592,570,455,115,28773,11798,16975,11820,9869,1951,4436,3067,1369,1192,849,343,122768,59729,63039
143,District-Aligarh,Urban,5,21560,11519,10041,45,35,10,13,8,5,0,0,0,332,154,178,252,145,107,187,104,83,24,15,9,20707,11058,9649
143,District-Aligarh,Urban,6,18473,9631,8842,27,23,4,16,10,6,2,2,0,374,187,187,209,112,97,180,85,95,21,9,12,17644,9203,8441
143,District-Aligarh,Urban,7,10395,5386,5009,44,30,14,20,13,7,2,2,0,568,284,284,142,88,54,123,67,56,13,8,5,9483,4894,4589
143,District-Aligarh,Urban,8,10194,5304,4890,36,21,15,23,9,14,2,0,2,682,366,316,177,111,66,112,56,56,25,14,11,9137,4727,4410
143,District-Aligarh,Urban,9,7271,3773,3498,39,24,15,25,16,9,2,1,1,594,317,277,136,90,46,102,46,56,25,19,6,6348,3260,3088
143,District-Aligarh,Urban,10,10807,5698,5109,60,43,17,26,13,13,2,0,2,1043,544,499,278,199,79,177,100,77,47,27,20,9174,4772,4402
143,District-Aligarh,Urban,11,7363,3798,3565,122,100,22,42,25,17,12,11,1,1010,489,521,256,200,56,143,79,64,41,27,14,5737,2867,2870
143,District-Aligarh,Urban,12,9919,5309,4610,237,192,45,72,58,14,9,6,3,1659,793,866,469,366,103,215,142,73,82,55,27,7176,3697,3479
143,District-Aligarh,Urban,13,7807,3982,3825,212,191,21,90,64,26,24,17,7,1488,653,835,425,343,82,198,133,65,68,47,21,5302,2534,2768
143,District-Aligarh,Urban,14,10325,5343,4982,429,372,57,129,91,38,36,30,6,2288,1029,1259,776,637,139,322,217,105,110,77,33,6235,2890,3345
143,District-Aligarh,Urban,15,11793,6212,5581,740,657,83,259,197,62,75,63,12,2849,1210,1639,1188,985,203,419,318,101,157,120,37,6106,2662,3444
143,District-Aligarh,Urban,16,12768,6793,5975,1013,901,112,316,244,72,75,55,20,3407,1412,1995,1445,1236,209,479,349,130,142,107,35,5891,2489,3402
143,District-Aligarh,Urban,17,11232,6134,5098,1308,1173,135,380,312,68,85,68,17,3214,1245,1969,1478,1299,179,468,346,122,139,101,38,4160,1590,2570
143,District-Aligarh,Urban,18,18525,10246,8279,2664,2439,225,735,603,132,150,121,29,5261,1828,3433,2833,2518,315,811,639,172,172,126,46,5899,1972,3927
143,District-Aligarh,Urban,19,12879,6841,6038,2062,1879,183,568,459,109,94,79,15,4004,1287,2717,1756,1540,216,500,386,114,126,97,29,3769,1114,2655
144,District-Mahamaya Nagar,Total,5-19,182309,93117,89192,12846,11489,1357,8542,6828,1714,2349,1534,815,38377,12657,25720,5212,4044,1168,4374,2942,1432,1529,791,738,109080,52832,56248
144,District-Mahamaya Nagar,Total,5,32959,17937,15022,21,16,5,12,9,3,0,0,0,244,136,108,198,118,80,194,102,92,28,12,16,32262,17544,14718
144,District-Mahamaya Nagar,Total,6,25460,13597,11863,16,13,3,11,8,3,2,0,2,310,159,151,142,86,56,135,75,60,41,23,18,24803,13233,11570
144,District-Mahamaya Nagar,Total,7,8994,4636,4358,47,35,12,11,7,4,3,2,1,404,202,202,71,39,32,53,22,31,36,18,18,8369,4311,4058
144,District-Mahamaya Nagar,Total,8,6664,3388,3276,40,25,15,11,6,5,4,1,3,601,304,297,69,36,33,80,44,36,39,26,13,5820,2946,2874
144,District-Mahamaya Nagar,Total,9,4160,2073,2087,27,16,11,21,10,11,6,2,4,499,266,233,39,23,16,62,35,27,20,13,7,3486,1708,1778
144,District-Mahamaya Nagar,Total,10,6598,3283,3315,62,37,25,25,14,11,18,8,10,895,432,463,86,49,37,110,62,48,59,23,36,5343,2658,2685
144,District-Mahamaya Nagar,Total,11,4286,2138,2148,107,87,20,61,45,16,20,17,3,840,364,476,94,65,29,101,59,42,45,27,18,3018,1474,1544
144,District-Mahamaya Nagar,Total,12,6279,3045,3234,255,211,44,170,123,47,46,31,15,1702,707,995,191,130,61,169,108,61,92,49,43,3654,1686,1968
144,District-Mahamaya Nagar,Total,13,4993,2286,2707,241,197,44,160,102,58,60,34,26,1642,636,1006,145,115,30,160,100,60,60,30,30,2525,1072,1453
144,District-Mahamaya Nagar,Total,14,8212,3710,4502,501,426,75,407,285,122,160,92,68,3159,1150,2009,312,233,79,271,176,95,146,66,80,3256,1282,1974
144,District-Mahamaya Nagar,Total,15,10457,5117,5340,946,820,126,710,540,170,258,165,93,4044,1444,2600,529,423,106,467,335,132,167,86,81,3336,1304,2032
144,District-Mahamaya Nagar,Total,16,12993,6347,6646,1519,1340,179,1078,866,212,371,243,128,5268,1718,3550,640,518,122,529,378,151,181,94,87,3407,1190,2217
144,District-Mahamaya Nagar,Total,17,11542,5770,5772,1683,1522,161,1224,983,241,354,230,124,4499,1334,3165,570,472,98,468,317,151,172,93,79,2572,819,1753
144,District-Mahamaya Nagar,Total,18,23730,12384,11346,4458,4074,384,2853,2375,478,677,462,215,8697,2452,6245,1356,1118,238,966,717,249,274,142,132,4449,1044,3405
144,District-Mahamaya Nagar,Total,19,14982,7406,7576,2923,2670,253,1788,1455,333,370,247,123,5573,1353,4220,770,619,151,609,412,197,169,89,80,2780,561,2219
144,District-Mahamaya Nagar,Rural,5-19,139730,70602,69128,10511,9327,1184,7561,6005,1556,2045,1311,734,30604,9603,21001,3425,2557,868,3193,2043,1150,1167,556,611,81224,39200,42024
144,District-Mahamaya Nagar,Rural,5,27117,14807,12310,20,15,5,8,5,3,0,0,0,154,91,63,152,89,63,149,80,69,25,12,13,26609,14515,12094
144,District-Mahamaya Nagar,Rural,6,20718,11087,9631,14,11,3,9,6,3,2,0,2,228,120,108,98,56,42,103,59,44,35,18,17,20229,10817,9412
144,District-Mahamaya Nagar,Rural,7,6722,3494,3228,40,28,12,8,6,2,3,2,1,294,147,147,48,27,21,37,14,23,30,14,16,6262,3256,3006
144,District-Mahamaya Nagar,Rural,8,4647,2331,2316,33,20,13,7,5,2,3,1,2,457,226,231,44,25,19,54,25,29,36,23,13,4013,2006,2007
144,District-Mahamaya Nagar,Rural,9,2729,1370,1359,22,11,11,17,8,9,5,1,4,346,198,148,21,14,7,50,26,24,15,9,6,2253,1103,1150
144,District-Mahamaya Nagar,Rural,10,4365,2154,2211,52,28,24,21,11,10,16,7,9,653,316,337,58,31,27,84,45,39,53,20,33,3428,1696,1732
144,District-Mahamaya Nagar,Rural,11,2703,1292,1411,82,66,16,52,39,13,15,12,3,615,249,366,52,33,19,66,35,31,40,24,16,1781,834,947
144,District-Mahamaya Nagar,Rural,12,4249,1981,2268,199,158,41,149,108,41,39,28,11,1305,519,786,129,79,50,125,75,50,73,36,37,2230,978,1252
144,District-Mahamaya Nagar,Rural,13,3369,1488,1881,195,155,40,144,90,54,54,30,24,1261,477,784,81,56,25,109,66,43,45,19,26,1480,595,885
144,District-Mahamaya Nagar,Rural,14,5947,2579,3368,404,338,66,363,253,110,139,77,62,2555,893,1662,177,125,52,198,126,72,118,51,67,1993,716,1277
144,District-Mahamaya Nagar,Rural,15,7777,3672,4105,762,657,105,632,474,158,232,148,84,3280,1114,2166,357,281,76,325,220,105,127,59,68,2062,719,1343
144,District-Mahamaya Nagar,Rural,16,9932,4696,5236,1241,1083,158,952,756,196,337,220,117,4307,1347,2960,408,320,88,389,264,125,131,66,65,2167,640,1527
144,District-Mahamaya Nagar,Rural,17,8850,4278,4572,1355,1214,141,1065,845,220,298,187,111,3605,1002,2603,371,296,75,343,222,121,127,62,65,1686,450,1236
144,District-Mahamaya Nagar,Rural,18,18895,9695,9200,3726,3394,332,2553,2121,432,595,403,192,7117,1883,5234,894,715,179,723,516,207,199,92,107,3088,571,2517
144,District-Mahamaya Nagar,Rural,19,11710,5678,6032,2366,2149,217,1581,1278,303,307,195,112,4427,1021,3406,535,410,125,438,270,168,113,51,62,1943,304,1639
144,District-Mahamaya Nagar,Urban,5-19,42579,22515,20064,2335,2162,173,981,823,158,304,223,81,7773,3054,4719,1787,1487,300,1181,899,282,362,235,127,27856,13632,14224
144,District-Mahamaya Nagar,Urban,5,5842,3130,2712,1,1,0,4,4,0,0,0,0,90,45,45,46,29,17,45,22,23,3,0,3,5653,3029,2624
144,District-Mahamaya Nagar,Urban,6,4742,2510,2232,2,2,0,2,2,0,0,0,0,82,39,43,44,30,14,32,16,16,6,5,1,4574,2416,2158
144,District-Mahamaya Nagar,Urban,7,2272,1142,1130,7,7,0,3,1,2,0,0,0,110,55,55,23,12,11,16,8,8,6,4,2,2107,1055,1052
144,District-Mahamaya Nagar,Urban,8,2017,1057,960,7,5,2,4,1,3,1,0,1,144,78,66,25,11,14,26,19,7,3,3,0,1807,940,867
144,District-Mahamaya Nagar,Urban,9,1431,703,728,5,5,0,4,2,2,1,1,0,153,68,85,18,9,9,12,9,3,5,4,1,1233,605,628
144,District-Mahamaya Nagar,Urban,10,2233,1129,1104,10,9,1,4,3,1,2,1,1,242,116,126,28,18,10,26,17,9,6,3,3,1915,962,953
144,District-Mahamaya Nagar,Urban,11,1583,846,737,25,21,4,9,6,3,5,5,0,225,115,110,42,32,10,35,24,11,5,3,2,1237,640,597
144,District-Mahamaya Nagar,Urban,12,2030,1064,966,56,53,3,21,15,6,7,3,4,397,188,209,62,51,11,44,33,11,19,13,6,1424,708,716
144,District-Mahamaya Nagar,Urban,13,1624,798,826,46,42,4,16,12,4,6,4,2,381,159,222,64,59,5,51,34,17,15,11,4,1045,477,568
144,District-Mahamaya Nagar,Urban,14,2265,1131,1134,97,88,9,44,32,12,21,15,6,604,257,347,135,108,27,73,50,23,28,15,13,1263,566,697
144,District-Mahamaya Nagar,Urban,15,2680,1445,1235,184,163,21,78,66,12,26,17,9,764,330,434,172,142,30,142,115,27,40,27,13,1274,585,689
144,District-Mahamaya Nagar,Urban,16,3061,1651,1410,278,257,21,126,110,16,34,23,11,961,371,590,232,198,34,140,114,26,50,28,22,1240,550,690
144,District-Mahamaya Nagar,Urban,17,2692,1492,1200,328,308,20,159,138,21,56,43,13,894,332,562,199,176,23,125,95,30,45,31,14,886,369,517
144,District-Mahamaya Nagar,Urban,18,4835,2689,2146,732,680,52,300,254,46,82,59,23,1580,569,1011,462,403,59,243,201,42,75,50,25,1361,473,888
144,District-Mahamaya Nagar,Urban,19,3272,1728,1544,557,521,36,207,177,30,63,52,11,1146,332,814,235,209,26,171,142,29,56,38,18,837,257,580
145,District-Mathura,Total,5-19,283367,139626,143741,21933,18858,3075,11978,7805,4173,3478,1686,1792,57625,20289,37336,10638,7408,3230,7800,3848,3952,2316,868,1448,167599,78864,88735
145,District-Mathura,Total,5,48998,26405,22593,134,115,19,49,29,20,5,2,3,553,289,264,500,307,193,399,218,181,64,31,33,47294,25414,21880
145,District-Mathura,Total,6,36588,19314,17274,101,87,14,40,27,13,11,7,4,672,349,323,301,165,136,314,163,151,39,25,14,35110,18491,16619
145,District-Mathura,Total,7,14945,7550,7395,147,112,35,69,44,25,16,10,6,1202,628,574,201,127,74,202,97,105,39,13,26,13069,6519,6550
145,District-Mathura,Total,8,10865,5311,5554,145,110,35,60,37,23,10,4,6,1252,615,637,178,99,79,162,74,88,39,19,20,9019,4353,4666
145,District-Mathura,Total,9,7996,3939,4057,139,101,38,56,31,25,15,9,6,1293,645,648,169,107,62,137,68,69,33,17,16,6154,2961,3193
145,District-Mathura,Total,10,11714,5789,5925,116,80,36,84,48,36,26,14,12,1818,924,894,227,133,94,212,107,105,70,27,43,9161,4456,4705
145,District-Mathura,Total,11,8931,4397,4534,345,272,73,142,90,52,46,22,24,1986,935,1051,240,153,87,201,103,98,84,31,53,5887,2791,3096
145,District-Mathura,Total,12,9607,4647,4960,525,436,89,246,159,87,83,35,48,2633,1193,1440,337,223,114,274,138,136,124,54,70,5385,2409,2976
145,District-Mathura,Total,13,8846,3903,4943,471,381,90,265,152,113,115,46,69,2877,1172,1705,354,224,130,273,129,144,123,42,81,4368,1757,2611
145,District-Mathura,Total,14,12946,5638,7308,945,767,178,622,335,287,260,94,166,4442,1669,2773,585,410,175,492,218,274,196,70,126,5404,2075,3329
145,District-Mathura,Total,15,16438,7614,8824,1723,1419,304,1097,701,396,415,193,222,5689,2040,3649,1024,732,292,710,389,321,262,102,160,5518,2038,3480
145,District-Mathura,Total,16,18674,8508,10166,2342,1976,366,1484,968,516,533,238,295,6796,2216,4580,1166,876,290,869,457,412,243,95,148,5241,1682,3559
145,District-Mathura,Total,17,18573,8614,9959,2862,2434,428,1704,1102,602,504,258,246,6708,2098,4610,1237,890,347,831,426,405,250,93,157,4477,1313,3164
145,District-Mathura,Total,18,31755,15362,16393,6093,5407,686,3282,2185,1097,822,447,375,10810,3131,7679,2304,1699,605,1553,749,804,448,154,294,6443,1590,4853
145,District-Mathura,Total,19,26491,12635,13856,5845,5161,684,2778,1897,881,617,307,310,8894,2385,6509,1815,1263,552,1171,512,659,302,95,207,5069,1015,4054
145,District-Mathura,Rural,5-19,197351,94387,102964,16318,13829,2489,10022,6216,3806,3133,1419,1714,39538,12910,26628,6624,4181,2443,5688,2390,3298,1969,625,1344,114059,52817,61242
145,District-Mathura,Rural,5,37047,20009,17038,81,69,12,36,20,16,4,1,3,349,186,163,351,210,141,267,143,124,58,29,29,35901,19351,16550
145,District-Mathura,Rural,6,26999,14172,12827,64,54,10,26,18,8,10,6,4,429,213,216,230,122,108,209,104,105,34,22,12,25997,13633,12364
145,District-Mathura,Rural,7,10116,4981,5135,96,72,24,52,31,21,14,8,6,780,391,389,127,71,56,139,61,78,34,11,23,8874,4336,4538
145,District-Mathura,Rural,8,7021,3347,3674,104,78,26,39,22,17,9,4,5,842,407,435,111,57,54,100,37,63,37,17,20,5779,2725,3054
145,District-Mathura,Rural,9,4933,2342,2591,102,70,32,41,21,20,11,5,6,791,385,406,101,57,44,85,40,45,28,13,15,3774,1751,2023
145,District-Mathura,Rural,10,7420,3564,3856,82,55,27,59,30,29,22,11,11,1176,581,595,126,67,59,134,58,76,61,19,42,5760,2743,3017
145,District-Mathura,Rural,11,5604,2618,2986,232,176,56,106,65,41,41,18,23,1269,570,699,152,87,65,130,54,76,73,25,48,3601,1623,1978
145,District-Mathura,Rural,12,5847,2670,3177,363,294,69,189,114,75,77,31,46,1770,780,990,213,135,78,187,81,106,103,37,66,2945,1198,1747
145,District-Mathura,Rural,13,5662,2287,3375,331,264,67,217,111,106,105,39,66,1983,763,1220,232,131,101,183,74,109,109,31,78,2502,874,1628
145,District-Mathura,Rural,14,8414,3327,5087,665,520,145,529,267,262,240,80,160,3109,1062,2047,341,207,134,373,139,234,172,52,120,2985,1000,1985
145,District-Mathura,Rural,15,11102,4807,6295,1263,1014,249,908,541,367,378,164,214,4007,1315,2692,620,415,205,533,257,276,213,70,143,3180,1031,2149
145,District-Mathura,Rural,16,12877,5535,7342,1728,1438,290,1245,779,466,493,209,284,4844,1467,3377,698,488,210,651,295,356,204,67,137,3014,792,2222
145,District-Mathura,Rural,17,12835,5600,7235,2149,1804,345,1407,861,546,446,215,231,4665,1327,3338,726,474,252,618,264,354,206,65,141,2618,590,2028
145,District-Mathura,Rural,18,22673,10460,12213,4664,4093,571,2813,1791,1022,740,379,361,7561,1981,5580,1411,929,482,1170,473,697,373,102,271,3941,712,3229
145,District-Mathura,Rural,19,18801,8668,10133,4394,3828,566,2355,1545,810,543,249,294,5963,1482,4481,1185,731,454,909,310,599,264,65,199,3188,458,2730
145,District-Mathura,Urban,5-19,86016,45239,40777,5615,5029,586,1956,1589,367,345,267,78,18087,7379,10708,4014,3227,787,2112,1458,654,347,243,104,53540,26047,27493
145,District-Mathura,Urban,5,11951,6396,5555,53,46,7,13,9,4,1,1,0,204,103,101,149,97,52,132,75,57,6,2,4,11393,6063,5330
145,District-Mathura,Urban,6,9589,5142,4447,37,33,4,14,9,5,1,1,0,243,136,107,71,43,28,105,59,46,5,3,2,9113,4858,4255
145,District-Mathura,Urban,7,4829,2569,2260,51,40,11,17,13,4,2,2,0,422,237,185,74,56,18,63,36,27,5,2,3,4195,2183,2012
145,District-Mathura,Urban,8,3844,1964,1880,41,32,9,21,15,6,1,0,1,410,208,202,67,42,25,62,37,25,2,2,0,3240,1628,1612
145,District-Mathura,Urban,9,3063,1597,1466,37,31,6,15,10,5,4,4,0,502,260,242,68,50,18,52,28,24,5,4,1,2380,1210,1170
145,District-Mathura,Urban,10,4294,2225,2069,34,25,9,25,18,7,4,3,1,642,343,299,101,66,35,78,49,29,9,8,1,3401,1713,1688
145,District-Mathura,Urban,11,3327,1779,1548,113,96,17,36,25,11,5,4,1,717,365,352,88,66,22,71,49,22,11,6,5,2286,1168,1118
145,District-Mathura,Urban,12,3760,1977,1783,162,142,20,57,45,12,6,4,2,863,413,450,124,88,36,87,57,30,21,17,4,2440,1211,1229
145,District-Mathura,Urban,13,3184,1616,1568,140,117,23,48,41,7,10,7,3,894,409,485,122,93,29,90,55,35,14,11,3,1866,883,983
145,District-Mathura,Urban,14,4532,2311,2221,280,247,33,93,68,25,20,14,6,1333,607,726,244,203,41,119,79,40,24,18,6,2419,1075,1344
145,District-Mathura,Urban,15,5336,2807,2529,460,405,55,189,160,29,37,29,8,1682,725,957,404,317,87,177,132,45,49,32,17,2338,1007,1331
145,District-Mathura,Urban,16,5797,2973,2824,614,538,76,239,189,50,40,29,11,1952,749,1203,468,388,80,218,162,56,39,28,11,2227,890,1337
145,District-Mathura,Urban,17,5738,3014,2724,713,630,83,297,241,56,58,43,15,2043,771,1272,511,416,95,213,162,51,44,28,16,1859,723,1136
145,District-Mathura,Urban,18,9082,4902,4180,1429,1314,115,469,394,75,82,68,14,3249,1150,2099,893,770,123,383,276,107,75,52,23,2502,878,1624
145,District-Mathura,Urban,19,7690,3967,3723,1451,1333,118,423,352,71,74,58,16,2931,903,2028,630,532,98,262,202,60,38,30,8,1881,557,1324
146,District-Agra,Total,5-19,549659,284683,264976,41820,36469,5351,17652,12602,5050,4293,2656,1637,113512,42079,71433,26394,20240,6154,14897,8965,5932,3167,1712,1455,327924,159960,167964
146,District-Agra,Total,5,80357,43556,36801,272,238,34,74,43,31,15,11,4,1384,719,665,1210,756,454,991,529,462,121,67,54,76290,41193,35097
146,District-Agra,Total,6,64198,34235,29963,152,126,26,68,37,31,10,7,3,1610,877,733,906,539,367,851,476,375,113,63,50,60488,32110,28378
146,District-Agra,Total,7,28236,14689,13547,241,162,79,91,51,40,20,12,8,2145,1097,1048,545,331,214,495,272,223,76,51,25,24623,12713,11910
146,District-Agra,Total,8,23129,12086,11043,248,182,66,131,76,55,24,12,12,2429,1236,1193,507,312,195,448,226,222,85,54,31,19257,9988,9269
146,District-Agra,Total,9,17638,9283,8355,252,176,76,137,87,50,50,24,26,2406,1244,1162,523,344,179,446,270,176,65,35,30,13759,7103,6656
146,District-Agra,Total,10,25822,13626,12196,366,267,99,170,102,68,44,28,16,3921,1971,1950,724,486,238,618,343,275,107,63,44,19872,10366,9506
146,District-Agra,Total,11,19279,10048,9231,625,499,126,292,194,98,79,47,32,3861,1837,2024,729,488,241,567,352,215,120,61,59,13006,6570,6436
146,District-Agra,Total,12,23172,11960,11212,1053,868,185,476,311,165,128,73,55,5707,2663,3044,948,707,241,689,396,293,144,75,69,14027,6867,7160
146,District-Agra,Total,13,18311,9150,9161,941,766,175,462,303,159,136,78,58,5161,2239,2922,887,645,242,593,352,241,131,64,67,10000,4703,5297
146,District-Agra,Total,14,27185,13248,13937,1792,1498,294,941,598,343,298,174,124,8659,3406,5253,1491,1169,322,977,588,389,251,135,116,12776,5680,7096
146,District-Agra,Total,15,34211,17271,16940,3498,2959,539,1671,1143,528,483,292,191,11168,4310,6858,2488,1965,523,1262,818,444,350,192,158,13291,5592,7699
146,District-Agra,Total,16,39158,19732,19426,4847,4181,666,2243,1615,628,599,359,240,13625,4887,8738,2920,2358,562,1512,951,561,359,166,193,13053,5215,7838
146,District-Agra,Total,17,37321,18874,18447,5623,4913,710,2493,1802,691,622,382,240,13183,4351,8832,3141,2514,627,1413,930,483,339,191,148,10507,3791,6716
146,District-Agra,Total,18,63768,32935,30833,11990,10791,1199,4760,3544,1216,1034,673,361,22047,6797,15250,5377,4435,942,2263,1406,857,551,308,243,15746,4981,10765
146,District-Agra,Total,19,47874,23990,23884,9920,8843,1077,3643,2696,947,751,484,267,16206,4445,11761,3998,3191,807,1772,1056,716,355,187,168,11229,3088,8141
146,District-Agra,Rural,5-19,276139,136472,139667,24434,21708,2726,11536,8286,3250,3140,1849,1291,60608,18918,41690,9372,6816,2556,5687,3149,2538,1674,692,982,159688,75054,84634
146,District-Agra,Rural,5,50123,27090,23033,102,96,6,23,17,6,2,2,0,505,256,249,598,348,250,332,179,153,64,31,33,48497,26161,22336
146,District-Agra,Rural,6,37998,20242,17756,52,47,5,13,8,5,2,1,1,659,355,304,416,233,183,292,144,148,57,30,27,36507,19424,17083
146,District-Agra,Rural,7,13336,6845,6491,109,72,37,25,14,11,2,0,2,758,381,377,198,111,87,131,72,59,25,12,13,12088,6183,5905
146,District-Agra,Rural,8,9835,4953,4882,118,85,33,36,25,11,4,1,3,936,467,469,169,98,71,127,64,63,34,21,13,8411,4192,4219
146,District-Agra,Rural,9,6401,3207,3194,108,77,31,42,27,15,17,8,9,908,439,469,176,114,62,104,54,50,22,9,13,5024,2479,2545
146,District-Agra,Rural,10,10414,5273,5141,178,127,51,64,41,23,14,12,2,1484,702,782,245,159,86,176,91,85,46,21,25,8207,4120,4087
146,District-Agra,Rural,11,7066,3423,3643,293,246,47,133,86,47,38,19,19,1577,670,907,244,154,90,150,87,63,51,18,33,4580,2143,2437
146,District-Agra,Rural,12,8497,3959,4538,554,463,91,235,144,91,88,44,44,2565,1077,1488,314,233,81,233,121,112,83,36,47,4425,1841,2584
146,District-Agra,Rural,13,6956,3070,3886,495,406,89,248,165,83,89,40,49,2478,939,1539,278,186,92,198,102,96,68,24,44,3102,1208,1894
146,District-Agra,Rural,14,11732,5004,6728,964,807,157,584,356,228,233,129,104,4641,1567,3074,533,402,131,395,195,200,138,60,78,4244,1488,2756
146,District-Agra,Rural,15,15858,7250,8608,1937,1678,259,1052,713,339,368,213,155,6394,2139,4255,811,638,173,475,301,174,187,73,114,4634,1495,3139
146,District-Agra,Rural,16,19206,8864,10342,2804,2437,367,1538,1102,436,443,248,195,7919,2443,5476,990,790,200,635,372,263,217,83,134,4660,1389,3271
146,District-Agra,Rural,17,18594,8623,9971,3252,2901,351,1706,1232,474,484,290,194,7582,2082,5500,1020,777,243,574,363,211,178,75,103,3798,903,2895
146,District-Agra,Rural,18,34493,16608,17885,7415,6781,634,3379,2528,851,799,501,298,12977,3296,9681,1933,1518,415,1057,575,482,315,131,184,6618,1278,5340
146,District-Agra,Rural,19,25630,12061,13569,6053,5485,568,2458,1828,630,557,341,216,9225,2105,7120,1447,1055,392,808,429,379,189,68,121,4893,750,4143
146,District-Agra,Urban,5-19,273520,148211,125309,17386,14761,2625,6116,4316,1800,1153,807,346,52904,23161,29743,17022,13424,3598,9210,5816,3394,1493,1020,473,168236,84906,83330
146,District-Agra,Urban,5,30234,16466,13768,170,142,28,51,26,25,13,9,4,879,463,416,612,408,204,659,350,309,57,36,21,27793,15032,12761
146,District-Agra,Urban,6,26200,13993,12207,100,79,21,55,29,26,8,6,2,951,522,429,490,306,184,559,332,227,56,33,23,23981,12686,11295
146,District-Agra,Urban,7,14900,7844,7056,132,90,42,66,37,29,18,12,6,1387,716,671,347,220,127,364,200,164,51,39,12,12535,6530,6005
146,District-Agra,Urban,8,13294,7133,6161,130,97,33,95,51,44,20,11,9,1493,769,724,338,214,124,321,162,159,51,33,18,10846,5796,5050
146,District-Agra,Urban,9,11237,6076,5161,144,99,45,95,60,35,33,16,17,1498,805,693,347,230,117,342,216,126,43,26,17,8735,4624,4111
146,District-Agra,Urban,10,15408,8353,7055,188,140,48,106,61,45,30,16,14,2437,1269,1168,479,327,152,442,252,190,61,42,19,11665,6246,5419
146,District-Agra,Urban,11,12213,6625,5588,332,253,79,159,108,51,41,28,13,2284,1167,1117,485,334,151,417,265,152,69,43,26,8426,4427,3999
146,District-Agra,Urban,12,14675,8001,6674,499,405,94,241,167,74,40,29,11,3142,1586,1556,634,474,160,456,275,181,61,39,22,9602,5026,4576
146,District-Agra,Urban,13,11355,6080,5275,446,360,86,214,138,76,47,38,9,2683,1300,1383,609,459,150,395,250,145,63,40,23,6898,3495,3403
146,District-Agra,Urban,14,15453,8244,7209,828,691,137,357,242,115,65,45,20,4018,1839,2179,958,767,191,582,393,189,113,75,38,8532,4192,4340
146,District-Agra,Urban,15,18353,10021,8332,1561,1281,280,619,430,189,115,79,36,4774,2171,2603,1677,1327,350,787,517,270,163,119,44,8657,4097,4560
146,District-Agra,Urban,16,19952,10868,9084,2043,1744,299,705,513,192,156,111,45,5706,2444,3262,1930,1568,362,877,579,298,142,83,59,8393,3826,4567
146,District-Agra,Urban,17,18727,10251,8476,2371,2012,359,787,570,217,138,92,46,5601,2269,3332,2121,1737,384,839,567,272,161,116,45,6709,2888,3821
146,District-Agra,Urban,18,29275,16327,12948,4575,4010,565,1381,1016,365,235,172,63,9070,3501,5569,3444,2917,527,1206,831,375,236,177,59,9128,3703,5425
146,District-Agra,Urban,19,22244,11929,10315,3867,3358,509,1185,868,317,194,143,51,6981,2340,4641,2551,2136,415,964,627,337,166,119,47,6336,2338,3998
147,District-Firozabad,Total,5-19,306720,159756,146964,22593,19235,3358,10254,7754,2500,2375,1696,679,63076,24367,38709,14583,9984,4599,7641,4548,3093,1738,994,744,184460,91178,93282
147,District-Firozabad,Total,5,49484,26688,22796,40,33,7,33,24,9,3,2,1,470,263,207,498,291,207,446,243,203,37,21,16,47957,25811,22146
147,District-Firozabad,Total,6,37977,19840,18137,30,23,7,32,20,12,0,0,0,568,276,292,406,220,186,414,223,191,44,21,23,36483,19057,17426
147,District-Firozabad,Total,7,16619,8589,8030,68,48,20,38,24,14,4,4,0,1023,563,460,269,160,109,265,136,129,37,19,18,14915,7635,7280
147,District-Firozabad,Total,8,13954,7151,6803,89,61,28,37,17,20,5,5,0,1285,669,616,264,154,110,255,131,124,51,31,20,11968,6083,5885
147,District-Firozabad,Total,9,9663,5026,4637,91,60,31,61,35,26,6,4,2,1140,624,516,258,142,116,235,121,114,38,20,18,7834,4020,3814
147,District-Firozabad,Total,10,15441,7821,7620,173,115,58,111,67,44,11,8,3,2024,1049,975,431,246,185,321,162,159,84,36,48,12286,6138,6148
147,District-Firozabad,Total,11,9877,5050,4827,292,217,75,129,78,51,29,16,13,1808,864,944,406,245,161,277,148,129,78,45,33,6858,3437,3421
147,District-Firozabad,Total,12,12184,6248,5936,507,384,123,228,154,74,57,32,25,3010,1471,1539,601,368,233,403,217,186,123,80,43,7255,3542,3713
147,District-Firozabad,Total,13,9752,4779,4973,496,352,144,259,171,88,56,33,23,2806,1256,1550,558,322,236,332,187,145,101,49,52,5144,2409,2735
147,District-Firozabad,Total,14,14398,7121,7277,1035,802,233,518,355,163,153,100,53,4804,2040,2764,977,631,346,523,292,231,148,76,72,6240,2825,3415
147,District-Firozabad,Total,15,18085,9421,8664,1975,1626,349,901,674,227,224,146,78,6155,2590,3565,1653,1102,551,717,457,260,195,120,75,6265,2706,3559
147,District-Firozabad,Total,16,20299,10467,9832,2540,2099,441,1321,976,345,352,259,93,7684,2943,4741,1731,1219,512,729,454,275,208,122,86,5734,2395,3339
147,District-Firozabad,Total,17,19343,10164,9179,3085,2634,451,1464,1128,336,376,278,98,7442,2669,4773,1674,1202,472,752,488,264,173,99,74,4377,1666,2711
147,District-Firozabad,Total,18,35767,19291,16476,7308,6494,814,3054,2460,594,715,531,184,13568,4414,9154,3015,2297,718,1182,773,409,248,156,92,6677,2166,4511
147,District-Firozabad,Total,19,23877,12100,11777,4864,4287,577,2068,1571,497,384,278,106,9289,2676,6613,1842,1385,457,790,516,274,173,99,74,4467,1288,3179
147,District-Firozabad,Rural,5-19,181168,93343,87825,14037,12700,1337,7420,5946,1474,1894,1358,536,41771,14743,27028,4808,3587,1221,3375,2169,1206,919,496,423,106944,52344,54600
147,District-Firozabad,Rural,5,35091,18850,16241,18,15,3,12,10,2,0,0,0,237,134,103,262,150,112,184,113,71,23,11,12,34355,18417,15938
147,District-Firozabad,Rural,6,25897,13585,12312,11,10,1,15,10,5,0,0,0,318,161,157,202,106,96,172,83,89,32,14,18,25147,13201,11946
147,District-Firozabad,Rural,7,9270,4749,4521,35,26,9,12,10,2,2,2,0,542,289,253,85,55,30,76,33,43,22,14,8,8496,4320,4176
147,District-Firozabad,Rural,8,7222,3664,3558,50,36,14,11,5,6,4,4,0,726,367,359,72,40,32,96,52,44,22,13,9,6241,3147,3094
147,District-Firozabad,Rural,9,4222,2182,2040,36,27,9,28,16,12,4,2,2,585,314,271,62,34,28,53,30,23,18,10,8,3436,1749,1687
147,District-Firozabad,Rural,10,7732,3854,3878,76,52,24,43,29,14,4,2,2,1119,558,561,109,63,46,107,55,52,44,16,28,6230,3079,3151
147,District-Firozabad,Rural,11,4250,2097,2153,131,109,22,61,43,18,13,8,5,929,415,514,106,67,39,99,53,46,28,12,16,2883,1390,1493
147,District-Firozabad,Rural,12,5582,2717,2865,270,219,51,130,98,32,44,23,21,1811,836,975,159,101,58,152,85,67,63,39,24,2953,1316,1637
147,District-Firozabad,Rural,13,4316,2021,2295,244,195,49,154,109,45,34,18,16,1660,699,961,129,81,48,128,87,41,43,18,25,1924,814,1110
147,District-Firozabad,Rural,14,7097,3358,3739,528,449,79,358,256,102,125,86,39,3065,1207,1858,274,206,68,203,117,86,80,41,39,2464,996,1468
147,District-Firozabad,Rural,15,9807,5017,4790,1154,1018,136,635,513,122,183,123,60,4141,1624,2517,530,411,119,330,228,102,107,59,48,2727,1041,1686
147,District-Firozabad,Rural,16,11933,6039,5894,1546,1369,177,978,762,216,285,212,73,5469,1963,3506,568,454,114,372,255,117,122,72,50,2593,952,1641
147,District-Firozabad,Rural,17,10925,5642,5283,1890,1720,170,1057,871,186,293,222,71,5006,1635,3371,449,358,91,330,231,99,86,46,40,1814,559,1255
147,District-Firozabad,Rural,18,23203,12440,10763,4946,4611,335,2383,1993,390,584,428,156,9804,2950,6854,1172,955,217,689,483,206,140,85,55,3485,935,2550
147,District-Firozabad,Rural,19,14621,7128,7493,3102,2844,258,1543,1221,322,319,228,91,6359,1591,4768,629,506,123,384,264,120,89,46,43,2196,428,1768
147,District-Firozabad,Urban,5-19,125552,66413,59139,8556,6535,2021,2834,1808,1026,481,338,143,21305,9624,11681,9775,6397,3378,4266,2379,1887,819,498,321,77516,38834,38682
147,District-Firozabad,Urban,5,14393,7838,6555,22,18,4,21,14,7,3,2,1,233,129,104,236,141,95,262,130,132,14,10,4,13602,7394,6208
147,District-Firozabad,Urban,6,12080,6255,5825,19,13,6,17,10,7,0,0,0,250,115,135,204,114,90,242,140,102,12,7,5,11336,5856,5480
147,District-Firozabad,Urban,7,7349,3840,3509,33,22,11,26,14,12,2,2,0,481,274,207,184,105,79,189,103,86,15,5,10,6419,3315,3104
147,District-Firozabad,Urban,8,6732,3487,3245,39,25,14,26,12,14,1,1,0,559,302,257,192,114,78,159,79,80,29,18,11,5727,2936,2791
147,District-Firozabad,Urban,9,5441,2844,2597,55,33,22,33,19,14,2,2,0,555,310,245,196,108,88,182,91,91,20,10,10,4398,2271,2127
147,District-Firozabad,Urban,10,7709,3967,3742,97,63,34,68,38,30,7,6,1,905,491,414,322,183,139,214,107,107,40,20,20,6056,3059,2997
147,District-Firozabad,Urban,11,5627,2953,2674,161,108,53,68,35,33,16,8,8,879,449,430,300,178,122,178,95,83,50,33,17,3975,2047,1928
147,District-Firozabad,Urban,12,6602,3531,3071,237,165,72,98,56,42,13,9,4,1199,635,564,442,267,175,251,132,119,60,41,19,4302,2226,2076
147,District-Firozabad,Urban,13,5436,2758,2678,252,157,95,105,62,43,22,15,7,1146,557,589,429,241,188,204,100,104,58,31,27,3220,1595,1625
147,District-Firozabad,Urban,14,7301,3763,3538,507,353,154,160,99,61,28,14,14,1739,833,906,703,425,278,320,175,145,68,35,33,3776,1829,1947
147,District-Firozabad,Urban,15,8278,4404,3874,821,608,213,266,161,105,41,23,18,2014,966,1048,1123,691,432,387,229,158,88,61,27,3538,1665,1873
147,District-Firozabad,Urban,16,8366,4428,3938,994,730,264,343,214,129,67,47,20,2215,980,1235,1163,765,398,357,199,158,86,50,36,3141,1443,1698
147,District-Firozabad,Urban,17,8418,4522,3896,1195,914,281,407,257,150,83,56,27,2436,1034,1402,1225,844,381,422,257,165,87,53,34,2563,1107,1456
147,District-Firozabad,Urban,18,12564,6851,5713,2362,1883,479,671,467,204,131,103,28,3764,1464,2300,1843,1342,501,493,290,203,108,71,37,3192,1231,1961
147,District-Firozabad,Urban,19,9256,4972,4284,1762,1443,319,525,350,175,65,50,15,2930,1085,1845,1213,879,334,406,252,154,84,53,31,2271,860,1411
148,District-Mainpuri,Total,5-19,185767,97432,88335,15150,13764,1386,7107,5430,1677,1793,1106,687,39100,13065,26035,5232,4240,992,3492,2227,1265,803,464,339,113090,57136,55954
148,District-Mainpuri,Total,5,39212,21182,18030,30,26,4,13,7,6,2,2,0,276,133,143,337,190,147,275,143,132,30,18,12,38249,20663,17586
148,District-Mainpuri,Total,6,28307,14993,13314,16,16,0,9,6,3,4,2,2,349,187,162,226,135,91,229,121,108,35,22,13,27439,14504,12935
148,District-Mainpuri,Total,7,10472,5475,4997,53,37,16,23,17,6,4,2,2,568,300,268,120,74,46,101,56,45,17,6,11,9586,4983,4603
148,District-Mainpuri,Total,8,6866,3620,3246,48,32,16,22,12,10,9,6,3,735,390,345,80,45,35,99,49,50,17,7,10,5856,3079,2777
148,District-Mainpuri,Total,9,4241,2151,2090,63,40,23,17,10,7,4,2,2,642,324,318,54,39,15,79,46,33,16,10,6,3366,1680,1686
148,District-Mainpuri,Total,10,7542,3925,3617,72,50,22,47,34,13,12,5,7,987,499,488,106,68,38,131,72,59,29,15,14,6158,3182,2976
148,District-Mainpuri,Total,11,4755,2525,2230,200,165,35,84,59,25,22,13,9,1096,516,580,120,85,35,119,59,60,27,19,8,3087,1609,1478
148,District-Mainpuri,Total,12,4569,2344,2225,300,260,40,112,72,40,27,14,13,1394,628,766,154,125,29,128,76,52,38,22,16,2416,1147,1269
148,District-Mainpuri,Total,13,4589,2212,2377,292,241,51,149,93,56,57,28,29,1638,669,969,153,121,32,136,72,64,38,20,18,2126,968,1158
148,District-Mainpuri,Total,14,6326,3079,3247,540,471,69,307,213,94,92,55,37,2488,945,1543,258,204,54,196,121,75,60,32,28,2385,1038,1347
148,District-Mainpuri,Total,15,9507,4975,4532,1146,1015,131,630,485,145,211,127,84,3774,1423,2351,532,433,99,344,220,124,102,59,43,2768,1213,1555
148,District-Mainpuri,Total,16,10936,5699,5237,1603,1467,136,862,665,197,268,177,91,4658,1582,3076,566,489,77,364,255,109,103,64,39,2512,1000,1512
148,District-Mainpuri,Total,17,10695,5579,5116,1987,1823,164,976,750,226,260,155,105,4702,1446,3256,546,469,77,294,210,84,88,56,32,1842,670,1172
148,District-Mainpuri,Total,18,22950,12380,10570,5411,5010,401,2363,1885,478,506,326,180,9339,2558,6781,1249,1126,123,621,464,157,133,79,54,3328,932,2396
148,District-Mainpuri,Total,19,14800,7293,7507,3389,3111,278,1493,1122,371,315,192,123,6454,1465,4989,731,637,94,376,263,113,70,35,35,1972,468,1504
148,District-Mainpuri,Rural,5-19,156261,81273,74988,13612,12364,1248,6502,4942,1560,1693,1025,668,33506,10738,22768,4187,3344,843,2934,1823,1111,676,371,305,93151,46666,46485
148,District-Mainpuri,Rural,5,34091,18392,15699,25,23,2,10,6,4,2,2,0,222,105,117,297,163,134,243,126,117,30,18,12,33262,17949,15313
148,District-Mainpuri,Rural,6,24326,12846,11480,15,15,0,9,6,3,4,2,2,292,157,135,197,118,79,204,108,96,35,22,13,23570,12418,11152
148,District-Mainpuri,Rural,7,8657,4534,4123,44,31,13,22,16,6,4,2,2,450,239,211,101,58,43,96,53,43,16,6,10,7924,4129,3795
148,District-Mainpuri,Rural,8,5407,2822,2585,44,30,14,18,10,8,8,5,3,614,324,290,69,38,31,95,48,47,16,6,10,4543,2361,2182
148,District-Mainpuri,Rural,9,3239,1597,1642,53,32,21,16,10,6,4,2,2,491,237,254,48,34,14,73,43,30,16,10,6,2538,1229,1309
148,District-Mainpuri,Rural,10,6018,3116,2902,67,47,20,43,30,13,12,5,7,829,417,412,87,54,33,109,55,54,27,15,12,4844,2493,2351
148,District-Mainpuri,Rural,11,3766,1970,1796,185,153,32,76,54,22,22,13,9,912,421,491,105,73,32,107,52,55,26,18,8,2333,1186,1147
148,District-Mainpuri,Rural,12,3484,1727,1757,261,225,36,93,60,33,26,13,13,1171,515,656,124,96,28,100,55,45,34,20,14,1675,743,932
148,District-Mainpuri,Rural,13,3610,1673,1937,252,209,43,137,87,50,56,27,29,1381,544,837,115,88,27,119,58,61,30,13,17,1520,647,873
148,District-Mainpuri,Rural,14,5072,2378,2694,469,404,65,273,187,86,86,50,36,2129,763,1366,205,162,43,150,85,65,51,26,25,1709,701,1008
148,District-Mainpuri,Rural,15,7847,4007,3840,1027,915,112,579,439,140,201,118,83,3293,1201,2092,423,347,76,278,172,106,84,44,40,1962,771,1191
148,District-Mainpuri,Rural,16,9235,4732,4503,1452,1326,126,784,603,181,249,162,87,4093,1345,2748,445,385,60,305,217,88,81,47,34,1826,647,1179
148,District-Mainpuri,Rural,17,9020,4634,4386,1796,1648,148,902,688,214,243,140,103,4045,1179,2866,422,359,63,229,161,68,66,37,29,1317,422,895
148,District-Mainpuri,Rural,18,19883,10646,9237,4897,4529,368,2170,1726,444,483,309,174,8137,2125,6012,969,866,103,515,381,134,109,61,48,2603,649,1954
148,District-Mainpuri,Rural,19,12606,6199,6407,3025,2777,248,1370,1020,350,293,175,118,5447,1166,4281,580,503,77,311,209,102,55,28,27,1525,321,1204
148,District-Mainpuri,Urban,5-19,29506,16159,13347,1538,1400,138,605,488,117,100,81,19,5594,2327,3267,1045,896,149,558,404,154,127,93,34,19939,10470,9469
148,District-Mainpuri,Urban,5,5121,2790,2331,5,3,2,3,1,2,0,0,0,54,28,26,40,27,13,32,17,15,0,0,0,4987,2714,2273
148,District-Mainpuri,Urban,6,3981,2147,1834,1,1,0,0,0,0,0,0,0,57,30,27,29,17,12,25,13,12,0,0,0,3869,2086,1783
148,District-Mainpuri,Urban,7,1815,941,874,9,6,3,1,1,0,0,0,0,118,61,57,19,16,3,5,3,2,1,0,1,1662,854,808
148,District-Mainpuri,Urban,8,1459,798,661,4,2,2,4,2,2,1,1,0,121,66,55,11,7,4,4,1,3,1,1,0,1313,718,595
148,District-Mainpuri,Urban,9,1002,554,448,10,8,2,1,0,1,0,0,0,151,87,64,6,5,1,6,3,3,0,0,0,828,451,377
148,District-Mainpuri,Urban,10,1524,809,715,5,3,2,4,4,0,0,0,0,158,82,76,19,14,5,22,17,5,2,0,2,1314,689,625
148,District-Mainpuri,Urban,11,989,555,434,15,12,3,8,5,3,0,0,0,184,95,89,15,12,3,12,7,5,1,1,0,754,423,331
148,District-Mainpuri,Urban,12,1085,617,468,39,35,4,19,12,7,1,1,0,223,113,110,30,29,1,28,21,7,4,2,2,741,404,337
148,District-Mainpuri,Urban,13,979,539,440,40,32,8,12,6,6,1,1,0,257,125,132,38,33,5,17,14,3,8,7,1,606,321,285
148,District-Mainpuri,Urban,14,1254,701,553,71,67,4,34,26,8,6,5,1,359,182,177,53,42,11,46,36,10,9,6,3,676,337,339
148,District-Mainpuri,Urban,15,1660,968,692,119,100,19,51,46,5,10,9,1,481,222,259,109,86,23,66,48,18,18,15,3,806,442,364
148,District-Mainpuri,Urban,16,1701,967,734,151,141,10,78,62,16,19,15,4,565,237,328,121,104,17,59,38,21,22,17,5,686,353,333
148,District-Mainpuri,Urban,17,1675,945,730,191,175,16,74,62,12,17,15,2,657,267,390,124,110,14,65,49,16,22,19,3,525,248,277
148,District-Mainpuri,Urban,18,3067,1734,1333,514,481,33,193,159,34,23,17,6,1202,433,769,280,260,20,106,83,23,24,18,6,725,283,442
148,District-Mainpuri,Urban,19,2194,1094,1100,364,334,30,123,102,21,22,17,5,1007,299,708,151,134,17,65,54,11,15,7,8,447,147,300
149,District-Budaun,Total,5-19,693843,351502,342341,42924,39676,3248,15722,12132,3590,4335,2753,1582,113891,43022,70869,37985,31816,6169,18136,11137,6999,5267,2778,2489,455583,208188,247395
149,District-Budaun,Total,5,95432,50784,44648,151,137,14,29,19,10,6,3,3,712,356,356,808,555,253,448,233,215,94,56,38,93184,49425,43759
149,District-Budaun,Total,6,76590,40125,36465,109,95,14,31,27,4,5,2,3,920,479,441,649,422,227,392,185,207,96,49,47,74388,38866,35522
149,District-Budaun,Total,7,39368,20077,19291,186,157,29,51,37,14,9,6,3,1544,759,785,465,323,142,272,127,145,67,39,28,36774,18629,18145
149,District-Budaun,Total,8,36623,18548,18075,130,104,26,55,42,13,22,13,9,2106,1067,1039,441,284,157,268,141,127,95,45,50,33506,16852,16654
149,District-Budaun,Total,9,24123,12032,12091,165,130,35,69,45,24,23,12,11,2129,1036,1093,407,261,146,315,164,151,108,55,53,20907,10329,10578
149,District-Budaun,Total,10,36714,18449,18265,228,183,45,103,72,31,52,29,23,4097,2047,2050,655,460,195,446,230,216,203,122,81,30930,15306,15624
149,District-Budaun,Total,11,24988,12175,12813,510,428,82,215,134,81,81,46,35,4464,2023,2441,786,591,195,498,269,229,203,109,94,18231,8575,9656
149,District-Budaun,Total,12,34214,16767,17447,977,874,103,461,292,169,194,117,77,7902,3635,4267,1301,1012,289,796,473,323,377,200,177,22206,10164,12042
149,District-Budaun,Total,13,27606,12816,14790,1060,890,170,525,362,163,235,130,105,7735,3223,4512,1205,926,279,797,436,361,313,154,159,15736,6695,9041
149,District-Budaun,Total,14,41743,19621,22122,2242,1959,283,1191,830,361,438,235,203,13087,5232,7855,2475,1994,481,1341,809,532,493,251,242,20476,8311,12165
149,District-Budaun,Total,15,49093,24252,24841,4235,3855,380,1882,1402,480,662,421,241,15248,5939,9309,3961,3376,585,1963,1265,698,638,346,292,20504,7648,12856
149,District-Budaun,Total,16,52447,26087,26360,5870,5358,512,2452,1865,587,724,468,256,15935,5697,10238,4771,4140,631,2437,1627,810,676,347,329,19582,6585,12997
149,District-Budaun,Total,17,39931,20313,19618,5928,5524,404,2238,1750,488,529,326,203,11332,3750,7582,4313,3703,610,2005,1312,693,466,240,226,13120,3708,9412
149,District-Budaun,Total,18,70836,37409,33427,12735,12046,689,4071,3321,750,891,630,261,16862,5122,11740,9635,8447,1188,3853,2505,1348,930,507,423,21859,4831,17028
149,District-Budaun,Total,19,44135,22047,22088,8398,7936,462,2349,1934,415,464,315,149,9818,2657,7161,6113,5322,791,2305,1361,944,508,258,250,14180,2264,11916
149,District-Budaun,Rural,5-19,579014,291798,287216,37323,34533,2790,13900,10688,3212,3909,2437,1472,95568,35622,59946,31647,26285,5362,15336,9237,6099,4569,2310,2259,376762,170686,206076
149,District-Budaun,Rural,5,82269,43871,38398,121,110,11,26,16,10,5,2,3,573,293,280,718,487,231,390,202,188,90,53,37,80346,42708,37638
149,District-Budaun,Rural,6,64820,34008,30812,88,75,13,30,26,4,5,2,3,756,394,362,582,379,203,355,171,184,92,49,43,62912,32912,30000
149,District-Budaun,Rural,7,32890,16806,16084,159,136,23,44,31,13,9,6,3,1282,632,650,409,283,126,243,117,126,59,33,26,30685,15568,15117
149,District-Budaun,Rural,8,30243,15274,14969,113,92,21,47,36,11,20,13,7,1787,889,898,395,259,136,240,126,114,92,42,50,27549,13817,13732
149,District-Budaun,Rural,9,20007,9918,10089,152,122,30,62,38,24,22,11,11,1869,908,961,372,236,136,283,143,140,100,49,51,17147,8411,8736
149,District-Budaun,Rural,10,30153,15020,15133,205,168,37,94,64,30,51,29,22,3539,1748,1791,586,413,173,398,209,189,187,111,76,25093,12278,12815
149,District-Budaun,Rural,11,20681,9938,10743,451,376,75,198,124,74,75,42,33,3874,1737,2137,681,504,177,418,218,200,185,96,89,14799,6841,7958
149,District-Budaun,Rural,12,28099,13600,14499,862,774,88,424,271,153,183,110,73,6980,3165,3815,1112,856,256,666,390,276,333,178,155,17539,7856,9683
149,District-Budaun,Rural,13,22744,10356,12388,952,793,159,465,315,150,219,118,101,6716,2747,3969,1001,766,235,678,365,313,271,128,143,12442,5124,7318
149,District-Budaun,Rural,14,34574,15991,18583,1992,1740,252,1084,754,330,407,215,192,11364,4454,6910,2074,1659,415,1129,675,454,423,205,218,16101,6289,9812
149,District-Budaun,Rural,15,41193,20240,20953,3789,3460,329,1704,1261,443,610,383,227,13173,5054,8119,3308,2810,498,1669,1077,592,553,292,261,16387,5903,10484
149,District-Budaun,Rural,16,43557,21517,22040,5173,4729,444,2187,1659,528,659,419,240,13502,4722,8780,3899,3362,537,2019,1348,671,579,282,297,15539,4996,10543
149,District-Budaun,Rural,17,32815,16518,16297,5068,4718,350,1964,1537,427,477,290,187,9213,2983,6230,3471,2961,510,1673,1062,611,397,192,205,10552,2775,7777
149,District-Budaun,Rural,18,58532,30746,27786,11060,10470,590,3587,2923,664,768,536,232,13374,3922,9452,7962,6951,1011,3207,2036,1171,773,392,381,17801,3516,14285
149,District-Budaun,Rural,19,36437,17995,18442,7138,6770,368,1984,1633,351,399,261,138,7566,1974,5592,5077,4359,718,1968,1098,870,435,208,227,11870,1692,10178
149,District-Budaun,Urban,5-19,114829,59704,55125,5601,5143,458,1822,1444,378,426,316,110,18323,7400,10923,6338,5531,807,2800,1900,900,698,468,230,78821,37502,41319
149,District-Budaun,Urban,5,13163,6913,6250,30,27,3,3,3,0,1,1,0,139,63,76,90,68,22,58,31,27,4,3,1,12838,6717,6121
149,District-Budaun,Urban,6,11770,6117,5653,21,20,1,1,1,0,0,0,0,164,85,79,67,43,24,37,14,23,4,0,4,11476,5954,5522
149,District-Budaun,Urban,7,6478,3271,3207,27,21,6,7,6,1,0,0,0,262,127,135,56,40,16,29,10,19,8,6,2,6089,3061,3028
149,District-Budaun,Urban,8,6380,3274,3106,17,12,5,8,6,2,2,0,2,319,178,141,46,25,21,28,15,13,3,3,0,5957,3035,2922
149,District-Budaun,Urban,9,4116,2114,2002,13,8,5,7,7,0,1,1,0,260,128,132,35,25,10,32,21,11,8,6,2,3760,1918,1842
149,District-Budaun,Urban,10,6561,3429,3132,23,15,8,9,8,1,1,0,1,558,299,259,69,47,22,48,21,27,16,11,5,5837,3028,2809
149,District-Budaun,Urban,11,4307,2237,2070,59,52,7,17,10,7,6,4,2,590,286,304,105,87,18,80,51,29,18,13,5,3432,1734,1698
149,District-Budaun,Urban,12,6115,3167,2948,115,100,15,37,21,16,11,7,4,922,470,452,189,156,33,130,83,47,44,22,22,4667,2308,2359
149,District-Budaun,Urban,13,4862,2460,2402,108,97,11,60,47,13,16,12,4,1019,476,543,204,160,44,119,71,48,42,26,16,3294,1571,1723
149,District-Budaun,Urban,14,7169,3630,3539,250,219,31,107,76,31,31,20,11,1723,778,945,401,335,66,212,134,78,70,46,24,4375,2022,2353
149,District-Budaun,Urban,15,7900,4012,3888,446,395,51,178,141,37,52,38,14,2075,885,1190,653,566,87,294,188,106,85,54,31,4117,1745,2372
149,District-Budaun,Urban,16,8890,4570,4320,697,629,68,265,206,59,65,49,16,2433,975,1458,872,778,94,418,279,139,97,65,32,4043,1589,2454
149,District-Budaun,Urban,17,7116,3795,3321,860,806,54,274,213,61,52,36,16,2119,767,1352,842,742,100,332,250,82,69,48,21,2568,933,1635
149,District-Budaun,Urban,18,12304,6663,5641,1675,1576,99,484,398,86,123,94,29,3488,1200,2288,1673,1496,177,646,469,177,157,115,42,4058,1315,2743
149,District-Budaun,Urban,19,7698,4052,3646,1260,1166,94,365,301,64,65,54,11,2252,683,1569,1036,963,73,337,263,74,73,50,23,2310,572,1738
150,District-Bareilly,Total,5-19,771889,387867,384022,57206,46987,10219,26148,18021,8127,6251,3865,2386,138527,54138,84389,52049,36274,15775,28870,16329,12541,6342,3083,3259,456496,209170,247326
150,District-Bareilly,Total,5,93621,49734,43887,266,227,39,72,55,17,7,6,1,971,442,529,1093,716,377,815,456,359,102,52,50,90295,47780,42515
150,District-Bareilly,Total,6,75661,39208,36453,179,142,37,67,42,25,11,7,4,1145,581,564,887,515,372,713,380,333,106,57,49,72553,37484,35069
150,District-Bareilly,Total,7,41238,21124,20114,253,190,63,119,83,36,18,10,8,2434,1222,1212,672,379,293,543,314,229,83,41,42,37116,18885,18231
150,District-Bareilly,Total,8,36784,18468,18316,264,186,78,123,77,46,18,11,7,3133,1586,1547,692,403,289,551,287,264,121,56,65,31882,15862,16020
150,District-Bareilly,Total,9,26695,13408,13287,325,223,102,186,110,76,31,15,16,3236,1630,1606,709,416,293,563,301,262,95,36,59,21550,10677,10873
150,District-Bareilly,Total,10,39993,20043,19950,520,349,171,299,170,129,72,43,29,5606,2828,2778,1176,712,464,917,469,448,194,88,106,31209,15384,15825
150,District-Bareilly,Total,11,30444,14918,15526,996,743,253,486,277,209,120,56,64,6102,2730,3372,1384,839,545,983,509,474,226,101,125,20147,9663,10484
150,District-Bareilly,Total,12,37088,17884,19204,1570,1121,449,747,431,316,236,105,131,9058,4101,4957,2019,1244,775,1419,729,690,373,165,208,21666,9988,11678
150,District-Bareilly,Total,13,33394,15604,17790,1985,1420,565,1046,607,439,310,149,161,9429,3978,5451,2280,1437,843,1402,723,679,402,188,214,16540,7102,9438
150,District-Bareilly,Total,14,47743,22063,25680,3597,2527,1070,1945,1155,790,604,344,260,14081,5768,8313,3874,2457,1417,2392,1221,1171,614,287,327,20636,8304,12332
150,District-Bareilly,Total,15,55688,26818,28870,5564,4254,1310,2903,1861,1042,767,435,332,16248,6538,9710,5571,3764,1807,3092,1747,1345,772,373,399,20771,7846,12925
150,District-Bareilly,Total,16,62342,30035,32307,7739,6142,1597,3932,2593,1339,1045,625,420,18116,6667,11449,6809,4631,2178,3568,1993,1575,881,425,456,20252,6959,13293
150,District-Bareilly,Total,17,50245,25066,25179,7591,6272,1319,3502,2473,1029,818,526,292,14041,4923,9118,6116,4404,1712,3024,1745,1279,655,309,346,14498,4414,10084
150,District-Bareilly,Total,18,84187,44067,40120,15380,13424,1956,6369,4793,1576,1386,941,445,21040,6974,14066,11185,8446,2739,5459,3345,2114,1075,565,510,22293,5579,16714
150,District-Bareilly,Total,19,56766,29427,27339,10977,9767,1210,4352,3294,1058,808,592,216,13887,4170,9717,7582,5911,1671,3429,2110,1319,643,340,303,15088,3243,11845
150,District-Bareilly,Rural,5-19,507328,251335,255993,40807,34200,6607,19831,13768,6063,5295,3233,2062,96965,36084,60881,29910,20931,8979,17761,9652,8109,4457,2011,2446,292302,131456,160846
150,District-Bareilly,Rural,5,67554,35931,31623,130,113,17,36,26,10,3,2,1,500,238,262,690,440,250,474,257,217,80,38,42,65641,34817,30824
150,District-Bareilly,Rural,6,52893,27506,25387,99,83,16,35,21,14,10,6,4,643,345,298,584,349,235,417,214,203,75,35,40,51030,26453,24577
150,District-Bareilly,Rural,7,26384,13471,12913,135,101,34,65,45,20,13,7,6,1457,745,712,383,222,161,300,164,136,62,33,29,23969,12154,11815
150,District-Bareilly,Rural,8,22383,11076,11307,173,127,46,74,46,28,14,9,5,1943,992,951,389,216,173,296,143,153,79,37,42,19415,9506,9909
150,District-Bareilly,Rural,9,15677,7795,7882,221,164,57,120,69,51,26,12,14,2033,996,1037,374,208,166,277,142,135,70,23,47,12556,6181,6375
150,District-Bareilly,Rural,10,24232,11885,12347,355,228,127,195,104,91,61,35,26,3815,1879,1936,624,360,264,523,248,275,133,60,73,18526,8971,9555
150,District-Bareilly,Rural,11,18327,8708,9619,666,500,166,367,199,168,104,43,61,4225,1814,2411,731,443,288,571,280,291,161,70,91,11502,5359,6143
150,District-Bareilly,Rural,12,23231,10739,12492,1103,792,311,571,319,252,209,90,119,6648,2861,3787,1147,684,463,854,412,442,272,113,159,12427,5468,6959
150,District-Bareilly,Rural,13,20994,9406,11588,1367,981,386,782,448,334,271,121,150,6926,2777,4149,1173,714,459,839,413,426,282,127,155,9354,3825,5529
150,District-Bareilly,Rural,14,31211,13832,17379,2576,1823,753,1532,900,632,542,308,234,10633,4178,6455,2140,1332,808,1465,691,774,437,188,249,11886,4412,7474
150,District-Bareilly,Rural,15,37410,17597,19813,4076,3183,893,2317,1497,820,676,387,289,12217,4710,7507,3209,2185,1024,1971,1094,877,548,247,301,12396,4294,8102
150,District-Bareilly,Rural,16,41774,19833,21941,5774,4708,1066,3041,2027,1014,892,529,363,13329,4690,8639,3970,2743,1227,2263,1224,1039,618,278,340,11887,3634,8253
150,District-Bareilly,Rural,17,32807,16031,16776,5392,4581,811,2701,1941,760,681,436,245,9643,3128,6515,3467,2512,955,1877,1036,841,470,200,270,8576,2197,6379
150,District-Bareilly,Rural,18,56283,29044,27239,11234,10002,1232,4856,3712,1144,1155,777,378,14339,4340,9999,6645,5049,1596,3500,2072,1428,737,364,373,13817,2728,11089
150,District-Bareilly,Rural,19,36168,18481,17687,7506,6814,692,3139,2414,725,638,471,167,8614,2391,6223,4384,3474,910,2134,1262,872,433,198,235,9320,1457,7863
150,District-Bareilly,Urban,5-19,264561,136532,128029,16399,12787,3612,6317,4253,2064,956,632,324,41562,18054,23508,22139,15343,6796,11109,6677,4432,1885,1072,813,164194,77714,86480
150,District-Bareilly,Urban,5,26067,13803,12264,136,114,22,36,29,7,4,4,0,471,204,267,403,276,127,341,199,142,22,14,8,24654,12963,11691
150,District-Bareilly,Urban,6,22768,11702,11066,80,59,21,32,21,11,1,1,0,502,236,266,303,166,137,296,166,130,31,22,9,21523,11031,10492
150,District-Bareilly,Urban,7,14854,7653,7201,118,89,29,54,38,16,5,3,2,977,477,500,289,157,132,243,150,93,21,8,13,13147,6731,6416
150,District-Bareilly,Urban,8,14401,7392,7009,91,59,32,49,31,18,4,2,2,1190,594,596,303,187,116,255,144,111,42,19,23,12467,6356,6111
150,District-Bareilly,Urban,9,11018,5613,5405,104,59,45,66,41,25,5,3,2,1203,634,569,335,208,127,286,159,127,25,13,12,8994,4496,4498
150,District-Bareilly,Urban,10,15761,8158,7603,165,121,44,104,66,38,11,8,3,1791,949,842,552,352,200,394,221,173,61,28,33,12683,6413,6270
150,District-Bareilly,Urban,11,12117,6210,5907,330,243,87,119,78,41,16,13,3,1877,916,961,653,396,257,412,229,183,65,31,34,8645,4304,4341
150,District-Bareilly,Urban,12,13857,7145,6712,467,329,138,176,112,64,27,15,12,2410,1240,1170,872,560,312,565,317,248,101,52,49,9239,4520,4719
150,District-Bareilly,Urban,13,12400,6198,6202,618,439,179,264,159,105,39,28,11,2503,1201,1302,1107,723,384,563,310,253,120,61,59,7186,3277,3909
150,District-Bareilly,Urban,14,16532,8231,8301,1021,704,317,413,255,158,62,36,26,3448,1590,1858,1734,1125,609,927,530,397,177,99,78,8750,3892,4858
150,District-Bareilly,Urban,15,18278,9221,9057,1488,1071,417,586,364,222,91,48,43,4031,1828,2203,2362,1579,783,1121,653,468,224,126,98,8375,3552,4823
150,District-Bareilly,Urban,16,20568,10202,10366,1965,1434,531,891,566,325,153,96,57,4787,1977,2810,2839,1888,951,1305,769,536,263,147,116,8365,3325,5040
150,District-Bareilly,Urban,17,17438,9035,8403,2199,1691,508,801,532,269,137,90,47,4398,1795,2603,2649,1892,757,1147,709,438,185,109,76,5922,2217,3705
150,District-Bareilly,Urban,18,27904,15023,12881,4146,3422,724,1513,1081,432,231,164,67,6701,2634,4067,4540,3397,1143,1959,1273,686,338,201,137,8476,2851,5625
150,District-Bareilly,Urban,19,20598,10946,9652,3471,2953,518,1213,880,333,170,121,49,5273,1779,3494,3198,2437,761,1295,848,447,210,142,68,5768,1786,3982
151,District-Pilibhit,Total,5-19,303472,153005,150467,23459,21168,2291,11768,9226,2542,3078,2125,953,64557,22748,41809,12462,10061,2401,7168,4496,2672,1640,974,666,179340,82207,97133
151,District-Pilibhit,Total,5,45145,23981,21164,26,22,4,3,1,2,1,1,0,222,116,106,209,133,76,156,84,72,17,6,11,44511,23618,20893
151,District-Pilibhit,Total,6,33246,17385,15861,21,16,5,12,6,6,1,1,0,371,183,188,177,114,63,134,58,76,15,11,4,32515,16996,15519
151,District-Pilibhit,Total,7,14155,7206,6949,45,35,10,26,12,14,3,2,1,539,300,239,90,60,30,82,48,34,15,10,5,13355,6739,6616
151,District-Pilibhit,Total,8,12248,6093,6155,47,37,10,22,14,8,5,2,3,727,368,359,91,58,33,108,55,53,21,12,9,11227,5547,5680
151,District-Pilibhit,Total,9,7299,3607,3692,42,36,6,19,8,11,8,6,2,774,384,390,83,62,21,71,37,34,20,10,10,6282,3064,3218
151,District-Pilibhit,Total,10,14291,7088,7203,81,56,25,68,43,25,28,20,8,1568,806,762,183,105,78,142,66,76,50,22,28,12171,5970,6201
151,District-Pilibhit,Total,11,8534,4118,4416,239,196,43,94,71,23,37,22,15,1797,794,1003,242,180,62,158,94,64,41,22,19,5926,2739,3187
151,District-Pilibhit,Total,12,12280,5907,6373,422,357,65,243,155,88,91,52,39,3420,1531,1889,376,267,109,280,167,113,71,42,29,7377,3336,4041
151,District-Pilibhit,Total,13,10221,4604,5617,445,346,99,275,166,109,105,62,43,3585,1466,2119,324,219,105,249,123,126,62,35,27,5176,2187,2989
151,District-Pilibhit,Total,14,16874,7630,9244,1118,919,199,700,491,209,234,142,92,6479,2484,3995,776,546,230,488,268,220,164,90,74,6915,2690,4225
151,District-Pilibhit,Total,15,21802,10637,11165,2181,1919,262,1215,900,315,386,269,117,8498,3256,5242,1297,1060,237,767,487,280,187,102,85,7271,2644,4627
151,District-Pilibhit,Total,16,25833,12351,13482,3096,2696,400,1836,1386,450,532,340,192,9798,3330,6468,1694,1356,338,1048,668,380,244,140,104,7585,2435,5150
151,District-Pilibhit,Total,17,19960,9958,10002,3097,2798,299,1649,1312,337,387,251,136,7375,2399,4976,1442,1201,241,829,523,306,182,103,79,4999,1371,3628
151,District-Pilibhit,Total,18,39177,20981,18196,7838,7309,529,3578,2982,596,845,635,210,12384,3547,8837,3625,3102,523,1755,1205,550,356,239,117,8796,1962,6834
151,District-Pilibhit,Total,19,22407,11459,10948,4761,4426,335,2028,1679,349,415,320,95,7020,1784,5236,1853,1598,255,901,613,288,195,130,65,5234,909,4325
151,District-Pilibhit,Rural,5-19,249103,124966,124137,20767,18897,1870,10536,8362,2174,2867,1968,899,55186,18681,36505,9389,7814,1575,5317,3379,1938,1263,710,553,143778,65155,78623
151,District-Pilibhit,Rural,5,38940,20673,18267,23,19,4,3,1,2,1,1,0,169,89,80,186,119,67,126,64,62,16,6,10,38416,20374,18042
151,District-Pilibhit,Rural,6,28110,14713,13397,20,15,5,10,6,4,1,1,0,294,143,151,137,90,47,115,51,64,14,10,4,27519,14397,13122
151,District-Pilibhit,Rural,7,11299,5735,5564,37,28,9,23,11,12,2,1,1,427,241,186,70,44,26,63,35,28,12,8,4,10665,5367,5298
151,District-Pilibhit,Rural,8,9447,4688,4759,41,31,10,18,12,6,5,2,3,589,303,286,67,43,24,80,45,35,21,12,9,8626,4240,4386
151,District-Pilibhit,Rural,9,5515,2694,2821,37,33,4,18,8,10,5,3,2,608,287,321,65,49,16,50,25,25,19,10,9,4713,2279,2434
151,District-Pilibhit,Rural,10,11065,5436,5629,74,52,22,61,40,21,24,16,8,1323,670,653,125,74,51,105,53,52,42,18,24,9311,4513,4798
151,District-Pilibhit,Rural,11,6582,3112,3470,210,170,40,87,66,21,35,20,15,1492,643,849,182,139,43,115,67,48,30,16,14,4431,1991,2440
151,District-Pilibhit,Rural,12,9445,4429,5016,360,303,57,205,135,70,84,50,34,2898,1271,1627,254,190,64,204,116,88,49,26,23,5391,2338,3053
151,District-Pilibhit,Rural,13,8127,3578,4549,390,304,86,248,150,98,102,61,41,3145,1256,1889,238,168,70,175,89,86,47,24,23,3782,1526,2256
151,District-Pilibhit,Rural,14,13597,6090,7507,985,828,157,640,453,187,225,135,90,5728,2149,3579,548,421,127,350,197,153,114,55,59,5007,1852,3155
151,District-Pilibhit,Rural,15,18066,8707,9359,1941,1724,217,1084,813,271,373,260,113,7489,2773,4716,999,846,153,545,366,179,145,76,69,5490,1849,3641
151,District-Pilibhit,Rural,16,21340,10134,11206,2748,2441,307,1663,1275,388,505,322,183,8531,2766,5765,1247,1049,198,765,495,270,184,99,85,5697,1687,4010
151,District-Pilibhit,Rural,17,16415,8131,8284,2755,2506,249,1456,1176,280,357,228,129,6254,1936,4318,1094,936,158,606,378,228,143,74,69,3750,897,2853
151,District-Pilibhit,Rural,18,32753,17529,15224,6961,6527,434,3227,2723,504,782,589,193,10509,2851,7658,2754,2407,347,1355,952,403,283,187,96,6882,1293,5589
151,District-Pilibhit,Rural,19,18402,9317,9085,4185,3916,269,1793,1493,300,366,279,87,5730,1303,4427,1423,1239,184,663,446,217,144,89,55,4098,552,3546
151,District-Pilibhit,Urban,5-19,54369,28039,26330,2692,2271,421,1232,864,368,211,157,54,9371,4067,5304,3073,2247,826,1851,1117,734,377,264,113,35562,17052,18510
151,District-Pilibhit,Urban,5,6205,3308,2897,3,3,0,0,0,0,0,0,0,53,27,26,23,14,9,30,20,10,1,0,1,6095,3244,2851
151,District-Pilibhit,Urban,6,5136,2672,2464,1,1,0,2,0,2,0,0,0,77,40,37,40,24,16,19,7,12,1,1,0,4996,2599,2397
151,District-Pilibhit,Urban,7,2856,1471,1385,8,7,1,3,1,2,1,1,0,112,59,53,20,16,4,19,13,6,3,2,1,2690,1372,1318
151,District-Pilibhit,Urban,8,2801,1405,1396,6,6,0,4,2,2,0,0,0,138,65,73,24,15,9,28,10,18,0,0,0,2601,1307,1294
151,District-Pilibhit,Urban,9,1784,913,871,5,3,2,1,0,1,3,3,0,166,97,69,18,13,5,21,12,9,1,0,1,1569,785,784
151,District-Pilibhit,Urban,10,3226,1652,1574,7,4,3,7,3,4,4,4,0,245,136,109,58,31,27,37,13,24,8,4,4,2860,1457,1403
151,District-Pilibhit,Urban,11,1952,1006,946,29,26,3,7,5,2,2,2,0,305,151,154,60,41,19,43,27,16,11,6,5,1495,748,747
151,District-Pilibhit,Urban,12,2835,1478,1357,62,54,8,38,20,18,7,2,5,522,260,262,122,77,45,76,51,25,22,16,6,1986,998,988
151,District-Pilibhit,Urban,13,2094,1026,1068,55,42,13,27,16,11,3,1,2,440,210,230,86,51,35,74,34,40,15,11,4,1394,661,733
151,District-Pilibhit,Urban,14,3277,1540,1737,133,91,42,60,38,22,9,7,2,751,335,416,228,125,103,138,71,67,50,35,15,1908,838,1070
151,District-Pilibhit,Urban,15,3736,1930,1806,240,195,45,131,87,44,13,9,4,1009,483,526,298,214,84,222,121,101,42,26,16,1781,795,986
151,District-Pilibhit,Urban,16,4493,2217,2276,348,255,93,173,111,62,27,18,9,1267,564,703,447,307,140,283,173,110,60,41,19,1888,748,1140
151,District-Pilibhit,Urban,17,3545,1827,1718,342,292,50,193,136,57,30,23,7,1121,463,658,348,265,83,223,145,78,39,29,10,1249,474,775
151,District-Pilibhit,Urban,18,6424,3452,2972,877,782,95,351,259,92,63,46,17,1875,696,1179,871,695,176,400,253,147,73,52,21,1914,669,1245
151,District-Pilibhit,Urban,19,4005,2142,1863,576,510,66,235,186,49,49,41,8,1290,481,809,430,359,71,238,167,71,51,41,10,1136,357,779
152,District-Shahjahanpur,Total,5-19,467385,241286,226099,31762,29243,2519,12075,9926,2149,3054,2037,1017,89422,32445,56977,23914,19869,4045,10456,7393,3063,2552,1532,1020,294150,138841,155309
152,District-Shahjahanpur,Total,5,71596,38214,33382,48,43,5,17,12,5,0,0,0,459,224,235,597,376,221,322,179,143,40,24,16,70113,37356,32757
152,District-Shahjahanpur,Total,6,51883,27200,24683,37,31,6,17,11,6,7,7,0,646,345,301,481,286,195,236,118,118,42,18,24,50417,26384,24033
152,District-Shahjahanpur,Total,7,24617,12640,11977,89,66,23,25,18,7,5,3,2,1060,512,548,295,182,113,169,82,87,22,9,13,22952,11768,11184
152,District-Shahjahanpur,Total,8,21677,11039,10638,90,64,26,32,14,18,7,3,4,1506,778,728,287,167,120,158,75,83,44,25,19,19553,9913,9640
152,District-Shahjahanpur,Total,9,13883,7030,6853,108,82,26,45,29,16,6,3,3,1368,665,703,241,155,86,133,90,43,31,11,20,11951,5995,5956
152,District-Shahjahanpur,Total,10,23096,11813,11283,151,114,37,70,42,28,26,19,7,2835,1434,1401,476,304,172,262,141,121,87,48,39,19189,9711,9478
152,District-Shahjahanpur,Total,11,14759,7470,7289,321,268,53,108,74,34,46,25,21,2861,1350,1511,449,330,119,249,147,102,72,45,27,10653,5231,5422
152,District-Shahjahanpur,Total,12,20955,10516,10439,698,601,97,288,207,81,89,48,41,5410,2435,2975,833,639,194,437,278,159,155,91,64,13045,6217,6828
152,District-Shahjahanpur,Total,13,16639,8015,8624,693,591,102,322,226,96,109,64,45,5034,2102,2932,801,593,208,465,294,171,140,79,61,9075,4066,5009
152,District-Shahjahanpur,Total,14,25955,12437,13518,1661,1440,221,686,501,185,242,142,100,8865,3431,5434,1553,1246,307,752,497,255,208,127,81,11988,5053,6935
152,District-Shahjahanpur,Total,15,33302,17008,16294,2972,2698,274,1316,1044,272,407,272,135,11600,4516,7084,2599,2174,425,1180,866,314,315,185,130,12913,5253,7660
152,District-Shahjahanpur,Total,16,35469,18022,17447,4253,3873,380,1829,1461,368,524,341,183,12522,4377,8145,3018,2604,414,1275,918,357,360,234,126,11688,4214,7474
152,District-Shahjahanpur,Total,17,28145,14693,13452,4176,3858,318,1735,1445,290,407,288,119,9547,3088,6459,2711,2365,346,1163,866,297,272,167,105,8134,2616,5518
152,District-Shahjahanpur,Total,18,53732,29115,24617,10208,9591,617,3533,3095,438,802,565,237,16156,4773,11383,6118,5439,679,2355,1857,498,500,317,183,14060,3478,10582
152,District-Shahjahanpur,Total,19,31677,16074,15603,6257,5923,334,2052,1747,305,377,257,120,9553,2415,7138,3455,3009,446,1300,985,315,264,152,112,8419,1586,6833
152,District-Shahjahanpur,Rural,5-19,376548,193463,183085,27576,25489,2087,10518,8690,1828,2748,1819,929,73307,25677,47630,18131,15159,2972,7895,5541,2354,2088,1241,847,234285,109847,124438
152,District-Shahjahanpur,Rural,5,61577,32865,28712,41,37,4,14,10,4,0,0,0,354,174,180,544,338,206,265,147,118,38,22,16,60321,32137,28184
152,District-Shahjahanpur,Rural,6,43763,22877,20886,35,30,5,14,8,6,6,6,0,507,278,229,441,268,173,193,91,102,40,16,24,42527,22180,20347
152,District-Shahjahanpur,Rural,7,19812,10168,9644,78,56,22,22,16,6,5,3,2,860,421,439,256,160,96,141,66,75,21,8,13,18429,9438,8991
152,District-Shahjahanpur,Rural,8,17039,8644,8395,77,54,23,27,11,16,7,3,4,1211,621,590,237,136,101,124,51,73,41,22,19,15315,7746,7569
152,District-Shahjahanpur,Rural,9,10697,5383,5314,94,70,24,40,28,12,6,3,3,1098,544,554,202,126,76,105,73,32,29,11,18,9123,4528,4595
152,District-Shahjahanpur,Rural,10,18079,9235,8844,136,102,34,62,37,25,20,16,4,2341,1174,1167,405,261,144,200,109,91,75,42,33,14840,7494,7346
152,District-Shahjahanpur,Rural,11,11418,5711,5707,272,224,48,91,64,27,38,20,18,2346,1102,1244,357,260,97,208,120,88,58,39,19,8048,3882,4166
152,District-Shahjahanpur,Rural,12,16093,7993,8100,609,523,86,256,182,74,77,43,34,4543,2026,2517,655,508,147,335,215,120,128,74,54,9490,4422,5068
152,District-Shahjahanpur,Rural,13,12792,6052,6740,616,527,89,282,200,82,97,57,40,4247,1734,2513,589,448,141,339,213,126,116,66,50,6506,2807,3699
152,District-Shahjahanpur,Rural,14,20427,9627,10800,1463,1273,190,607,441,166,221,130,91,7550,2822,4728,1179,969,210,565,375,190,163,100,63,8679,3517,5162
152,District-Shahjahanpur,Rural,15,26687,13523,13164,2638,2410,228,1179,935,244,364,233,131,9892,3734,6158,1952,1669,283,915,678,237,259,154,105,9488,3710,5778
152,District-Shahjahanpur,Rural,16,28345,14364,13981,3757,3438,319,1603,1286,317,480,311,169,10463,3545,6918,2225,1959,266,949,690,259,285,184,101,8583,2951,5632
152,District-Shahjahanpur,Rural,17,21973,11439,10534,3561,3321,240,1505,1271,234,364,256,108,7611,2313,5298,1991,1766,225,852,635,217,215,133,82,5874,1744,4130
152,District-Shahjahanpur,Rural,18,42943,23143,19800,8915,8401,514,3078,2714,364,730,511,219,12949,3537,9412,4550,4067,483,1771,1394,377,400,248,152,10550,2271,8279
152,District-Shahjahanpur,Rural,19,24903,12439,12464,5284,5023,261,1738,1487,251,333,227,106,7335,1652,5683,2548,2224,324,933,684,249,220,122,98,6512,1020,5492
152,District-Shahjahanpur,Urban,5-19,90837,47823,43014,4186,3754,432,1557,1236,321,306,218,88,16115,6768,9347,5783,4710,1073,2561,1852,709,464,291,173,59865,28994,30871
152,District-Shahjahanpur,Urban,5,10019,5349,4670,7,6,1,3,2,1,0,0,0,105,50,55,53,38,15,57,32,25,2,2,0,9792,5219,4573
152,District-Shahjahanpur,Urban,6,8120,4323,3797,2,1,1,3,3,0,1,1,0,139,67,72,40,18,22,43,27,16,2,2,0,7890,4204,3686
152,District-Shahjahanpur,Urban,7,4805,2472,2333,11,10,1,3,2,1,0,0,0,200,91,109,39,22,17,28,16,12,1,1,0,4523,2330,2193
152,District-Shahjahanpur,Urban,8,4638,2395,2243,13,10,3,5,3,2,0,0,0,295,157,138,50,31,19,34,24,10,3,3,0,4238,2167,2071
152,District-Shahjahanpur,Urban,9,3186,1647,1539,14,12,2,5,1,4,0,0,0,270,121,149,39,29,10,28,17,11,2,0,2,2828,1467,1361
152,District-Shahjahanpur,Urban,10,5017,2578,2439,15,12,3,8,5,3,6,3,3,494,260,234,71,43,28,62,32,30,12,6,6,4349,2217,2132
152,District-Shahjahanpur,Urban,11,3341,1759,1582,49,44,5,17,10,7,8,5,3,515,248,267,92,70,22,41,27,14,14,6,8,2605,1349,1256
152,District-Shahjahanpur,Urban,12,4862,2523,2339,89,78,11,32,25,7,12,5,7,867,409,458,178,131,47,102,63,39,27,17,10,3555,1795,1760
152,District-Shahjahanpur,Urban,13,3847,1963,1884,77,64,13,40,26,14,12,7,5,787,368,419,212,145,67,126,81,45,24,13,11,2569,1259,1310
152,District-Shahjahanpur,Urban,14,5528,2810,2718,198,167,31,79,60,19,21,12,9,1315,609,706,374,277,97,187,122,65,45,27,18,3309,1536,1773
152,District-Shahjahanpur,Urban,15,6615,3485,3130,334,288,46,137,109,28,43,39,4,1708,782,926,647,505,142,265,188,77,56,31,25,3425,1543,1882
152,District-Shahjahanpur,Urban,16,7124,3658,3466,496,435,61,226,175,51,44,30,14,2059,832,1227,793,645,148,326,228,98,75,50,25,3105,1263,1842
152,District-Shahjahanpur,Urban,17,6172,3254,2918,615,537,78,230,174,56,43,32,11,1936,775,1161,720,599,121,311,231,80,57,34,23,2260,872,1388
152,District-Shahjahanpur,Urban,18,10789,5972,4817,1293,1190,103,455,381,74,72,54,18,3207,1236,1971,1568,1372,196,584,463,121,100,69,31,3510,1207,2303
152,District-Shahjahanpur,Urban,19,6774,3635,3139,973,900,73,314,260,54,44,30,14,2218,763,1455,907,785,122,367,301,66,44,30,14,1907,566,1341
153,District-Kheri,Total,5-19,611981,316852,295129,42556,38914,3642,18990,15332,3658,5067,3372,1695,122906,46058,76848,28931,23630,5301,16109,10588,5521,4185,2413,1772,373237,176545,196692
153,District-Kheri,Total,5,100310,53070,47240,83,74,9,14,11,3,10,7,3,711,357,354,1018,653,365,664,357,307,119,58,61,97691,51553,46138
153,District-Kheri,Total,6,71300,36836,34464,56,45,11,34,20,14,10,4,6,984,510,474,767,476,291,560,290,270,122,62,60,68767,35429,33338
153,District-Kheri,Total,7,34210,17162,17048,145,99,46,56,38,18,11,4,7,1740,841,899,507,314,193,340,178,162,92,47,45,31319,15641,15678
153,District-Kheri,Total,8,28096,13808,14288,163,115,48,69,43,26,28,16,12,2100,1053,1047,525,331,194,392,194,198,95,37,58,24724,12019,12705
153,District-Kheri,Total,9,19046,9437,9609,147,102,45,101,58,43,21,7,14,2092,1001,1091,449,280,169,341,197,144,90,49,41,15805,7743,8062
153,District-Kheri,Total,10,30774,15499,15275,306,230,76,133,87,46,71,46,25,4091,2098,1993,821,559,262,544,304,240,164,92,72,24644,12083,12561
153,District-Kheri,Total,11,19476,9826,9650,461,371,90,238,169,69,86,45,41,4035,1940,2095,720,528,192,452,259,193,140,87,53,13344,6427,6917
153,District-Kheri,Total,12,26301,13249,13052,989,839,150,508,365,143,169,104,65,7206,3353,3853,1107,847,260,756,434,322,254,153,101,15312,7154,8158
153,District-Kheri,Total,13,22750,11011,11739,1054,899,155,555,407,148,203,122,81,7632,3280,4352,1083,838,245,709,424,285,242,142,100,11272,4899,6373
153,District-Kheri,Total,14,29655,14507,15148,2046,1796,250,1142,822,320,371,240,131,11185,4537,6648,1638,1350,288,1054,678,376,366,207,159,11853,4877,6976
153,District-Kheri,Total,15,43784,23358,20426,4262,3827,435,2225,1760,465,750,517,233,16360,6826,9534,3293,2804,489,1803,1296,507,567,341,226,14524,5987,8537
153,District-Kheri,Total,16,43292,22506,20786,5477,5001,476,2768,2248,520,808,526,282,16579,5973,10606,3339,2798,541,1862,1293,569,501,297,204,11958,4370,7588
153,District-Kheri,Total,17,36534,19195,17339,5838,5394,444,2695,2188,507,693,440,253,13406,4410,8996,3093,2659,434,1578,1090,488,411,236,175,8820,2778,6042
153,District-Kheri,Total,18,67208,36918,30290,13457,12603,854,5388,4553,835,1209,843,366,21917,6451,15466,6795,5960,835,3262,2359,903,662,402,260,14518,3747,10771
153,District-Kheri,Total,19,39245,20470,18775,8072,7519,553,3064,2563,501,627,451,176,12868,3428,9440,3776,3233,543,1792,1235,557,360,203,157,8686,1838,6848
153,District-Kheri,Rural,5-19,553056,285004,268052,39050,35732,3318,17794,14364,3430,4707,3094,1613,111327,41228,70099,25702,20822,4880,14519,9348,5171,3761,2131,1630,336196,158285,177911
153,District-Kheri,Rural,5,92392,48844,43548,73,65,8,14,11,3,10,7,3,620,312,308,929,595,334,597,318,279,105,52,53,90044,47484,42560
153,District-Kheri,Rural,6,65036,33567,31469,52,42,10,31,18,13,10,4,6,896,463,433,703,435,268,482,244,238,115,59,56,62747,32302,30445
153,District-Kheri,Rural,7,30742,15385,15357,127,87,40,47,32,15,10,3,7,1510,727,783,467,289,178,311,161,150,78,42,36,28192,14044,14148
153,District-Kheri,Rural,8,25221,12393,12828,143,106,37,58,35,23,24,12,12,1874,945,929,481,310,171,362,175,187,77,28,49,22202,10782,11420
153,District-Kheri,Rural,9,16910,8301,8609,136,91,45,88,50,38,20,6,14,1870,886,984,422,266,156,304,173,131,85,47,38,13985,6782,7203
153,District-Kheri,Rural,10,27616,13823,13793,278,210,68,119,76,43,66,42,24,3722,1918,1804,740,501,239,501,274,227,147,79,68,22043,10723,11320
153,District-Kheri,Rural,11,17383,8653,8730,427,341,86,212,150,62,77,39,38,3664,1721,1943,648,470,178,426,238,188,128,80,48,11801,5614,6187
153,District-Kheri,Rural,12,23504,11730,11774,917,775,142,473,339,134,155,92,63,6597,3037,3560,996,757,239,681,382,299,226,136,90,13459,6212,7247
153,District-Kheri,Rural,13,20391,9772,10619,967,825,142,526,383,143,190,116,74,6997,2997,4000,968,744,224,637,375,262,221,127,94,9885,4205,5680
153,District-Kheri,Rural,14,26716,12923,13793,1865,1634,231,1069,762,307,352,228,124,10333,4137,6196,1475,1207,268,955,600,355,331,183,148,10336,4172,6164
153,District-Kheri,Rural,15,39896,21154,18742,3970,3567,403,2104,1670,434,703,480,223,15163,6254,8909,2951,2498,453,1646,1160,486,517,309,208,12842,5216,7626
153,District-Kheri,Rural,16,39287,20297,18990,5082,4636,446,2626,2135,491,769,496,273,15260,5422,9838,2957,2467,490,1676,1138,538,452,260,192,10465,3743,6722
153,District-Kheri,Rural,17,32646,17034,15612,5331,4930,401,2537,2063,474,640,397,243,12000,3885,8115,2679,2277,402,1396,943,453,371,208,163,7692,2331,5361
153,District-Kheri,Rural,18,60621,33170,27451,12393,11627,766,5065,4287,778,1129,782,347,19646,5644,14002,5984,5210,774,2950,2091,859,595,353,242,12859,3176,9683
153,District-Kheri,Rural,19,34695,17958,16737,7289,6796,493,2825,2353,472,552,390,162,11175,2880,8295,3302,2796,506,1595,1076,519,313,168,145,7644,1499,6145
153,District-Kheri,Urban,5-19,58925,31848,27077,3506,3182,324,1196,968,228,360,278,82,11579,4830,6749,3229,2808,421,1590,1240,350,424,282,142,37041,18260,18781
153,District-Kheri,Urban,5,7918,4226,3692,10,9,1,0,0,0,0,0,0,91,45,46,89,58,31,67,39,28,14,6,8,7647,4069,3578
153,District-Kheri,Urban,6,6264,3269,2995,4,3,1,3,2,1,0,0,0,88,47,41,64,41,23,78,46,32,7,3,4,6020,3127,2893
153,District-Kheri,Urban,7,3468,1777,1691,18,12,6,9,6,3,1,1,0,230,114,116,40,25,15,29,17,12,14,5,9,3127,1597,1530
153,District-Kheri,Urban,8,2875,1415,1460,20,9,11,11,8,3,4,4,0,226,108,118,44,21,23,30,19,11,18,9,9,2522,1237,1285
153,District-Kheri,Urban,9,2136,1136,1000,11,11,0,13,8,5,1,1,0,222,115,107,27,14,13,37,24,13,5,2,3,1820,961,859
153,District-Kheri,Urban,10,3158,1676,1482,28,20,8,14,11,3,5,4,1,369,180,189,81,58,23,43,30,13,17,13,4,2601,1360,1241
153,District-Kheri,Urban,11,2093,1173,920,34,30,4,26,19,7,9,6,3,371,219,152,72,58,14,26,21,5,12,7,5,1543,813,730
153,District-Kheri,Urban,12,2797,1519,1278,72,64,8,35,26,9,14,12,2,609,316,293,111,90,21,75,52,23,28,17,11,1853,942,911
153,District-Kheri,Urban,13,2359,1239,1120,87,74,13,29,24,5,13,6,7,635,283,352,115,94,21,72,49,23,21,15,6,1387,694,693
153,District-Kheri,Urban,14,2939,1584,1355,181,162,19,73,60,13,19,12,7,852,400,452,163,143,20,99,78,21,35,24,11,1517,705,812
153,District-Kheri,Urban,15,3888,2204,1684,292,260,32,121,90,31,47,37,10,1197,572,625,342,306,36,157,136,21,50,32,18,1682,771,911
153,District-Kheri,Urban,16,4005,2209,1796,395,365,30,142,113,29,39,30,9,1319,551,768,382,331,51,186,155,31,49,37,12,1493,627,866
153,District-Kheri,Urban,17,3888,2161,1727,507,464,43,158,125,33,53,43,10,1406,525,881,414,382,32,182,147,35,40,28,12,1128,447,681
153,District-Kheri,Urban,18,6587,3748,2839,1064,976,88,323,266,57,80,61,19,2271,807,1464,811,750,61,312,268,44,67,49,18,1659,571,1088
153,District-Kheri,Urban,19,4550,2512,2038,783,723,60,239,210,29,75,61,14,1693,548,1145,474,437,37,197,159,38,47,35,12,1042,339,703
154,District-Sitapur,Total,5-19,653315,345584,307731,45465,40710,4755,22886,18199,4687,6419,4596,1823,140130,56969,83161,26029,20645,5384,15849,10716,5133,4031,2556,1475,392506,191193,201313
154,District-Sitapur,Total,5,113679,60354,53325,101,84,17,48,31,17,5,4,1,827,440,387,1128,669,459,875,509,366,157,84,73,110538,58533,52005
154,District-Sitapur,Total,6,78910,40773,38137,71,54,17,47,25,22,5,3,2,987,532,455,756,422,334,726,387,339,131,70,61,76187,39280,36907
154,District-Sitapur,Total,7,37227,18880,18347,181,125,56,89,50,39,9,4,5,1645,802,843,512,304,208,415,227,188,101,45,56,34275,17323,16952
154,District-Sitapur,Total,8,29431,14667,14764,143,86,57,115,63,52,17,12,5,2247,1152,1095,472,280,192,366,175,191,83,45,38,25988,12854,13134
154,District-Sitapur,Total,9,18968,9524,9444,211,134,77,132,80,52,21,17,4,2353,1128,1225,407,256,151,337,194,143,82,42,40,15425,7673,7752
154,District-Sitapur,Total,10,31840,16536,15304,370,276,94,260,159,101,63,41,22,4736,2422,2314,734,504,230,560,341,219,143,85,58,24974,12708,12266
154,District-Sitapur,Total,11,19472,10010,9462,580,481,99,339,223,116,89,66,23,4759,2231,2528,614,424,190,485,291,194,128,76,52,12478,6218,6260
154,District-Sitapur,Total,12,26938,13941,12997,1103,912,191,634,444,190,211,131,80,8732,4125,4607,1052,766,286,705,444,261,201,121,80,14300,6998,7302
154,District-Sitapur,Total,13,22429,11349,11080,1237,1032,205,709,502,207,234,139,95,8498,3846,4652,858,645,213,596,378,218,185,115,70,10112,4692,5420
154,District-Sitapur,Total,14,30455,15723,14732,2273,1940,333,1320,987,333,447,303,144,12897,5621,7276,1482,1181,301,917,637,280,262,184,78,10857,4870,5987
154,District-Sitapur,Total,15,46700,25924,20776,4723,4180,543,2612,2056,556,863,613,250,18910,8397,10513,3108,2639,469,1733,1258,475,493,344,149,14258,6437,7821
154,District-Sitapur,Total,16,44761,24326,20435,5721,5127,594,3116,2470,646,987,679,308,18811,7491,11320,2869,2428,441,1642,1206,436,431,302,129,11184,4623,6561
154,District-Sitapur,Total,17,37545,20430,17115,5956,5344,612,3083,2544,539,804,584,220,15051,5552,9499,2606,2153,453,1487,1089,398,368,248,120,8190,2916,5274
154,District-Sitapur,Total,18,73238,41027,32211,14371,13255,1116,6673,5549,1124,1758,1308,450,25608,8793,16815,6102,5213,889,3139,2308,831,845,543,302,14742,4058,10684
154,District-Sitapur,Total,19,41722,22120,19602,8424,7680,744,3709,3016,693,906,692,214,14069,4437,9632,3329,2761,568,1866,1272,594,421,252,169,8998,2010,6988
154,District-Sitapur,Rural,5-19,583126,307387,275739,40896,36732,4164,21154,16923,4231,6048,4320,1728,124861,50375,74486,22599,17826,4773,14239,9553,4686,3701,2301,1400,349628,169357,180271
154,District-Sitapur,Rural,5,104282,55337,48945,86,72,14,41,28,13,5,4,1,684,370,314,1014,604,410,791,463,328,153,80,73,101508,53716,47792
154,District-Sitapur,Rural,6,71315,36816,34499,60,46,14,38,24,14,5,3,2,867,467,400,671,370,301,644,346,298,127,68,59,68903,35492,33411
154,District-Sitapur,Rural,7,33101,16733,16368,156,112,44,81,48,33,8,3,5,1391,685,706,468,276,192,367,200,167,93,40,53,30537,15369,15168
154,District-Sitapur,Rural,8,25949,12938,13011,117,70,47,100,55,45,15,10,5,1934,1007,927,417,250,167,335,156,179,76,41,35,22955,11349,11606
154,District-Sitapur,Rural,9,16428,8181,8247,196,124,72,120,75,45,17,14,3,2038,963,1075,362,223,139,296,163,133,72,37,35,13327,6582,6745
154,District-Sitapur,Rural,10,28037,14505,13532,326,248,78,242,147,95,58,37,21,4238,2158,2080,647,452,195,498,302,196,137,80,57,21891,11081,10810
154,District-Sitapur,Rural,11,16955,8638,8317,515,428,87,308,202,106,83,61,22,4246,1974,2272,551,384,167,421,253,168,113,64,49,10718,5272,5446
154,District-Sitapur,Rural,12,23822,12235,11587,1003,826,177,585,414,171,204,126,78,7894,3731,4163,940,684,256,640,397,243,190,113,77,12366,5944,6422
154,District-Sitapur,Rural,13,19835,9948,9887,1112,935,177,654,465,189,227,135,92,7716,3463,4253,755,563,192,542,343,199,168,102,66,8661,3942,4719
154,District-Sitapur,Rural,14,26842,13744,13098,2062,1761,301,1208,910,298,417,283,134,11667,5047,6620,1251,992,259,835,573,262,241,168,73,9161,4010,5151
154,District-Sitapur,Rural,15,41946,23198,18748,4285,3804,481,2445,1930,515,825,584,241,17265,7649,9616,2735,2329,406,1574,1142,432,459,316,143,12358,5444,6914
154,District-Sitapur,Rural,16,39953,21636,18317,5177,4658,519,2920,2324,596,943,648,295,16982,6711,10271,2459,2063,396,1482,1085,397,393,270,123,9597,3877,5720
154,District-Sitapur,Rural,17,33083,17916,15167,5352,4815,537,2857,2367,490,746,542,204,13314,4844,8470,2212,1824,388,1327,962,365,338,227,111,6937,2335,4602
154,District-Sitapur,Rural,18,65169,36355,28814,12965,11977,988,6192,5179,1013,1664,1238,426,22578,7615,14963,5280,4487,793,2828,2060,768,756,474,282,12906,3325,9581
154,District-Sitapur,Rural,19,36409,19207,17202,7484,6856,628,3363,2755,608,831,632,199,12047,3691,8356,2837,2325,512,1659,1108,551,385,221,164,7803,1619,6184
154,District-Sitapur,Urban,5-19,70189,38197,31992,4569,3978,591,1732,1276,456,371,276,95,15269,6594,8675,3430,2819,611,1610,1163,447,330,255,75,42878,21836,21042
154,District-Sitapur,Urban,5,9397,5017,4380,15,12,3,7,3,4,0,0,0,143,70,73,114,65,49,84,46,38,4,4,0,9030,4817,4213
154,District-Sitapur,Urban,6,7595,3957,3638,11,8,3,9,1,8,0,0,0,120,65,55,85,52,33,82,41,41,4,2,2,7284,3788,3496
154,District-Sitapur,Urban,7,4126,2147,1979,25,13,12,8,2,6,1,1,0,254,117,137,44,28,16,48,27,21,8,5,3,3738,1954,1784
154,District-Sitapur,Urban,8,3482,1729,1753,26,16,10,15,8,7,2,2,0,313,145,168,55,30,25,31,19,12,7,4,3,3033,1505,1528
154,District-Sitapur,Urban,9,2540,1343,1197,15,10,5,12,5,7,4,3,1,315,165,150,45,33,12,41,31,10,10,5,5,2098,1091,1007
154,District-Sitapur,Urban,10,3803,2031,1772,44,28,16,18,12,6,5,4,1,498,264,234,87,52,35,62,39,23,6,5,1,3083,1627,1456
154,District-Sitapur,Urban,11,2517,1372,1145,65,53,12,31,21,10,6,5,1,513,257,256,63,40,23,64,38,26,15,12,3,1760,946,814
154,District-Sitapur,Urban,12,3116,1706,1410,100,86,14,49,30,19,7,5,2,838,394,444,112,82,30,65,47,18,11,8,3,1934,1054,880
154,District-Sitapur,Urban,13,2594,1401,1193,125,97,28,55,37,18,7,4,3,782,383,399,103,82,21,54,35,19,17,13,4,1451,750,701
154,District-Sitapur,Urban,14,3613,1979,1634,211,179,32,112,77,35,30,20,10,1230,574,656,231,189,42,82,64,18,21,16,5,1696,860,836
154,District-Sitapur,Urban,15,4754,2726,2028,438,376,62,167,126,41,38,29,9,1645,748,897,373,310,63,159,116,43,34,28,6,1900,993,907
154,District-Sitapur,Urban,16,4808,2690,2118,544,469,75,196,146,50,44,31,13,1829,780,1049,410,365,45,160,121,39,38,32,6,1587,746,841
154,District-Sitapur,Urban,17,4462,2514,1948,604,529,75,226,177,49,58,42,16,1737,708,1029,394,329,65,160,127,33,30,21,9,1253,581,672
154,District-Sitapur,Urban,18,8069,4672,3397,1406,1278,128,481,370,111,94,70,24,3030,1178,1852,822,726,96,311,248,63,89,69,20,1836,733,1103
154,District-Sitapur,Urban,19,5313,2913,2400,940,824,116,346,261,85,75,60,15,2022,746,1276,492,436,56,207,164,43,36,31,5,1195,391,804
155,District-Hardoi,Total,5-19,563661,299256,264405,48464,43609,4855,23107,18112,4995,6794,4520,2274,127054,49894,77160,22553,17793,4760,13425,8521,4904,3454,1984,1470,318810,154823,163987
155,District-Hardoi,Total,5,98050,52348,45702,64,52,12,26,17,9,7,4,3,666,336,330,856,518,338,657,367,290,108,58,50,95666,50996,44670
155,District-Hardoi,Total,6,65379,34552,30827,61,47,14,29,15,14,9,8,1,892,459,433,724,464,260,462,229,233,102,55,47,63100,33275,29825
155,District-Hardoi,Total,7,28404,14451,13953,130,90,40,48,24,24,10,6,4,1472,758,714,359,224,135,317,162,155,61,30,31,26007,13157,12850
155,District-Hardoi,Total,8,19749,9782,9967,138,100,38,58,35,23,15,8,7,1812,884,928,319,197,122,267,143,124,50,28,22,17090,8387,8703
155,District-Hardoi,Total,9,15013,7529,7484,151,99,52,68,40,28,26,15,11,1940,976,964,332,200,132,214,117,97,60,36,24,12222,6046,6176
155,District-Hardoi,Total,10,25561,12996,12565,334,252,82,161,102,59,47,28,19,3596,1750,1846,525,319,206,442,225,217,126,65,61,20330,10255,10075
155,District-Hardoi,Total,11,16001,8044,7957,529,411,118,275,170,105,77,42,35,3740,1714,2026,490,344,146,375,217,158,102,51,51,10413,5095,5318
155,District-Hardoi,Total,12,20237,10301,9936,1123,969,154,521,351,170,202,117,85,6703,3122,3581,794,567,227,586,349,237,191,102,89,10117,4724,5393
155,District-Hardoi,Total,13,18290,8825,9465,1147,927,220,614,392,222,258,142,116,7235,3091,4144,764,543,221,546,295,251,157,83,74,7569,3352,4217
155,District-Hardoi,Total,14,26835,13173,13662,2210,1890,320,1229,877,352,582,345,237,11556,4719,6837,1197,883,314,853,508,345,266,153,113,8942,3798,5144
155,District-Hardoi,Total,15,40559,21425,19134,4709,4129,580,2601,1938,663,956,615,341,17015,7102,9913,2404,1953,451,1447,967,480,416,257,159,11011,4464,6547
155,District-Hardoi,Total,16,42647,22810,19837,6220,5513,707,3344,2596,748,1103,707,396,17871,6906,10965,2668,2188,480,1477,976,501,414,239,175,9550,3685,5865
155,District-Hardoi,Total,17,36409,20099,16310,6540,5904,636,3249,2569,680,945,645,300,14614,5498,9116,2411,1992,419,1318,918,400,314,185,129,7018,2388,4630
155,District-Hardoi,Total,18,69709,40605,29104,15951,14751,1200,6922,5731,1191,1620,1146,474,24110,8344,15766,5508,4733,775,2820,2006,814,677,412,265,12101,3482,8619
155,District-Hardoi,Total,19,40818,22316,18502,9157,8475,682,3962,3255,707,937,692,245,13832,4235,9597,3202,2668,534,1644,1042,602,410,230,180,7674,1719,5955
155,District-Hardoi,Rural,5-19,489401,259743,229658,42685,38746,3939,21133,16685,4448,6407,4245,2162,110578,42918,67660,18739,14819,3920,11671,7325,4346,2968,1725,1243,275220,133280,141940
155,District-Hardoi,Rural,5,87695,46858,40837,50,42,8,19,13,6,6,3,3,562,285,277,779,477,302,572,319,253,91,51,40,85616,45668,39948
155,District-Hardoi,Rural,6,57567,30477,27090,53,39,14,20,9,11,8,8,0,757,387,370,657,427,230,408,199,209,76,46,30,55588,29362,26226
155,District-Hardoi,Rural,7,24650,12503,12147,113,80,33,40,21,19,9,6,3,1238,637,601,328,203,125,278,139,139,42,21,21,22602,11396,11206
155,District-Hardoi,Rural,8,16689,8240,8449,116,81,35,52,34,18,12,6,6,1530,733,797,281,173,108,226,119,107,40,21,19,14432,7073,7359
155,District-Hardoi,Rural,9,12677,6342,6335,136,87,49,58,36,22,18,10,8,1634,816,818,298,183,115,179,94,85,46,27,19,10308,5089,5219
155,District-Hardoi,Rural,10,21778,11009,10769,295,220,75,136,85,51,42,23,19,3112,1481,1631,473,289,184,386,193,193,94,48,46,17240,8670,8570
155,District-Hardoi,Rural,11,13411,6667,6744,444,347,97,239,149,90,70,38,32,3214,1461,1753,407,282,125,323,185,138,85,41,44,8629,4164,4465
155,District-Hardoi,Rural,12,17113,8603,8510,976,846,130,470,314,156,194,109,85,5951,2737,3214,671,476,195,510,296,214,159,87,72,8182,3738,4444
155,District-Hardoi,Rural,13,15472,7357,8115,1002,822,180,555,357,198,239,133,106,6379,2677,3702,631,461,170,465,250,215,139,72,67,6062,2585,3477
155,District-Hardoi,Rural,14,22945,11162,11783,1958,1696,262,1120,804,316,552,327,225,10278,4123,6155,966,718,248,733,428,305,228,136,92,7110,2930,4180
155,District-Hardoi,Rural,15,35565,18817,16748,4186,3703,483,2413,1811,602,922,590,332,15257,6314,8943,2041,1671,370,1258,837,421,366,225,141,9122,3666,5456
155,District-Hardoi,Rural,16,37055,19837,17218,5499,4922,577,3074,2414,660,1054,673,381,15800,6045,9755,2167,1795,372,1279,835,444,369,214,155,7813,2939,4874
155,District-Hardoi,Rural,17,31218,17288,13930,5720,5230,490,2938,2339,599,877,598,279,12566,4676,7890,1959,1631,328,1130,778,352,270,161,109,5758,1875,3883
155,District-Hardoi,Rural,18,60732,35556,25176,14164,13194,970,6422,5357,1065,1528,1082,446,20830,7121,13709,4504,3895,609,2457,1741,716,595,367,228,10232,2799,7433
155,District-Hardoi,Rural,19,34834,19027,15807,7973,7437,536,3577,2942,635,876,639,237,11470,3425,8045,2577,2138,439,1467,912,555,368,208,160,6526,1326,5200
155,District-Hardoi,Urban,5-19,74260,39513,34747,5779,4863,916,1974,1427,547,387,275,112,16476,6976,9500,3814,2974,840,1754,1196,558,486,259,227,43590,21543,22047
155,District-Hardoi,Urban,5,10355,5490,4865,14,10,4,7,4,3,1,1,0,104,51,53,77,41,36,85,48,37,17,7,10,10050,5328,4722
155,District-Hardoi,Urban,6,7812,4075,3737,8,8,0,9,6,3,1,0,1,135,72,63,67,37,30,54,30,24,26,9,17,7512,3913,3599
155,District-Hardoi,Urban,7,3754,1948,1806,17,10,7,8,3,5,1,0,1,234,121,113,31,21,10,39,23,16,19,9,10,3405,1761,1644
155,District-Hardoi,Urban,8,3060,1542,1518,22,19,3,6,1,5,3,2,1,282,151,131,38,24,14,41,24,17,10,7,3,2658,1314,1344
155,District-Hardoi,Urban,9,2336,1187,1149,15,12,3,10,4,6,8,5,3,306,160,146,34,17,17,35,23,12,14,9,5,1914,957,957
155,District-Hardoi,Urban,10,3783,1987,1796,39,32,7,25,17,8,5,5,0,484,269,215,52,30,22,56,32,24,32,17,15,3090,1585,1505
155,District-Hardoi,Urban,11,2590,1377,1213,85,64,21,36,21,15,7,4,3,526,253,273,83,62,21,52,32,20,17,10,7,1784,931,853
155,District-Hardoi,Urban,12,3124,1698,1426,147,123,24,51,37,14,8,8,0,752,385,367,123,91,32,76,53,23,32,15,17,1935,986,949
155,District-Hardoi,Urban,13,2818,1468,1350,145,105,40,59,35,24,19,9,10,856,414,442,133,82,51,81,45,36,18,11,7,1507,767,740
155,District-Hardoi,Urban,14,3890,2011,1879,252,194,58,109,73,36,30,18,12,1278,596,682,231,165,66,120,80,40,38,17,21,1832,868,964
155,District-Hardoi,Urban,15,4994,2608,2386,523,426,97,188,127,61,34,25,9,1758,788,970,363,282,81,189,130,59,50,32,18,1889,798,1091
155,District-Hardoi,Urban,16,5592,2973,2619,721,591,130,270,182,88,49,34,15,2071,861,1210,501,393,108,198,141,57,45,25,20,1737,746,991
155,District-Hardoi,Urban,17,5191,2811,2380,820,674,146,311,230,81,68,47,21,2048,822,1226,452,361,91,188,140,48,44,24,20,1260,513,747
155,District-Hardoi,Urban,18,8977,5049,3928,1787,1557,230,500,374,126,92,64,28,3280,1223,2057,1004,838,166,363,265,98,82,45,37,1869,683,1186
155,District-Hardoi,Urban,19,5984,3289,2695,1184,1038,146,385,313,72,61,53,8,2362,810,1552,625,530,95,177,130,47,42,22,20,1148,393,755
156,District-Unnao,Total,5-19,402973,213011,189962,37236,32476,4760,24455,17374,7081,7096,4272,2824,94092,36565,57527,17407,13353,4054,12061,7086,4975,3384,1791,1593,207242,100094,107148
156,District-Unnao,Total,5,63080,33283,29797,126,118,8,62,42,20,10,7,3,647,288,359,709,430,279,474,252,222,82,38,44,60970,32108,28862
156,District-Unnao,Total,6,42438,21850,20588,87,76,11,41,26,15,9,6,3,681,354,327,504,295,209,387,205,182,64,26,38,40665,20862,19803
156,District-Unnao,Total,7,18926,9628,9298,159,117,42,85,51,34,19,16,3,1422,703,719,334,201,133,205,100,105,53,30,23,16649,8410,8239
156,District-Unnao,Total,8,13591,6784,6807,132,94,38,70,39,31,15,6,9,1496,755,741,260,145,115,190,90,100,64,36,28,11364,5619,5745
156,District-Unnao,Total,9,9933,5022,4911,141,108,33,96,65,31,27,13,14,1568,780,788,263,155,108,187,107,80,49,31,18,7602,3763,3839
156,District-Unnao,Total,10,15617,8138,7479,245,171,74,124,80,44,45,23,22,2573,1315,1258,413,271,142,297,163,134,112,68,44,11808,6047,5761
156,District-Unnao,Total,11,11561,5928,5633,479,383,96,301,192,109,87,51,36,2900,1397,1503,425,278,147,330,183,147,111,54,57,6928,3390,3538
156,District-Unnao,Total,12,14346,7387,6959,727,598,129,542,351,191,194,109,85,4447,2129,2318,590,419,171,434,229,205,196,116,80,7216,3436,3780
156,District-Unnao,Total,13,13382,6549,6833,772,613,159,633,381,252,277,169,108,4915,2146,2769,594,414,180,491,258,233,141,72,69,5559,2496,3063
156,District-Unnao,Total,14,20026,10147,9879,1648,1358,290,1420,934,486,522,293,229,7879,3330,4549,979,742,237,780,439,341,249,140,109,6549,2911,3638
156,District-Unnao,Total,15,29423,15572,13851,3415,2890,525,2586,1761,825,894,527,367,11437,4831,6606,1797,1383,414,1349,812,537,429,222,207,7516,3146,4370
156,District-Unnao,Total,16,33265,17091,16174,4590,3927,663,3427,2370,1057,1159,643,516,13195,4882,8313,1992,1577,415,1503,918,585,441,231,210,6958,2543,4415
156,District-Unnao,Total,17,30370,16335,14035,5298,4630,668,3784,2668,1116,1027,605,422,11515,4072,7443,1919,1556,363,1352,821,531,384,207,177,5091,1776,3315
156,District-Unnao,Total,18,53475,30420,23055,11775,10577,1198,6830,5105,1725,1825,1188,637,18181,5998,12183,4038,3395,643,2529,1551,978,631,329,302,7666,2277,5389
156,District-Unnao,Total,19,33540,18877,14663,7642,6816,826,4454,3309,1145,986,616,370,11236,3585,7651,2590,2092,498,1553,958,595,378,191,187,4701,1310,3391
156,District-Unnao,Rural,5-19,342535,180446,162089,32889,28672,4217,22500,15851,6649,6601,3910,2691,78978,30037,48941,14600,11116,3484,10504,6017,4487,2991,1516,1475,173472,83327,90145
156,District-Unnao,Rural,5,54781,28918,25863,100,93,7,53,34,19,8,5,3,525,231,294,605,360,245,420,218,202,79,37,42,52991,27940,25051
156,District-Unnao,Rural,6,36472,18775,17697,68,60,8,35,22,13,8,5,3,559,297,262,444,263,181,334,182,152,59,24,35,34965,17922,17043
156,District-Unnao,Rural,7,15987,8110,7877,129,96,33,74,44,30,17,14,3,1138,572,566,289,177,112,185,88,97,50,28,22,14105,7091,7014
156,District-Unnao,Rural,8,11165,5562,5603,114,81,33,64,34,30,13,6,7,1236,611,625,217,122,95,169,78,91,57,31,26,9295,4599,4696
156,District-Unnao,Rural,9,8158,4095,4063,117,89,28,88,61,27,27,13,14,1286,625,661,227,135,92,167,94,73,44,29,15,6202,3049,3153
156,District-Unnao,Rural,10,12689,6546,6143,201,137,64,111,74,37,39,20,19,2133,1069,1064,336,225,111,251,134,117,102,60,42,9516,4827,4689
156,District-Unnao,Rural,11,9573,4838,4735,416,331,85,275,173,102,84,50,34,2456,1178,1278,367,237,130,293,155,138,100,44,56,5582,2670,2912
156,District-Unnao,Rural,12,11737,5989,5748,632,530,102,499,326,173,180,99,81,3707,1750,1957,493,353,140,373,188,185,176,101,75,5677,2642,3035
156,District-Unnao,Rural,13,11200,5399,5801,683,537,146,591,355,236,262,159,103,4210,1798,2412,495,346,149,427,223,204,120,56,64,4412,1925,2487
156,District-Unnao,Rural,14,17004,8533,8471,1445,1183,262,1322,863,459,498,278,220,6795,2836,3959,819,621,198,682,372,310,222,117,105,5221,2263,2958
156,District-Unnao,Rural,15,25358,13318,12040,3023,2555,468,2409,1620,789,848,493,355,9872,4108,5764,1546,1180,366,1195,712,483,371,188,183,6094,2462,3632
156,District-Unnao,Rural,16,28646,14575,14071,4109,3515,594,3188,2185,1003,1083,583,500,11394,4094,7300,1622,1267,355,1312,781,531,396,199,197,5542,1951,3591
156,District-Unnao,Rural,17,26016,13979,12037,4739,4135,604,3497,2451,1046,966,563,403,9610,3318,6292,1634,1318,316,1182,697,485,338,173,165,4050,1324,2726
156,District-Unnao,Rural,18,45590,25937,19653,10479,9405,1074,6249,4637,1612,1659,1056,603,15049,4757,10292,3352,2807,545,2172,1294,878,556,279,277,6074,1702,4372
156,District-Unnao,Rural,19,28159,15872,12287,6634,5925,709,4045,2972,1073,909,566,343,9008,2793,6215,2154,1705,449,1342,801,541,321,150,171,3746,960,2786
156,District-Unnao,Urban,5-19,60438,32565,27873,4347,3804,543,1955,1523,432,495,362,133,15114,6528,8586,2807,2237,570,1557,1069,488,393,275,118,33770,16767,17003
156,District-Unnao,Urban,5,8299,4365,3934,26,25,1,9,8,1,2,2,0,122,57,65,104,70,34,54,34,20,3,1,2,7979,4168,3811
156,District-Unnao,Urban,6,5966,3075,2891,19,16,3,6,4,2,1,1,0,122,57,65,60,32,28,53,23,30,5,2,3,5700,2940,2760
156,District-Unnao,Urban,7,2939,1518,1421,30,21,9,11,7,4,2,2,0,284,131,153,45,24,21,20,12,8,3,2,1,2544,1319,1225
156,District-Unnao,Urban,8,2426,1222,1204,18,13,5,6,5,1,2,0,2,260,144,116,43,23,20,21,12,9,7,5,2,2069,1020,1049
156,District-Unnao,Urban,9,1775,927,848,24,19,5,8,4,4,0,0,0,282,155,127,36,20,16,20,13,7,5,2,3,1400,714,686
156,District-Unnao,Urban,10,2928,1592,1336,44,34,10,13,6,7,6,3,3,440,246,194,77,46,31,46,29,17,10,8,2,2292,1220,1072
156,District-Unnao,Urban,11,1988,1090,898,63,52,11,26,19,7,3,1,2,444,219,225,58,41,17,37,28,9,11,10,1,1346,720,626
156,District-Unnao,Urban,12,2609,1398,1211,95,68,27,43,25,18,14,10,4,740,379,361,97,66,31,61,41,20,20,15,5,1539,794,745
156,District-Unnao,Urban,13,2182,1150,1032,89,76,13,42,26,16,15,10,5,705,348,357,99,68,31,64,35,29,21,16,5,1147,571,576
156,District-Unnao,Urban,14,3022,1614,1408,203,175,28,98,71,27,24,15,9,1084,494,590,160,121,39,98,67,31,27,23,4,1328,648,680
156,District-Unnao,Urban,15,4065,2254,1811,392,335,57,177,141,36,46,34,12,1565,723,842,251,203,48,154,100,54,58,34,24,1422,684,738
156,District-Unnao,Urban,16,4619,2516,2103,481,412,69,239,185,54,76,60,16,1801,788,1013,370,310,60,191,137,54,45,32,13,1416,592,824
156,District-Unnao,Urban,17,4354,2356,1998,559,495,64,287,217,70,61,42,19,1905,754,1151,285,238,47,170,124,46,46,34,12,1041,452,589
156,District-Unnao,Urban,18,7885,4483,3402,1296,1172,124,581,468,113,166,132,34,3132,1241,1891,686,588,98,357,257,100,75,50,25,1592,575,1017
156,District-Unnao,Urban,19,5381,3005,2376,1008,891,117,409,337,72,77,50,27,2228,792,1436,436,387,49,211,157,54,57,41,16,955,350,605
157,District-Lucknow,Total,5-19,416913,223554,193359,35186,29931,5255,17966,13080,4886,5077,3665,1412,105830,42999,62831,19355,14968,4387,11358,7417,3941,2401,1670,731,219740,109824,109916
157,District-Lucknow,Total,5,62040,32898,29142,117,95,22,55,28,27,5,5,0,939,461,478,775,465,310,853,448,405,55,28,27,59241,31368,27873
157,District-Lucknow,Total,6,45333,23506,21827,57,42,15,50,27,23,2,2,0,1068,565,503,548,299,249,725,379,346,54,29,25,42829,22163,20666
157,District-Lucknow,Total,7,20267,10508,9759,136,93,43,82,48,34,7,5,2,1628,818,810,338,179,159,324,165,159,41,21,20,17711,9179,8532
157,District-Lucknow,Total,8,14282,7438,6844,146,88,58,95,60,35,12,8,4,1692,828,864,276,157,119,244,134,110,37,25,12,11780,6138,5642
157,District-Lucknow,Total,9,11831,6219,5612,154,101,53,104,59,45,24,10,14,1911,966,945,331,203,128,212,118,94,47,25,22,9048,4737,4311
157,District-Lucknow,Total,10,18733,9913,8820,270,171,99,164,93,71,39,27,12,3006,1510,1496,495,321,174,418,233,185,66,34,32,14275,7524,6751
157,District-Lucknow,Total,11,13197,6974,6223,464,364,100,241,161,80,63,41,22,3196,1574,1622,501,328,173,343,183,160,75,51,24,8314,4272,4042
157,District-Lucknow,Total,12,15096,8139,6957,789,632,157,402,255,147,132,80,52,4718,2243,2475,741,533,208,449,285,164,108,68,40,7757,4043,3714
157,District-Lucknow,Total,13,13708,7218,6490,870,689,181,482,316,166,163,100,63,5065,2309,2756,698,535,163,408,250,158,100,64,36,5922,2955,2967
157,District-Lucknow,Total,14,19162,10034,9128,1516,1226,290,902,603,299,309,191,118,7908,3507,4401,1091,829,262,581,374,207,165,115,50,6690,3189,3501
157,District-Lucknow,Total,15,27629,15082,12547,2924,2395,529,1715,1207,508,561,390,171,11024,4855,6169,1911,1490,421,1097,744,353,283,200,83,8114,3801,4313
157,District-Lucknow,Total,16,30824,16574,14250,3915,3244,671,2300,1583,717,663,459,204,13126,5374,7752,2228,1801,427,1171,812,359,297,213,84,7124,3088,4036
157,District-Lucknow,Total,17,30775,16700,14075,4688,3951,737,2522,1891,631,747,550,197,13202,5105,8097,2335,1894,441,1058,747,311,277,200,77,5946,2362,3584
157,District-Lucknow,Total,18,54529,30718,23811,10517,9251,1266,5243,3991,1252,1472,1113,359,21571,7751,13820,4200,3529,671,2134,1595,539,503,381,122,8889,3107,5782
157,District-Lucknow,Total,19,39507,21633,17874,8623,7589,1034,3609,2758,851,878,684,194,15776,5133,10643,2887,2405,482,1341,950,391,293,216,77,6100,1898,4202
157,District-Lucknow,Rural,5-19,183909,96859,87050,15279,12935,2344,11077,8323,2754,3987,2792,1195,50537,20039,30498,5858,4314,1544,4534,2858,1676,1387,891,496,91250,44707,46543
157,District-Lucknow,Rural,5,30490,16040,14450,29,26,3,18,13,5,5,5,0,271,135,136,291,176,115,255,129,126,31,14,17,29590,15542,14048
157,District-Lucknow,Rural,6,21051,10806,10245,18,13,5,14,11,3,1,1,0,363,196,167,163,93,70,208,105,103,41,20,21,20243,10367,9876
157,District-Lucknow,Rural,7,7975,4115,3860,34,27,7,20,9,11,3,2,1,528,277,251,109,53,56,91,41,50,21,7,14,7169,3699,3470
157,District-Lucknow,Rural,8,5348,2750,2598,44,26,18,41,25,16,11,7,4,624,305,319,104,55,49,78,36,42,21,14,7,4425,2282,2143
157,District-Lucknow,Rural,9,3851,1990,1861,40,25,15,38,25,13,18,6,12,653,328,325,114,65,49,58,33,25,27,13,14,2903,1495,1408
157,District-Lucknow,Rural,10,6653,3423,3230,85,58,27,73,40,33,32,20,12,1244,606,638,147,96,51,129,71,58,42,19,23,4901,2513,2388
157,District-Lucknow,Rural,11,4426,2305,2121,149,120,29,111,76,35,52,31,21,1324,647,677,146,97,49,97,46,51,44,29,15,2503,1259,1244
157,District-Lucknow,Rural,12,5753,2952,2801,293,229,64,224,150,74,106,61,45,2193,1007,1186,220,145,75,169,103,66,61,39,22,2487,1218,1269
157,District-Lucknow,Rural,13,5341,2710,2631,319,254,65,275,186,89,120,67,53,2477,1119,1358,176,125,51,150,82,68,62,38,24,1762,839,923
157,District-Lucknow,Rural,14,8462,4243,4219,655,521,134,564,381,183,253,153,100,4116,1787,2329,281,194,87,243,147,96,96,62,34,2254,998,1256
157,District-Lucknow,Rural,15,13178,7074,6104,1395,1140,255,1099,780,319,472,320,152,5993,2637,3356,623,477,146,487,319,168,172,109,63,2937,1292,1645
157,District-Lucknow,Rural,16,14797,7775,7022,1907,1582,325,1506,1064,442,540,365,175,7019,2850,4169,649,501,148,524,329,195,171,120,51,2481,964,1517
157,District-Lucknow,Rural,17,13951,7415,6536,2073,1740,333,1553,1216,337,578,418,160,6502,2441,4061,637,499,138,433,289,144,154,104,50,2021,708,1313
157,District-Lucknow,Rural,18,26379,14561,11818,5030,4392,638,3452,2693,759,1152,849,303,10653,3616,7037,1374,1093,281,1045,751,294,289,195,94,3384,972,2412
157,District-Lucknow,Rural,19,16254,8700,7554,3208,2782,426,2089,1654,435,644,487,157,6577,2088,4489,824,645,179,567,377,190,155,108,47,2190,559,1631
157,District-Lucknow,Urban,5-19,233004,126695,106309,19907,16996,2911,6889,4757,2132,1090,873,217,55293,22960,32333,13497,10654,2843,6824,4559,2265,1014,779,235,128490,65117,63373
157,District-Lucknow,Urban,5,31550,16858,14692,88,69,19,37,15,22,0,0,0,668,326,342,484,289,195,598,319,279,24,14,10,29651,15826,13825
157,District-Lucknow,Urban,6,24282,12700,11582,39,29,10,36,16,20,1,1,0,705,369,336,385,206,179,517,274,243,13,9,4,22586,11796,10790
157,District-Lucknow,Urban,7,12292,6393,5899,102,66,36,62,39,23,4,3,1,1100,541,559,229,126,103,233,124,109,20,14,6,10542,5480,5062
157,District-Lucknow,Urban,8,8934,4688,4246,102,62,40,54,35,19,1,1,0,1068,523,545,172,102,70,166,98,68,16,11,5,7355,3856,3499
157,District-Lucknow,Urban,9,7980,4229,3751,114,76,38,66,34,32,6,4,2,1258,638,620,217,138,79,154,85,69,20,12,8,6145,3242,2903
157,District-Lucknow,Urban,10,12080,6490,5590,185,113,72,91,53,38,7,7,0,1762,904,858,348,225,123,289,162,127,24,15,9,9374,5011,4363
157,District-Lucknow,Urban,11,8771,4669,4102,315,244,71,130,85,45,11,10,1,1872,927,945,355,231,124,246,137,109,31,22,9,5811,3013,2798
157,District-Lucknow,Urban,12,9343,5187,4156,496,403,93,178,105,73,26,19,7,2525,1236,1289,521,388,133,280,182,98,47,29,18,5270,2825,2445
157,District-Lucknow,Urban,13,8367,4508,3859,551,435,116,207,130,77,43,33,10,2588,1190,1398,522,410,112,258,168,90,38,26,12,4160,2116,2044
157,District-Lucknow,Urban,14,10700,5791,4909,861,705,156,338,222,116,56,38,18,3792,1720,2072,810,635,175,338,227,111,69,53,16,4436,2191,2245
157,District-Lucknow,Urban,15,14451,8008,6443,1529,1255,274,616,427,189,89,70,19,5031,2218,2813,1288,1013,275,610,425,185,111,91,20,5177,2509,2668
157,District-Lucknow,Urban,16,16027,8799,7228,2008,1662,346,794,519,275,123,94,29,6107,2524,3583,1579,1300,279,647,483,164,126,93,33,4643,2124,2519
157,District-Lucknow,Urban,17,16824,9285,7539,2615,2211,404,969,675,294,169,132,37,6700,2664,4036,1698,1395,303,625,458,167,123,96,27,3925,1654,2271
157,District-Lucknow,Urban,18,28150,16157,11993,5487,4859,628,1791,1298,493,320,264,56,10918,4135,6783,2826,2436,390,1089,844,245,214,186,28,5505,2135,3370
157,District-Lucknow,Urban,19,23253,12933,10320,5415,4807,608,1520,1104,416,234,197,37,9199,3045,6154,2063,1760,303,774,573,201,138,108,30,3910,1339,2571
158,District-Rae Bareli,Total,5-19,406316,206534,199782,24234,19910,4324,28421,20738,7683,10176,6861,3315,100667,39871,60796,10554,6810,3744,13416,7126,6290,4317,2138,2179,214531,103080,111451
158,District-Rae Bareli,Total,5,69024,36440,32584,34,29,5,21,17,4,8,4,4,487,260,227,738,432,306,710,390,320,122,68,54,66904,35240,31664
158,District-Rae Bareli,Total,6,47668,24690,22978,32,27,5,31,18,13,4,3,1,747,384,363,513,295,218,553,281,272,95,39,56,45693,23643,22050
158,District-Rae Bareli,Total,7,20316,10281,10035,61,32,29,56,26,30,18,9,9,1105,542,563,294,156,138,272,143,129,62,27,35,18448,9346,9102
158,District-Rae Bareli,Total,8,14105,7071,7034,99,58,41,84,48,36,16,11,5,1486,740,746,228,132,96,256,124,132,72,39,33,11864,5919,5945
158,District-Rae Bareli,Total,9,9285,4685,4600,116,73,43,69,35,34,21,14,7,1299,673,626,172,94,78,220,98,122,55,25,30,7333,3673,3660
158,District-Rae Bareli,Total,10,14354,7427,6927,177,125,52,144,87,57,46,28,18,2525,1302,1223,312,187,125,330,187,143,98,47,51,10722,5464,5258
158,District-Rae Bareli,Total,11,9331,4759,4572,316,246,70,273,187,86,109,77,32,2414,1150,1264,261,155,106,315,169,146,115,56,59,5528,2719,2809
158,District-Rae Bareli,Total,12,13494,6721,6773,575,434,141,565,378,187,217,129,88,4545,2198,2347,420,265,155,539,281,258,175,93,82,6458,2943,3515
158,District-Rae Bareli,Total,13,11928,5847,6081,539,420,119,664,435,229,249,142,107,4788,2248,2540,354,209,145,479,224,255,183,93,90,4672,2076,2596
158,District-Rae Bareli,Total,14,17971,8765,9206,1068,828,240,1344,912,432,565,341,224,7870,3527,4343,512,316,196,764,385,379,267,131,136,5581,2325,3256
158,District-Rae Bareli,Total,15,27077,13615,13462,2129,1691,438,2664,1873,791,1094,713,381,11499,4900,6599,1065,727,338,1344,740,604,481,255,226,6801,2716,4085
158,District-Rae Bareli,Total,16,32666,15837,16829,2966,2390,576,3896,2807,1089,1529,964,565,14515,5639,8876,1095,729,366,1469,781,688,559,285,274,6637,2242,4395
158,District-Rae Bareli,Total,17,29710,14721,14989,3432,2804,628,4091,2966,1125,1555,1054,501,12858,4706,8152,1000,684,316,1412,775,637,476,229,247,4886,1503,3383
158,District-Rae Bareli,Total,18,55892,28649,27243,7649,6494,1155,8896,6748,2148,2987,2123,864,21787,7444,14343,2231,1550,681,2988,1627,1361,1026,510,516,8328,2153,6175
158,District-Rae Bareli,Total,19,33495,17026,16469,5041,4259,782,5623,4201,1422,1758,1249,509,12742,4158,8584,1359,879,480,1765,921,844,531,241,290,4676,1118,3558
158,District-Rae Bareli,Rural,5-19,377084,190980,186104,22332,18316,4016,27404,20000,7404,9920,6666,3254,93283,36700,56583,9408,5940,3468,12547,6553,5994,4172,2034,2138,198018,94771,103247
158,District-Rae Bareli,Rural,5,64807,34170,30637,30,26,4,19,16,3,8,4,4,434,226,208,689,403,286,648,356,292,120,66,54,62859,33073,29786
158,District-Rae Bareli,Rural,6,44301,22938,21363,26,22,4,28,16,12,4,3,1,693,358,335,471,269,202,511,257,254,94,38,56,42474,21975,20499
158,District-Rae Bareli,Rural,7,18839,9481,9358,56,28,28,54,25,29,18,9,9,998,493,505,261,140,121,250,130,120,60,25,35,17142,8631,8511
158,District-Rae Bareli,Rural,8,12923,6447,6476,94,53,41,80,46,34,14,10,4,1336,658,678,206,116,90,241,119,122,69,37,32,10883,5408,5475
158,District-Rae Bareli,Rural,9,8460,4254,4206,103,66,37,63,31,32,21,14,7,1172,609,563,149,81,68,206,90,116,54,25,29,6692,3338,3354
158,District-Rae Bareli,Rural,10,13147,6758,6389,162,114,48,136,82,54,43,26,17,2306,1178,1128,281,166,115,307,173,134,98,47,51,9814,4972,4842
158,District-Rae Bareli,Rural,11,8525,4334,4191,288,226,62,260,176,84,104,72,32,2232,1067,1165,237,146,91,290,152,138,110,53,57,5004,2442,2562
158,District-Rae Bareli,Rural,12,12363,6112,6251,524,391,133,543,365,178,212,125,87,4223,2027,2196,376,229,147,496,251,245,169,88,81,5820,2636,3184
158,District-Rae Bareli,Rural,13,10957,5341,5616,490,379,111,640,417,223,241,137,104,4458,2087,2371,316,182,134,452,212,240,176,86,90,4184,1841,2343
158,District-Rae Bareli,Rural,14,16652,8099,8553,988,766,222,1309,887,422,551,331,220,7379,3312,4067,472,284,188,712,350,362,257,125,132,4984,2044,2940
158,District-Rae Bareli,Rural,15,25297,12650,12647,1972,1565,407,2576,1815,761,1075,697,378,10833,4604,6229,958,641,317,1264,681,583,470,245,225,6149,2402,3747
158,District-Rae Bareli,Rural,16,30464,14679,15785,2757,2218,539,3757,2705,1052,1495,939,556,13587,5242,8345,985,647,338,1384,724,660,534,269,265,5965,1935,4030
158,District-Rae Bareli,Rural,17,27637,13607,14030,3169,2582,587,3971,2874,1097,1524,1034,490,11938,4310,7628,878,587,291,1316,704,612,460,217,243,4381,1299,3082
158,District-Rae Bareli,Rural,18,51874,26446,25428,7028,5958,1070,8588,6521,2067,2904,2054,850,20126,6790,13336,1929,1302,627,2817,1507,1310,995,485,510,7487,1829,5658
158,District-Rae Bareli,Rural,19,30838,15664,15174,4645,3922,723,5380,4024,1356,1706,1211,495,11568,3739,7829,1200,747,453,1653,847,806,506,228,278,4180,946,3234
158,District-Rae Bareli,Urban,5-19,29232,15554,13678,1902,1594,308,1017,738,279,256,195,61,7384,3171,4213,1146,870,276,869,573,296,145,104,41,16513,8309,8204
158,District-Rae Bareli,Urban,5,4217,2270,1947,4,3,1,2,1,1,0,0,0,53,34,19,49,29,20,62,34,28,2,2,0,4045,2167,1878
158,District-Rae Bareli,Urban,6,3367,1752,1615,6,5,1,3,2,1,0,0,0,54,26,28,42,26,16,42,24,18,1,1,0,3219,1668,1551
158,District-Rae Bareli,Urban,7,1477,800,677,5,4,1,2,1,1,0,0,0,107,49,58,33,16,17,22,13,9,2,2,0,1306,715,591
158,District-Rae Bareli,Urban,8,1182,624,558,5,5,0,4,2,2,2,1,1,150,82,68,22,16,6,15,5,10,3,2,1,981,511,470
158,District-Rae Bareli,Urban,9,825,431,394,13,7,6,6,4,2,0,0,0,127,64,63,23,13,10,14,8,6,1,0,1,641,335,306
158,District-Rae Bareli,Urban,10,1207,669,538,15,11,4,8,5,3,3,2,1,219,124,95,31,21,10,23,14,9,0,0,0,908,492,416
158,District-Rae Bareli,Urban,11,806,425,381,28,20,8,13,11,2,5,5,0,182,83,99,24,9,15,25,17,8,5,3,2,524,277,247
158,District-Rae Bareli,Urban,12,1131,609,522,51,43,8,22,13,9,5,4,1,322,171,151,44,36,8,43,30,13,6,5,1,638,307,331
158,District-Rae Bareli,Urban,13,971,506,465,49,41,8,24,18,6,8,5,3,330,161,169,38,27,11,27,12,15,7,7,0,488,235,253
158,District-Rae Bareli,Urban,14,1319,666,653,80,62,18,35,25,10,14,10,4,491,215,276,40,32,8,52,35,17,10,6,4,597,281,316
158,District-Rae Bareli,Urban,15,1780,965,815,157,126,31,88,58,30,19,16,3,666,296,370,107,86,21,80,59,21,11,10,1,652,314,338
158,District-Rae Bareli,Urban,16,2202,1158,1044,209,172,37,139,102,37,34,25,9,928,397,531,110,82,28,85,57,28,25,16,9,672,307,365
158,District-Rae Bareli,Urban,17,2073,1114,959,263,222,41,120,92,28,31,20,11,920,396,524,122,97,25,96,71,25,16,12,4,505,204,301
158,District-Rae Bareli,Urban,18,4018,2203,1815,621,536,85,308,227,81,83,69,14,1661,654,1007,302,248,54,171,120,51,31,25,6,841,324,517
158,District-Rae Bareli,Urban,19,2657,1362,1295,396,337,59,243,177,66,52,38,14,1174,419,755,159,132,27,112,74,38,25,13,12,496,172,324
159,District-Farrukhabad,Total,5-19,244725,127902,116823,24321,21323,2998,7895,5215,2680,1724,936,788,47808,16637,31171,12789,9738,3051,5172,3095,2077,1114,564,550,143902,70394,73508
159,District-Farrukhabad,Total,5,43465,23393,20072,25,19,6,6,3,3,1,0,1,361,191,170,300,167,133,193,99,94,28,14,14,42551,22900,19651
159,District-Farrukhabad,Total,6,32040,16979,15061,21,19,2,9,3,6,1,1,0,393,196,197,217,119,98,173,90,83,27,16,11,31199,16535,14664
159,District-Farrukhabad,Total,7,12563,6516,6047,44,27,17,23,12,11,5,1,4,734,378,356,115,65,50,80,42,38,17,9,8,11545,5982,5563
159,District-Farrukhabad,Total,8,9902,5122,4780,52,39,13,14,7,7,5,2,3,933,489,444,121,72,49,100,54,46,34,10,24,8643,4449,4194
159,District-Farrukhabad,Total,9,5916,3026,2890,51,39,12,18,10,8,5,3,2,770,386,384,107,74,33,74,42,32,17,13,4,4874,2459,2415
159,District-Farrukhabad,Total,10,8937,4598,4339,107,79,28,36,13,23,14,7,7,1358,697,661,228,152,76,122,58,64,60,37,23,7012,3555,3457
159,District-Farrukhabad,Total,11,5976,3018,2958,177,147,30,78,42,36,19,6,13,1317,614,703,230,165,65,109,64,45,29,15,14,4017,1965,2052
159,District-Farrukhabad,Total,12,8630,4431,4199,461,369,92,164,102,62,54,30,24,2271,1060,1211,441,314,127,230,133,97,64,32,32,4945,2391,2554
159,District-Farrukhabad,Total,13,7364,3583,3781,466,367,99,193,97,96,56,27,29,2297,965,1332,441,302,139,215,114,101,57,33,24,3639,1678,1961
159,District-Farrukhabad,Total,14,11034,5391,5643,1056,824,232,465,286,179,128,71,57,3767,1445,2322,848,597,251,380,217,163,94,47,47,4296,1904,2392
159,District-Farrukhabad,Total,15,15293,7891,7402,2074,1739,335,841,558,283,190,100,90,5332,2029,3303,1437,1109,328,576,364,212,117,63,54,4726,1929,2797
159,District-Farrukhabad,Total,16,17670,9048,8622,3158,2708,450,1199,774,425,271,149,122,6167,2070,4097,1681,1297,384,654,406,248,136,67,69,4404,1577,2827
159,District-Farrukhabad,Total,17,15516,8037,7479,3246,2836,410,1173,764,409,221,119,102,5489,1693,3796,1541,1212,329,562,337,225,110,66,44,3174,1010,2164
159,District-Farrukhabad,Total,18,31805,17222,14583,8322,7490,832,2350,1651,699,493,269,224,10402,2904,7498,3276,2665,611,1105,712,393,222,102,120,5635,1429,4206
159,District-Farrukhabad,Total,19,18614,9647,8967,5061,4621,440,1326,893,433,261,151,110,6217,1520,4697,1806,1428,378,599,363,236,102,40,62,3242,631,2611
159,District-Farrukhabad,Rural,5-19,190898,98598,92300,19589,17284,2305,6606,4337,2269,1510,778,732,37224,12137,25087,9462,7207,2255,3801,2226,1575,872,430,442,111834,54199,57635
159,District-Farrukhabad,Rural,5,36165,19383,16782,19,16,3,2,1,1,1,0,1,243,127,116,242,135,107,145,73,72,27,13,14,35486,19018,16468
159,District-Farrukhabad,Rural,6,26319,13928,12391,17,15,2,7,3,4,1,1,0,299,148,151,160,87,73,120,64,56,26,15,11,25689,13595,12094
159,District-Farrukhabad,Rural,7,9832,5078,4754,36,20,16,13,6,7,5,1,4,548,288,260,96,57,39,55,26,29,15,8,7,9064,4672,4392
159,District-Farrukhabad,Rural,8,7479,3845,3634,38,29,9,11,4,7,5,2,3,706,366,340,99,59,40,73,39,34,28,8,20,6519,3338,3181
159,District-Farrukhabad,Rural,9,4333,2182,2151,43,32,11,15,8,7,4,2,2,577,283,294,79,54,25,59,33,26,16,12,4,3540,1758,1782
159,District-Farrukhabad,Rural,10,6446,3290,3156,77,58,19,31,10,21,13,7,6,1023,531,492,159,107,52,87,40,47,53,31,22,5003,2506,2497
159,District-Farrukhabad,Rural,11,4261,2116,2145,138,115,23,61,32,29,17,5,12,1013,464,549,166,118,48,75,39,36,22,14,8,2769,1329,1440
159,District-Farrukhabad,Rural,12,6213,3136,3077,367,299,68,135,86,49,46,24,22,1751,800,951,324,230,94,173,96,77,47,24,23,3370,1577,1793
159,District-Farrukhabad,Rural,13,5418,2569,2849,382,305,77,161,79,82,54,25,29,1824,755,1069,323,215,108,159,82,77,43,25,18,2472,1083,1389
159,District-Farrukhabad,Rural,14,8325,3978,4347,878,686,192,408,253,155,118,64,54,2971,1093,1878,631,441,190,277,157,120,68,30,38,2974,1254,1720
159,District-Farrukhabad,Rural,15,11770,6008,5762,1714,1459,255,708,468,240,173,90,83,4257,1551,2706,1066,820,246,448,289,159,95,53,42,3309,1278,2031
159,District-Farrukhabad,Rural,16,13696,6924,6772,2663,2319,344,1027,658,369,225,116,109,4941,1529,3412,1242,973,269,480,290,190,97,47,50,3021,992,2029
159,District-Farrukhabad,Rural,17,11891,6035,5856,2664,2359,305,985,633,352,203,104,99,4246,1158,3088,1128,885,243,401,237,164,82,49,33,2182,610,1572
159,District-Farrukhabad,Rural,18,24707,13167,11540,6789,6148,641,1951,1373,578,424,215,209,8091,2031,6060,2446,2004,442,805,506,299,169,69,100,4032,821,3211
159,District-Farrukhabad,Rural,19,14043,6959,7084,3764,3424,340,1091,723,368,221,122,99,4734,1013,3721,1301,1022,279,444,255,189,84,32,52,2404,368,2036
159,District-Farrukhabad,Urban,5-19,53827,29304,24523,4732,4039,693,1289,878,411,214,158,56,10584,4500,6084,3327,2531,796,1371,869,502,242,134,108,32068,16195,15873
159,District-Farrukhabad,Urban,5,7300,4010,3290,6,3,3,4,2,2,0,0,0,118,64,54,58,32,26,48,26,22,1,1,0,7065,3882,3183
159,District-Farrukhabad,Urban,6,5721,3051,2670,4,4,0,2,0,2,0,0,0,94,48,46,57,32,25,53,26,27,1,1,0,5510,2940,2570
159,District-Farrukhabad,Urban,7,2731,1438,1293,8,7,1,10,6,4,0,0,0,186,90,96,19,8,11,25,16,9,2,1,1,2481,1310,1171
159,District-Farrukhabad,Urban,8,2423,1277,1146,14,10,4,3,3,0,0,0,0,227,123,104,22,13,9,27,15,12,6,2,4,2124,1111,1013
159,District-Farrukhabad,Urban,9,1583,844,739,8,7,1,3,2,1,1,1,0,193,103,90,28,20,8,15,9,6,1,1,0,1334,701,633
159,District-Farrukhabad,Urban,10,2491,1308,1183,30,21,9,5,3,2,1,0,1,335,166,169,69,45,24,35,18,17,7,6,1,2009,1049,960
159,District-Farrukhabad,Urban,11,1715,902,813,39,32,7,17,10,7,2,1,1,304,150,154,64,47,17,34,25,9,7,1,6,1248,636,612
159,District-Farrukhabad,Urban,12,2417,1295,1122,94,70,24,29,16,13,8,6,2,520,260,260,117,84,33,57,37,20,17,8,9,1575,814,761
159,District-Farrukhabad,Urban,13,1946,1014,932,84,62,22,32,18,14,2,2,0,473,210,263,118,87,31,56,32,24,14,8,6,1167,595,572
159,District-Farrukhabad,Urban,14,2709,1413,1296,178,138,40,57,33,24,10,7,3,796,352,444,217,156,61,103,60,43,26,17,9,1322,650,672
159,District-Farrukhabad,Urban,15,3523,1883,1640,360,280,80,133,90,43,17,10,7,1075,478,597,371,289,82,128,75,53,22,10,12,1417,651,766
159,District-Farrukhabad,Urban,16,3974,2124,1850,495,389,106,172,116,56,46,33,13,1226,541,685,439,324,115,174,116,58,39,20,19,1383,585,798
159,District-Farrukhabad,Urban,17,3625,2002,1623,582,477,105,188,131,57,18,15,3,1243,535,708,413,327,86,161,100,61,28,17,11,992,400,592
159,District-Farrukhabad,Urban,18,7098,4055,3043,1533,1342,191,399,278,121,69,54,15,2311,873,1438,830,661,169,300,206,94,53,33,20,1603,608,995
159,District-Farrukhabad,Urban,19,4571,2688,1883,1297,1197,100,235,170,65,40,29,11,1483,507,976,505,406,99,155,108,47,18,8,10,838,263,575
160,District-Kannauj,Total,5-19,199292,104433,94859,22005,18648,3357,7238,5277,1961,1878,1178,700,39663,13448,26215,9941,6770,3171,3705,2055,1650,903,523,380,113959,56534,57425
160,District-Kannauj,Total,5,37238,19865,17373,12,12,0,6,4,2,0,0,0,200,105,95,151,87,64,88,45,43,35,20,15,36746,19592,17154
160,District-Kannauj,Total,6,26978,14179,12799,11,8,3,2,1,1,0,0,0,272,150,122,121,67,54,68,38,30,39,22,17,26465,13893,12572
160,District-Kannauj,Total,7,9754,5018,4736,21,17,4,6,5,1,2,1,1,356,201,155,73,32,41,20,12,8,11,8,3,9265,4742,4523
160,District-Kannauj,Total,8,6615,3374,3241,25,16,9,10,5,5,4,2,2,411,208,203,64,34,30,42,17,25,8,3,5,6051,3089,2962
160,District-Kannauj,Total,9,4425,2258,2167,20,11,9,9,3,6,6,1,5,401,207,194,66,40,26,28,14,14,7,3,4,3888,1979,1909
160,District-Kannauj,Total,10,6659,3430,3229,78,51,27,20,15,5,3,0,3,704,355,349,152,79,73,72,36,36,24,11,13,5606,2883,2723
160,District-Kannauj,Total,11,4303,2176,2127,187,144,43,44,31,13,20,8,12,814,378,436,148,99,49,77,42,35,21,11,10,2992,1463,1529
160,District-Kannauj,Total,12,5928,3005,2923,389,301,88,128,82,46,34,20,14,1548,683,865,329,197,132,120,58,62,26,14,12,3354,1650,1704
160,District-Kannauj,Total,13,5794,2800,2994,480,361,119,184,115,69,51,28,23,1860,749,1111,357,208,149,163,86,77,42,14,28,2657,1239,1418
160,District-Kannauj,Total,14,8381,4045,4336,935,700,235,325,196,129,102,59,43,3052,1217,1835,696,417,279,270,133,137,67,38,29,2934,1285,1649
160,District-Kannauj,Total,15,12383,6269,6114,1967,1557,410,712,487,225,228,130,98,4537,1672,2865,1105,713,392,438,233,205,106,68,38,3290,1409,1881
160,District-Kannauj,Total,16,14918,7617,7301,2861,2282,579,1065,743,322,315,199,116,5600,1945,3655,1380,925,455,535,299,236,122,68,54,3040,1156,1884
160,District-Kannauj,Total,17,13181,6882,6299,3022,2555,467,1039,753,286,273,173,100,4995,1572,3423,1207,850,357,417,244,173,109,64,45,2119,671,1448
160,District-Kannauj,Total,18,27433,15354,12079,7709,6829,880,2380,1842,538,549,353,196,9244,2588,6656,2758,2026,732,952,569,383,192,119,73,3649,1028,2621
160,District-Kannauj,Total,19,15302,8161,7141,4288,3804,484,1308,995,313,291,204,87,5669,1418,4251,1334,996,338,415,229,186,94,60,34,1903,455,1448
160,District-Kannauj,Rural,5-19,157828,82704,75124,18686,16229,2457,6190,4684,1506,1697,1073,624,32945,10552,22393,6952,4896,2056,2585,1523,1062,696,389,307,88077,43358,44719
160,District-Kannauj,Rural,5,31447,16786,14661,11,11,0,5,4,1,0,0,0,145,79,66,133,82,51,63,30,33,34,19,15,31056,16561,14495
160,District-Kannauj,Rural,6,22047,11565,10482,9,6,3,2,1,1,0,0,0,217,116,101,101,56,45,48,25,23,37,22,15,21633,11339,10294
160,District-Kannauj,Rural,7,7514,3860,3654,17,14,3,5,4,1,2,1,1,285,163,122,61,31,30,15,10,5,11,8,3,7118,3629,3489
160,District-Kannauj,Rural,8,4656,2322,2334,19,14,5,8,3,5,4,2,2,301,149,152,52,26,26,30,12,18,6,2,4,4236,2114,2122
160,District-Kannauj,Rural,9,3105,1589,1516,18,10,8,5,2,3,6,1,5,289,159,130,53,31,22,18,10,8,7,3,4,2709,1373,1336
160,District-Kannauj,Rural,10,4561,2326,2235,61,44,17,15,12,3,3,0,3,526,264,262,116,65,51,49,24,25,16,7,9,3775,1910,1865
160,District-Kannauj,Rural,11,2953,1482,1471,152,120,32,34,26,8,18,7,11,639,284,355,105,72,33,54,31,23,18,10,8,1933,932,1001
160,District-Kannauj,Rural,12,4088,2045,2043,307,251,56,98,62,36,30,19,11,1252,536,716,214,128,86,91,47,44,19,10,9,2077,992,1085
160,District-Kannauj,Rural,13,4214,1985,2229,390,300,90,143,95,48,45,25,20,1513,585,928,249,151,98,101,54,47,32,11,21,1741,764,977
160,District-Kannauj,Rural,14,6271,3025,3246,776,607,169,270,172,98,96,57,39,2534,972,1562,442,288,154,185,96,89,46,28,18,1922,805,1117
160,District-Kannauj,Rural,15,9781,4912,4869,1689,1365,324,621,443,178,207,120,87,3836,1339,2497,804,547,257,297,174,123,85,56,29,2242,868,1374
160,District-Kannauj,Rural,16,11887,6057,5830,2461,2022,439,893,640,253,291,186,105,4727,1572,3155,956,661,295,377,229,148,86,43,43,2096,704,1392
160,District-Kannauj,Rural,17,10576,5554,5022,2577,2234,343,881,667,214,244,156,88,4174,1235,2939,845,614,231,304,187,117,87,47,40,1464,414,1050
160,District-Kannauj,Rural,18,22331,12567,9764,6577,5949,628,2073,1667,406,492,319,173,7775,2009,5766,1927,1458,469,653,414,239,141,79,62,2693,672,2021
160,District-Kannauj,Rural,19,12397,6629,5768,3622,3282,340,1137,886,251,259,180,79,4732,1090,3642,894,686,208,300,180,120,71,44,27,1382,281,1101
160,District-Kannauj,Urban,5-19,41464,21729,19735,3319,2419,900,1048,593,455,181,105,76,6718,2896,3822,2989,1874,1115,1120,532,588,207,134,73,25882,13176,12706
160,District-Kannauj,Urban,5,5791,3079,2712,1,1,0,1,0,1,0,0,0,55,26,29,18,5,13,25,15,10,1,1,0,5690,3031,2659
160,District-Kannauj,Urban,6,4931,2614,2317,2,2,0,0,0,0,0,0,0,55,34,21,20,11,9,20,13,7,2,0,2,4832,2554,2278
160,District-Kannauj,Urban,7,2240,1158,1082,4,3,1,1,1,0,0,0,0,71,38,33,12,1,11,5,2,3,0,0,0,2147,1113,1034
160,District-Kannauj,Urban,8,1959,1052,907,6,2,4,2,2,0,0,0,0,110,59,51,12,8,4,12,5,7,2,1,1,1815,975,840
160,District-Kannauj,Urban,9,1320,669,651,2,1,1,4,1,3,0,0,0,112,48,64,13,9,4,10,4,6,0,0,0,1179,606,573
160,District-Kannauj,Urban,10,2098,1104,994,17,7,10,5,3,2,0,0,0,178,91,87,36,14,22,23,12,11,8,4,4,1831,973,858
160,District-Kannauj,Urban,11,1350,694,656,35,24,11,10,5,5,2,1,1,175,94,81,43,27,16,23,11,12,3,1,2,1059,531,528
160,District-Kannauj,Urban,12,1840,960,880,82,50,32,30,20,10,4,1,3,296,147,149,115,69,46,29,11,18,7,4,3,1277,658,619
160,District-Kannauj,Urban,13,1580,815,765,90,61,29,41,20,21,6,3,3,347,164,183,108,57,51,62,32,30,10,3,7,916,475,441
160,District-Kannauj,Urban,14,2110,1020,1090,159,93,66,55,24,31,6,2,4,518,245,273,254,129,125,85,37,48,21,10,11,1012,480,532
160,District-Kannauj,Urban,15,2602,1357,1245,278,192,86,91,44,47,21,10,11,701,333,368,301,166,135,141,59,82,21,12,9,1048,541,507
160,District-Kannauj,Urban,16,3031,1560,1471,400,260,140,172,103,69,24,13,11,873,373,500,424,264,160,158,70,88,36,25,11,944,452,492
160,District-Kannauj,Urban,17,2605,1328,1277,445,321,124,158,86,72,29,17,12,821,337,484,362,236,126,113,57,56,22,17,5,655,257,398
160,District-Kannauj,Urban,18,5102,2787,2315,1132,880,252,307,175,132,57,34,23,1469,579,890,831,568,263,299,155,144,51,40,11,956,356,600
160,District-Kannauj,Urban,19,2905,1532,1373,666,522,144,171,109,62,32,24,8,937,328,609,440,310,130,115,49,66,23,16,7,521,174,347
161,District-Etawah,Total,5-19,138370,73776,64594,12955,11695,1260,7845,6123,1722,2090,1386,704,34342,11481,22861,3941,3036,905,2412,1606,806,569,326,243,74216,38123,36093
161,District-Etawah,Total,5,29441,15973,13468,18,18,0,6,6,0,1,1,0,211,111,100,217,131,86,152,87,65,43,25,18,28793,15594,13199
161,District-Etawah,Total,6,19694,10502,9192,11,8,3,5,2,3,2,2,0,293,145,148,155,89,66,126,52,74,18,12,6,19084,10192,8892
161,District-Etawah,Total,7,5927,3084,2843,27,14,13,13,7,6,2,1,1,407,214,193,99,58,41,50,27,23,11,3,8,5318,2760,2558
161,District-Etawah,Total,8,3756,1939,1817,32,24,8,20,12,8,6,4,2,552,280,272,79,50,29,62,38,24,14,5,9,2991,1526,1465
161,District-Etawah,Total,9,2547,1327,1220,20,13,7,23,15,8,6,3,3,426,221,205,67,39,28,28,14,14,10,5,5,1967,1017,950
161,District-Etawah,Total,10,4062,2134,1928,45,27,18,44,25,19,20,10,10,725,387,338,120,77,43,64,35,29,18,12,6,3026,1561,1465
161,District-Etawah,Total,11,2710,1414,1296,114,90,24,64,38,26,21,15,6,746,340,406,92,57,35,48,29,19,16,10,6,1609,835,774
161,District-Etawah,Total,12,3211,1708,1503,197,153,44,146,108,38,36,26,10,1125,538,587,134,97,37,91,64,27,23,15,8,1459,707,752
161,District-Etawah,Total,13,3422,1698,1724,242,201,41,156,101,55,52,36,16,1411,586,825,150,106,44,94,57,37,23,15,8,1294,596,698
161,District-Etawah,Total,14,4995,2520,2475,482,412,70,324,229,95,106,62,44,2298,861,1437,225,177,48,126,81,45,41,22,19,1393,676,717
161,District-Etawah,Total,15,7649,3971,3678,1085,956,129,622,462,160,216,129,87,3414,1265,2149,376,277,99,225,146,79,66,42,24,1645,694,951
161,District-Etawah,Total,16,9248,4907,4341,1420,1273,147,949,738,211,314,221,93,4355,1467,2888,405,333,72,279,200,79,75,41,34,1451,634,817
161,District-Etawah,Total,17,9466,5150,4316,1816,1671,145,1191,950,241,322,210,112,4371,1358,3013,389,335,54,241,172,69,59,33,26,1077,421,656
161,District-Etawah,Total,18,19708,10930,8778,4502,4155,347,2649,2135,514,605,416,189,8455,2353,6102,928,790,138,555,421,134,97,55,42,1917,605,1312
161,District-Etawah,Total,19,12534,6519,6015,2944,2680,264,1633,1295,338,381,250,131,5553,1355,4198,505,420,85,271,183,88,55,31,24,1192,305,887
161,District-Etawah,Rural,5-19,107174,56670,50504,10772,9749,1023,6818,5344,1474,1916,1234,682,26598,8226,18372,2465,1870,595,1747,1137,610,465,256,209,56393,28854,27539
161,District-Etawah,Rural,5,24334,13200,11134,12,12,0,4,4,0,1,1,0,135,69,66,162,96,66,123,68,55,41,24,17,23856,12926,10930
161,District-Etawah,Rural,6,15745,8419,7326,8,7,1,1,1,0,2,2,0,200,96,104,102,53,49,89,37,52,15,11,4,15328,8212,7116
161,District-Etawah,Rural,7,4359,2257,2102,19,12,7,8,4,4,2,1,1,305,166,139,73,46,27,29,14,15,9,2,7,3914,2012,1902
161,District-Etawah,Rural,8,2593,1327,1266,22,18,4,14,8,6,6,4,2,400,211,189,43,24,19,39,25,14,9,4,5,2060,1033,1027
161,District-Etawah,Rural,9,1684,865,819,17,11,6,16,11,5,5,2,3,297,158,139,44,20,24,20,9,11,5,3,2,1280,651,629
161,District-Etawah,Rural,10,2780,1393,1387,29,19,10,33,19,14,18,8,10,518,254,264,71,41,30,48,25,23,14,9,5,2049,1018,1031
161,District-Etawah,Rural,11,1869,922,947,99,77,22,53,29,24,15,10,5,569,250,319,56,31,25,38,23,15,14,8,6,1025,494,531
161,District-Etawah,Rural,12,2089,1089,1000,148,111,37,119,89,30,33,23,10,799,363,436,85,66,19,68,47,21,18,11,7,819,379,440
161,District-Etawah,Rural,13,2349,1123,1226,187,154,33,122,79,43,44,29,15,1033,406,627,92,68,24,66,39,27,19,11,8,786,337,449
161,District-Etawah,Rural,14,3606,1742,1864,394,337,57,282,205,77,97,55,42,1758,592,1166,131,99,32,96,61,35,35,18,17,813,375,438
161,District-Etawah,Rural,15,5779,2986,2793,897,799,98,545,407,138,198,115,83,2689,938,1751,253,184,69,168,111,57,54,35,19,975,397,578
161,District-Etawah,Rural,16,7086,3663,3423,1171,1049,122,846,659,187,277,188,89,3444,1086,2358,221,181,40,199,137,62,59,30,29,869,333,536
161,District-Etawah,Rural,17,7444,4030,3414,1536,1417,119,1043,836,207,306,197,109,3480,1014,2466,232,201,31,170,122,48,45,22,23,632,221,411
161,District-Etawah,Rural,18,15558,8572,6986,3773,3491,282,2308,1869,439,566,380,186,6630,1673,4957,585,494,91,402,299,103,81,44,37,1213,322,891
161,District-Etawah,Rural,19,9899,5082,4817,2460,2235,225,1424,1124,300,346,219,127,4341,950,3391,315,266,49,192,120,72,47,24,23,774,144,630
161,District-Etawah,Urban,5-19,31196,17106,14090,2183,1946,237,1027,779,248,174,152,22,7744,3255,4489,1476,1166,310,665,469,196,104,70,34,17823,9269,8554
161,District-Etawah,Urban,5,5107,2773,2334,6,6,0,2,2,0,0,0,0,76,42,34,55,35,20,29,19,10,2,1,1,4937,2668,2269
161,District-Etawah,Urban,6,3949,2083,1866,3,1,2,4,1,3,0,0,0,93,49,44,53,36,17,37,15,22,3,1,2,3756,1980,1776
161,District-Etawah,Urban,7,1568,827,741,8,2,6,5,3,2,0,0,0,102,48,54,26,12,14,21,13,8,2,1,1,1404,748,656
161,District-Etawah,Urban,8,1163,612,551,10,6,4,6,4,2,0,0,0,152,69,83,36,26,10,23,13,10,5,1,4,931,493,438
161,District-Etawah,Urban,9,863,462,401,3,2,1,7,4,3,1,1,0,129,63,66,23,19,4,8,5,3,5,2,3,687,366,321
161,District-Etawah,Urban,10,1282,741,541,16,8,8,11,6,5,2,2,0,207,133,74,49,36,13,16,10,6,4,3,1,977,543,434
161,District-Etawah,Urban,11,841,492,349,15,13,2,11,9,2,6,5,1,177,90,87,36,26,10,10,6,4,2,2,0,584,341,243
161,District-Etawah,Urban,12,1122,619,503,49,42,7,27,19,8,3,3,0,326,175,151,49,31,18,23,17,6,5,4,1,640,328,312
161,District-Etawah,Urban,13,1073,575,498,55,47,8,34,22,12,8,7,1,378,180,198,58,38,20,28,18,10,4,4,0,508,259,249
161,District-Etawah,Urban,14,1389,778,611,88,75,13,42,24,18,9,7,2,540,269,271,94,78,16,30,20,10,6,4,2,580,301,279
161,District-Etawah,Urban,15,1870,985,885,188,157,31,77,55,22,18,14,4,725,327,398,123,93,30,57,35,22,12,7,5,670,297,373
161,District-Etawah,Urban,16,2162,1244,918,249,224,25,103,79,24,37,33,4,911,381,530,184,152,32,80,63,17,16,11,5,582,301,281
161,District-Etawah,Urban,17,2022,1120,902,280,254,26,148,114,34,16,13,3,891,344,547,157,134,23,71,50,21,14,11,3,445,200,245
161,District-Etawah,Urban,18,4150,2358,1792,729,664,65,341,266,75,39,36,3,1825,680,1145,343,296,47,153,122,31,16,11,5,704,283,421
161,District-Etawah,Urban,19,2635,1437,1198,484,445,39,209,171,38,35,31,4,1212,405,807,190,154,36,79,63,16,8,7,1,418,161,257
162,District-Auraiya,Total,5-19,120118,65602,54516,11650,10776,874,6461,5074,1387,1766,1184,582,28470,10565,17905,2923,2395,528,1707,1180,527,493,321,172,66648,34107,32541
162,District-Auraiya,Total,5,27785,14843,12942,6,6,0,2,1,1,0,0,0,145,71,74,137,78,59,64,32,32,18,11,7,27413,14644,12769
162,District-Auraiya,Total,6,17812,9410,8402,3,3,0,3,1,2,0,0,0,193,91,102,105,57,48,52,27,25,24,17,7,17432,9214,8218
162,District-Auraiya,Total,7,5134,2676,2458,18,13,5,4,3,1,0,0,0,304,157,147,37,20,17,16,10,6,5,3,2,4750,2470,2280
162,District-Auraiya,Total,8,2930,1506,1424,15,8,7,2,1,1,1,1,0,383,195,188,23,10,13,12,9,3,9,4,5,2485,1278,1207
162,District-Auraiya,Total,9,2027,1039,988,28,22,6,7,6,1,0,0,0,312,162,150,31,20,11,11,6,5,5,3,2,1633,820,813
162,District-Auraiya,Total,10,3060,1629,1431,42,29,13,14,10,4,6,4,2,527,295,232,44,28,16,28,16,12,6,2,4,2393,1245,1148
162,District-Auraiya,Total,11,1888,1030,858,70,59,11,34,25,9,8,5,3,529,268,261,42,30,12,28,20,8,7,4,3,1170,619,551
162,District-Auraiya,Total,12,2500,1309,1191,153,140,13,73,52,21,19,8,11,902,423,479,79,60,19,56,40,16,17,12,5,1201,574,627
162,District-Auraiya,Total,13,2618,1404,1214,185,158,27,116,86,30,43,27,16,1104,503,601,103,78,25,48,35,13,23,13,10,996,504,492
162,District-Auraiya,Total,14,3998,2081,1917,396,353,43,244,167,77,89,51,38,1857,773,1084,153,121,32,84,62,22,40,24,16,1135,530,605
162,District-Auraiya,Total,15,6526,3626,2900,924,844,80,527,389,138,186,134,52,2988,1273,1715,287,249,38,202,135,67,58,35,23,1354,567,787
162,District-Auraiya,Total,16,7926,4403,3523,1280,1190,90,814,626,188,262,161,101,3721,1438,2283,335,283,52,203,144,59,71,47,24,1240,514,726
162,District-Auraiya,Total,17,7943,4479,3464,1530,1418,112,936,738,198,258,175,83,3717,1325,2392,315,279,36,206,148,58,57,39,18,924,357,567
162,District-Auraiya,Total,18,17373,10321,7052,4311,4047,264,2311,1894,417,558,398,160,7212,2327,4885,823,732,91,455,329,126,103,75,28,1600,519,1081
162,District-Auraiya,Total,19,10598,5846,4752,2689,2486,203,1374,1075,299,336,220,116,4576,1264,3312,409,350,59,242,167,75,50,32,18,922,252,670
162,District-Auraiya,Rural,5-19,102125,55729,46396,10238,9504,734,5861,4557,1304,1651,1086,565,23977,8657,15320,2412,1981,431,1424,961,463,417,268,149,56145,28715,27430
162,District-Auraiya,Rural,5,23823,12729,11094,5,5,0,2,1,1,0,0,0,122,61,61,107,64,43,49,23,26,11,7,4,23527,12568,10959
162,District-Auraiya,Rural,6,15110,8028,7082,3,3,0,3,1,2,0,0,0,165,85,80,77,42,35,44,22,22,16,11,5,14802,7864,6938
162,District-Auraiya,Rural,7,4311,2235,2076,13,9,4,4,3,1,0,0,0,228,113,115,29,17,12,14,9,5,4,3,1,4019,2081,1938
162,District-Auraiya,Rural,8,2392,1244,1148,11,6,5,2,1,1,1,1,0,309,155,154,18,9,9,12,9,3,4,3,1,2035,1060,975
162,District-Auraiya,Rural,9,1709,871,838,24,20,4,6,5,1,0,0,0,251,127,124,31,20,11,10,6,4,2,2,0,1385,691,694
162,District-Auraiya,Rural,10,2532,1345,1187,35,23,12,14,10,4,6,4,2,429,239,190,36,23,13,26,15,11,4,2,2,1982,1029,953
162,District-Auraiya,Rural,11,1561,838,723,58,50,8,31,22,9,6,4,2,428,208,220,32,23,9,23,16,7,6,3,3,977,512,465
162,District-Auraiya,Rural,12,1987,1030,957,132,121,11,64,44,20,17,7,10,722,337,385,67,50,17,47,32,15,15,11,4,923,428,495
162,District-Auraiya,Rural,13,2171,1154,1017,162,138,24,108,80,28,38,23,15,916,407,509,88,66,22,43,33,10,22,13,9,794,394,400
162,District-Auraiya,Rural,14,3277,1700,1577,332,299,33,212,140,72,84,48,36,1547,645,902,120,95,25,71,53,18,36,21,15,875,399,476
162,District-Auraiya,Rural,15,5593,3083,2510,817,750,67,475,347,128,181,130,51,2564,1071,1493,248,214,34,165,104,61,56,33,23,1087,434,653
162,District-Auraiya,Rural,16,6740,3716,3024,1118,1039,79,728,550,178,249,149,100,3147,1189,1958,279,233,46,172,119,53,64,41,23,983,396,587
162,District-Auraiya,Rural,17,6817,3814,3003,1362,1265,97,854,666,188,239,160,79,3156,1082,2074,254,224,30,168,118,50,46,29,17,738,270,468
162,District-Auraiya,Rural,18,14970,8907,6063,3791,3568,223,2111,1724,387,513,357,156,6133,1907,4226,696,622,74,378,269,109,88,64,24,1260,396,864
162,District-Auraiya,Rural,19,9132,5035,4097,2375,2208,167,1247,963,284,317,203,114,3860,1031,2829,330,279,51,202,133,69,43,25,18,758,193,565
162,District-Auraiya,Urban,5-19,17993,9873,8120,1412,1272,140,600,517,83,115,98,17,4493,1908,2585,511,414,97,283,219,64,76,53,23,10503,5392,5111
162,District-Auraiya,Urban,5,3962,2114,1848,1,1,0,0,0,0,0,0,0,23,10,13,30,14,16,15,9,6,7,4,3,3886,2076,1810
162,District-Auraiya,Urban,6,2702,1382,1320,0,0,0,0,0,0,0,0,0,28,6,22,28,15,13,8,5,3,8,6,2,2630,1350,1280
162,District-Auraiya,Urban,7,823,441,382,5,4,1,0,0,0,0,0,0,76,44,32,8,3,5,2,1,1,1,0,1,731,389,342
162,District-Auraiya,Urban,8,538,262,276,4,2,2,0,0,0,0,0,0,74,40,34,5,1,4,0,0,0,5,1,4,450,218,232
162,District-Auraiya,Urban,9,318,168,150,4,2,2,1,1,0,0,0,0,61,35,26,0,0,0,1,0,1,3,1,2,248,129,119
162,District-Auraiya,Urban,10,528,284,244,7,6,1,0,0,0,0,0,0,98,56,42,8,5,3,2,1,1,2,0,2,411,216,195
162,District-Auraiya,Urban,11,327,192,135,12,9,3,3,3,0,2,1,1,101,60,41,10,7,3,5,4,1,1,1,0,193,107,86
162,District-Auraiya,Urban,12,513,279,234,21,19,2,9,8,1,2,1,1,180,86,94,12,10,2,9,8,1,2,1,1,278,146,132
162,District-Auraiya,Urban,13,447,250,197,23,20,3,8,6,2,5,4,1,188,96,92,15,12,3,5,2,3,1,0,1,202,110,92
162,District-Auraiya,Urban,14,721,381,340,64,54,10,32,27,5,5,3,2,310,128,182,33,26,7,13,9,4,4,3,1,260,131,129
162,District-Auraiya,Urban,15,933,543,390,107,94,13,52,42,10,5,4,1,424,202,222,39,35,4,37,31,6,2,2,0,267,133,134
162,District-Auraiya,Urban,16,1186,687,499,162,151,11,86,76,10,13,12,1,574,249,325,56,50,6,31,25,6,7,6,1,257,118,139
162,District-Auraiya,Urban,17,1126,665,461,168,153,15,82,72,10,19,15,4,561,243,318,61,55,6,38,30,8,11,10,1,186,87,99
162,District-Auraiya,Urban,18,2403,1414,989,520,479,41,200,170,30,45,41,4,1079,420,659,127,110,17,77,60,17,15,11,4,340,123,217
162,District-Auraiya,Urban,19,1466,811,655,314,278,36,127,112,15,19,17,2,716,233,483,79,71,8,40,34,6,7,7,0,164,59,105
163,District-Kanpur Dehat,Total,5-19,168287,91669,76618,18182,16239,1943,10320,7832,2488,3145,2083,1062,41760,15967,25793,4560,3564,996,2960,1936,1024,910,540,370,86450,43508,42942
163,District-Kanpur Dehat,Total,5,35764,19030,16734,21,20,1,7,2,5,2,0,2,269,147,122,206,121,85,131,61,70,27,15,12,35101,18664,16437
163,District-Kanpur Dehat,Total,6,22034,11523,10511,17,16,1,11,6,5,1,0,1,332,182,150,121,70,51,98,47,51,17,10,7,21437,11192,10245
163,District-Kanpur Dehat,Total,7,6723,3497,3226,36,24,12,12,11,1,2,2,0,435,233,202,80,47,33,34,16,18,11,4,7,6113,3160,2953
163,District-Kanpur Dehat,Total,8,3959,2072,1887,44,35,9,18,10,8,2,2,0,533,278,255,64,42,22,19,12,7,13,12,1,3266,1681,1585
163,District-Kanpur Dehat,Total,9,2701,1365,1336,38,26,12,11,7,4,7,5,2,471,221,250,38,28,10,22,10,12,10,5,5,2104,1063,1041
163,District-Kanpur Dehat,Total,10,4586,2462,2124,76,45,31,30,25,5,12,7,5,782,419,363,92,58,34,40,25,15,28,16,12,3526,1867,1659
163,District-Kanpur Dehat,Total,11,3062,1648,1414,175,144,31,84,63,21,20,14,6,915,453,462,64,49,15,66,33,33,19,10,9,1719,882,837
163,District-Kanpur Dehat,Total,12,3947,2043,1904,338,273,65,166,113,53,60,34,26,1486,694,792,175,128,47,77,43,34,32,15,17,1613,743,870
163,District-Kanpur Dehat,Total,13,3917,2043,1874,335,273,62,210,134,76,86,61,25,1747,814,933,134,92,42,97,55,42,44,21,23,1264,593,671
163,District-Kanpur Dehat,Total,14,6326,3230,3096,678,555,123,423,285,138,190,129,61,3015,1299,1716,234,178,56,143,83,60,70,43,27,1573,658,915
163,District-Kanpur Dehat,Total,15,9850,5341,4509,1370,1215,155,900,641,259,296,189,107,4531,1918,2613,459,368,91,309,193,116,119,70,49,1866,747,1119
163,District-Kanpur Dehat,Total,16,12844,7056,5788,2192,1948,244,1420,1058,362,459,308,151,5845,2208,3637,539,413,126,390,286,104,116,73,43,1883,762,1121
163,District-Kanpur Dehat,Total,17,12127,6722,5405,2437,2178,259,1510,1131,379,501,320,181,5434,1932,3502,492,408,84,339,235,104,106,69,37,1308,449,859
163,District-Kanpur Dehat,Total,18,25026,14928,10098,6354,5821,533,3411,2715,696,974,654,320,9741,3308,6433,1198,1020,178,760,552,208,206,131,75,2382,727,1655
163,District-Kanpur Dehat,Total,19,15421,8709,6712,4071,3666,405,2107,1631,476,533,358,175,6224,1861,4363,664,542,122,435,285,150,92,46,46,1295,320,975
163,District-Kanpur Dehat,Rural,5-19,151739,82589,69150,16637,14862,1775,9662,7352,2310,2997,1977,1020,37829,14313,23516,3830,2988,842,2583,1675,908,800,462,338,77401,38960,38441
163,District-Kanpur Dehat,Rural,5,32736,17398,15338,16,15,1,7,2,5,2,0,2,243,129,114,189,110,79,128,60,68,25,14,11,32126,17068,15058
163,District-Kanpur Dehat,Rural,6,19796,10336,9460,16,15,1,9,5,4,1,0,1,302,164,138,109,64,45,91,46,45,17,10,7,19251,10032,9219
163,District-Kanpur Dehat,Rural,7,6073,3154,2919,35,24,11,10,9,1,2,2,0,394,211,183,63,35,28,32,14,18,11,4,7,5526,2855,2671
163,District-Kanpur Dehat,Rural,8,3420,1801,1619,41,32,9,16,9,7,2,2,0,469,244,225,32,22,10,16,9,7,10,9,1,2834,1474,1360
163,District-Kanpur Dehat,Rural,9,2360,1188,1172,35,24,11,10,6,4,7,5,2,409,190,219,27,20,7,18,9,9,5,3,2,1849,931,918
163,District-Kanpur Dehat,Rural,10,4002,2153,1849,72,41,31,28,23,5,11,7,4,696,375,321,66,39,27,30,20,10,23,14,9,3076,1634,1442
163,District-Kanpur Dehat,Rural,11,2704,1445,1259,165,136,29,78,59,19,19,13,6,824,409,415,47,34,13,55,28,27,18,9,9,1498,757,741
163,District-Kanpur Dehat,Rural,12,3414,1760,1654,303,245,58,156,108,48,58,33,25,1345,612,733,144,107,37,59,31,28,30,15,15,1319,609,710
163,District-Kanpur Dehat,Rural,13,3460,1814,1646,304,245,59,192,126,66,81,57,24,1573,734,839,108,73,35,83,45,38,37,17,20,1082,517,565
163,District-Kanpur Dehat,Rural,14,5581,2825,2756,610,499,111,389,264,125,184,124,60,2719,1153,1566,191,146,45,118,66,52,59,33,26,1311,540,771
163,District-Kanpur Dehat,Rural,15,8887,4791,4096,1257,1118,139,845,600,245,285,184,101,4116,1712,2404,391,311,80,272,166,106,104,58,46,1617,642,975
163,District-Kanpur Dehat,Rural,16,11554,6321,5233,1993,1769,224,1334,989,345,435,289,146,5320,1999,3321,455,351,104,324,237,87,98,61,37,1595,626,969
163,District-Kanpur Dehat,Rural,17,11038,6097,4941,2238,2000,238,1413,1065,348,476,305,171,4965,1727,3238,416,344,72,296,204,92,98,62,36,1136,390,746
163,District-Kanpur Dehat,Rural,18,22679,13555,9124,5818,5337,481,3191,2544,647,920,612,308,8846,2988,5858,1027,870,157,666,483,183,183,114,69,2028,607,1421
163,District-Kanpur Dehat,Rural,19,14035,7951,6084,3734,3362,372,1984,1543,441,514,344,170,5608,1666,3942,565,462,103,395,257,138,82,39,43,1153,278,875
163,District-Kanpur Dehat,Urban,5-19,16548,9080,7468,1545,1377,168,658,480,178,148,106,42,3931,1654,2277,730,576,154,377,261,116,110,78,32,9049,4548,4501
163,District-Kanpur Dehat,Urban,5,3028,1632,1396,5,5,0,0,0,0,0,0,0,26,18,8,17,11,6,3,1,2,2,1,1,2975,1596,1379
163,District-Kanpur Dehat,Urban,6,2238,1187,1051,1,1,0,2,1,1,0,0,0,30,18,12,12,6,6,7,1,6,0,0,0,2186,1160,1026
163,District-Kanpur Dehat,Urban,7,650,343,307,1,0,1,2,2,0,0,0,0,41,22,19,17,12,5,2,2,0,0,0,0,587,305,282
163,District-Kanpur Dehat,Urban,8,539,271,268,3,3,0,2,1,1,0,0,0,64,34,30,32,20,12,3,3,0,3,3,0,432,207,225
163,District-Kanpur Dehat,Urban,9,341,177,164,3,2,1,1,1,0,0,0,0,62,31,31,11,8,3,4,1,3,5,2,3,255,132,123
163,District-Kanpur Dehat,Urban,10,584,309,275,4,4,0,2,2,0,1,0,1,86,44,42,26,19,7,10,5,5,5,2,3,450,233,217
163,District-Kanpur Dehat,Urban,11,358,203,155,10,8,2,6,4,2,1,1,0,91,44,47,17,15,2,11,5,6,1,1,0,221,125,96
163,District-Kanpur Dehat,Urban,12,533,283,250,35,28,7,10,5,5,2,1,1,141,82,59,31,21,10,18,12,6,2,0,2,294,134,160
163,District-Kanpur Dehat,Urban,13,457,229,228,31,28,3,18,8,10,5,4,1,174,80,94,26,19,7,14,10,4,7,4,3,182,76,106
163,District-Kanpur Dehat,Urban,14,745,405,340,68,56,12,34,21,13,6,5,1,296,146,150,43,32,11,25,17,8,11,10,1,262,118,144
163,District-Kanpur Dehat,Urban,15,963,550,413,113,97,16,55,41,14,11,5,6,415,206,209,68,57,11,37,27,10,15,12,3,249,105,144
163,District-Kanpur Dehat,Urban,16,1290,735,555,199,179,20,86,69,17,24,19,5,525,209,316,84,62,22,66,49,17,18,12,6,288,136,152
163,District-Kanpur Dehat,Urban,17,1089,625,464,199,178,21,97,66,31,25,15,10,469,205,264,76,64,12,43,31,12,8,7,1,172,59,113
163,District-Kanpur Dehat,Urban,18,2347,1373,974,536,484,52,220,171,49,54,42,12,895,320,575,171,150,21,94,69,25,23,17,6,354,120,234
163,District-Kanpur Dehat,Urban,19,1386,758,628,337,304,33,123,88,35,19,14,5,616,195,421,99,80,19,40,28,12,10,7,3,142,42,100
164,District-Kanpur Nagar,Total,5-19,387066,213984,173082,39010,34394,4616,16758,12644,4114,4692,3424,1268,102665,41475,61190,15891,12740,3151,7607,5231,2376,1896,1408,488,198547,102668,95879
164,District-Kanpur Nagar,Total,5,61323,32965,28358,71,61,10,48,30,18,4,3,1,1120,582,538,704,415,289,523,286,237,31,18,13,58822,31570,27252
164,District-Kanpur Nagar,Total,6,42389,22298,20091,54,38,16,51,29,22,8,5,3,1351,675,676,451,262,189,381,218,163,30,19,11,40063,21052,19011
164,District-Kanpur Nagar,Total,7,16720,8704,8016,103,59,44,54,30,24,9,4,5,1294,633,661,260,156,104,175,100,75,28,13,15,14797,7709,7088
164,District-Kanpur Nagar,Total,8,12111,6442,5669,120,83,37,65,39,26,19,14,5,1472,763,709,218,146,72,172,99,73,25,13,12,10020,5285,4735
164,District-Kanpur Nagar,Total,9,9161,4828,4333,126,90,36,59,35,24,12,8,4,1359,679,680,198,115,83,138,82,56,20,12,8,7249,3807,3442
164,District-Kanpur Nagar,Total,10,16486,9008,7478,199,146,53,131,86,45,32,19,13,2408,1272,1136,394,258,136,258,161,97,60,40,20,13004,7026,5978
164,District-Kanpur Nagar,Total,11,10359,5717,4642,423,326,97,173,121,52,40,19,21,2505,1250,1255,336,246,90,190,124,66,44,33,11,6648,3598,3050
164,District-Kanpur Nagar,Total,12,12007,6727,5280,719,600,119,291,196,95,96,67,29,3732,1816,1916,538,389,149,291,161,130,76,53,23,6264,3445,2819
164,District-Kanpur Nagar,Total,13,11521,6233,5288,859,714,145,390,268,122,141,91,50,4224,1919,2305,527,404,123,276,175,101,74,52,22,5030,2610,2420
164,District-Kanpur Nagar,Total,14,16961,9260,7701,1593,1318,275,744,539,205,273,191,82,6981,3138,3843,845,661,184,414,284,130,113,84,29,5998,3045,2953
164,District-Kanpur Nagar,Total,15,23769,13327,10442,3047,2613,434,1480,1080,400,423,293,130,9868,4326,5542,1494,1186,308,702,488,214,208,155,53,6547,3186,3361
164,District-Kanpur Nagar,Total,16,29542,16532,13010,4446,3874,572,2264,1671,593,651,451,200,12915,5233,7682,1833,1510,323,798,574,224,228,172,56,6407,3047,3360
164,District-Kanpur Nagar,Total,17,29501,16518,12983,5428,4756,672,2428,1835,593,739,537,202,13182,5004,8178,1779,1496,283,738,538,200,211,157,54,4996,2195,2801
164,District-Kanpur Nagar,Total,18,56433,33227,23206,12656,11469,1187,5173,4071,1102,1374,1048,326,23614,8568,15046,3807,3324,483,1519,1160,359,425,332,93,7865,3255,4610
164,District-Kanpur Nagar,Total,19,38783,22198,16585,9166,8247,919,3407,2614,793,871,674,197,16640,5617,11023,2507,2172,335,1032,781,251,323,255,68,4837,1838,2999
164,District-Kanpur Nagar,Rural,5-19,152502,83056,69446,19419,17220,2199,10087,7676,2411,3125,2079,1046,39976,13747,26229,4588,3645,943,2683,1744,939,769,454,315,71855,36491,35364
164,District-Kanpur Nagar,Rural,5,29031,15577,13454,8,6,2,6,5,1,1,1,0,211,113,98,187,109,78,125,62,63,17,9,8,28476,15272,13204
164,District-Kanpur Nagar,Rural,6,18018,9510,8508,11,6,5,9,7,2,5,3,2,342,178,164,113,70,43,70,40,30,14,9,5,17454,9197,8257
164,District-Kanpur Nagar,Rural,7,5331,2789,2542,24,13,11,5,3,2,4,2,2,243,121,122,40,25,15,34,14,20,16,7,9,4965,2604,2361
164,District-Kanpur Nagar,Rural,8,3186,1677,1509,23,16,7,11,4,7,10,6,4,299,154,145,40,30,10,32,16,16,16,8,8,2755,1443,1312
164,District-Kanpur Nagar,Rural,9,2100,1106,994,29,19,10,12,8,4,7,5,2,251,119,132,26,19,7,27,13,14,8,2,6,1740,921,819
164,District-Kanpur Nagar,Rural,10,4725,2507,2218,67,51,16,42,32,10,18,10,8,545,273,272,69,43,26,73,43,30,29,13,16,3882,2042,1840
164,District-Kanpur Nagar,Rural,11,2526,1369,1157,139,112,27,52,41,11,22,10,12,631,318,313,68,47,21,46,26,20,14,9,5,1554,806,748
164,District-Kanpur Nagar,Rural,12,3051,1596,1455,246,205,41,127,91,36,64,41,23,1094,478,616,125,96,29,114,52,62,32,16,16,1249,617,632
164,District-Kanpur Nagar,Rural,13,3494,1770,1724,348,273,75,199,130,69,105,63,42,1521,627,894,139,102,37,99,51,48,43,29,14,1040,495,545
164,District-Kanpur Nagar,Rural,14,6005,3151,2854,740,618,122,435,310,125,191,119,72,2842,1168,1674,252,198,54,149,92,57,45,25,20,1351,621,730
164,District-Kanpur Nagar,Rural,15,9380,5157,4223,1509,1300,209,930,667,263,290,183,107,4247,1702,2545,479,387,92,275,192,83,106,66,40,1544,660,884
164,District-Kanpur Nagar,Rural,16,12785,6884,5901,2432,2119,313,1481,1092,389,454,275,179,5896,2055,3841,589,475,114,317,228,89,91,57,34,1525,583,942
164,District-Kanpur Nagar,Rural,17,12571,6812,5759,2803,2448,355,1517,1154,363,512,349,163,5636,1762,3874,546,444,102,317,221,96,86,46,40,1154,388,766
164,District-Kanpur Nagar,Rural,18,24945,14488,10457,6722,6120,602,3299,2604,695,908,635,273,10027,3003,7024,1242,1034,208,647,464,183,148,90,58,1952,538,1414
164,District-Kanpur Nagar,Rural,19,15354,8663,6691,4318,3914,404,1962,1528,434,534,377,157,6191,1676,4515,673,566,107,358,230,128,104,68,36,1214,304,910
164,District-Kanpur Nagar,Urban,5-19,234564,130928,103636,19591,17174,2417,6671,4968,1703,1567,1345,222,62689,27728,34961,11303,9095,2208,4924,3487,1437,1127,954,173,126692,66177,60515
164,District-Kanpur Nagar,Urban,5,32292,17388,14904,63,55,8,42,25,17,3,2,1,909,469,440,517,306,211,398,224,174,14,9,5,30346,16298,14048
164,District-Kanpur Nagar,Urban,6,24371,12788,11583,43,32,11,42,22,20,3,2,1,1009,497,512,338,192,146,311,178,133,16,10,6,22609,11855,10754
164,District-Kanpur Nagar,Urban,7,11389,5915,5474,79,46,33,49,27,22,5,2,3,1051,512,539,220,131,89,141,86,55,12,6,6,9832,5105,4727
164,District-Kanpur Nagar,Urban,8,8925,4765,4160,97,67,30,54,35,19,9,8,1,1173,609,564,178,116,62,140,83,57,9,5,4,7265,3842,3423
164,District-Kanpur Nagar,Urban,9,7061,3722,3339,97,71,26,47,27,20,5,3,2,1108,560,548,172,96,76,111,69,42,12,10,2,5509,2886,2623
164,District-Kanpur Nagar,Urban,10,11761,6501,5260,132,95,37,89,54,35,14,9,5,1863,999,864,325,215,110,185,118,67,31,27,4,9122,4984,4138
164,District-Kanpur Nagar,Urban,11,7833,4348,3485,284,214,70,121,80,41,18,9,9,1874,932,942,268,199,69,144,98,46,30,24,6,5094,2792,2302
164,District-Kanpur Nagar,Urban,12,8956,5131,3825,473,395,78,164,105,59,32,26,6,2638,1338,1300,413,293,120,177,109,68,44,37,7,5015,2828,2187
164,District-Kanpur Nagar,Urban,13,8027,4463,3564,511,441,70,191,138,53,36,28,8,2703,1292,1411,388,302,86,177,124,53,31,23,8,3990,2115,1875
164,District-Kanpur Nagar,Urban,14,10956,6109,4847,853,700,153,309,229,80,82,72,10,4139,1970,2169,593,463,130,265,192,73,68,59,9,4647,2424,2223
164,District-Kanpur Nagar,Urban,15,14389,8170,6219,1538,1313,225,550,413,137,133,110,23,5621,2624,2997,1015,799,216,427,296,131,102,89,13,5003,2526,2477
164,District-Kanpur Nagar,Urban,16,16757,9648,7109,2014,1755,259,783,579,204,197,176,21,7019,3178,3841,1244,1035,209,481,346,135,137,115,22,4882,2464,2418
164,District-Kanpur Nagar,Urban,17,16930,9706,7224,2625,2308,317,911,681,230,227,188,39,7546,3242,4304,1233,1052,181,421,317,104,125,111,14,3842,1807,2035
164,District-Kanpur Nagar,Urban,18,31488,18739,12749,5934,5349,585,1874,1467,407,466,413,53,13587,5565,8022,2565,2290,275,872,696,176,277,242,35,5913,2717,3196
164,District-Kanpur Nagar,Urban,19,23429,13535,9894,4848,4333,515,1445,1086,359,337,297,40,10449,3941,6508,1834,1606,228,674,551,123,219,187,32,3623,1534,2089
165,District-Jalaun ,Total,5-19,153160,81691,71469,13121,11356,1765,9255,6822,2433,2833,1803,1030,33731,12432,21299,5025,3716,1309,3540,2222,1318,989,560,429,84666,42780,41886
165,District-Jalaun ,Total,5,31414,17102,14312,33,23,10,8,3,5,0,0,0,203,105,98,419,242,177,151,72,79,39,20,19,30561,16637,13924
165,District-Jalaun ,Total,6,20928,11009,9919,14,8,6,9,7,2,1,0,1,333,169,164,271,162,109,107,53,54,28,14,14,20165,10596,9569
165,District-Jalaun ,Total,7,6950,3559,3391,52,38,14,21,8,13,6,4,2,397,194,203,119,76,43,56,32,24,20,15,5,6279,3192,3087
165,District-Jalaun ,Total,8,4709,2406,2303,42,32,10,18,14,4,3,3,0,474,233,241,101,52,49,62,29,33,13,7,6,3996,2036,1960
165,District-Jalaun ,Total,9,3199,1626,1573,52,31,21,24,15,9,8,6,2,452,214,238,68,46,22,45,22,23,16,8,8,2534,1284,1250
165,District-Jalaun ,Total,10,4502,2325,2177,81,48,33,40,20,20,14,6,8,709,360,349,109,67,42,56,38,18,26,9,17,3467,1777,1690
165,District-Jalaun ,Total,11,3210,1622,1588,158,107,51,71,44,27,26,16,10,811,365,446,96,61,35,70,42,28,24,12,12,1954,975,979
165,District-Jalaun ,Total,12,4133,2183,1950,270,214,56,156,108,48,60,40,20,1267,579,688,154,101,53,94,57,37,39,25,14,2093,1059,1034
165,District-Jalaun ,Total,13,4120,2025,2095,276,224,52,193,125,68,84,41,43,1504,646,858,142,96,46,116,63,53,40,16,24,1765,814,951
165,District-Jalaun ,Total,14,6041,3038,3003,525,418,107,422,271,151,146,83,63,2523,1019,1504,255,191,64,186,116,70,74,42,32,1910,898,1012
165,District-Jalaun ,Total,15,8318,4320,3998,916,773,143,782,556,226,254,150,104,3448,1379,2069,429,317,112,313,201,112,91,53,38,2085,891,1194
165,District-Jalaun ,Total,16,10625,5659,4966,1438,1230,208,1130,841,289,420,267,153,4483,1745,2738,469,365,104,410,286,124,134,79,55,2141,846,1295
165,District-Jalaun ,Total,17,10006,5632,4374,1736,1546,190,1256,957,299,430,282,148,4081,1494,2587,495,415,80,431,289,142,95,62,33,1482,587,895
165,District-Jalaun ,Total,18,20974,11914,9060,4407,3941,466,3147,2416,731,833,553,280,7755,2520,5235,1148,948,200,898,606,292,215,130,85,2571,800,1771
165,District-Jalaun ,Total,19,14031,7271,6760,3121,2723,398,1978,1437,541,548,352,196,5291,1410,3881,750,577,173,545,316,229,135,68,67,1663,388,1275
165,District-Jalaun ,Rural,5-19,114385,60591,53794,10701,9200,1501,7965,5786,2179,2482,1532,950,25370,8945,16425,3435,2450,985,2564,1495,1069,745,386,359,61123,30797,30326
165,District-Jalaun ,Rural,5,24944,13597,11347,25,16,9,7,3,4,0,0,0,145,75,70,352,206,146,126,62,64,39,20,19,24250,13215,11035
165,District-Jalaun ,Rural,6,16058,8438,7620,13,7,6,6,5,1,1,0,1,241,122,119,232,136,96,82,38,44,27,13,14,15456,8117,7339
165,District-Jalaun ,Rural,7,5048,2577,2471,43,31,12,17,6,11,6,4,2,288,146,142,89,57,32,43,23,20,19,14,5,4543,2296,2247
165,District-Jalaun ,Rural,8,3286,1649,1637,39,30,9,11,8,3,3,3,0,328,167,161,76,40,36,44,18,26,13,7,6,2772,1376,1396
165,District-Jalaun ,Rural,9,2129,1063,1066,44,25,19,18,11,7,7,5,2,346,171,175,52,32,20,32,13,19,13,6,7,1617,800,817
165,District-Jalaun ,Rural,10,2971,1512,1459,69,39,30,30,16,14,13,5,8,509,252,257,78,49,29,34,26,8,22,6,16,2216,1119,1097
165,District-Jalaun ,Rural,11,2097,1032,1065,131,86,45,50,29,21,20,13,7,564,249,315,73,45,28,48,28,20,23,11,12,1188,571,617
165,District-Jalaun ,Rural,12,2696,1383,1313,219,170,49,122,78,44,55,35,20,932,418,514,103,66,37,60,34,26,33,20,13,1172,562,610
165,District-Jalaun ,Rural,13,2794,1325,1469,221,176,45,168,109,59,75,37,38,1153,476,677,84,53,31,83,42,41,31,10,21,979,422,557
165,District-Jalaun ,Rural,14,4293,2094,2199,416,322,94,358,221,137,136,77,59,1938,742,1196,163,123,40,132,77,55,51,29,22,1099,503,596
165,District-Jalaun ,Rural,15,6067,3092,2975,727,610,117,672,480,192,229,133,96,2686,1016,1670,272,192,80,233,144,89,67,36,31,1181,481,700
165,District-Jalaun ,Rural,16,7906,4198,3708,1172,998,174,970,723,247,375,232,143,3496,1314,2182,295,225,70,292,203,89,96,51,45,1210,452,758
165,District-Jalaun ,Rural,17,7491,4180,3311,1427,1268,159,1079,807,272,368,232,136,3072,1076,1996,340,282,58,311,188,123,67,45,22,827,282,545
165,District-Jalaun ,Rural,18,15957,9009,6948,3602,3215,387,2741,2073,668,728,473,255,5797,1774,4023,747,601,146,630,389,241,150,78,72,1562,406,1156
165,District-Jalaun ,Rural,19,10648,5442,5206,2553,2207,346,1716,1217,499,466,283,183,3875,947,2928,479,343,136,414,210,204,94,40,54,1051,195,856
165,District-Jalaun ,Urban,5-19,38775,21100,17675,2420,2156,264,1290,1036,254,351,271,80,8361,3487,4874,1590,1266,324,976,727,249,244,174,70,23543,11983,11560
165,District-Jalaun ,Urban,5,6470,3505,2965,8,7,1,1,0,1,0,0,0,58,30,28,67,36,31,25,10,15,0,0,0,6311,3422,2889
165,District-Jalaun ,Urban,6,4870,2571,2299,1,1,0,3,2,1,0,0,0,92,47,45,39,26,13,25,15,10,1,1,0,4709,2479,2230
165,District-Jalaun ,Urban,7,1902,982,920,9,7,2,4,2,2,0,0,0,109,48,61,30,19,11,13,9,4,1,1,0,1736,896,840
165,District-Jalaun ,Urban,8,1423,757,666,3,2,1,7,6,1,0,0,0,146,66,80,25,12,13,18,11,7,0,0,0,1224,660,564
165,District-Jalaun ,Urban,9,1070,563,507,8,6,2,6,4,2,1,1,0,106,43,63,16,14,2,13,9,4,3,2,1,917,484,433
165,District-Jalaun ,Urban,10,1531,813,718,12,9,3,10,4,6,1,1,0,200,108,92,31,18,13,22,12,10,4,3,1,1251,658,593
165,District-Jalaun ,Urban,11,1113,590,523,27,21,6,21,15,6,6,3,3,247,116,131,23,16,7,22,14,8,1,1,0,766,404,362
165,District-Jalaun ,Urban,12,1437,800,637,51,44,7,34,30,4,5,5,0,335,161,174,51,35,16,34,23,11,6,5,1,921,497,424
165,District-Jalaun ,Urban,13,1326,700,626,55,48,7,25,16,9,9,4,5,351,170,181,58,43,15,33,21,12,9,6,3,786,392,394
165,District-Jalaun ,Urban,14,1748,944,804,109,96,13,64,50,14,10,6,4,585,277,308,92,68,24,54,39,15,23,13,10,811,395,416
165,District-Jalaun ,Urban,15,2251,1228,1023,189,163,26,110,76,34,25,17,8,762,363,399,157,125,32,80,57,23,24,17,7,904,410,494
165,District-Jalaun ,Urban,16,2719,1461,1258,266,232,34,160,118,42,45,35,10,987,431,556,174,140,34,118,83,35,38,28,10,931,394,537
165,District-Jalaun ,Urban,17,2515,1452,1063,309,278,31,177,150,27,62,50,12,1009,418,591,155,133,22,120,101,19,28,17,11,655,305,350
165,District-Jalaun ,Urban,18,5017,2905,2112,805,726,79,406,343,63,105,80,25,1958,746,1212,401,347,54,268,217,51,65,52,13,1009,394,615
165,District-Jalaun ,Urban,19,3383,1829,1554,568,516,52,262,220,42,82,69,13,1416,463,953,271,234,37,131,106,25,41,28,13,612,193,419
166,District-Jhansi,Total,5-19,170602,87393,83209,17059,13514,3545,12166,7434,4732,2693,1516,1177,39957,15153,24804,5904,3632,2272,5163,2560,2603,1091,513,578,86569,43071,43498
166,District-Jhansi,Total,5,32952,17828,15124,38,29,9,11,8,3,3,3,0,340,189,151,410,239,171,343,187,156,38,21,17,31769,17152,14617
166,District-Jhansi,Total,6,22268,11616,10652,47,32,15,19,13,6,1,0,1,392,204,188,306,161,145,254,127,127,26,11,15,21223,11068,10155
166,District-Jhansi,Total,7,7424,3828,3596,90,63,27,33,21,12,0,0,0,577,285,292,126,66,60,125,63,62,14,8,6,6459,3322,3137
166,District-Jhansi,Total,8,4921,2439,2482,83,60,23,46,22,24,6,2,4,720,369,351,86,50,36,118,55,63,26,13,13,3836,1868,1968
166,District-Jhansi,Total,9,3373,1687,1686,82,53,29,47,29,18,5,1,4,640,318,322,73,35,38,94,45,49,17,6,11,2415,1200,1215
166,District-Jhansi,Total,10,4910,2546,2364,111,76,35,47,28,19,4,2,2,989,503,486,124,72,52,119,62,57,31,16,15,3485,1787,1698
166,District-Jhansi,Total,11,3720,1865,1855,252,183,69,142,80,62,16,9,7,1074,498,576,146,84,62,126,60,66,24,10,14,1940,941,999
166,District-Jhansi,Total,12,4815,2415,2400,389,284,105,191,114,77,43,29,14,1649,780,869,170,99,71,203,98,105,59,33,26,2111,978,1133
166,District-Jhansi,Total,13,4544,2209,2335,405,306,99,252,136,116,53,30,23,1845,835,1010,159,83,76,181,96,85,47,24,23,1602,699,903
166,District-Jhansi,Total,14,6297,3011,3286,621,451,170,503,303,200,131,67,64,2725,1085,1640,265,172,93,259,130,129,55,29,26,1738,774,964
166,District-Jhansi,Total,15,9790,4943,4847,1301,1022,279,988,619,369,272,156,116,4174,1664,2510,513,354,159,418,238,180,103,57,46,2021,833,1188
166,District-Jhansi,Total,16,11581,5796,5785,1778,1396,382,1439,865,574,363,209,154,5077,1928,3149,534,339,195,463,268,195,110,62,48,1817,729,1088
166,District-Jhansi,Total,17,12350,6311,6039,2286,1830,456,1805,1150,655,432,242,190,5052,1821,3231,596,420,176,473,258,215,126,58,68,1580,532,1048
166,District-Jhansi,Total,18,23712,12144,11568,5317,4283,1034,3781,2372,1409,785,455,330,8378,2766,5612,1361,858,503,1144,557,587,243,106,137,2703,747,1956
166,District-Jhansi,Total,19,17945,8755,9190,4259,3446,813,2862,1674,1188,579,311,268,6325,1908,4417,1035,600,435,843,316,527,172,59,113,1870,441,1429
166,District-Jhansi,Rural,5-19,108007,54137,53870,12223,9476,2747,9445,5479,3966,2141,1102,1039,23345,8265,15080,3569,1950,1619,3143,1303,1840,689,245,444,53452,26317,27135
166,District-Jhansi,Rural,5,22698,12304,10394,21,17,4,6,5,1,2,2,0,158,89,69,290,164,126,176,95,81,26,15,11,22019,11917,10102
166,District-Jhansi,Rural,6,14782,7713,7069,27,19,8,8,4,4,1,0,1,244,135,109,208,113,95,133,72,61,20,10,10,14141,7360,6781
166,District-Jhansi,Rural,7,4372,2266,2106,56,35,21,7,3,4,0,0,0,287,157,130,73,36,37,52,28,24,12,8,4,3885,1999,1886
166,District-Jhansi,Rural,8,2703,1302,1401,47,34,13,19,8,11,3,1,2,363,184,179,59,38,21,40,18,22,14,8,6,2158,1011,1147
166,District-Jhansi,Rural,9,1707,807,900,54,35,19,20,10,10,5,1,4,327,162,165,35,17,18,37,12,25,12,5,7,1217,565,652
166,District-Jhansi,Rural,10,2628,1298,1330,77,52,25,26,14,12,4,2,2,510,248,262,72,40,32,57,26,31,19,9,10,1863,907,956
166,District-Jhansi,Rural,11,1860,904,956,162,113,49,92,48,44,11,6,5,498,230,268,89,50,39,60,24,36,14,5,9,934,428,506
166,District-Jhansi,Rural,12,2511,1177,1334,269,190,79,132,75,57,35,23,12,873,400,473,115,59,56,119,53,66,32,11,21,936,366,570
166,District-Jhansi,Rural,13,2471,1137,1334,257,189,68,175,95,80,42,22,20,1072,465,607,96,42,54,104,48,56,19,5,14,706,271,435
166,District-Jhansi,Rural,14,3640,1581,2059,431,292,139,372,213,159,106,48,58,1673,599,1074,153,91,62,140,58,82,30,10,20,735,270,465
166,District-Jhansi,Rural,15,6170,2953,3217,916,696,220,786,470,316,225,124,101,2685,991,1694,311,196,115,254,126,128,62,23,39,931,327,604
166,District-Jhansi,Rural,16,7528,3589,3939,1279,999,280,1153,650,503,305,161,144,3314,1144,2170,280,167,113,288,148,140,63,30,33,846,290,556
166,District-Jhansi,Rural,17,7810,3882,3928,1659,1301,358,1426,887,539,332,172,160,2998,987,2011,320,206,114,276,121,155,79,30,49,720,178,542
166,District-Jhansi,Rural,18,15692,7807,7885,3945,3121,824,2997,1779,1218,615,326,289,4973,1523,3450,831,439,392,783,296,487,165,50,115,1383,273,1110
166,District-Jhansi,Rural,19,11435,5417,6018,3023,2383,640,2226,1218,1008,455,214,241,3370,951,2419,637,292,345,624,178,446,122,26,96,978,155,823
166,District-Jhansi,Urban,5-19,62595,33256,29339,4836,4038,798,2721,1955,766,552,414,138,16612,6888,9724,2335,1682,653,2020,1257,763,402,268,134,33117,16754,16363
166,District-Jhansi,Urban,5,10254,5524,4730,17,12,5,5,3,2,1,1,0,182,100,82,120,75,45,167,92,75,12,6,6,9750,5235,4515
166,District-Jhansi,Urban,6,7486,3903,3583,20,13,7,11,9,2,0,0,0,148,69,79,98,48,50,121,55,66,6,1,5,7082,3708,3374
166,District-Jhansi,Urban,7,3052,1562,1490,34,28,6,26,18,8,0,0,0,290,128,162,53,30,23,73,35,38,2,0,2,2574,1323,1251
166,District-Jhansi,Urban,8,2218,1137,1081,36,26,10,27,14,13,3,1,2,357,185,172,27,12,15,78,37,41,12,5,7,1678,857,821
166,District-Jhansi,Urban,9,1666,880,786,28,18,10,27,19,8,0,0,0,313,156,157,38,18,20,57,33,24,5,1,4,1198,635,563
166,District-Jhansi,Urban,10,2282,1248,1034,34,24,10,21,14,7,0,0,0,479,255,224,52,32,20,62,36,26,12,7,5,1622,880,742
166,District-Jhansi,Urban,11,1860,961,899,90,70,20,50,32,18,5,3,2,576,268,308,57,34,23,66,36,30,10,5,5,1006,513,493
166,District-Jhansi,Urban,12,2304,1238,1066,120,94,26,59,39,20,8,6,2,776,380,396,55,40,15,84,45,39,27,22,5,1175,612,563
166,District-Jhansi,Urban,13,2073,1072,1001,148,117,31,77,41,36,11,8,3,773,370,403,63,41,22,77,48,29,28,19,9,896,428,468
166,District-Jhansi,Urban,14,2657,1430,1227,190,159,31,131,90,41,25,19,6,1052,486,566,112,81,31,119,72,47,25,19,6,1003,504,499
166,District-Jhansi,Urban,15,3620,1990,1630,385,326,59,202,149,53,47,32,15,1489,673,816,202,158,44,164,112,52,41,34,7,1090,506,584
166,District-Jhansi,Urban,16,4053,2207,1846,499,397,102,286,215,71,58,48,10,1763,784,979,254,172,82,175,120,55,47,32,15,971,439,532
166,District-Jhansi,Urban,17,4540,2429,2111,627,529,98,379,263,116,100,70,30,2054,834,1220,276,214,62,197,137,60,47,28,19,860,354,506
166,District-Jhansi,Urban,18,8020,4337,3683,1372,1162,210,784,593,191,170,129,41,3405,1243,2162,530,419,111,361,261,100,78,56,22,1320,474,846
166,District-Jhansi,Urban,19,6510,3338,3172,1236,1063,173,636,456,180,124,97,27,2955,957,1998,398,308,90,219,138,81,50,33,17,892,286,606
167,District-Lalitpur,Total,5-19,140709,70033,70676,15022,12267,2755,9333,4978,4355,2269,1187,1082,24675,8962,15713,5862,3182,2680,4871,1419,3452,1199,433,766,77478,37605,39873
167,District-Lalitpur,Total,5,29441,15663,13778,18,16,2,10,8,2,0,0,0,160,88,72,152,87,65,92,36,56,19,10,9,28990,15418,13572
167,District-Lalitpur,Total,6,20210,10347,9863,8,5,3,8,5,3,2,2,0,270,131,139,105,61,44,75,40,35,18,11,7,19724,10092,9632
167,District-Lalitpur,Total,7,6443,3228,3215,23,15,8,9,4,5,0,0,0,300,144,156,45,25,20,48,22,26,21,11,10,5997,3007,2990
167,District-Lalitpur,Total,8,4605,2289,2316,21,14,7,14,8,6,1,1,0,422,231,191,48,24,24,40,16,24,56,36,20,4003,1959,2044
167,District-Lalitpur,Total,9,2523,1213,1310,24,15,9,14,8,6,1,1,0,347,167,180,40,21,19,44,21,23,16,6,10,2037,974,1063
167,District-Lalitpur,Total,10,4012,2036,1976,49,26,23,26,15,11,4,4,0,614,304,310,72,46,26,60,35,25,41,15,26,3146,1591,1555
167,District-Lalitpur,Total,11,2858,1458,1400,204,177,27,102,55,47,32,14,18,680,338,342,139,77,62,105,36,69,39,19,20,1557,742,815
167,District-Lalitpur,Total,12,3855,1920,1935,302,253,49,169,89,80,43,21,22,1185,565,620,177,115,62,157,59,98,65,28,37,1757,790,967
167,District-Lalitpur,Total,13,3531,1646,1885,327,257,70,188,83,105,72,38,34,1283,528,755,152,89,63,174,55,119,56,23,33,1279,573,706
167,District-Lalitpur,Total,14,4929,2267,2662,549,418,131,438,234,204,151,73,78,2055,822,1233,216,129,87,192,70,122,77,33,44,1251,488,763
167,District-Lalitpur,Total,15,7776,4066,3710,1136,965,171,825,492,333,285,177,108,2921,1191,1730,520,370,150,425,178,247,118,49,69,1546,644,902
167,District-Lalitpur,Total,16,9241,4570,4671,1651,1333,318,1282,746,536,362,190,172,3373,1205,2168,580,374,206,510,178,332,118,51,67,1365,493,872
167,District-Lalitpur,Total,17,9069,4400,4669,2063,1678,385,1420,789,631,298,151,147,2861,949,1912,662,336,326,560,164,396,119,37,82,1086,296,790
167,District-Lalitpur,Total,18,19275,8974,10301,4920,4021,899,2970,1512,1458,631,316,315,5108,1507,3601,1737,861,876,1369,333,1036,265,72,193,2275,352,1923
167,District-Lalitpur,Total,19,12941,5956,6985,3727,3074,653,1858,930,928,387,199,188,3096,792,2304,1217,567,650,1020,176,844,171,32,139,1465,186,1279
167,District-Lalitpur,Rural,5-19,127014,62567,64447,13802,11185,2617,8761,4521,4240,2143,1089,1054,20984,7357,13627,5490,2897,2593,4604,1239,3365,1183,423,760,70047,33856,36191
167,District-Lalitpur,Rural,5,26907,14283,12624,15,14,1,7,5,2,0,0,0,129,68,61,134,81,53,80,30,50,18,9,9,26524,14076,12448
167,District-Lalitpur,Rural,6,18279,9378,8901,8,5,3,5,3,2,2,2,0,231,116,115,90,52,38,57,32,25,18,11,7,17868,9157,8711
167,District-Lalitpur,Rural,7,5749,2849,2900,16,10,6,7,3,4,0,0,0,265,126,139,36,21,15,36,14,22,20,10,10,5369,2665,2704
167,District-Lalitpur,Rural,8,4166,2073,2093,17,12,5,11,6,5,0,0,0,364,205,159,40,19,21,38,16,22,56,36,20,3640,1779,1861
167,District-Lalitpur,Rural,9,2271,1095,1176,20,13,7,13,7,6,1,1,0,303,151,152,34,19,15,36,16,20,16,6,10,1848,882,966
167,District-Lalitpur,Rural,10,3573,1791,1782,40,23,17,24,15,9,4,4,0,535,258,277,63,42,21,54,31,23,40,14,26,2813,1404,1409
167,District-Lalitpur,Rural,11,2570,1295,1275,182,157,25,97,51,46,31,13,18,599,292,307,134,73,61,99,33,66,39,19,20,1389,657,732
167,District-Lalitpur,Rural,12,3473,1705,1768,271,228,43,162,84,78,43,21,22,1048,487,561,164,105,59,146,55,91,65,28,37,1574,697,877
167,District-Lalitpur,Rural,13,3159,1432,1727,305,239,66,177,74,103,71,37,34,1124,443,681,146,83,63,162,45,117,56,23,33,1118,488,630
167,District-Lalitpur,Rural,14,4454,1982,2472,504,379,125,415,215,200,146,69,77,1815,694,1121,201,116,85,178,60,118,77,33,44,1118,416,702
167,District-Lalitpur,Rural,15,7059,3621,3438,1051,884,167,787,460,327,276,170,106,2587,1008,1579,480,336,144,405,166,239,117,48,69,1356,549,807
167,District-Lalitpur,Rural,16,8384,4085,4299,1541,1235,306,1209,689,520,346,176,170,2951,1014,1937,537,339,198,487,161,326,117,50,67,1196,421,775
167,District-Lalitpur,Rural,17,8109,3830,4279,1889,1527,362,1321,706,615,279,135,144,2411,751,1660,614,297,317,533,141,392,117,35,82,945,238,707
167,District-Lalitpur,Rural,18,17396,7946,9450,4533,3669,864,2793,1373,1420,593,291,302,4219,1172,3047,1658,796,862,1312,289,1023,261,70,191,2027,286,1741
167,District-Lalitpur,Rural,19,11465,5202,6263,3410,2790,620,1733,830,903,351,170,181,2403,572,1831,1159,518,641,981,150,831,166,31,135,1262,141,1121
167,District-Lalitpur,Urban,5-19,13695,7466,6229,1220,1082,138,572,457,115,126,98,28,3691,1605,2086,372,285,87,267,180,87,16,10,6,7431,3749,3682
167,District-Lalitpur,Urban,5,2534,1380,1154,3,2,1,3,3,0,0,0,0,31,20,11,18,6,12,12,6,6,1,1,0,2466,1342,1124
167,District-Lalitpur,Urban,6,1931,969,962,0,0,0,3,2,1,0,0,0,39,15,24,15,9,6,18,8,10,0,0,0,1856,935,921
167,District-Lalitpur,Urban,7,694,379,315,7,5,2,2,1,1,0,0,0,35,18,17,9,4,5,12,8,4,1,1,0,628,342,286
167,District-Lalitpur,Urban,8,439,216,223,4,2,2,3,2,1,1,1,0,58,26,32,8,5,3,2,0,2,0,0,0,363,180,183
167,District-Lalitpur,Urban,9,252,118,134,4,2,2,1,1,0,0,0,0,44,16,28,6,2,4,8,5,3,0,0,0,189,92,97
167,District-Lalitpur,Urban,10,439,245,194,9,3,6,2,0,2,0,0,0,79,46,33,9,4,5,6,4,2,1,1,0,333,187,146
167,District-Lalitpur,Urban,11,288,163,125,22,20,2,5,4,1,1,1,0,81,46,35,5,4,1,6,3,3,0,0,0,168,85,83
167,District-Lalitpur,Urban,12,382,215,167,31,25,6,7,5,2,0,0,0,137,78,59,13,10,3,11,4,7,0,0,0,183,93,90
167,District-Lalitpur,Urban,13,372,214,158,22,18,4,11,9,2,1,1,0,159,85,74,6,6,0,12,10,2,0,0,0,161,85,76
167,District-Lalitpur,Urban,14,475,285,190,45,39,6,23,19,4,5,4,1,240,128,112,15,13,2,14,10,4,0,0,0,133,72,61
167,District-Lalitpur,Urban,15,717,445,272,85,81,4,38,32,6,9,7,2,334,183,151,40,34,6,20,12,8,1,1,0,190,95,95
167,District-Lalitpur,Urban,16,857,485,372,110,98,12,73,57,16,16,14,2,422,191,231,43,35,8,23,17,6,1,1,0,169,72,97
167,District-Lalitpur,Urban,17,960,570,390,174,151,23,99,83,16,19,16,3,450,198,252,48,39,9,27,23,4,2,2,0,141,58,83
167,District-Lalitpur,Urban,18,1879,1028,851,387,352,35,177,139,38,38,25,13,889,335,554,79,65,14,57,44,13,4,2,2,248,66,182
167,District-Lalitpur,Urban,19,1476,754,722,317,284,33,125,100,25,36,29,7,693,220,473,58,49,9,39,26,13,5,1,4,203,45,158
168,District-Hamirpur,Total,5-19,115853,61475,54378,10810,9287,1523,9126,6282,2844,2668,1559,1109,25044,9730,15314,3591,2549,1042,3156,1740,1416,861,404,457,60597,29924,30673
168,District-Hamirpur,Total,5,22423,11975,10448,16,12,4,11,7,4,11,3,8,130,67,63,150,84,66,113,50,63,11,1,10,21981,11751,10230
168,District-Hamirpur,Total,6,14995,7757,7238,11,10,1,5,1,4,4,3,1,179,101,78,106,58,48,62,24,38,13,6,7,14615,7554,7061
168,District-Hamirpur,Total,7,5350,2695,2655,24,18,6,13,8,5,4,2,2,303,152,151,55,30,25,48,27,21,6,4,2,4897,2454,2443
168,District-Hamirpur,Total,8,3734,1874,1860,34,22,12,22,13,9,10,5,5,398,212,186,65,38,27,48,19,29,10,6,4,3147,1559,1588
168,District-Hamirpur,Total,9,2325,1132,1193,26,16,10,19,14,5,4,2,2,330,168,162,45,31,14,37,16,21,15,9,6,1849,876,973
168,District-Hamirpur,Total,10,3461,1717,1744,64,45,19,52,32,20,17,4,13,627,318,309,74,49,25,61,31,30,17,8,9,2549,1230,1319
168,District-Hamirpur,Total,11,2443,1248,1195,111,87,24,78,42,36,22,17,5,633,308,325,87,57,30,79,39,40,16,9,7,1417,689,728
168,District-Hamirpur,Total,12,3183,1563,1620,202,165,37,163,107,56,58,27,31,1088,476,612,116,73,43,101,52,49,48,25,23,1407,638,769
168,District-Hamirpur,Total,13,3342,1636,1706,253,188,65,228,142,86,92,51,41,1281,559,722,110,64,46,112,63,49,56,30,26,1210,539,671
168,District-Hamirpur,Total,14,5008,2410,2598,464,347,117,487,277,210,173,89,84,2140,881,1259,176,111,65,185,101,84,67,27,40,1316,577,739
168,District-Hamirpur,Total,15,7390,3855,3535,871,740,131,919,605,314,324,197,127,2983,1190,1793,383,292,91,336,193,143,113,56,57,1461,582,879
168,District-Hamirpur,Total,16,8857,4614,4243,1275,1077,198,1309,845,464,434,236,198,3668,1385,2283,381,300,81,381,238,143,141,72,69,1268,461,807
168,District-Hamirpur,Total,17,8200,4581,3619,1516,1343,173,1383,972,411,394,234,160,3067,1141,1926,391,294,97,361,215,146,97,42,55,991,340,651
168,District-Hamirpur,Total,18,15282,9030,6252,3605,3209,396,2653,1978,675,698,444,254,5056,1764,3292,877,679,198,705,420,285,160,77,83,1528,459,1069
168,District-Hamirpur,Total,19,9860,5388,4472,2338,2008,330,1784,1239,545,423,245,178,3161,1008,2153,575,389,186,527,252,275,91,32,59,961,215,746
168,District-Hamirpur,Rural,5-19,97105,51208,45897,9614,8218,1396,8456,5726,2730,2481,1406,1075,20862,7883,12979,3022,2094,928,2806,1481,1325,750,316,434,49114,24084,25030
168,District-Hamirpur,Rural,5,18997,10136,8861,12,9,3,11,7,4,11,3,8,112,59,53,131,72,59,105,47,58,11,1,10,18604,9938,8666
168,District-Hamirpur,Rural,6,12515,6431,6084,11,10,1,4,0,4,4,3,1,144,80,64,95,53,42,53,20,33,10,5,5,12194,6260,5934
168,District-Hamirpur,Rural,7,4386,2200,2186,22,17,5,12,8,4,4,2,2,265,136,129,51,28,23,42,21,21,6,4,2,3984,1984,2000
168,District-Hamirpur,Rural,8,2957,1466,1491,31,19,12,22,13,9,10,5,5,331,175,156,60,35,25,46,18,28,8,5,3,2449,1196,1253
168,District-Hamirpur,Rural,9,1846,904,942,26,16,10,17,13,4,4,2,2,276,139,137,37,26,11,34,16,18,12,9,3,1440,683,757
168,District-Hamirpur,Rural,10,2726,1355,1371,55,37,18,48,28,20,17,4,13,520,263,257,67,44,23,52,24,28,17,8,9,1950,947,1003
168,District-Hamirpur,Rural,11,1917,953,964,101,78,23,72,36,36,20,15,5,529,251,278,76,49,27,75,37,38,14,7,7,1030,480,550
168,District-Hamirpur,Rural,12,2558,1247,1311,177,141,36,152,100,52,57,26,31,905,404,501,101,62,39,93,44,49,43,21,22,1030,449,581
168,District-Hamirpur,Rural,13,2772,1307,1465,227,165,62,216,134,82,86,47,39,1110,481,629,91,52,39,103,56,47,49,25,24,890,347,543
168,District-Hamirpur,Rural,14,4208,1969,2239,415,306,109,462,259,203,163,81,82,1856,742,1114,146,90,56,168,88,80,56,17,39,942,386,556
168,District-Hamirpur,Rural,15,6338,3251,3087,778,655,123,855,554,301,305,183,122,2580,985,1595,332,251,81,289,160,129,98,43,55,1101,420,681
168,District-Hamirpur,Rural,16,7696,3957,3739,1170,980,190,1237,786,451,406,217,189,3174,1158,2016,321,246,75,333,201,132,122,53,69,933,316,617
168,District-Hamirpur,Rural,17,6969,3872,3097,1335,1184,151,1300,903,397,364,207,157,2515,887,1628,329,245,84,317,181,136,82,31,51,727,234,493
168,District-Hamirpur,Rural,18,12948,7616,5332,3196,2833,363,2425,1777,648,635,390,245,4094,1361,2733,719,541,178,625,355,270,139,59,80,1115,300,815
168,District-Hamirpur,Rural,19,8272,4544,3728,2058,1768,290,1623,1108,515,395,221,174,2451,762,1689,466,300,166,471,213,258,83,28,55,725,144,581
168,District-Hamirpur,Urban,5-19,18748,10267,8481,1196,1069,127,670,556,114,187,153,34,4182,1847,2335,569,455,114,350,259,91,111,88,23,11483,5840,5643
168,District-Hamirpur,Urban,5,3426,1839,1587,4,3,1,0,0,0,0,0,0,18,8,10,19,12,7,8,3,5,0,0,0,3377,1813,1564
168,District-Hamirpur,Urban,6,2480,1326,1154,0,0,0,1,1,0,0,0,0,35,21,14,11,5,6,9,4,5,3,1,2,2421,1294,1127
168,District-Hamirpur,Urban,7,964,495,469,2,1,1,1,0,1,0,0,0,38,16,22,4,2,2,6,6,0,0,0,0,913,470,443
168,District-Hamirpur,Urban,8,777,408,369,3,3,0,0,0,0,0,0,0,67,37,30,5,3,2,2,1,1,2,1,1,698,363,335
168,District-Hamirpur,Urban,9,479,228,251,0,0,0,2,1,1,0,0,0,54,29,25,8,5,3,3,0,3,3,0,3,409,193,216
168,District-Hamirpur,Urban,10,735,362,373,9,8,1,4,4,0,0,0,0,107,55,52,7,5,2,9,7,2,0,0,0,599,283,316
168,District-Hamirpur,Urban,11,526,295,231,10,9,1,6,6,0,2,2,0,104,57,47,11,8,3,4,2,2,2,2,0,387,209,178
168,District-Hamirpur,Urban,12,625,316,309,25,24,1,11,7,4,1,1,0,183,72,111,15,11,4,8,8,0,5,4,1,377,189,188
168,District-Hamirpur,Urban,13,570,329,241,26,23,3,12,8,4,6,4,2,171,78,93,19,12,7,9,7,2,7,5,2,320,192,128
168,District-Hamirpur,Urban,14,800,441,359,49,41,8,25,18,7,10,8,2,284,139,145,30,21,9,17,13,4,11,10,1,374,191,183
168,District-Hamirpur,Urban,15,1052,604,448,93,85,8,64,51,13,19,14,5,403,205,198,51,41,10,47,33,14,15,13,2,360,162,198
168,District-Hamirpur,Urban,16,1161,657,504,105,97,8,72,59,13,28,19,9,494,227,267,60,54,6,48,37,11,19,19,0,335,145,190
168,District-Hamirpur,Urban,17,1231,709,522,181,159,22,83,69,14,30,27,3,552,254,298,62,49,13,44,34,10,15,11,4,264,106,158
168,District-Hamirpur,Urban,18,2334,1414,920,409,376,33,228,201,27,63,54,9,962,403,559,158,138,20,80,65,15,21,18,3,413,159,254
168,District-Hamirpur,Urban,19,1588,844,744,280,240,40,161,131,30,28,24,4,710,246,464,109,89,20,56,39,17,8,4,4,236,71,165
169,District-Mahoba,Total,5-19,99596,51201,48395,8725,7230,1495,5781,3770,2011,1726,1008,718,21183,8385,12798,3697,2469,1228,2723,1334,1389,775,408,367,54986,26597,28389
169,District-Mahoba,Total,5,17977,9491,8486,17,13,4,6,1,5,0,0,0,115,68,47,123,68,55,101,54,47,28,15,13,17587,9272,8315
169,District-Mahoba,Total,6,12751,6470,6281,11,9,2,7,2,5,1,0,1,185,93,92,104,60,44,89,44,45,26,12,14,12328,6250,6078
169,District-Mahoba,Total,7,5157,2591,2566,29,17,12,13,6,7,1,1,0,280,146,134,44,22,22,37,23,14,21,10,11,4732,2366,2366
169,District-Mahoba,Total,8,3987,1930,2057,21,9,12,11,8,3,1,1,0,413,201,212,39,27,12,56,31,25,32,21,11,3414,1632,1782
169,District-Mahoba,Total,9,2518,1201,1317,21,12,9,12,8,4,1,0,1,391,204,187,41,25,16,37,19,18,21,12,9,1994,921,1073
169,District-Mahoba,Total,10,3531,1780,1751,51,30,21,20,16,4,9,7,2,625,322,303,58,39,19,67,36,31,37,23,14,2664,1307,1357
169,District-Mahoba,Total,11,2462,1246,1216,96,65,31,55,38,17,15,7,8,656,327,329,70,39,31,65,33,32,25,12,13,1480,725,755
169,District-Mahoba,Total,12,3253,1657,1596,176,136,40,110,68,42,28,13,15,1033,524,509,116,74,42,127,64,63,46,25,21,1617,753,864
169,District-Mahoba,Total,13,3170,1496,1674,210,161,49,147,71,76,71,30,41,1167,522,645,118,75,43,105,36,69,45,20,25,1307,581,726
169,District-Mahoba,Total,14,4527,2140,2387,401,290,111,326,185,141,106,49,57,1837,756,1081,218,147,71,166,82,84,43,21,22,1430,610,820
169,District-Mahoba,Total,15,6171,3109,3062,700,546,154,511,309,202,213,140,73,2518,1058,1460,391,280,111,251,132,119,77,48,29,1510,596,914
169,District-Mahoba,Total,16,7306,3677,3629,1070,879,191,781,490,291,283,153,130,2942,1074,1868,396,284,112,310,169,141,87,50,37,1437,578,859
169,District-Mahoba,Total,17,6613,3472,3141,1207,1009,198,902,603,299,243,150,93,2521,895,1626,437,284,153,265,142,123,69,40,29,969,349,620
169,District-Mahoba,Total,18,12123,6752,5371,2728,2366,362,1722,1198,524,473,294,179,3966,1434,2532,924,638,286,607,301,306,139,65,74,1564,456,1108
169,District-Mahoba,Total,19,8050,4189,3861,1987,1688,299,1158,767,391,281,163,118,2534,761,1773,618,407,211,440,168,272,79,34,45,953,201,752
169,District-Mahoba,Rural,5-19,79922,40741,39181,7424,6082,1342,5242,3334,1908,1621,923,698,16387,6209,10178,3099,1979,1120,2411,1118,1293,726,372,354,43012,20724,22288
169,District-Mahoba,Rural,5,14760,7827,6933,12,10,2,6,1,5,0,0,0,91,55,36,107,57,50,91,46,45,28,15,13,14425,7643,6782
169,District-Mahoba,Rural,6,10343,5209,5134,9,7,2,7,2,5,1,0,1,150,76,74,89,52,37,82,41,41,26,12,14,9979,5019,4960
169,District-Mahoba,Rural,7,4087,2025,2062,23,13,10,12,6,6,1,1,0,210,115,95,37,18,19,33,20,13,21,10,11,3750,1842,1908
169,District-Mahoba,Rural,8,3138,1519,1619,18,8,10,10,7,3,1,1,0,305,150,155,36,24,12,52,28,24,31,20,11,2685,1281,1404
169,District-Mahoba,Rural,9,1958,923,1035,18,11,7,11,7,4,1,0,1,296,151,145,38,22,16,28,17,11,21,12,9,1545,703,842
169,District-Mahoba,Rural,10,2674,1332,1342,41,23,18,19,15,4,9,7,2,462,226,236,52,35,17,62,33,29,34,21,13,1995,972,1023
169,District-Mahoba,Rural,11,1894,960,934,81,55,26,49,34,15,14,7,7,489,241,248,61,33,28,57,28,29,25,12,13,1118,550,568
169,District-Mahoba,Rural,12,2446,1220,1226,134,100,34,90,54,36,24,10,14,797,396,401,100,60,40,111,49,62,42,22,20,1148,529,619
169,District-Mahoba,Rural,13,2473,1136,1337,175,136,39,139,66,73,69,29,40,924,397,527,103,63,40,97,33,64,42,18,24,924,394,530
169,District-Mahoba,Rural,14,3647,1703,1944,355,254,101,307,168,139,103,47,56,1491,599,892,187,122,65,154,76,78,38,18,20,1012,419,593
169,District-Mahoba,Rural,15,4891,2432,2459,586,445,141,472,278,194,201,130,71,2010,807,1203,325,231,94,214,106,108,69,41,28,1014,394,620
169,District-Mahoba,Rural,16,5914,2903,3011,916,739,177,705,433,272,273,146,127,2346,810,1536,305,203,102,264,138,126,84,47,37,1021,387,634
169,District-Mahoba,Rural,17,5373,2754,2619,1021,843,178,810,523,287,228,135,93,1995,669,1326,362,222,140,231,116,115,62,35,27,664,211,453
169,District-Mahoba,Rural,18,9790,5378,4412,2305,1981,324,1568,1067,501,431,260,171,2994,1010,1984,760,498,262,531,246,285,129,57,72,1072,259,813
169,District-Mahoba,Rural,19,6534,3420,3114,1730,1457,273,1037,673,364,265,150,115,1827,507,1320,537,339,198,404,141,263,74,32,42,660,121,539
169,District-Mahoba,Urban,5-19,19674,10460,9214,1301,1148,153,539,436,103,105,85,20,4796,2176,2620,598,490,108,312,216,96,49,36,13,11974,5873,6101
169,District-Mahoba,Urban,5,3217,1664,1553,5,3,2,0,0,0,0,0,0,24,13,11,16,11,5,10,8,2,0,0,0,3162,1629,1533
169,District-Mahoba,Urban,6,2408,1261,1147,2,2,0,0,0,0,0,0,0,35,17,18,15,8,7,7,3,4,0,0,0,2349,1231,1118
169,District-Mahoba,Urban,7,1070,566,504,6,4,2,1,0,1,0,0,0,70,31,39,7,4,3,4,3,1,0,0,0,982,524,458
169,District-Mahoba,Urban,8,849,411,438,3,1,2,1,1,0,0,0,0,108,51,57,3,3,0,4,3,1,1,1,0,729,351,378
169,District-Mahoba,Urban,9,560,278,282,3,1,2,1,1,0,0,0,0,95,53,42,3,3,0,9,2,7,0,0,0,449,218,231
169,District-Mahoba,Urban,10,857,448,409,10,7,3,1,1,0,0,0,0,163,96,67,6,4,2,5,3,2,3,2,1,669,335,334
169,District-Mahoba,Urban,11,568,286,282,15,10,5,6,4,2,1,0,1,167,86,81,9,6,3,8,5,3,0,0,0,362,175,187
169,District-Mahoba,Urban,12,807,437,370,42,36,6,20,14,6,4,3,1,236,128,108,16,14,2,16,15,1,4,3,1,469,224,245
169,District-Mahoba,Urban,13,697,360,337,35,25,10,8,5,3,2,1,1,243,125,118,15,12,3,8,3,5,3,2,1,383,187,196
169,District-Mahoba,Urban,14,880,437,443,46,36,10,19,17,2,3,2,1,346,157,189,31,25,6,12,6,6,5,3,2,418,191,227
169,District-Mahoba,Urban,15,1280,677,603,114,101,13,39,31,8,12,10,2,508,251,257,66,49,17,37,26,11,8,7,1,496,202,294
169,District-Mahoba,Urban,16,1392,774,618,154,140,14,76,57,19,10,7,3,596,264,332,91,81,10,46,31,15,3,3,0,416,191,225
169,District-Mahoba,Urban,17,1240,718,522,186,166,20,92,80,12,15,15,0,526,226,300,75,62,13,34,26,8,7,5,2,305,138,167
169,District-Mahoba,Urban,18,2333,1374,959,423,385,38,154,131,23,42,34,8,972,424,548,164,140,24,76,55,21,10,8,2,492,197,295
169,District-Mahoba,Urban,19,1516,769,747,257,231,26,121,94,27,16,13,3,707,254,453,81,68,13,36,27,9,5,2,3,293,80,213
170,District-Banda,Total,5-19,209196,112559,96637,18935,16466,2469,14173,9907,4266,3821,2346,1475,37613,14635,22978,6848,4849,1999,5278,2734,2544,1291,607,684,121237,61015,60222
170,District-Banda,Total,5,45255,24356,20899,10,7,3,8,6,2,0,0,0,179,97,82,142,86,56,121,72,49,21,11,10,44774,24077,20697
170,District-Banda,Total,6,31353,16533,14820,14,13,1,4,2,2,3,2,1,265,138,127,104,64,40,87,39,48,23,11,12,30853,16264,14589
170,District-Banda,Total,7,10561,5353,5208,26,23,3,9,6,3,4,2,2,354,177,177,77,42,35,40,11,29,15,5,10,10036,5087,4949
170,District-Banda,Total,8,6799,3429,3370,31,22,9,14,7,7,3,1,2,538,260,278,63,32,31,75,45,30,29,12,17,6046,3050,2996
170,District-Banda,Total,9,4451,2235,2216,36,23,13,26,15,11,8,5,3,498,266,232,60,39,21,63,31,32,20,13,7,3740,1843,1897
170,District-Banda,Total,10,7285,3640,3645,79,55,24,51,28,23,20,10,10,889,427,462,136,85,51,123,62,61,44,23,21,5943,2950,2993
170,District-Banda,Total,11,4348,2216,2132,132,106,26,122,73,49,26,11,15,927,431,496,109,82,27,113,52,61,35,19,16,2884,1442,1442
170,District-Banda,Total,12,5420,2735,2685,324,271,53,230,135,95,99,49,50,1717,783,934,231,161,70,213,96,117,67,36,31,2539,1204,1335
170,District-Banda,Total,13,5564,2695,2869,417,332,85,344,214,130,137,75,62,2118,894,1224,226,148,78,216,112,104,78,32,46,2028,888,1140
170,District-Banda,Total,14,8687,4206,4481,799,638,161,871,516,355,320,167,153,3611,1429,2182,383,274,109,356,183,173,108,49,59,2239,950,1289
170,District-Banda,Total,15,12227,6495,5732,1682,1409,273,1522,982,540,507,295,212,4808,1937,2871,657,492,165,557,321,236,160,88,72,2334,971,1363
170,District-Banda,Total,16,15076,8098,6978,2448,2105,343,2273,1530,743,695,417,278,5761,2142,3619,831,605,226,683,395,288,179,89,90,2206,815,1391
170,District-Banda,Total,17,12379,6999,5380,2689,2351,338,1965,1360,605,542,339,203,4337,1579,2758,774,574,200,555,298,257,113,47,66,1404,451,953
170,District-Banda,Total,18,25227,15414,9813,6426,5765,661,4306,3294,1012,959,653,306,7403,2711,4692,1936,1453,483,1266,679,587,266,124,142,2665,735,1930
170,District-Banda,Total,19,14564,8155,6409,3822,3346,476,2428,1739,689,498,320,178,4208,1364,2844,1119,712,407,810,338,472,133,48,85,1546,288,1258
170,District-Banda,Rural,5-19,185360,99570,85790,17124,14840,2284,13400,9302,4098,3596,2171,1425,32534,12385,20149,6044,4230,1814,4858,2448,2410,1158,532,626,106646,53662,52984
170,District-Banda,Rural,5,40330,21737,18593,7,4,3,7,5,2,0,0,0,145,80,65,120,70,50,111,67,44,21,11,10,39919,21500,18419
170,District-Banda,Rural,6,27854,14708,13146,11,10,1,3,1,2,3,2,1,223,118,105,95,57,38,81,34,47,18,9,9,27420,14477,12943
170,District-Banda,Rural,7,9294,4731,4563,17,15,2,8,6,2,4,2,2,307,153,154,67,37,30,33,9,24,13,3,10,8845,4506,4339
170,District-Banda,Rural,8,5958,2996,2962,27,19,8,14,7,7,2,0,2,456,220,236,55,27,28,65,35,30,25,11,14,5314,2677,2637
170,District-Banda,Rural,9,3925,1956,1969,32,20,12,21,13,8,7,4,3,441,239,202,50,33,17,53,24,29,18,13,5,3303,1610,1693
170,District-Banda,Rural,10,6366,3171,3195,73,52,21,48,28,20,16,8,8,768,367,401,120,76,44,111,55,56,39,21,18,5191,2564,2627
170,District-Banda,Rural,11,3793,1916,1877,120,95,25,108,62,46,24,10,14,802,364,438,94,71,23,106,49,57,33,17,16,2506,1248,1258
170,District-Banda,Rural,12,4697,2355,2342,291,243,48,210,120,90,93,44,49,1502,680,822,205,144,61,189,83,106,63,32,31,2144,1009,1135
170,District-Banda,Rural,13,4861,2316,2545,373,294,79,321,197,124,132,71,61,1871,766,1105,195,123,72,198,97,101,67,26,41,1704,742,962
170,District-Banda,Rural,14,7735,3698,4037,718,569,149,829,488,341,301,150,151,3227,1248,1979,346,246,100,333,168,165,92,43,49,1889,786,1103
170,District-Banda,Rural,15,10962,5778,5184,1537,1283,254,1453,932,521,484,279,205,4316,1709,2607,577,425,152,506,286,220,149,80,69,1940,784,1156
170,District-Banda,Rural,16,13580,7253,6327,2227,1914,313,2176,1456,720,662,397,265,5150,1879,3271,741,536,205,631,355,276,159,81,78,1834,635,1199
170,District-Banda,Rural,17,10930,6153,4777,2440,2136,304,1869,1282,587,510,312,198,3702,1294,2408,667,492,175,507,264,243,99,39,60,1136,334,802
170,District-Banda,Rural,18,22373,13661,8712,5797,5181,616,4073,3100,973,895,602,293,6260,2210,4050,1703,1263,440,1185,620,565,242,107,135,2218,578,1640
170,District-Banda,Rural,19,12702,7141,5561,3454,3005,449,2260,1605,655,463,290,173,3364,1058,2306,1009,630,379,749,302,447,120,39,81,1283,212,1071
170,District-Banda,Urban,5-19,23836,12989,10847,1811,1626,185,773,605,168,225,175,50,5079,2250,2829,804,619,185,420,286,134,133,75,58,14591,7353,7238
170,District-Banda,Urban,5,4925,2619,2306,3,3,0,1,1,0,0,0,0,34,17,17,22,16,6,10,5,5,0,0,0,4855,2577,2278
170,District-Banda,Urban,6,3499,1825,1674,3,3,0,1,1,0,0,0,0,42,20,22,9,7,2,6,5,1,5,2,3,3433,1787,1646
170,District-Banda,Urban,7,1267,622,645,9,8,1,1,0,1,0,0,0,47,24,23,10,5,5,7,2,5,2,2,0,1191,581,610
170,District-Banda,Urban,8,841,433,408,4,3,1,0,0,0,1,1,0,82,40,42,8,5,3,10,10,0,4,1,3,732,373,359
170,District-Banda,Urban,9,526,279,247,4,3,1,5,2,3,1,1,0,57,27,30,10,6,4,10,7,3,2,0,2,437,233,204
170,District-Banda,Urban,10,919,469,450,6,3,3,3,0,3,4,2,2,121,60,61,16,9,7,12,7,5,5,2,3,752,386,366
170,District-Banda,Urban,11,555,300,255,12,11,1,14,11,3,2,1,1,125,67,58,15,11,4,7,3,4,2,2,0,378,194,184
170,District-Banda,Urban,12,723,380,343,33,28,5,20,15,5,6,5,1,215,103,112,26,17,9,24,13,11,4,4,0,395,195,200
170,District-Banda,Urban,13,703,379,324,44,38,6,23,17,6,5,4,1,247,128,119,31,25,6,18,15,3,11,6,5,324,146,178
170,District-Banda,Urban,14,952,508,444,81,69,12,42,28,14,19,17,2,384,181,203,37,28,9,23,15,8,16,6,10,350,164,186
170,District-Banda,Urban,15,1265,717,548,145,126,19,69,50,19,23,16,7,492,228,264,80,67,13,51,35,16,11,8,3,394,187,207
170,District-Banda,Urban,16,1496,845,651,221,191,30,97,74,23,33,20,13,611,263,348,90,69,21,52,40,12,20,8,12,372,180,192
170,District-Banda,Urban,17,1449,846,603,249,215,34,96,78,18,32,27,5,635,285,350,107,82,25,48,34,14,14,8,6,268,117,151
170,District-Banda,Urban,18,2854,1753,1101,629,584,45,233,194,39,64,51,13,1143,501,642,233,190,43,81,59,22,24,17,7,447,157,290
170,District-Banda,Urban,19,1862,1014,848,368,341,27,168,134,34,35,30,5,844,306,538,110,82,28,61,36,25,13,9,4,263,76,187
171,District-Chitrakoot,Total,5-19,116897,61240,55657,11063,9002,2061,7079,4489,2590,2208,1207,1001,19044,7616,11428,4221,2669,1552,2767,1238,1529,750,280,470,69765,34739,35026
171,District-Chitrakoot,Total,5,26679,14268,12411,4,3,1,1,1,0,0,0,0,109,66,43,97,43,54,65,35,30,5,2,3,26398,14118,12280
171,District-Chitrakoot,Total,6,18719,9681,9038,12,9,3,2,2,0,0,0,0,168,89,79,81,45,36,43,23,20,7,6,1,18406,9507,8899
171,District-Chitrakoot,Total,7,6305,3240,3065,15,12,3,6,1,5,0,0,0,235,140,95,22,10,12,16,5,11,5,2,3,6006,3070,2936
171,District-Chitrakoot,Total,8,3937,1913,2024,20,14,6,9,4,5,2,0,2,303,144,159,41,17,24,23,10,13,6,1,5,3533,1723,1810
171,District-Chitrakoot,Total,9,2374,1177,1197,21,15,6,5,0,5,3,0,3,330,161,169,23,14,9,30,11,19,9,1,8,1953,975,978
171,District-Chitrakoot,Total,10,3596,1793,1803,40,22,18,28,20,8,14,8,6,532,282,250,46,24,22,52,28,24,21,10,11,2863,1399,1464
171,District-Chitrakoot,Total,11,2294,1096,1198,93,73,20,55,25,30,29,12,17,518,236,282,72,41,31,63,26,37,23,7,16,1441,676,765
171,District-Chitrakoot,Total,12,3279,1613,1666,210,167,43,136,78,58,66,28,38,1029,471,558,169,87,82,118,59,59,47,23,24,1504,700,804
171,District-Chitrakoot,Total,13,2989,1354,1635,236,170,66,202,101,101,84,28,56,1122,461,661,137,83,54,116,48,68,53,20,33,1039,443,596
171,District-Chitrakoot,Total,14,4656,2247,2409,518,387,131,461,266,195,166,97,69,1804,755,1049,245,144,101,179,89,90,63,26,37,1220,483,737
171,District-Chitrakoot,Total,15,6699,3436,3263,1004,802,202,749,446,303,317,169,148,2457,1004,1453,463,315,148,314,169,145,94,43,51,1301,488,813
171,District-Chitrakoot,Total,16,8162,4300,3862,1522,1221,301,1125,706,419,394,211,183,2900,1127,1773,555,386,169,328,173,155,93,37,56,1245,439,806
171,District-Chitrakoot,Total,17,6507,3538,2969,1522,1239,283,1078,697,381,305,162,143,2056,763,1293,433,280,153,298,135,163,73,28,45,742,234,508
171,District-Chitrakoot,Total,18,13026,7604,5422,3663,3112,551,2062,1383,679,557,348,209,3488,1306,2182,1110,783,327,669,292,377,154,54,100,1323,326,997
171,District-Chitrakoot,Total,19,7675,3980,3695,2183,1756,427,1160,759,401,271,144,127,1993,611,1382,727,397,330,453,135,318,97,20,77,791,158,633
171,District-Chitrakoot,Rural,5-19,106335,55643,50692,10477,8470,2007,6863,4309,2554,2150,1159,991,16873,6619,10254,3867,2378,1489,2650,1146,1504,701,239,462,62754,31323,31431
171,District-Chitrakoot,Rural,5,24713,13182,11531,4,3,1,1,1,0,0,0,0,103,64,39,90,38,52,62,32,30,5,2,3,24448,13042,11406
171,District-Chitrakoot,Rural,6,17040,8802,8238,10,7,3,2,2,0,0,0,0,154,81,73,76,43,33,42,23,19,7,6,1,16749,8640,8109
171,District-Chitrakoot,Rural,7,5671,2939,2732,13,10,3,6,1,5,0,0,0,202,120,82,21,10,11,16,5,11,5,2,3,5408,2791,2617
171,District-Chitrakoot,Rural,8,3429,1684,1745,20,14,6,9,4,5,2,0,2,274,130,144,37,13,24,23,10,13,6,1,5,3058,1512,1546
171,District-Chitrakoot,Rural,9,2090,1065,1025,21,15,6,5,0,5,3,0,3,296,150,146,21,13,8,29,10,19,9,1,8,1706,876,830
171,District-Chitrakoot,Rural,10,3119,1546,1573,40,22,18,26,19,7,13,7,6,460,239,221,43,22,21,48,25,23,20,10,10,2469,1202,1267
171,District-Chitrakoot,Rural,11,2012,963,1049,88,69,19,53,23,30,29,12,17,457,210,247,67,37,30,61,24,37,22,6,16,1235,582,653
171,District-Chitrakoot,Rural,12,2862,1402,1460,195,153,42,132,75,57,64,26,38,924,419,505,154,79,75,111,52,59,43,21,22,1239,577,662
171,District-Chitrakoot,Rural,13,2641,1177,1464,225,161,64,198,97,101,82,28,54,997,398,599,129,77,52,111,43,68,48,15,33,851,358,493
171,District-Chitrakoot,Rural,14,4187,2002,2185,488,361,127,453,260,193,160,91,69,1635,665,970,228,130,98,168,79,89,61,25,36,994,391,603
171,District-Chitrakoot,Rural,15,6124,3130,2994,953,753,200,733,433,300,310,162,148,2232,893,1339,424,283,141,297,156,141,85,34,51,1090,416,674
171,District-Chitrakoot,Rural,16,7500,3922,3578,1449,1156,293,1100,684,416,388,207,181,2624,996,1628,489,329,160,318,165,153,84,30,54,1048,355,693
171,District-Chitrakoot,Rural,17,6007,3254,2753,1461,1186,275,1043,667,376,297,158,139,1820,656,1164,400,252,148,285,125,160,71,26,45,630,184,446
171,District-Chitrakoot,Rural,18,11909,6943,4966,3440,2907,533,1999,1332,667,537,330,207,3016,1105,1911,1002,689,313,640,272,368,141,43,98,1134,265,869
171,District-Chitrakoot,Rural,19,7031,3632,3399,2070,1653,417,1103,711,392,265,138,127,1679,493,1186,686,363,323,439,125,314,94,17,77,695,132,563
171,District-Chitrakoot,Urban,5-19,10562,5597,4965,586,532,54,216,180,36,58,48,10,2171,997,1174,354,291,63,117,92,25,49,41,8,7011,3416,3595
171,District-Chitrakoot,Urban,5,1966,1086,880,0,0,0,0,0,0,0,0,0,6,2,4,7,5,2,3,3,0,0,0,0,1950,1076,874
171,District-Chitrakoot,Urban,6,1679,879,800,2,2,0,0,0,0,0,0,0,14,8,6,5,2,3,1,0,1,0,0,0,1657,867,790
171,District-Chitrakoot,Urban,7,634,301,333,2,2,0,0,0,0,0,0,0,33,20,13,1,0,1,0,0,0,0,0,0,598,279,319
171,District-Chitrakoot,Urban,8,508,229,279,0,0,0,0,0,0,0,0,0,29,14,15,4,4,0,0,0,0,0,0,0,475,211,264
171,District-Chitrakoot,Urban,9,284,112,172,0,0,0,0,0,0,0,0,0,34,11,23,2,1,1,1,1,0,0,0,0,247,99,148
171,District-Chitrakoot,Urban,10,477,247,230,0,0,0,2,1,1,1,1,0,72,43,29,3,2,1,4,3,1,1,0,1,394,197,197
171,District-Chitrakoot,Urban,11,282,133,149,5,4,1,2,2,0,0,0,0,61,26,35,5,4,1,2,2,0,1,1,0,206,94,112
171,District-Chitrakoot,Urban,12,417,211,206,15,14,1,4,3,1,2,2,0,105,52,53,15,8,7,7,7,0,4,2,2,265,123,142
171,District-Chitrakoot,Urban,13,348,177,171,11,9,2,4,4,0,2,0,2,125,63,62,8,6,2,5,5,0,5,5,0,188,85,103
171,District-Chitrakoot,Urban,14,469,245,224,30,26,4,8,6,2,6,6,0,169,90,79,17,14,3,11,10,1,2,1,1,226,92,134
171,District-Chitrakoot,Urban,15,575,306,269,51,49,2,16,13,3,7,7,0,225,111,114,39,32,7,17,13,4,9,9,0,211,72,139
171,District-Chitrakoot,Urban,16,662,378,284,73,65,8,25,22,3,6,4,2,276,131,145,66,57,9,10,8,2,9,7,2,197,84,113
171,District-Chitrakoot,Urban,17,500,284,216,61,53,8,35,30,5,8,4,4,236,107,129,33,28,5,13,10,3,2,2,0,112,50,62
171,District-Chitrakoot,Urban,18,1117,661,456,223,205,18,63,51,12,20,18,2,472,201,271,108,94,14,29,20,9,13,11,2,189,61,128
171,District-Chitrakoot,Urban,19,644,348,296,113,103,10,57,48,9,6,6,0,314,118,196,41,34,7,14,10,4,3,3,0,96,26,70
172,District-Fatehpur,Total,5-19,316535,167949,148586,28461,23413,5048,25315,16770,8545,7658,4306,3352,61137,24565,36572,11363,7649,3714,11176,5804,5372,3604,1605,1999,167821,83837,83984
172,District-Fatehpur,Total,5,58092,30811,27281,31,23,8,22,18,4,8,3,5,347,176,171,394,208,186,400,209,191,121,65,56,56769,30109,26660
172,District-Fatehpur,Total,6,41548,21713,19835,18,14,4,22,12,10,6,1,5,492,218,274,321,185,136,291,154,137,130,65,65,40268,21064,19204
172,District-Fatehpur,Total,7,15888,8050,7838,41,23,18,40,25,15,9,3,6,672,357,315,175,92,83,203,100,103,76,31,45,14672,7419,7253
172,District-Fatehpur,Total,8,10754,5503,5251,67,44,23,44,29,15,11,2,9,906,494,412,181,92,89,204,100,104,72,32,40,9269,4710,4559
172,District-Fatehpur,Total,9,6562,3431,3131,61,33,28,61,29,32,20,16,4,855,442,413,137,81,56,182,92,90,67,35,32,5179,2703,2476
172,District-Fatehpur,Total,10,10352,5517,4835,162,123,39,137,85,52,55,30,25,1602,894,708,260,169,91,283,149,134,144,71,73,7709,3996,3713
172,District-Fatehpur,Total,11,6756,3467,3289,252,195,57,215,145,70,73,33,40,1557,767,790,226,140,86,250,123,127,117,59,58,4066,2005,2061
172,District-Fatehpur,Total,12,9582,5007,4575,550,422,128,475,271,204,212,115,97,2838,1363,1475,406,272,134,506,266,240,189,84,105,4406,2214,2192
172,District-Fatehpur,Total,13,9771,4972,4799,664,506,158,712,425,287,292,156,136,3321,1557,1764,428,268,160,578,288,290,207,106,101,3569,1666,1903
172,District-Fatehpur,Total,14,14000,7187,6813,1347,1039,308,1406,841,565,574,317,257,5037,2324,2713,667,436,231,828,412,416,288,136,152,3853,1682,2171
172,District-Fatehpur,Total,15,20720,10979,9741,2633,2106,527,2690,1742,948,947,546,401,7236,3089,4147,1291,910,381,1198,619,579,421,183,238,4304,1784,2520
172,District-Fatehpur,Total,16,24912,12846,12066,3756,3013,743,3900,2463,1437,1307,713,594,8638,3309,5329,1378,938,440,1441,731,710,441,177,264,4051,1502,2549
172,District-Fatehpur,Total,17,21562,11440,10122,3887,3186,701,3657,2429,1228,1067,556,511,7422,2702,4720,1221,849,372,1168,619,549,359,153,206,2781,946,1835
172,District-Fatehpur,Total,18,42200,23831,18369,9463,8031,1432,7647,5304,2343,1958,1162,796,12935,4489,8446,2747,1919,828,2334,1285,1049,617,268,349,4499,1373,3126
172,District-Fatehpur,Total,19,23836,13195,10641,5529,4655,874,4287,2952,1335,1119,653,466,7279,2384,4895,1531,1090,441,1310,657,653,355,140,215,2426,664,1762
172,District-Fatehpur,Rural,5-19,281440,148899,132541,26171,21395,4776,24304,16021,8283,7419,4134,3285,52504,20647,31857,10045,6626,3419,10388,5258,5130,3430,1481,1949,147179,73337,73842
172,District-Fatehpur,Rural,5,52613,27869,24744,31,23,8,20,16,4,8,3,5,287,145,142,368,194,174,369,191,178,117,63,54,51413,27234,24179
172,District-Fatehpur,Rural,6,37337,19511,17826,14,11,3,20,10,10,6,1,5,425,186,239,291,171,120,274,147,127,128,64,64,36179,18921,17258
172,District-Fatehpur,Rural,7,13950,7091,6859,38,21,17,38,23,15,9,3,6,555,303,252,154,82,72,188,92,96,71,30,41,12897,6537,6360
172,District-Fatehpur,Rural,8,9293,4746,4547,56,37,19,39,28,11,11,2,9,761,417,344,168,88,80,193,90,103,70,31,39,7995,4053,3942
172,District-Fatehpur,Rural,9,5568,2905,2663,58,30,28,58,27,31,19,15,4,711,362,349,117,69,48,170,86,84,65,33,32,4370,2283,2087
172,District-Fatehpur,Rural,10,8946,4732,4214,151,114,37,130,82,48,54,29,25,1359,752,607,226,148,78,260,135,125,139,66,73,6627,3406,3221
172,District-Fatehpur,Rural,11,5783,2945,2838,232,179,53,206,140,66,71,32,39,1334,648,686,201,121,80,239,116,123,116,58,58,3384,1651,1733
172,District-Fatehpur,Rural,12,8157,4231,3926,493,378,115,453,258,195,204,113,91,2395,1128,1267,372,246,126,466,240,226,181,77,104,3593,1791,1802
172,District-Fatehpur,Rural,13,8492,4283,4209,614,463,151,689,406,283,284,149,135,2860,1321,1539,378,234,144,545,264,281,198,103,95,2924,1343,1581
172,District-Fatehpur,Rural,14,12371,6287,6084,1266,974,292,1350,799,551,558,306,252,4407,1984,2423,597,386,211,779,381,398,275,126,149,3139,1331,1808
172,District-Fatehpur,Rural,15,18521,9732,8789,2441,1933,508,2594,1666,928,919,526,393,6371,2664,3707,1160,809,351,1116,562,554,396,168,228,3524,1404,2120
172,District-Fatehpur,Rural,16,22313,11420,10893,3501,2788,713,3772,2375,1397,1265,686,579,7531,2802,4729,1208,797,411,1344,662,682,414,158,256,3278,1152,2126
172,District-Fatehpur,Rural,17,19230,10164,9066,3569,2909,660,3514,2321,1193,1034,532,502,6399,2282,4117,1070,731,339,1077,548,529,341,140,201,2226,701,1525
172,District-Fatehpur,Rural,18,37719,21254,16465,8670,7312,1358,7317,5057,2260,1902,1116,786,11026,3702,7324,2401,1627,774,2155,1152,1003,580,236,344,3668,1052,2616
172,District-Fatehpur,Rural,19,21147,11729,9418,5037,4223,814,4104,2813,1291,1075,621,454,6083,1951,4132,1334,923,411,1213,592,621,339,128,211,1962,478,1484
172,District-Fatehpur,Urban,5-19,35095,19050,16045,2290,2018,272,1011,749,262,239,172,67,8633,3918,4715,1318,1023,295,788,546,242,174,124,50,20642,10500,10142
172,District-Fatehpur,Urban,5,5479,2942,2537,0,0,0,2,2,0,0,0,0,60,31,29,26,14,12,31,18,13,4,2,2,5356,2875,2481
172,District-Fatehpur,Urban,6,4211,2202,2009,4,3,1,2,2,0,0,0,0,67,32,35,30,14,16,17,7,10,2,1,1,4089,2143,1946
172,District-Fatehpur,Urban,7,1938,959,979,3,2,1,2,2,0,0,0,0,117,54,63,21,10,11,15,8,7,5,1,4,1775,882,893
172,District-Fatehpur,Urban,8,1461,757,704,11,7,4,5,1,4,0,0,0,145,77,68,13,4,9,11,10,1,2,1,1,1274,657,617
172,District-Fatehpur,Urban,9,994,526,468,3,3,0,3,2,1,1,1,0,144,80,64,20,12,8,12,6,6,2,2,0,809,420,389
172,District-Fatehpur,Urban,10,1406,785,621,11,9,2,7,3,4,1,1,0,243,142,101,34,21,13,23,14,9,5,5,0,1082,590,492
172,District-Fatehpur,Urban,11,973,522,451,20,16,4,9,5,4,2,1,1,223,119,104,25,19,6,11,7,4,1,1,0,682,354,328
172,District-Fatehpur,Urban,12,1425,776,649,57,44,13,22,13,9,8,2,6,443,235,208,34,26,8,40,26,14,8,7,1,813,423,390
172,District-Fatehpur,Urban,13,1279,689,590,50,43,7,23,19,4,8,7,1,461,236,225,50,34,16,33,24,9,9,3,6,645,323,322
172,District-Fatehpur,Urban,14,1629,900,729,81,65,16,56,42,14,16,11,5,630,340,290,70,50,20,49,31,18,13,10,3,714,351,363
172,District-Fatehpur,Urban,15,2199,1247,952,192,173,19,96,76,20,28,20,8,865,425,440,131,101,30,82,57,25,25,15,10,780,380,400
172,District-Fatehpur,Urban,16,2599,1426,1173,255,225,30,128,88,40,42,27,15,1107,507,600,170,141,29,97,69,28,27,19,8,773,350,423
172,District-Fatehpur,Urban,17,2332,1276,1056,318,277,41,143,108,35,33,24,9,1023,420,603,151,118,33,91,71,20,18,13,5,555,245,310
172,District-Fatehpur,Urban,18,4481,2577,1904,793,719,74,330,247,83,56,46,10,1909,787,1122,346,292,54,179,133,46,37,32,5,831,321,510
172,District-Fatehpur,Urban,19,2689,1466,1223,492,432,60,183,139,44,44,32,12,1196,433,763,197,167,30,97,65,32,16,12,4,464,186,278
173,District-Pratapgarh,Total,5-19,297891,144846,153045,15265,11476,3789,17687,11495,6192,6754,3741,3013,69389,27455,41934,7768,4293,3475,9389,4330,5059,3558,1372,2186,168081,80684,87397
173,District-Pratapgarh,Total,5,61939,32751,29188,42,33,9,34,21,13,7,6,1,746,378,368,828,429,399,798,427,371,225,123,102,59259,31334,27925
173,District-Pratapgarh,Total,6,40596,21035,19561,42,30,12,52,24,28,11,7,4,877,446,431,573,298,275,608,308,300,151,75,76,38282,19847,18435
173,District-Pratapgarh,Total,7,15627,7913,7714,106,70,36,72,40,32,17,6,11,1389,703,686,250,142,108,246,126,120,66,33,33,13481,6793,6688
173,District-Pratapgarh,Total,8,10655,5273,5382,141,80,61,90,52,38,30,20,10,1604,791,813,204,106,98,237,115,122,50,19,31,8299,4090,4209
173,District-Pratapgarh,Total,9,6676,3245,3431,134,77,57,87,50,37,35,21,14,1416,701,715,159,81,78,174,89,85,60,30,30,4611,2196,2415
173,District-Pratapgarh,Total,10,10386,5315,5071,176,106,70,163,93,70,59,34,25,2140,1140,1000,249,126,123,282,133,149,96,60,36,7221,3623,3598
173,District-Pratapgarh,Total,11,6700,3320,3380,261,176,85,244,156,88,100,57,43,1934,944,990,213,115,98,238,122,116,83,36,47,3627,1714,1913
173,District-Pratapgarh,Total,12,8949,4318,4631,483,349,134,440,281,159,160,88,72,3018,1429,1589,302,151,151,350,149,201,144,64,80,4052,1807,2245
173,District-Pratapgarh,Total,13,8051,3700,4351,421,289,132,475,297,178,192,97,95,3005,1365,1640,312,152,160,355,143,212,149,57,92,3142,1300,1842
173,District-Pratapgarh,Total,14,11244,5060,6184,666,504,162,823,518,305,348,187,161,4659,1942,2717,380,211,169,485,229,256,206,76,130,3677,1393,2284
173,District-Pratapgarh,Total,15,17035,8058,8977,1366,1011,355,1670,1076,594,692,370,322,6663,2811,3852,756,481,275,909,463,446,402,157,245,4577,1689,2888
173,District-Pratapgarh,Total,16,19946,8801,11145,1768,1301,467,2214,1383,831,926,488,438,8600,3251,5349,680,368,312,985,417,568,404,145,259,4369,1448,2921
173,District-Pratapgarh,Total,17,19404,8640,10764,2033,1537,496,2535,1650,885,951,537,414,8298,2978,5320,672,385,287,850,383,467,412,116,296,3653,1054,2599
173,District-Pratapgarh,Total,18,36782,16645,20137,4390,3401,989,5247,3512,1735,1959,1137,822,15253,5288,9965,1317,749,568,1737,759,978,677,230,447,6202,1569,4633
173,District-Pratapgarh,Total,19,23901,10772,13129,3236,2512,724,3541,2342,1199,1267,686,581,9787,3288,6499,873,499,374,1135,467,668,433,151,282,3629,827,2802
173,District-Pratapgarh,Rural,5-19,282922,137150,145772,14256,10619,3637,17075,11085,5990,6670,3682,2988,65708,25827,39881,7220,3925,3295,8955,4111,4844,3499,1341,2158,159539,76560,82979
173,District-Pratapgarh,Rural,5,59238,31338,27900,35,27,8,30,20,10,7,6,1,675,345,330,790,414,376,755,403,352,225,123,102,56721,30000,26721
173,District-Pratapgarh,Rural,6,38538,19992,18546,38,27,11,48,22,26,11,7,4,802,403,399,534,278,256,568,292,276,150,74,76,36387,18889,17498
173,District-Pratapgarh,Rural,7,14805,7503,7302,96,64,32,65,36,29,17,6,11,1314,666,648,237,134,103,229,114,115,66,33,33,12781,6450,6331
173,District-Pratapgarh,Rural,8,10054,4974,5080,124,68,56,83,47,36,30,20,10,1517,743,774,193,100,93,228,111,117,50,19,31,7829,3866,3963
173,District-Pratapgarh,Rural,9,6294,3046,3248,132,75,57,79,44,35,35,21,14,1356,672,684,151,75,76,160,80,80,59,30,29,4322,2049,2273
173,District-Pratapgarh,Rural,10,9821,5030,4791,167,102,65,156,88,68,59,34,25,2046,1084,962,234,118,116,263,125,138,91,56,35,6805,3423,3382
173,District-Pratapgarh,Rural,11,6349,3137,3212,247,166,81,227,144,83,98,56,42,1849,903,946,202,106,96,231,118,113,81,35,46,3414,1609,1805
173,District-Pratapgarh,Rural,12,8435,4041,4394,449,322,127,416,264,152,154,84,70,2869,1353,1516,279,134,145,338,144,194,141,63,78,3789,1677,2112
173,District-Pratapgarh,Rural,13,7587,3458,4129,387,260,127,459,285,174,189,94,95,2821,1268,1553,288,138,150,332,135,197,144,54,90,2967,1224,1743
173,District-Pratapgarh,Rural,14,10642,4763,5879,625,470,155,792,498,294,342,185,157,4422,1833,2589,356,197,159,464,219,245,205,75,130,3436,1286,2150
173,District-Pratapgarh,Rural,15,16173,7623,8550,1275,939,336,1629,1057,572,683,365,318,6337,2654,3683,699,436,263,872,441,431,394,154,240,4284,1577,2707
173,District-Pratapgarh,Rural,16,18885,8266,10619,1638,1188,450,2138,1336,802,914,479,435,8139,3062,5077,623,325,298,936,393,543,397,143,254,4100,1340,2760
173,District-Pratapgarh,Rural,17,18392,8093,10299,1893,1419,474,2446,1580,866,934,526,408,7886,2802,5084,611,340,271,802,356,446,406,112,294,3414,958,2456
173,District-Pratapgarh,Rural,18,34985,15747,19238,4125,3169,956,5075,3404,1671,1942,1124,818,14435,4971,9464,1217,679,538,1672,726,946,663,224,439,5856,1450,4406
173,District-Pratapgarh,Rural,19,22724,10139,12585,3025,2323,702,3432,2260,1172,1255,675,580,9240,3068,6172,806,451,355,1105,454,651,427,146,281,3434,762,2672
173,District-Pratapgarh,Urban,5-19,14969,7696,7273,1009,857,152,612,410,202,84,59,25,3681,1628,2053,548,368,180,434,219,215,59,31,28,8542,4124,4418
173,District-Pratapgarh,Urban,5,2701,1413,1288,7,6,1,4,1,3,0,0,0,71,33,38,38,15,23,43,24,19,0,0,0,2538,1334,1204
173,District-Pratapgarh,Urban,6,2058,1043,1015,4,3,1,4,2,2,0,0,0,75,43,32,39,20,19,40,16,24,1,1,0,1895,958,937
173,District-Pratapgarh,Urban,7,822,410,412,10,6,4,7,4,3,0,0,0,75,37,38,13,8,5,17,12,5,0,0,0,700,343,357
173,District-Pratapgarh,Urban,8,601,299,302,17,12,5,7,5,2,0,0,0,87,48,39,11,6,5,9,4,5,0,0,0,470,224,246
173,District-Pratapgarh,Urban,9,382,199,183,2,2,0,8,6,2,0,0,0,60,29,31,8,6,2,14,9,5,1,0,1,289,147,142
173,District-Pratapgarh,Urban,10,565,285,280,9,4,5,7,5,2,0,0,0,94,56,38,15,8,7,19,8,11,5,4,1,416,200,216
173,District-Pratapgarh,Urban,11,351,183,168,14,10,4,17,12,5,2,1,1,85,41,44,11,9,2,7,4,3,2,1,1,213,105,108
173,District-Pratapgarh,Urban,12,514,277,237,34,27,7,24,17,7,6,4,2,149,76,73,23,17,6,12,5,7,3,1,2,263,130,133
173,District-Pratapgarh,Urban,13,464,242,222,34,29,5,16,12,4,3,3,0,184,97,87,24,14,10,23,8,15,5,3,2,175,76,99
173,District-Pratapgarh,Urban,14,602,297,305,41,34,7,31,20,11,6,2,4,237,109,128,24,14,10,21,10,11,1,1,0,241,107,134
173,District-Pratapgarh,Urban,15,862,435,427,91,72,19,41,19,22,9,5,4,326,157,169,57,45,12,37,22,15,8,3,5,293,112,181
173,District-Pratapgarh,Urban,16,1061,535,526,130,113,17,76,47,29,12,9,3,461,189,272,57,43,14,49,24,25,7,2,5,269,108,161
173,District-Pratapgarh,Urban,17,1012,547,465,140,118,22,89,70,19,17,11,6,412,176,236,61,45,16,48,27,21,6,4,2,239,96,143
173,District-Pratapgarh,Urban,18,1797,898,899,265,232,33,172,108,64,17,13,4,818,317,501,100,70,30,65,33,32,14,6,8,346,119,227
173,District-Pratapgarh,Urban,19,1177,633,544,211,189,22,109,82,27,12,11,1,547,220,327,67,48,19,30,13,17,6,5,1,195,65,130
174,District-Kaushambi,Total,5-19,222283,113228,109055,17468,13551,3917,11349,7362,3987,3259,2011,1248,36039,16235,19804,13313,7366,5947,9332,4262,5070,3058,1215,1843,128465,61226,67239
174,District-Kaushambi,Total,5,37793,19990,17803,53,45,8,24,15,9,2,2,0,349,194,155,572,334,238,448,236,212,95,38,57,36250,19126,17124
174,District-Kaushambi,Total,6,28189,14512,13677,35,23,12,24,15,9,7,5,2,445,243,202,449,230,219,368,185,183,83,36,47,26778,13775,13003
174,District-Kaushambi,Total,7,11993,6019,5974,55,35,20,54,29,25,6,3,3,693,349,344,280,152,128,239,129,110,61,23,38,10605,5299,5306
174,District-Kaushambi,Total,8,10040,4881,5159,85,52,33,84,45,39,12,8,4,960,471,489,257,125,132,223,97,126,57,21,36,8362,4062,4300
174,District-Kaushambi,Total,9,6684,3266,3418,78,42,36,74,44,30,16,6,10,875,427,448,223,103,120,197,98,99,45,28,17,5176,2518,2658
174,District-Kaushambi,Total,10,10731,5295,5436,157,98,59,150,77,73,41,23,18,1529,797,732,368,198,170,325,147,178,96,48,48,8065,3907,4158
174,District-Kaushambi,Total,11,6203,3068,3135,205,133,72,142,80,62,45,23,22,1244,636,608,332,182,150,256,105,151,94,44,50,3885,1865,2020
174,District-Kaushambi,Total,12,9267,4464,4803,481,330,151,327,195,132,113,63,50,2256,1101,1155,625,332,293,441,198,243,180,87,93,4844,2158,2686
174,District-Kaushambi,Total,13,7286,3457,3829,496,344,152,334,188,146,124,72,52,1977,984,993,507,251,256,377,160,217,154,52,102,3317,1406,1911
174,District-Kaushambi,Total,14,11196,5266,5930,968,669,299,732,426,306,277,158,119,3368,1488,1880,934,510,424,651,298,353,258,106,152,4008,1611,2397
174,District-Kaushambi,Total,15,14050,7060,6990,1702,1280,422,1265,761,504,408,239,169,4068,1875,2193,1397,813,584,856,411,445,355,165,190,3999,1516,2483
174,District-Kaushambi,Total,16,17069,8348,8721,2426,1811,615,1690,1053,637,585,367,218,4967,2120,2847,1623,885,738,1229,547,682,415,160,255,4134,1405,2729
174,District-Kaushambi,Total,17,12844,6534,6310,2278,1757,521,1543,994,549,378,237,141,3585,1521,2064,1284,699,585,906,414,492,319,109,210,2551,803,1748
174,District-Kaushambi,Total,18,24814,13502,11312,5262,4351,911,3114,2201,913,820,527,293,6190,2582,3608,2850,1663,1187,1752,782,970,558,192,366,4268,1204,3064
174,District-Kaushambi,Total,19,14124,7566,6558,3187,2581,606,1792,1239,553,425,278,147,3533,1447,2086,1612,889,723,1064,455,609,288,106,182,2223,571,1652
174,District-Kaushambi,Rural,5-19,206395,104899,101496,16451,12715,3736,10869,7033,3836,3155,1942,1213,33148,14878,18270,12561,6870,5691,8974,4052,4922,2923,1150,1773,118314,56259,62055
174,District-Kaushambi,Rural,5,35433,18749,16684,52,44,8,23,15,8,2,2,0,320,180,140,547,322,225,439,232,207,95,38,57,33955,17916,16039
174,District-Kaushambi,Rural,6,26168,13465,12703,32,22,10,24,15,9,6,4,2,418,228,190,430,222,208,359,180,179,82,36,46,24817,12758,12059
174,District-Kaushambi,Rural,7,11044,5526,5518,49,31,18,52,27,25,6,3,3,638,324,314,266,141,125,236,127,109,60,22,38,9737,4851,4886
174,District-Kaushambi,Rural,8,9213,4478,4735,81,49,32,84,45,39,12,8,4,880,435,445,247,120,127,217,92,125,52,19,33,7640,3710,3930
174,District-Kaushambi,Rural,9,6179,2995,3184,72,39,33,72,42,30,15,6,9,805,394,411,222,102,120,193,95,98,44,27,17,4756,2290,2466
174,District-Kaushambi,Rural,10,9924,4870,5054,149,91,58,148,77,71,40,23,17,1421,741,680,357,193,164,322,145,177,94,47,47,7393,3553,3840
174,District-Kaushambi,Rural,11,5762,2822,2940,202,132,70,139,78,61,40,19,21,1166,595,571,323,176,147,246,100,146,93,43,50,3553,1679,1874
174,District-Kaushambi,Rural,12,8525,4094,4431,463,319,144,317,191,126,110,63,47,2103,1030,1073,604,319,285,421,191,230,172,82,90,4335,1899,2436
174,District-Kaushambi,Rural,13,6752,3186,3566,473,330,143,321,181,140,121,71,50,1828,903,925,481,238,243,364,154,210,151,51,100,3013,1258,1755
174,District-Kaushambi,Rural,14,10388,4896,5492,923,635,288,707,411,296,275,156,119,3121,1373,1748,881,480,401,623,283,340,240,97,143,3618,1461,2157
174,District-Kaushambi,Rural,15,13107,6573,6534,1623,1220,403,1217,726,491,397,233,164,3801,1737,2064,1326,765,561,826,390,436,340,159,181,3577,1343,2234
174,District-Kaushambi,Rural,16,15890,7750,8140,2301,1718,583,1612,1002,610,571,359,212,4609,1947,2662,1508,807,701,1172,518,654,399,153,246,3718,1246,2472
174,District-Kaushambi,Rural,17,11955,6057,5898,2137,1631,506,1490,957,533,363,227,136,3272,1376,1896,1204,650,554,876,392,484,303,101,202,2310,723,1587
174,District-Kaushambi,Rural,18,22996,12465,10531,4921,4054,867,2961,2092,869,791,503,288,5596,2316,3280,2661,1522,1139,1667,728,939,527,178,349,3872,1072,2800
174,District-Kaushambi,Rural,19,13059,6973,6086,2973,2400,573,1702,1174,528,406,265,141,3170,1299,1871,1504,813,691,1013,425,588,271,97,174,2020,500,1520
174,District-Kaushambi,Urban,5-19,15888,8329,7559,1017,836,181,480,329,151,104,69,35,2891,1357,1534,752,496,256,358,210,148,135,65,70,10151,4967,5184
174,District-Kaushambi,Urban,5,2360,1241,1119,1,1,0,1,0,1,0,0,0,29,14,15,25,12,13,9,4,5,0,0,0,2295,1210,1085
174,District-Kaushambi,Urban,6,2021,1047,974,3,1,2,0,0,0,1,1,0,27,15,12,19,8,11,9,5,4,1,0,1,1961,1017,944
174,District-Kaushambi,Urban,7,949,493,456,6,4,2,2,2,0,0,0,0,55,25,30,14,11,3,3,2,1,1,1,0,868,448,420
174,District-Kaushambi,Urban,8,827,403,424,4,3,1,0,0,0,0,0,0,80,36,44,10,5,5,6,5,1,5,2,3,722,352,370
174,District-Kaushambi,Urban,9,505,271,234,6,3,3,2,2,0,1,0,1,70,33,37,1,1,0,4,3,1,1,1,0,420,228,192
174,District-Kaushambi,Urban,10,807,425,382,8,7,1,2,0,2,1,0,1,108,56,52,11,5,6,3,2,1,2,1,1,672,354,318
174,District-Kaushambi,Urban,11,441,246,195,3,1,2,3,2,1,5,4,1,78,41,37,9,6,3,10,5,5,1,1,0,332,186,146
174,District-Kaushambi,Urban,12,742,370,372,18,11,7,10,4,6,3,0,3,153,71,82,21,13,8,20,7,13,8,5,3,509,259,250
174,District-Kaushambi,Urban,13,534,271,263,23,14,9,13,7,6,3,1,2,149,81,68,26,13,13,13,6,7,3,1,2,304,148,156
174,District-Kaushambi,Urban,14,808,370,438,45,34,11,25,15,10,2,2,0,247,115,132,53,30,23,28,15,13,18,9,9,390,150,240
174,District-Kaushambi,Urban,15,943,487,456,79,60,19,48,35,13,11,6,5,267,138,129,71,48,23,30,21,9,15,6,9,422,173,249
174,District-Kaushambi,Urban,16,1179,598,581,125,93,32,78,51,27,14,8,6,358,173,185,115,78,37,57,29,28,16,7,9,416,159,257
174,District-Kaushambi,Urban,17,889,477,412,141,126,15,53,37,16,15,10,5,313,145,168,80,49,31,30,22,8,16,8,8,241,80,161
174,District-Kaushambi,Urban,18,1818,1037,781,341,297,44,153,109,44,29,24,5,594,266,328,189,141,48,85,54,31,31,14,17,396,132,264
174,District-Kaushambi,Urban,19,1065,593,472,214,181,33,90,65,25,19,13,6,363,148,215,108,76,32,51,30,21,17,9,8,203,71,132
175,District-Allahabad ,Total,5-19,569413,293580,275833,38017,28977,9040,29069,18715,10354,8365,4963,3402,104292,44258,60034,25076,14864,10212,23012,11060,11952,5829,2513,3316,335753,168230,167523
175,District-Allahabad ,Total,5,112419,60287,52132,301,252,49,154,108,46,32,20,12,1539,760,779,1686,962,724,1780,972,808,234,128,106,106693,57085,49608
175,District-Allahabad ,Total,6,75569,39751,35818,175,135,40,137,85,52,20,13,7,1669,892,777,1155,632,523,1287,672,615,148,65,83,70978,37257,33721
175,District-Allahabad ,Total,7,30957,16139,14818,359,264,95,206,115,91,35,24,11,2439,1250,1189,653,363,290,703,347,356,111,53,58,26451,13723,12728
175,District-Allahabad ,Total,8,22073,11549,10524,337,239,98,174,102,72,32,11,21,2538,1280,1258,494,281,213,564,278,286,99,41,58,17835,9317,8518
175,District-Allahabad ,Total,9,16093,8476,7617,358,230,128,248,152,96,50,24,26,2570,1303,1267,480,286,194,535,267,268,114,49,65,11738,6165,5573
175,District-Allahabad ,Total,10,24258,12837,11421,452,290,162,308,163,145,74,47,27,3565,1821,1744,773,433,340,703,341,362,158,73,85,18225,9669,8556
175,District-Allahabad ,Total,11,17791,9235,8556,855,622,233,562,351,211,154,77,77,3785,1810,1975,813,448,365,774,369,405,215,89,126,10633,5469,5164
175,District-Allahabad ,Total,12,18829,9596,9233,1126,875,251,776,465,311,203,114,89,4945,2305,2640,1047,593,454,958,424,534,263,108,155,9511,4712,4799
175,District-Allahabad ,Total,13,16773,8210,8563,1118,788,330,852,514,338,276,142,134,4960,2235,2725,869,462,407,876,370,506,257,99,158,7565,3600,3965
175,District-Allahabad ,Total,14,22556,11234,11322,1799,1289,510,1418,854,564,472,276,196,7209,3291,3918,1276,717,559,1318,645,673,404,185,219,8660,3977,4683
175,District-Allahabad ,Total,15,32208,16600,15608,3564,2664,900,2723,1762,961,869,524,345,9874,4424,5450,2526,1626,900,2077,1037,1040,606,279,327,9969,4284,5685
175,District-Allahabad ,Total,16,35644,17912,17732,4292,3239,1053,3533,2220,1313,1098,687,411,11808,4967,6841,2578,1635,943,2155,1091,1064,605,267,338,9575,3806,5769
175,District-Allahabad ,Total,17,34903,17541,17362,5004,3801,1203,4037,2666,1371,1151,687,464,11731,4761,6970,2439,1477,962,2144,1025,1119,650,276,374,7747,2848,4899
175,District-Allahabad ,Total,18,61628,31014,30614,9997,7786,2211,7802,5157,2645,2224,1342,882,20037,7688,12349,4636,2821,1815,3980,1867,2113,1108,478,630,11844,3875,7969
175,District-Allahabad ,Total,19,47712,23199,24513,8280,6503,1777,6139,4001,2138,1675,975,700,15623,5471,10152,3651,2128,1523,3158,1355,1803,857,323,534,8329,2443,5886
175,District-Allahabad ,Rural,5-19,451405,229125,222280,29691,22361,7330,24283,15600,8683,7723,4517,3206,76504,31626,44878,18464,10229,8235,18270,8230,10040,5071,2056,3015,271399,134506,136893
175,District-Allahabad ,Rural,5,95365,51117,44248,219,180,39,114,83,31,29,18,11,1010,526,484,1305,749,556,1353,744,609,209,119,90,91126,48698,42428
175,District-Allahabad ,Rural,6,63095,33102,29993,133,100,33,93,58,35,18,12,6,1193,645,548,870,470,400,943,488,455,131,58,73,59714,31271,28443
175,District-Allahabad ,Rural,7,24749,12780,11969,259,187,72,136,80,56,33,22,11,1614,829,785,494,267,227,497,231,266,94,41,53,21622,11123,10499
175,District-Allahabad ,Rural,8,17098,8812,8286,241,173,68,120,72,48,30,11,19,1752,849,903,356,201,155,419,194,225,89,37,52,14091,7275,6816
175,District-Allahabad ,Rural,9,12019,6289,5730,271,173,98,184,109,75,47,23,24,1744,895,849,330,192,138,398,187,211,95,39,56,8950,4671,4279
175,District-Allahabad ,Rural,10,18223,9557,8666,314,200,114,223,113,110,67,42,25,2419,1227,1192,543,291,252,507,236,271,130,59,71,14020,7389,6631
175,District-Allahabad ,Rural,11,13365,6772,6593,678,492,186,437,275,162,145,71,74,2659,1263,1396,638,334,304,603,278,325,179,65,114,8026,3994,4032
175,District-Allahabad ,Rural,12,13907,6920,6987,879,678,201,625,375,250,176,98,78,3573,1645,1928,766,412,354,770,325,445,229,88,141,6889,3299,3590
175,District-Allahabad ,Rural,13,12557,5952,6605,874,605,269,702,423,279,249,122,127,3677,1615,2062,655,325,330,684,265,419,220,79,141,5496,2518,2978
175,District-Allahabad ,Rural,14,16939,8167,8772,1421,1003,418,1164,688,476,440,257,183,5376,2407,2969,929,481,448,1042,473,569,343,146,197,6224,2712,3512
175,District-Allahabad ,Rural,15,24891,12459,12432,2822,2092,730,2268,1461,807,811,484,327,7517,3274,4243,1864,1150,714,1666,781,885,543,240,303,7400,2977,4423
175,District-Allahabad ,Rural,16,27450,13445,14005,3349,2504,845,2998,1884,1114,1010,625,385,8983,3684,5299,1855,1105,750,1721,840,881,519,210,309,7015,2593,4422
175,District-Allahabad ,Rural,17,26902,13121,13781,3939,2952,987,3409,2226,1183,1065,623,442,8700,3442,5258,1762,999,763,1756,775,981,564,224,340,5707,1880,3827
175,District-Allahabad ,Rural,18,48273,23565,24708,7895,6068,1827,6646,4403,2243,2072,1243,829,15057,5573,9484,3411,1891,1520,3298,1407,1891,970,390,580,8924,2590,6334
175,District-Allahabad ,Rural,19,36572,17067,19505,6397,4954,1443,5164,3350,1814,1531,866,665,11230,3752,7478,2686,1362,1324,2613,1006,1607,756,261,495,6195,1516,4679
175,District-Allahabad ,Urban,5-19,118008,64455,53553,8326,6616,1710,4786,3115,1671,642,446,196,27788,12632,15156,6612,4635,1977,4742,2830,1912,758,457,301,64354,33724,30630
175,District-Allahabad ,Urban,5,17054,9170,7884,82,72,10,40,25,15,3,2,1,529,234,295,381,213,168,427,228,199,25,9,16,15567,8387,7180
175,District-Allahabad ,Urban,6,12474,6649,5825,42,35,7,44,27,17,2,1,1,476,247,229,285,162,123,344,184,160,17,7,10,11264,5986,5278
175,District-Allahabad ,Urban,7,6208,3359,2849,100,77,23,70,35,35,2,2,0,825,421,404,159,96,63,206,116,90,17,12,5,4829,2600,2229
175,District-Allahabad ,Urban,8,4975,2737,2238,96,66,30,54,30,24,2,0,2,786,431,355,138,80,58,145,84,61,10,4,6,3744,2042,1702
175,District-Allahabad ,Urban,9,4074,2187,1887,87,57,30,64,43,21,3,1,2,826,408,418,150,94,56,137,80,57,19,10,9,2788,1494,1294
175,District-Allahabad ,Urban,10,6035,3280,2755,138,90,48,85,50,35,7,5,2,1146,594,552,230,142,88,196,105,91,28,14,14,4205,2280,1925
175,District-Allahabad ,Urban,11,4426,2463,1963,177,130,47,125,76,49,9,6,3,1126,547,579,175,114,61,171,91,80,36,24,12,2607,1475,1132
175,District-Allahabad ,Urban,12,4922,2676,2246,247,197,50,151,90,61,27,16,11,1372,660,712,281,181,100,188,99,89,34,20,14,2622,1413,1209
175,District-Allahabad ,Urban,13,4216,2258,1958,244,183,61,150,91,59,27,20,7,1283,620,663,214,137,77,192,105,87,37,20,17,2069,1082,987
175,District-Allahabad ,Urban,14,5617,3067,2550,378,286,92,254,166,88,32,19,13,1833,884,949,347,236,111,276,172,104,61,39,22,2436,1265,1171
175,District-Allahabad ,Urban,15,7317,4141,3176,742,572,170,455,301,154,58,40,18,2357,1150,1207,662,476,186,411,256,155,63,39,24,2569,1307,1262
175,District-Allahabad ,Urban,16,8194,4467,3727,943,735,208,535,336,199,88,62,26,2825,1283,1542,723,530,193,434,251,183,86,57,29,2560,1213,1347
175,District-Allahabad ,Urban,17,8001,4420,3581,1065,849,216,628,440,188,86,64,22,3031,1319,1712,677,478,199,388,250,138,86,52,34,2040,968,1072
175,District-Allahabad ,Urban,18,13355,7449,5906,2102,1718,384,1156,754,402,152,99,53,4980,2115,2865,1225,930,295,682,460,222,138,88,50,2920,1285,1635
175,District-Allahabad ,Urban,19,11140,6132,5008,1883,1549,334,975,651,324,144,109,35,4393,1719,2674,965,766,199,545,349,196,101,62,39,2134,927,1207
176,District-Bara Banki,Total,5-19,446096,229909,216187,37590,30959,6631,19590,12868,6722,5634,3307,2327,81314,29946,51368,25605,18025,7580,16128,8901,7227,4331,2227,2104,255904,123676,132228
176,District-Bara Banki,Total,5,74358,39471,34887,94,73,21,31,24,7,11,7,4,762,396,366,1078,648,430,780,393,387,136,82,54,71466,37848,33618
176,District-Bara Banki,Total,6,53811,27813,25998,80,60,20,44,27,17,9,6,3,913,456,457,820,434,386,586,299,287,130,62,68,51229,26469,24760
176,District-Bara Banki,Total,7,23540,11880,11660,151,95,56,62,37,25,11,9,2,1316,629,687,552,327,225,384,178,206,109,53,56,20955,10552,10403
176,District-Bara Banki,Total,8,19377,9820,9557,166,103,63,81,42,39,16,9,7,1699,835,864,472,260,212,313,152,161,102,41,61,16528,8378,8150
176,District-Bara Banki,Total,9,12770,6549,6221,186,124,62,98,64,34,23,12,11,1549,739,810,393,254,139,335,166,169,102,47,55,10084,5143,4941
176,District-Bara Banki,Total,10,20850,10800,10050,356,224,132,185,116,69,68,35,33,2935,1439,1496,763,482,281,570,297,273,190,99,91,15783,8108,7675
176,District-Bara Banki,Total,11,12923,6629,6294,519,398,121,246,150,96,82,44,38,2652,1259,1393,612,405,207,477,272,205,176,104,72,8159,3997,4162
176,District-Bara Banki,Total,12,17805,9202,8603,959,762,197,554,344,210,208,119,89,4595,2183,2412,1091,747,344,775,428,347,254,137,117,9369,4482,4887
176,District-Bara Banki,Total,13,14569,7245,7324,1062,820,242,634,379,255,242,121,121,4342,1870,2472,979,653,326,710,384,326,206,99,107,6394,2919,3475
176,District-Bara Banki,Total,14,20996,10390,10606,2057,1597,460,1252,776,476,433,223,210,6884,2824,4060,1432,994,438,986,549,437,316,160,156,7636,3267,4369
176,District-Bara Banki,Total,15,30598,16026,14572,3785,3072,713,2181,1406,775,674,383,291,9616,3843,5773,2896,2124,772,1796,1097,699,478,259,219,9172,3842,5330
176,District-Bara Banki,Total,16,32454,16392,16062,4871,3930,941,2867,1848,1019,858,526,332,10673,3783,6890,2844,2049,795,1788,1040,748,491,252,239,8062,2964,5098
176,District-Bara Banki,Total,17,26631,13439,13192,4854,3979,875,2559,1679,880,741,429,312,8649,2806,5843,2392,1766,626,1432,779,653,416,222,194,5588,1779,3809
176,District-Bara Banki,Total,18,54529,28665,25864,11695,10011,1684,5710,3887,1823,1470,903,567,15792,4498,11294,5940,4451,1489,3315,1891,1424,781,396,385,9826,2628,7198
176,District-Bara Banki,Total,19,30885,15588,15297,6755,5711,1044,3086,2089,997,788,481,307,8937,2386,6551,3341,2431,910,1881,976,905,444,214,230,5653,1300,4353
176,District-Bara Banki,Rural,5-19,401677,206221,195456,34438,28222,6216,18422,12030,6392,5390,3141,2249,72156,26296,45860,23076,16022,7054,14892,8075,6817,4113,2080,2033,229190,110355,118835
176,District-Bara Banki,Rural,5,68308,36205,32103,79,60,19,31,24,7,11,7,4,675,354,321,1000,601,399,742,368,374,135,81,54,65635,34710,30925
176,District-Bara Banki,Rural,6,49187,25435,23752,75,56,19,40,25,15,9,6,3,813,422,391,770,408,362,556,280,276,128,60,68,46796,24178,22618
176,District-Bara Banki,Rural,7,21195,10686,10509,139,88,51,59,34,25,11,9,2,1194,571,623,513,302,211,360,168,192,108,53,55,18811,9461,9350
176,District-Bara Banki,Rural,8,17254,8712,8542,150,95,55,77,41,36,16,9,7,1529,761,768,440,246,194,294,142,152,97,39,58,14651,7379,7272
176,District-Bara Banki,Rural,9,11435,5848,5587,171,117,54,92,61,31,23,12,11,1374,657,717,364,232,132,322,160,162,100,46,54,8989,4563,4426
176,District-Bara Banki,Rural,10,18577,9541,9036,333,208,125,176,109,67,62,31,31,2626,1272,1354,705,443,262,542,279,263,180,90,90,13953,7109,6844
176,District-Bara Banki,Rural,11,11499,5871,5628,475,360,115,239,145,94,76,40,36,2380,1121,1259,557,357,200,449,254,195,165,96,69,7158,3498,3660
176,District-Bara Banki,Rural,12,15711,8024,7687,884,702,182,529,326,203,202,114,88,4119,1928,2191,992,672,320,726,393,333,247,133,114,8012,3756,4256
176,District-Bara Banki,Rural,13,12971,6418,6553,982,750,232,604,361,243,233,117,116,3861,1656,2205,899,594,305,668,354,314,199,95,104,5525,2491,3034
176,District-Bara Banki,Rural,14,18660,9176,9484,1910,1475,435,1180,728,452,415,210,205,6125,2499,3626,1291,892,399,899,496,403,298,152,146,6542,2724,3818
176,District-Bara Banki,Rural,15,27636,14418,13218,3541,2863,678,2061,1328,733,647,366,281,8685,3430,5255,2658,1934,724,1628,983,645,456,241,215,7960,3273,4687
176,District-Bara Banki,Rural,16,29014,14611,14403,4461,3576,885,2698,1730,968,812,497,315,9493,3327,6166,2559,1819,740,1634,936,698,464,233,231,6893,2493,4400
176,District-Bara Banki,Rural,17,23811,11957,11854,4448,3621,827,2391,1560,831,707,409,298,7648,2448,5200,2121,1547,574,1318,700,618,385,197,188,4793,1475,3318
176,District-Bara Banki,Rural,18,48908,25575,23333,10686,9115,1571,5367,3629,1738,1408,857,551,13896,3864,10032,5237,3861,1376,3033,1697,1336,731,365,366,8550,2187,6363
176,District-Bara Banki,Rural,19,27511,13744,13767,6104,5136,968,2878,1929,949,758,457,301,7738,1986,5752,2970,2114,856,1721,865,856,420,199,221,4922,1058,3864
176,District-Bara Banki,Urban,5-19,44419,23688,20731,3152,2737,415,1168,838,330,244,166,78,9158,3650,5508,2529,2003,526,1236,826,410,218,147,71,26714,13321,13393
176,District-Bara Banki,Urban,5,6050,3266,2784,15,13,2,0,0,0,0,0,0,87,42,45,78,47,31,38,25,13,1,1,0,5831,3138,2693
176,District-Bara Banki,Urban,6,4624,2378,2246,5,4,1,4,2,2,0,0,0,100,34,66,50,26,24,30,19,11,2,2,0,4433,2291,2142
176,District-Bara Banki,Urban,7,2345,1194,1151,12,7,5,3,3,0,0,0,0,122,58,64,39,25,14,24,10,14,1,0,1,2144,1091,1053
176,District-Bara Banki,Urban,8,2123,1108,1015,16,8,8,4,1,3,0,0,0,170,74,96,32,14,18,19,10,9,5,2,3,1877,999,878
176,District-Bara Banki,Urban,9,1335,701,634,15,7,8,6,3,3,0,0,0,175,82,93,29,22,7,13,6,7,2,1,1,1095,580,515
176,District-Bara Banki,Urban,10,2273,1259,1014,23,16,7,9,7,2,6,4,2,309,167,142,58,39,19,28,18,10,10,9,1,1830,999,831
176,District-Bara Banki,Urban,11,1424,758,666,44,38,6,7,5,2,6,4,2,272,138,134,55,48,7,28,18,10,11,8,3,1001,499,502
176,District-Bara Banki,Urban,12,2094,1178,916,75,60,15,25,18,7,6,5,1,476,255,221,99,75,24,49,35,14,7,4,3,1357,726,631
176,District-Bara Banki,Urban,13,1598,827,771,80,70,10,30,18,12,9,4,5,481,214,267,80,59,21,42,30,12,7,4,3,869,428,441
176,District-Bara Banki,Urban,14,2336,1214,1122,147,122,25,72,48,24,18,13,5,759,325,434,141,102,39,87,53,34,18,8,10,1094,543,551
176,District-Bara Banki,Urban,15,2962,1608,1354,244,209,35,120,78,42,27,17,10,931,413,518,238,190,48,168,114,54,22,18,4,1212,569,643
176,District-Bara Banki,Urban,16,3440,1781,1659,410,354,56,169,118,51,46,29,17,1180,456,724,285,230,55,154,104,50,27,19,8,1169,471,698
176,District-Bara Banki,Urban,17,2820,1482,1338,406,358,48,168,119,49,34,20,14,1001,358,643,271,219,52,114,79,35,31,25,6,795,304,491
176,District-Bara Banki,Urban,18,5621,3090,2531,1009,896,113,343,258,85,62,46,16,1896,634,1262,703,590,113,282,194,88,50,31,19,1276,441,835
176,District-Bara Banki,Urban,19,3374,1844,1530,651,575,76,208,160,48,30,24,6,1199,400,799,371,317,54,160,111,49,24,15,9,731,242,489
177,District-Faizabad,Total,5-19,246628,125154,121474,14761,12294,2467,12769,8801,3968,4383,2800,1583,50456,19572,30884,7849,5157,2692,7140,3699,3441,2249,1062,1187,147021,71769,75252
177,District-Faizabad,Total,5,49777,26193,23584,38,28,10,22,17,5,3,1,2,425,228,197,475,277,198,388,200,188,86,55,31,48340,25387,22953
177,District-Faizabad,Total,6,35246,18366,16880,33,22,11,18,10,8,4,1,3,552,283,269,382,204,178,300,149,151,62,31,31,33895,17666,16229
177,District-Faizabad,Total,7,14079,7084,6995,69,50,19,38,16,22,14,7,7,893,433,460,184,97,87,151,77,74,46,17,29,12684,6387,6297
177,District-Faizabad,Total,8,9900,5158,4742,60,40,20,37,14,23,11,5,6,1062,571,491,163,94,69,145,76,69,34,14,20,8388,4344,4044
177,District-Faizabad,Total,9,6074,3149,2925,74,48,26,45,27,18,15,6,9,939,478,461,132,76,56,107,54,53,25,11,14,4737,2449,2288
177,District-Faizabad,Total,10,9179,4705,4474,120,80,40,73,39,34,34,16,18,1542,758,784,216,123,93,213,120,93,66,33,33,6915,3536,3379
177,District-Faizabad,Total,11,5962,3081,2881,231,178,53,163,102,61,54,35,19,1487,725,762,237,140,97,196,90,106,75,31,44,3519,1780,1739
177,District-Faizabad,Total,12,8033,4078,3955,410,327,83,297,180,117,114,71,43,2369,1094,1275,362,249,113,359,200,159,114,58,56,4008,1899,2109
177,District-Faizabad,Total,13,6200,3027,3173,355,289,66,300,183,117,106,60,46,2224,1015,1209,257,159,98,255,105,150,95,46,49,2608,1170,1438
177,District-Faizabad,Total,14,9246,4535,4711,657,517,140,597,399,198,258,159,99,3495,1470,2025,459,308,151,409,208,201,181,80,101,3190,1394,1796
177,District-Faizabad,Total,15,13846,7168,6678,1280,1047,233,1152,826,326,437,276,161,5145,2296,2849,799,546,253,772,440,332,280,142,138,3981,1595,2386
177,District-Faizabad,Total,16,15869,7793,8076,1718,1428,290,1638,1115,523,611,380,231,6238,2473,3765,835,573,262,807,432,375,259,123,136,3763,1269,2494
177,District-Faizabad,Total,17,14591,7131,7460,1891,1584,307,1816,1221,595,654,447,207,5816,2073,3743,730,516,214,672,363,309,216,92,124,2796,835,1961
177,District-Faizabad,Total,18,29453,14636,14817,4615,3936,679,3998,2872,1126,1302,845,457,10969,3553,7416,1593,1111,482,1486,764,722,415,207,208,5075,1348,3727
177,District-Faizabad,Total,19,19173,9050,10123,3210,2720,490,2575,1780,795,766,491,275,7300,2122,5178,1025,684,341,880,421,459,295,122,173,3122,710,2412
177,District-Faizabad,Rural,5-19,216350,108558,107792,12585,10399,2186,11946,8219,3727,4246,2696,1550,42588,15936,26652,6804,4364,2440,6328,3163,3165,2128,970,1158,129725,62811,66914
177,District-Faizabad,Rural,5,45056,23741,21315,27,18,9,17,14,3,3,1,2,341,186,155,407,241,166,313,163,150,77,49,28,43871,23069,20802
177,District-Faizabad,Rural,6,31588,16434,15154,23,17,6,14,7,7,4,1,3,455,239,216,332,173,159,241,116,125,60,30,30,30459,15851,14608
177,District-Faizabad,Rural,7,12404,6203,6201,55,39,16,28,13,15,13,7,6,730,352,378,164,90,74,123,60,63,41,15,26,11250,5627,5623
177,District-Faizabad,Rural,8,8549,4376,4173,41,25,16,30,12,18,10,5,5,884,465,419,150,88,62,122,67,55,30,14,16,7282,3700,3582
177,District-Faizabad,Rural,9,5156,2662,2494,56,35,21,38,22,16,13,4,9,770,399,371,120,72,48,84,39,45,21,10,11,4054,2081,1973
177,District-Faizabad,Rural,10,7834,4014,3820,101,67,34,59,31,28,32,15,17,1281,625,656,197,115,82,180,99,81,63,31,32,5921,3031,2890
177,District-Faizabad,Rural,11,5027,2574,2453,196,150,46,141,90,51,52,33,19,1237,605,632,206,119,87,168,74,94,73,30,43,2954,1473,1481
177,District-Faizabad,Rural,12,6803,3397,3406,344,269,75,268,163,105,111,68,43,1990,916,1074,316,212,104,317,170,147,110,54,56,3347,1545,1802
177,District-Faizabad,Rural,13,5250,2495,2755,306,247,59,274,165,109,101,56,45,1829,808,1021,229,135,94,238,95,143,90,42,48,2183,947,1236
177,District-Faizabad,Rural,14,7878,3770,4108,559,432,127,561,377,184,253,156,97,2959,1220,1739,405,260,145,367,176,191,175,74,101,2599,1075,1524
177,District-Faizabad,Rural,15,12088,6160,5928,1119,912,207,1089,780,309,427,268,159,4419,1945,2474,712,473,239,708,397,311,266,128,138,3348,1257,2091
177,District-Faizabad,Rural,16,13884,6721,7163,1506,1247,259,1545,1054,491,597,373,224,5423,2080,3343,728,494,234,727,372,355,248,116,132,3110,985,2125
177,District-Faizabad,Rural,17,12599,5996,6603,1626,1353,273,1705,1136,569,635,433,202,4871,1637,3234,607,413,194,598,314,284,205,82,123,2352,628,1724
177,District-Faizabad,Rural,18,25743,12482,13261,3972,3365,607,3762,2695,1067,1258,809,449,9314,2828,6486,1354,920,434,1336,645,691,395,189,206,4352,1031,3321
177,District-Faizabad,Rural,19,16491,7533,8958,2654,2223,431,2415,1660,755,737,467,270,6085,1631,4454,877,559,318,806,376,430,274,106,168,2643,511,2132
177,District-Faizabad,Urban,5-19,30278,16596,13682,2176,1895,281,823,582,241,137,104,33,7868,3636,4232,1045,793,252,812,536,276,121,92,29,17296,8958,8338
177,District-Faizabad,Urban,5,4721,2452,2269,11,10,1,5,3,2,0,0,0,84,42,42,68,36,32,75,37,38,9,6,3,4469,2318,2151
177,District-Faizabad,Urban,6,3658,1932,1726,10,5,5,4,3,1,0,0,0,97,44,53,50,31,19,59,33,26,2,1,1,3436,1815,1621
177,District-Faizabad,Urban,7,1675,881,794,14,11,3,10,3,7,1,0,1,163,81,82,20,7,13,28,17,11,5,2,3,1434,760,674
177,District-Faizabad,Urban,8,1351,782,569,19,15,4,7,2,5,1,0,1,178,106,72,13,6,7,23,9,14,4,0,4,1106,644,462
177,District-Faizabad,Urban,9,918,487,431,18,13,5,7,5,2,2,2,0,169,79,90,12,4,8,23,15,8,4,1,3,683,368,315
177,District-Faizabad,Urban,10,1345,691,654,19,13,6,14,8,6,2,1,1,261,133,128,19,8,11,33,21,12,3,2,1,994,505,489
177,District-Faizabad,Urban,11,935,507,428,35,28,7,22,12,10,2,2,0,250,120,130,31,21,10,28,16,12,2,1,1,565,307,258
177,District-Faizabad,Urban,12,1230,681,549,66,58,8,29,17,12,3,3,0,379,178,201,46,37,9,42,30,12,4,4,0,661,354,307
177,District-Faizabad,Urban,13,950,532,418,49,42,7,26,18,8,5,4,1,395,207,188,28,24,4,17,10,7,5,4,1,425,223,202
177,District-Faizabad,Urban,14,1368,765,603,98,85,13,36,22,14,5,3,2,536,250,286,54,48,6,42,32,10,6,6,0,591,319,272
177,District-Faizabad,Urban,15,1758,1008,750,161,135,26,63,46,17,10,8,2,726,351,375,87,73,14,64,43,21,14,14,0,633,338,295
177,District-Faizabad,Urban,16,1985,1072,913,212,181,31,93,61,32,14,7,7,815,393,422,107,79,28,80,60,20,11,7,4,653,284,369
177,District-Faizabad,Urban,17,1992,1135,857,265,231,34,111,85,26,19,14,5,945,436,509,123,103,20,74,49,25,11,10,1,444,207,237
177,District-Faizabad,Urban,18,3710,2154,1556,643,571,72,236,177,59,44,36,8,1655,725,930,239,191,48,150,119,31,20,18,2,723,317,406
177,District-Faizabad,Urban,19,2682,1517,1165,556,497,59,160,120,40,29,24,5,1215,491,724,148,125,23,74,45,29,21,16,5,479,199,280
178,District-Ambedkar Nagar,Total,5-19,211061,110723,100338,13845,11416,2429,12476,8923,3553,4335,2784,1551,46071,19907,26164,4997,3225,1772,5262,2725,2537,1731,857,874,122344,60886,61458
178,District-Ambedkar Nagar,Total,5,46916,24635,22281,24,20,4,28,15,13,6,5,1,426,228,198,484,249,235,440,225,215,64,37,27,45444,23856,21588
178,District-Ambedkar Nagar,Total,6,32492,16813,15679,32,23,9,21,16,5,7,3,4,523,277,246,342,191,151,318,169,149,55,31,24,31194,16103,15091
178,District-Ambedkar Nagar,Total,7,12134,6219,5915,74,52,22,45,23,22,10,5,5,903,454,449,173,111,62,141,71,70,25,14,11,10763,5489,5274
178,District-Ambedkar Nagar,Total,8,7278,3622,3656,85,50,35,53,27,26,18,9,9,988,476,512,98,56,42,114,54,60,25,10,15,5897,2940,2957
178,District-Ambedkar Nagar,Total,9,4740,2410,2330,80,46,34,53,30,23,9,4,5,936,469,467,82,47,35,89,41,48,27,8,19,3464,1765,1699
178,District-Ambedkar Nagar,Total,10,6883,3625,3258,112,62,50,84,48,36,24,13,11,1326,699,627,128,71,57,123,64,59,44,22,22,5042,2646,2396
178,District-Ambedkar Nagar,Total,11,4473,2323,2150,206,147,59,152,92,60,39,26,13,1168,575,593,131,86,45,136,62,74,44,27,17,2597,1308,1289
178,District-Ambedkar Nagar,Total,12,5457,2952,2505,360,275,85,291,193,98,90,60,30,1966,1004,962,188,121,67,188,94,94,79,33,46,2295,1172,1123
178,District-Ambedkar Nagar,Total,13,4997,2609,2388,398,304,94,292,189,103,107,66,41,2045,1033,1012,181,118,63,205,94,111,84,37,47,1685,768,917
178,District-Ambedkar Nagar,Total,14,7014,3784,3230,664,537,127,546,365,181,237,146,91,2974,1494,1480,239,155,84,279,144,135,121,58,63,1954,885,1069
178,District-Ambedkar Nagar,Total,15,11172,6360,4812,1261,1057,204,1130,844,286,386,250,136,4622,2307,2315,522,370,152,517,324,193,194,104,90,2540,1104,1436
178,District-Ambedkar Nagar,Total,16,12953,7010,5943,1634,1353,281,1558,1148,410,590,414,176,5633,2502,3131,511,358,153,497,274,223,208,104,104,2322,857,1465
178,District-Ambedkar Nagar,Total,17,12637,6771,5866,1889,1577,312,1768,1271,497,645,415,230,5444,2265,3179,409,273,136,511,282,229,168,83,85,1803,605,1198
178,District-Ambedkar Nagar,Total,18,24955,13185,11770,4103,3470,633,3823,2804,1019,1313,832,481,10174,3854,6320,920,638,282,1012,497,515,375,193,182,3235,897,2338
178,District-Ambedkar Nagar,Total,19,16960,8405,8555,2923,2443,480,2632,1858,774,854,536,318,6943,2270,4673,589,381,208,692,330,362,218,96,122,2109,491,1618
178,District-Ambedkar Nagar,Rural,5-19,181363,94174,87189,10956,8827,2129,11217,8003,3214,3940,2518,1422,37952,16156,21796,3999,2435,1564,4647,2356,2291,1551,765,786,107101,53114,53987
178,District-Ambedkar Nagar,Rural,5,41905,21995,19910,19,15,4,26,14,12,6,5,1,369,198,171,431,219,212,404,200,204,60,36,24,40590,21308,19282
178,District-Ambedkar Nagar,Rural,6,28713,14832,13881,26,17,9,18,14,4,5,3,2,460,247,213,295,168,127,289,156,133,51,29,22,27569,14198,13371
178,District-Ambedkar Nagar,Rural,7,10596,5393,5203,62,44,18,39,20,19,9,4,5,779,400,379,144,93,51,126,62,64,25,14,11,9412,4756,4656
178,District-Ambedkar Nagar,Rural,8,6252,3101,3151,74,42,32,47,24,23,15,7,8,865,411,454,83,48,35,99,47,52,23,10,13,5046,2512,2534
178,District-Ambedkar Nagar,Rural,9,4027,2041,1986,68,37,31,47,26,21,6,3,3,794,402,392,60,31,29,83,39,44,27,8,19,2942,1495,1447
178,District-Ambedkar Nagar,Rural,10,5852,3043,2809,94,47,47,74,42,32,20,11,9,1083,568,515,100,50,50,107,53,54,41,21,20,4333,2251,2082
178,District-Ambedkar Nagar,Rural,11,3789,1944,1845,167,113,54,134,85,49,34,23,11,981,482,499,101,58,43,121,54,67,36,22,14,2215,1107,1108
178,District-Ambedkar Nagar,Rural,12,4510,2414,2096,301,224,77,266,176,90,79,53,26,1573,798,775,150,91,59,165,81,84,71,30,41,1905,961,944
178,District-Ambedkar Nagar,Rural,13,4151,2106,2045,337,252,85,258,163,95,93,58,35,1675,814,861,133,79,54,172,76,96,77,35,42,1406,629,777
178,District-Ambedkar Nagar,Rural,14,5714,3011,2703,518,406,112,484,326,158,206,127,79,2398,1186,1212,168,103,65,253,126,127,111,51,60,1576,686,890
178,District-Ambedkar Nagar,Rural,15,9286,5234,4052,990,816,174,1008,753,255,356,231,125,3756,1859,1897,427,293,134,455,287,168,178,96,82,2116,899,1217
178,District-Ambedkar Nagar,Rural,16,10694,5725,4969,1268,1028,240,1397,1037,360,534,377,157,4557,2001,2556,400,261,139,428,232,196,179,91,88,1931,698,1233
178,District-Ambedkar Nagar,Rural,17,10519,5542,4977,1481,1212,269,1593,1145,448,590,381,209,4465,1818,2647,312,186,126,446,240,206,146,74,72,1486,486,1000
178,District-Ambedkar Nagar,Rural,18,20980,10844,10136,3211,2664,547,3436,2503,933,1196,752,444,8438,3133,5305,734,478,256,894,427,467,334,168,166,2737,719,2018
178,District-Ambedkar Nagar,Rural,19,14375,6949,7426,2340,1910,430,2390,1675,715,791,483,308,5759,1839,3920,461,277,184,605,276,329,192,80,112,1837,409,1428
178,District-Ambedkar Nagar,Urban,5-19,29698,16549,13149,2889,2589,300,1259,920,339,395,266,129,8119,3751,4368,998,790,208,615,369,246,180,92,88,15243,7772,7471
178,District-Ambedkar Nagar,Urban,5,5011,2640,2371,5,5,0,2,1,1,0,0,0,57,30,27,53,30,23,36,25,11,4,1,3,4854,2548,2306
178,District-Ambedkar Nagar,Urban,6,3779,1981,1798,6,6,0,3,2,1,2,0,2,63,30,33,47,23,24,29,13,16,4,2,2,3625,1905,1720
178,District-Ambedkar Nagar,Urban,7,1538,826,712,12,8,4,6,3,3,1,1,0,124,54,70,29,18,11,15,9,6,0,0,0,1351,733,618
178,District-Ambedkar Nagar,Urban,8,1026,521,505,11,8,3,6,3,3,3,2,1,123,65,58,15,8,7,15,7,8,2,0,2,851,428,423
178,District-Ambedkar Nagar,Urban,9,713,369,344,12,9,3,6,4,2,3,1,2,142,67,75,22,16,6,6,2,4,0,0,0,522,270,252
178,District-Ambedkar Nagar,Urban,10,1031,582,449,18,15,3,10,6,4,4,2,2,243,131,112,28,21,7,16,11,5,3,1,2,709,395,314
178,District-Ambedkar Nagar,Urban,11,684,379,305,39,34,5,18,7,11,5,3,2,187,93,94,30,28,2,15,8,7,8,5,3,382,201,181
178,District-Ambedkar Nagar,Urban,12,947,538,409,59,51,8,25,17,8,11,7,4,393,206,187,38,30,8,23,13,10,8,3,5,390,211,179
178,District-Ambedkar Nagar,Urban,13,846,503,343,61,52,9,34,26,8,14,8,6,370,219,151,48,39,9,33,18,15,7,2,5,279,139,140
178,District-Ambedkar Nagar,Urban,14,1300,773,527,146,131,15,62,39,23,31,19,12,576,308,268,71,52,19,26,18,8,10,7,3,378,199,179
178,District-Ambedkar Nagar,Urban,15,1886,1126,760,271,241,30,122,91,31,30,19,11,866,448,418,95,77,18,62,37,25,16,8,8,424,205,219
178,District-Ambedkar Nagar,Urban,16,2259,1285,974,366,325,41,161,111,50,56,37,19,1076,501,575,111,97,14,69,42,27,29,13,16,391,159,232
178,District-Ambedkar Nagar,Urban,17,2118,1229,889,408,365,43,175,126,49,55,34,21,979,447,532,97,87,10,65,42,23,22,9,13,317,119,198
178,District-Ambedkar Nagar,Urban,18,3975,2341,1634,892,806,86,387,301,86,117,80,37,1736,721,1015,186,160,26,118,70,48,41,25,16,498,178,320
178,District-Ambedkar Nagar,Urban,19,2585,1456,1129,583,533,50,242,183,59,63,53,10,1184,431,753,128,104,24,87,54,33,26,16,10,272,82,190
179,District-Sultanpur,Total,5-19,388982,192699,196283,20979,16749,4230,20858,14169,6689,8137,5099,3038,90395,34534,55861,8739,5281,3458,9850,5015,4835,3344,1526,1818,226680,110326,116354
179,District-Sultanpur,Total,5,84361,44865,39496,36,28,8,48,34,14,4,3,1,550,282,268,791,476,315,740,411,329,145,75,70,82047,43556,38491
179,District-Sultanpur,Total,6,55157,28692,26465,40,35,5,34,23,11,6,4,2,819,405,414,532,276,256,586,314,272,107,61,46,53033,27574,25459
179,District-Sultanpur,Total,7,22195,11132,11063,109,68,41,73,33,40,13,7,6,1323,685,638,279,148,131,315,164,151,64,30,34,20019,9997,10022
179,District-Sultanpur,Total,8,13304,6696,6608,131,84,47,79,43,36,20,15,5,1566,812,754,202,98,104,255,129,126,81,47,34,10970,5468,5502
179,District-Sultanpur,Total,9,8727,4314,4413,108,55,53,84,46,38,18,10,8,1403,699,704,190,105,85,162,75,87,56,32,24,6706,3292,3414
179,District-Sultanpur,Total,10,13879,6998,6881,178,111,67,169,84,85,39,22,17,2287,1131,1156,248,144,104,310,159,151,95,39,56,10553,5308,5245
179,District-Sultanpur,Total,11,8766,4421,4345,274,196,78,246,166,80,65,40,25,2276,1091,1185,252,148,104,269,131,138,75,38,37,5309,2611,2698
179,District-Sultanpur,Total,12,10955,5341,5614,586,458,128,453,306,147,181,98,83,3982,1853,2129,355,194,161,377,191,186,147,59,88,4874,2182,2692
179,District-Sultanpur,Total,13,9626,4321,5305,504,357,147,484,295,189,211,127,84,4080,1776,2304,272,144,128,378,166,212,125,57,68,3572,1399,2173
179,District-Sultanpur,Total,14,14063,6486,7577,901,694,207,962,648,314,456,280,176,6529,2699,3830,422,262,160,519,246,273,188,83,105,4086,1574,2512
179,District-Sultanpur,Total,15,22085,10790,11295,1912,1523,389,1964,1315,649,902,534,368,9708,4125,5583,925,596,329,912,503,409,384,186,198,5378,2008,3370
179,District-Sultanpur,Total,16,25330,11715,13615,2392,1867,525,2653,1792,861,1154,708,446,12007,4465,7542,784,510,274,979,505,474,355,171,184,5006,1697,3309
179,District-Sultanpur,Total,17,24473,11311,13162,2856,2287,569,3087,2086,1001,1235,785,450,11244,3963,7281,788,482,306,892,462,430,360,144,216,4011,1102,2909
179,District-Sultanpur,Total,18,46685,22205,24480,6511,5388,1123,6423,4509,1914,2349,1527,822,20183,6678,13505,1607,1056,551,1973,1009,964,716,329,387,6923,1709,5214
179,District-Sultanpur,Total,19,29376,13412,15964,4441,3598,843,4099,2789,1310,1484,939,545,12438,3870,8568,1092,642,450,1183,550,633,446,175,271,4193,849,3344
179,District-Sultanpur,Rural,5-19,372134,183595,188539,19728,15656,4072,20329,13767,6562,8024,5013,3011,85861,32430,53431,8325,4975,3350,9627,4872,4755,3295,1497,1798,216945,105385,111560
179,District-Sultanpur,Rural,5,81131,43156,37975,35,27,8,44,31,13,4,3,1,526,269,257,761,458,303,713,396,317,142,74,68,78906,41898,37008
179,District-Sultanpur,Rural,6,52787,27465,25322,38,34,4,34,23,11,6,4,2,790,393,397,506,263,243,572,306,266,104,60,44,50737,26382,24355
179,District-Sultanpur,Rural,7,21296,10669,10627,103,65,38,67,28,39,12,6,6,1245,648,597,271,145,126,303,158,145,63,30,33,19232,9589,9643
179,District-Sultanpur,Rural,8,12671,6344,6327,119,76,43,77,41,36,20,15,5,1480,762,718,197,93,104,249,126,123,79,47,32,10450,5184,5266
179,District-Sultanpur,Rural,9,8363,4112,4251,103,54,49,82,44,38,17,9,8,1335,669,666,181,98,83,160,75,85,56,32,24,6429,3131,3298
179,District-Sultanpur,Rural,10,13259,6684,6575,170,105,65,165,82,83,39,22,17,2170,1072,1098,243,143,100,306,157,149,93,37,56,10073,5066,5007
179,District-Sultanpur,Rural,11,8323,4187,4136,259,183,76,237,158,79,65,40,25,2152,1033,1119,246,142,104,257,123,134,74,37,37,5033,2471,2562
179,District-Sultanpur,Rural,12,10417,5068,5349,548,428,120,446,303,143,177,96,81,3769,1747,2022,340,185,155,371,189,182,144,56,88,4622,2064,2558
179,District-Sultanpur,Rural,13,9196,4083,5113,460,322,138,479,292,187,210,126,84,3907,1677,2230,256,134,122,371,161,210,124,56,68,3389,1315,2074
179,District-Sultanpur,Rural,14,13422,6155,7267,852,654,198,945,633,312,452,278,174,6208,2546,3662,401,247,154,508,240,268,183,80,103,3873,1477,2396
179,District-Sultanpur,Rural,15,21133,10270,10863,1809,1433,376,1916,1282,634,893,527,366,9261,3903,5358,885,566,319,899,497,402,379,183,196,5091,1879,3212
179,District-Sultanpur,Rural,16,24143,11050,13093,2241,1741,500,2591,1739,852,1142,701,441,11401,4174,7227,741,477,264,948,485,463,348,166,182,4731,1567,3164
179,District-Sultanpur,Rural,17,23401,10700,12701,2703,2151,552,3007,2027,980,1218,773,445,10701,3704,6997,744,447,297,873,449,424,356,143,213,3799,1006,2793
179,District-Sultanpur,Rural,18,44543,20964,23579,6103,5016,1087,6247,4379,1868,2310,1495,815,19155,6236,12919,1510,976,534,1935,978,957,705,321,384,6578,1563,5015
179,District-Sultanpur,Rural,19,28049,12688,15361,4185,3367,818,3992,2705,1287,1459,918,541,11761,3597,8164,1043,601,442,1162,532,630,445,175,270,4002,793,3209
179,District-Sultanpur,Urban,5-19,16848,9104,7744,1251,1093,158,529,402,127,113,86,27,4534,2104,2430,414,306,108,223,143,80,49,29,20,9735,4941,4794
179,District-Sultanpur,Urban,5,3230,1709,1521,1,1,0,4,3,1,0,0,0,24,13,11,30,18,12,27,15,12,3,1,2,3141,1658,1483
179,District-Sultanpur,Urban,6,2370,1227,1143,2,1,1,0,0,0,0,0,0,29,12,17,26,13,13,14,8,6,3,1,2,2296,1192,1104
179,District-Sultanpur,Urban,7,899,463,436,6,3,3,6,5,1,1,1,0,78,37,41,8,3,5,12,6,6,1,0,1,787,408,379
179,District-Sultanpur,Urban,8,633,352,281,12,8,4,2,2,0,0,0,0,86,50,36,5,5,0,6,3,3,2,0,2,520,284,236
179,District-Sultanpur,Urban,9,364,202,162,5,1,4,2,2,0,1,1,0,68,30,38,9,7,2,2,0,2,0,0,0,277,161,116
179,District-Sultanpur,Urban,10,620,314,306,8,6,2,4,2,2,0,0,0,117,59,58,5,1,4,4,2,2,2,2,0,480,242,238
179,District-Sultanpur,Urban,11,443,234,209,15,13,2,9,8,1,0,0,0,124,58,66,6,6,0,12,8,4,1,1,0,276,140,136
179,District-Sultanpur,Urban,12,538,273,265,38,30,8,7,3,4,4,2,2,213,106,107,15,9,6,6,2,4,3,3,0,252,118,134
179,District-Sultanpur,Urban,13,430,238,192,44,35,9,5,3,2,1,1,0,173,99,74,16,10,6,7,5,2,1,1,0,183,84,99
179,District-Sultanpur,Urban,14,641,331,310,49,40,9,17,15,2,4,2,2,321,153,168,21,15,6,11,6,5,5,3,2,213,97,116
179,District-Sultanpur,Urban,15,952,520,432,103,90,13,48,33,15,9,7,2,447,222,225,40,30,10,13,6,7,5,3,2,287,129,158
179,District-Sultanpur,Urban,16,1187,665,522,151,126,25,62,53,9,12,7,5,606,291,315,43,33,10,31,20,11,7,5,2,275,130,145
179,District-Sultanpur,Urban,17,1072,611,461,153,136,17,80,59,21,17,12,5,543,259,284,44,35,9,19,13,6,4,1,3,212,96,116
179,District-Sultanpur,Urban,18,2142,1241,901,408,372,36,176,130,46,39,32,7,1028,442,586,97,80,17,38,31,7,11,8,3,345,146,199
179,District-Sultanpur,Urban,19,1327,724,603,256,231,25,107,84,23,25,21,4,677,273,404,49,41,8,21,18,3,1,0,1,191,56,135
180,District-Bahraich,Total,5-19,646108,339508,306600,26061,23440,2621,18127,14332,3795,5107,3598,1509,81818,36588,45230,29396,23123,6273,25008,15910,9098,6930,3944,2986,453661,218573,235088
180,District-Bahraich,Total,5,101542,53268,48274,40,31,9,12,9,3,5,4,1,632,356,276,885,538,347,749,363,386,180,89,91,99039,51878,47161
180,District-Bahraich,Total,6,78504,40306,38198,35,27,8,24,14,10,17,7,10,850,473,377,683,420,263,692,372,320,155,88,67,76048,38905,37143
180,District-Bahraich,Total,7,42836,21658,21178,55,38,17,40,22,18,10,6,4,1160,603,557,519,291,228,507,262,245,116,66,50,40429,20370,20059
180,District-Bahraich,Total,8,42837,21511,21326,85,63,22,72,37,35,12,6,6,1777,919,858,586,361,225,609,305,304,204,95,109,39492,19725,19767
180,District-Bahraich,Total,9,24950,12424,12526,101,76,25,59,29,30,24,9,15,1689,879,810,443,268,175,508,275,233,132,57,75,21994,10831,11163
180,District-Bahraich,Total,10,42144,21378,20766,196,148,48,150,98,52,55,27,28,3556,1850,1706,883,558,325,960,556,404,343,185,158,36001,17956,18045
180,District-Bahraich,Total,11,22342,11433,10909,327,279,48,240,161,79,78,52,26,3026,1541,1485,685,492,193,674,367,307,215,125,90,17097,8416,8681
180,District-Bahraich,Total,12,34473,17881,16592,725,609,116,593,430,163,210,125,85,6349,3204,3145,1385,1024,361,1332,787,545,466,260,206,23413,11442,11971
180,District-Bahraich,Total,13,23419,11758,11661,674,571,103,587,403,184,219,138,81,5469,2592,2877,1058,778,280,1041,605,436,333,171,162,14038,6500,7538
180,District-Bahraich,Total,14,29938,15550,14388,1412,1222,190,1111,802,309,375,254,121,7981,3766,4215,1772,1396,376,1607,995,612,499,298,201,15181,6817,8364
180,District-Bahraich,Total,15,44353,25167,19186,3104,2757,347,2313,1823,490,773,554,219,11171,5491,5680,3616,3011,605,3111,2163,948,923,567,356,19342,8801,10541
180,District-Bahraich,Total,16,38206,21484,16722,3465,3117,348,2593,2069,524,733,501,232,10176,4572,5604,3395,2835,560,2767,1962,805,774,479,295,14303,5949,8354
180,District-Bahraich,Total,17,28374,15768,12606,3123,2855,268,2324,1895,429,635,476,159,7320,2951,4369,2771,2310,461,2250,1494,756,589,367,222,9362,3420,5942
180,District-Bahraich,Total,18,60484,33885,26599,8525,7837,688,5401,4465,936,1302,980,322,13510,5043,8467,7056,5917,1139,5464,3706,1758,1317,761,556,17909,5176,12733
180,District-Bahraich,Total,19,31706,16037,15669,4194,3810,384,2608,2075,533,659,459,200,7152,2348,4804,3659,2924,735,2737,1698,1039,684,336,348,10013,2387,7626
180,District-Bahraich,Rural,5-19,605506,317037,288469,23979,21562,2417,17308,13673,3635,4904,3453,1451,74504,33405,41099,27139,21234,5905,23803,15014,8789,6652,3743,2909,427217,204953,222264
180,District-Bahraich,Rural,5,96211,50423,45788,34,27,7,9,7,2,3,3,0,553,315,238,819,499,320,678,329,349,170,85,85,93945,49158,44787
180,District-Bahraich,Rural,6,74154,38025,36129,32,24,8,20,12,8,7,3,4,746,411,335,646,401,245,631,338,293,145,80,65,71927,36756,35171
180,District-Bahraich,Rural,7,40404,20400,20004,51,37,14,34,18,16,9,6,3,1041,545,496,480,271,209,467,246,221,106,61,45,38216,19216,19000
180,District-Bahraich,Rural,8,40392,20188,20204,78,58,20,68,36,32,10,5,5,1620,831,789,546,333,213,559,280,279,186,87,99,37325,18558,18767
180,District-Bahraich,Rural,9,23451,11612,11839,88,68,20,52,25,27,22,9,13,1548,805,743,418,255,163,478,256,222,126,55,71,20719,10139,10580
180,District-Bahraich,Rural,10,39683,20047,19636,176,133,43,139,90,49,46,22,24,3293,1724,1569,827,522,305,916,525,391,329,177,152,33957,16854,17103
180,District-Bahraich,Rural,11,20986,10697,10289,298,254,44,226,152,74,73,49,24,2820,1442,1378,630,447,183,631,338,293,203,117,86,16105,7898,8207
180,District-Bahraich,Rural,12,32378,16703,15675,666,558,108,566,410,156,201,120,81,5965,3009,2956,1301,952,349,1275,746,529,443,243,200,21961,10665,11296
180,District-Bahraich,Rural,13,21947,10911,11036,633,531,102,559,380,179,212,132,80,5110,2419,2691,982,718,264,994,569,425,324,165,159,13133,5997,7136
180,District-Bahraich,Rural,14,27840,14371,13469,1296,1117,179,1070,771,299,364,246,118,7402,3477,3925,1637,1283,354,1538,942,596,477,283,194,14056,6252,7804
180,District-Bahraich,Rural,15,41852,23709,18143,2943,2623,320,2224,1750,474,748,534,214,10505,5170,5335,3365,2794,571,2998,2065,933,887,535,352,18182,8238,9944
180,District-Bahraich,Rural,16,35408,19858,15550,3226,2895,331,2506,1998,508,707,481,226,9312,4186,5126,3125,2599,526,2633,1855,778,747,456,291,13152,5388,7764
180,District-Bahraich,Rural,17,25978,14389,11589,2828,2583,245,2213,1806,407,613,461,152,6503,2624,3879,2535,2105,430,2143,1409,734,566,346,220,8577,3055,5522
180,District-Bahraich,Rural,18,55966,31281,24685,7913,7273,640,5161,4258,903,1259,948,311,12001,4492,7509,6473,5402,1071,5245,3521,1724,1277,731,546,16637,4656,11981
180,District-Bahraich,Rural,19,28856,14423,14433,3717,3381,336,2461,1960,501,630,434,196,6085,1955,4130,3355,2653,702,2617,1595,1022,666,322,344,9325,2123,7202
180,District-Bahraich,Urban,5-19,40602,22471,18131,2082,1878,204,819,659,160,203,145,58,7314,3183,4131,2257,1889,368,1205,896,309,278,201,77,26444,13620,12824
180,District-Bahraich,Urban,5,5331,2845,2486,6,4,2,3,2,1,2,1,1,79,41,38,66,39,27,71,34,37,10,4,6,5094,2720,2374
180,District-Bahraich,Urban,6,4350,2281,2069,3,3,0,4,2,2,10,4,6,104,62,42,37,19,18,61,34,27,10,8,2,4121,2149,1972
180,District-Bahraich,Urban,7,2432,1258,1174,4,1,3,6,4,2,1,0,1,119,58,61,39,20,19,40,16,24,10,5,5,2213,1154,1059
180,District-Bahraich,Urban,8,2445,1323,1122,7,5,2,4,1,3,2,1,1,157,88,69,40,28,12,50,25,25,18,8,10,2167,1167,1000
180,District-Bahraich,Urban,9,1499,812,687,13,8,5,7,4,3,2,0,2,141,74,67,25,13,12,30,19,11,6,2,4,1275,692,583
180,District-Bahraich,Urban,10,2461,1331,1130,20,15,5,11,8,3,9,5,4,263,126,137,56,36,20,44,31,13,14,8,6,2044,1102,942
180,District-Bahraich,Urban,11,1356,736,620,29,25,4,14,9,5,5,3,2,206,99,107,55,45,10,43,29,14,12,8,4,992,518,474
180,District-Bahraich,Urban,12,2095,1178,917,59,51,8,27,20,7,9,5,4,384,195,189,84,72,12,57,41,16,23,17,6,1452,777,675
180,District-Bahraich,Urban,13,1472,847,625,41,40,1,28,23,5,7,6,1,359,173,186,76,60,16,47,36,11,9,6,3,905,503,402
180,District-Bahraich,Urban,14,2098,1179,919,116,105,11,41,31,10,11,8,3,579,289,290,135,113,22,69,53,16,22,15,7,1125,565,560
180,District-Bahraich,Urban,15,2501,1458,1043,161,134,27,89,73,16,25,20,5,666,321,345,251,217,34,113,98,15,36,32,4,1160,563,597
180,District-Bahraich,Urban,16,2798,1626,1172,239,222,17,87,71,16,26,20,6,864,386,478,270,236,34,134,107,27,27,23,4,1151,561,590
180,District-Bahraich,Urban,17,2396,1379,1017,295,272,23,111,89,22,22,15,7,817,327,490,236,205,31,107,85,22,23,21,2,785,365,420
180,District-Bahraich,Urban,18,4518,2604,1914,612,564,48,240,207,33,43,32,11,1509,551,958,583,515,68,219,185,34,40,30,10,1272,520,752
180,District-Bahraich,Urban,19,2850,1614,1236,477,429,48,147,115,32,29,25,4,1067,393,674,304,271,33,120,103,17,18,14,4,688,264,424
181,District-Shrawasti,Total,5-19,196185,101981,94204,7309,6356,953,6857,5180,1677,2015,1373,642,24373,11203,13170,9216,6489,2727,10048,5534,4514,3053,1679,1374,133314,64167,69147
181,District-Shrawasti,Total,5,31882,17001,14881,13,9,4,8,6,2,2,2,0,222,111,111,415,240,175,555,285,270,91,51,40,30576,16297,14279
181,District-Shrawasti,Total,6,22789,11819,10970,12,10,2,7,5,2,2,2,0,313,161,152,295,170,125,479,256,223,78,44,34,21603,11171,10432
181,District-Shrawasti,Total,7,12572,6380,6192,41,26,15,21,9,12,1,0,1,434,221,213,230,138,92,298,146,152,54,26,28,11493,5814,5679
181,District-Shrawasti,Total,8,12693,6318,6375,51,43,8,36,18,18,5,2,3,670,363,307,261,155,106,354,164,190,90,49,41,11226,5524,5702
181,District-Shrawasti,Total,9,7513,3727,3786,39,26,13,38,24,14,9,1,8,548,298,250,149,80,69,221,121,100,80,38,42,6429,3139,3290
181,District-Shrawasti,Total,10,12984,6566,6418,87,67,20,89,55,34,23,12,11,1212,639,573,330,191,139,382,190,192,127,72,55,10734,5340,5394
181,District-Shrawasti,Total,11,6868,3444,3424,113,91,22,105,74,31,40,24,16,970,472,498,236,137,99,277,138,139,86,42,44,5041,2466,2575
181,District-Shrawasti,Total,12,10568,5444,5124,254,210,44,249,176,73,87,54,33,1984,1047,937,466,320,146,545,263,282,169,91,78,6814,3283,3531
181,District-Shrawasti,Total,13,6767,3376,3391,180,150,30,252,173,79,105,53,52,1555,757,798,306,197,109,341,174,167,115,58,57,3913,1814,2099
181,District-Shrawasti,Total,14,8758,4457,4301,432,355,77,420,308,112,143,90,53,2235,1011,1224,530,382,148,560,322,238,240,149,91,4198,1840,2358
181,District-Shrawasti,Total,15,13553,7853,5700,911,778,133,954,709,245,300,209,91,3260,1693,1567,1121,891,230,1084,723,361,408,261,147,5515,2589,2926
181,District-Shrawasti,Total,16,11411,6375,5036,951,828,123,934,732,202,311,198,113,2890,1345,1545,947,733,214,951,605,346,348,211,137,4079,1723,2356
181,District-Shrawasti,Total,17,8235,4395,3840,847,766,81,792,586,206,207,160,47,2010,835,1175,788,584,204,770,443,327,240,129,111,2581,892,1689
181,District-Shrawasti,Total,18,19028,9941,9087,2108,1899,209,1970,1586,384,511,365,146,3908,1521,2387,1981,1482,499,2029,1172,857,598,316,282,5923,1600,4323
181,District-Shrawasti,Total,19,10564,4885,5679,1270,1098,172,982,719,263,269,201,68,2162,729,1433,1161,789,372,1202,532,670,329,142,187,3189,675,2514
181,District-Shrawasti,Rural,5-19,190534,98980,91554,7123,6186,937,6772,5104,1668,1987,1348,639,23406,10837,12569,9063,6350,2713,9918,5430,4488,3001,1632,1369,129264,62093,67171
181,District-Shrawasti,Rural,5,31224,16650,14574,12,8,4,8,6,2,2,2,0,214,109,105,413,238,175,547,280,267,90,50,40,29938,15957,13981
181,District-Shrawasti,Rural,6,22305,11573,10732,12,10,2,7,5,2,2,2,0,304,156,148,293,170,123,478,255,223,78,44,34,21131,10931,10200
181,District-Shrawasti,Rural,7,12244,6209,6035,40,26,14,20,8,12,1,0,1,418,216,202,228,136,92,294,144,150,53,26,27,11190,5653,5537
181,District-Shrawasti,Rural,8,12342,6121,6221,50,42,8,35,18,17,5,2,3,645,350,295,261,155,106,351,162,189,90,49,41,10905,5343,5562
181,District-Shrawasti,Rural,9,7279,3604,3675,39,26,13,37,23,14,9,1,8,532,289,243,148,79,69,220,120,100,80,38,42,6214,3028,3186
181,District-Shrawasti,Rural,10,12639,6381,6258,86,66,20,89,55,34,23,12,11,1176,625,551,327,189,138,379,188,191,126,71,55,10433,5175,5258
181,District-Shrawasti,Rural,11,6652,3324,3328,109,87,22,105,74,31,40,24,16,937,454,483,234,136,98,273,136,137,86,42,44,4868,2371,2497
181,District-Shrawasti,Rural,12,10275,5296,4979,250,207,43,249,176,73,86,53,33,1938,1029,909,462,316,146,540,260,280,169,91,78,6581,3164,3417
181,District-Shrawasti,Rural,13,6547,3249,3298,174,144,30,248,170,78,105,53,52,1509,734,775,303,194,109,334,169,165,115,58,57,3759,1727,2032
181,District-Shrawasti,Rural,14,8460,4306,4154,427,350,77,416,305,111,143,90,53,2171,992,1179,521,375,146,552,315,237,237,146,91,3993,1733,2260
181,District-Shrawasti,Rural,15,13156,7621,5535,888,757,131,948,703,245,296,205,91,3165,1648,1517,1100,872,228,1069,710,359,400,254,146,5290,2472,2818
181,District-Shrawasti,Rural,16,11011,6166,4845,934,813,121,921,720,201,310,197,113,2788,1305,1483,931,718,213,944,600,344,340,204,136,3843,1609,2234
181,District-Shrawasti,Rural,17,7902,4210,3692,828,749,79,781,576,205,205,158,47,1901,790,1111,774,570,204,752,427,325,235,124,111,2426,816,1610
181,District-Shrawasti,Rural,18,18366,9599,8767,2054,1849,205,1938,1558,380,500,357,143,3704,1446,2258,1936,1440,496,2011,1156,855,577,296,281,5646,1497,4149
181,District-Shrawasti,Rural,19,10132,4671,5461,1220,1052,168,970,707,263,260,192,68,2004,694,1310,1132,762,370,1174,508,666,325,139,186,3047,617,2430
181,District-Shrawasti,Urban,5-19,5651,3001,2650,186,170,16,85,76,9,28,25,3,967,366,601,153,139,14,130,104,26,52,47,5,4050,2074,1976
181,District-Shrawasti,Urban,5,658,351,307,1,1,0,0,0,0,0,0,0,8,2,6,2,2,0,8,5,3,1,1,0,638,340,298
181,District-Shrawasti,Urban,6,484,246,238,0,0,0,0,0,0,0,0,0,9,5,4,2,0,2,1,1,0,0,0,0,472,240,232
181,District-Shrawasti,Urban,7,328,171,157,1,0,1,1,1,0,0,0,0,16,5,11,2,2,0,4,2,2,1,0,1,303,161,142
181,District-Shrawasti,Urban,8,351,197,154,1,1,0,1,0,1,0,0,0,25,13,12,0,0,0,3,2,1,0,0,0,321,181,140
181,District-Shrawasti,Urban,9,234,123,111,0,0,0,1,1,0,0,0,0,16,9,7,1,1,0,1,1,0,0,0,0,215,111,104
181,District-Shrawasti,Urban,10,345,185,160,1,1,0,0,0,0,0,0,0,36,14,22,3,2,1,3,2,1,1,1,0,301,165,136
181,District-Shrawasti,Urban,11,216,120,96,4,4,0,0,0,0,0,0,0,33,18,15,2,1,1,4,2,2,0,0,0,173,95,78
181,District-Shrawasti,Urban,12,293,148,145,4,3,1,0,0,0,1,1,0,46,18,28,4,4,0,5,3,2,0,0,0,233,119,114
181,District-Shrawasti,Urban,13,220,127,93,6,6,0,4,3,1,0,0,0,46,23,23,3,3,0,7,5,2,0,0,0,154,87,67
181,District-Shrawasti,Urban,14,298,151,147,5,5,0,4,3,1,0,0,0,64,19,45,9,7,2,8,7,1,3,3,0,205,107,98
181,District-Shrawasti,Urban,15,397,232,165,23,21,2,6,6,0,4,4,0,95,45,50,21,19,2,15,13,2,8,7,1,225,117,108
181,District-Shrawasti,Urban,16,400,209,191,17,15,2,13,12,1,1,1,0,102,40,62,16,15,1,7,5,2,8,7,1,236,114,122
181,District-Shrawasti,Urban,17,333,185,148,19,17,2,11,10,1,2,2,0,109,45,64,14,14,0,18,16,2,5,5,0,155,76,79
181,District-Shrawasti,Urban,18,662,342,320,54,50,4,32,28,4,11,8,3,204,75,129,45,42,3,18,16,2,21,20,1,277,103,174
181,District-Shrawasti,Urban,19,432,214,218,50,46,4,12,12,0,9,9,0,158,35,123,29,27,2,28,24,4,4,3,1,142,58,84
182,District-Balrampur,Total,5-19,417076,205620,211456,16754,14355,2399,15143,10657,4486,4165,2584,1581,61944,25922,36022,17328,11454,5874,18097,9512,8585,5699,2641,3058,277946,128495,149451
182,District-Balrampur,Total,5,59163,30801,28362,31,27,4,13,11,2,2,1,1,356,196,160,578,311,267,519,287,232,160,79,81,57504,29889,27615
182,District-Balrampur,Total,6,47163,24019,23144,20,16,4,23,18,5,9,4,5,572,295,277,536,278,258,460,239,221,150,76,74,45393,23093,22300
182,District-Balrampur,Total,7,27684,13764,13920,36,26,10,27,15,12,13,10,3,936,483,453,388,194,194,350,191,159,123,76,47,25811,12769,13042
182,District-Balrampur,Total,8,25805,12678,13127,54,44,10,51,30,21,17,11,6,1367,767,600,437,231,206,416,193,223,158,79,79,23305,11323,11982
182,District-Balrampur,Total,9,16530,7878,8652,64,49,15,57,37,20,30,16,14,1285,618,667,342,195,147,364,177,187,146,65,81,14242,6721,7521
182,District-Balrampur,Total,10,26033,12677,13356,144,98,46,132,75,57,42,21,21,2588,1363,1225,579,335,244,585,310,275,278,130,148,21685,10345,11340
182,District-Balrampur,Total,11,15640,7555,8085,221,182,39,159,88,71,73,36,37,2370,1208,1162,478,268,210,503,238,265,227,96,131,11609,5439,6170
182,District-Balrampur,Total,12,21307,10014,11293,437,345,92,414,250,164,153,92,61,4335,2082,2253,746,459,287,834,413,421,368,164,204,14020,6209,7811
182,District-Balrampur,Total,13,15731,7206,8525,417,329,88,474,302,172,162,88,74,3888,1741,2147,606,365,241,693,336,357,303,153,150,9188,3892,5296
182,District-Balrampur,Total,14,20885,9879,11006,809,654,155,989,590,399,322,180,142,6051,2699,3352,966,654,312,1293,664,629,411,192,219,10044,4246,5798
182,District-Balrampur,Total,15,28694,14366,14328,1711,1435,276,1848,1251,597,595,374,221,8215,3673,4542,1974,1416,558,1967,1155,812,658,317,341,11726,4745,6981
182,District-Balrampur,Total,16,27690,13216,14474,2172,1810,362,2235,1528,707,651,382,269,8439,3266,5173,1803,1266,537,2025,1100,925,625,307,318,9740,3557,6183
182,District-Balrampur,Total,17,21665,10620,11045,2207,1904,303,2087,1493,594,530,338,192,6184,2322,3862,1706,1187,519,1871,993,878,532,249,283,6548,2134,4414
182,District-Balrampur,Total,18,39994,19767,20227,5278,4636,642,4198,3176,1022,1033,660,373,10027,3409,6618,3724,2647,1077,3801,2061,1740,995,426,569,10938,2752,8186
182,District-Balrampur,Total,19,23092,11180,11912,3153,2800,353,2436,1793,643,533,371,162,5331,1800,3531,2465,1648,817,2416,1155,1261,565,232,333,6193,1381,4812
182,District-Balrampur,Rural,5-19,390964,191747,199217,15682,13377,2305,14611,10208,4403,4036,2476,1560,57567,24075,33492,16353,10607,5746,17224,8889,8335,5526,2499,3027,259965,119616,140349
182,District-Balrampur,Rural,5,55866,29039,26827,31,27,4,12,11,1,2,1,1,317,176,141,566,302,264,479,266,213,156,79,77,54303,28177,26126
182,District-Balrampur,Rural,6,44551,22629,21922,19,15,4,21,16,5,9,4,5,534,274,260,526,269,257,428,223,205,146,74,72,42868,21754,21114
182,District-Balrampur,Rural,7,25967,12913,13054,35,26,9,24,13,11,13,10,3,856,448,408,379,189,190,313,168,145,122,75,47,24225,11984,12241
182,District-Balrampur,Rural,8,24184,11860,12324,51,41,10,48,28,20,16,10,6,1275,715,560,430,226,204,387,177,210,154,76,78,21823,10587,11236
182,District-Balrampur,Rural,9,15489,7346,8143,62,47,15,49,32,17,30,16,14,1207,583,624,334,189,145,326,155,171,145,64,81,13336,6260,7076
182,District-Balrampur,Rural,10,24556,11921,12635,137,94,43,127,70,57,42,21,21,2435,1279,1156,570,327,243,561,295,266,272,126,146,20412,9709,10703
182,District-Balrampur,Rural,11,14601,6991,7610,214,176,38,153,85,68,71,34,37,2227,1118,1109,469,260,209,473,220,253,221,92,129,10773,5006,5767
182,District-Balrampur,Rural,12,19939,9327,10612,412,322,90,404,243,161,153,92,61,4122,1987,2135,722,440,282,789,386,403,362,159,203,12975,5698,7277
182,District-Balrampur,Rural,13,14743,6678,8065,400,314,86,461,291,170,154,83,71,3695,1644,2051,576,338,238,650,305,345,293,144,149,8514,3559,4955
182,District-Balrampur,Rural,14,19582,9199,10383,765,611,154,960,567,393,318,177,141,5710,2544,3166,917,610,307,1249,634,615,399,183,216,9264,3873,5391
182,District-Balrampur,Rural,15,27044,13478,13566,1619,1354,265,1802,1214,588,584,364,220,7790,3486,4304,1874,1335,539,1892,1103,789,639,301,338,10844,4321,6523
182,District-Balrampur,Rural,16,25915,12285,13630,2072,1726,346,2172,1475,697,629,362,267,7894,3039,4855,1692,1172,520,1945,1036,909,604,288,316,8907,3187,5720
182,District-Balrampur,Rural,17,20056,9742,10314,2061,1774,287,2010,1426,584,508,320,188,5670,2131,3539,1564,1065,499,1771,914,857,511,230,281,5961,1882,4079
182,District-Balrampur,Rural,18,37162,18161,19001,4909,4294,615,4038,3030,1008,1000,631,369,9112,3082,6030,3429,2385,1044,3653,1934,1719,964,399,565,10057,2406,7651
182,District-Balrampur,Rural,19,21309,10178,11131,2895,2556,339,2330,1707,623,507,351,156,4723,1569,3154,2305,1500,805,2308,1073,1235,538,209,329,5703,1213,4490
182,District-Balrampur,Urban,5-19,26112,13873,12239,1072,978,94,532,449,83,129,108,21,4377,1847,2530,975,847,128,873,623,250,173,142,31,17981,8879,9102
182,District-Balrampur,Urban,5,3297,1762,1535,0,0,0,1,0,1,0,0,0,39,20,19,12,9,3,40,21,19,4,0,4,3201,1712,1489
182,District-Balrampur,Urban,6,2612,1390,1222,1,1,0,2,2,0,0,0,0,38,21,17,10,9,1,32,16,16,4,2,2,2525,1339,1186
182,District-Balrampur,Urban,7,1717,851,866,1,0,1,3,2,1,0,0,0,80,35,45,9,5,4,37,23,14,1,1,0,1586,785,801
182,District-Balrampur,Urban,8,1621,818,803,3,3,0,3,2,1,1,1,0,92,52,40,7,5,2,29,16,13,4,3,1,1482,736,746
182,District-Balrampur,Urban,9,1041,532,509,2,2,0,8,5,3,0,0,0,78,35,43,8,6,2,38,22,16,1,1,0,906,461,445
182,District-Balrampur,Urban,10,1477,756,721,7,4,3,5,5,0,0,0,0,153,84,69,9,8,1,24,15,9,6,4,2,1273,636,637
182,District-Balrampur,Urban,11,1039,564,475,7,6,1,6,3,3,2,2,0,143,90,53,9,8,1,30,18,12,6,4,2,836,433,403
182,District-Balrampur,Urban,12,1368,687,681,25,23,2,10,7,3,0,0,0,213,95,118,24,19,5,45,27,18,6,5,1,1045,511,534
182,District-Balrampur,Urban,13,988,528,460,17,15,2,13,11,2,8,5,3,193,97,96,30,27,3,43,31,12,10,9,1,674,333,341
182,District-Balrampur,Urban,14,1303,680,623,44,43,1,29,23,6,4,3,1,341,155,186,49,44,5,44,30,14,12,9,3,780,373,407
182,District-Balrampur,Urban,15,1650,888,762,92,81,11,46,37,9,11,10,1,425,187,238,100,81,19,75,52,23,19,16,3,882,424,458
182,District-Balrampur,Urban,16,1775,931,844,100,84,16,63,53,10,22,20,2,545,227,318,111,94,17,80,64,16,21,19,2,833,370,463
182,District-Balrampur,Urban,17,1609,878,731,146,130,16,77,67,10,22,18,4,514,191,323,142,122,20,100,79,21,21,19,2,587,252,335
182,District-Balrampur,Urban,18,2832,1606,1226,369,342,27,160,146,14,33,29,4,915,327,588,295,262,33,148,127,21,31,27,4,881,346,535
182,District-Balrampur,Urban,19,1783,1002,781,258,244,14,106,86,20,26,20,6,608,231,377,160,148,12,108,82,26,27,23,4,490,168,322
183,District-Gonda,Total,5-19,493675,246234,247441,26160,21816,4344,19234,13909,5325,5992,3756,2236,78502,31840,46662,22741,15510,7231,20974,11530,9444,6395,3089,3306,313677,144784,168893
183,District-Gonda,Total,5,81712,42792,38920,81,52,29,52,33,19,11,6,5,691,386,305,1127,630,497,1108,582,526,252,118,134,78390,40985,37405
183,District-Gonda,Total,6,57905,29642,28263,77,52,25,56,31,25,17,9,8,977,507,470,849,457,392,851,450,401,209,91,118,54869,28045,26824
183,District-Gonda,Total,7,30160,15009,15151,179,105,74,86,48,38,21,9,12,1215,614,601,631,368,263,553,284,269,162,72,90,27313,13509,13804
183,District-Gonda,Total,8,27144,13328,13816,183,117,66,99,56,43,37,15,22,1609,819,790,633,376,257,657,339,318,205,90,115,23721,11516,12205
183,District-Gonda,Total,9,16228,7841,8387,172,102,70,120,70,50,32,16,16,1466,738,728,487,278,209,506,289,217,149,61,88,13296,6287,7009
183,District-Gonda,Total,10,26385,13128,13257,292,209,83,231,153,78,72,39,33,2776,1420,1356,866,554,312,932,515,417,307,146,161,20909,10092,10817
183,District-Gonda,Total,11,15309,7431,7878,379,276,103,269,166,103,119,67,52,2391,1202,1189,639,391,248,678,348,330,238,113,125,10596,4868,5728
183,District-Gonda,Total,12,22412,10952,11460,828,658,170,582,389,193,196,116,80,4638,2289,2349,1068,721,347,1100,593,507,417,207,210,13583,5979,7604
183,District-Gonda,Total,13,15862,7319,8543,680,498,182,565,351,214,223,130,93,3958,1785,2173,765,489,276,848,462,386,305,152,153,8518,3452,5066
183,District-Gonda,Total,14,22581,10724,11857,1310,1048,262,1098,765,333,453,260,193,6590,2864,3726,1245,871,374,1255,686,569,445,205,240,10185,4025,6160
183,District-Gonda,Total,15,32716,16675,16041,2644,2217,427,2157,1556,601,805,497,308,9238,3980,5258,2512,1853,659,2239,1336,903,695,388,307,12426,4848,7578
183,District-Gonda,Total,16,32406,15898,16508,3182,2657,525,2553,1847,706,846,515,331,9929,3885,6044,2356,1697,659,2108,1239,869,686,354,332,10746,3704,7042
183,District-Gonda,Total,17,27169,13337,13832,3341,2852,489,2492,1804,688,784,510,274,8683,3237,5446,2003,1447,556,1780,1005,775,531,253,278,7555,2229,5326
183,District-Gonda,Total,18,53869,27281,26588,7866,6785,1081,5579,4255,1324,1523,1021,502,15324,5347,9977,4773,3455,1318,4014,2289,1725,1152,572,580,13638,3557,10081
183,District-Gonda,Total,19,31817,14877,16940,4946,4188,758,3295,2385,910,853,546,307,9017,2767,6250,2787,1923,864,2345,1113,1232,642,267,375,7932,1688,6244
183,District-Gonda,Rural,5-19,469097,232973,236124,24735,20576,4159,18646,13471,5175,5888,3675,2213,73269,29632,43637,21503,14467,7036,20384,11134,9250,6298,3024,3274,298374,136994,161380
183,District-Gonda,Rural,5,78199,40900,37299,78,52,26,49,32,17,11,6,5,640,357,283,1086,604,482,1053,553,500,249,116,133,75033,39180,35853
183,District-Gonda,Rural,6,55203,28158,27045,71,50,21,53,30,23,17,9,8,917,479,438,813,439,374,817,435,382,207,91,116,52308,26625,25683
183,District-Gonda,Rural,7,28739,14284,14455,173,101,72,78,44,34,21,9,12,1121,561,560,599,352,247,536,278,258,161,72,89,26050,12867,13183
183,District-Gonda,Rural,8,25904,12662,13242,173,113,60,94,54,40,37,15,22,1497,766,731,614,363,251,635,326,309,205,90,115,22649,10935,11714
183,District-Gonda,Rural,9,15419,7433,7986,165,97,68,111,66,45,32,16,16,1372,680,692,474,270,204,492,282,210,149,61,88,12624,5961,6663
183,District-Gonda,Rural,10,25121,12426,12695,276,197,79,224,149,75,70,38,32,2596,1325,1271,828,528,300,907,499,408,306,145,161,19914,9545,10369
183,District-Gonda,Rural,11,14513,7015,7498,360,259,101,261,162,99,119,67,52,2235,1119,1116,614,373,241,667,342,325,236,113,123,10021,4580,5441
183,District-Gonda,Rural,12,21270,10344,10926,782,619,163,566,376,190,196,116,80,4387,2164,2223,1013,681,332,1082,583,499,415,206,209,12829,5599,7230
183,District-Gonda,Rural,13,14967,6850,8117,642,467,175,551,343,208,218,127,91,3705,1662,2043,717,452,265,831,451,380,299,147,152,8004,3201,4803
183,District-Gonda,Rural,14,21395,10104,11291,1240,988,252,1071,747,324,442,253,189,6239,2724,3515,1166,801,365,1216,657,559,439,200,239,9582,3734,5848
183,District-Gonda,Rural,15,31131,15776,15355,2511,2098,413,2095,1517,578,795,487,308,8712,3739,4973,2391,1749,642,2196,1307,889,681,378,303,11750,4501,7249
183,District-Gonda,Rural,16,30619,14958,15661,3017,2516,501,2482,1789,693,837,510,327,9314,3642,5672,2204,1565,639,2044,1193,851,677,349,328,10044,3394,6650
183,District-Gonda,Rural,17,25591,12491,13100,3144,2676,468,2416,1745,671,768,497,271,8057,2996,5061,1874,1328,546,1720,960,760,521,248,273,7091,2041,5050
183,District-Gonda,Rural,18,51001,25662,25339,7441,6404,1037,5418,4122,1296,1492,997,495,14190,4921,9269,4481,3184,1297,3910,2209,1701,1126,550,576,12943,3275,9668
183,District-Gonda,Rural,19,30025,13910,16115,4662,3939,723,3177,2295,882,833,528,305,8287,2497,5790,2629,1778,851,2278,1059,1219,627,258,369,7532,1556,5976
183,District-Gonda,Urban,5-19,24578,13261,11317,1425,1240,185,588,438,150,104,81,23,5233,2208,3025,1238,1043,195,590,396,194,97,65,32,15303,7790,7513
183,District-Gonda,Urban,5,3513,1892,1621,3,0,3,3,1,2,0,0,0,51,29,22,41,26,15,55,29,26,3,2,1,3357,1805,1552
183,District-Gonda,Urban,6,2702,1484,1218,6,2,4,3,1,2,0,0,0,60,28,32,36,18,18,34,15,19,2,0,2,2561,1420,1141
183,District-Gonda,Urban,7,1421,725,696,6,4,2,8,4,4,0,0,0,94,53,41,32,16,16,17,6,11,1,0,1,1263,642,621
183,District-Gonda,Urban,8,1240,666,574,10,4,6,5,2,3,0,0,0,112,53,59,19,13,6,22,13,9,0,0,0,1072,581,491
183,District-Gonda,Urban,9,809,408,401,7,5,2,9,4,5,0,0,0,94,58,36,13,8,5,14,7,7,0,0,0,672,326,346
183,District-Gonda,Urban,10,1264,702,562,16,12,4,7,4,3,2,1,1,180,95,85,38,26,12,25,16,9,1,1,0,995,547,448
183,District-Gonda,Urban,11,796,416,380,19,17,2,8,4,4,0,0,0,156,83,73,25,18,7,11,6,5,2,0,2,575,288,287
183,District-Gonda,Urban,12,1142,608,534,46,39,7,16,13,3,0,0,0,251,125,126,55,40,15,18,10,8,2,1,1,754,380,374
183,District-Gonda,Urban,13,895,469,426,38,31,7,14,8,6,5,3,2,253,123,130,48,37,11,17,11,6,6,5,1,514,251,263
183,District-Gonda,Urban,14,1186,620,566,70,60,10,27,18,9,11,7,4,351,140,211,79,70,9,39,29,10,6,5,1,603,291,312
183,District-Gonda,Urban,15,1585,899,686,133,119,14,62,39,23,10,10,0,526,241,285,121,104,17,43,29,14,14,10,4,676,347,329
183,District-Gonda,Urban,16,1787,940,847,165,141,24,71,58,13,9,5,4,615,243,372,152,132,20,64,46,18,9,5,4,702,310,392
183,District-Gonda,Urban,17,1578,846,732,197,176,21,76,59,17,16,13,3,626,241,385,129,119,10,60,45,15,10,5,5,464,188,276
183,District-Gonda,Urban,18,2868,1619,1249,425,381,44,161,133,28,31,24,7,1134,426,708,292,271,21,104,80,24,26,22,4,695,282,413
183,District-Gonda,Urban,19,1792,967,825,284,249,35,118,90,28,20,18,2,730,270,460,158,145,13,67,54,13,15,9,6,400,132,268
184,District-Siddharthnagar,Total,5-19,395106,186576,208530,16444,12985,3459,20598,13452,7146,7542,4360,3182,80986,31434,49552,10631,6201,4430,15456,7092,8364,5260,2034,3226,238189,109018,129171
184,District-Siddharthnagar,Total,5,69204,36296,32908,51,37,14,34,24,10,13,8,5,591,302,289,738,427,311,860,443,417,215,120,95,66702,34935,31767
184,District-Siddharthnagar,Total,6,49840,25345,24495,51,35,16,48,26,22,16,9,7,843,436,407,530,277,253,588,293,295,155,76,79,47609,24193,23416
184,District-Siddharthnagar,Total,7,22638,11311,11327,94,60,34,84,44,40,26,16,10,1167,614,553,335,184,151,460,219,241,101,47,54,20371,10127,10244
184,District-Siddharthnagar,Total,8,18835,9015,9820,113,75,38,92,54,38,25,17,8,1563,772,791,335,168,167,445,211,234,137,43,94,16125,7675,8450
184,District-Siddharthnagar,Total,9,11700,5571,6129,117,76,41,115,63,52,23,13,10,1533,752,781,245,132,113,325,155,170,91,48,43,9251,4332,4919
184,District-Siddharthnagar,Total,10,18087,8561,9526,196,119,77,215,118,97,69,41,28,2794,1381,1413,390,203,187,538,281,257,197,83,114,13688,6335,7353
184,District-Siddharthnagar,Total,11,11021,5123,5898,252,173,79,287,173,114,80,46,34,2409,1095,1314,284,145,139,402,186,216,143,56,87,7164,3249,3915
184,District-Siddharthnagar,Total,12,16822,7533,9289,520,355,165,626,367,259,212,98,114,5025,2250,2775,467,269,198,726,320,406,282,106,176,8964,3768,5196
184,District-Siddharthnagar,Total,13,13403,5772,7631,473,329,144,640,380,260,264,149,115,4829,2040,2789,415,219,196,558,254,304,219,83,136,6005,2318,3687
184,District-Siddharthnagar,Total,14,19132,8203,10929,865,636,229,1281,762,519,525,270,255,7472,3035,4437,576,321,255,934,428,506,376,153,223,7103,2598,4505
184,District-Siddharthnagar,Total,15,26126,11524,14602,1576,1222,354,2271,1413,858,904,516,388,10071,3980,6091,987,609,378,1516,751,765,558,226,332,8243,2807,5436
184,District-Siddharthnagar,Total,16,28829,12140,16689,2040,1589,451,2932,1855,1077,1199,628,571,11560,4159,7401,1034,639,395,1751,801,950,634,240,394,7679,2229,5450
184,District-Siddharthnagar,Total,17,22886,10007,12879,2055,1623,432,2860,1845,1015,1066,617,449,8873,3134,5739,935,581,354,1428,647,781,503,190,313,5166,1370,3796
184,District-Siddharthnagar,Total,18,40944,18907,22037,4751,3941,810,5618,3952,1666,1968,1242,726,14097,4824,9273,1977,1239,738,2886,1338,1548,982,356,626,8665,2015,6650
184,District-Siddharthnagar,Total,19,25639,11268,14371,3290,2715,575,3495,2376,1119,1152,690,462,8159,2660,5499,1383,788,595,2039,765,1274,667,207,460,5454,1067,4387
184,District-Siddharthnagar,Rural,5-19,374471,175966,198505,15440,12173,3267,19919,12934,6985,7385,4240,3145,76112,29302,46810,10069,5817,4252,14942,6766,8176,5157,1962,3195,225447,102772,122675
184,District-Siddharthnagar,Rural,5,65965,34611,31354,51,37,14,34,24,10,12,8,4,545,282,263,715,415,300,835,431,404,213,118,95,63560,33296,30264
184,District-Siddharthnagar,Rural,6,47439,24095,23344,50,35,15,44,24,20,16,9,7,781,404,377,509,267,242,574,284,290,155,76,79,45310,22996,22314
184,District-Siddharthnagar,Rural,7,21374,10637,10737,93,59,34,82,43,39,25,15,10,1094,577,517,324,178,146,442,208,234,98,45,53,19216,9512,9704
184,District-Siddharthnagar,Rural,8,17859,8541,9318,111,73,38,90,52,38,25,17,8,1465,721,744,324,164,160,435,207,228,136,42,94,15273,7265,8008
184,District-Siddharthnagar,Rural,9,11033,5238,5795,113,72,41,107,58,49,23,13,10,1428,693,735,243,132,111,318,154,164,88,45,43,8713,4071,4642
184,District-Siddharthnagar,Rural,10,17145,8103,9042,188,114,74,213,118,95,67,40,27,2650,1314,1336,373,194,179,522,273,249,194,81,113,12938,5969,6969
184,District-Siddharthnagar,Rural,11,10376,4810,5566,239,163,76,280,167,113,79,45,34,2259,1027,1232,270,140,130,392,181,211,137,53,84,6720,3034,3686
184,District-Siddharthnagar,Rural,12,15912,7058,8854,499,339,160,602,348,254,209,97,112,4787,2132,2655,445,256,189,710,311,399,278,104,174,8382,3471,4911
184,District-Siddharthnagar,Rural,13,12717,5420,7297,448,311,137,625,368,257,263,149,114,4601,1927,2674,394,203,191,544,246,298,213,79,134,5629,2137,3492
184,District-Siddharthnagar,Rural,14,18154,7688,10466,810,596,214,1253,738,515,519,266,253,7096,2857,4239,539,297,242,909,411,498,369,147,222,6659,2376,4283
184,District-Siddharthnagar,Rural,15,24891,10884,14007,1492,1150,342,2198,1359,839,887,502,385,9623,3771,5852,949,585,364,1450,704,746,545,217,328,7747,2596,5151
184,District-Siddharthnagar,Rural,16,27440,11420,16020,1934,1505,429,2855,1788,1067,1182,614,568,10954,3891,7063,970,598,372,1701,767,934,626,235,391,7218,2022,5196
184,District-Siddharthnagar,Rural,17,21541,9324,12217,1926,1519,407,2759,1773,986,1037,595,442,8262,2869,5393,880,536,344,1373,612,761,490,181,309,4814,1239,3575
184,District-Siddharthnagar,Rural,18,38552,17657,20895,4408,3648,760,5433,3804,1629,1920,1203,717,13091,4442,8649,1836,1126,710,2784,1268,1516,962,342,620,8118,1824,6294
184,District-Siddharthnagar,Rural,19,24073,10480,13593,3078,2552,526,3344,2270,1074,1121,667,454,7476,2395,5081,1298,726,572,1953,709,1244,653,197,456,5150,964,4186
184,District-Siddharthnagar,Urban,5-19,20635,10610,10025,1004,812,192,679,518,161,157,120,37,4874,2132,2742,562,384,178,514,326,188,103,72,31,12742,6246,6496
184,District-Siddharthnagar,Urban,5,3239,1685,1554,0,0,0,0,0,0,1,0,1,46,20,26,23,12,11,25,12,13,2,2,0,3142,1639,1503
184,District-Siddharthnagar,Urban,6,2401,1250,1151,1,0,1,4,2,2,0,0,0,62,32,30,21,10,11,14,9,5,0,0,0,2299,1197,1102
184,District-Siddharthnagar,Urban,7,1264,674,590,1,1,0,2,1,1,1,1,0,73,37,36,11,6,5,18,11,7,3,2,1,1155,615,540
184,District-Siddharthnagar,Urban,8,976,474,502,2,2,0,2,2,0,0,0,0,98,51,47,11,4,7,10,4,6,1,1,0,852,410,442
184,District-Siddharthnagar,Urban,9,667,333,334,4,4,0,8,5,3,0,0,0,105,59,46,2,0,2,7,1,6,3,3,0,538,261,277
184,District-Siddharthnagar,Urban,10,942,458,484,8,5,3,2,0,2,2,1,1,144,67,77,17,9,8,16,8,8,3,2,1,750,366,384
184,District-Siddharthnagar,Urban,11,645,313,332,13,10,3,7,6,1,1,1,0,150,68,82,14,5,9,10,5,5,6,3,3,444,215,229
184,District-Siddharthnagar,Urban,12,910,475,435,21,16,5,24,19,5,3,1,2,238,118,120,22,13,9,16,9,7,4,2,2,582,297,285
184,District-Siddharthnagar,Urban,13,686,352,334,25,18,7,15,12,3,1,0,1,228,113,115,21,16,5,14,8,6,6,4,2,376,181,195
184,District-Siddharthnagar,Urban,14,978,515,463,55,40,15,28,24,4,6,4,2,376,178,198,37,24,13,25,17,8,7,6,1,444,222,222
184,District-Siddharthnagar,Urban,15,1235,640,595,84,72,12,73,54,19,17,14,3,448,209,239,38,24,14,66,47,19,13,9,4,496,211,285
184,District-Siddharthnagar,Urban,16,1389,720,669,106,84,22,77,67,10,17,14,3,606,268,338,64,41,23,50,34,16,8,5,3,461,207,254
184,District-Siddharthnagar,Urban,17,1345,683,662,129,104,25,101,72,29,29,22,7,611,265,346,55,45,10,55,35,20,13,9,4,352,131,221
184,District-Siddharthnagar,Urban,18,2392,1250,1142,343,293,50,185,148,37,48,39,9,1006,382,624,141,113,28,102,70,32,20,14,6,547,191,356
184,District-Siddharthnagar,Urban,19,1566,788,778,212,163,49,151,106,45,31,23,8,683,265,418,85,62,23,86,56,30,14,10,4,304,103,201
185,District-Basti,Total,5-19,266017,130833,135184,12403,10073,2330,12738,8858,3880,4668,2983,1685,55654,21957,33697,6310,4012,2298,7431,3785,3646,2559,1173,1386,164254,77992,86262
185,District-Basti,Total,5,54827,29028,25799,28,24,4,18,12,6,7,3,4,468,256,212,458,261,197,423,215,208,103,57,46,53322,28200,25122
185,District-Basti,Total,6,39219,20086,19133,25,19,6,22,13,9,2,2,0,621,314,307,358,195,163,306,168,138,92,44,48,37793,19331,18462
185,District-Basti,Total,7,15207,7623,7584,62,36,26,30,18,12,10,6,4,892,470,422,191,114,77,172,72,100,68,32,36,13782,6875,6907
185,District-Basti,Total,8,10835,5356,5479,73,49,24,50,24,26,12,7,5,1154,563,591,142,81,61,132,63,69,51,27,24,9221,4542,4679
185,District-Basti,Total,9,6211,3048,3163,81,44,37,50,26,24,15,10,5,1000,482,518,96,62,34,92,48,44,42,21,21,4835,2355,2480
185,District-Basti,Total,10,9707,4837,4870,117,85,32,85,51,34,34,18,16,1735,882,853,154,90,64,167,82,85,67,36,31,7348,3593,3755
185,District-Basti,Total,11,5812,2917,2895,155,112,43,138,89,49,44,29,15,1471,735,736,135,77,58,140,61,79,54,25,29,3675,1789,1886
185,District-Basti,Total,12,8844,4197,4647,342,260,82,299,191,108,106,66,40,2691,1236,1455,270,173,97,284,137,147,135,60,75,4717,2074,2643
185,District-Basti,Total,13,7165,3262,3903,309,238,71,260,160,100,128,69,59,2581,1137,1444,189,115,74,231,110,121,110,59,51,3357,1374,1983
185,District-Basti,Total,14,10396,4757,5639,565,422,143,571,353,218,247,145,102,4189,1833,2356,311,190,121,438,224,214,144,64,80,3931,1526,2405
185,District-Basti,Total,15,15443,7369,8074,1162,926,236,1186,828,358,476,304,172,6099,2607,3492,646,425,221,732,392,340,286,136,150,4856,1751,3105
185,District-Basti,Total,16,17347,7901,9446,1457,1164,293,1655,1135,520,654,398,256,7080,2721,4359,678,425,253,825,416,409,308,123,185,4690,1519,3171
185,District-Basti,Total,17,15330,7133,8197,1619,1312,307,1693,1187,506,691,462,229,6380,2372,4008,538,367,171,765,394,371,260,113,147,3384,926,2458
185,District-Basti,Total,18,31218,15112,16106,3992,3375,617,4242,3061,1181,1430,949,481,12052,4204,7848,1315,904,411,1716,905,811,520,236,284,5951,1478,4473
185,District-Basti,Total,19,18456,8207,10249,2416,2007,409,2439,1710,729,812,515,297,7241,2145,5096,829,533,296,1008,498,510,319,140,179,3392,659,2733
185,District-Basti,Rural,5-19,255264,125075,130189,11844,9563,2281,12476,8643,3833,4596,2915,1681,52717,20553,32164,6078,3841,2237,7248,3642,3606,2506,1133,1373,157799,74785,83014
185,District-Basti,Rural,5,53052,28086,24966,28,24,4,17,11,6,7,3,4,445,243,202,437,248,189,416,211,205,103,57,46,51599,27289,24310
185,District-Basti,Rural,6,37946,19419,18527,25,19,6,22,13,9,2,2,0,598,298,300,345,186,159,298,163,135,89,43,46,36567,18695,17872
185,District-Basti,Rural,7,14683,7353,7330,62,36,26,29,18,11,10,6,4,850,447,403,189,114,75,169,71,98,66,32,34,13308,6629,6679
185,District-Basti,Rural,8,10415,5139,5276,72,48,24,50,24,26,12,7,5,1108,540,568,139,79,60,127,60,67,50,26,24,8857,4355,4502
185,District-Basti,Rural,9,5929,2914,3015,80,44,36,47,25,22,15,10,5,953,460,493,91,57,34,91,48,43,41,21,20,4611,2249,2362
185,District-Basti,Rural,10,9289,4619,4670,112,80,32,85,51,34,33,17,16,1654,839,815,150,88,62,166,81,85,66,36,30,7023,3427,3596
185,District-Basti,Rural,11,5538,2767,2771,146,104,42,134,85,49,44,29,15,1393,699,694,128,75,53,139,60,79,53,25,28,3501,1690,1811
185,District-Basti,Rural,12,8420,3995,4425,334,252,82,293,186,107,102,62,40,2564,1183,1381,263,170,93,280,133,147,134,60,74,4450,1949,2501
185,District-Basti,Rural,13,6799,3071,3728,295,227,68,255,156,99,127,68,59,2460,1078,1382,183,111,72,229,108,121,108,58,50,3142,1265,1877
185,District-Basti,Rural,14,9923,4508,5415,544,402,142,555,340,215,244,143,101,3995,1730,2265,300,182,118,429,215,214,143,63,80,3713,1433,2280
185,District-Basti,Rural,15,14776,7016,7760,1123,891,232,1159,806,353,472,300,172,5815,2470,3345,622,409,213,713,378,335,280,130,150,4592,1632,2960
185,District-Basti,Rural,16,16582,7461,9121,1400,1112,288,1625,1112,513,646,390,256,6751,2539,4212,663,415,248,802,395,407,300,117,183,4395,1381,3014
185,District-Basti,Rural,17,14588,6747,7841,1560,1263,297,1664,1163,501,676,449,227,6002,2202,3800,513,345,168,742,379,363,251,105,146,3180,841,2339
185,District-Basti,Rural,18,29829,14282,15547,3793,3190,603,4151,2982,1169,1407,927,480,11400,3889,7511,1257,854,403,1666,863,803,510,227,283,5645,1350,4295
185,District-Basti,Rural,19,17495,7698,9797,2270,1871,399,2390,1671,719,799,502,297,6729,1936,4793,798,508,290,981,477,504,312,133,179,3216,600,2616
185,District-Basti,Urban,5-19,10753,5758,4995,559,510,49,262,215,47,72,68,4,2937,1404,1533,232,171,61,183,143,40,53,40,13,6455,3207,3248
185,District-Basti,Urban,5,1775,942,833,0,0,0,1,1,0,0,0,0,23,13,10,21,13,8,7,4,3,0,0,0,1723,911,812
185,District-Basti,Urban,6,1273,667,606,0,0,0,0,0,0,0,0,0,23,16,7,13,9,4,8,5,3,3,1,2,1226,636,590
185,District-Basti,Urban,7,524,270,254,0,0,0,1,0,1,0,0,0,42,23,19,2,0,2,3,1,2,2,0,2,474,246,228
185,District-Basti,Urban,8,420,217,203,1,1,0,0,0,0,0,0,0,46,23,23,3,2,1,5,3,2,1,1,0,364,187,177
185,District-Basti,Urban,9,282,134,148,1,0,1,3,1,2,0,0,0,47,22,25,5,5,0,1,0,1,1,0,1,224,106,118
185,District-Basti,Urban,10,418,218,200,5,5,0,0,0,0,1,1,0,81,43,38,4,2,2,1,1,0,1,0,1,325,166,159
185,District-Basti,Urban,11,274,150,124,9,8,1,4,4,0,0,0,0,78,36,42,7,2,5,1,1,0,1,0,1,174,99,75
185,District-Basti,Urban,12,424,202,222,8,8,0,6,5,1,4,4,0,127,53,74,7,3,4,4,4,0,1,0,1,267,125,142
185,District-Basti,Urban,13,366,191,175,14,11,3,5,4,1,1,1,0,121,59,62,6,4,2,2,2,0,2,1,1,215,109,106
185,District-Basti,Urban,14,473,249,224,21,20,1,16,13,3,3,2,1,194,103,91,11,8,3,9,9,0,1,1,0,218,93,125
185,District-Basti,Urban,15,667,353,314,39,35,4,27,22,5,4,4,0,284,137,147,24,16,8,19,14,5,6,6,0,264,119,145
185,District-Basti,Urban,16,765,440,325,57,52,5,30,23,7,8,8,0,329,182,147,15,10,5,23,21,2,8,6,2,295,138,157
185,District-Basti,Urban,17,742,386,356,59,49,10,29,24,5,15,13,2,378,170,208,25,22,3,23,15,8,9,8,1,204,85,119
185,District-Basti,Urban,18,1389,830,559,199,185,14,91,79,12,23,22,1,652,315,337,58,50,8,50,42,8,10,9,1,306,128,178
185,District-Basti,Urban,19,961,509,452,146,136,10,49,39,10,13,13,0,512,209,303,31,25,6,27,21,6,7,7,0,176,59,117
186,District-Sant Kabir Nagar,Total,5-19,204386,99507,104879,9163,7501,1662,11541,8045,3496,4412,2793,1619,45681,17294,28387,4247,2711,1536,5740,2839,2901,1973,852,1121,121629,57472,64157
186,District-Sant Kabir Nagar,Total,5,40002,20955,19047,20,17,3,12,7,5,2,0,2,275,143,132,390,202,188,317,162,155,64,33,31,38922,20391,18531
186,District-Sant Kabir Nagar,Total,6,28602,14600,14002,19,13,6,19,14,5,3,2,1,376,217,159,288,158,130,269,140,129,58,32,26,27570,14024,13546
186,District-Sant Kabir Nagar,Total,7,10823,5444,5379,35,22,13,36,21,15,5,5,0,515,274,241,129,71,58,141,78,63,35,16,19,9927,4957,4970
186,District-Sant Kabir Nagar,Total,8,8136,4058,4078,62,44,18,38,23,15,7,6,1,685,357,328,114,67,47,141,66,75,31,16,15,7058,3479,3579
186,District-Sant Kabir Nagar,Total,9,5043,2466,2577,45,31,14,47,23,24,11,6,5,612,288,324,95,45,50,109,58,51,26,15,11,4098,2000,2098
186,District-Sant Kabir Nagar,Total,10,7967,3997,3970,101,61,40,70,45,25,25,11,14,1252,653,599,139,96,43,191,100,91,45,18,27,6144,3013,3131
186,District-Sant Kabir Nagar,Total,11,4660,2314,2346,121,91,30,120,80,40,35,21,14,1002,483,519,88,60,28,133,70,63,55,27,28,3106,1482,1624
186,District-Sant Kabir Nagar,Total,12,6910,3260,3650,229,175,54,261,178,83,95,59,36,2209,1002,1207,162,92,70,214,109,105,94,43,51,3646,1602,2044
186,District-Sant Kabir Nagar,Total,13,5569,2472,3097,200,140,60,272,165,107,97,53,44,2124,898,1226,129,81,48,218,95,123,79,31,48,2450,1009,1441
186,District-Sant Kabir Nagar,Total,14,8265,3757,4508,411,317,94,539,343,196,235,140,95,3502,1437,2065,219,150,69,324,178,146,125,44,81,2910,1148,1762
186,District-Sant Kabir Nagar,Total,15,12147,5603,6544,764,617,147,1097,736,361,445,245,200,5231,2109,3122,394,265,129,589,297,292,225,98,127,3402,1236,2166
186,District-Sant Kabir Nagar,Total,16,14708,6468,8240,1115,888,227,1546,1012,534,619,377,242,6683,2435,4248,435,292,143,617,293,324,246,109,137,3447,1062,2385
186,District-Sant Kabir Nagar,Total,17,12257,5629,6628,1155,945,210,1524,1056,468,648,425,223,5424,1908,3516,356,234,122,527,260,267,227,101,126,2396,700,1696
186,District-Sant Kabir Nagar,Total,18,24403,11674,12729,2974,2529,445,3721,2726,995,1328,877,451,9894,3253,6641,812,582,230,1208,615,593,419,180,239,4047,912,3135
186,District-Sant Kabir Nagar,Total,19,14894,6810,8084,1912,1611,301,2239,1616,623,857,566,291,5897,1837,4060,497,316,181,742,318,424,244,89,155,2506,457,2049
186,District-Sant Kabir Nagar,Rural,5-19,189180,91576,97604,8156,6664,1492,10949,7593,3356,4216,2641,1575,41685,15601,26084,3835,2396,1439,5400,2608,2792,1888,796,1092,113051,53277,59774
186,District-Sant Kabir Nagar,Rural,5,37504,19660,17844,17,15,2,11,6,5,2,0,2,255,133,122,370,192,178,290,146,144,62,31,31,36497,19137,17360
186,District-Sant Kabir Nagar,Rural,6,26729,13668,13061,15,9,6,16,12,4,3,2,1,345,202,143,276,150,126,251,130,121,57,32,25,25766,13131,12635
186,District-Sant Kabir Nagar,Rural,7,10040,5038,5002,32,19,13,34,20,14,5,5,0,472,252,220,122,66,56,131,74,57,35,16,19,9209,4586,4623
186,District-Sant Kabir Nagar,Rural,8,7584,3770,3814,58,40,18,34,22,12,6,5,1,641,332,309,112,65,47,130,61,69,31,16,15,6572,3229,3343
186,District-Sant Kabir Nagar,Rural,9,4676,2269,2407,41,28,13,44,21,23,11,6,5,562,268,294,89,41,48,103,54,49,26,15,11,3800,1836,1964
186,District-Sant Kabir Nagar,Rural,10,7361,3682,3679,94,54,40,67,44,23,25,11,14,1126,595,531,131,89,42,184,95,89,44,17,27,5690,2777,2913
186,District-Sant Kabir Nagar,Rural,11,4326,2127,2199,116,86,30,114,76,38,33,19,14,919,434,485,80,54,26,124,64,60,53,26,27,2887,1368,1519
186,District-Sant Kabir Nagar,Rural,12,6352,2976,3376,212,163,49,255,173,82,95,59,36,2018,908,1110,149,86,63,200,101,99,93,42,51,3330,1444,1886
186,District-Sant Kabir Nagar,Rural,13,5101,2229,2872,185,131,54,264,160,104,94,50,44,1936,804,1132,114,67,47,211,91,120,78,31,47,2219,895,1324
186,District-Sant Kabir Nagar,Rural,14,7521,3340,4181,356,269,87,514,325,189,228,134,94,3168,1266,1902,199,135,64,296,158,138,116,37,79,2644,1016,1628
186,District-Sant Kabir Nagar,Rural,15,11126,5065,6061,694,559,135,1042,696,346,421,227,194,4805,1927,2878,351,227,124,562,275,287,211,90,121,3040,1064,1976
186,District-Sant Kabir Nagar,Rural,16,13509,5865,7644,997,798,199,1463,947,516,592,357,235,6111,2206,3905,376,247,129,585,267,318,236,101,135,3149,942,2207
186,District-Sant Kabir Nagar,Rural,17,11234,5102,6132,1033,849,184,1444,997,447,609,401,208,4954,1708,3246,309,201,108,486,228,258,206,88,118,2193,630,1563
186,District-Sant Kabir Nagar,Rural,18,22465,10634,11831,2620,2228,392,3535,2577,958,1284,840,444,9031,2927,6104,716,509,207,1145,572,573,405,171,234,3729,810,2919
186,District-Sant Kabir Nagar,Rural,19,13652,6151,7501,1686,1416,270,2112,1517,595,808,525,283,5342,1639,3703,441,267,174,702,292,410,235,83,152,2326,412,1914
186,District-Sant Kabir Nagar,Urban,5-19,15206,7931,7275,1007,837,170,592,452,140,196,152,44,3996,1693,2303,412,315,97,340,231,109,85,56,29,8578,4195,4383
186,District-Sant Kabir Nagar,Urban,5,2498,1295,1203,3,2,1,1,1,0,0,0,0,20,10,10,20,10,10,27,16,11,2,2,0,2425,1254,1171
186,District-Sant Kabir Nagar,Urban,6,1873,932,941,4,4,0,3,2,1,0,0,0,31,15,16,12,8,4,18,10,8,1,0,1,1804,893,911
186,District-Sant Kabir Nagar,Urban,7,783,406,377,3,3,0,2,1,1,0,0,0,43,22,21,7,5,2,10,4,6,0,0,0,718,371,347
186,District-Sant Kabir Nagar,Urban,8,552,288,264,4,4,0,4,1,3,1,1,0,44,25,19,2,2,0,11,5,6,0,0,0,486,250,236
186,District-Sant Kabir Nagar,Urban,9,367,197,170,4,3,1,3,2,1,0,0,0,50,20,30,6,4,2,6,4,2,0,0,0,298,164,134
186,District-Sant Kabir Nagar,Urban,10,606,315,291,7,7,0,3,1,2,0,0,0,126,58,68,8,7,1,7,5,2,1,1,0,454,236,218
186,District-Sant Kabir Nagar,Urban,11,334,187,147,5,5,0,6,4,2,2,2,0,83,49,34,8,6,2,9,6,3,2,1,1,219,114,105
186,District-Sant Kabir Nagar,Urban,12,558,284,274,17,12,5,6,5,1,0,0,0,191,94,97,13,6,7,14,8,6,1,1,0,316,158,158
186,District-Sant Kabir Nagar,Urban,13,468,243,225,15,9,6,8,5,3,3,3,0,188,94,94,15,14,1,7,4,3,1,0,1,231,114,117
186,District-Sant Kabir Nagar,Urban,14,744,417,327,55,48,7,25,18,7,7,6,1,334,171,163,20,15,5,28,20,8,9,7,2,266,132,134
186,District-Sant Kabir Nagar,Urban,15,1021,538,483,70,58,12,55,40,15,24,18,6,426,182,244,43,38,5,27,22,5,14,8,6,362,172,190
186,District-Sant Kabir Nagar,Urban,16,1199,603,596,118,90,28,83,65,18,27,20,7,572,229,343,59,45,14,32,26,6,10,8,2,298,120,178
186,District-Sant Kabir Nagar,Urban,17,1023,527,496,122,96,26,80,59,21,39,24,15,470,200,270,47,33,14,41,32,9,21,13,8,203,70,133
186,District-Sant Kabir Nagar,Urban,18,1938,1040,898,354,301,53,186,149,37,44,37,7,863,326,537,96,73,23,63,43,20,14,9,5,318,102,216
186,District-Sant Kabir Nagar,Urban,19,1242,659,583,226,195,31,127,99,28,49,41,8,555,198,357,56,49,7,40,26,14,9,6,3,180,45,135
187,District-Mahrajganj,Total,5-19,323399,163571,159828,14424,11871,2553,21249,15541,5708,6684,4354,2330,61497,28266,33231,8125,4784,3341,13018,6152,6866,3969,1612,2357,194433,90991,103442
187,District-Mahrajganj,Total,5,58574,30834,27740,43,36,7,58,39,19,18,14,4,573,307,266,696,410,286,840,447,393,165,80,85,56181,29501,26680
187,District-Mahrajganj,Total,6,44431,22630,21801,36,23,13,59,43,16,12,8,4,705,369,336,512,284,228,653,337,316,177,91,86,42277,21475,20802
187,District-Mahrajganj,Total,7,19238,9571,9667,93,59,34,94,48,46,24,13,11,1100,576,524,298,152,146,420,202,218,100,52,48,17109,8469,8640
187,District-Mahrajganj,Total,8,15884,7773,8111,121,83,38,128,75,53,25,15,10,1425,721,704,276,155,121,404,184,220,135,71,64,13370,6469,6901
187,District-Mahrajganj,Total,9,9459,4669,4790,100,70,30,118,56,62,31,15,16,1209,658,551,212,123,89,281,119,162,98,54,44,7410,3574,3836
187,District-Mahrajganj,Total,10,14916,7242,7674,186,111,75,188,118,70,76,40,36,2262,1185,1077,287,164,123,468,220,248,164,80,84,11285,5324,5961
187,District-Mahrajganj,Total,11,8927,4300,4627,210,158,52,269,168,101,84,48,36,1957,965,992,218,127,91,373,180,193,124,58,66,5692,2596,3096
187,District-Mahrajganj,Total,12,11925,5588,6337,398,304,94,554,367,187,184,104,80,3327,1632,1695,356,196,160,598,260,338,209,86,123,6299,2639,3660
187,District-Mahrajganj,Total,13,9637,4527,5110,395,305,90,584,388,196,231,141,90,3193,1531,1662,333,184,149,494,219,275,168,74,94,4239,1685,2554
187,District-Mahrajganj,Total,14,13526,6434,7092,751,581,170,1081,712,369,437,258,179,5011,2400,2611,399,230,169,741,338,403,264,116,148,4842,1799,3043
187,District-Mahrajganj,Total,15,18956,9782,9174,1302,1043,259,2018,1473,545,755,506,249,6921,3361,3560,769,510,259,1180,635,545,373,150,223,5638,2104,3534
187,District-Mahrajganj,Total,16,21210,10645,10565,1661,1372,289,2789,2014,775,973,619,354,7897,3617,4280,793,494,299,1238,609,629,423,182,241,5436,1738,3698
187,District-Mahrajganj,Total,17,18136,9277,8859,1861,1550,311,2850,2118,732,892,580,312,6597,2910,3687,624,381,243,1179,568,611,315,98,217,3818,1072,2746
187,District-Mahrajganj,Total,18,35185,18604,16581,4314,3702,612,6165,4715,1450,1812,1236,576,11760,5013,6747,1408,867,541,2407,1109,1298,749,274,475,6570,1688,4882
187,District-Mahrajganj,Total,19,23395,11695,11700,2953,2474,479,4294,3207,1087,1130,757,373,7560,3021,4539,944,507,437,1742,725,1017,505,146,359,4267,858,3409
187,District-Mahrajganj,Rural,5-19,311346,157163,154183,13642,11155,2487,20943,15287,5656,6595,4271,2324,58573,26900,31673,7819,4557,3262,12877,6061,6816,3906,1567,2339,186991,87365,99626
187,District-Mahrajganj,Rural,5,56460,29747,26713,40,33,7,58,39,19,18,14,4,554,296,258,665,392,273,837,445,392,162,80,82,54126,28448,25678
187,District-Mahrajganj,Rural,6,42694,21698,20996,36,23,13,59,43,16,12,8,4,684,357,327,494,276,218,645,332,313,174,88,86,40590,20571,20019
187,District-Mahrajganj,Rural,7,18506,9189,9317,92,58,34,93,48,45,24,13,11,1059,552,507,288,145,143,418,200,218,98,51,47,16434,8122,8312
187,District-Mahrajganj,Rural,8,15399,7549,7850,118,80,38,128,75,53,25,15,10,1377,696,681,270,153,117,400,182,218,135,71,64,12946,6277,6669
187,District-Mahrajganj,Rural,9,9096,4476,4620,96,67,29,116,55,61,31,15,16,1165,630,535,207,122,85,278,119,159,97,54,43,7106,3414,3692
187,District-Mahrajganj,Rural,10,14418,6980,7438,183,108,75,186,117,69,74,39,35,2180,1137,1043,281,162,119,465,220,245,163,79,84,10886,5118,5768
187,District-Mahrajganj,Rural,11,8601,4138,4463,200,149,51,267,166,101,84,48,36,1887,932,955,211,123,88,364,178,186,123,57,66,5465,2485,2980
187,District-Mahrajganj,Rural,12,11522,5398,6124,375,283,92,546,363,183,183,103,80,3205,1567,1638,347,189,158,591,257,334,208,85,123,6067,2551,3516
187,District-Mahrajganj,Rural,13,9269,4340,4929,380,294,86,578,384,194,225,136,89,3061,1473,1588,320,173,147,488,216,272,167,73,94,4050,1591,2459
187,District-Mahrajganj,Rural,14,13054,6178,6876,722,556,166,1065,700,365,435,256,179,4804,2279,2525,389,222,167,734,334,400,259,111,148,4646,1720,2926
187,District-Mahrajganj,Rural,15,18317,9430,8887,1245,992,253,1983,1447,536,747,498,249,6649,3227,3422,734,481,253,1171,629,542,364,145,219,5424,2011,3413
187,District-Mahrajganj,Rural,16,20461,10253,10208,1573,1290,283,2760,1991,769,965,611,354,7545,3455,4090,757,464,293,1222,599,623,417,179,238,5222,1664,3558
187,District-Mahrajganj,Rural,17,17429,8869,8560,1745,1439,306,2812,2086,726,879,567,312,6247,2748,3499,604,364,240,1168,561,607,308,94,214,3666,1010,2656
187,District-Mahrajganj,Rural,18,33773,17788,15985,4061,3469,592,6064,4625,1439,1779,1205,574,11122,4737,6385,1341,809,532,2376,1083,1293,734,262,472,6296,1598,4698
187,District-Mahrajganj,Rural,19,22347,11130,11217,2776,2314,462,4228,3148,1080,1114,743,371,7034,2814,4220,911,482,429,1720,706,1014,497,138,359,4067,785,3282
187,District-Mahrajganj,Urban,5-19,12053,6408,5645,782,716,66,306,254,52,89,83,6,2924,1366,1558,306,227,79,141,91,50,63,45,18,7442,3626,3816
187,District-Mahrajganj,Urban,5,2114,1087,1027,3,3,0,0,0,0,0,0,0,19,11,8,31,18,13,3,2,1,3,0,3,2055,1053,1002
187,District-Mahrajganj,Urban,6,1737,932,805,0,0,0,0,0,0,0,0,0,21,12,9,18,8,10,8,5,3,3,3,0,1687,904,783
187,District-Mahrajganj,Urban,7,732,382,350,1,1,0,1,0,1,0,0,0,41,24,17,10,7,3,2,2,0,2,1,1,675,347,328
187,District-Mahrajganj,Urban,8,485,224,261,3,3,0,0,0,0,0,0,0,48,25,23,6,2,4,4,2,2,0,0,0,424,192,232
187,District-Mahrajganj,Urban,9,363,193,170,4,3,1,2,1,1,0,0,0,44,28,16,5,1,4,3,0,3,1,0,1,304,160,144
187,District-Mahrajganj,Urban,10,498,262,236,3,3,0,2,1,1,2,1,1,82,48,34,6,2,4,3,0,3,1,1,0,399,206,193
187,District-Mahrajganj,Urban,11,326,162,164,10,9,1,2,2,0,0,0,0,70,33,37,7,4,3,9,2,7,1,1,0,227,111,116
187,District-Mahrajganj,Urban,12,403,190,213,23,21,2,8,4,4,1,1,0,122,65,57,9,7,2,7,3,4,1,1,0,232,88,144
187,District-Mahrajganj,Urban,13,368,187,181,15,11,4,6,4,2,6,5,1,132,58,74,13,11,2,6,3,3,1,1,0,189,94,95
187,District-Mahrajganj,Urban,14,472,256,216,29,25,4,16,12,4,2,2,0,207,121,86,10,8,2,7,4,3,5,5,0,196,79,117
187,District-Mahrajganj,Urban,15,639,352,287,57,51,6,35,26,9,8,8,0,272,134,138,35,29,6,9,6,3,9,5,4,214,93,121
187,District-Mahrajganj,Urban,16,749,392,357,88,82,6,29,23,6,8,8,0,352,162,190,36,30,6,16,10,6,6,3,3,214,74,140
187,District-Mahrajganj,Urban,17,707,408,299,116,111,5,38,32,6,13,13,0,350,162,188,20,17,3,11,7,4,7,4,3,152,62,90
187,District-Mahrajganj,Urban,18,1412,816,596,253,233,20,101,90,11,33,31,2,638,276,362,67,58,9,31,26,5,15,12,3,274,90,184
187,District-Mahrajganj,Urban,19,1048,565,483,177,160,17,66,59,7,16,14,2,526,207,319,33,25,8,22,19,3,8,8,0,200,73,127
188,District-Gorakhpur,Total,5-19,454412,230956,223456,22682,18856,3826,21881,16354,5527,7374,5182,2192,108633,46357,62276,11124,7264,3860,12204,6806,5398,3744,1810,1934,266770,128327,138443
188,District-Gorakhpur,Total,5,83390,44308,39082,66,50,16,71,40,31,10,7,3,1136,627,509,964,563,401,1044,549,495,130,72,58,79969,42400,37569
188,District-Gorakhpur,Total,6,60798,31385,29413,50,35,15,63,37,26,16,12,4,1283,689,594,709,384,325,855,458,397,119,70,49,57703,29700,28003
188,District-Gorakhpur,Total,7,25971,13129,12842,146,91,55,102,60,42,18,12,6,2152,1102,1050,349,186,163,429,209,220,94,35,59,22681,11434,11247
188,District-Gorakhpur,Total,8,20446,10373,10073,182,117,65,141,80,61,27,19,8,2558,1327,1231,313,188,125,346,181,165,98,52,46,16781,8409,8372
188,District-Gorakhpur,Total,9,12494,6181,6313,161,105,56,131,75,56,29,14,15,2208,1107,1101,258,133,125,289,154,135,77,36,41,9341,4557,4784
188,District-Gorakhpur,Total,10,18955,9544,9411,269,172,97,210,129,81,48,30,18,3611,1836,1775,397,223,174,378,198,180,123,64,59,13919,6892,7027
188,District-Gorakhpur,Total,11,11952,5881,6071,412,303,109,287,190,97,68,42,26,3235,1539,1696,342,204,138,343,170,173,98,46,52,7167,3387,3780
188,District-Gorakhpur,Total,12,15986,7774,8212,632,493,139,519,338,181,173,127,46,5164,2424,2740,450,296,154,485,243,242,188,87,101,8375,3766,4609
188,District-Gorakhpur,Total,13,12995,6201,6794,615,467,148,512,351,161,195,119,76,4906,2346,2560,368,229,139,406,200,206,160,78,82,5833,2411,3422
188,District-Gorakhpur,Total,14,18056,8616,9440,958,765,193,944,636,308,364,239,125,7493,3362,4131,544,374,170,658,361,297,242,105,137,6853,2774,4079
188,District-Gorakhpur,Total,15,26117,13196,12921,1966,1619,347,1969,1424,545,732,502,230,10785,4927,5858,1042,710,332,1140,683,457,427,196,231,8056,3135,4921
188,District-Gorakhpur,Total,16,29443,14453,14990,2478,2045,433,2634,1920,714,1010,689,321,12984,5451,7533,1043,728,315,1179,686,493,411,179,232,7704,2755,4949
188,District-Gorakhpur,Total,17,27855,14035,13820,3070,2578,492,3085,2338,747,1008,713,295,12327,4988,7339,1021,685,336,1032,589,443,375,183,192,5937,1961,3976
188,District-Gorakhpur,Total,18,53583,27868,25715,6627,5715,912,6656,5249,1407,2288,1673,615,23115,8982,14133,1990,1462,528,2173,1345,828,767,405,362,9967,3037,6930
188,District-Gorakhpur,Total,19,36371,18012,18359,5050,4301,749,4557,3487,1070,1388,984,404,15676,5650,10026,1334,899,435,1447,780,667,435,202,233,6484,1709,4775
188,District-Gorakhpur,Rural,5-19,383508,193007,190501,17917,14968,2949,19601,14753,4848,6953,4857,2096,89685,37457,52228,8702,5553,3149,10262,5602,4660,3452,1616,1836,226936,108201,118735
188,District-Gorakhpur,Rural,5,72233,38390,33843,42,30,12,54,33,21,10,7,3,878,484,394,772,447,325,820,439,381,115,66,49,69542,36884,32658
188,District-Gorakhpur,Rural,6,52085,26800,25285,40,26,14,50,32,18,14,10,4,1016,533,483,560,311,249,684,359,325,99,58,41,49622,25471,24151
188,District-Gorakhpur,Rural,7,21793,11013,10780,107,65,42,74,45,29,15,9,6,1653,847,806,277,151,126,350,173,177,82,31,51,19235,9692,9543
188,District-Gorakhpur,Rural,8,17269,8706,8563,135,89,46,110,64,46,24,16,8,2022,1034,988,250,151,99,279,141,138,88,45,43,14361,7166,7195
188,District-Gorakhpur,Rural,9,10247,5005,5242,117,75,42,105,60,45,24,12,12,1705,863,842,192,99,93,227,118,109,69,32,37,7808,3746,4062
188,District-Gorakhpur,Rural,10,15581,7777,7804,209,131,78,161,97,64,42,26,16,2825,1433,1392,311,170,141,296,157,139,108,55,53,11629,5708,5921
188,District-Gorakhpur,Rural,11,9591,4648,4943,280,201,79,234,160,74,58,37,21,2562,1207,1355,268,153,115,279,134,145,94,43,51,5816,2713,3103
188,District-Gorakhpur,Rural,12,13127,6267,6860,483,371,112,436,284,152,164,122,42,4150,1944,2206,343,216,127,406,201,205,173,79,94,6972,3050,3922
188,District-Gorakhpur,Rural,13,10739,5058,5681,462,353,109,439,307,132,185,112,73,4028,1913,2115,296,185,111,344,160,184,150,71,79,4835,1957,2878
188,District-Gorakhpur,Rural,14,14909,6946,7963,706,567,139,850,576,274,351,231,120,6187,2733,3454,438,283,155,541,293,248,225,97,128,5611,2166,3445
188,District-Gorakhpur,Rural,15,21893,10846,11047,1529,1266,263,1748,1270,478,689,473,216,9098,4087,5011,825,545,280,960,568,392,401,176,225,6643,2461,4182
188,District-Gorakhpur,Rural,16,24930,12020,12910,1972,1637,335,2360,1725,635,959,649,310,11051,4546,6505,804,544,260,1014,581,433,386,162,224,6384,2176,4208
188,District-Gorakhpur,Rural,17,23270,11477,11793,2452,2079,373,2803,2128,675,953,671,282,10217,3994,6223,786,506,280,889,484,405,349,162,187,4821,1453,3368
188,District-Gorakhpur,Rural,18,45535,23387,22148,5387,4678,709,6056,4808,1248,2169,1571,598,19496,7392,12104,1545,1115,430,1920,1157,763,718,369,349,8244,2297,5947
188,District-Gorakhpur,Rural,19,30306,14667,15639,3996,3400,596,4121,3164,957,1296,911,385,12797,4447,8350,1035,677,358,1253,637,616,395,170,225,5413,1261,4152
188,District-Gorakhpur,Urban,5-19,70904,37949,32955,4765,3888,877,2280,1601,679,421,325,96,18948,8900,10048,2422,1711,711,1942,1204,738,292,194,98,39834,20126,19708
188,District-Gorakhpur,Urban,5,11157,5918,5239,24,20,4,17,7,10,0,0,0,258,143,115,192,116,76,224,110,114,15,6,9,10427,5516,4911
188,District-Gorakhpur,Urban,6,8713,4585,4128,10,9,1,13,5,8,2,2,0,267,156,111,149,73,76,171,99,72,20,12,8,8081,4229,3852
188,District-Gorakhpur,Urban,7,4178,2116,2062,39,26,13,28,15,13,3,3,0,499,255,244,72,35,37,79,36,43,12,4,8,3446,1742,1704
188,District-Gorakhpur,Urban,8,3177,1667,1510,47,28,19,31,16,15,3,3,0,536,293,243,63,37,26,67,40,27,10,7,3,2420,1243,1177
188,District-Gorakhpur,Urban,9,2247,1176,1071,44,30,14,26,15,11,5,2,3,503,244,259,66,34,32,62,36,26,8,4,4,1533,811,722
188,District-Gorakhpur,Urban,10,3374,1767,1607,60,41,19,49,32,17,6,4,2,786,403,383,86,53,33,82,41,41,15,9,6,2290,1184,1106
188,District-Gorakhpur,Urban,11,2361,1233,1128,132,102,30,53,30,23,10,5,5,673,332,341,74,51,23,64,36,28,4,3,1,1351,674,677
188,District-Gorakhpur,Urban,12,2859,1507,1352,149,122,27,83,54,29,9,5,4,1014,480,534,107,80,27,79,42,37,15,8,7,1403,716,687
188,District-Gorakhpur,Urban,13,2256,1143,1113,153,114,39,73,44,29,10,7,3,878,433,445,72,44,28,62,40,22,10,7,3,998,454,544
188,District-Gorakhpur,Urban,14,3147,1670,1477,252,198,54,94,60,34,13,8,5,1306,629,677,106,91,15,117,68,49,17,8,9,1242,608,634
188,District-Gorakhpur,Urban,15,4224,2350,1874,437,353,84,221,154,67,43,29,14,1687,840,847,217,165,52,180,115,65,26,20,6,1413,674,739
188,District-Gorakhpur,Urban,16,4513,2433,2080,506,408,98,274,195,79,51,40,11,1933,905,1028,239,184,55,165,105,60,25,17,8,1320,579,741
188,District-Gorakhpur,Urban,17,4585,2558,2027,618,499,119,282,210,72,55,42,13,2110,994,1116,235,179,56,143,105,38,26,21,5,1116,508,608
188,District-Gorakhpur,Urban,18,8048,4481,3567,1240,1037,203,600,441,159,119,102,17,3619,1590,2029,445,347,98,253,188,65,49,36,13,1723,740,983
188,District-Gorakhpur,Urban,19,6065,3345,2720,1054,901,153,436,323,113,92,73,19,2879,1203,1676,299,222,77,194,143,51,40,32,8,1071,448,623
189,District-Kushinagar,Total,5-19,411005,208235,202770,15644,13019,2625,19993,15474,4519,7020,4867,2153,83250,39141,44109,9439,5771,3668,14013,7521,6492,4320,2027,2293,257326,120415,136911
189,District-Kushinagar,Total,5,74260,38985,35275,66,55,11,68,43,25,11,7,4,1070,564,506,883,450,433,1315,699,616,187,114,73,70660,37053,33607
189,District-Kushinagar,Total,6,56650,28935,27715,61,47,14,60,38,22,20,12,8,1176,603,573,623,327,296,1005,501,504,171,80,91,53534,27327,26207
189,District-Kushinagar,Total,7,25839,12784,13055,114,70,44,130,69,61,20,10,10,1713,891,822,325,176,149,562,273,289,108,50,58,22867,11245,11622
189,District-Kushinagar,Total,8,20903,10143,10760,157,101,56,121,64,57,26,15,11,2079,1064,1015,338,177,161,477,226,251,125,60,65,17580,8436,9144
189,District-Kushinagar,Total,9,13164,6269,6895,150,87,63,133,71,62,37,20,17,1888,962,926,235,120,115,326,162,164,99,43,56,10296,4804,5492
189,District-Kushinagar,Total,10,19965,9812,10153,212,124,88,186,130,56,62,36,26,3098,1665,1433,374,200,174,601,312,289,177,88,89,15255,7257,7998
189,District-Kushinagar,Total,11,11784,5721,6063,256,173,83,253,171,82,103,60,43,2528,1320,1208,274,143,131,423,215,208,137,53,84,7810,3586,4224
189,District-Kushinagar,Total,12,14932,7099,7833,455,348,107,506,350,156,191,129,62,4126,2014,2112,387,220,167,591,305,286,212,81,131,8464,3652,4812
189,District-Kushinagar,Total,13,11403,5429,5974,420,317,103,501,363,138,195,130,65,3777,1879,1898,296,173,123,469,231,238,171,71,100,5574,2265,3309
189,District-Kushinagar,Total,14,16523,7895,8628,750,595,155,934,700,234,403,259,144,5888,2804,3084,478,310,168,757,375,382,288,130,158,7025,2722,4303
189,District-Kushinagar,Total,15,23542,11972,11570,1490,1235,255,1819,1382,437,722,488,234,8500,4210,4290,879,582,297,1208,695,513,462,241,221,8462,3139,5323
189,District-Kushinagar,Total,16,25245,12550,12695,1653,1372,281,2281,1742,539,934,662,272,10141,4728,5413,851,557,294,1217,693,524,457,203,254,7711,2593,5118
189,District-Kushinagar,Total,17,23223,11946,11277,2000,1675,325,2729,2148,581,956,639,317,9233,4259,4974,747,486,261,1190,668,522,419,192,227,5949,1879,4070
189,District-Kushinagar,Total,18,44641,23880,20761,4608,4028,580,6166,4965,1201,2057,1490,567,17143,7686,9457,1623,1118,505,2301,1333,968,782,380,402,9961,2880,7081
189,District-Kushinagar,Total,19,28931,14815,14116,3252,2792,460,4106,3238,868,1283,910,373,10890,4492,6398,1126,732,394,1571,833,738,525,241,284,6178,1577,4601
189,District-Kushinagar,Rural,5-19,392399,198357,194042,14916,12371,2545,19524,15071,4453,6908,4770,2138,79317,37289,42028,8973,5410,3563,13708,7317,6391,4261,1977,2284,244792,114152,130640
189,District-Kushinagar,Rural,5,71431,37557,33874,59,49,10,64,41,23,11,7,4,1013,537,476,853,435,418,1289,688,601,185,114,71,67957,35686,32271
189,District-Kushinagar,Rural,6,54326,27741,26585,59,45,14,56,35,21,20,12,8,1128,578,550,602,317,285,986,491,495,169,80,89,51306,26183,25123
189,District-Kushinagar,Rural,7,24618,12151,12467,109,65,44,127,67,60,20,10,10,1604,839,765,311,168,143,550,266,284,107,50,57,21790,10686,11104
189,District-Kushinagar,Rural,8,19861,9631,10230,151,98,53,119,63,56,26,15,11,1974,1017,957,323,168,155,467,224,243,125,60,65,16676,7986,8690
189,District-Kushinagar,Rural,9,12495,5925,6570,148,86,62,132,70,62,36,20,16,1800,913,887,228,116,112,321,161,160,98,42,56,9732,4517,5215
189,District-Kushinagar,Rural,10,18874,9226,9648,205,120,85,182,127,55,62,36,26,2943,1561,1382,355,188,167,594,310,284,176,87,89,14357,6797,7560
189,District-Kushinagar,Rural,11,11120,5373,5747,243,162,81,247,166,81,99,57,42,2400,1247,1153,270,140,130,416,212,204,135,51,84,7310,3338,3972
189,District-Kushinagar,Rural,12,14099,6638,7461,429,326,103,495,341,154,188,127,61,3933,1918,2015,371,207,164,576,293,283,211,80,131,7896,3346,4550
189,District-Kushinagar,Rural,13,10824,5119,5705,393,293,100,490,353,137,191,127,64,3618,1793,1825,286,163,123,464,227,237,169,70,99,5213,2093,3120
189,District-Kushinagar,Rural,14,15659,7447,8212,718,564,154,914,680,234,395,252,143,5606,2678,2928,457,295,162,738,363,375,286,128,158,6545,2487,4058
189,District-Kushinagar,Rural,15,22551,11424,11127,1432,1182,250,1770,1344,426,716,483,233,8162,4030,4132,838,549,289,1189,679,510,459,239,220,7985,2918,5067
189,District-Kushinagar,Rural,16,24063,11928,12135,1586,1317,269,2238,1708,530,920,649,271,9696,4522,5174,806,518,288,1191,674,517,446,193,253,7180,2347,4833
189,District-Kushinagar,Rural,17,22156,11339,10817,1898,1583,315,2664,2091,573,938,622,316,8780,4051,4729,698,445,253,1153,640,513,413,186,227,5612,1721,3891
189,District-Kushinagar,Rural,18,42731,22800,19931,4411,3849,562,6037,4849,1188,2030,1468,562,16366,7352,9014,1503,1014,489,2248,1297,951,768,367,401,9368,2604,6764
189,District-Kushinagar,Rural,19,27591,14058,13533,3075,2632,443,3989,3136,853,1256,885,371,10294,4253,6041,1072,687,385,1526,792,734,514,230,284,5865,1443,4422
189,District-Kushinagar,Urban,5-19,18606,9878,8728,728,648,80,469,403,66,112,97,15,3933,1852,2081,466,361,105,305,204,101,59,50,9,12534,6263,6271
189,District-Kushinagar,Urban,5,2829,1428,1401,7,6,1,4,2,2,0,0,0,57,27,30,30,15,15,26,11,15,2,0,2,2703,1367,1336
189,District-Kushinagar,Urban,6,2324,1194,1130,2,2,0,4,3,1,0,0,0,48,25,23,21,10,11,19,10,9,2,0,2,2228,1144,1084
189,District-Kushinagar,Urban,7,1221,633,588,5,5,0,3,2,1,0,0,0,109,52,57,14,8,6,12,7,5,1,0,1,1077,559,518
189,District-Kushinagar,Urban,8,1042,512,530,6,3,3,2,1,1,0,0,0,105,47,58,15,9,6,10,2,8,0,0,0,904,450,454
189,District-Kushinagar,Urban,9,669,344,325,2,1,1,1,1,0,1,0,1,88,49,39,7,4,3,5,1,4,1,1,0,564,287,277
189,District-Kushinagar,Urban,10,1091,586,505,7,4,3,4,3,1,0,0,0,155,104,51,19,12,7,7,2,5,1,1,0,898,460,438
189,District-Kushinagar,Urban,11,664,348,316,13,11,2,6,5,1,4,3,1,128,73,55,4,3,1,7,3,4,2,2,0,500,248,252
189,District-Kushinagar,Urban,12,833,461,372,26,22,4,11,9,2,3,2,1,193,96,97,16,13,3,15,12,3,1,1,0,568,306,262
189,District-Kushinagar,Urban,13,579,310,269,27,24,3,11,10,1,4,3,1,159,86,73,10,10,0,5,4,1,2,1,1,361,172,189
189,District-Kushinagar,Urban,14,864,448,416,32,31,1,20,20,0,8,7,1,282,126,156,21,15,6,19,12,7,2,2,0,480,235,245
189,District-Kushinagar,Urban,15,991,548,443,58,53,5,49,38,11,6,5,1,338,180,158,41,33,8,19,16,3,3,2,1,477,221,256
189,District-Kushinagar,Urban,16,1182,622,560,67,55,12,43,34,9,14,13,1,445,206,239,45,39,6,26,19,7,11,10,1,531,246,285
189,District-Kushinagar,Urban,17,1067,607,460,102,92,10,65,57,8,18,17,1,453,208,245,49,41,8,37,28,9,6,6,0,337,158,179
189,District-Kushinagar,Urban,18,1910,1080,830,197,179,18,129,116,13,27,22,5,777,334,443,120,104,16,53,36,17,14,13,1,593,276,317
189,District-Kushinagar,Urban,19,1340,757,583,177,160,17,117,102,15,27,25,2,596,239,357,54,45,9,45,41,4,11,11,0,313,134,179
190,District-Deoria,Total,5-19,278723,138391,140332,11169,9323,1846,13037,9644,3393,5501,3498,2003,60000,24529,35471,4996,3138,1858,6669,3386,3283,2668,1110,1558,174683,83763,90920
190,District-Deoria,Total,5,62216,32757,29459,32,22,10,41,29,12,2,1,1,606,344,262,474,263,211,561,282,279,84,47,37,60416,31769,28647
190,District-Deoria,Total,6,44419,22950,21469,25,19,6,27,15,12,6,4,2,707,351,356,353,194,159,391,201,190,85,51,34,42825,22115,20710
190,District-Deoria,Total,7,16041,8031,8010,55,37,18,39,24,15,8,4,4,993,490,503,155,79,76,182,81,101,63,28,35,14546,7288,7258
190,District-Deoria,Total,8,10718,5172,5546,59,34,25,72,37,35,14,5,9,1099,512,587,106,57,49,205,105,100,63,23,40,9100,4399,4701
190,District-Deoria,Total,9,6094,3024,3070,68,33,35,52,30,22,11,6,5,865,465,400,90,51,39,148,65,83,50,23,27,4810,2351,2459
190,District-Deoria,Total,10,10072,4949,5123,120,79,41,91,50,41,31,15,16,1486,734,752,154,89,65,219,107,112,79,34,45,7892,3841,4051
190,District-Deoria,Total,11,5591,2790,2801,173,139,34,159,105,54,45,25,20,1229,614,615,143,89,54,170,83,87,63,24,39,3609,1711,1898
190,District-Deoria,Total,12,7475,3518,3957,340,258,82,287,187,100,108,62,46,2265,1037,1228,182,107,75,252,140,112,131,48,83,3910,1679,2231
190,District-Deoria,Total,13,6226,2891,3335,292,215,77,327,205,122,136,87,49,2147,982,1165,146,86,60,246,116,130,101,45,56,2831,1155,1676
190,District-Deoria,Total,14,8816,4129,4687,432,338,94,577,398,179,269,163,106,3404,1538,1866,246,157,89,359,166,193,158,58,100,3371,1311,2060
190,District-Deoria,Total,15,13714,6716,6998,975,824,151,1087,797,290,492,315,177,5373,2427,2946,504,337,167,591,302,289,311,139,172,4381,1575,2806
190,District-Deoria,Total,16,16106,7523,8583,1223,1020,203,1494,1108,386,686,406,280,7010,2896,4114,495,313,182,655,334,321,312,123,189,4231,1323,2908
190,District-Deoria,Total,17,16186,7696,8490,1389,1155,234,1841,1366,475,806,525,281,7361,2900,4461,477,334,143,619,311,308,282,107,175,3411,998,2413
190,District-Deoria,Total,18,33208,16155,17053,3475,3017,458,4163,3206,957,1781,1158,623,15270,5756,9514,922,624,298,1280,704,576,546,236,310,5771,1454,4317
190,District-Deoria,Total,19,21841,10090,11751,2511,2133,378,2780,2087,693,1106,722,384,10185,3483,6702,549,358,191,791,389,402,340,124,216,3579,794,2785
190,District-Deoria,Rural,5-19,250343,123313,127030,9855,8102,1753,12329,9047,3282,5334,3370,1964,53019,21333,31686,4437,2663,1774,6081,3000,3081,2556,1041,1515,156732,74757,81975
190,District-Deoria,Rural,5,56821,29863,26958,26,18,8,38,26,12,2,1,1,525,300,225,450,248,202,512,255,257,80,43,37,55188,28972,26216
190,District-Deoria,Rural,6,40277,20792,19485,24,19,5,25,14,11,6,4,2,621,313,308,335,186,149,350,180,170,83,51,32,38833,20025,18808
190,District-Deoria,Rural,7,14252,7115,7137,53,35,18,36,22,14,7,4,3,846,404,442,146,77,69,159,71,88,59,27,32,12946,6475,6471
190,District-Deoria,Rural,8,9408,4493,4915,54,30,24,69,35,34,13,4,9,936,427,509,98,51,47,183,92,91,62,22,40,7993,3832,4161
190,District-Deoria,Rural,9,5320,2592,2728,63,31,32,50,29,21,11,6,5,722,382,340,85,47,38,127,54,73,48,23,25,4214,2020,2194
190,District-Deoria,Rural,10,8862,4340,4522,114,74,40,85,46,39,27,13,14,1242,617,625,138,76,62,191,90,101,74,32,42,6991,3392,3599
190,District-Deoria,Rural,11,4882,2418,2464,157,125,32,145,93,52,44,24,20,1049,513,536,129,76,53,154,74,80,61,24,37,3143,1489,1654
190,District-Deoria,Rural,12,6488,3017,3471,300,223,77,272,174,98,103,61,42,1935,884,1051,168,95,73,225,121,104,127,46,81,3358,1413,1945
190,District-Deoria,Rural,13,5403,2479,2924,257,187,70,312,195,117,133,84,49,1845,835,1010,125,71,54,225,104,121,98,43,55,2408,960,1448
190,District-Deoria,Rural,14,7701,3548,4153,386,299,87,532,364,168,263,157,106,2940,1303,1637,217,134,83,326,149,177,148,54,94,2889,1088,1801
190,District-Deoria,Rural,15,12202,5910,6292,873,728,145,1025,748,277,475,305,170,4733,2124,2609,433,273,160,540,269,271,300,129,171,3823,1334,2489
190,District-Deoria,Rural,16,14448,6650,7798,1078,881,197,1403,1027,376,668,393,275,6248,2553,3695,446,270,176,607,300,307,303,116,187,3695,1110,2585
190,District-Deoria,Rural,17,14516,6761,7755,1193,971,222,1742,1282,460,782,504,278,6569,2552,4017,407,270,137,575,278,297,269,95,174,2979,809,2170
190,District-Deoria,Rural,18,30089,14414,15675,3075,2637,438,3958,3029,929,1730,1117,613,13748,5104,8644,783,495,288,1179,622,557,521,223,298,5095,1187,3908
190,District-Deoria,Rural,19,19674,8921,10753,2202,1844,358,2637,1963,674,1070,693,377,9060,3022,6038,477,294,183,728,341,387,323,113,210,3177,651,2526
190,District-Deoria,Urban,5-19,28380,15078,13302,1314,1221,93,708,597,111,167,128,39,6981,3196,3785,559,475,84,588,386,202,112,69,43,17951,9006,8945
190,District-Deoria,Urban,5,5395,2894,2501,6,4,2,3,3,0,0,0,0,81,44,37,24,15,9,49,27,22,4,4,0,5228,2797,2431
190,District-Deoria,Urban,6,4142,2158,1984,1,0,1,2,1,1,0,0,0,86,38,48,18,8,10,41,21,20,2,0,2,3992,2090,1902
190,District-Deoria,Urban,7,1789,916,873,2,2,0,3,2,1,1,0,1,147,86,61,9,2,7,23,10,13,4,1,3,1600,813,787
190,District-Deoria,Urban,8,1310,679,631,5,4,1,3,2,1,1,1,0,163,85,78,8,6,2,22,13,9,1,1,0,1107,567,540
190,District-Deoria,Urban,9,774,432,342,5,2,3,2,1,1,0,0,0,143,83,60,5,4,1,21,11,10,2,0,2,596,331,265
190,District-Deoria,Urban,10,1210,609,601,6,5,1,6,4,2,4,2,2,244,117,127,16,13,3,28,17,11,5,2,3,901,449,452
190,District-Deoria,Urban,11,709,372,337,16,14,2,14,12,2,1,1,0,180,101,79,14,13,1,16,9,7,2,0,2,466,222,244
190,District-Deoria,Urban,12,987,501,486,40,35,5,15,13,2,5,1,4,330,153,177,14,12,2,27,19,8,4,2,2,552,266,286
190,District-Deoria,Urban,13,823,412,411,35,28,7,15,10,5,3,3,0,302,147,155,21,15,6,21,12,9,3,2,1,423,195,228
190,District-Deoria,Urban,14,1115,581,534,46,39,7,45,34,11,6,6,0,464,235,229,29,23,6,33,17,16,10,4,6,482,223,259
190,District-Deoria,Urban,15,1512,806,706,102,96,6,62,49,13,17,10,7,640,303,337,71,64,7,51,33,18,11,10,1,558,241,317
190,District-Deoria,Urban,16,1658,873,785,145,139,6,91,81,10,18,13,5,762,343,419,49,43,6,48,34,14,9,7,2,536,213,323
190,District-Deoria,Urban,17,1670,935,735,196,184,12,99,84,15,24,21,3,792,348,444,70,64,6,44,33,11,13,12,1,432,189,243
190,District-Deoria,Urban,18,3119,1741,1378,400,380,20,205,177,28,51,41,10,1522,652,870,139,129,10,101,82,19,25,13,12,676,267,409
190,District-Deoria,Urban,19,2167,1169,998,309,289,20,143,124,19,36,29,7,1125,461,664,72,64,8,63,48,15,17,11,6,402,143,259
191,District-Azamgarh,Total,5-19,434674,216901,217773,21788,16735,5053,18320,12422,5898,7069,4314,2755,89057,35148,53909,10088,6213,3875,9831,4949,4882,3427,1571,1856,275094,135549,139545
191,District-Azamgarh,Total,5,102524,54240,48284,54,37,17,38,25,13,9,5,4,694,356,338,850,478,372,745,393,352,195,94,101,99939,52852,47087
191,District-Azamgarh,Total,6,73405,37981,35424,39,27,12,43,25,18,5,3,2,881,436,445,667,380,287,582,298,284,158,82,76,71030,36730,34300
191,District-Azamgarh,Total,7,26144,13330,12814,122,74,48,67,42,25,7,6,1,1625,804,821,308,169,139,328,170,158,77,33,44,23610,12032,11578
191,District-Azamgarh,Total,8,17030,8539,8491,144,83,61,84,49,35,17,12,5,1992,994,998,265,133,132,251,122,129,62,31,31,14215,7115,7100
191,District-Azamgarh,Total,9,9688,4826,4862,139,81,58,68,32,36,15,8,7,1645,806,839,218,117,101,181,88,93,64,37,27,7358,3657,3701
191,District-Azamgarh,Total,10,14027,7114,6913,219,136,83,128,78,50,45,26,19,2708,1390,1318,286,165,121,275,124,151,93,41,52,10273,5154,5119
191,District-Azamgarh,Total,11,8431,4201,4230,287,203,84,187,113,74,69,31,38,2305,1161,1144,279,157,122,234,116,118,74,34,40,4996,2386,2610
191,District-Azamgarh,Total,12,12011,5806,6205,578,410,168,408,263,145,147,83,64,3879,1800,2079,424,254,170,389,201,188,160,71,89,6026,2724,3302
191,District-Azamgarh,Total,13,9912,4608,5304,591,415,176,412,275,137,180,99,81,3650,1617,2033,313,170,143,362,180,182,158,60,98,4246,1792,2454
191,District-Azamgarh,Total,14,13850,6620,7230,960,685,275,755,487,268,308,185,123,5655,2464,3191,536,346,190,511,251,260,200,84,116,4925,2118,2807
191,District-Azamgarh,Total,15,20675,10237,10438,1912,1460,452,1539,1055,484,662,404,258,8337,3631,4706,962,654,308,948,509,439,372,189,183,5943,2335,3608
191,District-Azamgarh,Total,16,24141,11340,12801,2411,1856,555,2189,1473,716,932,577,355,10481,4120,6361,974,619,355,960,512,448,358,156,202,5836,2027,3809
191,District-Azamgarh,Total,17,23689,11070,12619,2779,2157,622,2537,1771,766,1044,653,391,10795,3940,6855,900,579,321,931,469,462,342,162,180,4361,1339,3022
191,District-Azamgarh,Total,18,47519,22625,24894,6734,5382,1352,5872,4076,1796,2196,1362,834,20563,7153,13410,1847,1224,623,1933,951,982,695,323,372,7679,2154,5525
191,District-Azamgarh,Total,19,31628,14364,17264,4819,3729,1090,3993,2658,1335,1433,860,573,13847,4476,9371,1259,768,491,1201,565,636,419,174,245,4657,1134,3523
191,District-Azamgarh,Rural,5-19,387099,192132,194967,17706,13896,3810,16880,11502,5378,6750,4110,2640,79628,31132,48496,7964,4825,3139,8825,4382,4443,3210,1462,1748,246136,120823,125313
191,District-Azamgarh,Rural,5,94653,50126,44527,49,32,17,37,24,13,7,3,4,636,324,312,760,434,326,647,335,312,186,90,96,92331,48884,43447
191,District-Azamgarh,Rural,6,66494,34336,32158,34,24,10,36,21,15,4,2,2,809,400,409,595,343,252,509,256,253,144,78,66,64363,33212,31151
191,District-Azamgarh,Rural,7,23287,11908,11379,107,68,39,56,37,19,7,6,1,1449,719,730,274,150,124,288,147,141,72,31,41,21034,10750,10284
191,District-Azamgarh,Rural,8,14483,7213,7270,129,75,54,66,37,29,16,12,4,1718,857,861,228,112,116,212,104,108,61,30,31,12053,5986,6067
191,District-Azamgarh,Rural,9,8280,4081,4199,121,67,54,54,25,29,14,8,6,1393,681,712,199,108,91,164,78,86,58,33,25,6277,3081,3196
191,District-Azamgarh,Rural,10,11804,5965,5839,185,118,67,109,68,41,44,25,19,2298,1184,1114,245,139,106,236,102,134,87,39,48,8600,4290,4310
191,District-Azamgarh,Rural,11,7133,3538,3595,230,162,68,169,107,62,68,31,37,1991,998,993,234,126,108,199,103,96,69,31,38,4173,1980,2193
191,District-Azamgarh,Rural,12,10072,4825,5247,468,337,131,380,244,136,141,79,62,3357,1554,1803,331,204,127,347,176,171,152,68,84,4896,2163,2733
191,District-Azamgarh,Rural,13,8442,3897,4545,471,337,134,362,244,118,169,94,75,3176,1426,1750,254,136,118,321,151,170,144,55,89,3545,1454,2091
191,District-Azamgarh,Rural,14,11692,5524,6168,729,546,183,689,448,241,294,177,117,4945,2155,2790,394,256,138,460,225,235,190,79,111,3991,1638,2353
191,District-Azamgarh,Rural,15,18193,8912,9281,1577,1234,343,1408,973,435,620,380,240,7473,3246,4227,763,511,252,867,462,405,345,177,168,5140,1929,3211
191,District-Azamgarh,Rural,16,20972,9688,11284,1864,1484,380,2018,1363,655,890,547,343,9383,3644,5739,669,420,249,870,457,413,331,141,190,4947,1632,3315
191,District-Azamgarh,Rural,17,20988,9672,11316,2235,1779,456,2353,1647,706,1003,624,379,9728,3527,6201,678,434,244,835,414,421,321,149,172,3835,1098,2737
191,District-Azamgarh,Rural,18,42322,19883,22439,5556,4533,1023,5457,3798,1659,2100,1302,798,18669,6436,12233,1345,875,470,1773,863,910,658,302,356,6764,1774,4990
191,District-Azamgarh,Rural,19,28284,12564,15720,3951,3100,851,3686,2466,1220,1373,820,553,12603,3981,8622,995,577,418,1097,509,588,392,159,233,4187,952,3235
191,District-Azamgarh,Urban,5-19,47575,24769,22806,4082,2839,1243,1440,920,520,319,204,115,9429,4016,5413,2124,1388,736,1006,567,439,217,109,108,28958,14726,14232
191,District-Azamgarh,Urban,5,7871,4114,3757,5,5,0,1,1,0,2,2,0,58,32,26,90,44,46,98,58,40,9,4,5,7608,3968,3640
191,District-Azamgarh,Urban,6,6911,3645,3266,5,3,2,7,4,3,1,1,0,72,36,36,72,37,35,73,42,31,14,4,10,6667,3518,3149
191,District-Azamgarh,Urban,7,2857,1422,1435,15,6,9,11,5,6,0,0,0,176,85,91,34,19,15,40,23,17,5,2,3,2576,1282,1294
191,District-Azamgarh,Urban,8,2547,1326,1221,15,8,7,18,12,6,1,0,1,274,137,137,37,21,16,39,18,21,1,1,0,2162,1129,1033
191,District-Azamgarh,Urban,9,1408,745,663,18,14,4,14,7,7,1,0,1,252,125,127,19,9,10,17,10,7,6,4,2,1081,576,505
191,District-Azamgarh,Urban,10,2223,1149,1074,34,18,16,19,10,9,1,1,0,410,206,204,41,26,15,39,22,17,6,2,4,1673,864,809
191,District-Azamgarh,Urban,11,1298,663,635,57,41,16,18,6,12,1,0,1,314,163,151,45,31,14,35,13,22,5,3,2,823,406,417
191,District-Azamgarh,Urban,12,1939,981,958,110,73,37,28,19,9,6,4,2,522,246,276,93,50,43,42,25,17,8,3,5,1130,561,569
191,District-Azamgarh,Urban,13,1470,711,759,120,78,42,50,31,19,11,5,6,474,191,283,59,34,25,41,29,12,14,5,9,701,338,363
191,District-Azamgarh,Urban,14,2158,1096,1062,231,139,92,66,39,27,14,8,6,710,309,401,142,90,52,51,26,25,10,5,5,934,480,454
191,District-Azamgarh,Urban,15,2482,1325,1157,335,226,109,131,82,49,42,24,18,864,385,479,199,143,56,81,47,34,27,12,15,803,406,397
191,District-Azamgarh,Urban,16,3169,1652,1517,547,372,175,171,110,61,42,30,12,1098,476,622,305,199,106,90,55,35,27,15,12,889,395,494
191,District-Azamgarh,Urban,17,2701,1398,1303,544,378,166,184,124,60,41,29,12,1067,413,654,222,145,77,96,55,41,21,13,8,526,241,285
191,District-Azamgarh,Urban,18,5197,2742,2455,1178,849,329,415,278,137,96,60,36,1894,717,1177,502,349,153,160,88,72,37,21,16,915,380,535
191,District-Azamgarh,Urban,19,3344,1800,1544,868,629,239,307,192,115,60,40,20,1244,495,749,264,191,73,104,56,48,27,15,12,470,182,288
192,District-Mau,Total,5-19,212683,109331,103352,14451,10098,4353,9424,6303,3121,3187,2078,1109,42313,18196,24117,5905,3604,2301,4980,2582,2398,1488,727,761,130935,65743,65192
192,District-Mau,Total,5,47513,25153,22360,58,46,12,24,17,7,8,6,2,425,218,207,487,255,232,506,273,233,92,48,44,45913,24290,21623
192,District-Mau,Total,6,35331,18299,17032,33,24,9,17,11,6,5,2,3,527,278,249,389,206,183,380,190,190,60,36,24,33920,17552,16368
192,District-Mau,Total,7,12829,6661,6168,76,46,30,40,22,18,9,7,2,974,474,500,192,92,100,172,97,75,30,15,15,11336,5908,5428
192,District-Mau,Total,8,9149,4619,4530,71,34,37,49,28,21,11,9,2,1267,634,633,157,82,75,152,79,73,42,25,17,7400,3728,3672
192,District-Mau,Total,9,5307,2671,2636,74,44,30,39,20,19,6,3,3,1040,532,508,113,61,52,104,53,51,34,19,15,3897,1939,1958
192,District-Mau,Total,10,7593,3905,3688,149,83,66,94,48,46,16,11,5,1615,788,827,155,89,66,146,73,73,52,27,25,5366,2786,2580
192,District-Mau,Total,11,4649,2327,2322,203,132,71,102,61,41,34,20,14,1391,668,723,135,64,71,115,62,53,25,17,8,2644,1303,1341
192,District-Mau,Total,12,6462,3293,3169,449,297,152,241,156,85,71,52,19,2170,1059,1111,232,144,88,178,96,82,84,32,52,3037,1457,1580
192,District-Mau,Total,13,5295,2617,2678,445,285,160,209,131,78,96,50,46,1928,903,1025,237,130,107,181,79,102,61,25,36,2138,1014,1124
192,District-Mau,Total,14,7529,3773,3756,810,504,306,411,252,159,144,94,50,2968,1400,1568,328,194,134,280,161,119,83,47,36,2505,1121,1384
192,District-Mau,Total,15,10037,5200,4837,1323,912,411,765,530,235,262,161,101,3818,1776,2042,545,360,185,426,218,208,148,74,74,2750,1169,1581
192,District-Mau,Total,16,12148,6250,5898,1762,1213,549,1121,754,367,402,266,136,4873,2174,2699,591,400,191,507,279,228,163,81,82,2729,1083,1646
192,District-Mau,Total,17,11291,5752,5539,1865,1314,551,1310,894,416,467,332,135,4570,1896,2674,529,329,200,423,217,206,165,73,92,1962,697,1265
192,District-Mau,Total,18,22517,11529,10988,4189,3026,1163,2902,1992,910,1000,651,349,8747,3357,5390,1167,767,400,859,437,422,283,146,137,3370,1153,2217
192,District-Mau,Total,19,15033,7282,7751,2944,2138,806,2100,1387,713,656,414,242,6000,2039,3961,648,431,217,551,268,283,166,62,104,1968,543,1425
192,District-Mau,Rural,5-19,147249,75776,71473,6561,5004,1557,7505,5151,2354,2627,1789,838,28653,12553,16100,3029,1808,1221,4024,2021,2003,1167,562,605,93683,46888,46795
192,District-Mau,Rural,5,37039,19705,17334,41,34,7,19,14,5,8,6,2,319,164,155,338,183,155,408,215,193,83,43,40,35823,19046,16777
192,District-Mau,Rural,6,26185,13597,12588,26,20,6,15,9,6,5,2,3,392,215,177,274,143,131,319,155,164,44,25,19,25110,13028,12082
192,District-Mau,Rural,7,8953,4622,4331,54,36,18,30,18,12,7,5,2,753,376,377,122,62,60,135,73,62,22,11,11,7830,4041,3789
192,District-Mau,Rural,8,5807,2892,2915,36,20,16,37,21,16,7,6,1,930,464,466,77,41,36,124,59,65,25,17,8,4571,2264,2307
192,District-Mau,Rural,9,3387,1700,1687,45,29,16,32,18,14,4,2,2,746,392,354,57,27,30,86,44,42,23,12,11,2394,1176,1218
192,District-Mau,Rural,10,4852,2463,2389,79,49,30,78,39,39,8,5,3,1093,538,555,72,44,28,118,61,57,39,22,17,3365,1705,1660
192,District-Mau,Rural,11,2913,1447,1466,111,77,34,79,47,32,26,17,9,918,446,472,57,27,30,89,49,40,18,11,7,1615,773,842
192,District-Mau,Rural,12,3892,1970,1922,214,152,62,192,126,66,59,45,14,1353,678,675,127,76,51,138,77,61,58,20,38,1751,796,955
192,District-Mau,Rural,13,3209,1545,1664,195,132,63,147,97,50,76,44,32,1218,575,643,112,51,61,149,65,84,48,21,27,1264,560,704
192,District-Mau,Rural,14,4536,2255,2281,326,221,105,312,197,115,116,79,37,1848,888,960,148,83,65,218,117,101,66,38,28,1502,632,870
192,District-Mau,Rural,15,6230,3244,2986,567,432,135,588,425,163,208,137,71,2396,1157,1239,281,179,102,346,173,173,112,54,58,1732,687,1045
192,District-Mau,Rural,16,7487,3937,3550,679,532,147,872,594,278,320,229,91,3090,1439,1651,284,201,83,404,215,189,124,67,57,1714,660,1054
192,District-Mau,Rural,17,7329,3727,3602,771,591,180,1036,728,308,385,281,104,3121,1322,1799,228,143,85,342,169,173,134,56,78,1312,437,875
192,District-Mau,Rural,18,14971,7679,7292,2007,1579,428,2330,1655,675,831,567,264,6088,2364,3724,541,349,192,682,330,352,223,109,114,2269,726,1543
192,District-Mau,Rural,19,10459,4993,5466,1410,1100,310,1738,1163,575,567,364,203,4388,1535,2853,311,199,112,466,219,247,148,56,92,1431,357,1074
192,District-Mau,Urban,5-19,65434,33555,31879,7890,5094,2796,1919,1152,767,560,289,271,13660,5643,8017,2876,1796,1080,956,561,395,321,165,156,37252,18855,18397
192,District-Mau,Urban,5,10474,5448,5026,17,12,5,5,3,2,0,0,0,106,54,52,149,72,77,98,58,40,9,5,4,10090,5244,4846
192,District-Mau,Urban,6,9146,4702,4444,7,4,3,2,2,0,0,0,0,135,63,72,115,63,52,61,35,26,16,11,5,8810,4524,4286
192,District-Mau,Urban,7,3876,2039,1837,22,10,12,10,4,6,2,2,0,221,98,123,70,30,40,37,24,13,8,4,4,3506,1867,1639
192,District-Mau,Urban,8,3342,1727,1615,35,14,21,12,7,5,4,3,1,337,170,167,80,41,39,28,20,8,17,8,9,2829,1464,1365
192,District-Mau,Urban,9,1920,971,949,29,15,14,7,2,5,2,1,1,294,140,154,56,34,22,18,9,9,11,7,4,1503,763,740
192,District-Mau,Urban,10,2741,1442,1299,70,34,36,16,9,7,8,6,2,522,250,272,83,45,38,28,12,16,13,5,8,2001,1081,920
192,District-Mau,Urban,11,1736,880,856,92,55,37,23,14,9,8,3,5,473,222,251,78,37,41,26,13,13,7,6,1,1029,530,499
192,District-Mau,Urban,12,2570,1323,1247,235,145,90,49,30,19,12,7,5,817,381,436,105,68,37,40,19,21,26,12,14,1286,661,625
192,District-Mau,Urban,13,2086,1072,1014,250,153,97,62,34,28,20,6,14,710,328,382,125,79,46,32,14,18,13,4,9,874,454,420
192,District-Mau,Urban,14,2993,1518,1475,484,283,201,99,55,44,28,15,13,1120,512,608,180,111,69,62,44,18,17,9,8,1003,489,514
192,District-Mau,Urban,15,3807,1956,1851,756,480,276,177,105,72,54,24,30,1422,619,803,264,181,83,80,45,35,36,20,16,1018,482,536
192,District-Mau,Urban,16,4661,2313,2348,1083,681,402,249,160,89,82,37,45,1783,735,1048,307,199,108,103,64,39,39,14,25,1015,423,592
192,District-Mau,Urban,17,3962,2025,1937,1094,723,371,274,166,108,82,51,31,1449,574,875,301,186,115,81,48,33,31,17,14,650,260,390
192,District-Mau,Urban,18,7546,3850,3696,2182,1447,735,572,337,235,169,84,85,2659,993,1666,626,418,208,177,107,70,60,37,23,1101,427,674
192,District-Mau,Urban,19,4574,2289,2285,1534,1038,496,362,224,138,89,50,39,1612,504,1108,337,232,105,85,49,36,18,6,12,537,186,351
193,District-Ballia,Total,5-19,308815,156147,152668,13988,10758,3230,12621,8838,3783,3257,2143,1114,59929,27110,32819,10619,6409,4210,11464,6043,5421,2661,1285,1376,194276,93561,100715
193,District-Ballia,Total,5,61634,32971,28663,70,54,16,80,54,26,22,12,10,929,482,447,1114,618,496,1362,744,618,117,62,55,57940,30945,26995
193,District-Ballia,Total,6,44003,22877,21126,64,46,18,64,43,21,12,7,5,975,519,456,762,434,328,949,495,454,80,47,33,41097,21286,19811
193,District-Ballia,Total,7,20046,10068,9978,210,123,87,113,62,51,19,10,9,1832,957,875,410,227,183,525,244,281,57,28,29,16880,8417,8463
193,District-Ballia,Total,8,15571,7723,7848,215,125,90,139,74,65,20,11,9,2061,1068,993,380,195,185,452,233,219,85,39,46,12219,5978,6241
193,District-Ballia,Total,9,9940,4865,5075,216,135,81,136,76,60,17,9,8,1696,860,836,283,160,123,308,157,151,45,20,25,7239,3448,3791
193,District-Ballia,Total,10,13812,6872,6940,307,193,114,211,123,88,43,35,8,2534,1292,1242,433,242,191,422,225,197,94,49,45,9768,4713,5055
193,District-Ballia,Total,11,9022,4490,4532,365,262,103,202,129,73,42,30,12,2178,1142,1036,331,184,147,355,174,181,63,29,34,5486,2540,2946
193,District-Ballia,Total,12,11179,5305,5874,508,328,180,384,256,128,84,56,28,2936,1462,1474,426,231,195,466,234,232,139,59,80,6236,2679,3557
193,District-Ballia,Total,13,8640,4100,4540,413,290,123,350,240,110,81,43,38,2610,1241,1369,314,181,133,402,202,200,120,58,62,4350,1845,2505
193,District-Ballia,Total,14,11552,5495,6057,669,498,171,587,380,207,155,89,66,3740,1772,1968,536,315,221,562,277,285,164,71,93,5139,2093,3046
193,District-Ballia,Total,15,16141,8141,8000,1218,928,290,1138,805,333,336,206,130,5171,2471,2700,975,620,355,914,505,409,307,171,136,6082,2435,3647
193,District-Ballia,Total,16,17308,8408,8900,1396,1091,305,1351,906,445,367,239,128,6214,2809,3405,894,565,329,986,514,472,273,141,132,5827,2143,3684
193,District-Ballia,Total,17,16598,8225,8373,1690,1322,368,1664,1204,460,451,294,157,6459,2821,3638,870,557,313,862,450,412,266,128,138,4336,1449,2887
193,District-Ballia,Total,18,30989,15626,15363,3737,3016,721,3558,2599,959,929,646,283,11757,4791,6966,1656,1112,544,1708,955,753,534,246,288,7110,2261,4849
193,District-Ballia,Total,19,22380,10981,11399,2910,2347,563,2644,1887,757,679,456,223,8837,3423,5414,1235,768,467,1191,634,557,317,137,180,4567,1329,3238
193,District-Ballia,Rural,5-19,278823,140474,138349,12506,9564,2942,11712,8187,3525,3095,2006,1089,53638,24242,29396,9568,5641,3927,10547,5496,5051,2452,1162,1290,175305,84176,91129
193,District-Ballia,Rural,5,56423,30163,26260,63,49,14,71,50,21,21,11,10,820,424,396,1056,583,473,1266,691,575,111,58,53,53015,28297,24718
193,District-Ballia,Rural,6,40039,20806,19233,62,45,17,61,42,19,12,7,5,878,472,406,721,411,310,864,449,415,76,44,32,37365,19336,18029
193,District-Ballia,Rural,7,18100,9079,9021,198,117,81,108,59,49,19,10,9,1675,865,810,391,217,174,485,226,259,54,26,28,15170,7559,7611
193,District-Ballia,Rural,8,13923,6923,7000,207,121,86,130,67,63,19,11,8,1880,974,906,352,179,173,416,218,198,78,35,43,10841,5318,5523
193,District-Ballia,Rural,9,9033,4434,4599,204,126,78,125,71,54,16,9,7,1561,795,766,269,153,116,283,144,139,43,19,24,6532,3117,3415
193,District-Ballia,Rural,10,12342,6092,6250,284,178,106,197,115,82,40,32,8,2266,1150,1116,398,221,177,394,210,184,83,41,42,8680,4145,4535
193,District-Ballia,Rural,11,8110,4013,4097,335,243,92,185,116,69,42,30,12,1987,1042,945,297,159,138,325,160,165,59,26,33,4880,2237,2643
193,District-Ballia,Rural,12,9907,4661,5246,454,295,159,347,229,118,84,56,28,2615,1298,1317,387,205,182,428,209,219,131,54,77,5461,2315,3146
193,District-Ballia,Rural,13,7774,3655,4119,378,267,111,335,227,108,79,42,37,2342,1098,1244,292,165,127,375,188,187,109,51,58,3864,1617,2247
193,District-Ballia,Rural,14,10247,4793,5454,598,440,158,549,358,191,147,81,66,3309,1555,1754,463,261,202,520,247,273,145,63,82,4516,1788,2728
193,District-Ballia,Rural,15,14445,7247,7198,1083,822,261,1054,743,311,316,193,123,4594,2196,2398,863,533,330,843,469,374,287,156,131,5405,2135,3270
193,District-Ballia,Rural,16,15477,7479,7998,1247,969,278,1239,826,413,347,221,126,5523,2493,3030,778,485,293,910,465,445,251,129,122,5182,1891,3291
193,District-Ballia,Rural,17,14939,7366,7573,1486,1160,326,1557,1125,432,430,276,154,5813,2549,3264,759,474,285,789,399,390,241,114,127,3864,1269,2595
193,District-Ballia,Rural,18,27817,13901,13916,3293,2636,657,3304,2408,896,882,603,279,10443,4261,6182,1459,949,510,1539,844,695,492,220,272,6405,1980,4425
193,District-Ballia,Rural,19,20247,9862,10385,2614,2096,518,2450,1751,699,641,424,217,7932,3070,4862,1083,646,437,1110,577,533,292,126,166,4125,1172,2953
193,District-Ballia,Urban,5-19,29992,15673,14319,1482,1194,288,909,651,258,162,137,25,6291,2868,3423,1051,768,283,917,547,370,209,123,86,18971,9385,9586
193,District-Ballia,Urban,5,5211,2808,2403,7,5,2,9,4,5,1,1,0,109,58,51,58,35,23,96,53,43,6,4,2,4925,2648,2277
193,District-Ballia,Urban,6,3964,2071,1893,2,1,1,3,1,2,0,0,0,97,47,50,41,23,18,85,46,39,4,3,1,3732,1950,1782
193,District-Ballia,Urban,7,1946,989,957,12,6,6,5,3,2,0,0,0,157,92,65,19,10,9,40,18,22,3,2,1,1710,858,852
193,District-Ballia,Urban,8,1648,800,848,8,4,4,9,7,2,1,0,1,181,94,87,28,16,12,36,15,21,7,4,3,1378,660,718
193,District-Ballia,Urban,9,907,431,476,12,9,3,11,5,6,1,0,1,135,65,70,14,7,7,25,13,12,2,1,1,707,331,376
193,District-Ballia,Urban,10,1470,780,690,23,15,8,14,8,6,3,3,0,268,142,126,35,21,14,28,15,13,11,8,3,1088,568,520
193,District-Ballia,Urban,11,912,477,435,30,19,11,17,13,4,0,0,0,191,100,91,34,25,9,30,14,16,4,3,1,606,303,303
193,District-Ballia,Urban,12,1272,644,628,54,33,21,37,27,10,0,0,0,321,164,157,39,26,13,38,25,13,8,5,3,775,364,411
193,District-Ballia,Urban,13,866,445,421,35,23,12,15,13,2,2,1,1,268,143,125,22,16,6,27,14,13,11,7,4,486,228,258
193,District-Ballia,Urban,14,1305,702,603,71,58,13,38,22,16,8,8,0,431,217,214,73,54,19,42,30,12,19,8,11,623,305,318
193,District-Ballia,Urban,15,1696,894,802,135,106,29,84,62,22,20,13,7,577,275,302,112,87,25,71,36,35,20,15,5,677,300,377
193,District-Ballia,Urban,16,1831,929,902,149,122,27,112,80,32,20,18,2,691,316,375,116,80,36,76,49,27,22,12,10,645,252,393
193,District-Ballia,Urban,17,1659,859,800,204,162,42,107,79,28,21,18,3,646,272,374,111,83,28,73,51,22,25,14,11,472,180,292
193,District-Ballia,Urban,18,3172,1725,1447,444,380,64,254,191,63,47,43,4,1314,530,784,197,163,34,169,111,58,42,26,16,705,281,424
193,District-Ballia,Urban,19,2133,1119,1014,296,251,45,194,136,58,38,32,6,905,353,552,152,122,30,81,57,24,25,11,14,442,157,285
194,District-Jaunpur,Total,5-19,386103,189324,196779,22863,17216,5647,16224,9728,6496,5180,2785,2395,75558,28899,46659,11876,6694,5182,10067,4477,5590,2893,1202,1691,241442,118323,123119
194,District-Jaunpur,Total,5,95280,50261,45019,99,76,23,39,18,21,10,6,4,702,370,332,1335,745,590,1046,543,503,192,105,87,91857,48398,43459
194,District-Jaunpur,Total,6,63259,32698,30561,72,55,17,54,33,21,8,3,5,1011,515,496,968,515,453,721,351,370,166,77,89,60259,31149,29110
194,District-Jaunpur,Total,7,23002,11658,11344,148,98,50,81,51,30,22,11,11,1352,708,644,424,224,200,317,138,179,82,44,38,20576,10384,10192
194,District-Jaunpur,Total,8,14430,7205,7225,164,95,69,76,37,39,17,9,8,1516,777,739,336,182,154,308,152,156,92,50,42,11921,5903,6018
194,District-Jaunpur,Total,9,8608,4314,4294,170,100,70,88,46,42,18,10,8,1296,649,647,208,108,100,226,112,114,65,28,37,6537,3261,3276
194,District-Jaunpur,Total,10,12412,6313,6099,259,158,101,136,81,55,32,16,16,1884,972,912,407,238,169,313,165,148,106,63,43,9275,4620,4655
194,District-Jaunpur,Total,11,7880,3860,4020,404,270,134,232,131,101,72,42,30,1959,919,1040,297,170,127,260,123,137,79,36,43,4577,2169,2408
194,District-Jaunpur,Total,12,9754,4703,5051,710,527,183,396,247,149,122,61,61,2957,1365,1592,426,221,205,402,185,217,130,48,82,4611,2049,2562
194,District-Jaunpur,Total,13,8248,3862,4386,634,452,182,391,221,170,118,66,52,2877,1290,1587,408,215,193,365,136,229,101,44,57,3354,1438,1916
194,District-Jaunpur,Total,14,11639,5480,6159,1058,774,284,691,434,257,212,117,95,4536,1962,2574,576,331,245,511,217,294,162,73,89,3893,1572,2321
194,District-Jaunpur,Total,15,17896,8681,9215,2035,1613,422,1399,879,520,447,248,199,6745,2862,3883,1077,650,427,875,418,457,292,132,160,5026,1879,3147
194,District-Jaunpur,Total,16,20192,9251,10941,2465,1813,652,1814,1104,710,628,326,302,8447,3273,5174,1042,632,410,871,382,489,268,99,169,4657,1622,3035
194,District-Jaunpur,Total,17,21953,9911,12042,3021,2283,738,2331,1393,938,761,423,338,9711,3510,6201,1016,580,436,913,413,500,266,102,164,3934,1207,2727
194,District-Jaunpur,Total,18,40122,17888,22234,6336,4917,1419,4615,2814,1801,1520,827,693,17124,5681,11443,1939,1133,806,1655,667,988,466,158,308,6467,1691,4776
194,District-Jaunpur,Total,19,31428,13239,18189,5288,3985,1303,3881,2239,1642,1193,620,573,13441,4046,9395,1417,750,667,1284,475,809,426,143,283,4498,981,3517
194,District-Jaunpur,Rural,5-19,352671,171451,181220,20397,15130,5267,15508,9172,6336,5030,2684,2346,66667,24908,41759,10766,5871,4895,9611,4179,5432,2811,1151,1660,221881,108356,113525
194,District-Jaunpur,Rural,5,89309,47056,42253,94,73,21,36,17,19,8,5,3,611,321,290,1285,710,575,1006,521,485,190,104,86,86079,45305,40774
194,District-Jaunpur,Rural,6,58888,30398,28490,67,53,14,49,30,19,6,2,4,890,452,438,927,496,431,687,335,352,164,75,89,56098,28955,27143
194,District-Jaunpur,Rural,7,21100,10710,10390,143,95,48,75,47,28,20,10,10,1234,647,587,403,212,191,301,132,169,79,42,37,18845,9525,9320
194,District-Jaunpur,Rural,8,13056,6494,6562,155,87,68,69,33,36,17,9,8,1391,706,685,319,169,150,299,144,155,89,48,41,10717,5298,5419
194,District-Jaunpur,Rural,9,7708,3845,3863,157,92,65,84,45,39,16,8,8,1178,592,586,185,96,89,216,109,107,64,27,37,5808,2876,2932
194,District-Jaunpur,Rural,10,11240,5715,5525,248,149,99,135,80,55,30,15,15,1712,873,839,383,225,158,299,158,141,105,63,42,8328,4152,4176
194,District-Jaunpur,Rural,11,7023,3378,3645,355,236,119,221,122,99,70,40,30,1741,800,941,262,146,116,252,118,134,78,35,43,4044,1881,2163
194,District-Jaunpur,Rural,12,8671,4134,4537,641,475,166,378,232,146,118,60,58,2627,1204,1423,392,198,194,384,174,210,130,48,82,4001,1743,2258
194,District-Jaunpur,Rural,13,7319,3361,3958,575,406,169,378,211,167,117,65,52,2512,1106,1406,360,183,177,355,131,224,99,42,57,2923,1217,1706
194,District-Jaunpur,Rural,14,10337,4789,5548,956,695,261,662,409,253,203,109,94,3981,1684,2297,516,290,226,484,198,286,160,73,87,3375,1331,2044
194,District-Jaunpur,Rural,15,16119,7682,8437,1849,1453,396,1329,826,503,436,239,197,5963,2480,3483,978,572,406,834,391,443,287,129,158,4443,1592,2851
194,District-Jaunpur,Rural,16,18056,8118,9938,2176,1573,603,1747,1057,690,614,320,294,7425,2820,4605,923,546,377,833,357,476,256,92,164,4082,1353,2729
194,District-Jaunpur,Rural,17,19533,8570,10963,2667,1985,682,2228,1317,911,738,406,332,8481,2948,5533,888,486,402,857,372,485,250,93,157,3424,963,2461
194,District-Jaunpur,Rural,18,36102,15647,20455,5612,4287,1325,4419,2648,1771,1482,802,680,15136,4861,10275,1709,933,776,1577,600,977,448,145,303,5719,1371,4348
194,District-Jaunpur,Rural,19,28210,11554,16656,4702,3471,1231,3698,2098,1600,1155,594,561,11785,3414,8371,1236,609,627,1227,439,788,412,135,277,3995,794,3201
194,District-Jaunpur,Urban,5-19,33432,17873,15559,2466,2086,380,716,556,160,150,101,49,8891,3991,4900,1110,823,287,456,298,158,82,51,31,19561,9967,9594
194,District-Jaunpur,Urban,5,5971,3205,2766,5,3,2,3,1,2,2,1,1,91,49,42,50,35,15,40,22,18,2,1,1,5778,3093,2685
194,District-Jaunpur,Urban,6,4371,2300,2071,5,2,3,5,3,2,2,1,1,121,63,58,41,19,22,34,16,18,2,2,0,4161,2194,1967
194,District-Jaunpur,Urban,7,1902,948,954,5,3,2,6,4,2,2,1,1,118,61,57,21,12,9,16,6,10,3,2,1,1731,859,872
194,District-Jaunpur,Urban,8,1374,711,663,9,8,1,7,4,3,0,0,0,125,71,54,17,13,4,9,8,1,3,2,1,1204,605,599
194,District-Jaunpur,Urban,9,900,469,431,13,8,5,4,1,3,2,2,0,118,57,61,23,12,11,10,3,7,1,1,0,729,385,344
194,District-Jaunpur,Urban,10,1172,598,574,11,9,2,1,1,0,2,1,1,172,99,73,24,13,11,14,7,7,1,0,1,947,468,479
194,District-Jaunpur,Urban,11,857,482,375,49,34,15,11,9,2,2,2,0,218,119,99,35,24,11,8,5,3,1,1,0,533,288,245
194,District-Jaunpur,Urban,12,1083,569,514,69,52,17,18,15,3,4,1,3,330,161,169,34,23,11,18,11,7,0,0,0,610,306,304
194,District-Jaunpur,Urban,13,929,501,428,59,46,13,13,10,3,1,1,0,365,184,181,48,32,16,10,5,5,2,2,0,431,221,210
194,District-Jaunpur,Urban,14,1302,691,611,102,79,23,29,25,4,9,8,1,555,278,277,60,41,19,27,19,8,2,0,2,518,241,277
194,District-Jaunpur,Urban,15,1777,999,778,186,160,26,70,53,17,11,9,2,782,382,400,99,78,21,41,27,14,5,3,2,583,287,296
194,District-Jaunpur,Urban,16,2136,1133,1003,289,240,49,67,47,20,14,6,8,1022,453,569,119,86,33,38,25,13,12,7,5,575,269,306
194,District-Jaunpur,Urban,17,2420,1341,1079,354,298,56,103,76,27,23,17,6,1230,562,668,128,94,34,56,41,15,16,9,7,510,244,266
194,District-Jaunpur,Urban,18,4020,2241,1779,724,630,94,196,166,30,38,25,13,1988,820,1168,230,200,30,78,67,11,18,13,5,748,320,428
194,District-Jaunpur,Urban,19,3218,1685,1533,586,514,72,183,141,42,38,26,12,1656,632,1024,181,141,40,57,36,21,14,8,6,503,187,316
195,District-Ghazipur,Total,5-19,324662,163715,160947,18644,14161,4483,12838,8164,4674,4107,2420,1687,60326,25455,34871,11246,6459,4787,8254,3882,4372,2578,1115,1463,206669,102059,104610
195,District-Ghazipur,Total,5,77556,41175,36381,86,67,19,40,24,16,8,3,5,793,408,385,1086,600,486,761,402,359,165,97,68,74617,39574,35043
195,District-Ghazipur,Total,6,53972,28184,25788,76,53,23,39,19,20,10,5,5,911,489,422,828,452,376,628,322,306,125,63,62,51355,26781,24574
195,District-Ghazipur,Total,7,20759,10625,10134,151,93,58,78,42,36,22,12,10,1541,809,732,451,244,207,271,125,146,77,29,48,18168,9271,8897
195,District-Ghazipur,Total,8,13848,6833,7015,149,90,59,96,52,44,28,16,12,1834,905,929,365,204,161,231,103,128,85,43,42,11060,5420,5640
195,District-Ghazipur,Total,9,8663,4258,4405,147,86,61,91,55,36,19,7,12,1546,780,766,234,116,118,178,91,87,57,28,29,6391,3095,3296
195,District-Ghazipur,Total,10,11870,5937,5933,229,131,98,115,63,52,29,14,15,2198,1139,1059,421,223,198,295,145,150,106,45,61,8477,4177,4300
195,District-Ghazipur,Total,11,7443,3716,3727,324,228,96,186,119,67,64,38,26,1938,962,976,313,179,134,239,107,132,81,37,44,4298,2046,2252
195,District-Ghazipur,Total,12,9168,4389,4779,578,405,173,290,183,107,115,66,49,2683,1262,1421,492,251,241,313,134,179,136,47,89,4561,2041,2520
195,District-Ghazipur,Total,13,7567,3510,4057,561,383,178,304,176,128,122,69,53,2511,1151,1360,388,206,182,307,124,183,104,43,61,3270,1358,1912
195,District-Ghazipur,Total,14,10120,4883,5237,868,628,240,561,361,200,202,110,92,3565,1620,1945,623,360,263,468,221,247,152,62,90,3681,1521,2160
195,District-Ghazipur,Total,15,14978,7651,7327,1594,1234,360,1112,754,358,379,231,148,5204,2421,2783,1065,652,413,749,383,366,244,123,121,4631,1853,2778
195,District-Ghazipur,Total,16,16293,8046,8247,1869,1452,417,1452,970,482,501,300,201,6228,2664,3564,1001,618,383,801,411,390,249,107,142,4192,1524,2668
195,District-Ghazipur,Total,17,16405,8024,8381,2446,1864,582,1748,1114,634,550,322,228,6644,2660,3984,941,584,357,674,340,334,252,97,155,3150,1043,2107
195,District-Ghazipur,Total,18,31988,15511,16477,5313,4178,1135,3751,2403,1348,1208,756,452,12896,4862,8034,1791,1072,719,1339,582,757,425,175,250,5265,1483,3782
195,District-Ghazipur,Total,19,24032,10973,13059,4253,3269,984,2975,1829,1146,850,471,379,9834,3323,6511,1247,698,549,1000,392,608,320,119,201,3553,872,2681
195,District-Ghazipur,Rural,5-19,298941,150103,148838,16679,12596,4083,12067,7629,4438,4019,2346,1673,54370,22875,31495,10313,5788,4525,7805,3629,4176,2537,1085,1452,191151,94155,96996
195,District-Ghazipur,Rural,5,72686,38555,34131,82,64,18,36,21,15,8,3,5,745,384,361,1040,576,464,740,389,351,165,97,68,69870,37021,32849
195,District-Ghazipur,Rural,6,50132,26167,23965,72,49,23,36,18,18,10,5,5,858,462,396,790,429,361,593,302,291,122,60,62,47651,24842,22809
195,District-Ghazipur,Rural,7,19167,9816,9351,146,89,57,76,41,35,22,12,10,1447,770,677,433,236,197,259,120,139,77,29,48,16707,8519,8188
195,District-Ghazipur,Rural,8,12773,6305,6468,145,87,58,90,51,39,28,16,12,1688,834,854,343,192,151,219,96,123,84,42,42,10176,4987,5189
195,District-Ghazipur,Rural,9,7941,3891,4050,139,82,57,89,53,36,19,7,12,1423,724,699,213,105,108,166,85,81,54,26,28,5838,2809,3029
195,District-Ghazipur,Rural,10,10901,5410,5491,214,124,90,108,60,48,29,14,15,1997,1033,964,393,205,188,271,130,141,106,45,61,7783,3799,3984
195,District-Ghazipur,Rural,11,6811,3411,3400,292,205,87,184,118,66,64,38,26,1779,890,889,292,166,126,226,101,125,79,35,44,3895,1858,2037
195,District-Ghazipur,Rural,12,8359,3953,4406,524,372,152,278,175,103,115,66,49,2433,1129,1304,452,225,227,290,120,170,136,47,89,4131,1819,2312
195,District-Ghazipur,Rural,13,6824,3119,3705,497,341,156,286,165,121,119,66,53,2252,1032,1220,351,185,166,281,112,169,104,43,61,2934,1175,1759
195,District-Ghazipur,Rural,14,9138,4355,4783,766,553,213,526,336,190,199,107,92,3198,1443,1755,558,314,244,443,205,238,147,58,89,3301,1339,1962
195,District-Ghazipur,Rural,15,13661,6917,6744,1433,1105,328,1046,708,338,372,224,148,4679,2167,2512,971,578,393,712,364,348,240,120,120,4208,1651,2557
195,District-Ghazipur,Rural,16,14696,7152,7544,1648,1272,376,1338,891,447,487,287,200,5552,2347,3205,883,527,356,754,382,372,240,103,137,3794,1343,2451
195,District-Ghazipur,Rural,17,14859,7208,7651,2179,1669,510,1630,1029,601,539,314,225,5945,2364,3581,840,499,341,637,323,314,250,96,154,2839,914,1925
195,District-Ghazipur,Rural,18,29108,13954,15154,4738,3693,1045,3538,2254,1284,1175,729,446,11587,4340,7247,1607,928,679,1266,538,728,417,169,248,4780,1303,3477
195,District-Ghazipur,Rural,19,21885,9890,11995,3804,2891,913,2806,1709,1097,833,458,375,8787,2956,5831,1147,623,524,948,362,586,316,115,201,3244,776,2468
195,District-Ghazipur,Urban,5-19,25721,13612,12109,1965,1565,400,771,535,236,88,74,14,5956,2580,3376,933,671,262,449,253,196,41,30,11,15518,7904,7614
195,District-Ghazipur,Urban,5,4870,2620,2250,4,3,1,4,3,1,0,0,0,48,24,24,46,24,22,21,13,8,0,0,0,4747,2553,2194
195,District-Ghazipur,Urban,6,3840,2017,1823,4,4,0,3,1,2,0,0,0,53,27,26,38,23,15,35,20,15,3,3,0,3704,1939,1765
195,District-Ghazipur,Urban,7,1592,809,783,5,4,1,2,1,1,0,0,0,94,39,55,18,8,10,12,5,7,0,0,0,1461,752,709
195,District-Ghazipur,Urban,8,1075,528,547,4,3,1,6,1,5,0,0,0,146,71,75,22,12,10,12,7,5,1,1,0,884,433,451
195,District-Ghazipur,Urban,9,722,367,355,8,4,4,2,2,0,0,0,0,123,56,67,21,11,10,12,6,6,3,2,1,553,286,267
195,District-Ghazipur,Urban,10,969,527,442,15,7,8,7,3,4,0,0,0,201,106,95,28,18,10,24,15,9,0,0,0,694,378,316
195,District-Ghazipur,Urban,11,632,305,327,32,23,9,2,1,1,0,0,0,159,72,87,21,13,8,13,6,7,2,2,0,403,188,215
195,District-Ghazipur,Urban,12,809,436,373,54,33,21,12,8,4,0,0,0,250,133,117,40,26,14,23,14,9,0,0,0,430,222,208
195,District-Ghazipur,Urban,13,743,391,352,64,42,22,18,11,7,3,3,0,259,119,140,37,21,16,26,12,14,0,0,0,336,183,153
195,District-Ghazipur,Urban,14,982,528,454,102,75,27,35,25,10,3,3,0,367,177,190,65,46,19,25,16,9,5,4,1,380,182,198
195,District-Ghazipur,Urban,15,1317,734,583,161,129,32,66,46,20,7,7,0,525,254,271,94,74,20,37,19,18,4,3,1,423,202,221
195,District-Ghazipur,Urban,16,1597,894,703,221,180,41,114,79,35,14,13,1,676,317,359,118,91,27,47,29,18,9,4,5,398,181,217
195,District-Ghazipur,Urban,17,1546,816,730,267,195,72,118,85,33,11,8,3,699,296,403,101,85,16,37,17,20,2,1,1,311,129,182
195,District-Ghazipur,Urban,18,2880,1557,1323,575,485,90,213,149,64,33,27,6,1309,522,787,184,144,40,73,44,29,8,6,2,485,180,305
195,District-Ghazipur,Urban,19,2147,1083,1064,449,378,71,169,120,49,17,13,4,1047,367,680,100,75,25,52,30,22,4,4,0,309,96,213
196,District-Chandauli,Total,5-19,193810,100227,93583,9092,7250,1842,10080,7309,2771,3165,2096,1069,36515,15631,20884,5544,3411,2133,5994,3117,2877,1694,856,838,121726,60557,61169
196,District-Chandauli,Total,5,44925,23966,20959,33,25,8,18,14,4,6,4,2,331,168,163,324,188,136,428,248,180,95,55,40,43690,23264,20426
196,District-Chandauli,Total,6,30172,15836,14336,21,14,7,16,12,4,4,1,3,446,242,204,236,137,99,309,156,153,56,25,31,29084,15249,13835
196,District-Chandauli,Total,7,11129,5639,5490,57,41,16,26,15,11,4,4,0,727,361,366,111,60,51,174,84,90,31,12,19,9999,5062,4937
196,District-Chandauli,Total,8,8243,4193,4050,60,43,17,39,21,18,7,6,1,856,441,415,120,64,56,151,81,70,43,22,21,6967,3515,3452
196,District-Chandauli,Total,9,4871,2447,2424,55,40,15,34,18,16,12,7,5,838,418,420,119,63,56,105,52,53,26,14,12,3682,1835,1847
196,District-Chandauli,Total,10,6957,3514,3443,69,40,29,54,33,21,19,11,8,1162,604,558,163,95,68,182,86,96,47,31,16,5261,2614,2647
196,District-Chandauli,Total,11,4409,2173,2236,144,105,39,105,54,51,21,12,9,1107,552,555,126,68,58,148,68,80,37,19,18,2721,1295,1426
196,District-Chandauli,Total,12,6097,3090,3007,243,200,43,223,148,75,100,64,36,1752,859,893,258,156,102,249,126,123,84,37,47,3188,1500,1688
196,District-Chandauli,Total,13,4748,2355,2393,221,159,62,263,169,94,85,58,27,1576,763,813,236,134,102,204,102,102,63,28,35,2100,942,1158
196,District-Chandauli,Total,14,6751,3465,3286,420,329,91,453,314,139,150,87,63,2493,1199,1294,352,210,142,359,201,158,90,51,39,2434,1074,1360
196,District-Chandauli,Total,15,9458,4998,4460,809,657,152,842,604,238,286,189,97,3429,1586,1843,566,386,180,592,338,254,151,78,73,2783,1160,1623
196,District-Chandauli,Total,16,10520,5622,4898,1005,807,198,1203,891,312,383,269,114,4118,1878,2240,555,382,173,578,321,257,197,116,81,2481,958,1523
196,District-Chandauli,Total,17,10186,5330,4856,1171,955,216,1326,987,339,459,321,138,4111,1720,2391,533,342,191,555,293,262,158,85,73,1873,627,1246
196,District-Chandauli,Total,18,20568,10553,10015,2721,2247,474,3114,2337,777,950,652,298,7872,2939,4933,1077,691,386,1088,553,535,360,178,182,3386,956,2430
196,District-Chandauli,Total,19,14776,7046,7730,2063,1588,475,2364,1692,672,679,411,268,5697,1901,3796,768,435,333,872,408,464,256,105,151,2077,506,1571
196,District-Chandauli,Rural,5-19,166630,85847,80783,7827,6211,1616,9261,6699,2562,2923,1912,1011,30859,13107,17752,4035,2384,1651,5151,2608,2543,1524,746,778,105050,52180,52870
196,District-Chandauli,Rural,5,40618,21631,18987,27,21,6,16,13,3,5,3,2,295,153,142,292,171,121,398,235,163,94,55,39,39491,20980,18511
196,District-Chandauli,Rural,6,26919,14090,12829,20,13,7,14,10,4,4,1,3,407,219,188,213,122,91,285,143,142,56,25,31,25920,13557,12363
196,District-Chandauli,Rural,7,9685,4878,4807,54,38,16,24,15,9,4,4,0,655,326,329,92,50,42,152,72,80,30,12,18,8674,4361,4313
196,District-Chandauli,Rural,8,6938,3524,3414,52,37,15,36,18,18,7,6,1,752,391,361,106,55,51,140,75,65,41,22,19,5804,2920,2884
196,District-Chandauli,Rural,9,4009,1989,2020,54,40,14,31,17,14,10,7,3,719,359,360,94,45,49,85,41,44,26,14,12,2990,1466,1524
196,District-Chandauli,Rural,10,5645,2839,2806,65,37,28,51,30,21,16,8,8,975,496,479,134,77,57,159,74,85,43,28,15,4202,2089,2113
196,District-Chandauli,Rural,11,3579,1752,1827,126,91,35,95,48,47,20,11,9,940,465,475,96,54,42,119,54,65,35,18,17,2148,1011,1137
196,District-Chandauli,Rural,12,4897,2455,2442,212,178,34,201,131,70,93,58,35,1488,722,766,183,106,77,219,112,107,78,32,46,2423,1116,1307
196,District-Chandauli,Rural,13,3780,1855,1925,191,136,55,233,151,82,79,53,26,1317,638,679,141,81,60,161,77,84,57,26,31,1601,693,908
196,District-Chandauli,Rural,14,5422,2787,2635,372,291,81,411,287,124,136,79,57,2105,1002,1103,238,144,94,295,164,131,80,43,37,1785,777,1008
196,District-Chandauli,Rural,15,7832,4151,3681,685,567,118,761,549,212,272,180,92,2896,1343,1553,404,272,132,504,284,220,132,67,65,2178,889,1289
196,District-Chandauli,Rural,16,8648,4642,4006,833,668,165,1101,816,285,349,243,106,3431,1582,1849,370,246,124,491,273,218,169,98,71,1904,716,1188
196,District-Chandauli,Rural,17,8478,4400,4078,999,813,186,1210,895,315,429,298,131,3435,1413,2022,352,219,133,449,225,224,136,73,63,1468,464,1004
196,District-Chandauli,Rural,18,17444,8900,8544,2334,1919,415,2893,2170,723,868,585,283,6606,2425,4181,754,453,301,946,462,484,311,141,170,2732,745,1987
196,District-Chandauli,Rural,19,12736,5954,6782,1803,1362,441,2184,1549,635,631,376,255,4838,1573,3265,566,289,277,748,317,431,236,92,144,1730,396,1334
196,District-Chandauli,Urban,5-19,27180,14380,12800,1265,1039,226,819,610,209,242,184,58,5656,2524,3132,1509,1027,482,843,509,334,170,110,60,16676,8377,8299
196,District-Chandauli,Urban,5,4307,2335,1972,6,4,2,2,1,1,1,1,0,36,15,21,32,17,15,30,13,17,1,0,1,4199,2284,1915
196,District-Chandauli,Urban,6,3253,1746,1507,1,1,0,2,2,0,0,0,0,39,23,16,23,15,8,24,13,11,0,0,0,3164,1692,1472
196,District-Chandauli,Urban,7,1444,761,683,3,3,0,2,0,2,0,0,0,72,35,37,19,10,9,22,12,10,1,0,1,1325,701,624
196,District-Chandauli,Urban,8,1305,669,636,8,6,2,3,3,0,0,0,0,104,50,54,14,9,5,11,6,5,2,0,2,1163,595,568
196,District-Chandauli,Urban,9,862,458,404,1,0,1,3,1,2,2,0,2,119,59,60,25,18,7,20,11,9,0,0,0,692,369,323
196,District-Chandauli,Urban,10,1312,675,637,4,3,1,3,3,0,3,3,0,187,108,79,29,18,11,23,12,11,4,3,1,1059,525,534
196,District-Chandauli,Urban,11,830,421,409,18,14,4,10,6,4,1,1,0,167,87,80,30,14,16,29,14,15,2,1,1,573,284,289
196,District-Chandauli,Urban,12,1200,635,565,31,22,9,22,17,5,7,6,1,264,137,127,75,50,25,30,14,16,6,5,1,765,384,381
196,District-Chandauli,Urban,13,968,500,468,30,23,7,30,18,12,6,5,1,259,125,134,95,53,42,43,25,18,6,2,4,499,249,250
196,District-Chandauli,Urban,14,1329,678,651,48,38,10,42,27,15,14,8,6,388,197,191,114,66,48,64,37,27,10,8,2,649,297,352
196,District-Chandauli,Urban,15,1626,847,779,124,90,34,81,55,26,14,9,5,533,243,290,162,114,48,88,54,34,19,11,8,605,271,334
196,District-Chandauli,Urban,16,1872,980,892,172,139,33,102,75,27,34,26,8,687,296,391,185,136,49,87,48,39,28,18,10,577,242,335
196,District-Chandauli,Urban,17,1708,930,778,172,142,30,116,92,24,30,23,7,676,307,369,181,123,58,106,68,38,22,12,10,405,163,242
196,District-Chandauli,Urban,18,3124,1653,1471,387,328,59,221,167,54,82,67,15,1266,514,752,323,238,85,142,91,51,49,37,12,654,211,443
196,District-Chandauli,Urban,19,2040,1092,948,260,226,34,180,143,37,48,35,13,859,328,531,202,146,56,124,91,33,20,13,7,347,110,237
197,District-Varanasi,Total,5-19,342180,181239,160941,34029,27963,6066,11691,8110,3581,3163,1981,1182,71137,27726,43411,19219,13571,5648,6586,3764,2822,1527,822,705,194828,97302,97526
197,District-Varanasi,Total,5,66867,36188,30679,93,67,26,28,18,10,3,3,0,701,369,332,911,559,352,596,311,285,41,15,26,64494,34846,29648
197,District-Varanasi,Total,6,47511,25118,22393,74,52,22,32,16,16,0,0,0,840,445,395,681,383,298,430,217,213,35,12,23,45419,23993,21426
197,District-Varanasi,Total,7,18231,9351,8880,188,113,75,64,40,24,6,5,1,1289,650,639,423,233,190,204,111,93,26,9,17,16031,8190,7841
197,District-Varanasi,Total,8,12494,6399,6095,196,123,73,51,27,24,8,6,2,1461,760,701,380,220,160,139,84,55,31,20,11,10228,5159,5069
197,District-Varanasi,Total,9,8616,4502,4114,232,137,95,45,29,16,13,4,9,1437,758,679,371,210,161,164,89,75,25,18,7,6329,3257,3072
197,District-Varanasi,Total,10,11898,6222,5676,353,227,126,75,43,32,17,14,3,2162,1120,1042,579,350,229,201,90,111,49,29,20,8462,4349,4113
197,District-Varanasi,Total,11,8553,4459,4094,515,380,135,160,98,62,41,24,17,2127,1046,1081,568,365,203,170,86,84,47,33,14,4925,2427,2498
197,District-Varanasi,Total,12,11248,5921,5327,961,731,230,265,175,90,63,39,24,3224,1522,1702,859,554,305,288,176,112,79,55,24,5509,2669,2840
197,District-Varanasi,Total,13,9985,5051,4934,951,726,225,279,156,123,74,43,31,3306,1461,1845,826,556,270,253,138,115,73,33,40,4223,1938,2285
197,District-Varanasi,Total,14,13982,7229,6753,1715,1317,398,570,375,195,145,96,49,4892,2084,2808,1336,923,413,400,228,172,126,72,54,4798,2134,2664
197,District-Varanasi,Total,15,18562,9975,8587,2938,2384,554,1081,762,319,292,197,95,6533,2785,3748,1897,1374,523,581,332,249,177,99,78,5063,2042,3021
197,District-Varanasi,Total,16,22155,11794,10361,4109,3342,767,1423,1019,404,418,264,154,8184,3176,5008,2118,1567,551,695,396,299,178,106,72,5030,1924,3106
197,District-Varanasi,Total,17,22261,11906,10355,4622,3870,752,1749,1231,518,496,325,171,8425,3065,5360,2138,1592,546,628,383,245,160,71,89,4043,1369,2674
197,District-Varanasi,Total,18,40437,21902,18535,9716,8272,1444,3398,2425,973,941,555,386,15225,5090,10135,3653,2816,837,1037,653,384,300,164,136,6167,1927,4240
197,District-Varanasi,Total,19,29380,15222,14158,7366,6222,1144,2471,1696,775,646,406,240,11331,3395,7936,2479,1869,610,800,470,330,180,86,94,4107,1078,3029
197,District-Varanasi,Rural,5-19,169658,89324,80334,15849,13357,2492,7796,5496,2300,2503,1529,974,33404,12544,20860,5077,3352,1725,3021,1613,1408,844,399,445,101164,51034,50130
197,District-Varanasi,Rural,5,43015,23295,19720,28,23,5,11,7,4,1,1,0,320,181,139,380,228,152,266,136,130,25,10,15,41984,22709,19275
197,District-Varanasi,Rural,6,28682,15228,13454,13,9,4,9,4,5,0,0,0,411,212,199,243,143,100,166,79,87,19,7,12,27821,14774,13047
197,District-Varanasi,Rural,7,8901,4554,4347,53,34,19,24,14,10,3,2,1,540,267,273,106,63,43,74,38,36,7,1,6,8094,4135,3959
197,District-Varanasi,Rural,8,4859,2455,2404,68,42,26,16,10,6,5,3,2,619,312,307,87,48,39,42,25,17,13,7,6,4009,2008,2001
197,District-Varanasi,Rural,9,2903,1501,1402,67,39,28,16,11,5,10,3,7,582,306,276,60,38,22,46,26,20,14,10,4,2108,1068,1040
197,District-Varanasi,Rural,10,3999,2055,1944,85,51,34,32,21,11,9,8,1,772,414,358,106,62,44,66,28,38,20,11,9,2909,1460,1449
197,District-Varanasi,Rural,11,2597,1326,1271,166,135,31,71,46,25,27,17,10,775,380,395,108,63,45,56,26,30,24,12,12,1370,647,723
197,District-Varanasi,Rural,12,3499,1791,1708,343,265,78,126,84,42,37,23,14,1173,553,620,174,107,67,114,67,47,30,22,8,1502,670,832
197,District-Varanasi,Rural,13,3255,1639,1616,329,266,63,152,87,65,51,29,22,1278,580,698,163,115,48,95,41,54,25,11,14,1162,510,652
197,District-Varanasi,Rural,14,4915,2526,2389,620,503,117,337,234,103,95,61,34,1967,848,1119,275,179,96,163,88,75,58,35,23,1400,578,822
197,District-Varanasi,Rural,15,7600,4167,3433,1263,1087,176,678,506,172,228,156,72,2925,1283,1642,486,333,153,274,155,119,101,48,53,1645,599,1046
197,District-Varanasi,Rural,16,9495,5102,4393,1842,1579,263,916,676,240,337,214,123,3828,1483,2345,560,393,167,339,179,160,94,45,49,1579,533,1046
197,District-Varanasi,Rural,17,10177,5448,4729,2192,1886,306,1186,834,352,399,258,141,4076,1482,2594,547,384,163,294,169,125,101,42,59,1382,393,989
197,District-Varanasi,Rural,18,20773,10935,9838,5056,4348,708,2462,1767,695,781,445,336,8129,2591,5538,1063,742,321,595,335,260,206,93,113,2481,614,1867
197,District-Varanasi,Rural,19,14988,7302,7686,3724,3090,634,1760,1195,565,520,309,211,6009,1652,4357,719,454,265,431,221,210,107,45,62,1718,336,1382
197,District-Varanasi,Urban,5-19,172522,91915,80607,18180,14606,3574,3895,2614,1281,660,452,208,37733,15182,22551,14142,10219,3923,3565,2151,1414,683,423,260,93664,46268,47396
197,District-Varanasi,Urban,5,23852,12893,10959,65,44,21,17,11,6,2,2,0,381,188,193,531,331,200,330,175,155,16,5,11,22510,12137,10373
197,District-Varanasi,Urban,6,18829,9890,8939,61,43,18,23,12,11,0,0,0,429,233,196,438,240,198,264,138,126,16,5,11,17598,9219,8379
197,District-Varanasi,Urban,7,9330,4797,4533,135,79,56,40,26,14,3,3,0,749,383,366,317,170,147,130,73,57,19,8,11,7937,4055,3882
197,District-Varanasi,Urban,8,7635,3944,3691,128,81,47,35,17,18,3,3,0,842,448,394,293,172,121,97,59,38,18,13,5,6219,3151,3068
197,District-Varanasi,Urban,9,5713,3001,2712,165,98,67,29,18,11,3,1,2,855,452,403,311,172,139,118,63,55,11,8,3,4221,2189,2032
197,District-Varanasi,Urban,10,7899,4167,3732,268,176,92,43,22,21,8,6,2,1390,706,684,473,288,185,135,62,73,29,18,11,5553,2889,2664
197,District-Varanasi,Urban,11,5956,3133,2823,349,245,104,89,52,37,14,7,7,1352,666,686,460,302,158,114,60,54,23,21,2,3555,1780,1775
197,District-Varanasi,Urban,12,7749,4130,3619,618,466,152,139,91,48,26,16,10,2051,969,1082,685,447,238,174,109,65,49,33,16,4007,1999,2008
197,District-Varanasi,Urban,13,6730,3412,3318,622,460,162,127,69,58,23,14,9,2028,881,1147,663,441,222,158,97,61,48,22,26,3061,1428,1633
197,District-Varanasi,Urban,14,9067,4703,4364,1095,814,281,233,141,92,50,35,15,2925,1236,1689,1061,744,317,237,140,97,68,37,31,3398,1556,1842
197,District-Varanasi,Urban,15,10962,5808,5154,1675,1297,378,403,256,147,64,41,23,3608,1502,2106,1411,1041,370,307,177,130,76,51,25,3418,1443,1975
197,District-Varanasi,Urban,16,12660,6692,5968,2267,1763,504,507,343,164,81,50,31,4356,1693,2663,1558,1174,384,356,217,139,84,61,23,3451,1391,2060
197,District-Varanasi,Urban,17,12084,6458,5626,2430,1984,446,563,397,166,97,67,30,4349,1583,2766,1591,1208,383,334,214,120,59,29,30,2661,976,1685
197,District-Varanasi,Urban,18,19664,10967,8697,4660,3924,736,936,658,278,160,110,50,7096,2499,4597,2590,2074,516,442,318,124,94,71,23,3686,1313,2373
197,District-Varanasi,Urban,19,14392,7920,6472,3642,3132,510,711,501,210,126,97,29,5322,1743,3579,1760,1415,345,369,249,120,73,41,32,2389,742,1647
198,District-Sant Ravidas Nagar (Bhadohi),Total,5-19,160044,80257,79787,8792,7355,1437,5620,4000,1620,2120,1282,838,30285,11792,18493,3768,2460,1308,3241,1593,1648,1205,541,664,105013,51234,53779
198,District-Sant Ravidas Nagar (Bhadohi),Total,5,38419,20654,17765,14,13,1,11,8,3,4,2,2,343,183,160,213,127,86,163,86,77,39,17,22,37632,20218,17414
198,District-Sant Ravidas Nagar (Bhadohi),Total,6,26275,13707,12568,22,18,4,13,8,5,2,1,1,389,210,179,167,95,72,109,54,55,39,20,19,25534,13301,12233
198,District-Sant Ravidas Nagar (Bhadohi),Total,7,9730,4918,4812,27,16,11,9,6,3,2,1,1,577,292,285,76,31,45,91,50,41,12,7,5,8936,4515,4421
198,District-Sant Ravidas Nagar (Bhadohi),Total,8,6547,3356,3191,34,23,11,14,9,5,5,4,1,740,417,323,60,33,27,58,37,21,35,21,14,5601,2812,2789
198,District-Sant Ravidas Nagar (Bhadohi),Total,9,3499,1708,1791,36,23,13,17,10,7,5,2,3,604,290,314,42,20,22,36,16,20,28,16,12,2731,1331,1400
198,District-Sant Ravidas Nagar (Bhadohi),Total,10,5486,2828,2658,48,33,15,13,8,5,11,5,6,961,518,443,71,43,28,77,45,32,32,16,16,4273,2160,2113
198,District-Sant Ravidas Nagar (Bhadohi),Total,11,3174,1558,1616,86,69,17,55,37,18,27,15,12,852,411,441,64,40,24,75,25,50,32,18,14,1983,943,1040
198,District-Sant Ravidas Nagar (Bhadohi),Total,12,4661,2310,2351,233,189,44,108,67,41,42,25,17,1427,667,760,139,84,55,117,63,54,59,27,32,2536,1188,1348
198,District-Sant Ravidas Nagar (Bhadohi),Total,13,3619,1646,1973,189,147,42,120,76,44,40,25,15,1282,577,705,104,58,46,115,49,66,45,26,19,1724,688,1036
198,District-Sant Ravidas Nagar (Bhadohi),Total,14,5276,2463,2813,374,295,79,274,189,85,116,76,40,1969,824,1145,211,150,61,185,86,99,74,33,41,2073,810,1263
198,District-Sant Ravidas Nagar (Bhadohi),Total,15,7383,3674,3709,744,615,129,463,330,133,180,103,77,2776,1223,1553,400,281,119,298,169,129,120,60,60,2402,893,1509
198,District-Sant Ravidas Nagar (Bhadohi),Total,16,8997,4267,4730,1029,839,190,750,525,225,314,199,115,3661,1422,2239,427,293,134,362,191,171,140,66,74,2314,732,1582
198,District-Sant Ravidas Nagar (Bhadohi),Total,17,8463,3986,4477,1184,997,187,776,562,214,309,191,118,3472,1261,2211,386,253,133,367,173,194,118,59,59,1851,490,1361
198,District-Sant Ravidas Nagar (Bhadohi),Total,18,17283,8187,9096,2854,2436,418,1814,1337,477,657,397,260,6766,2192,4574,870,592,278,732,351,381,262,97,165,3328,785,2543
198,District-Sant Ravidas Nagar (Bhadohi),Total,19,11232,4995,6237,1918,1642,276,1183,828,355,406,236,170,4466,1305,3161,538,360,178,456,198,258,170,58,112,2095,368,1727
198,District-Sant Ravidas Nagar (Bhadohi),Rural,5-19,131593,65263,66330,6650,5514,1136,4937,3471,1466,1905,1146,759,24474,9361,15113,2784,1737,1047,2751,1277,1474,1090,478,612,87002,42279,44723
198,District-Sant Ravidas Nagar (Bhadohi),Rural,5,33336,18011,15325,11,10,1,10,7,3,4,2,2,242,136,106,188,111,77,144,72,72,37,17,20,32700,17656,15044
198,District-Sant Ravidas Nagar (Bhadohi),Rural,6,22242,11579,10663,19,16,3,11,7,4,2,1,1,285,150,135,139,80,59,97,49,48,35,18,17,21654,11258,10396
198,District-Sant Ravidas Nagar (Bhadohi),Rural,7,7999,4046,3953,24,15,9,8,5,3,2,1,1,464,244,220,69,29,40,74,42,32,9,6,3,7349,3704,3645
198,District-Sant Ravidas Nagar (Bhadohi),Rural,8,5137,2627,2510,26,16,10,10,6,4,4,3,1,605,344,261,49,28,21,48,31,17,34,21,13,4361,2178,2183
198,District-Sant Ravidas Nagar (Bhadohi),Rural,9,2748,1318,1430,27,19,8,15,10,5,3,2,1,483,227,256,34,16,18,30,11,19,27,15,12,2129,1018,1111
198,District-Sant Ravidas Nagar (Bhadohi),Rural,10,4242,2146,2096,36,25,11,10,6,4,10,4,6,787,417,370,56,31,25,63,35,28,31,15,16,3249,1613,1636
198,District-Sant Ravidas Nagar (Bhadohi),Rural,11,2423,1184,1239,68,53,15,49,33,16,24,14,10,666,323,343,49,33,16,61,20,41,30,17,13,1476,691,785
198,District-Sant Ravidas Nagar (Bhadohi),Rural,12,3558,1699,1859,188,152,36,96,61,35,41,24,17,1147,529,618,99,63,36,100,51,49,53,24,29,1834,795,1039
198,District-Sant Ravidas Nagar (Bhadohi),Rural,13,2812,1255,1557,149,115,34,106,69,37,36,23,13,1026,452,574,79,42,37,100,41,59,42,23,19,1274,490,784
198,District-Sant Ravidas Nagar (Bhadohi),Rural,14,4071,1868,2203,274,220,54,241,169,72,109,74,35,1548,650,898,154,107,47,153,67,86,58,26,32,1534,555,979
198,District-Sant Ravidas Nagar (Bhadohi),Rural,15,5872,2860,3012,583,470,113,412,289,123,161,94,67,2230,980,1250,306,210,96,248,137,111,106,50,56,1826,630,1196
198,District-Sant Ravidas Nagar (Bhadohi),Rural,16,7055,3259,3796,767,624,143,659,456,203,277,172,105,2945,1124,1821,284,191,93,298,147,151,122,56,66,1703,489,1214
198,District-Sant Ravidas Nagar (Bhadohi),Rural,17,6851,3127,3724,892,744,148,674,479,195,282,174,108,2842,1020,1822,271,163,108,315,140,175,112,56,56,1463,351,1112
198,District-Sant Ravidas Nagar (Bhadohi),Rural,18,13976,6353,7623,2115,1786,329,1601,1169,432,589,352,237,5542,1737,3805,611,385,226,619,274,345,239,85,154,2660,565,2095
198,District-Sant Ravidas Nagar (Bhadohi),Rural,19,9271,3931,5340,1471,1249,222,1035,705,330,361,206,155,3662,1028,2634,396,248,148,401,160,241,155,49,106,1790,286,1504
198,District-Sant Ravidas Nagar (Bhadohi),Urban,5-19,28451,14994,13457,2142,1841,301,683,529,154,215,136,79,5811,2431,3380,984,723,261,490,316,174,115,63,52,18011,8955,9056
198,District-Sant Ravidas Nagar (Bhadohi),Urban,5,5083,2643,2440,3,3,0,1,1,0,0,0,0,101,47,54,25,16,9,19,14,5,2,0,2,4932,2562,2370
198,District-Sant Ravidas Nagar (Bhadohi),Urban,6,4033,2128,1905,3,2,1,2,1,1,0,0,0,104,60,44,28,15,13,12,5,7,4,2,2,3880,2043,1837
198,District-Sant Ravidas Nagar (Bhadohi),Urban,7,1731,872,859,3,1,2,1,1,0,0,0,0,113,48,65,7,2,5,17,8,9,3,1,2,1587,811,776
198,District-Sant Ravidas Nagar (Bhadohi),Urban,8,1410,729,681,8,7,1,4,3,1,1,1,0,135,73,62,11,5,6,10,6,4,1,0,1,1240,634,606
198,District-Sant Ravidas Nagar (Bhadohi),Urban,9,751,390,361,9,4,5,2,0,2,2,0,2,121,63,58,8,4,4,6,5,1,1,1,0,602,313,289
198,District-Sant Ravidas Nagar (Bhadohi),Urban,10,1244,682,562,12,8,4,3,2,1,1,1,0,174,101,73,15,12,3,14,10,4,1,1,0,1024,547,477
198,District-Sant Ravidas Nagar (Bhadohi),Urban,11,751,374,377,18,16,2,6,4,2,3,1,2,186,88,98,15,7,8,14,5,9,2,1,1,507,252,255
198,District-Sant Ravidas Nagar (Bhadohi),Urban,12,1103,611,492,45,37,8,12,6,6,1,1,0,280,138,142,40,21,19,17,12,5,6,3,3,702,393,309
198,District-Sant Ravidas Nagar (Bhadohi),Urban,13,807,391,416,40,32,8,14,7,7,4,2,2,256,125,131,25,16,9,15,8,7,3,3,0,450,198,252
198,District-Sant Ravidas Nagar (Bhadohi),Urban,14,1205,595,610,100,75,25,33,20,13,7,2,5,421,174,247,57,43,14,32,19,13,16,7,9,539,255,284
198,District-Sant Ravidas Nagar (Bhadohi),Urban,15,1511,814,697,161,145,16,51,41,10,19,9,10,546,243,303,94,71,23,50,32,18,14,10,4,576,263,313
198,District-Sant Ravidas Nagar (Bhadohi),Urban,16,1942,1008,934,262,215,47,91,69,22,37,27,10,716,298,418,143,102,41,64,44,20,18,10,8,611,243,368
198,District-Sant Ravidas Nagar (Bhadohi),Urban,17,1612,859,753,292,253,39,102,83,19,27,17,10,630,241,389,115,90,25,52,33,19,6,3,3,388,139,249
198,District-Sant Ravidas Nagar (Bhadohi),Urban,18,3307,1834,1473,739,650,89,213,168,45,68,45,23,1224,455,769,259,207,52,113,77,36,23,12,11,668,220,448
198,District-Sant Ravidas Nagar (Bhadohi),Urban,19,1961,1064,897,447,393,54,148,123,25,45,30,15,804,277,527,142,112,30,55,38,17,15,9,6,305,82,223
199,District-Mirzapur,Total,5-19,263446,137059,126387,17847,14551,3296,13639,9532,4107,3861,2478,1383,46541,20217,26324,8578,5263,3315,7631,3682,3949,2156,945,1211,163193,80391,82802
199,District-Mirzapur,Total,5,61817,32988,28829,29,24,5,15,12,3,3,1,2,422,235,187,600,341,259,459,257,202,67,31,36,60222,32087,28135
199,District-Mirzapur,Total,6,42902,22271,20631,26,19,7,19,11,8,2,2,0,551,315,236,473,267,206,356,195,161,52,22,30,41423,21440,19983
199,District-Mirzapur,Total,7,14775,7474,7301,64,41,23,38,22,16,7,4,3,856,438,418,200,114,86,170,86,84,37,22,15,13403,6747,6656
199,District-Mirzapur,Total,8,9997,4982,5015,82,59,23,39,19,20,7,4,3,1142,614,528,201,96,105,155,87,68,38,21,17,8333,4082,4251
199,District-Mirzapur,Total,9,5778,2812,2966,93,55,38,55,31,24,12,10,2,991,485,506,124,71,53,129,61,68,27,17,10,4347,2082,2265
199,District-Mirzapur,Total,10,8928,4580,4348,134,82,52,84,51,33,24,18,6,1607,854,753,257,143,114,200,99,101,78,46,32,6544,3287,3257
199,District-Mirzapur,Total,11,5421,2728,2693,225,161,64,150,96,54,38,19,19,1383,711,672,193,118,75,187,92,95,56,18,38,3189,1513,1676
199,District-Mirzapur,Total,12,7981,4035,3946,441,341,100,334,215,119,93,51,42,2476,1214,1262,352,205,147,317,158,159,117,57,60,3851,1794,2057
199,District-Mirzapur,Total,13,6627,3140,3487,465,340,125,361,226,135,132,74,58,2356,1080,1276,306,166,140,278,112,166,97,34,63,2632,1108,1524
199,District-Mirzapur,Total,14,9228,4529,4699,820,624,196,667,407,260,241,147,94,3587,1666,1921,441,263,178,397,189,208,146,59,87,2929,1174,1755
199,District-Mirzapur,Total,15,13346,7196,6150,1624,1306,318,1285,902,383,403,243,160,4878,2297,2581,798,548,250,659,375,284,232,117,115,3467,1408,2059
199,District-Mirzapur,Total,16,15270,8169,7101,2241,1825,416,1833,1298,535,551,364,187,5678,2533,3145,861,569,292,794,372,422,242,112,130,3070,1096,1974
199,District-Mirzapur,Total,17,13820,7466,6354,2294,1861,433,1879,1369,510,550,358,192,4928,2094,2834,821,535,286,725,381,344,205,92,113,2418,776,1642
199,District-Mirzapur,Total,18,28899,15480,13419,5615,4773,842,4196,3039,1157,1138,755,383,9478,3594,5884,1754,1152,602,1715,780,935,467,185,282,4536,1202,3334
199,District-Mirzapur,Total,19,18657,9209,9448,3694,3040,654,2684,1834,850,660,428,232,6208,2087,4121,1197,675,522,1090,438,652,295,112,183,2829,595,2234
199,District-Mirzapur,Rural,5-19,225653,116586,109067,15123,12298,2825,12330,8557,3773,3554,2247,1307,38141,16309,21832,6920,4062,2858,6578,3020,3558,1947,802,1145,141060,69291,71769
199,District-Mirzapur,Rural,5,55546,29602,25944,20,16,4,9,8,1,3,1,2,317,180,137,474,261,213,366,207,159,60,26,34,54297,28903,25394
199,District-Mirzapur,Rural,6,38175,19789,18386,21,17,4,16,8,8,2,2,0,448,261,187,393,222,171,279,152,127,44,17,27,36972,19110,17862
199,District-Mirzapur,Rural,7,12614,6365,6249,52,33,19,26,16,10,7,4,3,699,350,349,142,81,61,133,66,67,33,18,15,11522,5797,5725
199,District-Mirzapur,Rural,8,8327,4128,4199,62,45,17,32,16,16,5,3,2,939,504,435,170,81,89,124,67,57,35,18,17,6960,3394,3566
199,District-Mirzapur,Rural,9,4625,2234,2391,78,46,32,40,23,17,9,7,2,790,384,406,91,52,39,99,43,56,23,15,8,3495,1664,1831
199,District-Mirzapur,Rural,10,7161,3603,3558,106,65,41,69,42,27,22,16,6,1295,671,624,183,96,87,159,69,90,70,42,28,5257,2602,2655
199,District-Mirzapur,Rural,11,4316,2125,2191,176,129,47,123,81,42,33,15,18,1125,576,549,151,85,66,147,66,81,54,18,36,2507,1155,1352
199,District-Mirzapur,Rural,12,6427,3164,3263,370,285,85,302,192,110,84,44,40,2023,967,1056,302,172,130,270,129,141,109,52,57,2967,1323,1644
199,District-Mirzapur,Rural,13,5371,2492,2879,388,281,107,320,194,126,122,67,55,1943,878,1065,262,133,129,235,83,152,91,30,61,2010,826,1184
199,District-Mirzapur,Rural,14,7569,3681,3888,687,520,167,600,362,238,219,131,88,2974,1380,1594,357,207,150,345,159,186,130,51,79,2257,871,1386
199,District-Mirzapur,Rural,15,11137,6004,5133,1386,1121,265,1179,826,353,368,218,150,4067,1922,2145,655,440,215,574,314,260,212,105,107,2696,1058,1638
199,District-Mirzapur,Rural,16,12745,6782,5963,1918,1552,366,1675,1184,491,511,335,176,4713,2086,2627,681,437,244,693,314,379,216,92,124,2338,782,1556
199,District-Mirzapur,Rural,17,11451,6107,5344,1905,1551,354,1700,1238,462,511,325,186,3998,1649,2349,654,408,246,634,323,311,181,78,103,1868,535,1333
199,District-Mirzapur,Rural,18,24460,12899,11561,4790,4050,740,3831,2751,1080,1056,697,359,7771,2863,4908,1403,858,545,1552,673,879,427,152,275,3630,855,2775
199,District-Mirzapur,Rural,19,15729,7611,8118,3164,2587,577,2408,1616,792,602,382,220,5039,1638,3401,1002,529,473,968,355,613,262,88,174,2284,416,1868
199,District-Mirzapur,Urban,5-19,37793,20473,17320,2724,2253,471,1309,975,334,307,231,76,8400,3908,4492,1658,1201,457,1053,662,391,209,143,66,22133,11100,11033
199,District-Mirzapur,Urban,5,6271,3386,2885,9,8,1,6,4,2,0,0,0,105,55,50,126,80,46,93,50,43,7,5,2,5925,3184,2741
199,District-Mirzapur,Urban,6,4727,2482,2245,5,2,3,3,3,0,0,0,0,103,54,49,80,45,35,77,43,34,8,5,3,4451,2330,2121
199,District-Mirzapur,Urban,7,2161,1109,1052,12,8,4,12,6,6,0,0,0,157,88,69,58,33,25,37,20,17,4,4,0,1881,950,931
199,District-Mirzapur,Urban,8,1670,854,816,20,14,6,7,3,4,2,1,1,203,110,93,31,15,16,31,20,11,3,3,0,1373,688,685
199,District-Mirzapur,Urban,9,1153,578,575,15,9,6,15,8,7,3,3,0,201,101,100,33,19,14,30,18,12,4,2,2,852,418,434
199,District-Mirzapur,Urban,10,1767,977,790,28,17,11,15,9,6,2,2,0,312,183,129,74,47,27,41,30,11,8,4,4,1287,685,602
199,District-Mirzapur,Urban,11,1105,603,502,49,32,17,27,15,12,5,4,1,258,135,123,42,33,9,40,26,14,2,0,2,682,358,324
199,District-Mirzapur,Urban,12,1554,871,683,71,56,15,32,23,9,9,7,2,453,247,206,50,33,17,47,29,18,8,5,3,884,471,413
199,District-Mirzapur,Urban,13,1256,648,608,77,59,18,41,32,9,10,7,3,413,202,211,44,33,11,43,29,14,6,4,2,622,282,340
199,District-Mirzapur,Urban,14,1659,848,811,133,104,29,67,45,22,22,16,6,613,286,327,84,56,28,52,30,22,16,8,8,672,303,369
199,District-Mirzapur,Urban,15,2209,1192,1017,238,185,53,106,76,30,35,25,10,811,375,436,143,108,35,85,61,24,20,12,8,771,350,421
199,District-Mirzapur,Urban,16,2525,1387,1138,323,273,50,158,114,44,40,29,11,965,447,518,180,132,48,101,58,43,26,20,6,732,314,418
199,District-Mirzapur,Urban,17,2369,1359,1010,389,310,79,179,131,48,39,33,6,930,445,485,167,127,40,91,58,33,24,14,10,550,241,309
199,District-Mirzapur,Urban,18,4439,2581,1858,825,723,102,365,288,77,82,58,24,1707,731,976,351,294,57,163,107,56,40,33,7,906,347,559
199,District-Mirzapur,Urban,19,2928,1598,1330,530,453,77,276,218,58,58,46,12,1169,449,720,195,146,49,122,83,39,33,24,9,545,179,366
200,District-Sonbhadra,Total,5-19,224476,112310,112166,11491,8844,2647,12348,8136,4212,4476,2726,1750,35528,17313,18215,7119,3484,3635,9400,3710,5690,3693,1350,2343,140421,66747,73674
200,District-Sonbhadra,Total,5,45877,23979,21898,14,9,5,24,18,6,7,5,2,293,160,133,361,186,175,387,193,194,113,59,54,44678,23349,21329
200,District-Sonbhadra,Total,6,32210,16350,15860,13,6,7,22,14,8,5,1,4,443,215,228,272,157,115,289,155,134,103,57,46,31063,15745,15318
200,District-Sonbhadra,Total,7,13600,6647,6953,52,33,19,43,25,18,7,1,6,710,354,356,151,77,74,180,74,106,79,35,44,12378,6048,6330
200,District-Sonbhadra,Total,8,11729,5659,6070,53,34,19,43,20,23,11,6,5,981,507,474,146,63,83,180,91,89,88,40,48,10227,4898,5329
200,District-Sonbhadra,Total,9,6799,3165,3634,69,42,27,59,38,21,19,10,9,845,455,390,132,65,67,161,64,97,106,45,61,5408,2446,2962
200,District-Sonbhadra,Total,10,10295,4828,5467,98,55,43,117,62,55,52,22,30,1586,846,740,191,100,91,280,120,160,151,69,82,7820,3554,4266
200,District-Sonbhadra,Total,11,5999,2801,3198,142,103,39,156,80,76,61,35,26,1383,727,656,156,71,85,254,106,148,135,50,85,3712,1629,2083
200,District-Sonbhadra,Total,12,9365,4337,5028,326,232,94,385,239,146,162,81,81,2480,1294,1186,318,149,169,470,183,287,232,94,138,4992,2065,2927
200,District-Sonbhadra,Total,13,6918,3209,3709,324,248,76,372,211,161,208,110,98,2214,1115,1099,281,121,160,361,152,209,189,67,122,2969,1185,1784
200,District-Sonbhadra,Total,14,9258,4453,4805,569,405,164,715,442,273,355,205,150,3178,1611,1567,385,203,182,563,219,344,276,95,181,3217,1273,1944
200,District-Sonbhadra,Total,15,12379,6316,6063,1098,808,290,1227,805,422,608,355,253,3941,2059,1882,666,367,299,908,429,479,389,136,253,3542,1357,2185
200,District-Sonbhadra,Total,16,12833,6652,6181,1356,1029,327,1596,1064,532,652,410,242,4207,2139,2068,669,347,322,975,418,557,368,143,225,3010,1102,1908
200,District-Sonbhadra,Total,17,11047,5863,5184,1524,1227,297,1616,1106,510,598,393,205,3386,1664,1722,727,376,351,902,357,545,335,106,229,1959,634,1325
200,District-Sonbhadra,Total,18,21853,11442,10411,3408,2742,666,3636,2563,1073,1045,676,369,6126,2760,3366,1561,745,816,1988,736,1252,667,229,438,3422,991,2431
200,District-Sonbhadra,Total,19,14314,6609,7705,2445,1871,574,2337,1449,888,686,416,270,3755,1407,2348,1103,457,646,1502,413,1089,462,125,337,2024,471,1553
200,District-Sonbhadra,Rural,5-19,202681,100900,101781,10276,7793,2483,11912,7809,4103,4382,2653,1729,29828,14670,15158,6598,3151,3447,9134,3550,5584,3647,1326,2321,126904,59948,66956
200,District-Sonbhadra,Rural,5,41370,21578,19792,12,8,4,22,17,5,7,5,2,239,133,106,318,167,151,348,172,176,111,58,53,40313,21018,19295
200,District-Sonbhadra,Rural,6,28773,14539,14234,13,6,7,21,14,7,5,1,4,379,185,194,233,133,100,261,139,122,102,57,45,27759,14004,13755
200,District-Sonbhadra,Rural,7,12280,5983,6297,48,29,19,40,22,18,7,1,6,583,291,292,140,74,66,160,65,95,79,35,44,11223,5466,5757
200,District-Sonbhadra,Rural,8,10785,5192,5593,49,31,18,41,19,22,11,6,5,827,436,391,135,55,80,175,88,87,86,38,48,9461,4519,4942
200,District-Sonbhadra,Rural,9,6189,2861,3328,62,38,24,55,35,20,19,10,9,698,377,321,120,57,63,158,63,95,105,44,61,4972,2237,2735
200,District-Sonbhadra,Rural,10,9455,4386,5069,89,47,42,111,61,50,52,22,30,1377,736,641,176,92,84,274,117,157,150,69,81,7226,3242,3984
200,District-Sonbhadra,Rural,11,5380,2474,2906,114,82,32,149,75,74,59,34,25,1183,619,564,143,61,82,246,102,144,134,50,84,3352,1451,1901
200,District-Sonbhadra,Rural,12,8625,3962,4663,283,196,87,373,229,144,161,80,81,2186,1149,1037,302,140,162,461,178,283,231,93,138,4628,1897,2731
200,District-Sonbhadra,Rural,13,6318,2897,3421,285,216,69,360,202,158,206,108,98,1964,988,976,266,112,154,349,143,206,188,67,121,2700,1061,1639
200,District-Sonbhadra,Rural,14,8424,4032,4392,516,361,155,694,428,266,348,200,148,2779,1418,1361,364,189,175,554,214,340,274,95,179,2895,1127,1768
200,District-Sonbhadra,Rural,15,11296,5735,5561,991,718,273,1188,780,408,598,350,248,3439,1809,1630,612,328,284,885,412,473,385,136,249,3198,1202,1996
200,District-Sonbhadra,Rural,16,11631,6007,5624,1233,921,312,1550,1031,519,637,397,240,3612,1852,1760,621,314,307,958,409,549,361,139,222,2659,944,1715
200,District-Sonbhadra,Rural,17,9879,5240,4639,1362,1090,272,1555,1056,499,584,383,201,2765,1381,1384,679,345,334,884,344,540,329,104,225,1721,537,1184
200,District-Sonbhadra,Rural,18,19785,10308,9477,3076,2442,634,3525,2476,1049,1024,657,367,5023,2268,2755,1473,683,790,1947,705,1242,657,221,436,3060,856,2204
200,District-Sonbhadra,Rural,19,12491,5706,6785,2143,1608,535,2228,1364,864,664,399,265,2774,1028,1746,1016,401,615,1474,399,1075,455,120,335,1737,387,1350
200,District-Sonbhadra,Urban,5-19,21795,11410,10385,1215,1051,164,436,327,109,94,73,21,5700,2643,3057,521,333,188,266,160,106,46,24,22,13517,6799,6718
200,District-Sonbhadra,Urban,5,4507,2401,2106,2,1,1,2,1,1,0,0,0,54,27,27,43,19,24,39,21,18,2,1,1,4365,2331,2034
200,District-Sonbhadra,Urban,6,3437,1811,1626,0,0,0,1,0,1,0,0,0,64,30,34,39,24,15,28,16,12,1,0,1,3304,1741,1563
200,District-Sonbhadra,Urban,7,1320,664,656,4,4,0,3,3,0,0,0,0,127,63,64,11,3,8,20,9,11,0,0,0,1155,582,573
200,District-Sonbhadra,Urban,8,944,467,477,4,3,1,2,1,1,0,0,0,154,71,83,11,8,3,5,3,2,2,2,0,766,379,387
200,District-Sonbhadra,Urban,9,610,304,306,7,4,3,4,3,1,0,0,0,147,78,69,12,8,4,3,1,2,1,1,0,436,209,227
200,District-Sonbhadra,Urban,10,840,442,398,9,8,1,6,1,5,0,0,0,209,110,99,15,8,7,6,3,3,1,0,1,594,312,282
200,District-Sonbhadra,Urban,11,619,327,292,28,21,7,7,5,2,2,1,1,200,108,92,13,10,3,8,4,4,1,0,1,360,178,182
200,District-Sonbhadra,Urban,12,740,375,365,43,36,7,12,10,2,1,1,0,294,145,149,16,9,7,9,5,4,1,1,0,364,168,196
200,District-Sonbhadra,Urban,13,600,312,288,39,32,7,12,9,3,2,2,0,250,127,123,15,9,6,12,9,3,1,0,1,269,124,145
200,District-Sonbhadra,Urban,14,834,421,413,53,44,9,21,14,7,7,5,2,399,193,206,21,14,7,9,5,4,2,0,2,322,146,176
200,District-Sonbhadra,Urban,15,1083,581,502,107,90,17,39,25,14,10,5,5,502,250,252,54,39,15,23,17,6,4,0,4,344,155,189
200,District-Sonbhadra,Urban,16,1202,645,557,123,108,15,46,33,13,15,13,2,595,287,308,48,33,15,17,9,8,7,4,3,351,158,193
200,District-Sonbhadra,Urban,17,1168,623,545,162,137,25,61,50,11,14,10,4,621,283,338,48,31,17,18,13,5,6,2,4,238,97,141
200,District-Sonbhadra,Urban,18,2068,1134,934,332,300,32,111,87,24,21,19,2,1103,492,611,88,62,26,41,31,10,10,8,2,362,135,227
200,District-Sonbhadra,Urban,19,1823,903,920,302,263,39,109,85,24,22,17,5,981,379,602,87,56,31,28,14,14,7,5,2,287,84,203
201,District-Etah,Total,5-19,197850,101426,96424,15152,13409,1743,6574,4695,1879,1761,1093,668,39128,13864,25264,7118,5380,1738,4126,2441,1685,1172,648,524,122819,59896,62923
201,District-Etah,Total,5,37691,20219,17472,32,24,8,5,3,2,1,0,1,251,146,105,365,202,163,274,137,137,51,29,22,36712,19678,17034
201,District-Etah,Total,6,27430,14493,12937,15,11,4,7,3,4,0,0,0,353,176,177,252,130,122,243,117,126,40,22,18,26520,14034,12486
201,District-Etah,Total,7,10389,5321,5068,37,29,8,18,10,8,4,3,1,522,272,250,161,89,72,76,48,28,32,21,11,9539,4849,4690
201,District-Etah,Total,8,8531,4419,4112,45,24,21,14,10,4,6,3,3,655,363,292,141,77,64,85,52,33,37,22,15,7548,3868,3680
201,District-Etah,Total,9,5194,2686,2508,60,38,22,18,10,8,7,6,1,601,333,268,116,75,41,81,41,40,22,14,8,4289,2169,2120
201,District-Etah,Total,10,9057,4676,4381,89,59,30,35,23,12,11,6,5,976,526,450,193,117,76,161,94,67,59,27,32,7533,3824,3709
201,District-Etah,Total,11,5340,2678,2662,175,131,44,81,50,31,9,5,4,961,473,488,189,132,57,93,60,33,34,20,14,3798,1807,1991
201,District-Etah,Total,12,6326,3228,3098,312,257,55,118,77,41,47,35,12,1621,737,884,252,185,67,183,105,78,71,49,22,3722,1783,1939
201,District-Etah,Total,13,5378,2555,2823,308,254,54,140,81,59,54,37,17,1626,688,938,239,153,86,172,93,79,62,29,33,2777,1220,1557
201,District-Etah,Total,14,7832,3741,4091,620,528,92,283,185,98,115,62,53,2762,1082,1680,403,299,104,257,157,100,80,43,37,3312,1385,1927
201,District-Etah,Total,15,10995,5409,5586,1248,1109,139,579,422,157,187,99,88,4089,1517,2572,693,563,130,385,231,154,119,70,49,3695,1398,2297
201,District-Etah,Total,16,12501,6277,6224,1657,1476,181,835,596,239,282,185,97,4949,1690,3259,826,668,158,427,278,149,134,79,55,3391,1305,2086
201,District-Etah,Total,17,11767,5872,5895,2036,1798,238,943,691,252,253,148,105,4778,1535,3243,692,591,101,404,249,155,107,62,45,2554,798,1756
201,District-Etah,Total,18,24244,12508,11736,5058,4596,462,2126,1553,573,473,302,171,9219,2829,6390,1703,1400,303,818,512,306,217,111,106,4630,1205,3425
201,District-Etah,Total,19,15175,7344,7831,3460,3075,385,1372,981,391,312,202,110,5765,1497,4268,893,699,194,467,267,200,107,50,57,2799,573,2226
201,District-Etah,Rural,5-19,168438,85823,82615,13538,12007,1531,5962,4235,1727,1669,1026,643,33339,11391,21948,5842,4367,1475,3487,2029,1458,1099,599,500,103502,50169,53333
201,District-Etah,Rural,5,33057,17744,15313,28,24,4,5,3,2,1,0,1,212,122,90,300,166,134,253,125,128,51,29,22,32207,17275,14932
201,District-Etah,Rural,6,23809,12596,11213,13,9,4,6,2,4,0,0,0,317,158,159,212,108,104,216,105,111,40,22,18,23005,12192,10813
201,District-Etah,Rural,7,8819,4482,4337,28,23,5,15,9,6,4,3,1,428,217,211,134,75,59,71,46,25,32,21,11,8107,4088,4019
201,District-Etah,Rural,8,7178,3710,3468,38,19,19,10,7,3,4,2,2,541,301,240,129,72,57,78,49,29,36,22,14,6342,3238,3104
201,District-Etah,Rural,9,4226,2164,2062,52,34,18,17,9,8,7,6,1,478,268,210,100,66,34,73,38,35,22,14,8,3477,1729,1748
201,District-Etah,Rural,10,7627,3905,3722,82,56,26,28,16,12,10,6,4,805,426,379,164,104,60,145,85,60,57,27,30,6336,3185,3151
201,District-Etah,Rural,11,4265,2112,2153,145,109,36,65,36,29,9,5,4,780,389,391,157,106,51,81,49,32,34,20,14,2994,1398,1596
201,District-Etah,Rural,12,5101,2552,2549,286,235,51,108,69,39,44,32,12,1367,598,769,217,159,58,158,93,65,67,46,21,2854,1320,1534
201,District-Etah,Rural,13,4312,1990,2322,264,220,44,122,70,52,50,33,17,1360,553,807,194,123,71,142,74,68,58,26,32,2122,891,1231
201,District-Etah,Rural,14,6410,2995,3415,544,466,78,247,160,87,111,61,50,2374,904,1470,332,242,90,210,127,83,72,37,35,2520,998,1522
201,District-Etah,Rural,15,9219,4473,4746,1105,985,120,524,380,144,177,92,85,3513,1268,2245,571,461,110,313,186,127,107,61,46,2909,1040,1869
201,District-Etah,Rural,16,10531,5210,5321,1455,1301,154,764,552,212,265,172,93,4290,1411,2879,667,529,138,343,227,116,127,73,54,2620,945,1675
201,District-Etah,Rural,17,9963,4919,5044,1798,1588,210,859,624,235,235,135,100,4106,1273,2833,560,475,85,323,198,125,100,59,41,1982,567,1415
201,District-Etah,Rural,18,20890,10696,10194,4600,4184,416,1918,1388,530,450,283,167,7910,2319,5591,1378,1121,257,683,410,273,201,99,102,3750,892,2858
201,District-Etah,Rural,19,13031,6275,6756,3100,2754,346,1274,910,364,302,196,106,4858,1184,3674,727,560,167,398,217,181,95,43,52,2277,411,1866
201,District-Etah,Urban,5-19,29412,15603,13809,1614,1402,212,612,460,152,92,67,25,5789,2473,3316,1276,1013,263,639,412,227,73,49,24,19317,9727,9590
201,District-Etah,Urban,5,4634,2475,2159,4,0,4,0,0,0,0,0,0,39,24,15,65,36,29,21,12,9,0,0,0,4505,2403,2102
201,District-Etah,Urban,6,3621,1897,1724,2,2,0,1,1,0,0,0,0,36,18,18,40,22,18,27,12,15,0,0,0,3515,1842,1673
201,District-Etah,Urban,7,1570,839,731,9,6,3,3,1,2,0,0,0,94,55,39,27,14,13,5,2,3,0,0,0,1432,761,671
201,District-Etah,Urban,8,1353,709,644,7,5,2,4,3,1,2,1,1,114,62,52,12,5,7,7,3,4,1,0,1,1206,630,576
201,District-Etah,Urban,9,968,522,446,8,4,4,1,1,0,0,0,0,123,65,58,16,9,7,8,3,5,0,0,0,812,440,372
201,District-Etah,Urban,10,1430,771,659,7,3,4,7,7,0,1,0,1,171,100,71,29,13,16,16,9,7,2,0,2,1197,639,558
201,District-Etah,Urban,11,1075,566,509,30,22,8,16,14,2,0,0,0,181,84,97,32,26,6,12,11,1,0,0,0,804,409,395
201,District-Etah,Urban,12,1225,676,549,26,22,4,10,8,2,3,3,0,254,139,115,35,26,9,25,12,13,4,3,1,868,463,405
201,District-Etah,Urban,13,1066,565,501,44,34,10,18,11,7,4,4,0,266,135,131,45,30,15,30,19,11,4,3,1,655,329,326
201,District-Etah,Urban,14,1422,746,676,76,62,14,36,25,11,4,1,3,388,178,210,71,57,14,47,30,17,8,6,2,792,387,405
201,District-Etah,Urban,15,1776,936,840,143,124,19,55,42,13,10,7,3,576,249,327,122,102,20,72,45,27,12,9,3,786,358,428
201,District-Etah,Urban,16,1970,1067,903,202,175,27,71,44,27,17,13,4,659,279,380,159,139,20,84,51,33,7,6,1,771,360,411
201,District-Etah,Urban,17,1804,953,851,238,210,28,84,67,17,18,13,5,672,262,410,132,116,16,81,51,30,7,3,4,572,231,341
201,District-Etah,Urban,18,3354,1812,1542,458,412,46,208,165,43,23,19,4,1309,510,799,325,279,46,135,102,33,16,12,4,880,313,567
201,District-Etah,Urban,19,2144,1069,1075,360,321,39,98,71,27,10,6,4,907,313,594,166,139,27,69,50,19,12,7,5,522,162,360
202,District-Kanshiram Nagar,Total,5-19,228053,117032,111021,17276,15550,1726,7695,5405,2290,2467,1277,1190,34779,11424,23355,10650,8414,2236,5744,3302,2442,2058,897,1161,147384,70763,76621
202,District-Kanshiram Nagar,Total,5,35585,19196,16389,35,31,4,8,8,0,2,1,1,124,64,60,161,106,55,88,45,43,27,17,10,35140,18924,16216
202,District-Kanshiram Nagar,Total,6,30190,15876,14314,16,13,3,7,5,2,2,1,1,161,80,81,109,60,49,71,35,36,43,24,19,29781,15658,14123
202,District-Kanshiram Nagar,Total,7,13779,7109,6670,32,26,6,9,7,2,1,0,1,339,161,178,84,37,47,54,28,26,30,12,18,13230,6838,6392
202,District-Kanshiram Nagar,Total,8,10573,5430,5143,24,19,5,11,7,4,3,1,2,439,228,211,99,57,42,63,32,31,29,11,18,9905,5075,4830
202,District-Kanshiram Nagar,Total,9,7589,3901,3688,39,34,5,19,10,9,5,2,3,528,270,258,82,49,33,60,34,26,34,18,16,6822,3484,3338
202,District-Kanshiram Nagar,Total,10,11433,5763,5670,87,63,24,36,21,15,26,16,10,998,487,511,199,131,68,167,84,83,86,42,44,9834,4919,4915
202,District-Kanshiram Nagar,Total,11,7124,3570,3554,146,128,18,68,40,28,27,16,11,978,452,526,167,124,43,136,76,60,63,34,29,5539,2700,2839
202,District-Kanshiram Nagar,Total,12,9093,4529,4564,341,289,52,148,95,53,82,42,40,1863,822,1041,361,251,110,277,149,128,139,83,56,5882,2798,3084
202,District-Kanshiram Nagar,Total,13,7691,3714,3977,369,309,60,198,120,78,111,49,62,1959,781,1178,393,274,119,272,154,118,128,62,66,4261,1965,2296
202,District-Kanshiram Nagar,Total,14,10847,5143,5704,794,668,126,481,300,181,211,105,106,3139,1189,1950,689,508,181,448,251,197,185,79,106,4900,2043,2857
202,District-Kanshiram Nagar,Total,15,14111,6941,7170,1519,1328,191,850,545,305,336,157,179,4188,1513,2675,1157,935,222,688,415,273,259,123,136,5114,1925,3189
202,District-Kanshiram Nagar,Total,16,16133,8088,8045,2314,2039,275,1184,848,336,417,220,197,4942,1596,3346,1459,1164,295,811,480,331,252,101,151,4754,1640,3114
202,District-Kanshiram Nagar,Total,17,13099,6574,6525,2354,2119,235,1135,800,335,331,164,167,3896,1094,2802,1249,1025,224,605,357,248,194,74,120,3335,941,2394
202,District-Kanshiram Nagar,Total,18,25873,13822,12051,5801,5336,465,2345,1749,596,606,340,266,6988,1772,5216,2944,2467,477,1328,774,554,389,143,246,5472,1241,4231
202,District-Kanshiram Nagar,Total,19,14933,7376,7557,3405,3148,257,1196,850,346,307,163,144,4237,915,3322,1497,1226,271,676,388,288,200,74,126,3415,612,2803
202,District-Kanshiram Nagar,Rural,5-19,181766,93002,88764,14830,13634,1196,6878,4805,2073,2301,1159,1142,27998,8675,19323,8039,6559,1480,4674,2667,2007,1803,719,1084,115243,54784,60459
202,District-Kanshiram Nagar,Rural,5,29718,16093,13625,26,23,3,6,6,0,2,1,1,92,46,46,131,86,45,65,35,30,25,17,8,29371,15879,13492
202,District-Kanshiram Nagar,Rural,6,24888,13039,11849,13,10,3,5,4,1,2,1,1,122,60,62,79,43,36,59,30,29,42,23,19,24566,12868,11698
202,District-Kanshiram Nagar,Rural,7,10929,5613,5316,22,17,5,8,6,2,1,0,1,257,127,130,63,25,38,44,21,23,30,12,18,10504,5405,5099
202,District-Kanshiram Nagar,Rural,8,8128,4148,3980,18,15,3,11,7,4,3,1,2,328,166,162,83,51,32,57,28,29,27,9,18,7601,3871,3730
202,District-Kanshiram Nagar,Rural,9,5744,2936,2808,34,29,5,17,8,9,3,1,2,402,207,195,64,40,24,51,30,21,32,16,16,5141,2605,2536
202,District-Kanshiram Nagar,Rural,10,8762,4397,4365,72,55,17,32,19,13,26,16,10,804,389,415,150,104,46,146,71,75,78,37,41,7454,3706,3748
202,District-Kanshiram Nagar,Rural,11,5367,2671,2696,119,107,12,61,35,26,23,12,11,779,369,410,122,91,31,118,68,50,59,31,28,4086,1958,2128
202,District-Kanshiram Nagar,Rural,12,6866,3336,3530,290,254,36,137,87,50,81,42,39,1518,646,872,270,199,71,227,121,106,126,73,53,4217,1914,2303
202,District-Kanshiram Nagar,Rural,13,5790,2742,3048,323,277,46,173,106,67,109,47,62,1587,615,972,282,206,76,222,129,93,122,58,64,2972,1304,1668
202,District-Kanshiram Nagar,Rural,14,8344,3870,4474,647,558,89,440,271,169,198,96,102,2608,949,1659,511,393,118,365,208,157,168,69,99,3407,1326,2081
202,District-Kanshiram Nagar,Rural,15,11290,5486,5804,1330,1187,143,775,498,277,317,143,174,3504,1191,2313,877,734,143,561,340,221,226,101,125,3700,1292,2408
202,District-Kanshiram Nagar,Rural,16,12831,6432,6399,2000,1820,180,1077,779,298,391,200,191,4086,1223,2863,1079,898,181,666,395,271,222,80,142,3310,1037,2273
202,District-Kanshiram Nagar,Rural,17,10385,5177,5208,2025,1859,166,1016,709,307,313,155,158,3088,770,2318,966,810,156,476,277,199,163,52,111,2338,545,1793
202,District-Kanshiram Nagar,Rural,18,20874,11223,9651,5025,4714,311,2079,1542,537,557,302,255,5581,1300,4281,2205,1914,291,1086,629,457,323,94,229,4018,728,3290
202,District-Kanshiram Nagar,Rural,19,11850,5839,6011,2886,2709,177,1041,728,313,275,142,133,3242,617,2625,1157,965,192,531,285,246,160,47,113,2558,346,2212
202,District-Kanshiram Nagar,Urban,5-19,46287,24030,22257,2446,1916,530,817,600,217,166,118,48,6781,2749,4032,2611,1855,756,1070,635,435,255,178,77,32141,15979,16162
202,District-Kanshiram Nagar,Urban,5,5867,3103,2764,9,8,1,2,2,0,0,0,0,32,18,14,30,20,10,23,10,13,2,0,2,5769,3045,2724
202,District-Kanshiram Nagar,Urban,6,5302,2837,2465,3,3,0,2,1,1,0,0,0,39,20,19,30,17,13,12,5,7,1,1,0,5215,2790,2425
202,District-Kanshiram Nagar,Urban,7,2850,1496,1354,10,9,1,1,1,0,0,0,0,82,34,48,21,12,9,10,7,3,0,0,0,2726,1433,1293
202,District-Kanshiram Nagar,Urban,8,2445,1282,1163,6,4,2,0,0,0,0,0,0,111,62,49,16,6,10,6,4,2,2,2,0,2304,1204,1100
202,District-Kanshiram Nagar,Urban,9,1845,965,880,5,5,0,2,2,0,2,1,1,126,63,63,18,9,9,9,4,5,2,2,0,1681,879,802
202,District-Kanshiram Nagar,Urban,10,2671,1366,1305,15,8,7,4,2,2,0,0,0,194,98,96,49,27,22,21,13,8,8,5,3,2380,1213,1167
202,District-Kanshiram Nagar,Urban,11,1757,899,858,27,21,6,7,5,2,4,4,0,199,83,116,45,33,12,18,8,10,4,3,1,1453,742,711
202,District-Kanshiram Nagar,Urban,12,2227,1193,1034,51,35,16,11,8,3,1,0,1,345,176,169,91,52,39,50,28,22,13,10,3,1665,884,781
202,District-Kanshiram Nagar,Urban,13,1901,972,929,46,32,14,25,14,11,2,2,0,372,166,206,111,68,43,50,25,25,6,4,2,1289,661,628
202,District-Kanshiram Nagar,Urban,14,2503,1273,1230,147,110,37,41,29,12,13,9,4,531,240,291,178,115,63,83,43,40,17,10,7,1493,717,776
202,District-Kanshiram Nagar,Urban,15,2821,1455,1366,189,141,48,75,47,28,19,14,5,684,322,362,280,201,79,127,75,52,33,22,11,1414,633,781
202,District-Kanshiram Nagar,Urban,16,3302,1656,1646,314,219,95,107,69,38,26,20,6,856,373,483,380,266,114,145,85,60,30,21,9,1444,603,841
202,District-Kanshiram Nagar,Urban,17,2714,1397,1317,329,260,69,119,91,28,18,9,9,808,324,484,283,215,68,129,80,49,31,22,9,997,396,601
202,District-Kanshiram Nagar,Urban,18,4999,2599,2400,776,622,154,266,207,59,49,38,11,1407,472,935,739,553,186,242,145,97,66,49,17,1454,513,941
202,District-Kanshiram Nagar,Urban,19,3083,1537,1546,519,439,80,155,122,33,32,21,11,995,298,697,340,261,79,145,103,42,40,27,13,857,266,591
