327,District-Darjiling ,Total,5-19,116799,59544,57255,12000,9679,2321,5917,3813,2104,2230,1386,844,36108,14775,21333,3676,2362,1314,1789,913,876,551,271,280,54528,26345,28183
327,District-Darjiling ,Total,5,19943,10244,9699,8,7,1,8,2,6,1,1,0,276,144,132,106,57,49,114,55,59,4,0,4,19426,9978,9448
327,District-Darjiling ,Total,6,14489,7543,6946,10,6,4,10,3,7,0,0,0,339,175,164,61,35,26,70,41,29,4,2,2,13995,7281,6714
327,District-Darjiling ,Total,7,5209,2652,2557,18,12,6,11,6,5,2,1,1,364,172,192,32,16,16,37,23,14,4,0,4,4741,2422,2319
327,District-Darjiling ,Total,8,2383,1218,1165,30,24,6,10,8,2,2,1,1,378,171,207,25,18,7,20,12,8,2,1,1,1916,983,933
327,District-Darjiling ,Total,9,1816,882,934,24,10,14,11,4,7,1,0,1,442,226,216,18,9,9,16,6,10,2,2,0,1302,625,677
327,District-Darjiling ,Total,10,2356,1202,1154,37,19,18,22,12,10,4,1,3,550,284,266,34,20,14,30,14,16,4,4,0,1675,848,827
327,District-Darjiling ,Total,11,2093,1063,1030,120,89,31,58,38,20,13,6,7,738,370,368,62,31,31,22,8,14,9,4,5,1071,517,554
327,District-Darjiling ,Total,12,2763,1422,1341,220,169,51,93,58,35,39,21,18,1115,528,587,103,63,40,50,23,27,18,7,11,1125,553,572
327,District-Darjiling ,Total,13,3131,1658,1473,297,224,73,148,95,53,50,26,24,1429,741,688,121,68,53,78,41,37,26,16,10,982,447,535
327,District-Darjiling ,Total,14,4419,2328,2091,515,394,121,264,181,83,97,69,28,2116,1016,1100,209,134,75,102,56,46,44,19,25,1072,459,613
327,District-Darjiling ,Total,15,6543,3501,3042,873,670,203,515,337,178,200,127,73,3048,1468,1580,389,257,132,177,95,82,56,28,28,1285,519,766
327,District-Darjiling ,Total,16,8498,4440,4058,1437,1142,295,724,458,266,285,178,107,4028,1763,2265,432,282,150,175,94,81,80,43,37,1337,480,857
327,District-Darjiling ,Total,17,10085,5312,4773,1790,1459,331,880,568,312,379,249,130,5032,2128,2904,523,342,181,211,124,87,89,44,45,1181,398,783
327,District-Darjiling ,Total,18,16677,8353,8324,3290,2720,570,1627,1052,575,560,341,219,8032,2910,5122,831,572,259,404,196,208,114,55,59,1819,507,1312
327,District-Darjiling ,Total,19,16394,7726,8668,3331,2734,597,1536,991,545,597,365,232,8221,2679,5542,730,458,272,283,125,158,95,46,49,1601,328,1273
327,District-Darjiling ,Rural,5-19,80444,40830,39614,7818,6207,1611,4787,3104,1683,1973,1178,795,23799,9787,14012,2524,1555,969,1379,687,692,500,235,265,37664,18077,19587
327,District-Darjiling ,Rural,5,13661,7013,6648,4,4,0,5,2,3,1,1,0,168,88,80,58,33,25,60,27,33,4,0,4,13361,6858,6503
327,District-Darjiling ,Rural,6,9792,5045,4747,5,3,2,5,3,2,0,0,0,199,95,104,30,17,13,35,18,17,3,1,2,9515,4908,4607
327,District-Darjiling ,Rural,7,3830,1933,1897,9,7,2,8,4,4,1,0,1,219,101,118,18,11,7,20,15,5,4,0,4,3551,1795,1756
327,District-Darjiling ,Rural,8,1586,819,767,14,12,2,5,4,1,2,1,1,196,90,106,12,7,5,14,6,8,2,1,1,1341,698,643
327,District-Darjiling ,Rural,9,1167,568,599,11,4,7,6,3,3,1,0,1,255,129,126,12,5,7,7,2,5,2,2,0,873,423,450
327,District-Darjiling ,Rural,10,1513,778,735,18,9,9,11,6,5,3,1,2,298,152,146,20,16,4,19,7,12,4,4,0,1140,583,557
327,District-Darjiling ,Rural,11,1314,659,655,66,51,15,43,26,17,11,5,6,430,208,222,45,21,24,13,6,7,9,4,5,697,338,359
327,District-Darjiling ,Rural,12,1828,925,903,130,99,31,72,44,28,33,17,16,725,349,376,66,39,27,34,14,20,17,7,10,751,356,395
327,District-Darjiling ,Rural,13,2137,1129,1008,191,143,48,127,84,43,40,18,22,970,511,459,77,41,36,57,30,27,23,15,8,652,287,365
327,District-Darjiling ,Rural,14,3061,1618,1443,350,264,86,214,148,66,82,57,25,1434,697,737,157,97,60,79,42,37,39,16,23,706,297,409
327,District-Darjiling ,Rural,15,4498,2393,2105,559,422,137,400,259,141,183,113,70,2051,1002,1049,236,152,84,139,73,66,53,26,27,877,346,531
327,District-Darjiling ,Rural,16,6001,3110,2891,926,716,210,604,379,225,255,155,100,2758,1223,1535,292,189,103,145,81,64,73,37,36,948,330,618
327,District-Darjiling ,Rural,17,7049,3662,3387,1157,916,241,689,445,244,342,216,126,3406,1430,1976,368,229,139,182,109,73,80,40,40,825,277,548
327,District-Darjiling ,Rural,18,11588,5794,5794,2186,1784,402,1333,875,458,493,284,209,5302,1947,3355,578,369,209,330,151,179,102,46,56,1264,338,926
327,District-Darjiling ,Rural,19,11419,5384,6035,2192,1773,419,1265,822,443,526,310,216,5388,1765,3623,555,329,226,245,106,139,85,36,49,1163,243,920
327,District-Darjiling ,Urban,5-19,36355,18714,17641,4182,3472,710,1130,709,421,257,208,49,12309,4988,7321,1152,807,345,410,226,184,51,36,15,16864,8268,8596
327,District-Darjiling ,Urban,5,6282,3231,3051,4,3,1,3,0,3,0,0,0,108,56,52,48,24,24,54,28,26,0,0,0,6065,3120,2945
327,District-Darjiling ,Urban,6,4697,2498,2199,5,3,2,5,0,5,0,0,0,140,80,60,31,18,13,35,23,12,1,1,0,4480,2373,2107
327,District-Darjiling ,Urban,7,1379,719,660,9,5,4,3,2,1,1,1,0,145,71,74,14,5,9,17,8,9,0,0,0,1190,627,563
327,District-Darjiling ,Urban,8,797,399,398,16,12,4,5,4,1,0,0,0,182,81,101,13,11,2,6,6,0,0,0,0,575,285,290
327,District-Darjiling ,Urban,9,649,314,335,13,6,7,5,1,4,0,0,0,187,97,90,6,4,2,9,4,5,0,0,0,429,202,227
327,District-Darjiling ,Urban,10,843,424,419,19,10,9,11,6,5,1,0,1,252,132,120,14,4,10,11,7,4,0,0,0,535,265,270
327,District-Darjiling ,Urban,11,779,404,375,54,38,16,15,12,3,2,1,1,308,162,146,17,10,7,9,2,7,0,0,0,374,179,195
327,District-Darjiling ,Urban,12,935,497,438,90,70,20,21,14,7,6,4,2,390,179,211,37,24,13,16,9,7,1,0,1,374,197,177
327,District-Darjiling ,Urban,13,994,529,465,106,81,25,21,11,10,10,8,2,459,230,229,44,27,17,21,11,10,3,1,2,330,160,170
327,District-Darjiling ,Urban,14,1358,710,648,165,130,35,50,33,17,15,12,3,682,319,363,52,37,15,23,14,9,5,3,2,366,162,204
327,District-Darjiling ,Urban,15,2045,1108,937,314,248,66,115,78,37,17,14,3,997,466,531,153,105,48,38,22,16,3,2,1,408,173,235
327,District-Darjiling ,Urban,16,2497,1330,1167,511,426,85,120,79,41,30,23,7,1270,540,730,140,93,47,30,13,17,7,6,1,389,150,239
327,District-Darjiling ,Urban,17,3036,1650,1386,633,543,90,191,123,68,37,33,4,1626,698,928,155,113,42,29,15,14,9,4,5,356,121,235
327,District-Darjiling ,Urban,18,5089,2559,2530,1104,936,168,294,177,117,67,57,10,2730,963,1767,253,203,50,74,45,29,12,9,3,555,169,386
327,District-Darjiling ,Urban,19,4975,2342,2633,1139,961,178,271,169,102,71,55,16,2833,914,1919,175,129,46,38,19,19,10,10,0,438,85,353
328,District-Jalpaiguri ,Total,5-19,318788,166457,152331,32649,28763,3886,19871,13868,6003,6866,4477,2389,96510,37911,58599,7505,5244,2261,5232,2689,2543,2003,1025,978,148152,72480,75672
328,District-Jalpaiguri ,Total,5,56774,29141,27633,31,27,4,12,6,6,4,4,0,454,224,230,223,118,105,194,96,98,24,11,13,55832,28655,27177
328,District-Jalpaiguri ,Total,6,37613,19320,18293,20,18,2,20,12,8,3,2,1,619,290,329,149,77,72,131,62,69,24,12,12,36647,18847,17800
328,District-Jalpaiguri ,Total,7,12862,6533,6329,32,25,7,24,12,12,4,4,0,733,367,366,66,40,26,59,28,31,6,3,3,11938,6054,5884
328,District-Jalpaiguri ,Total,8,6144,3201,2943,37,30,7,27,17,10,4,1,3,736,368,368,51,24,27,39,20,19,18,8,10,5232,2733,2499
328,District-Jalpaiguri ,Total,9,4299,2137,2162,45,30,15,23,17,6,10,8,2,848,421,427,36,19,17,25,10,15,12,6,6,3300,1626,1674
328,District-Jalpaiguri ,Total,10,5692,2928,2764,64,48,16,56,28,28,24,16,8,1293,642,651,67,35,32,54,34,20,19,15,4,4115,2110,2005
328,District-Jalpaiguri ,Total,11,5232,2794,2438,225,187,38,173,107,66,50,32,18,1760,882,878,103,74,29,92,48,44,29,17,12,2800,1447,1353
328,District-Jalpaiguri ,Total,12,7148,3877,3271,462,376,86,273,189,84,100,67,33,2976,1533,1443,196,122,74,147,71,76,67,38,29,2927,1481,1446
328,District-Jalpaiguri ,Total,13,8276,4401,3875,598,489,109,394,255,139,157,97,60,3882,1939,1943,228,140,88,194,86,108,67,24,43,2756,1371,1385
328,District-Jalpaiguri ,Total,14,12304,6793,5511,1204,1012,192,797,546,251,375,258,117,6171,3086,3085,383,266,117,279,140,139,135,71,64,2960,1414,1546
328,District-Jalpaiguri ,Total,15,17742,10023,7719,2233,1927,306,1514,1088,426,642,449,193,8652,4180,4472,724,527,197,446,257,189,190,91,99,3341,1504,1837
328,District-Jalpaiguri ,Total,16,23671,13221,10450,3596,3137,459,2350,1698,652,957,640,317,11534,5246,6288,850,597,253,588,334,254,265,153,112,3531,1416,2115
328,District-Jalpaiguri ,Total,17,29047,16101,12946,5185,4603,582,3250,2428,822,1163,786,377,14051,5760,8291,997,740,257,688,355,333,282,157,125,3431,1272,2159
328,District-Jalpaiguri ,Total,18,47474,24464,23010,9590,8567,1023,5593,3883,1710,1732,1122,610,22032,7196,14836,1795,1314,481,1259,650,609,470,228,242,5003,1504,3499
328,District-Jalpaiguri ,Total,19,44510,21523,22987,9327,8287,1040,5365,3582,1783,1641,991,650,20769,5777,14992,1637,1151,486,1037,498,539,395,191,204,4339,1046,3293
328,District-Jalpaiguri ,Rural,5-19,245726,128114,117612,23529,20621,2908,17242,12047,5195,6194,3977,2217,72431,28728,43703,5469,3724,1745,4482,2265,2217,1779,874,905,114600,55878,58722
328,District-Jalpaiguri ,Rural,5,43562,22278,21284,21,17,4,8,4,4,4,4,0,316,152,164,150,74,76,147,76,71,19,9,10,42897,21942,20955
328,District-Jalpaiguri ,Rural,6,28758,14780,13978,12,11,1,17,9,8,3,2,1,445,206,239,106,56,50,89,45,44,21,10,11,28065,14441,13624
328,District-Jalpaiguri ,Rural,7,10060,5097,4963,20,15,5,16,8,8,3,3,0,490,229,261,43,28,15,46,20,26,5,3,2,9437,4791,4646
328,District-Jalpaiguri ,Rural,8,4703,2444,2259,23,17,6,18,14,4,4,1,3,497,244,253,35,15,20,24,14,10,16,8,8,4086,2131,1955
328,District-Jalpaiguri ,Rural,9,3268,1626,1642,34,23,11,13,10,3,9,7,2,570,277,293,21,11,10,21,8,13,11,6,5,2589,1284,1305
328,District-Jalpaiguri ,Rural,10,4153,2111,2042,39,31,8,37,16,21,19,12,7,913,459,454,30,16,14,44,28,16,18,15,3,3053,1534,1519
328,District-Jalpaiguri ,Rural,11,3892,2048,1844,142,120,22,131,85,46,48,30,18,1268,618,650,71,51,20,73,40,33,26,17,9,2133,1087,1046
328,District-Jalpaiguri ,Rural,12,5267,2794,2473,299,239,60,219,153,66,91,59,32,2165,1091,1074,128,77,51,117,59,58,56,31,25,2192,1085,1107
328,District-Jalpaiguri ,Rural,13,6277,3262,3015,385,315,70,303,195,108,134,81,53,2943,1462,1481,157,94,63,149,58,91,55,19,36,2151,1038,1113
328,District-Jalpaiguri ,Rural,14,9436,5159,4277,820,691,129,673,461,212,327,223,104,4641,2325,2316,263,178,85,227,109,118,115,57,58,2370,1115,1255
328,District-Jalpaiguri ,Rural,15,13578,7618,5960,1507,1298,209,1282,921,361,568,392,176,6540,3179,3361,514,364,150,389,220,169,174,80,94,2604,1164,1440
328,District-Jalpaiguri ,Rural,16,18499,10326,8173,2554,2219,335,2039,1472,567,871,577,294,8878,4078,4800,609,430,179,513,283,230,238,132,106,2797,1135,1662
328,District-Jalpaiguri ,Rural,17,22644,12566,10078,3706,3264,442,2829,2105,724,1036,689,347,10729,4509,6220,740,534,206,602,302,300,249,130,119,2753,1033,1720
328,District-Jalpaiguri ,Rural,18,36960,19138,17822,7075,6286,789,4917,3426,1491,1572,1009,563,16549,5483,11066,1326,937,389,1122,568,554,417,193,224,3982,1236,2746
328,District-Jalpaiguri ,Rural,19,34669,16867,17802,6892,6075,817,4740,3168,1572,1505,888,617,15487,4416,11071,1276,859,417,919,435,484,359,164,195,3491,862,2629
328,District-Jalpaiguri ,Urban,5-19,73062,38343,34719,9120,8142,978,2629,1821,808,672,500,172,24079,9183,14896,2036,1520,516,750,424,326,224,151,73,33552,16602,16950
328,District-Jalpaiguri ,Urban,5,13212,6863,6349,10,10,0,4,2,2,0,0,0,138,72,66,73,44,29,47,20,27,5,2,3,12935,6713,6222
328,District-Jalpaiguri ,Urban,6,8855,4540,4315,8,7,1,3,3,0,0,0,0,174,84,90,43,21,22,42,17,25,3,2,1,8582,4406,4176
328,District-Jalpaiguri ,Urban,7,2802,1436,1366,12,10,2,8,4,4,1,1,0,243,138,105,23,12,11,13,8,5,1,0,1,2501,1263,1238
328,District-Jalpaiguri ,Urban,8,1441,757,684,14,13,1,9,3,6,0,0,0,239,124,115,16,9,7,15,6,9,2,0,2,1146,602,544
328,District-Jalpaiguri ,Urban,9,1031,511,520,11,7,4,10,7,3,1,1,0,278,144,134,15,8,7,4,2,2,1,0,1,711,342,369
328,District-Jalpaiguri ,Urban,10,1539,817,722,25,17,8,19,12,7,5,4,1,380,183,197,37,19,18,10,6,4,1,0,1,1062,576,486
328,District-Jalpaiguri ,Urban,11,1340,746,594,83,67,16,42,22,20,2,2,0,492,264,228,32,23,9,19,8,11,3,0,3,667,360,307
328,District-Jalpaiguri ,Urban,12,1881,1083,798,163,137,26,54,36,18,9,8,1,811,442,369,68,45,23,30,12,18,11,7,4,735,396,339
328,District-Jalpaiguri ,Urban,13,1999,1139,860,213,174,39,91,60,31,23,16,7,939,477,462,71,46,25,45,28,17,12,5,7,605,333,272
328,District-Jalpaiguri ,Urban,14,2868,1634,1234,384,321,63,124,85,39,48,35,13,1530,761,769,120,88,32,52,31,21,20,14,6,590,299,291
328,District-Jalpaiguri ,Urban,15,4164,2405,1759,726,629,97,232,167,65,74,57,17,2112,1001,1111,210,163,47,57,37,20,16,11,5,737,340,397
328,District-Jalpaiguri ,Urban,16,5172,2895,2277,1042,918,124,311,226,85,86,63,23,2656,1168,1488,241,167,74,75,51,24,27,21,6,734,281,453
328,District-Jalpaiguri ,Urban,17,6403,3535,2868,1479,1339,140,421,323,98,127,97,30,3322,1251,2071,257,206,51,86,53,33,33,27,6,678,239,439
328,District-Jalpaiguri ,Urban,18,10514,5326,5188,2515,2281,234,676,457,219,160,113,47,5483,1713,3770,469,377,92,137,82,55,53,35,18,1021,268,753
328,District-Jalpaiguri ,Urban,19,9841,4656,5185,2435,2212,223,625,414,211,136,103,33,5282,1361,3921,361,292,69,118,63,55,36,27,9,848,184,664
329,District-Koch Bihar ,Total,5-19,237182,127429,109753,34340,30727,3613,17393,11839,5554,3876,2505,1371,67849,23500,44349,6164,4866,1298,3250,1775,1475,712,403,309,103598,51814,51784
329,District-Koch Bihar ,Total,5,44721,22976,21745,47,44,3,17,9,8,1,1,0,332,162,170,218,120,98,161,87,74,24,12,12,43921,22541,21380
329,District-Koch Bihar ,Total,6,27786,14452,13334,37,32,5,18,5,13,5,2,3,469,217,252,132,79,53,119,52,67,18,10,8,26988,14055,12933
329,District-Koch Bihar ,Total,7,9324,4866,4458,34,29,5,14,9,5,1,0,1,512,261,251,62,32,30,57,26,31,16,8,8,8628,4501,4127
329,District-Koch Bihar ,Total,8,4561,2381,2180,59,51,8,30,19,11,5,1,4,560,276,284,51,30,21,51,24,27,15,7,8,3790,1973,1817
329,District-Koch Bihar ,Total,9,3043,1608,1435,46,33,13,24,10,14,6,1,5,592,299,293,49,26,23,32,18,14,13,8,5,2281,1213,1068
329,District-Koch Bihar ,Total,10,3970,2136,1834,77,57,20,63,38,25,10,5,5,849,454,395,66,47,19,55,33,22,23,18,5,2827,1484,1343
329,District-Koch Bihar ,Total,11,3464,1918,1546,237,197,40,109,60,49,36,19,17,1161,590,571,102,79,23,54,28,26,18,8,10,1747,937,810
329,District-Koch Bihar ,Total,12,4759,2714,2045,463,390,73,265,185,80,79,59,20,2080,1085,995,177,126,51,98,47,51,37,25,12,1560,797,763
329,District-Koch Bihar ,Total,13,5469,3194,2275,659,580,79,394,273,121,127,91,36,2567,1313,1254,189,136,53,132,82,50,34,21,13,1367,698,669
329,District-Koch Bihar ,Total,14,8257,4937,3320,1237,1103,134,741,549,192,245,177,68,4037,1980,2057,348,285,63,195,126,69,49,32,17,1405,685,720
329,District-Koch Bihar ,Total,15,12952,7809,5143,2539,2310,229,1460,1089,371,375,268,107,5953,2715,3238,622,501,121,303,179,124,80,51,29,1620,696,924
329,District-Koch Bihar ,Total,16,17424,10512,6912,4126,3724,402,2200,1634,566,554,383,171,7710,3242,4468,738,598,140,381,222,159,77,46,31,1638,663,975
329,District-Koch Bihar ,Total,17,21298,12372,8926,5503,4966,537,2808,2039,769,622,423,199,9625,3426,6199,769,661,108,415,250,165,90,57,33,1466,550,916
329,District-Koch Bihar ,Total,18,37345,19657,17688,10243,9214,1029,4880,3244,1636,1014,625,389,16622,4344,12278,1468,1212,256,662,360,302,115,55,60,2341,603,1738
329,District-Koch Bihar ,Total,19,32809,15897,16912,9033,7997,1036,4370,2676,1694,796,450,346,14780,3136,11644,1173,934,239,535,241,294,103,45,58,2019,418,1601
329,District-Koch Bihar ,Rural,5-19,221854,119528,102326,32525,29166,3359,16816,11433,5383,3778,2431,1347,61994,21212,40782,5890,4668,1222,3127,1717,1410,690,386,304,97034,48515,48519
329,District-Koch Bihar ,Rural,5,41797,21469,20328,42,39,3,17,9,8,1,1,0,277,133,144,211,119,92,149,82,67,22,12,10,41078,21074,20004
329,District-Koch Bihar ,Rural,6,25779,13402,12377,34,30,4,18,5,13,5,2,3,391,186,205,123,74,49,105,48,57,16,8,8,25087,13049,12038
329,District-Koch Bihar ,Rural,7,8805,4600,4205,33,29,4,13,8,5,1,0,1,448,231,217,61,31,30,53,24,29,16,8,8,8180,4269,3911
329,District-Koch Bihar ,Rural,8,4337,2262,2075,54,47,7,29,18,11,5,1,4,506,247,259,48,29,19,48,23,25,15,7,8,3632,1890,1742
329,District-Koch Bihar ,Rural,9,2855,1511,1344,40,29,11,21,7,14,6,1,5,534,274,260,47,25,22,28,16,12,13,8,5,2166,1151,1015
329,District-Koch Bihar ,Rural,10,3716,1988,1728,68,51,17,58,33,25,10,5,5,770,411,359,62,45,17,54,32,22,23,18,5,2671,1393,1278
329,District-Koch Bihar ,Rural,11,3223,1791,1432,218,182,36,105,57,48,34,19,15,1053,536,517,92,75,17,54,28,26,18,8,10,1649,886,763
329,District-Koch Bihar ,Rural,12,4372,2504,1868,426,360,66,254,178,76,74,54,20,1863,977,886,165,119,46,91,43,48,35,23,12,1464,750,714
329,District-Koch Bihar ,Rural,13,5074,2972,2102,615,540,75,377,259,118,123,89,34,2334,1193,1141,178,130,48,126,79,47,33,20,13,1288,662,626
329,District-Koch Bihar ,Rural,14,7691,4633,3058,1158,1037,121,720,537,183,235,170,65,3696,1813,1883,335,278,57,189,122,67,45,30,15,1313,646,667
329,District-Koch Bihar ,Rural,15,12089,7320,4769,2386,2178,208,1397,1044,353,368,264,104,5444,2474,2970,601,484,117,292,175,117,77,48,29,1524,653,871
329,District-Koch Bihar ,Rural,16,16371,9919,6452,3903,3534,369,2134,1589,545,539,370,169,7112,2973,4139,701,571,130,377,219,158,76,45,31,1529,618,911
329,District-Koch Bihar ,Rural,17,20069,11720,8349,5244,4739,505,2725,1980,745,612,416,196,8896,3130,5766,735,632,103,400,243,157,88,55,33,1369,525,844
329,District-Koch Bihar ,Rural,18,34998,18484,16514,9720,8765,955,4711,3119,1592,993,608,385,15225,3872,11353,1407,1160,247,638,348,290,113,54,59,2191,558,1633
329,District-Koch Bihar ,Rural,19,30678,14953,15725,8584,7606,978,4237,2590,1647,772,431,341,13445,2762,10683,1124,896,228,523,235,288,100,42,58,1893,391,1502
329,District-Koch Bihar ,Urban,5-19,15328,7901,7427,1815,1561,254,577,406,171,98,74,24,5855,2288,3567,274,198,76,123,58,65,22,17,5,6564,3299,3265
329,District-Koch Bihar ,Urban,5,2924,1507,1417,5,5,0,0,0,0,0,0,0,55,29,26,7,1,6,12,5,7,2,0,2,2843,1467,1376
329,District-Koch Bihar ,Urban,6,2007,1050,957,3,2,1,0,0,0,0,0,0,78,31,47,9,5,4,14,4,10,2,2,0,1901,1006,895
329,District-Koch Bihar ,Urban,7,519,266,253,1,0,1,1,1,0,0,0,0,64,30,34,1,1,0,4,2,2,0,0,0,448,232,216
329,District-Koch Bihar ,Urban,8,224,119,105,5,4,1,1,1,0,0,0,0,54,29,25,3,1,2,3,1,2,0,0,0,158,83,75
329,District-Koch Bihar ,Urban,9,188,97,91,6,4,2,3,3,0,0,0,0,58,25,33,2,1,1,4,2,2,0,0,0,115,62,53
329,District-Koch Bihar ,Urban,10,254,148,106,9,6,3,5,5,0,0,0,0,79,43,36,4,2,2,1,1,0,0,0,0,156,91,65
329,District-Koch Bihar ,Urban,11,241,127,114,19,15,4,4,3,1,2,0,2,108,54,54,10,4,6,0,0,0,0,0,0,98,51,47
329,District-Koch Bihar ,Urban,12,387,210,177,37,30,7,11,7,4,5,5,0,217,108,109,12,7,5,7,4,3,2,2,0,96,47,49
329,District-Koch Bihar ,Urban,13,395,222,173,44,40,4,17,14,3,4,2,2,233,120,113,11,6,5,6,3,3,1,1,0,79,36,43
329,District-Koch Bihar ,Urban,14,566,304,262,79,66,13,21,12,9,10,7,3,341,167,174,13,7,6,6,4,2,4,2,2,92,39,53
329,District-Koch Bihar ,Urban,15,863,489,374,153,132,21,63,45,18,7,4,3,509,241,268,21,17,4,11,4,7,3,3,0,96,43,53
329,District-Koch Bihar ,Urban,16,1053,593,460,223,190,33,66,45,21,15,13,2,598,269,329,37,27,10,4,3,1,1,1,0,109,45,64
329,District-Koch Bihar ,Urban,17,1229,652,577,259,227,32,83,59,24,10,7,3,729,296,433,34,29,5,15,7,8,2,2,0,97,25,72
329,District-Koch Bihar ,Urban,18,2347,1173,1174,523,449,74,169,125,44,21,17,4,1397,472,925,61,52,9,24,12,12,2,1,1,150,45,105
329,District-Koch Bihar ,Urban,19,2131,944,1187,449,391,58,133,86,47,24,19,5,1335,374,961,49,38,11,12,6,6,3,3,0,126,27,99
330,District-Uttar Dinajpur,Total,5-19,425216,222411,202805,30288,25981,4307,16223,11290,4933,4154,2662,1492,61280,24934,36346,23640,17370,6270,14585,8347,6238,4378,2191,2187,270668,129636,141032
330,District-Uttar Dinajpur,Total,5,66223,33915,32308,19,14,5,7,3,4,0,0,0,313,170,143,166,92,74,133,67,66,28,12,16,65557,33557,32000
330,District-Uttar Dinajpur,Total,6,50920,26126,24794,16,14,2,12,7,5,0,0,0,488,227,261,150,98,52,118,54,64,41,23,18,50095,25703,24392
330,District-Uttar Dinajpur,Total,7,25904,13167,12737,16,12,4,21,15,6,5,3,2,596,301,295,89,45,44,87,48,39,34,19,15,25056,12724,12332
330,District-Uttar Dinajpur,Total,8,21835,11095,10740,39,28,11,25,14,11,5,4,1,842,407,435,119,81,38,100,50,50,61,35,26,20644,10476,10168
330,District-Uttar Dinajpur,Total,9,13472,6933,6539,43,33,10,32,15,17,14,7,7,932,503,429,125,77,48,112,70,42,63,41,22,12151,6187,5964
330,District-Uttar Dinajpur,Total,10,20332,10488,9844,111,79,32,83,55,28,30,19,11,1834,959,875,280,188,92,299,151,148,119,61,58,17576,8976,8600
330,District-Uttar Dinajpur,Total,11,12714,6715,5999,278,226,52,151,96,55,69,40,29,1950,1055,895,347,236,111,301,148,153,136,72,64,9482,4842,4640
330,District-Uttar Dinajpur,Total,12,20018,10487,9531,651,498,153,390,234,156,170,110,60,3798,2006,1792,832,557,275,688,391,297,336,166,170,13153,6525,6628
330,District-Uttar Dinajpur,Total,13,15786,8303,7483,873,672,201,528,365,163,232,148,84,3765,1950,1815,930,609,321,753,410,343,284,147,137,8421,4002,4419
330,District-Uttar Dinajpur,Total,14,21054,11413,9641,1874,1489,385,1134,821,313,444,293,151,5109,2579,2530,1653,1122,531,1220,719,501,474,267,207,9146,4123,5023
330,District-Uttar Dinajpur,Total,15,26235,14614,11621,3045,2594,451,1822,1308,514,510,337,173,6497,3084,3413,2846,2127,719,1710,1026,684,615,330,285,9190,3808,5382
330,District-Uttar Dinajpur,Total,16,28796,16101,12695,4032,3448,584,2319,1648,671,629,434,195,7253,3223,4030,3395,2541,854,2089,1289,800,586,292,294,8493,3226,5267
330,District-Uttar Dinajpur,Total,17,24345,13542,10803,4216,3708,508,2389,1713,676,505,332,173,6697,2585,4112,2843,2158,685,1679,1003,676,406,220,186,5610,1823,3787
330,District-Uttar Dinajpur,Total,18,46111,24239,21872,8842,7762,1080,4304,3057,1247,973,604,369,12025,3615,8410,6099,4633,1466,3143,1802,1341,728,329,399,9997,2437,7560
330,District-Uttar Dinajpur,Total,19,31471,15273,16198,6233,5404,829,3006,1939,1067,568,331,237,9181,2270,6911,3766,2806,960,2153,1119,1034,467,177,290,6097,1227,4870
330,District-Uttar Dinajpur,Rural,5-19,390923,204763,186160,27155,23421,3734,15539,10813,4726,3980,2540,1440,52705,21382,31323,22231,16446,5785,14077,8022,6055,4218,2078,2140,251018,120061,130957
330,District-Uttar Dinajpur,Rural,5,60673,31046,29627,15,10,5,6,3,3,0,0,0,258,137,121,148,80,68,125,62,63,28,12,16,60093,30742,29351
330,District-Uttar Dinajpur,Rural,6,46877,24046,22831,15,13,2,12,7,5,0,0,0,384,182,202,138,93,45,110,50,60,39,22,17,46179,23679,22500
330,District-Uttar Dinajpur,Rural,7,24295,12326,11969,14,10,4,18,13,5,5,3,2,486,245,241,82,41,41,78,41,37,34,19,15,23578,11954,11624
330,District-Uttar Dinajpur,Rural,8,20420,10405,10015,29,20,9,24,13,11,4,3,1,689,337,352,110,74,36,88,42,46,59,34,25,19417,9882,9535
330,District-Uttar Dinajpur,Rural,9,12410,6392,6018,34,27,7,31,15,16,14,7,7,762,412,350,110,70,40,98,63,35,62,40,22,11299,5758,5541
330,District-Uttar Dinajpur,Rural,10,18740,9668,9072,94,70,24,77,53,24,27,16,11,1522,799,723,256,173,83,270,137,133,111,53,58,16383,8367,8016
330,District-Uttar Dinajpur,Rural,11,11331,5976,5355,214,175,39,137,88,49,65,37,28,1545,841,704,306,216,90,274,132,142,123,64,59,8667,4423,4244
330,District-Uttar Dinajpur,Rural,12,18287,9590,8697,541,430,111,364,218,146,162,104,58,3221,1723,1498,730,500,230,655,367,288,321,155,166,12293,6093,6200
330,District-Uttar Dinajpur,Rural,13,14181,7491,6690,708,571,137,486,337,149,216,137,79,3199,1679,1520,813,546,267,708,381,327,276,141,135,7775,3699,4076
330,District-Uttar Dinajpur,Rural,14,19135,10390,8745,1552,1271,281,1078,780,298,425,283,142,4434,2240,2194,1522,1036,486,1182,693,489,449,250,199,8493,3837,4656
330,District-Uttar Dinajpur,Rural,15,24200,13541,10659,2712,2325,387,1751,1260,491,488,325,163,5758,2748,3010,2669,2017,652,1656,994,662,601,319,282,8565,3553,5012
330,District-Uttar Dinajpur,Rural,16,26838,15041,11797,3733,3219,514,2235,1588,647,604,414,190,6450,2842,3608,3248,2437,811,2024,1242,782,567,279,288,7977,3020,4957
330,District-Uttar Dinajpur,Rural,17,22410,12489,9921,3835,3373,462,2292,1643,649,490,322,168,5786,2209,3577,2714,2066,648,1639,971,668,399,216,183,5255,1689,3566
330,District-Uttar Dinajpur,Rural,18,42535,22433,20102,8071,7068,1003,4150,2944,1206,933,576,357,10461,3103,7358,5813,4430,1383,3057,1749,1308,691,305,386,9359,2258,7101
330,District-Uttar Dinajpur,Rural,19,28591,13929,14662,5588,4839,749,2878,1851,1027,547,313,234,7750,1885,5865,3572,2667,905,2113,1098,1015,458,169,289,5685,1107,4578
330,District-Uttar Dinajpur,Urban,5-19,34293,17648,16645,3133,2560,573,684,477,207,174,122,52,8575,3552,5023,1409,924,485,508,325,183,160,113,47,19650,9575,10075
330,District-Uttar Dinajpur,Urban,5,5550,2869,2681,4,4,0,1,0,1,0,0,0,55,33,22,18,12,6,8,5,3,0,0,0,5464,2815,2649
330,District-Uttar Dinajpur,Urban,6,4043,2080,1963,1,1,0,0,0,0,0,0,0,104,45,59,12,5,7,8,4,4,2,1,1,3916,2024,1892
330,District-Uttar Dinajpur,Urban,7,1609,841,768,2,2,0,3,2,1,0,0,0,110,56,54,7,4,3,9,7,2,0,0,0,1478,770,708
330,District-Uttar Dinajpur,Urban,8,1415,690,725,10,8,2,1,1,0,1,1,0,153,70,83,9,7,2,12,8,4,2,1,1,1227,594,633
330,District-Uttar Dinajpur,Urban,9,1062,541,521,9,6,3,1,0,1,0,0,0,170,91,79,15,7,8,14,7,7,1,1,0,852,429,423
330,District-Uttar Dinajpur,Urban,10,1592,820,772,17,9,8,6,2,4,3,3,0,312,160,152,24,15,9,29,14,15,8,8,0,1193,609,584
330,District-Uttar Dinajpur,Urban,11,1383,739,644,64,51,13,14,8,6,4,3,1,405,214,191,41,20,21,27,16,11,13,8,5,815,419,396
330,District-Uttar Dinajpur,Urban,12,1731,897,834,110,68,42,26,16,10,8,6,2,577,283,294,102,57,45,33,24,9,15,11,4,860,432,428
330,District-Uttar Dinajpur,Urban,13,1605,812,793,165,101,64,42,28,14,16,11,5,566,271,295,117,63,54,45,29,16,8,6,2,646,303,343
330,District-Uttar Dinajpur,Urban,14,1919,1023,896,322,218,104,56,41,15,19,10,9,675,339,336,131,86,45,38,26,12,25,17,8,653,286,367
330,District-Uttar Dinajpur,Urban,15,2035,1073,962,333,269,64,71,48,23,22,12,10,739,336,403,177,110,67,54,32,22,14,11,3,625,255,370
330,District-Uttar Dinajpur,Urban,16,1958,1060,898,299,229,70,84,60,24,25,20,5,803,381,422,147,104,43,65,47,18,19,13,6,516,206,310
330,District-Uttar Dinajpur,Urban,17,1935,1053,882,381,335,46,97,70,27,15,10,5,911,376,535,129,92,37,40,32,8,7,4,3,355,134,221
330,District-Uttar Dinajpur,Urban,18,3576,1806,1770,771,694,77,154,113,41,40,28,12,1564,512,1052,286,203,83,86,53,33,37,24,13,638,179,459
330,District-Uttar Dinajpur,Urban,19,2880,1344,1536,645,565,80,128,88,40,21,18,3,1431,385,1046,194,139,55,40,21,19,9,8,1,412,120,292
331,District-Dakshin Dinajpur,Total,5-19,141626,75063,66563,19436,16411,3025,11655,7436,4219,2794,1638,1156,37943,13924,24019,5604,3827,1777,3724,1899,1825,971,492,479,59499,29436,30063
331,District-Dakshin Dinajpur,Total,5,24173,12532,11641,14,11,3,6,5,1,3,2,1,252,135,117,133,63,70,103,59,44,18,11,7,23644,12246,11398
331,District-Dakshin Dinajpur,Total,6,15741,8146,7595,24,15,9,13,8,5,2,1,1,371,166,205,82,46,36,86,50,36,14,5,9,15149,7855,7294
331,District-Dakshin Dinajpur,Total,7,5145,2605,2540,25,19,6,15,6,9,5,2,3,397,204,193,34,23,11,47,25,22,13,8,5,4609,2318,2291
331,District-Dakshin Dinajpur,Total,8,2839,1473,1366,26,20,6,25,16,9,6,3,3,500,267,233,34,20,14,34,17,17,9,5,4,2205,1125,1080
331,District-Dakshin Dinajpur,Total,9,2138,1086,1052,38,24,14,31,17,14,8,4,4,498,256,242,31,15,16,37,14,23,11,5,6,1484,751,733
331,District-Dakshin Dinajpur,Total,10,3166,1632,1534,75,56,19,57,33,24,19,10,9,813,427,386,74,42,32,50,29,21,21,12,9,2057,1023,1034
331,District-Dakshin Dinajpur,Total,11,2602,1387,1215,168,137,31,120,77,43,39,18,21,919,462,457,106,71,35,77,44,33,34,18,16,1139,560,579
331,District-Dakshin Dinajpur,Total,12,3892,2162,1730,363,299,64,221,128,93,84,41,43,1515,778,737,185,125,60,144,75,69,60,38,22,1320,678,642
331,District-Dakshin Dinajpur,Total,13,4119,2303,1816,508,410,98,312,210,102,131,85,46,1730,853,877,212,140,72,159,80,79,54,38,16,1013,487,526
331,District-Dakshin Dinajpur,Total,14,5902,3503,2399,996,806,190,649,431,218,211,142,69,2383,1201,1182,339,236,103,252,151,101,65,35,30,1007,501,506
331,District-Dakshin Dinajpur,Total,15,8970,5358,3612,1808,1518,290,1089,771,318,287,187,100,3476,1637,1839,610,441,169,369,207,162,121,63,58,1210,534,676
331,District-Dakshin Dinajpur,Total,16,10929,6458,4471,2383,2042,341,1559,1076,483,383,266,117,4206,1752,2454,739,546,193,491,287,204,122,69,53,1046,420,626
331,District-Dakshin Dinajpur,Total,17,11860,6893,4967,3005,2596,409,1732,1183,549,405,245,160,4619,1755,2864,720,517,203,421,236,185,111,57,54,847,304,543
331,District-Dakshin Dinajpur,Total,18,21808,11201,10607,5514,4724,790,3197,2000,1197,654,370,284,8598,2352,6246,1324,900,424,818,388,430,175,77,98,1528,390,1138
331,District-Dakshin Dinajpur,Total,19,18342,8324,10018,4489,3734,755,2629,1475,1154,557,262,295,7666,1679,5987,981,642,339,636,237,399,143,51,92,1241,244,997
331,District-Dakshin Dinajpur,Rural,5-19,129358,68868,60490,17669,14961,2708,11090,7101,3989,2689,1551,1138,33400,12276,21124,5373,3679,1694,3631,1852,1779,959,483,476,54547,26965,27582
331,District-Dakshin Dinajpur,Rural,5,21948,11368,10580,12,10,2,6,5,1,3,2,1,200,110,90,119,54,65,96,55,41,18,11,7,21494,11121,10373
331,District-Dakshin Dinajpur,Rural,6,14164,7331,6833,17,8,9,13,8,5,2,1,1,297,137,160,78,43,35,81,46,35,14,5,9,13662,7083,6579
331,District-Dakshin Dinajpur,Rural,7,4775,2418,2357,23,17,6,13,5,8,5,2,3,344,176,168,32,23,9,43,22,21,11,7,4,4304,2166,2138
331,District-Dakshin Dinajpur,Rural,8,2677,1394,1283,26,20,6,20,13,7,6,3,3,449,242,207,33,19,14,33,16,17,9,5,4,2101,1076,1025
331,District-Dakshin Dinajpur,Rural,9,1987,1005,982,31,20,11,24,13,11,8,4,4,453,233,220,28,15,13,37,14,23,11,5,6,1395,701,694
331,District-Dakshin Dinajpur,Rural,10,2917,1505,1412,69,52,17,49,30,19,19,10,9,723,377,346,70,41,29,48,28,20,21,12,9,1918,955,963
331,District-Dakshin Dinajpur,Rural,11,2406,1301,1105,151,126,25,113,73,40,38,18,20,826,423,403,97,64,33,73,41,32,34,18,16,1074,538,536
331,District-Dakshin Dinajpur,Rural,12,3604,2006,1598,321,266,55,211,124,87,84,41,43,1359,706,653,176,122,54,140,73,67,60,38,22,1253,636,617
331,District-Dakshin Dinajpur,Rural,13,3794,2161,1633,465,381,84,301,206,95,128,82,46,1534,772,762,209,138,71,153,79,74,53,37,16,951,466,485
331,District-Dakshin Dinajpur,Rural,14,5460,3269,2191,892,729,163,621,414,207,204,138,66,2170,1106,1064,322,227,95,247,150,97,65,35,30,939,470,469
331,District-Dakshin Dinajpur,Rural,15,8280,4967,3313,1639,1385,254,1045,737,308,281,182,99,3123,1481,1642,587,427,160,357,201,156,121,63,58,1127,491,636
331,District-Dakshin Dinajpur,Rural,16,10066,5975,4091,2182,1871,311,1501,1053,448,364,249,115,3748,1541,2207,699,523,176,482,282,200,117,64,53,973,392,581
331,District-Dakshin Dinajpur,Rural,17,10802,6361,4441,2737,2383,354,1647,1134,513,386,231,155,4011,1531,2480,707,505,202,414,232,182,108,56,52,792,289,503
331,District-Dakshin Dinajpur,Rural,18,19926,10308,9618,5054,4332,722,3051,1915,1136,635,353,282,7515,2020,5495,1279,869,410,804,383,421,175,77,98,1413,359,1054
331,District-Dakshin Dinajpur,Rural,19,16552,7499,9053,4050,3361,689,2475,1371,1104,526,235,291,6648,1421,5227,937,609,328,623,230,393,142,50,92,1151,222,929
331,District-Dakshin Dinajpur,Urban,5-19,12268,6195,6073,1767,1450,317,565,335,230,105,87,18,4543,1648,2895,231,148,83,93,47,46,12,9,3,4952,2471,2481
331,District-Dakshin Dinajpur,Urban,5,2225,1164,1061,2,1,1,0,0,0,0,0,0,52,25,27,14,9,5,7,4,3,0,0,0,2150,1125,1025
331,District-Dakshin Dinajpur,Urban,6,1577,815,762,7,7,0,0,0,0,0,0,0,74,29,45,4,3,1,5,4,1,0,0,0,1487,772,715
331,District-Dakshin Dinajpur,Urban,7,370,187,183,2,2,0,2,1,1,0,0,0,53,28,25,2,0,2,4,3,1,2,1,1,305,152,153
331,District-Dakshin Dinajpur,Urban,8,162,79,83,0,0,0,5,3,2,0,0,0,51,25,26,1,1,0,1,1,0,0,0,0,104,49,55
331,District-Dakshin Dinajpur,Urban,9,151,81,70,7,4,3,7,4,3,0,0,0,45,23,22,3,0,3,0,0,0,0,0,0,89,50,39
331,District-Dakshin Dinajpur,Urban,10,249,127,122,6,4,2,8,3,5,0,0,0,90,50,40,4,1,3,2,1,1,0,0,0,139,68,71
331,District-Dakshin Dinajpur,Urban,11,196,86,110,17,11,6,7,4,3,1,0,1,93,39,54,9,7,2,4,3,1,0,0,0,65,22,43
331,District-Dakshin Dinajpur,Urban,12,288,156,132,42,33,9,10,4,6,0,0,0,156,72,84,9,3,6,4,2,2,0,0,0,67,42,25
331,District-Dakshin Dinajpur,Urban,13,325,142,183,43,29,14,11,4,7,3,3,0,196,81,115,3,2,1,6,1,5,1,1,0,62,21,41
331,District-Dakshin Dinajpur,Urban,14,442,234,208,104,77,27,28,17,11,7,4,3,213,95,118,17,9,8,5,1,4,0,0,0,68,31,37
331,District-Dakshin Dinajpur,Urban,15,690,391,299,169,133,36,44,34,10,6,5,1,353,156,197,23,14,9,12,6,6,0,0,0,83,43,40
331,District-Dakshin Dinajpur,Urban,16,863,483,380,201,171,30,58,23,35,19,17,2,458,211,247,40,23,17,9,5,4,5,5,0,73,28,45
331,District-Dakshin Dinajpur,Urban,17,1058,532,526,268,213,55,85,49,36,19,14,5,608,224,384,13,12,1,7,4,3,3,1,2,55,15,40
331,District-Dakshin Dinajpur,Urban,18,1882,893,989,460,392,68,146,85,61,19,17,2,1083,332,751,45,31,14,14,5,9,0,0,0,115,31,84
331,District-Dakshin Dinajpur,Urban,19,1790,825,965,439,373,66,154,104,50,31,27,4,1018,258,760,44,33,11,13,7,6,1,1,0,90,22,68
332,District-Maldah ,Total,5-19,524049,282298,241751,41280,31827,9453,31043,19581,11462,7937,4686,3251,88984,36854,52130,26330,18702,7628,21784,12749,9035,6301,3476,2825,300390,154423,145967
332,District-Maldah ,Total,5,81327,41979,39348,20,17,3,10,4,6,2,0,2,435,223,212,327,186,141,264,150,114,40,15,25,80229,41384,38845
332,District-Maldah ,Total,6,65431,34490,30941,19,10,9,25,13,12,2,0,2,699,362,337,242,132,110,275,132,143,24,12,12,64145,33829,30316
332,District-Maldah ,Total,7,30650,16063,14587,26,15,11,27,17,10,3,1,2,799,423,376,148,81,67,167,82,85,41,21,20,29439,15423,14016
332,District-Maldah ,Total,8,22305,11860,10445,35,24,11,33,22,11,6,4,2,1121,590,531,138,77,61,166,80,86,61,30,31,20745,11033,9712
332,District-Maldah ,Total,9,14819,7984,6835,49,30,19,45,21,24,16,11,5,1172,610,562,106,65,41,183,89,94,65,31,34,13183,7127,6056
332,District-Maldah ,Total,10,19682,10965,8717,96,70,26,107,66,41,34,18,16,2290,1252,1038,264,168,96,349,205,144,139,78,61,16403,9108,7295
332,District-Maldah ,Total,11,14336,8302,6034,297,234,63,253,158,95,81,49,32,2582,1435,1147,363,270,93,418,242,176,158,94,64,10184,5820,4364
332,District-Maldah ,Total,12,20963,12538,8425,716,560,156,636,406,230,196,129,67,4893,2885,2008,800,582,218,906,546,360,422,254,168,12394,7176,5218
332,District-Maldah ,Total,13,18295,10923,7372,909,690,219,866,564,302,293,194,99,5202,2955,2247,894,607,287,994,628,366,397,243,154,8740,5042,3698
332,District-Maldah ,Total,14,23725,14246,9479,1971,1517,454,1702,1132,570,559,371,188,7058,3908,3150,1644,1154,490,1676,1058,618,578,359,219,8537,4747,3790
332,District-Maldah ,Total,15,31825,19129,12696,3791,2987,804,3054,2111,943,926,602,324,9231,4797,4434,3026,2192,834,2500,1646,854,842,521,321,8455,4273,4182
332,District-Maldah ,Total,16,35168,20798,14370,5328,4188,1140,4076,2764,1312,1129,741,388,10106,4745,5361,3622,2670,952,2875,1871,1004,792,478,314,7240,3341,3899
332,District-Maldah ,Total,17,33817,19290,14527,6259,4977,1282,4558,2995,1563,1120,679,441,10000,4026,5974,3313,2428,885,2608,1583,1025,697,386,311,5262,2216,3046
332,District-Maldah ,Total,18,63012,31453,31559,12135,9251,2884,8711,5300,3411,1984,1079,905,18460,5263,13197,6706,4767,1939,4849,2696,2153,1185,575,610,8982,2522,6460
332,District-Maldah ,Total,19,48694,22278,26416,9629,7257,2372,6940,4008,2932,1586,808,778,14936,3380,11556,4737,3323,1414,3554,1741,1813,860,379,481,6452,1382,5070
332,District-Maldah ,Rural,5-19,467649,251405,216244,35418,27638,7780,28273,17942,10331,7398,4411,2987,76749,31571,45178,23848,17121,6727,20654,12104,8550,5993,3310,2683,269316,137308,132008
332,District-Maldah ,Rural,5,71989,36968,35021,16,13,3,7,2,5,2,0,2,363,185,178,280,152,128,242,133,109,35,13,22,71044,36470,34574
332,District-Maldah ,Rural,6,54185,27929,26256,18,10,8,21,10,11,2,0,2,566,296,270,173,94,79,222,98,124,22,12,10,53161,27409,25752
332,District-Maldah ,Rural,7,28150,14708,13442,23,13,10,18,12,6,3,1,2,704,380,324,131,68,63,156,75,81,39,20,19,27076,14139,12937
332,District-Maldah ,Rural,8,20859,11079,9780,31,22,9,28,20,8,6,4,2,967,512,455,129,72,57,158,76,82,59,29,30,19481,10344,9137
332,District-Maldah ,Rural,9,13800,7431,6369,43,26,17,41,18,23,16,11,5,1015,531,484,95,56,39,177,89,88,64,31,33,12349,6669,5680
332,District-Maldah ,Rural,10,18262,10157,8105,79,57,22,95,59,36,34,18,16,2017,1087,930,241,157,84,332,192,140,132,75,57,15332,8512,6820
332,District-Maldah ,Rural,11,13202,7657,5545,249,197,52,225,143,82,79,47,32,2267,1275,992,326,245,81,400,232,168,151,90,61,9505,5428,4077
332,District-Maldah ,Rural,12,19303,11512,7791,615,478,137,590,379,211,184,119,65,4311,2531,1780,720,533,187,859,521,338,407,247,160,11617,6704,4913
332,District-Maldah ,Rural,13,16770,10011,6759,771,589,182,806,531,275,283,185,98,4621,2608,2013,806,554,252,943,602,341,378,233,145,8162,4709,3453
332,District-Maldah ,Rural,14,21619,13025,8594,1714,1326,388,1581,1060,521,528,356,172,6162,3421,2741,1506,1079,427,1621,1030,591,551,343,208,7956,4410,3546
332,District-Maldah ,Rural,15,28910,17433,11477,3287,2617,670,2843,1987,856,886,579,307,8085,4196,3889,2757,2021,736,2384,1572,812,812,502,310,7856,3959,3897
332,District-Maldah ,Rural,16,31689,18813,12876,4595,3673,922,3777,2608,1169,1063,702,361,8737,4073,4664,3315,2463,852,2726,1769,957,759,462,297,6717,3063,3654
332,District-Maldah ,Rural,17,29943,17143,12800,5355,4309,1046,4185,2790,1395,1031,635,396,8399,3316,5083,3004,2222,782,2471,1502,969,658,360,298,4840,2009,2831
332,District-Maldah ,Rural,18,56033,28093,27940,10424,8079,2345,7889,4835,3054,1832,1013,819,15827,4425,11402,6060,4360,1700,4593,2560,2033,1122,541,581,8286,2280,6006
332,District-Maldah ,Rural,19,42935,19446,23489,8198,6229,1969,6167,3488,2679,1449,741,708,12708,2735,9973,4305,3045,1260,3370,1653,1717,804,352,452,5934,1203,4731
332,District-Maldah ,Urban,5-19,56400,30893,25507,5862,4189,1673,2770,1639,1131,539,275,264,12235,5283,6952,2482,1581,901,1130,645,485,308,166,142,31074,17115,13959
332,District-Maldah ,Urban,5,9338,5011,4327,4,4,0,3,2,1,0,0,0,72,38,34,47,34,13,22,17,5,5,2,3,9185,4914,4271
332,District-Maldah ,Urban,6,11246,6561,4685,1,0,1,4,3,1,0,0,0,133,66,67,69,38,31,53,34,19,2,0,2,10984,6420,4564
332,District-Maldah ,Urban,7,2500,1355,1145,3,2,1,9,5,4,0,0,0,95,43,52,17,13,4,11,7,4,2,1,1,2363,1284,1079
332,District-Maldah ,Urban,8,1446,781,665,4,2,2,5,2,3,0,0,0,154,78,76,9,5,4,8,4,4,2,1,1,1264,689,575
332,District-Maldah ,Urban,9,1019,553,466,6,4,2,4,3,1,0,0,0,157,79,78,11,9,2,6,0,6,1,0,1,834,458,376
332,District-Maldah ,Urban,10,1420,808,612,17,13,4,12,7,5,0,0,0,273,165,108,23,11,12,17,13,4,7,3,4,1071,596,475
332,District-Maldah ,Urban,11,1134,645,489,48,37,11,28,15,13,2,2,0,315,160,155,37,25,12,18,10,8,7,4,3,679,392,287
332,District-Maldah ,Urban,12,1660,1026,634,101,82,19,46,27,19,12,10,2,582,354,228,80,49,31,47,25,22,15,7,8,777,472,305
332,District-Maldah ,Urban,13,1525,912,613,138,101,37,60,33,27,10,9,1,581,347,234,88,53,35,51,26,25,19,10,9,578,333,245
332,District-Maldah ,Urban,14,2106,1221,885,257,191,66,121,72,49,31,15,16,896,487,409,138,75,63,55,28,27,27,16,11,581,337,244
332,District-Maldah ,Urban,15,2915,1696,1219,504,370,134,211,124,87,40,23,17,1146,601,545,269,171,98,116,74,42,30,19,11,599,314,285
332,District-Maldah ,Urban,16,3479,1985,1494,733,515,218,299,156,143,66,39,27,1369,672,697,307,207,100,149,102,47,33,16,17,523,278,245
332,District-Maldah ,Urban,17,3874,2147,1727,904,668,236,373,205,168,89,44,45,1601,710,891,309,206,103,137,81,56,39,26,13,422,207,215
332,District-Maldah ,Urban,18,6979,3360,3619,1711,1172,539,822,465,357,152,66,86,2633,838,1795,646,407,239,256,136,120,63,34,29,696,242,454
332,District-Maldah ,Urban,19,5759,2832,2927,1431,1028,403,773,520,253,137,67,70,2228,645,1583,432,278,154,184,88,96,56,27,29,518,179,339
333,District-Murshidabad ,Total,5-19,831716,446761,384955,108616,85176,23440,47080,33320,13760,10730,7484,3246,200730,74952,125778,46578,31478,15100,22184,13337,8847,5067,2903,2164,390731,198111,192620
333,District-Murshidabad ,Total,5,131765,67261,64504,59,50,9,36,21,15,6,2,4,879,427,452,571,329,242,446,223,223,40,19,21,129728,66190,63538
333,District-Murshidabad ,Total,6,93351,47803,45548,42,32,10,26,18,8,6,4,2,1346,696,650,412,246,166,351,185,166,34,14,20,91134,46608,44526
333,District-Murshidabad ,Total,7,37854,19926,17928,93,67,26,43,20,23,7,5,2,1680,859,821,195,111,84,195,98,97,21,11,10,35620,18755,16865
333,District-Murshidabad ,Total,8,22700,12008,10692,98,61,37,54,34,20,10,3,7,1846,904,942,149,78,71,190,91,99,41,18,23,20312,10819,9493
333,District-Murshidabad ,Total,9,15291,8402,6889,121,76,45,80,44,36,13,6,7,2126,1130,996,191,116,75,190,102,88,33,15,18,12537,6913,5624
333,District-Murshidabad ,Total,10,20401,11479,8922,265,167,98,147,84,63,54,40,14,3872,2152,1720,337,200,137,313,163,150,112,57,55,15301,8616,6685
333,District-Murshidabad ,Total,11,17302,10127,7175,733,547,186,393,240,153,119,84,35,4914,2793,2121,543,335,208,442,249,193,131,72,59,10027,5807,4220
333,District-Murshidabad ,Total,12,24950,15385,9565,1776,1341,435,827,569,258,322,227,95,8649,5165,3484,1223,799,424,772,462,310,288,161,127,11093,6661,4432
333,District-Murshidabad ,Total,13,26412,16371,10041,2900,2143,757,1397,982,415,441,320,121,9903,5873,4030,1535,1022,513,980,603,377,305,186,119,8951,5242,3709
333,District-Murshidabad ,Total,14,37488,23068,14420,5790,4370,1420,2778,2016,762,812,597,215,14233,7879,6354,2838,1928,910,1499,936,563,423,253,170,9115,5089,4026
333,District-Murshidabad ,Total,15,52840,32217,20623,10109,7893,2216,4728,3555,1173,1235,961,274,19565,9574,9991,4678,3330,1348,2446,1612,834,603,397,206,9476,4895,4581
333,District-Murshidabad ,Total,16,65272,38673,26599,14587,11508,3079,6759,5007,1752,1631,1193,438,23768,10211,13557,5987,4171,1816,2825,1906,919,693,456,237,9022,4221,4801
333,District-Murshidabad ,Total,17,68205,38589,29616,17335,13795,3540,7526,5505,2021,1650,1178,472,24939,8816,16123,6353,4408,1945,2801,1771,1030,606,381,225,6995,2735,4260
333,District-Murshidabad ,Total,18,121889,60879,61010,30718,24183,6535,12629,8779,3850,2524,1686,838,45698,11097,34601,12175,8239,3936,4932,2898,2034,1007,520,487,12206,3477,8729
333,District-Murshidabad ,Total,19,95996,44573,51423,23990,18943,5047,9657,6446,3211,1900,1178,722,37312,7376,29936,9391,6166,3225,3802,2038,1764,730,343,387,9214,2083,7131
333,District-Murshidabad ,Rural,5-19,664367,360120,304247,81434,68526,12908,39525,29333,10192,9171,6643,2528,170673,61565,109108,32004,24279,7725,17502,11187,6315,3980,2438,1542,310078,156149,153929
333,District-Murshidabad ,Rural,5,105948,54141,51807,43,37,6,30,17,13,5,1,4,669,320,349,455,264,191,366,184,182,36,17,19,104344,53301,51043
333,District-Murshidabad ,Rural,6,74207,38057,36150,30,24,6,22,15,7,6,4,2,1064,549,515,321,192,129,294,159,135,27,12,15,72443,37102,35341
333,District-Murshidabad ,Rural,7,29322,15441,13881,68,50,18,34,17,17,5,5,0,1344,684,660,144,85,59,153,80,73,17,9,8,27557,14511,13046
333,District-Murshidabad ,Rural,8,17239,9209,8030,74,50,24,41,26,15,6,1,5,1507,749,758,99,56,43,145,75,70,30,15,15,15337,8237,7100
333,District-Murshidabad ,Rural,9,11439,6297,5142,82,57,25,65,39,26,10,5,5,1668,888,780,125,82,43,150,84,66,25,11,14,9314,5131,4183
333,District-Murshidabad ,Rural,10,15601,8888,6713,164,116,48,117,70,47,44,36,8,3046,1733,1313,209,141,68,236,128,108,84,48,36,11701,6616,5085
333,District-Murshidabad ,Rural,11,13319,7875,5444,515,418,97,314,204,110,96,71,25,3989,2274,1715,346,236,110,330,197,133,84,50,34,7645,4425,3220
333,District-Murshidabad ,Rural,12,19242,11990,7252,1248,1013,235,664,474,190,271,202,69,7017,4158,2859,747,562,185,588,374,214,218,134,84,8489,5073,3416
333,District-Murshidabad ,Rural,13,20767,13063,7704,2064,1646,418,1144,847,297,377,281,96,8229,4878,3351,1025,738,287,751,485,266,231,149,82,6946,4039,2907
333,District-Murshidabad ,Rural,14,29634,18595,11039,4279,3454,825,2306,1740,566,685,513,172,11855,6531,5324,1878,1423,455,1159,768,391,328,208,120,7144,3958,3186
333,District-Murshidabad ,Rural,15,42416,26407,16009,7511,6290,1221,3977,3117,860,1083,871,212,16533,8011,8522,3264,2582,682,1945,1331,614,480,340,140,7623,3865,3758
333,District-Murshidabad ,Rural,16,52674,31799,20875,10959,9254,1705,5749,4452,1297,1386,1047,339,20254,8462,11792,4139,3252,887,2250,1617,633,555,382,173,7382,3333,4049
333,District-Murshidabad ,Rural,17,54739,31484,23255,13026,11099,1927,6265,4812,1453,1412,1044,368,21319,7250,14069,4312,3369,943,2200,1480,720,480,320,160,5725,2110,3615
333,District-Murshidabad ,Rural,18,99445,50307,49138,23234,19641,3593,10689,7819,2870,2136,1498,638,39762,9121,30641,8497,6522,1975,3908,2481,1427,795,441,354,10424,2784,7640
333,District-Murshidabad ,Rural,19,78375,36567,41808,18137,15377,2760,8108,5684,2424,1649,1064,585,32417,5957,26460,6443,4775,1668,3027,1744,1283,590,302,288,8004,1664,6340
333,District-Murshidabad ,Urban,5-19,167349,86641,80708,27182,16650,10532,7555,3987,3568,1559,841,718,30057,13387,16670,14574,7199,7375,4682,2150,2532,1087,465,622,80653,41962,38691
333,District-Murshidabad ,Urban,5,25817,13120,12697,16,13,3,6,4,2,1,1,0,210,107,103,116,65,51,80,39,41,4,2,2,25384,12889,12495
333,District-Murshidabad ,Urban,6,19144,9746,9398,12,8,4,4,3,1,0,0,0,282,147,135,91,54,37,57,26,31,7,2,5,18691,9506,9185
333,District-Murshidabad ,Urban,7,8532,4485,4047,25,17,8,9,3,6,2,0,2,336,175,161,51,26,25,42,18,24,4,2,2,8063,4244,3819
333,District-Murshidabad ,Urban,8,5461,2799,2662,24,11,13,13,8,5,4,2,2,339,155,184,50,22,28,45,16,29,11,3,8,4975,2582,2393
333,District-Murshidabad ,Urban,9,3852,2105,1747,39,19,20,15,5,10,3,1,2,458,242,216,66,34,32,40,18,22,8,4,4,3223,1782,1441
333,District-Murshidabad ,Urban,10,4800,2591,2209,101,51,50,30,14,16,10,4,6,826,419,407,128,59,69,77,35,42,28,9,19,3600,2000,1600
333,District-Murshidabad ,Urban,11,3983,2252,1731,218,129,89,79,36,43,23,13,10,925,519,406,197,99,98,112,52,60,47,22,25,2382,1382,1000
333,District-Murshidabad ,Urban,12,5708,3395,2313,528,328,200,163,95,68,51,25,26,1632,1007,625,476,237,239,184,88,96,70,27,43,2604,1588,1016
333,District-Murshidabad ,Urban,13,5645,3308,2337,836,497,339,253,135,118,64,39,25,1674,995,679,510,284,226,229,118,111,74,37,37,2005,1203,802
333,District-Murshidabad ,Urban,14,7854,4473,3381,1511,916,595,472,276,196,127,84,43,2378,1348,1030,960,505,455,340,168,172,95,45,50,1971,1131,840
333,District-Murshidabad ,Urban,15,10424,5810,4614,2598,1603,995,751,438,313,152,90,62,3032,1563,1469,1414,748,666,501,281,220,123,57,66,1853,1030,823
333,District-Murshidabad ,Urban,16,12598,6874,5724,3628,2254,1374,1010,555,455,245,146,99,3514,1749,1765,1848,919,929,575,289,286,138,74,64,1640,888,752
333,District-Murshidabad ,Urban,17,13466,7105,6361,4309,2696,1613,1261,693,568,238,134,104,3620,1566,2054,2041,1039,1002,601,291,310,126,61,65,1270,625,645
333,District-Murshidabad ,Urban,18,22444,10572,11872,7484,4542,2942,1940,960,980,388,188,200,5936,1976,3960,3678,1717,1961,1024,417,607,212,79,133,1782,693,1089
333,District-Murshidabad ,Urban,19,17621,8006,9615,5853,3566,2287,1549,762,787,251,114,137,4895,1419,3476,2948,1391,1557,775,294,481,140,41,99,1210,419,791
334,District-Birbhum,Total,5-19,376158,194798,181360,37801,32555,5246,27111,20278,6833,9778,6639,3139,104844,36838,68006,15594,11230,4364,11102,6464,4638,4103,2105,1998,165825,78689,87136
334,District-Birbhum,Total,5,57404,29474,27930,17,17,0,13,8,5,2,1,1,388,185,203,421,225,196,145,77,68,30,17,13,56388,28944,27444
334,District-Birbhum,Total,6,37461,19104,18357,27,19,8,16,10,6,0,0,0,632,306,326,234,126,108,89,35,54,34,18,16,36429,18590,17839
334,District-Birbhum,Total,7,13378,6804,6574,46,26,20,15,9,6,5,3,2,787,395,392,108,61,47,57,32,25,13,6,7,12347,6272,6075
334,District-Birbhum,Total,8,8044,4125,3919,42,27,15,24,11,13,9,7,2,1045,519,526,85,54,31,63,30,33,19,10,9,6757,3467,3290
334,District-Birbhum,Total,9,5920,3004,2916,68,46,22,39,26,13,14,11,3,1257,607,650,79,45,34,50,30,20,24,12,12,4389,2227,2162
334,District-Birbhum,Total,10,9802,5118,4684,124,89,35,94,62,32,50,25,25,2412,1275,1137,167,102,65,155,91,64,56,30,26,6744,3444,3300
334,District-Birbhum,Total,11,7978,4168,3810,280,204,76,216,137,79,105,62,43,2913,1444,1469,187,109,78,153,94,59,80,48,32,4044,2070,1974
334,District-Birbhum,Total,12,13680,7358,6322,689,520,169,531,358,173,241,162,79,5432,2763,2669,447,292,155,395,238,157,198,109,89,5747,2916,2831
334,District-Birbhum,Total,13,13675,7085,6590,884,662,222,787,522,265,435,277,158,6025,2884,3141,468,313,155,519,288,231,213,108,105,4344,2031,2313
334,District-Birbhum,Total,14,19277,10361,8916,1851,1488,363,1612,1143,469,781,530,251,8394,3863,4531,951,637,314,778,438,340,339,199,140,4571,2063,2508
334,District-Birbhum,Total,15,26441,14663,11778,3424,2869,555,2763,2062,701,1137,780,357,11026,4760,6266,1589,1183,406,1224,769,455,484,287,197,4794,1953,2841
334,District-Birbhum,Total,16,31602,17651,13951,4921,4229,692,3854,3005,849,1465,1026,439,12617,4835,7782,2113,1569,544,1494,929,565,601,368,233,4537,1690,2847
334,District-Birbhum,Total,17,30677,17156,13521,5703,5023,680,4147,3212,935,1435,1064,371,12076,4170,7906,1999,1528,471,1373,863,510,495,269,226,3449,1027,2422
334,District-Birbhum,Total,18,56462,28767,27695,11151,9853,1298,7494,5766,1728,2333,1599,734,21615,5375,16240,3902,2941,961,2623,1551,1072,873,407,466,6471,1275,5196
334,District-Birbhum,Total,19,44357,19960,24397,8574,7483,1091,5506,3947,1559,1766,1092,674,18225,3457,14768,2844,2045,799,1984,999,985,644,217,427,4814,720,4094
334,District-Birbhum,Rural,5-19,337413,175375,162038,32866,28554,4312,25493,19188,6305,9329,6321,3008,92590,32389,60201,13557,9925,3632,10470,6129,4341,3909,2004,1905,149199,70865,78334
334,District-Birbhum,Rural,5,51485,26400,25085,15,15,0,13,8,5,2,1,1,319,157,162,377,205,172,131,68,63,21,14,7,50607,25932,24675
334,District-Birbhum,Rural,6,33663,17186,16477,24,16,8,14,9,5,0,0,0,517,252,265,217,113,104,84,33,51,24,15,9,32783,16748,16035
334,District-Birbhum,Rural,7,12090,6155,5935,39,20,19,14,9,5,4,2,2,672,336,336,95,55,40,53,28,25,12,6,6,11201,5699,5502
334,District-Birbhum,Rural,8,7222,3697,3525,34,22,12,20,9,11,7,5,2,894,432,462,77,48,29,56,27,29,18,10,8,6116,3144,2972
334,District-Birbhum,Rural,9,5288,2701,2587,63,41,22,33,22,11,12,10,2,1095,533,562,65,40,25,47,28,19,20,10,10,3953,2017,1936
334,District-Birbhum,Rural,10,8776,4569,4207,108,79,29,83,54,29,47,23,24,2157,1135,1022,148,91,57,137,80,57,54,29,25,6042,3078,2964
334,District-Birbhum,Rural,11,7094,3719,3375,225,163,62,194,126,68,99,60,39,2591,1283,1308,160,101,59,137,86,51,72,41,31,3616,1859,1757
334,District-Birbhum,Rural,12,12289,6623,5666,560,427,133,494,333,161,230,153,77,4866,2476,2390,369,250,119,362,221,141,187,102,85,5221,2661,2560
334,District-Birbhum,Rural,13,12318,6442,5876,730,566,164,734,488,246,410,260,150,5461,2633,2828,393,278,115,484,272,212,202,103,99,3904,1842,2062
334,District-Birbhum,Rural,14,17414,9383,8031,1561,1280,281,1500,1073,427,744,503,241,7581,3482,4099,814,559,255,725,412,313,325,191,134,4164,1883,2281
334,District-Birbhum,Rural,15,23895,13343,10552,2969,2528,441,2624,1969,655,1085,750,335,9902,4276,5626,1362,1032,330,1156,734,422,463,273,190,4334,1781,2553
334,District-Birbhum,Rural,16,28480,15999,12481,4269,3698,571,3672,2881,791,1412,990,422,11236,4281,6955,1829,1392,437,1413,877,536,572,353,219,4077,1527,2550
334,District-Birbhum,Rural,17,27354,15373,11981,4948,4397,551,3893,3036,857,1372,1015,357,10552,3578,6974,1716,1333,383,1316,833,483,477,256,221,3080,925,2155
334,District-Birbhum,Rural,18,50506,25912,24594,9814,8733,1081,7037,5452,1585,2210,1513,697,18914,4610,14304,3421,2616,805,2479,1474,1005,837,390,447,5794,1124,4670
334,District-Birbhum,Rural,19,39539,17873,21666,7507,6569,938,5168,3719,1449,1695,1036,659,15833,2925,12908,2514,1812,702,1890,956,934,625,211,414,4307,645,3662
334,District-Birbhum,Urban,5-19,38745,19423,19322,4935,4001,934,1618,1090,528,449,318,131,12254,4449,7805,2037,1305,732,632,335,297,194,101,93,16626,7824,8802
334,District-Birbhum,Urban,5,5919,3074,2845,2,2,0,0,0,0,0,0,0,69,28,41,44,20,24,14,9,5,9,3,6,5781,3012,2769
334,District-Birbhum,Urban,6,3798,1918,1880,3,3,0,2,1,1,0,0,0,115,54,61,17,13,4,5,2,3,10,3,7,3646,1842,1804
334,District-Birbhum,Urban,7,1288,649,639,7,6,1,1,0,1,1,1,0,115,59,56,13,6,7,4,4,0,1,0,1,1146,573,573
334,District-Birbhum,Urban,8,822,428,394,8,5,3,4,2,2,2,2,0,151,87,64,8,6,2,7,3,4,1,0,1,641,323,318
334,District-Birbhum,Urban,9,632,303,329,5,5,0,6,4,2,2,1,1,162,74,88,14,5,9,3,2,1,4,2,2,436,210,226
334,District-Birbhum,Urban,10,1026,549,477,16,10,6,11,8,3,3,2,1,255,140,115,19,11,8,18,11,7,2,1,1,702,366,336
334,District-Birbhum,Urban,11,884,449,435,55,41,14,22,11,11,6,2,4,322,161,161,27,8,19,16,8,8,8,7,1,428,211,217
334,District-Birbhum,Urban,12,1391,735,656,129,93,36,37,25,12,11,9,2,566,287,279,78,42,36,33,17,16,11,7,4,526,255,271
334,District-Birbhum,Urban,13,1357,643,714,154,96,58,53,34,19,25,17,8,564,251,313,75,35,40,35,16,19,11,5,6,440,189,251
334,District-Birbhum,Urban,14,1863,978,885,290,208,82,112,70,42,37,27,10,813,381,432,137,78,59,53,26,27,14,8,6,407,180,227
334,District-Birbhum,Urban,15,2546,1320,1226,455,341,114,139,93,46,52,30,22,1124,484,640,227,151,76,68,35,33,21,14,7,460,172,288
334,District-Birbhum,Urban,16,3122,1652,1470,652,531,121,182,124,58,53,36,17,1381,554,827,284,177,107,81,52,29,29,15,14,460,163,297
334,District-Birbhum,Urban,17,3323,1783,1540,755,626,129,254,176,78,63,49,14,1524,592,932,283,195,88,57,30,27,18,13,5,369,102,267
334,District-Birbhum,Urban,18,5956,2855,3101,1337,1120,217,457,314,143,123,86,37,2701,765,1936,481,325,156,144,77,67,36,17,19,677,151,526
334,District-Birbhum,Urban,19,4818,2087,2731,1067,914,153,338,228,110,71,56,15,2392,532,1860,330,233,97,94,43,51,19,6,13,507,75,432
335,District-Barddhaman ,Total,5-19,685710,353696,332014,82157,69860,12297,44028,31558,12470,12111,8624,3487,234217,89512,144705,23097,15885,7212,15433,8561,6872,4161,2128,2033,270506,127568,142938
335,District-Barddhaman ,Total,5,98522,50752,47770,63,51,12,39,21,18,2,1,1,1271,657,614,595,327,268,487,261,226,30,15,15,96035,49419,46616
335,District-Barddhaman ,Total,6,64785,33384,31401,70,54,16,39,28,11,4,2,2,2009,1004,1005,368,205,163,360,207,153,16,7,9,61919,31877,30042
335,District-Barddhaman ,Total,7,20132,10170,9962,138,94,44,67,43,24,6,6,0,2452,1232,1220,153,86,67,166,90,76,8,2,6,17142,8617,8525
335,District-Barddhaman ,Total,8,12447,6224,6223,138,102,36,63,38,25,8,4,4,2732,1355,1377,114,66,48,124,67,57,11,8,3,9257,4584,4673
335,District-Barddhaman ,Total,9,9897,5063,4834,163,109,54,105,67,38,18,12,6,2852,1460,1392,111,65,46,125,69,56,21,12,9,6502,3269,3233
335,District-Barddhaman ,Total,10,15536,8036,7500,296,195,101,164,109,55,42,25,17,4643,2400,2243,227,146,81,209,109,100,51,33,18,9904,5019,4885
335,District-Barddhaman ,Total,11,13229,6908,6321,651,527,124,374,253,121,108,74,34,5600,2830,2770,299,195,104,302,170,132,72,43,29,5823,2816,3007
335,District-Barddhaman ,Total,12,20805,11106,9699,1381,1122,259,798,535,263,260,163,97,9651,4907,4744,597,386,211,484,271,213,146,88,58,7488,3634,3854
335,District-Barddhaman ,Total,13,22484,11829,10655,1922,1544,378,1155,767,388,392,282,110,11466,5645,5821,723,452,271,520,276,244,168,88,80,6138,2775,3363
335,District-Barddhaman ,Total,14,32521,17326,15195,3576,2909,667,2122,1429,693,765,525,240,16564,8004,8560,1234,817,417,956,531,425,276,150,126,7028,2961,4067
335,District-Barddhaman ,Total,15,46640,25472,21168,6704,5515,1189,4008,2892,1116,1277,931,346,22476,10426,12050,2316,1580,736,1519,848,671,483,267,216,7857,3013,4844
335,District-Barddhaman ,Total,16,58384,31867,26517,10090,8562,1528,5685,4141,1544,1716,1292,424,27733,11587,16146,2901,2017,884,1869,1126,743,538,300,238,7852,2842,5010
335,District-Barddhaman ,Total,17,64210,34992,29218,12996,11154,1842,7048,5251,1797,1918,1401,517,30061,11446,18615,3061,2201,860,1906,1138,768,528,277,251,6692,2124,4568
335,District-Barddhaman ,Total,18,111542,56574,54968,23671,20568,3103,12202,8911,3291,3140,2218,922,50602,15429,35173,5746,4152,1594,3508,1967,1541,1004,487,517,11669,2842,8827
335,District-Barddhaman ,Total,19,94576,43993,50583,20298,17354,2944,10159,7073,3086,2455,1688,767,44105,11130,32975,4652,3190,1462,2898,1431,1467,809,351,458,9200,1776,7424
335,District-Barddhaman ,Rural,5-19,438171,228379,209792,61210,52055,9155,33456,24122,9334,9904,6853,3051,144940,52580,92360,15999,10773,5226,10590,5815,4775,3140,1478,1662,158932,74703,84229
335,District-Barddhaman ,Rural,5,61185,31336,29849,27,21,6,15,10,5,2,1,1,669,351,318,331,185,146,221,120,101,17,7,10,59903,30641,29262
335,District-Barddhaman ,Rural,6,39278,20188,19090,43,34,9,21,16,5,3,2,1,1090,536,554,198,113,85,151,87,64,10,3,7,37762,19397,18365
335,District-Barddhaman ,Rural,7,11480,5828,5652,74,55,19,35,23,12,2,2,0,1166,592,574,78,43,35,69,37,32,4,2,2,10052,5074,4978
335,District-Barddhaman ,Rural,8,6412,3268,3144,78,59,19,34,22,12,5,3,2,1326,655,671,59,31,28,54,31,23,7,4,3,4849,2463,2386
335,District-Barddhaman ,Rural,9,5182,2707,2475,94,63,31,56,36,20,14,9,5,1452,762,690,59,32,27,49,32,17,12,6,6,3446,1767,1679
335,District-Barddhaman ,Rural,10,8449,4368,4081,179,121,58,91,60,31,32,18,14,2613,1359,1254,116,73,43,114,62,52,32,20,12,5272,2655,2617
335,District-Barddhaman ,Rural,11,7416,3897,3519,420,333,87,241,164,77,80,52,28,3162,1615,1547,184,120,64,160,80,80,53,29,24,3116,1504,1612
335,District-Barddhaman ,Rural,12,12542,6822,5720,953,776,177,534,363,171,215,132,83,5950,3071,2879,375,223,152,310,176,134,109,60,49,4096,2021,2075
335,District-Barddhaman ,Rural,13,14093,7584,6509,1327,1074,253,835,545,290,334,237,97,7227,3614,3613,496,306,190,346,196,150,126,64,62,3402,1548,1854
335,District-Barddhaman ,Rural,14,21177,11560,9617,2641,2129,512,1636,1119,517,639,430,209,10721,5258,5463,853,557,296,652,356,296,200,106,94,3835,1605,2230
335,District-Barddhaman ,Rural,15,30795,17157,13638,5044,4160,884,3086,2247,839,1056,764,292,14329,6533,7796,1614,1076,538,1060,602,458,362,191,171,4244,1584,2660
335,District-Barddhaman ,Rural,16,38912,21755,17157,7599,6464,1135,4416,3245,1171,1444,1069,375,17469,7075,10394,2080,1445,635,1341,799,542,422,229,193,4141,1429,2712
335,District-Barddhaman ,Rural,17,43209,24163,19046,9934,8551,1383,5437,4089,1348,1559,1104,455,18812,6834,11978,2140,1536,604,1353,803,550,395,198,197,3579,1048,2531
335,District-Barddhaman ,Rural,18,75316,38519,36797,17857,15498,2359,9399,6885,2514,2530,1731,799,31766,8527,23239,4133,2879,1254,2588,1423,1165,771,332,439,6272,1244,5028
335,District-Barddhaman ,Rural,19,62725,29227,33498,14940,12717,2223,7620,5298,2322,1989,1299,690,27188,5798,21390,3283,2154,1129,2122,1011,1111,620,227,393,4963,723,4240
335,District-Barddhaman ,Urban,5-19,247539,125317,122222,20947,17805,3142,10572,7436,3136,2207,1771,436,89277,36932,52345,7098,5112,1986,4843,2746,2097,1021,650,371,111574,52865,58709
335,District-Barddhaman ,Urban,5,37337,19416,17921,36,30,6,24,11,13,0,0,0,602,306,296,264,142,122,266,141,125,13,8,5,36132,18778,17354
335,District-Barddhaman ,Urban,6,25507,13196,12311,27,20,7,18,12,6,1,0,1,919,468,451,170,92,78,209,120,89,6,4,2,24157,12480,11677
335,District-Barddhaman ,Urban,7,8652,4342,4310,64,39,25,32,20,12,4,4,0,1286,640,646,75,43,32,97,53,44,4,0,4,7090,3543,3547
335,District-Barddhaman ,Urban,8,6035,2956,3079,60,43,17,29,16,13,3,1,2,1406,700,706,55,35,20,70,36,34,4,4,0,4408,2121,2287
335,District-Barddhaman ,Urban,9,4715,2356,2359,69,46,23,49,31,18,4,3,1,1400,698,702,52,33,19,76,37,39,9,6,3,3056,1502,1554
335,District-Barddhaman ,Urban,10,7087,3668,3419,117,74,43,73,49,24,10,7,3,2030,1041,989,111,73,38,95,47,48,19,13,6,4632,2364,2268
335,District-Barddhaman ,Urban,11,5813,3011,2802,231,194,37,133,89,44,28,22,6,2438,1215,1223,115,75,40,142,90,52,19,14,5,2707,1312,1395
335,District-Barddhaman ,Urban,12,8263,4284,3979,428,346,82,264,172,92,45,31,14,3701,1836,1865,222,163,59,174,95,79,37,28,9,3392,1613,1779
335,District-Barddhaman ,Urban,13,8391,4245,4146,595,470,125,320,222,98,58,45,13,4239,2031,2208,227,146,81,174,80,94,42,24,18,2736,1227,1509
335,District-Barddhaman ,Urban,14,11344,5766,5578,935,780,155,486,310,176,126,95,31,5843,2746,3097,381,260,121,304,175,129,76,44,32,3193,1356,1837
335,District-Barddhaman ,Urban,15,15845,8315,7530,1660,1355,305,922,645,277,221,167,54,8147,3893,4254,702,504,198,459,246,213,121,76,45,3613,1429,2184
335,District-Barddhaman ,Urban,16,19472,10112,9360,2491,2098,393,1269,896,373,272,223,49,10264,4512,5752,821,572,249,528,327,201,116,71,45,3711,1413,2298
335,District-Barddhaman ,Urban,17,21001,10829,10172,3062,2603,459,1611,1162,449,359,297,62,11249,4612,6637,921,665,256,553,335,218,133,79,54,3113,1076,2037
335,District-Barddhaman ,Urban,18,36226,18055,18171,5814,5070,744,2803,2026,777,610,487,123,18836,6902,11934,1613,1273,340,920,544,376,233,155,78,5397,1598,3799
335,District-Barddhaman ,Urban,19,31851,14766,17085,5358,4637,721,2539,1775,764,466,389,77,16917,5332,11585,1369,1036,333,776,420,356,189,124,65,4237,1053,3184
336,District-Nadia ,Total,5-19,376833,196741,180092,53563,47240,6323,16734,12746,3988,3895,2927,968,135236,47054,88182,12446,9935,2511,4055,2722,1333,874,584,290,150030,73533,76497
336,District-Nadia ,Total,5,60995,31215,29780,34,24,10,4,3,1,0,0,0,551,276,275,165,92,73,132,55,77,2,1,1,60107,30764,29343
336,District-Nadia ,Total,6,40231,20742,19489,23,22,1,14,10,4,0,0,0,784,409,375,87,44,43,79,36,43,7,6,1,39237,20215,19022
336,District-Nadia ,Total,7,11068,5737,5331,31,23,8,10,3,7,3,1,2,721,354,367,51,32,19,36,19,17,4,1,3,10212,5304,4908
336,District-Nadia ,Total,8,5001,2594,2407,43,32,11,20,13,7,2,1,1,800,397,403,60,38,22,37,20,17,10,7,3,4029,2086,1943
336,District-Nadia ,Total,9,3649,1930,1719,34,18,16,18,8,10,11,8,3,834,433,401,43,21,22,24,13,11,7,5,2,2678,1424,1254
336,District-Nadia ,Total,10,5741,3105,2636,81,57,24,35,18,17,12,10,2,1322,726,596,103,67,36,73,43,30,15,7,8,4100,2177,1923
336,District-Nadia ,Total,11,5117,2845,2272,329,276,53,105,73,32,26,18,8,1944,1013,931,152,107,45,71,37,34,26,12,14,2464,1309,1155
336,District-Nadia ,Total,12,7737,4484,3253,694,568,126,240,170,70,74,59,15,3456,1864,1592,338,244,94,130,70,60,31,18,13,2774,1491,1283
336,District-Nadia ,Total,13,9330,5493,3837,1032,828,204,357,257,100,119,99,20,4755,2633,2122,366,254,112,173,94,79,47,32,15,2481,1296,1185
336,District-Nadia ,Total,14,13963,8357,5606,2013,1680,333,722,559,163,225,179,46,7309,3885,3424,633,470,163,274,178,96,59,43,16,2728,1363,1365
336,District-Nadia ,Total,15,22313,13340,8973,3978,3428,550,1465,1146,319,369,308,61,11404,5631,5773,1262,990,272,405,289,116,108,65,43,3322,1483,1839
336,District-Nadia ,Total,16,29908,17132,12776,6183,5381,802,2140,1686,454,579,440,139,15587,6640,8947,1547,1232,315,512,370,142,112,86,26,3248,1297,1951
336,District-Nadia ,Total,17,36422,20299,16123,8692,7689,1003,2740,2141,599,642,494,148,18994,7013,11981,1691,1390,301,534,396,138,99,70,29,3030,1106,1924
336,District-Nadia ,Total,18,67404,32910,34494,16118,14411,1707,4895,3725,1170,1019,744,275,35328,9008,26320,3452,2873,579,906,647,259,201,131,70,5485,1371,4114
336,District-Nadia ,Total,19,57954,26558,31396,14278,12803,1475,3969,2934,1035,814,566,248,31447,6772,24675,2496,2081,415,669,455,214,146,100,46,4135,847,3288
336,District-Nadia ,Rural,5-19,294177,154233,139944,39565,36123,3442,13371,10693,2678,3201,2448,753,103022,34761,68261,10493,8595,1898,3424,2397,1027,754,507,247,120347,58709,61638
336,District-Nadia ,Rural,5,48007,24559,23448,23,17,6,0,0,0,0,0,0,357,179,178,119,72,47,86,38,48,2,1,1,47420,24252,23168
336,District-Nadia ,Rural,6,31338,16145,15193,16,15,1,9,6,3,0,0,0,553,290,263,60,28,32,59,27,32,4,4,0,30637,15775,14862
336,District-Nadia ,Rural,7,9101,4736,4365,18,13,5,8,3,5,1,0,1,489,234,255,40,25,15,28,16,12,1,0,1,8516,4445,4071
336,District-Nadia ,Rural,8,4096,2136,1960,25,20,5,15,10,5,2,1,1,552,272,280,48,29,19,20,12,8,8,5,3,3426,1787,1639
336,District-Nadia ,Rural,9,2889,1543,1346,22,12,10,5,2,3,3,3,0,578,297,281,34,18,16,17,10,7,2,0,2,2228,1201,1027
336,District-Nadia ,Rural,10,4525,2459,2066,59,41,18,26,13,13,7,6,1,947,510,437,86,58,28,53,33,20,12,5,7,3335,1793,1542
336,District-Nadia ,Rural,11,3956,2200,1756,199,171,28,77,54,23,21,16,5,1417,751,666,119,88,31,61,31,30,17,8,9,2045,1081,964
336,District-Nadia ,Rural,12,6025,3490,2535,455,385,70,177,129,48,58,47,11,2617,1419,1198,275,203,72,99,59,40,27,16,11,2317,1232,1085
336,District-Nadia ,Rural,13,7304,4310,2994,723,608,115,275,207,68,93,78,15,3642,2015,1627,315,220,95,157,90,67,43,30,13,2056,1062,994
336,District-Nadia ,Rural,14,10894,6595,4299,1454,1261,193,586,477,109,187,150,37,5567,2970,2597,540,413,127,228,151,77,53,39,14,2279,1134,1145
336,District-Nadia ,Rural,15,17364,10501,6863,2916,2610,306,1167,957,210,315,267,48,8679,4251,4428,1086,873,213,353,259,94,100,60,40,2748,1224,1524
336,District-Nadia ,Rural,16,23447,13552,9895,4611,4162,449,1741,1445,296,489,377,112,12027,5032,6995,1302,1065,237,443,329,114,101,75,26,2733,1067,1666
336,District-Nadia ,Rural,17,27998,15648,12350,6323,5799,524,2208,1802,406,522,408,114,14433,5141,9292,1424,1186,238,465,354,111,86,61,25,2537,897,1640
336,District-Nadia ,Rural,18,52765,25924,26841,12126,11205,921,3978,3181,797,843,622,221,27300,6616,20684,2937,2514,423,776,578,198,175,116,59,4630,1092,3538
336,District-Nadia ,Rural,19,44468,20435,24033,10595,9804,791,3099,2407,692,660,473,187,23864,4784,19080,2108,1803,305,579,410,169,123,87,36,3440,667,2773
336,District-Nadia ,Urban,5-19,82656,42508,40148,13998,11117,2881,3363,2053,1310,694,479,215,32214,12293,19921,1953,1340,613,631,325,306,120,77,43,29683,14824,14859
336,District-Nadia ,Urban,5,12988,6656,6332,11,7,4,4,3,1,0,0,0,194,97,97,46,20,26,46,17,29,0,0,0,12687,6512,6175
336,District-Nadia ,Urban,6,8893,4597,4296,7,7,0,5,4,1,0,0,0,231,119,112,27,16,11,20,9,11,3,2,1,8600,4440,4160
336,District-Nadia ,Urban,7,1967,1001,966,13,10,3,2,0,2,2,1,1,232,120,112,11,7,4,8,3,5,3,1,2,1696,859,837
336,District-Nadia ,Urban,8,905,458,447,18,12,6,5,3,2,0,0,0,248,125,123,12,9,3,17,8,9,2,2,0,603,299,304
336,District-Nadia ,Urban,9,760,387,373,12,6,6,13,6,7,8,5,3,256,136,120,9,3,6,7,3,4,5,5,0,450,223,227
336,District-Nadia ,Urban,10,1216,646,570,22,16,6,9,5,4,5,4,1,375,216,159,17,9,8,20,10,10,3,2,1,765,384,381
336,District-Nadia ,Urban,11,1161,645,516,130,105,25,28,19,9,5,2,3,527,262,265,33,19,14,10,6,4,9,4,5,419,228,191
336,District-Nadia ,Urban,12,1712,994,718,239,183,56,63,41,22,16,12,4,839,445,394,63,41,22,31,11,20,4,2,2,457,259,198
336,District-Nadia ,Urban,13,2026,1183,843,309,220,89,82,50,32,26,21,5,1113,618,495,51,34,17,16,4,12,4,2,2,425,234,191
336,District-Nadia ,Urban,14,3069,1762,1307,559,419,140,136,82,54,38,29,9,1742,915,827,93,57,36,46,27,19,6,4,2,449,229,220
336,District-Nadia ,Urban,15,4949,2839,2110,1062,818,244,298,189,109,54,41,13,2725,1380,1345,176,117,59,52,30,22,8,5,3,574,259,315
336,District-Nadia ,Urban,16,6461,3580,2881,1572,1219,353,399,241,158,90,63,27,3560,1608,1952,245,167,78,69,41,28,11,11,0,515,230,285
336,District-Nadia ,Urban,17,8424,4651,3773,2369,1890,479,532,339,193,120,86,34,4561,1872,2689,267,204,63,69,42,27,13,9,4,493,209,284
336,District-Nadia ,Urban,18,14639,6986,7653,3992,3206,786,917,544,373,176,122,54,8028,2392,5636,515,359,156,130,69,61,26,15,11,855,279,576
336,District-Nadia ,Urban,19,13486,6123,7363,3683,2999,684,870,527,343,154,93,61,7583,1988,5595,388,278,110,90,45,45,23,13,10,695,180,515
337,District-North Twenty Four Parganas,Total,5-19,747220,390883,356337,97432,85379,12053,31307,24499,6808,12777,8638,4139,292698,110433,182265,20211,15474,4737,7049,4723,2326,3511,2063,1448,282235,139674,142561
337,District-North Twenty Four Parganas,Total,5,108257,55750,52507,117,102,15,24,16,8,14,8,6,2120,1019,1101,771,442,329,155,59,96,255,144,111,104801,53960,50841
337,District-North Twenty Four Parganas,Total,6,75624,38717,36907,113,91,22,26,17,9,27,16,11,3149,1570,1579,528,326,202,95,50,45,185,94,91,71501,36553,34948
337,District-North Twenty Four Parganas,Total,7,24204,12464,11740,200,137,63,25,16,9,38,26,12,3662,1813,1849,205,125,80,51,20,31,87,41,46,19936,10286,9650
337,District-North Twenty Four Parganas,Total,8,14211,7329,6882,226,156,70,46,28,18,47,28,19,3640,1841,1799,168,94,74,47,22,25,68,37,31,9969,5123,4846
337,District-North Twenty Four Parganas,Total,9,12096,6273,5823,240,140,100,44,22,22,56,33,23,4122,2098,2024,162,101,61,65,29,36,77,40,37,7330,3810,3520
337,District-North Twenty Four Parganas,Total,10,17383,9388,7995,468,338,130,128,86,42,110,71,39,5965,3211,2754,341,222,119,110,62,48,103,53,50,10158,5345,4813
337,District-North Twenty Four Parganas,Total,11,15794,8847,6947,1166,986,180,299,228,71,204,140,64,7259,3762,3497,357,239,118,166,99,67,120,76,44,6223,3317,2906
337,District-North Twenty Four Parganas,Total,12,21807,12722,9085,2228,1825,403,689,550,139,385,280,105,10724,5723,5001,714,508,206,301,197,104,192,117,75,6574,3522,3052
337,District-North Twenty Four Parganas,Total,13,23784,14014,9770,2988,2495,493,973,773,200,517,367,150,12639,6711,5928,776,557,219,366,239,127,203,122,81,5322,2750,2572
337,District-North Twenty Four Parganas,Total,14,33356,19916,13440,5094,4409,685,1835,1462,373,926,669,257,17688,9084,8604,1254,905,349,518,377,141,246,166,80,5795,2844,2951
337,District-North Twenty Four Parganas,Total,15,47270,27682,19588,8153,7062,1091,2863,2339,524,1364,978,386,25412,12105,13307,2067,1586,481,787,545,242,344,221,123,6280,2846,3434
337,District-North Twenty Four Parganas,Total,16,59096,33373,25723,11485,10032,1453,4083,3288,795,1674,1189,485,31845,13545,18300,2384,1914,470,881,607,274,368,229,139,6376,2569,3807
337,District-North Twenty Four Parganas,Total,17,69845,38163,31682,14973,13358,1615,4972,4024,948,1880,1288,592,38489,14336,24153,2531,2064,467,919,651,268,332,205,127,5749,2237,3512
337,District-North Twenty Four Parganas,Total,18,116707,57049,59658,25663,22712,2951,8095,6286,1809,2937,1962,975,64902,18541,46361,4335,3513,822,1417,996,421,503,299,204,8855,2740,6115
337,District-North Twenty Four Parganas,Total,19,107786,49196,58590,24318,21536,2782,7205,5364,1841,2598,1583,1015,61082,15074,46008,3618,2878,740,1171,770,401,428,219,209,7366,1772,5594
337,District-North Twenty Four Parganas,Rural,5-19,415892,222478,193414,59609,54019,5590,25033,19741,5292,9208,6329,2879,152916,53811,99105,12387,10004,2383,5520,3740,1780,2274,1368,906,148945,73466,75479
337,District-North Twenty Four Parganas,Rural,5,56241,28905,27336,44,39,5,14,8,6,4,3,1,699,324,375,279,159,120,89,38,51,89,51,38,55023,28283,26740
337,District-North Twenty Four Parganas,Rural,6,38388,19657,18731,48,41,7,18,12,6,14,5,9,1102,565,537,171,103,68,53,30,23,67,41,26,36915,18860,18055
337,District-North Twenty Four Parganas,Rural,7,13212,6839,6373,65,51,14,12,8,4,10,9,1,1379,696,683,89,55,34,28,8,20,47,24,23,11582,5988,5594
337,District-North Twenty Four Parganas,Rural,8,7486,3888,3598,94,70,24,30,19,11,19,10,9,1544,757,787,98,59,39,34,19,15,39,23,16,5628,2931,2697
337,District-North Twenty Four Parganas,Rural,9,6035,3241,2794,101,65,36,26,13,13,30,20,10,1795,951,844,83,53,30,41,21,20,42,20,22,3917,2098,1819
337,District-North Twenty Four Parganas,Rural,10,8528,4717,3811,223,175,48,90,63,27,63,44,19,2682,1496,1186,180,126,54,92,50,42,67,38,29,5131,2725,2406
337,District-North Twenty Four Parganas,Rural,11,8029,4752,3277,564,506,58,221,183,38,130,94,36,3529,1949,1580,191,147,44,131,82,49,74,45,29,3189,1746,1443
337,District-North Twenty Four Parganas,Rural,12,11860,7381,4479,1193,1026,167,529,428,101,290,221,69,5574,3166,2408,429,331,98,239,164,75,120,79,41,3486,1966,1520
337,District-North Twenty Four Parganas,Rural,13,13645,8592,5053,1775,1560,215,788,646,142,371,281,90,6865,3883,2982,504,390,114,296,195,101,138,88,50,2908,1549,1359
337,District-North Twenty Four Parganas,Rural,14,19460,12342,7118,3204,2891,313,1505,1221,284,690,514,176,9698,5176,4522,760,595,165,407,302,105,170,116,54,3026,1527,1499
337,District-North Twenty Four Parganas,Rural,15,27366,16907,10459,5061,4572,489,2316,1911,405,1021,754,267,13582,6576,7006,1300,1053,247,599,419,180,254,169,85,3233,1453,1780
337,District-North Twenty Four Parganas,Rural,16,35087,20753,14334,7463,6766,697,3385,2768,617,1286,928,358,17039,7026,10013,1568,1317,251,709,497,212,268,164,104,3369,1287,2082
337,District-North Twenty Four Parganas,Rural,17,40817,22851,17966,9509,8703,806,4034,3255,779,1395,969,426,20304,6799,13505,1638,1384,254,734,521,213,234,141,93,2969,1079,1890
337,District-North Twenty Four Parganas,Rural,18,68148,33430,34718,15776,14357,1419,6413,4992,1421,2083,1381,702,34885,8129,26756,2807,2353,454,1137,788,349,365,210,155,4682,1220,3462
337,District-North Twenty Four Parganas,Rural,19,61590,28223,33367,14489,13197,1292,5652,4214,1438,1802,1096,706,32239,6318,25921,2290,1879,411,931,606,325,300,159,141,3887,754,3133
337,District-North Twenty Four Parganas,Urban,5-19,331328,168405,162923,37823,31360,6463,6274,4758,1516,3569,2309,1260,139782,56622,83160,7824,5470,2354,1529,983,546,1237,695,542,133290,66208,67082
337,District-North Twenty Four Parganas,Urban,5,52016,26845,25171,73,63,10,10,8,2,10,5,5,1421,695,726,492,283,209,66,21,45,166,93,73,49778,25677,24101
337,District-North Twenty Four Parganas,Urban,6,37236,19060,18176,65,50,15,8,5,3,13,11,2,2047,1005,1042,357,223,134,42,20,22,118,53,65,34586,17693,16893
337,District-North Twenty Four Parganas,Urban,7,10992,5625,5367,135,86,49,13,8,5,28,17,11,2283,1117,1166,116,70,46,23,12,11,40,17,23,8354,4298,4056
337,District-North Twenty Four Parganas,Urban,8,6725,3441,3284,132,86,46,16,9,7,28,18,10,2096,1084,1012,70,35,35,13,3,10,29,14,15,4341,2192,2149
337,District-North Twenty Four Parganas,Urban,9,6061,3032,3029,139,75,64,18,9,9,26,13,13,2327,1147,1180,79,48,31,24,8,16,35,20,15,3413,1712,1701
337,District-North Twenty Four Parganas,Urban,10,8855,4671,4184,245,163,82,38,23,15,47,27,20,3283,1715,1568,161,96,65,18,12,6,36,15,21,5027,2620,2407
337,District-North Twenty Four Parganas,Urban,11,7765,4095,3670,602,480,122,78,45,33,74,46,28,3730,1813,1917,166,92,74,35,17,18,46,31,15,3034,1571,1463
337,District-North Twenty Four Parganas,Urban,12,9947,5341,4606,1035,799,236,160,122,38,95,59,36,5150,2557,2593,285,177,108,62,33,29,72,38,34,3088,1556,1532
337,District-North Twenty Four Parganas,Urban,13,10139,5422,4717,1213,935,278,185,127,58,146,86,60,5774,2828,2946,272,167,105,70,44,26,65,34,31,2414,1201,1213
337,District-North Twenty Four Parganas,Urban,14,13896,7574,6322,1890,1518,372,330,241,89,236,155,81,7990,3908,4082,494,310,184,111,75,36,76,50,26,2769,1317,1452
337,District-North Twenty Four Parganas,Urban,15,19904,10775,9129,3092,2490,602,547,428,119,343,224,119,11830,5529,6301,767,533,234,188,126,62,90,52,38,3047,1393,1654
337,District-North Twenty Four Parganas,Urban,16,24009,12620,11389,4022,3266,756,698,520,178,388,261,127,14806,6519,8287,816,597,219,172,110,62,100,65,35,3007,1282,1725
337,District-North Twenty Four Parganas,Urban,17,29028,15312,13716,5464,4655,809,938,769,169,485,319,166,18185,7537,10648,893,680,213,185,130,55,98,64,34,2780,1158,1622
337,District-North Twenty Four Parganas,Urban,18,48559,23619,24940,9887,8355,1532,1682,1294,388,854,581,273,30017,10412,19605,1528,1160,368,280,208,72,138,89,49,4173,1520,2653
337,District-North Twenty Four Parganas,Urban,19,46196,20973,25223,9829,8339,1490,1553,1150,403,796,487,309,28843,8756,20087,1328,999,329,240,164,76,128,60,68,3479,1018,2461
338,District-Hugli ,Total,5-19,410297,217372,192925,65090,56186,8904,28256,19839,8417,8476,5753,2723,151497,56303,95194,10859,7216,3643,5537,2964,2573,1469,761,708,139113,68350,70763
338,District-Hugli ,Total,5,60831,31432,29399,60,48,12,38,16,22,5,3,2,976,477,499,322,193,129,224,107,117,19,10,9,59187,30578,28609
338,District-Hugli ,Total,6,39827,20406,19421,58,41,17,25,16,9,4,3,1,1520,743,777,193,109,84,159,80,79,11,3,8,37857,19411,18446
338,District-Hugli ,Total,7,10302,5161,5141,80,57,23,43,18,25,6,6,0,1590,791,799,86,53,33,53,26,27,6,2,4,8438,4208,4230
338,District-Hugli ,Total,8,5655,2900,2755,82,62,20,62,31,31,8,5,3,1668,856,812,70,43,27,63,33,30,9,6,3,3693,1864,1829
338,District-Hugli ,Total,9,4477,2281,2196,101,71,30,48,18,30,9,7,2,1689,824,865,70,39,31,37,20,17,9,4,5,2514,1298,1216
338,District-Hugli ,Total,10,6891,3634,3257,181,131,50,109,73,36,24,15,9,2526,1309,1217,143,81,62,102,66,36,21,13,8,3785,1946,1839
338,District-Hugli ,Total,11,6560,3551,3009,488,405,83,226,145,81,76,48,28,3328,1705,1623,175,102,73,100,53,47,40,25,15,2127,1068,1059
338,District-Hugli ,Total,12,9857,5714,4143,1000,844,156,462,325,137,169,128,41,5321,2869,2452,341,209,132,189,104,85,56,26,30,2319,1209,1110
338,District-Hugli ,Total,13,11481,6770,4711,1512,1265,247,726,535,191,290,213,77,6306,3373,2933,378,237,141,212,120,92,60,37,23,1997,990,1007
338,District-Hugli ,Total,14,17794,10671,7123,2954,2500,454,1408,999,409,521,375,146,9667,5046,4621,615,415,200,324,186,138,94,55,39,2211,1095,1116
338,District-Hugli ,Total,15,27256,15996,11260,5449,4617,832,2528,1809,719,949,669,280,13839,6698,7141,1071,710,361,503,283,220,162,94,68,2755,1116,1639
338,District-Hugli ,Total,16,35472,20661,14811,8094,7003,1091,3815,2768,1047,1267,866,401,17637,7689,9948,1307,880,427,613,355,258,198,108,90,2541,992,1549
338,District-Hugli ,Total,17,41278,23364,17914,10516,9170,1346,4661,3364,1297,1360,965,395,20162,7635,12527,1353,935,418,651,346,305,202,106,96,2373,843,1530
338,District-Hugli ,Total,18,70641,35939,34702,18317,15924,2393,7784,5478,2306,2108,1417,691,34211,9446,24765,2583,1781,802,1294,708,586,314,158,156,4030,1027,3003
338,District-Hugli ,Total,19,61975,28892,33083,16198,14048,2150,6321,4244,2077,1680,1033,647,31057,6842,24215,2152,1429,723,1013,477,536,268,114,154,3286,705,2581
338,District-Hugli ,Rural,5-19,277730,148605,129125,47734,41256,6478,22775,16243,6532,7448,4989,2459,99604,35905,63699,7261,4660,2601,3990,2074,1916,1258,616,642,87660,42862,44798
338,District-Hugli ,Rural,5,39518,20338,19180,31,22,9,17,9,8,4,2,2,520,256,264,179,110,69,125,55,70,12,6,6,38630,19878,18752
338,District-Hugli ,Rural,6,25058,12862,12196,23,17,6,14,9,5,4,3,1,841,402,439,115,62,53,70,36,34,9,2,7,23982,12331,11651
338,District-Hugli ,Rural,7,6278,3211,3067,50,34,16,23,8,15,4,4,0,906,451,455,54,37,17,30,13,17,5,1,4,5206,2663,2543
338,District-Hugli ,Rural,8,3191,1588,1603,43,34,9,35,16,19,7,4,3,909,454,455,40,25,15,37,19,18,6,4,2,2114,1032,1082
338,District-Hugli ,Rural,9,2526,1283,1243,54,36,18,26,7,19,7,5,2,945,461,484,43,21,22,17,13,4,9,4,5,1425,736,689
338,District-Hugli ,Rural,10,3925,2121,1804,98,72,26,64,42,22,20,11,9,1447,784,663,78,46,32,50,33,17,15,9,6,2153,1124,1029
338,District-Hugli ,Rural,11,3814,2091,1723,289,239,50,155,94,61,62,40,22,1951,1037,914,93,51,42,63,32,31,31,17,14,1170,581,589
338,District-Hugli ,Rural,12,6293,3719,2574,662,556,106,331,231,100,155,119,36,3466,1935,1531,195,113,82,107,58,49,46,17,29,1331,690,641
338,District-Hugli ,Rural,13,7789,4705,3084,1056,895,161,573,430,143,248,180,68,4275,2349,1926,247,151,96,144,82,62,50,31,19,1196,587,609
338,District-Hugli ,Rural,14,12507,7647,4860,2147,1817,330,1144,824,320,462,329,133,6691,3569,3122,409,273,136,233,131,102,80,45,35,1341,659,682
338,District-Hugli ,Rural,15,19232,11483,7749,4038,3434,604,2058,1498,560,858,595,263,9380,4570,4810,711,461,250,359,203,156,137,76,61,1691,646,1045
338,District-Hugli ,Rural,16,25461,15141,10320,6161,5361,800,3144,2306,838,1127,757,370,11952,5192,6760,892,579,313,456,260,196,168,91,77,1561,595,966
338,District-Hugli ,Rural,17,29087,16747,12340,7834,6843,991,3766,2749,1017,1194,850,344,13293,4885,8408,933,633,300,492,256,236,174,89,85,1401,442,959
338,District-Hugli ,Rural,18,50135,25688,24447,13628,11834,1794,6332,4564,1768,1853,1222,631,22790,5681,17109,1806,1186,620,997,526,471,278,131,147,2451,544,1907
338,District-Hugli ,Rural,19,42916,19981,22935,11620,10062,1558,5093,3456,1637,1443,868,575,20238,3879,16359,1466,912,554,810,357,453,238,93,145,2008,354,1654
338,District-Hugli ,Urban,5-19,132567,68767,63800,17356,14930,2426,5481,3596,1885,1028,764,264,51893,20398,31495,3598,2556,1042,1547,890,657,211,145,66,51453,25488,25965
338,District-Hugli ,Urban,5,21313,11094,10219,29,26,3,21,7,14,1,1,0,456,221,235,143,83,60,99,52,47,7,4,3,20557,10700,9857
338,District-Hugli ,Urban,6,14769,7544,7225,35,24,11,11,7,4,0,0,0,679,341,338,78,47,31,89,44,45,2,1,1,13875,7080,6795
338,District-Hugli ,Urban,7,4024,1950,2074,30,23,7,20,10,10,2,2,0,684,340,344,32,16,16,23,13,10,1,1,0,3232,1545,1687
338,District-Hugli ,Urban,8,2464,1312,1152,39,28,11,27,15,12,1,1,0,759,402,357,30,18,12,26,14,12,3,2,1,1579,832,747
338,District-Hugli ,Urban,9,1951,998,953,47,35,12,22,11,11,2,2,0,744,363,381,27,18,9,20,7,13,0,0,0,1089,562,527
338,District-Hugli ,Urban,10,2966,1513,1453,83,59,24,45,31,14,4,4,0,1079,525,554,65,35,30,52,33,19,6,4,2,1632,822,810
338,District-Hugli ,Urban,11,2746,1460,1286,199,166,33,71,51,20,14,8,6,1377,668,709,82,51,31,37,21,16,9,8,1,957,487,470
338,District-Hugli ,Urban,12,3564,1995,1569,338,288,50,131,94,37,14,9,5,1855,934,921,146,96,50,82,46,36,10,9,1,988,519,469
338,District-Hugli ,Urban,13,3692,2065,1627,456,370,86,153,105,48,42,33,9,2031,1024,1007,131,86,45,68,38,30,10,6,4,801,403,398
338,District-Hugli ,Urban,14,5287,3024,2263,807,683,124,264,175,89,59,46,13,2976,1477,1499,206,142,64,91,55,36,14,10,4,870,436,434
338,District-Hugli ,Urban,15,8024,4513,3511,1411,1183,228,470,311,159,91,74,17,4459,2128,2331,360,249,111,144,80,64,25,18,7,1064,470,594
338,District-Hugli ,Urban,16,10011,5520,4491,1933,1642,291,671,462,209,140,109,31,5685,2497,3188,415,301,114,157,95,62,30,17,13,980,397,583
338,District-Hugli ,Urban,17,12191,6617,5574,2682,2327,355,895,615,280,166,115,51,6869,2750,4119,420,302,118,159,90,69,28,17,11,972,401,571
338,District-Hugli ,Urban,18,20506,10251,10255,4689,4090,599,1452,914,538,255,195,60,11421,3765,7656,777,595,182,297,182,115,36,27,9,1579,483,1096
338,District-Hugli ,Urban,19,19059,8911,10148,4578,3986,592,1228,788,440,237,165,72,10819,2963,7856,686,517,169,203,120,83,30,21,9,1278,351,927
339,District-Bankura ,Total,5-19,329297,165311,163986,29224,25022,4202,24296,16959,7337,10924,7001,3923,85449,33576,51873,11518,7006,4512,11315,4929,6386,5314,2018,3296,151257,68800,82457
339,District-Bankura ,Total,5,54903,28355,26548,29,24,5,10,8,2,3,2,1,433,215,218,161,90,71,127,75,52,20,11,9,54120,27930,26190
339,District-Bankura ,Total,6,36082,18318,17764,19,16,3,15,7,8,3,2,1,622,320,302,130,68,62,102,52,50,14,4,10,35177,17849,17328
339,District-Bankura ,Total,7,11818,5735,6083,39,25,14,21,10,11,2,0,2,929,454,475,52,25,27,45,23,22,14,7,7,10716,5191,5525
339,District-Bankura ,Total,8,6627,3113,3514,54,35,19,17,11,6,4,3,1,999,504,495,56,28,28,28,14,14,26,9,17,5443,2509,2934
339,District-Bankura ,Total,9,4857,2216,2641,47,30,17,32,17,15,5,3,2,1095,550,545,44,19,25,46,19,27,25,10,15,3563,1568,1995
339,District-Bankura ,Total,10,7424,3510,3914,78,48,30,49,33,16,39,19,20,1835,907,928,91,48,43,84,39,45,50,17,33,5198,2399,2799
339,District-Bankura ,Total,11,5855,2701,3154,173,127,46,132,78,54,71,34,37,2080,1012,1068,102,54,48,124,54,70,72,26,46,3101,1316,1785
339,District-Bankura ,Total,12,10201,4764,5437,415,331,84,365,212,153,213,122,91,3966,1950,2016,296,173,123,282,115,167,172,61,111,4492,1800,2692
339,District-Bankura ,Total,13,10421,4748,5673,579,454,125,531,326,205,335,199,136,4319,2004,2315,299,167,132,380,154,226,233,98,135,3745,1346,2399
339,District-Bankura ,Total,14,15392,7283,8109,1172,919,253,1134,714,420,642,393,249,6354,2979,3375,657,356,301,697,271,426,426,181,245,4310,1470,2840
339,District-Bankura ,Total,15,21743,11044,10699,2193,1805,388,2170,1474,696,1101,678,423,8688,4069,4619,1149,697,452,1220,563,657,679,260,419,4543,1498,3045
339,District-Bankura ,Total,16,26248,14045,12203,3501,2965,536,3202,2283,919,1569,1031,538,10083,4493,5590,1509,950,559,1581,760,821,746,274,472,4057,1289,2768
339,District-Bankura ,Total,17,26693,14872,11821,4380,3831,549,3704,2737,967,1700,1199,501,10061,4255,5806,1454,940,514,1490,676,814,682,304,378,3222,930,2292
339,District-Bankura ,Total,18,49299,25450,23849,9061,7921,1140,7063,5125,1938,2885,1852,1033,17845,5771,12074,3158,2030,1128,2776,1234,1542,1206,443,763,5305,1074,4231
339,District-Bankura ,Total,19,41734,19157,22577,7484,6491,993,5851,3924,1927,2352,1464,888,16140,4093,12047,2360,1361,999,2333,880,1453,949,313,636,4265,631,3634
339,District-Bankura ,Rural,5-19,309270,155324,153946,26981,23196,3785,23475,16417,7058,10793,6906,3887,78838,30978,47860,10874,6627,4247,10915,4729,6186,5244,1989,3255,142150,64482,77668
339,District-Bankura ,Rural,5,51669,26699,24970,25,21,4,10,8,2,1,1,0,385,191,194,143,81,62,109,65,44,19,10,9,50977,26322,24655
339,District-Bankura ,Rural,6,33686,17100,16586,17,14,3,12,6,6,3,2,1,555,284,271,116,63,53,84,42,42,14,4,10,32885,16685,16200
339,District-Bankura ,Rural,7,11035,5340,5695,34,23,11,20,9,11,2,0,2,826,399,427,44,22,22,42,21,21,13,6,7,10054,4860,5194
339,District-Bankura ,Rural,8,6203,2892,3311,46,32,14,14,11,3,4,3,1,887,442,445,50,25,25,25,13,12,26,9,17,5151,2357,2794
339,District-Bankura ,Rural,9,4531,2052,2479,39,25,14,30,15,15,4,2,2,1002,501,501,42,17,25,36,15,21,25,10,15,3353,1467,1886
339,District-Bankura ,Rural,10,6926,3241,3685,69,45,24,44,29,15,39,19,20,1659,823,836,83,43,40,81,36,45,50,17,33,4901,2229,2672
339,District-Bankura ,Rural,11,5426,2484,2942,155,116,39,119,70,49,70,33,37,1924,926,998,90,46,44,119,51,68,69,26,43,2880,1216,1664
339,District-Bankura ,Rural,12,9608,4454,5154,374,298,76,357,207,150,212,122,90,3676,1810,1866,279,169,110,267,107,160,172,61,111,4271,1680,2591
339,District-Bankura ,Rural,13,9768,4426,5342,516,404,112,513,317,196,328,194,134,4004,1849,2155,275,152,123,359,147,212,227,97,130,3546,1266,2280
339,District-Bankura ,Rural,14,14538,6840,7698,1074,850,224,1105,697,408,637,390,247,5946,2774,3172,616,337,279,674,262,412,421,178,243,4065,1352,2713
339,District-Bankura ,Rural,15,20546,10451,10095,2001,1667,334,2092,1422,670,1095,675,420,8102,3814,4288,1075,662,413,1182,548,634,670,257,413,4329,1406,2923
339,District-Bankura ,Rural,16,24757,13280,11477,3232,2749,483,3097,2211,886,1546,1015,531,9353,4186,5167,1443,911,532,1526,732,794,732,268,464,3828,1208,2620
339,District-Bankura ,Rural,17,25103,14046,11057,4073,3579,494,3581,2657,924,1680,1181,499,9253,3922,5331,1373,891,482,1446,650,796,675,299,376,3022,867,2155
339,District-Bankura ,Rural,18,46414,24057,22357,8415,7368,1047,6843,4974,1869,2843,1823,1020,16485,5333,11152,3009,1931,1078,2708,1198,1510,1192,437,755,4919,993,3926
339,District-Bankura ,Rural,19,39060,17962,21098,6911,6005,906,5638,3784,1854,2329,1446,883,14781,3724,11057,2236,1277,959,2257,842,1415,939,310,629,3969,574,3395
339,District-Bankura ,Urban,5-19,20027,9987,10040,2243,1826,417,821,542,279,131,95,36,6611,2598,4013,644,379,265,400,200,200,70,29,41,9107,4318,4789
339,District-Bankura ,Urban,5,3234,1656,1578,4,3,1,0,0,0,2,1,1,48,24,24,18,9,9,18,10,8,1,1,0,3143,1608,1535
339,District-Bankura ,Urban,6,2396,1218,1178,2,2,0,3,1,2,0,0,0,67,36,31,14,5,9,18,10,8,0,0,0,2292,1164,1128
339,District-Bankura ,Urban,7,783,395,388,5,2,3,1,1,0,0,0,0,103,55,48,8,3,5,3,2,1,1,1,0,662,331,331
339,District-Bankura ,Urban,8,424,221,203,8,3,5,3,0,3,0,0,0,112,62,50,6,3,3,3,1,2,0,0,0,292,152,140
339,District-Bankura ,Urban,9,326,164,162,8,5,3,2,2,0,1,1,0,93,49,44,2,2,0,10,4,6,0,0,0,210,101,109
339,District-Bankura ,Urban,10,498,269,229,9,3,6,5,4,1,0,0,0,176,84,92,8,5,3,3,3,0,0,0,0,297,170,127
339,District-Bankura ,Urban,11,429,217,212,18,11,7,13,8,5,1,1,0,156,86,70,12,8,4,5,3,2,3,0,3,221,100,121
339,District-Bankura ,Urban,12,593,310,283,41,33,8,8,5,3,1,0,1,290,140,150,17,4,13,15,8,7,0,0,0,221,120,101
339,District-Bankura ,Urban,13,653,322,331,63,50,13,18,9,9,7,5,2,315,155,160,24,15,9,21,7,14,6,1,5,199,80,119
339,District-Bankura ,Urban,14,854,443,411,98,69,29,29,17,12,5,3,2,408,205,203,41,19,22,23,9,14,5,3,2,245,118,127
339,District-Bankura ,Urban,15,1197,593,604,192,138,54,78,52,26,6,3,3,586,255,331,74,35,39,38,15,23,9,3,6,214,92,122
339,District-Bankura ,Urban,16,1491,765,726,269,216,53,105,72,33,23,16,7,730,307,423,66,39,27,55,28,27,14,6,8,229,81,148
339,District-Bankura ,Urban,17,1590,826,764,307,252,55,123,80,43,20,18,2,808,333,475,81,49,32,44,26,18,7,5,2,200,63,137
339,District-Bankura ,Urban,18,2885,1393,1492,646,553,93,220,151,69,42,29,13,1360,438,922,149,99,50,68,36,32,14,6,8,386,81,305
339,District-Bankura ,Urban,19,2674,1195,1479,573,486,87,213,140,73,23,18,5,1359,369,990,124,84,40,76,38,38,10,3,7,296,57,239
340,District-Puruliya,Total,5-19,305544,147841,157703,16315,13106,3209,26679,17281,9398,11816,7048,4768,59656,26591,33065,8997,4803,4194,16084,6046,10038,7295,2391,4904,158702,70575,88127
340,District-Puruliya,Total,5,53154,27227,25927,16,14,2,20,11,9,3,2,1,417,231,186,235,123,112,215,101,114,55,22,33,52193,26723,25470
340,District-Puruliya,Total,6,35737,18109,17628,16,13,3,19,11,8,7,1,6,590,282,308,145,80,65,167,78,89,53,23,30,34740,17621,17119
340,District-Puruliya,Total,7,13120,6219,6901,30,22,8,35,15,20,15,9,6,788,388,400,51,26,25,97,46,51,40,21,19,12064,5692,6372
340,District-Puruliya,Total,8,8791,4064,4727,31,21,10,33,22,11,12,4,8,885,433,452,55,32,23,127,50,77,72,25,47,7576,3477,4099
340,District-Puruliya,Total,9,5984,2661,3323,43,28,15,51,28,23,32,12,20,970,471,499,53,32,21,137,61,76,62,23,39,4636,2006,2630
340,District-Puruliya,Total,10,8664,3807,4857,52,32,20,92,51,41,43,14,29,1519,738,781,120,55,65,233,77,156,157,53,104,6448,2787,3661
340,District-Puruliya,Total,11,6778,2904,3874,144,101,43,224,130,94,105,58,47,1795,859,936,149,64,85,315,135,180,157,44,113,3889,1513,2376
340,District-Puruliya,Total,12,10641,4742,5899,317,231,86,499,285,214,255,135,120,3106,1548,1558,304,159,145,599,222,377,319,101,218,5242,2061,3181
340,District-Puruliya,Total,13,10755,4599,6156,398,274,124,703,427,276,384,205,179,3655,1686,1969,299,138,161,647,246,401,376,133,243,4293,1490,2803
340,District-Puruliya,Total,14,14769,6667,8102,749,551,198,1340,811,529,750,439,311,4959,2445,2514,566,275,291,1057,371,686,615,206,409,4733,1569,3164
340,District-Puruliya,Total,15,20095,9593,10502,1352,1060,292,2471,1633,838,1186,707,479,6675,3220,3455,903,463,440,1764,684,1080,868,317,551,4876,1509,3367
340,District-Puruliya,Total,16,23461,11842,11619,2042,1641,401,3555,2417,1138,1660,1057,603,7251,3568,3683,1132,625,507,2166,868,1298,974,335,639,4681,1331,3350
340,District-Puruliya,Total,17,22147,11426,10721,2352,1911,441,3809,2636,1173,1767,1104,663,6845,3217,3628,1100,629,471,1934,739,1195,857,279,578,3483,911,2572
340,District-Puruliya,Total,18,39403,19592,19811,4690,3938,752,7510,4997,2513,3047,1851,1196,11010,4409,6601,2192,1239,953,3783,1451,2332,1528,486,1042,5643,1221,4422
340,District-Puruliya,Total,19,32045,14389,17656,4083,3269,814,6318,3807,2511,2550,1450,1100,9191,3096,6095,1693,863,830,2843,917,1926,1162,323,839,4205,664,3541
340,District-Puruliya,Rural,5-19,269208,129759,139449,13791,11055,2736,25495,16426,9069,11507,6812,4695,49271,21984,27287,7676,3971,3705,15386,5642,9744,7081,2281,4800,139001,61588,77413
340,District-Puruliya,Rural,5,47482,24239,23243,13,11,2,18,9,9,3,2,1,350,189,161,186,90,96,194,91,103,55,22,33,46663,23825,22838
340,District-Puruliya,Rural,6,31611,15928,15683,10,9,1,16,9,7,7,1,6,480,235,245,104,58,46,150,71,79,51,22,29,30793,15523,15270
340,District-Puruliya,Rural,7,11523,5425,6098,10,5,5,28,12,16,14,8,6,609,300,309,40,20,20,90,44,46,40,21,19,10692,5015,5677
340,District-Puruliya,Rural,8,7580,3462,4118,22,12,10,24,14,10,11,3,8,695,339,356,43,26,17,123,49,74,71,25,46,6591,2994,3597
340,District-Puruliya,Rural,9,5053,2210,2843,27,16,11,43,24,19,31,12,19,754,367,387,40,24,16,128,56,72,62,23,39,3968,1688,2280
340,District-Puruliya,Rural,10,7412,3200,4212,37,22,15,82,43,39,41,12,29,1244,600,644,97,45,52,217,66,151,156,53,103,5538,2359,3179
340,District-Puruliya,Rural,11,5834,2466,3368,105,77,28,212,122,90,103,57,46,1484,699,785,121,47,74,296,128,168,152,44,108,3361,1292,2069
340,District-Puruliya,Rural,12,9184,3999,5185,254,184,70,471,263,208,244,126,118,2582,1253,1329,259,129,130,572,209,363,312,98,214,4490,1737,2753
340,District-Puruliya,Rural,13,9450,4021,5429,325,225,100,667,404,263,377,199,178,3114,1434,1680,250,115,135,625,234,391,367,131,236,3725,1279,2446
340,District-Puruliya,Rural,14,12935,5793,7142,618,462,156,1271,756,515,727,424,303,4183,2070,2113,480,229,251,1009,344,665,590,189,401,4057,1319,2738
340,District-Puruliya,Rural,15,17734,8463,9271,1123,880,243,2361,1556,805,1159,686,473,5670,2773,2897,752,369,383,1701,646,1055,843,302,541,4125,1251,2874
340,District-Puruliya,Rural,16,20694,10433,10261,1707,1373,334,3398,2306,1092,1623,1030,593,6032,2977,3055,980,517,463,2077,821,1256,947,324,623,3930,1085,2845
340,District-Puruliya,Rural,17,19515,10091,9424,2015,1638,377,3631,2502,1129,1723,1066,657,5629,2666,2963,940,529,411,1845,676,1169,829,262,567,2903,752,2151
340,District-Puruliya,Rural,18,34776,17280,17496,4018,3354,664,7181,4749,2432,2965,1787,1178,8947,3591,5356,1900,1039,861,3625,1351,2274,1469,454,1015,4671,955,3716
340,District-Puruliya,Rural,19,28425,12749,15676,3507,2787,720,6092,3657,2435,2479,1399,1080,7498,2491,5007,1484,734,750,2734,856,1878,1137,311,826,3494,514,2980
340,District-Puruliya,Urban,5-19,36336,18082,18254,2524,2051,473,1184,855,329,309,236,73,10385,4607,5778,1321,832,489,698,404,294,214,110,104,19701,8987,10714
340,District-Puruliya,Urban,5,5672,2988,2684,3,3,0,2,2,0,0,0,0,67,42,25,49,33,16,21,10,11,0,0,0,5530,2898,2632
340,District-Puruliya,Urban,6,4126,2181,1945,6,4,2,3,2,1,0,0,0,110,47,63,41,22,19,17,7,10,2,1,1,3947,2098,1849
340,District-Puruliya,Urban,7,1597,794,803,20,17,3,7,3,4,1,1,0,179,88,91,11,6,5,7,2,5,0,0,0,1372,677,695
340,District-Puruliya,Urban,8,1211,602,609,9,9,0,9,8,1,1,1,0,190,94,96,12,6,6,4,1,3,1,0,1,985,483,502
340,District-Puruliya,Urban,9,931,451,480,16,12,4,8,4,4,1,0,1,216,104,112,13,8,5,9,5,4,0,0,0,668,318,350
340,District-Puruliya,Urban,10,1252,607,645,15,10,5,10,8,2,2,2,0,275,138,137,23,10,13,16,11,5,1,0,1,910,428,482
340,District-Puruliya,Urban,11,944,438,506,39,24,15,12,8,4,2,1,1,311,160,151,28,17,11,19,7,12,5,0,5,528,221,307
340,District-Puruliya,Urban,12,1457,743,714,63,47,16,28,22,6,11,9,2,524,295,229,45,30,15,27,13,14,7,3,4,752,324,428
340,District-Puruliya,Urban,13,1305,578,727,73,49,24,36,23,13,7,6,1,541,252,289,49,23,26,22,12,10,9,2,7,568,211,357
340,District-Puruliya,Urban,14,1834,874,960,131,89,42,69,55,14,23,15,8,776,375,401,86,46,40,48,27,21,25,17,8,676,250,426
340,District-Puruliya,Urban,15,2361,1130,1231,229,180,49,110,77,33,27,21,6,1005,447,558,151,94,57,63,38,25,25,15,10,751,258,493
340,District-Puruliya,Urban,16,2767,1409,1358,335,268,67,157,111,46,37,27,10,1219,591,628,152,108,44,89,47,42,27,11,16,751,246,505
340,District-Puruliya,Urban,17,2632,1335,1297,337,273,64,178,134,44,44,38,6,1216,551,665,160,100,60,89,63,26,28,17,11,580,159,421
340,District-Puruliya,Urban,18,4627,2312,2315,672,584,88,329,248,81,82,64,18,2063,818,1245,292,200,92,158,100,58,59,32,27,972,266,706
340,District-Puruliya,Urban,19,3620,1640,1980,576,482,94,226,150,76,71,51,20,1693,605,1088,209,129,80,109,61,48,25,12,13,711,150,561
341,District-Haora ,Total,5-19,427353,227375,199978,75769,61201,14568,29457,19069,10388,8700,5320,3380,146496,54371,92125,14441,11203,3238,6009,3783,2226,1648,987,661,144833,71441,73392
341,District-Haora ,Total,5,58498,29890,28608,78,56,22,28,17,11,7,1,6,1266,640,626,432,252,180,289,135,154,22,15,7,56376,28774,27602
341,District-Haora ,Total,6,39937,20497,19440,65,53,12,39,23,16,4,3,1,1792,881,911,265,138,127,214,119,95,15,6,9,37543,19274,18269
341,District-Haora ,Total,7,11681,6088,5593,120,86,34,53,26,27,5,3,2,2015,1017,998,78,49,29,75,34,41,8,2,6,9327,4871,4456
341,District-Haora ,Total,8,7077,3614,3463,110,69,41,50,27,23,5,5,0,2023,1015,1008,79,51,28,59,34,25,8,6,2,4743,2407,2336
341,District-Haora ,Total,9,6069,3152,2917,151,102,49,85,52,33,16,10,6,2097,1052,1045,78,49,29,57,33,24,20,11,9,3565,1843,1722
341,District-Haora ,Total,10,8983,4865,4118,261,181,80,149,95,54,50,32,18,3088,1604,1484,207,152,55,100,57,43,19,12,7,5109,2732,2377
341,District-Haora ,Total,11,7989,4477,3512,709,556,153,286,161,125,96,65,31,3622,1866,1756,222,168,54,127,81,46,36,23,13,2891,1557,1334
341,District-Haora ,Total,12,11682,6980,4702,1477,1178,299,626,410,216,226,158,68,5674,3033,2641,473,375,98,254,173,81,65,42,23,2887,1611,1276
341,District-Haora ,Total,13,13555,7920,5635,2069,1605,464,954,630,324,360,226,134,6816,3527,3289,544,418,126,264,161,103,98,70,28,2450,1283,1167
341,District-Haora ,Total,14,20757,12334,8423,4204,3260,944,1826,1220,606,653,427,226,9838,4919,4919,924,728,196,442,303,139,145,90,55,2725,1387,1338
341,District-Haora ,Total,15,29276,16786,12490,6640,5165,1475,2940,1918,1022,986,600,386,13410,6156,7254,1431,1129,302,575,369,206,201,121,80,3093,1328,1765
341,District-Haora ,Total,16,38408,21646,16762,9862,7757,2105,4222,2741,1481,1373,849,524,16893,6958,9935,1903,1452,451,779,505,274,225,133,92,3151,1251,1900
341,District-Haora ,Total,17,42683,23529,19154,11964,9601,2363,4837,3141,1696,1360,839,521,18873,6779,12094,1889,1483,406,722,497,225,215,132,83,2823,1057,1766
341,District-Haora ,Total,18,70691,36600,34091,20514,16885,3629,7476,4871,2605,2084,1232,852,31128,8668,22460,3323,2681,642,1209,770,439,331,194,137,4626,1299,3327
341,District-Haora ,Total,19,60067,28997,31070,17545,14647,2898,5886,3737,2149,1475,870,605,27961,6256,21705,2593,2078,515,843,512,331,240,130,110,3524,767,2757
341,District-Haora ,Rural,5-19,177169,94602,82567,30553,24993,5560,15177,10311,4866,5241,3261,1980,62386,23013,39373,4831,3713,1118,2731,1746,985,952,567,385,55298,26998,28300
341,District-Haora ,Rural,5,22771,11496,11275,19,13,6,8,5,3,3,0,3,413,202,211,106,59,47,73,32,41,13,7,6,22136,11178,10958
341,District-Haora ,Rural,6,15062,7804,7258,20,18,2,10,6,4,1,1,0,620,305,315,66,37,29,51,27,24,6,1,5,14288,7409,6879
341,District-Haora ,Rural,7,4298,2228,2070,25,14,11,15,5,10,2,2,0,661,335,326,16,9,7,29,13,16,3,1,2,3547,1849,1698
341,District-Haora ,Rural,8,2312,1189,1123,32,18,14,7,2,5,2,2,0,686,347,339,16,11,5,18,10,8,3,2,1,1548,797,751
341,District-Haora ,Rural,9,2039,1091,948,44,31,13,23,15,8,9,6,3,719,376,343,22,15,7,23,13,10,6,4,2,1193,631,562
341,District-Haora ,Rural,10,3127,1658,1469,86,61,25,54,31,23,23,16,7,1069,553,516,44,29,15,26,14,12,6,4,2,1819,950,869
341,District-Haora ,Rural,11,2724,1506,1218,206,159,47,109,64,45,45,31,14,1280,682,598,50,35,15,45,27,18,15,9,6,974,499,475
341,District-Haora ,Rural,12,4457,2714,1743,512,402,110,256,170,86,110,81,29,2276,1290,986,135,98,37,86,55,31,31,21,10,1051,597,454
341,District-Haora ,Rural,13,5468,3182,2286,712,551,161,450,292,158,204,122,82,2877,1524,1353,162,122,40,111,67,44,57,40,17,895,464,431
341,District-Haora ,Rural,14,8825,5348,3477,1601,1249,352,937,635,302,392,259,133,4282,2251,2031,281,212,69,224,151,73,88,59,29,1020,532,488
341,District-Haora ,Rural,15,12700,7311,5389,2610,2018,592,1542,1034,508,619,376,243,5880,2781,3099,478,364,114,286,172,114,120,69,51,1165,497,668
341,District-Haora ,Rural,16,16946,9625,7321,3977,3140,837,2205,1461,744,835,527,308,7544,3230,4314,641,479,162,377,257,120,126,78,48,1241,453,788
341,District-Haora ,Rural,17,18669,10459,8210,4869,3978,891,2460,1702,758,818,514,304,8279,3012,5267,681,524,157,363,255,108,128,77,51,1071,397,674
341,District-Haora ,Rural,18,31697,16391,15306,8623,7223,1400,4026,2752,1274,1284,780,504,13829,3680,10149,1218,992,226,609,385,224,190,109,81,1918,470,1448
341,District-Haora ,Rural,19,26074,12600,13474,7217,6118,1099,3075,2137,938,894,544,350,11971,2445,9526,915,727,188,410,268,142,160,86,74,1432,275,1157
341,District-Haora ,Urban,5-19,250184,132773,117411,45216,36208,9008,14280,8758,5522,3459,2059,1400,84110,31358,52752,9610,7490,2120,3278,2037,1241,696,420,276,89535,44443,45092
341,District-Haora ,Urban,5,35727,18394,17333,59,43,16,20,12,8,4,1,3,853,438,415,326,193,133,216,103,113,9,8,1,34240,17596,16644
341,District-Haora ,Urban,6,24875,12693,12182,45,35,10,29,17,12,3,2,1,1172,576,596,199,101,98,163,92,71,9,5,4,23255,11865,11390
341,District-Haora ,Urban,7,7383,3860,3523,95,72,23,38,21,17,3,1,2,1354,682,672,62,40,22,46,21,25,5,1,4,5780,3022,2758
341,District-Haora ,Urban,8,4765,2425,2340,78,51,27,43,25,18,3,3,0,1337,668,669,63,40,23,41,24,17,5,4,1,3195,1610,1585
341,District-Haora ,Urban,9,4030,2061,1969,107,71,36,62,37,25,7,4,3,1378,676,702,56,34,22,34,20,14,14,7,7,2372,1212,1160
341,District-Haora ,Urban,10,5856,3207,2649,175,120,55,95,64,31,27,16,11,2019,1051,968,163,123,40,74,43,31,13,8,5,3290,1782,1508
341,District-Haora ,Urban,11,5265,2971,2294,503,397,106,177,97,80,51,34,17,2342,1184,1158,172,133,39,82,54,28,21,14,7,1917,1058,859
341,District-Haora ,Urban,12,7225,4266,2959,965,776,189,370,240,130,116,77,39,3398,1743,1655,338,277,61,168,118,50,34,21,13,1836,1014,822
341,District-Haora ,Urban,13,8087,4738,3349,1357,1054,303,504,338,166,156,104,52,3939,2003,1936,382,296,86,153,94,59,41,30,11,1555,819,736
341,District-Haora ,Urban,14,11932,6986,4946,2603,2011,592,889,585,304,261,168,93,5556,2668,2888,643,516,127,218,152,66,57,31,26,1705,855,850
341,District-Haora ,Urban,15,16576,9475,7101,4030,3147,883,1398,884,514,367,224,143,7530,3375,4155,953,765,188,289,197,92,81,52,29,1928,831,1097
341,District-Haora ,Urban,16,21462,12021,9441,5885,4617,1268,2017,1280,737,538,322,216,9349,3728,5621,1262,973,289,402,248,154,99,55,44,1910,798,1112
341,District-Haora ,Urban,17,24014,13070,10944,7095,5623,1472,2377,1439,938,542,325,217,10594,3767,6827,1208,959,249,359,242,117,87,55,32,1752,660,1092
341,District-Haora ,Urban,18,38994,20209,18785,11891,9662,2229,3450,2119,1331,800,452,348,17299,4988,12311,2105,1689,416,600,385,215,141,85,56,2708,829,1879
341,District-Haora ,Urban,19,33993,16397,17596,10328,8529,1799,2811,1600,1211,581,326,255,15990,3811,12179,1678,1351,327,433,244,189,80,44,36,2092,492,1600
342,District-Kolkata,Total,5-19,261185,139100,122085,36154,29410,6744,10386,6012,4374,1180,799,381,92104,37808,54296,14674,11172,3502,4398,2628,1770,546,376,170,101743,50895,50848
342,District-Kolkata,Total,5,32644,16962,15682,158,125,33,51,29,22,2,2,0,1512,752,760,470,280,190,425,217,208,17,13,4,30009,15544,14465
342,District-Kolkata,Total,6,24397,12629,11768,107,78,29,69,43,26,1,0,1,1828,932,896,335,187,148,302,182,120,7,5,2,21748,11202,10546
342,District-Kolkata,Total,7,9782,5071,4711,179,122,57,94,48,46,9,5,4,1940,993,947,172,97,75,161,93,68,5,2,3,7222,3711,3511
342,District-Kolkata,Total,8,7179,3754,3425,189,138,51,100,58,42,2,1,1,2071,1040,1031,170,120,50,116,58,58,5,4,1,4526,2335,2191
342,District-Kolkata,Total,9,6087,3211,2876,210,140,70,113,66,47,4,2,2,2110,1055,1055,179,115,64,102,55,47,6,2,4,3363,1776,1587
342,District-Kolkata,Total,10,9504,5190,4314,323,217,106,150,91,59,17,13,4,3149,1671,1478,378,251,127,177,94,83,22,16,6,5288,2837,2451
342,District-Kolkata,Total,11,7995,4410,3585,700,534,166,234,122,112,15,9,6,3274,1616,1658,354,262,92,139,92,47,20,14,6,3259,1761,1498
342,District-Kolkata,Total,12,9967,5575,4392,1121,884,237,300,173,127,43,27,16,4213,2018,2195,632,487,145,222,133,89,24,19,5,3412,1834,1578
342,District-Kolkata,Total,13,9269,5112,4157,1168,918,250,314,197,117,37,27,10,4295,2022,2273,629,462,167,192,119,73,22,17,5,2612,1350,1262
342,District-Kolkata,Total,14,12396,6866,5530,1907,1504,403,525,317,208,70,47,23,5688,2641,3047,949,687,262,249,149,100,25,16,9,2983,1505,1478
342,District-Kolkata,Total,15,17295,9649,7646,3191,2505,686,970,577,393,112,76,36,7764,3514,4250,1568,1167,401,379,225,154,60,42,18,3251,1543,1708
342,District-Kolkata,Total,16,20066,11022,9044,3940,3234,706,1219,728,491,153,102,51,9556,4002,5554,1683,1316,367,351,234,117,66,36,30,3098,1370,1728
342,District-Kolkata,Total,17,22342,12126,10216,4922,4026,896,1543,882,661,166,113,53,10703,4234,6469,1742,1397,345,369,243,126,62,43,19,2835,1188,1647
342,District-Kolkata,Total,18,38194,20292,17902,9312,7731,1581,2389,1403,986,288,194,94,17799,6266,11533,2978,2395,583,684,414,270,108,81,27,4636,1808,2828
342,District-Kolkata,Total,19,34068,17231,16837,8727,7254,1473,2315,1278,1037,261,181,80,16202,5052,11150,2435,1949,486,530,320,210,97,66,31,3501,1131,2370
342,District-Kolkata,Rural,5-19,0,0,0,0,0,0,0,0,0,0,0,0,0,0,0,0,0,0,0,0,0,0,0,0,0,0,0
342,District-Kolkata,Rural,5,0,0,0,0,0,0,0,0,0,0,0,0,0,0,0,0,0,0,0,0,0,0,0,0,0,0,0
342,District-Kolkata,Rural,6,0,0,0,0,0,0,0,0,0,0,0,0,0,0,0,0,0,0,0,0,0,0,0,0,0,0,0
342,District-Kolkata,Rural,7,0,0,0,0,0,0,0,0,0,0,0,0,0,0,0,0,0,0,0,0,0,0,0,0,0,0,0
342,District-Kolkata,Rural,8,0,0,0,0,0,0,0,0,0,0,0,0,0,0,0,0,0,0,0,0,0,0,0,0,0,0,0
342,District-Kolkata,Rural,9,0,0,0,0,0,0,0,0,0,0,0,0,0,0,0,0,0,0,0,0,0,0,0,0,0,0,0
342,District-Kolkata,Rural,10,0,0,0,0,0,0,0,0,0,0,0,0,0,0,0,0,0,0,0,0,0,0,0,0,0,0,0
342,District-Kolkata,Rural,11,0,0,0,0,0,0,0,0,0,0,0,0,0,0,0,0,0,0,0,0,0,0,0,0,0,0,0
342,District-Kolkata,Rural,12,0,0,0,0,0,0,0,0,0,0,0,0,0,0,0,0,0,0,0,0,0,0,0,0,0,0,0
342,District-Kolkata,Rural,13,0,0,0,0,0,0,0,0,0,0,0,0,0,0,0,0,0,0,0,0,0,0,0,0,0,0,0
342,District-Kolkata,Rural,14,0,0,0,0,0,0,0,0,0,0,0,0,0,0,0,0,0,0,0,0,0,0,0,0,0,0,0
342,District-Kolkata,Rural,15,0,0,0,0,0,0,0,0,0,0,0,0,0,0,0,0,0,0,0,0,0,0,0,0,0,0,0
342,District-Kolkata,Rural,16,0,0,0,0,0,0,0,0,0,0,0,0,0,0,0,0,0,0,0,0,0,0,0,0,0,0,0
342,District-Kolkata,Rural,17,0,0,0,0,0,0,0,0,0,0,0,0,0,0,0,0,0,0,0,0,0,0,0,0,0,0,0
342,District-Kolkata,Rural,18,0,0,0,0,0,0,0,0,0,0,0,0,0,0,0,0,0,0,0,0,0,0,0,0,0,0,0
342,District-Kolkata,Rural,19,0,0,0,0,0,0,0,0,0,0,0,0,0,0,0,0,0,0,0,0,0,0,0,0,0,0,0
342,District-Kolkata,Urban,5-19,261185,139100,122085,36154,29410,6744,10386,6012,4374,1180,799,381,92104,37808,54296,14674,11172,3502,4398,2628,1770,546,376,170,101743,50895,50848
342,District-Kolkata,Urban,5,32644,16962,15682,158,125,33,51,29,22,2,2,0,1512,752,760,470,280,190,425,217,208,17,13,4,30009,15544,14465
342,District-Kolkata,Urban,6,24397,12629,11768,107,78,29,69,43,26,1,0,1,1828,932,896,335,187,148,302,182,120,7,5,2,21748,11202,10546
342,District-Kolkata,Urban,7,9782,5071,4711,179,122,57,94,48,46,9,5,4,1940,993,947,172,97,75,161,93,68,5,2,3,7222,3711,3511
342,District-Kolkata,Urban,8,7179,3754,3425,189,138,51,100,58,42,2,1,1,2071,1040,1031,170,120,50,116,58,58,5,4,1,4526,2335,2191
342,District-Kolkata,Urban,9,6087,3211,2876,210,140,70,113,66,47,4,2,2,2110,1055,1055,179,115,64,102,55,47,6,2,4,3363,1776,1587
342,District-Kolkata,Urban,10,9504,5190,4314,323,217,106,150,91,59,17,13,4,3149,1671,1478,378,251,127,177,94,83,22,16,6,5288,2837,2451
342,District-Kolkata,Urban,11,7995,4410,3585,700,534,166,234,122,112,15,9,6,3274,1616,1658,354,262,92,139,92,47,20,14,6,3259,1761,1498
342,District-Kolkata,Urban,12,9967,5575,4392,1121,884,237,300,173,127,43,27,16,4213,2018,2195,632,487,145,222,133,89,24,19,5,3412,1834,1578
342,District-Kolkata,Urban,13,9269,5112,4157,1168,918,250,314,197,117,37,27,10,4295,2022,2273,629,462,167,192,119,73,22,17,5,2612,1350,1262
342,District-Kolkata,Urban,14,12396,6866,5530,1907,1504,403,525,317,208,70,47,23,5688,2641,3047,949,687,262,249,149,100,25,16,9,2983,1505,1478
342,District-Kolkata,Urban,15,17295,9649,7646,3191,2505,686,970,577,393,112,76,36,7764,3514,4250,1568,1167,401,379,225,154,60,42,18,3251,1543,1708
342,District-Kolkata,Urban,16,20066,11022,9044,3940,3234,706,1219,728,491,153,102,51,9556,4002,5554,1683,1316,367,351,234,117,66,36,30,3098,1370,1728
342,District-Kolkata,Urban,17,22342,12126,10216,4922,4026,896,1543,882,661,166,113,53,10703,4234,6469,1742,1397,345,369,243,126,62,43,19,2835,1188,1647
342,District-Kolkata,Urban,18,38194,20292,17902,9312,7731,1581,2389,1403,986,288,194,94,17799,6266,11533,2978,2395,583,684,414,270,108,81,27,4636,1808,2828
342,District-Kolkata,Urban,19,34068,17231,16837,8727,7254,1473,2315,1278,1037,261,181,80,16202,5052,11150,2435,1949,486,530,320,210,97,66,31,3501,1131,2370
343,District-South Twenty Four Parganas,Total,5-19,875144,455114,420030,87698,75019,12679,65415,44817,20598,23422,15126,8296,298582,113182,185400,21968,17320,4648,18374,11475,6899,6500,3952,2548,353185,174223,178962
343,District-South Twenty Four Parganas,Total,5,115307,59161,56146,98,80,18,66,38,28,15,9,6,2099,1028,1071,784,431,353,678,338,340,80,46,34,111487,57191,54296
343,District-South Twenty Four Parganas,Total,6,82886,42507,40379,97,77,20,66,27,39,12,8,4,3030,1515,1515,509,306,203,581,296,285,87,45,42,78504,40233,38271
343,District-South Twenty Four Parganas,Total,7,34464,17632,16832,188,130,58,110,61,49,21,11,10,3617,1852,1765,245,156,89,294,156,138,62,35,27,29927,15231,14696
343,District-South Twenty Four Parganas,Total,8,22927,11890,11037,201,132,69,121,66,55,21,14,7,4124,2085,2039,189,117,72,222,115,107,59,33,26,17990,9328,8662
343,District-South Twenty Four Parganas,Total,9,18559,9783,8776,233,156,77,220,131,89,48,23,25,4569,2376,2193,195,120,75,254,147,107,74,45,29,12966,6785,6181
343,District-South Twenty Four Parganas,Total,10,25203,13849,11354,407,298,109,309,201,108,142,100,42,6916,3722,3194,360,246,114,444,265,179,185,99,86,16440,8918,7522
343,District-South Twenty Four Parganas,Total,11,21155,11787,9368,986,797,189,671,444,227,248,178,70,8059,4240,3819,414,320,94,465,277,188,215,125,90,10097,5406,4691
343,District-South Twenty Four Parganas,Total,12,29476,17199,12277,1936,1590,346,1410,967,443,594,391,203,12881,7044,5837,808,627,181,783,502,281,345,220,125,10719,5858,4861
343,District-South Twenty Four Parganas,Total,13,31735,18084,13651,2514,2074,440,2034,1383,651,888,589,299,15307,7910,7397,926,712,214,883,549,334,427,243,184,8756,4624,4132
343,District-South Twenty Four Parganas,Total,14,42660,24572,18088,4407,3642,765,3641,2489,1152,1487,1013,474,20951,10581,10370,1445,1134,311,1358,871,487,561,371,190,8810,4471,4339
343,District-South Twenty Four Parganas,Total,15,58060,33124,24936,7654,6443,1211,5979,4271,1708,2385,1643,742,27831,13007,14824,2256,1791,465,1900,1278,622,721,465,256,9334,4226,5108
343,District-South Twenty Four Parganas,Total,16,72216,40354,31862,11165,9506,1659,8657,6139,2518,3255,2141,1114,34181,14395,19786,2761,2217,544,2273,1524,749,860,565,295,9064,3867,5197
343,District-South Twenty Four Parganas,Total,17,77690,41738,35952,13442,11554,1888,10200,7160,3040,3753,2487,1266,37212,13624,23588,2710,2251,459,2126,1415,711,753,475,278,7494,2772,4722
343,District-South Twenty Four Parganas,Total,18,130303,63146,67157,23529,20402,3127,16996,11703,5293,5662,3580,2082,62480,17310,45170,4748,3920,828,3496,2186,1310,1184,712,472,12208,3333,8875
343,District-South Twenty Four Parganas,Total,19,112503,50288,62215,20841,18138,2703,14935,9737,5198,4891,2939,1952,55325,12493,42832,3618,2972,646,2617,1556,1061,887,473,414,9389,1980,7409
343,District-South Twenty Four Parganas,Rural,5-19,692594,360258,332336,66016,56736,9280,55624,38374,17250,20928,13416,7512,230302,86805,143497,16093,12658,3435,15269,9588,5681,5767,3449,2318,282595,139232,143363
343,District-South Twenty Four Parganas,Rural,5,91147,46769,44378,68,58,10,42,26,16,12,7,5,1527,738,789,576,318,258,477,236,241,74,43,31,88371,45343,43028
343,District-South Twenty Four Parganas,Rural,6,65495,33624,31871,58,47,11,49,22,27,8,6,2,2178,1076,1102,357,211,146,405,222,183,75,39,36,62365,32001,30364
343,District-South Twenty Four Parganas,Rural,7,27905,14250,13655,117,84,33,79,44,35,20,11,9,2661,1350,1311,187,117,70,230,120,110,56,32,24,24555,12492,12063
343,District-South Twenty Four Parganas,Rural,8,18665,9703,8962,140,91,49,96,53,43,20,13,7,3125,1591,1534,138,86,52,170,89,81,54,30,24,14922,7750,7172
343,District-South Twenty Four Parganas,Rural,9,14813,7814,6999,158,103,55,180,106,74,40,18,22,3425,1794,1631,145,84,61,202,116,86,64,40,24,10599,5553,5046
343,District-South Twenty Four Parganas,Rural,10,19911,10919,8992,291,208,83,242,162,80,126,86,40,5336,2886,2450,248,171,77,348,210,138,153,78,75,13167,7118,6049
343,District-South Twenty Four Parganas,Rural,11,16577,9166,7411,680,544,136,533,349,184,213,146,67,6146,3265,2881,307,241,66,371,213,158,193,110,83,8134,4298,3836
343,District-South Twenty Four Parganas,Rural,12,23444,13624,9820,1425,1169,256,1214,822,392,530,340,190,10079,5535,4544,580,449,131,644,425,219,312,195,117,8660,4689,3971
343,District-South Twenty Four Parganas,Rural,13,25151,14355,10796,1906,1563,343,1739,1191,548,806,525,281,11834,6178,5656,687,513,174,755,466,289,386,214,172,7038,3705,3333
343,District-South Twenty Four Parganas,Rural,14,33887,19463,14424,3262,2684,578,3082,2108,974,1319,887,432,16451,8343,8108,1072,836,236,1155,740,415,491,315,176,7055,3550,3505
343,District-South Twenty Four Parganas,Rural,15,45993,26251,19742,5720,4827,893,5090,3669,1421,2129,1467,662,21686,10103,11583,1637,1296,341,1596,1079,517,646,411,235,7489,3399,4090
343,District-South Twenty Four Parganas,Rural,16,57515,32241,25274,8506,7274,1232,7367,5272,2095,2917,1923,994,26725,11254,15471,2033,1622,411,1921,1287,634,755,486,269,7291,3123,4168
343,District-South Twenty Four Parganas,Rural,17,61188,32931,28257,10162,8786,1376,8644,6124,2520,3355,2217,1138,28658,10374,18284,1989,1653,336,1807,1208,599,674,417,257,5899,2152,3747
343,District-South Twenty Four Parganas,Rural,18,102634,49696,52938,17841,15547,2294,14502,10056,4446,5055,3177,1878,48135,13047,35088,3474,2871,603,2951,1835,1116,1037,621,416,9639,2542,7097
343,District-South Twenty Four Parganas,Rural,19,88269,39452,48817,15682,13751,1931,12765,8370,4395,4378,2593,1785,42336,9271,33065,2663,2190,473,2237,1342,895,797,418,379,7411,1517,5894
343,District-South Twenty Four Parganas,Urban,5-19,182550,94856,87694,21682,18283,3399,9791,6443,3348,2494,1710,784,68280,26377,41903,5875,4662,1213,3105,1887,1218,733,503,230,70590,34991,35599
343,District-South Twenty Four Parganas,Urban,5,24160,12392,11768,30,22,8,24,12,12,3,2,1,572,290,282,208,113,95,201,102,99,6,3,3,23116,11848,11268
343,District-South Twenty Four Parganas,Urban,6,17391,8883,8508,39,30,9,17,5,12,4,2,2,852,439,413,152,95,57,176,74,102,12,6,6,16139,8232,7907
343,District-South Twenty Four Parganas,Urban,7,6559,3382,3177,71,46,25,31,17,14,1,0,1,956,502,454,58,39,19,64,36,28,6,3,3,5372,2739,2633
343,District-South Twenty Four Parganas,Urban,8,4262,2187,2075,61,41,20,25,13,12,1,1,0,999,494,505,51,31,20,52,26,26,5,3,2,3068,1578,1490
343,District-South Twenty Four Parganas,Urban,9,3746,1969,1777,75,53,22,40,25,15,8,5,3,1144,582,562,50,36,14,52,31,21,10,5,5,2367,1232,1135
343,District-South Twenty Four Parganas,Urban,10,5292,2930,2362,116,90,26,67,39,28,16,14,2,1580,836,744,112,75,37,96,55,41,32,21,11,3273,1800,1473
343,District-South Twenty Four Parganas,Urban,11,4578,2621,1957,306,253,53,138,95,43,35,32,3,1913,975,938,107,79,28,94,64,30,22,15,7,1963,1108,855
343,District-South Twenty Four Parganas,Urban,12,6032,3575,2457,511,421,90,196,145,51,64,51,13,2802,1509,1293,228,178,50,139,77,62,33,25,8,2059,1169,890
343,District-South Twenty Four Parganas,Urban,13,6584,3729,2855,608,511,97,295,192,103,82,64,18,3473,1732,1741,239,199,40,128,83,45,41,29,12,1718,919,799
343,District-South Twenty Four Parganas,Urban,14,8773,5109,3664,1145,958,187,559,381,178,168,126,42,4500,2238,2262,373,298,75,203,131,72,70,56,14,1755,921,834
343,District-South Twenty Four Parganas,Urban,15,12067,6873,5194,1934,1616,318,889,602,287,256,176,80,6145,2904,3241,619,495,124,304,199,105,75,54,21,1845,827,1018
343,District-South Twenty Four Parganas,Urban,16,14701,8113,6588,2659,2232,427,1290,867,423,338,218,120,7456,3141,4315,728,595,133,352,237,115,105,79,26,1773,744,1029
343,District-South Twenty Four Parganas,Urban,17,16502,8807,7695,3280,2768,512,1556,1036,520,398,270,128,8554,3250,5304,721,598,123,319,207,112,79,58,21,1595,620,975
343,District-South Twenty Four Parganas,Urban,18,27669,13450,14219,5688,4855,833,2494,1647,847,607,403,204,14345,4263,10082,1274,1049,225,545,351,194,147,91,56,2569,791,1778
343,District-South Twenty Four Parganas,Urban,19,24234,10836,13398,5159,4387,772,2170,1367,803,513,346,167,12989,3222,9767,955,782,173,380,214,166,90,55,35,1978,463,1515
344,District-Paschim Medinipur,Total,5-19,526191,264423,261768,58207,48121,10086,52357,32695,19662,21211,12177,9034,152635,55262,97373,12529,7220,5309,13201,5728,7473,5743,2207,3536,210308,101013,109295
344,District-Paschim Medinipur,Total,5,83845,42804,41041,53,44,9,34,17,17,8,6,2,1017,479,538,420,248,172,377,178,199,80,39,41,81856,41793,40063
344,District-Paschim Medinipur,Total,6,57420,29349,28071,51,36,15,36,17,19,7,3,4,1511,760,751,274,162,112,312,172,140,74,37,37,55155,28162,26993
344,District-Paschim Medinipur,Total,7,18687,9365,9322,75,46,29,57,30,27,12,4,8,1788,876,912,116,61,55,111,61,50,40,19,21,16488,8268,8220
344,District-Paschim Medinipur,Total,8,9693,4729,4964,105,65,40,82,41,41,21,10,11,1853,923,930,82,46,36,104,59,45,43,18,25,7403,3567,3836
344,District-Paschim Medinipur,Total,9,7161,3535,3626,100,67,33,77,45,32,22,11,11,1928,995,933,75,49,26,86,36,50,48,22,26,4825,2310,2515
344,District-Paschim Medinipur,Total,10,10489,5188,5301,162,109,53,151,85,66,65,37,28,2951,1505,1446,124,67,57,150,67,83,83,29,54,6803,3289,3514
344,District-Paschim Medinipur,Total,11,8782,4388,4394,473,371,102,355,204,151,168,95,73,3419,1661,1758,182,111,71,223,94,129,112,38,74,3850,1814,2036
344,District-Paschim Medinipur,Total,12,13751,7210,6541,986,785,201,843,521,322,452,275,177,6055,3070,2985,371,192,179,391,179,212,229,107,122,4424,2081,2343
344,District-Paschim Medinipur,Total,13,15231,7954,7277,1290,1020,270,1174,682,492,643,386,257,7235,3634,3601,416,233,183,490,218,272,263,110,153,3720,1671,2049
344,District-Paschim Medinipur,Total,14,21942,11727,10215,2439,1925,514,2449,1593,856,1189,713,476,10065,4940,5125,673,393,280,817,386,431,428,184,244,3882,1593,2289
344,District-Paschim Medinipur,Total,15,33096,18123,14973,4736,3842,894,4469,2984,1485,2102,1328,774,14046,6492,7554,1251,766,485,1354,632,722,683,288,395,4455,1791,2664
344,District-Paschim Medinipur,Total,16,41673,22776,18897,6981,5799,1182,6556,4411,2145,2828,1766,1062,17187,7280,9907,1575,937,638,1683,793,890,721,303,418,4142,1487,2655
344,District-Paschim Medinipur,Total,17,47463,25425,22038,9325,7951,1374,8135,5345,2790,3355,2046,1309,19290,7005,12285,1606,965,641,1615,744,871,730,285,445,3407,1084,2323
344,District-Paschim Medinipur,Total,18,83031,39604,43427,16605,13864,2741,14630,9061,5569,5462,2995,2467,33596,9018,24578,3034,1735,1299,2966,1222,1744,1219,409,810,5519,1300,4219
344,District-Paschim Medinipur,Total,19,73927,32246,41681,14826,12197,2629,13309,7659,5650,4877,2502,2375,30694,6624,24070,2330,1255,1075,2522,887,1635,990,319,671,4379,803,3576
344,District-Paschim Medinipur,Rural,5-19,476528,239671,236857,52737,43431,9306,50010,31174,18836,20736,11858,8878,134716,48731,85985,11202,6391,4811,12343,5271,7072,5631,2158,3473,189153,90657,98496
344,District-Paschim Medinipur,Rural,5,75845,38690,37155,41,33,8,28,13,15,8,6,2,845,406,439,368,217,151,317,153,164,80,39,41,74158,37823,36335
344,District-Paschim Medinipur,Rural,6,51825,26462,25363,40,26,14,30,15,15,7,3,4,1296,662,634,237,146,91,252,141,111,71,37,34,49892,25432,24460
344,District-Paschim Medinipur,Rural,7,17128,8544,8584,67,40,27,54,28,26,12,4,8,1545,745,800,101,51,50,97,52,45,39,18,21,15213,7606,7607
344,District-Paschim Medinipur,Rural,8,8746,4255,4491,92,56,36,74,35,39,21,10,11,1610,789,821,73,42,31,93,52,41,41,17,24,6742,3254,3488
344,District-Paschim Medinipur,Rural,9,6322,3095,3227,80,54,26,71,41,30,22,11,11,1680,856,824,62,41,21,75,31,44,47,21,26,4285,2040,2245
344,District-Paschim Medinipur,Rural,10,9222,4525,4697,137,95,42,139,78,61,64,36,28,2554,1298,1256,95,49,46,137,60,77,82,28,54,6014,2881,3133
344,District-Paschim Medinipur,Rural,11,7708,3840,3868,419,328,91,327,191,136,160,90,70,2946,1430,1516,162,98,64,205,87,118,109,36,73,3380,1580,1800
344,District-Paschim Medinipur,Rural,12,12194,6347,5847,862,679,183,786,488,298,439,266,173,5297,2690,2607,319,162,157,359,159,200,221,106,115,3911,1797,2114
344,District-Paschim Medinipur,Rural,13,13718,7217,6501,1142,901,241,1104,652,452,630,380,250,6417,3275,3142,379,219,160,460,204,256,260,107,153,3326,1479,1847
344,District-Paschim Medinipur,Rural,14,19821,10633,9188,2180,1717,463,2312,1506,806,1165,695,470,8972,4439,4533,608,353,255,772,358,414,413,181,232,3399,1384,2015
344,District-Paschim Medinipur,Rural,15,30047,16517,13530,4235,3450,785,4257,2838,1419,2045,1291,754,12549,5838,6711,1118,692,426,1279,593,686,675,286,389,3889,1529,2360
344,District-Paschim Medinipur,Rural,16,37860,20784,17076,6340,5254,1086,6233,4188,2045,2759,1714,1045,15263,6523,8740,1427,836,591,1586,737,849,704,293,411,3548,1239,2309
344,District-Paschim Medinipur,Rural,17,43114,23196,19918,8456,7197,1259,7761,5098,2663,3271,1983,1288,17048,6187,10861,1439,860,579,1518,696,822,720,279,441,2901,896,2005
344,District-Paschim Medinipur,Rural,18,75647,36155,39492,15104,12538,2566,14052,8679,5373,5361,2934,2427,29684,7894,21790,2695,1513,1182,2809,1128,1681,1203,402,801,4739,1067,3672
344,District-Paschim Medinipur,Rural,19,67331,29411,37920,13542,11063,2479,12782,7324,5458,4772,2435,2337,27010,5699,21311,2119,1112,1007,2384,820,1564,966,308,658,3756,650,3106
344,District-Paschim Medinipur,Urban,5-19,49663,24752,24911,5470,4690,780,2347,1521,826,475,319,156,17919,6531,11388,1327,829,498,858,457,401,112,49,63,21155,10356,10799
344,District-Paschim Medinipur,Urban,5,8000,4114,3886,12,11,1,6,4,2,0,0,0,172,73,99,52,31,21,60,25,35,0,0,0,7698,3970,3728
344,District-Paschim Medinipur,Urban,6,5595,2887,2708,11,10,1,6,2,4,0,0,0,215,98,117,37,16,21,60,31,29,3,0,3,5263,2730,2533
344,District-Paschim Medinipur,Urban,7,1559,821,738,8,6,2,3,2,1,0,0,0,243,131,112,15,10,5,14,9,5,1,1,0,1275,662,613
344,District-Paschim Medinipur,Urban,8,947,474,473,13,9,4,8,6,2,0,0,0,243,134,109,9,4,5,11,7,4,2,1,1,661,313,348
344,District-Paschim Medinipur,Urban,9,839,440,399,20,13,7,6,4,2,0,0,0,248,139,109,13,8,5,11,5,6,1,1,0,540,270,270
344,District-Paschim Medinipur,Urban,10,1267,663,604,25,14,11,12,7,5,1,1,0,397,207,190,29,18,11,13,7,6,1,1,0,789,408,381
344,District-Paschim Medinipur,Urban,11,1074,548,526,54,43,11,28,13,15,8,5,3,473,231,242,20,13,7,18,7,11,3,2,1,470,234,236
344,District-Paschim Medinipur,Urban,12,1557,863,694,124,106,18,57,33,24,13,9,4,758,380,378,52,30,22,32,20,12,8,1,7,513,284,229
344,District-Paschim Medinipur,Urban,13,1513,737,776,148,119,29,70,30,40,13,6,7,818,359,459,37,14,23,30,14,16,3,3,0,394,192,202
344,District-Paschim Medinipur,Urban,14,2121,1094,1027,259,208,51,137,87,50,24,18,6,1093,501,592,65,40,25,45,28,17,15,3,12,483,209,274
344,District-Paschim Medinipur,Urban,15,3049,1606,1443,501,392,109,212,146,66,57,37,20,1497,654,843,133,74,59,75,39,36,8,2,6,566,262,304
344,District-Paschim Medinipur,Urban,16,3813,1992,1821,641,545,96,323,223,100,69,52,17,1924,757,1167,148,101,47,97,56,41,17,10,7,594,248,346
344,District-Paschim Medinipur,Urban,17,4349,2229,2120,869,754,115,374,247,127,84,63,21,2242,818,1424,167,105,62,97,48,49,10,6,4,506,188,318
344,District-Paschim Medinipur,Urban,18,7384,3449,3935,1501,1326,175,578,382,196,101,61,40,3912,1124,2788,339,222,117,157,94,63,16,7,9,780,233,547
344,District-Paschim Medinipur,Urban,19,6596,2835,3761,1284,1134,150,527,335,192,105,67,38,3684,925,2759,211,143,68,138,67,71,24,11,13,623,153,470
345,District-Purba Medinipur,Total,5-19,433727,224815,208912,48537,43030,5507,44705,32776,11929,20201,14500,5701,169800,57281,112519,3484,2594,890,3210,1996,1214,1428,898,530,142362,71740,70622
345,District-Purba Medinipur,Total,5,66912,34622,32290,28,23,5,15,9,6,7,4,3,763,394,369,173,98,75,125,70,55,27,15,12,65774,34009,31765
345,District-Purba Medinipur,Total,6,44151,22865,21286,34,25,9,18,13,5,4,2,2,1079,513,566,123,62,61,85,50,35,9,4,5,42799,22196,20603
345,District-Purba Medinipur,Total,7,9332,4761,4571,31,24,7,22,12,10,8,6,2,931,444,487,42,24,18,26,15,11,6,3,3,8266,4233,4033
345,District-Purba Medinipur,Total,8,4333,2237,2096,51,41,10,31,20,11,8,4,4,984,503,481,18,9,9,19,7,12,3,1,2,3219,1652,1567
345,District-Purba Medinipur,Total,9,3154,1636,1518,44,34,10,42,25,17,5,2,3,1001,477,524,17,10,7,17,11,6,5,3,2,2023,1074,949
345,District-Purba Medinipur,Total,10,5302,2905,2397,102,77,25,70,46,24,37,28,9,1663,899,764,26,17,9,44,30,14,12,6,6,3348,1802,1546
345,District-Purba Medinipur,Total,11,4697,2578,2119,287,237,50,238,162,76,115,74,41,2300,1144,1156,53,42,11,56,34,22,26,13,13,1622,872,750
345,District-Purba Medinipur,Total,12,8091,4735,3356,700,589,111,540,394,146,258,182,76,4566,2462,2104,100,71,29,80,42,38,51,33,18,1796,962,834
345,District-Purba Medinipur,Total,13,9978,5846,4132,933,770,163,827,597,230,450,350,100,5995,3171,2824,116,89,27,122,74,48,58,39,19,1477,756,721
345,District-Purba Medinipur,Total,14,16589,9676,6913,1745,1449,296,1773,1334,439,890,650,240,10027,5084,4943,217,148,69,169,113,56,92,65,27,1676,833,843
345,District-Purba Medinipur,Total,15,26091,15326,10765,3530,3082,448,3219,2452,767,1750,1335,415,14806,7035,7771,327,250,77,316,205,111,178,125,53,1965,842,1123
345,District-Purba Medinipur,Total,16,35900,20483,15417,5357,4747,610,5257,4042,1215,2612,1979,633,19860,8295,11565,415,312,103,391,260,131,183,116,67,1825,732,1093
345,District-Purba Medinipur,Total,17,46023,25847,20176,7955,7136,819,7482,5791,1691,3535,2721,814,24275,8853,15422,459,370,89,425,274,151,192,130,62,1700,572,1128
345,District-Purba Medinipur,Total,18,79677,38841,40836,14367,12910,1457,13077,9487,3590,5616,3950,1666,42142,10520,31622,769,597,172,717,453,264,330,198,132,2659,726,1933
345,District-Purba Medinipur,Total,19,73497,32457,41040,13373,11886,1487,12094,8392,3702,4906,3213,1693,39408,7487,31921,629,495,134,618,358,260,256,147,109,2213,479,1734
345,District-Purba Medinipur,Rural,5-19,388331,201754,186577,43153,38391,4762,42123,30815,11308,19449,13854,5595,150633,50497,100136,2889,2182,707,2873,1776,1097,1353,844,509,125858,63395,62463
345,District-Purba Medinipur,Rural,5,59484,30782,28702,24,19,5,14,8,6,6,3,3,698,366,332,141,81,60,109,62,47,26,15,11,58466,30228,28238
345,District-Purba Medinipur,Rural,6,39138,20272,18866,30,22,8,15,11,4,4,2,2,974,462,512,106,53,53,76,46,30,9,4,5,37924,19672,18252
345,District-Purba Medinipur,Rural,7,8283,4208,4075,23,17,6,20,10,10,8,6,2,808,397,411,36,20,16,26,15,11,6,3,3,7356,3740,3616
345,District-Purba Medinipur,Rural,8,3824,1989,1835,43,35,8,29,19,10,8,4,4,864,448,416,14,7,7,17,7,10,3,1,2,2846,1468,1378
345,District-Purba Medinipur,Rural,9,2718,1417,1301,34,28,6,37,23,14,5,2,3,856,409,447,13,8,5,15,10,5,5,3,2,1753,934,819
345,District-Purba Medinipur,Rural,10,4632,2558,2074,81,65,16,60,41,19,34,26,8,1449,793,656,23,15,8,36,24,12,12,6,6,2937,1588,1349
345,District-Purba Medinipur,Rural,11,4073,2241,1832,237,200,37,215,147,68,112,71,41,2007,1004,1003,44,36,8,44,26,18,26,13,13,1388,744,644
345,District-Purba Medinipur,Rural,12,7104,4169,2935,603,520,83,492,362,130,246,174,72,4017,2163,1854,80,61,19,68,34,34,48,33,15,1550,822,728
345,District-Purba Medinipur,Rural,13,8820,5172,3648,786,662,124,771,560,211,433,333,100,5308,2802,2506,88,70,18,106,63,43,53,36,17,1275,646,629
345,District-Purba Medinipur,Rural,14,14767,8631,6136,1499,1272,227,1636,1238,398,845,612,233,8938,4511,4427,171,126,45,157,103,54,85,60,25,1436,709,727
345,District-Purba Medinipur,Rural,15,23364,13834,9530,3071,2721,350,3001,2285,716,1685,1282,403,13186,6313,6873,272,217,55,287,193,94,171,121,50,1691,702,989
345,District-Purba Medinipur,Rural,16,32328,18508,13820,4736,4245,491,4953,3817,1136,2501,1889,612,17682,7330,10352,343,259,84,350,234,116,172,108,64,1591,626,965
345,District-Purba Medinipur,Rural,17,41554,23457,18097,7108,6373,735,7091,5474,1617,3406,2611,795,21536,7835,13701,385,311,74,381,243,138,180,119,61,1467,491,976
345,District-Purba Medinipur,Rural,18,71887,35135,36752,12918,11589,1329,12358,8934,3424,5403,3759,1644,37325,9151,28174,644,501,143,638,394,244,311,182,129,2290,625,1665
345,District-Purba Medinipur,Rural,19,66355,29381,36974,11960,10623,1337,11431,7886,3545,4753,3080,1673,34985,6513,28472,529,417,112,563,322,241,246,140,106,1888,400,1488
345,District-Purba Medinipur,Urban,5-19,45396,23061,22335,5384,4639,745,2582,1961,621,752,646,106,19167,6784,12383,595,412,183,337,220,117,75,54,21,16504,8345,8159
345,District-Purba Medinipur,Urban,5,7428,3840,3588,4,4,0,1,1,0,1,1,0,65,28,37,32,17,15,16,8,8,1,0,1,7308,3781,3527
345,District-Purba Medinipur,Urban,6,5013,2593,2420,4,3,1,3,2,1,0,0,0,105,51,54,17,9,8,9,4,5,0,0,0,4875,2524,2351
345,District-Purba Medinipur,Urban,7,1049,553,496,8,7,1,2,2,0,0,0,0,123,47,76,6,4,2,0,0,0,0,0,0,910,493,417
345,District-Purba Medinipur,Urban,8,509,248,261,8,6,2,2,1,1,0,0,0,120,55,65,4,2,2,2,0,2,0,0,0,373,184,189
345,District-Purba Medinipur,Urban,9,436,219,217,10,6,4,5,2,3,0,0,0,145,68,77,4,2,2,2,1,1,0,0,0,270,140,130
345,District-Purba Medinipur,Urban,10,670,347,323,21,12,9,10,5,5,3,2,1,214,106,108,3,2,1,8,6,2,0,0,0,411,214,197
345,District-Purba Medinipur,Urban,11,624,337,287,50,37,13,23,15,8,3,3,0,293,140,153,9,6,3,12,8,4,0,0,0,234,128,106
345,District-Purba Medinipur,Urban,12,987,566,421,97,69,28,48,32,16,12,8,4,549,299,250,20,10,10,12,8,4,3,0,3,246,140,106
345,District-Purba Medinipur,Urban,13,1158,674,484,147,108,39,56,37,19,17,17,0,687,369,318,28,19,9,16,11,5,5,3,2,202,110,92
345,District-Purba Medinipur,Urban,14,1822,1045,777,246,177,69,137,96,41,45,38,7,1089,573,516,46,22,24,12,10,2,7,5,2,240,124,116
345,District-Purba Medinipur,Urban,15,2727,1492,1235,459,361,98,218,167,51,65,53,12,1620,722,898,55,33,22,29,12,17,7,4,3,274,140,134
345,District-Purba Medinipur,Urban,16,3572,1975,1597,621,502,119,304,225,79,111,90,21,2178,965,1213,72,53,19,41,26,15,11,8,3,234,106,128
345,District-Purba Medinipur,Urban,17,4469,2390,2079,847,763,84,391,317,74,129,110,19,2739,1018,1721,74,59,15,44,31,13,12,11,1,233,81,152
345,District-Purba Medinipur,Urban,18,7790,3706,4084,1449,1321,128,719,553,166,213,191,22,4817,1369,3448,125,96,29,79,59,20,19,16,3,369,101,268
345,District-Purba Medinipur,Urban,19,7142,3076,4066,1413,1263,150,663,506,157,153,133,20,4423,974,3449,100,78,22,55,36,19,10,7,3,325,79,246
